8121 18095 2414131 1 660
8117 18094 2414141 1 661
8115 18096 2414151 1 662
8109 18093 2414161 1 664
8108 18099 2414171 1 667
8108 18105 2414181 1 668
8107 18123 2414191 1 674
8107 18133 2414201 1 676
8106 18156 2414211 1 682
8105 18167 2414221 1 683
8104 18178 2414231 1 686
8104 18188 2414241 1 687
8104 18204 2414251 1 689
8104 18209 2414261 1 689
8105 18213 2414271 1 689
8105 18214 2414281 1 687
8106 18214 2414291 1 680
8106 18212 2414301 1 676
8109 18207 2414311 1 667
8110 18205 2414321 1 662
8110 18204 2414331 1 657
8111 18204 2414341 1 652
8112 18205 2414351 1 648
8114 18206 2414361 1 643
8120 18208 2414371 1 634
8123 18209 2414381 1 632
8125 18208 2414391 1 633
8128 18206 2414401 1 634
8130 18202 2414411 1 637
8131 18197 2414421 1 639
8131 18190 2414431 1 646
8126 18176 2414441 1 662
8117 18163 2414451 1 687
8110 18158 2414461 1 703
8102 18156 2414471 1 720
8094 18156 2414481 1 740
8086 18158 2414491 1 762
8072 18173 2414501 1 806
8066 18182 2414511 1 827
8061 18192 2414521 1 844
8058 18212 2414531 1 868
8059 18221 2414541 1 873
8061 18229 2414551 1 871
8060 18246 2414561 1 847
8064 18249 2414571 1 821
8067 18251 2414581 1 785
8070 18252 2414591 1 739
8071 18252 2414601 1 680
8067 18254 2414611 1 538
8065 18251 2414621 1 374
8061 18253 2414631 1 288
8057 18256 2414641 1 203
8053 18259 2414651 1 122
8051 18262 2414661 1 43
8051 18265 2414671 0 0
8054 18268 2414681 0 0
8072 18269 2414691 0 0
8082 18270 2414701 0 0
8094 18269 2414711 0 0
8106 18268 2414721 0 0
8119 18266 2414731 0 0
8132 18264 2414741 0 0
8149 18264 2414751 0 0
8160 18261 2414761 0 0
8176 18254 2414771 0 0
8181 18250 2414781 0 0
8184 18246 2414791 0 0
8184 18243 2414801 0 0
8183 18242 2414811 0 0
8179 18239 2414821 0 0
8173 18236 2414831 1 54
8165 18234 2414841 1 127
8148 18233 2414851 1 282
8140 18233 2414861 1 362
8131 18227 2414871 1 519
8124 18227 2414881 1 593
8119 18227 2414891 1 662
8115 18227 2414901 1 725
8113 18225 2414911 1 781
8112 18223 2414921 1 826
8112 18210 2414931 1 894
8115 18205 2414941 1 888
8118 18199 2414951 1 870
8121 18192 2414961 1 853
8125 18186 2414971 1 834
8128 18180 2414981 1 818
8132 18175 2414991 1 803
8134 18172 2415001 1 780
8139 18171 2415011 1 766
8140 18174 2415021 1 762
8141 18178 2415031 1 761
8141 18184 2415041 1 761
8141 18190 2415051 1 762
8141 18201 2415061 1 767
8140 18209 2415071 1 771
8138 18216 2415081 1 776
8135 18227 2415091 1 784
8133 18231 2415101 1 790
8130 18233 2415111 1 794
8127 18234 2415121 1 801
8124 18233 2415131 1 805
8121 18230 2415141 1 806
8118 18226 2415151 1 807
8115 18222 2415161 1 808
8109 18214 2415171 1 808
8105 18210 2415181 1 810
8103 18209 2415191 1 811
8101 18208 2415201 1 812
8099 18208 2415211 1 814
8098 18209 2415221 1 815
8096 18211 2415231 1 817
8096 18213 2415241 1 817
8094 18217 2415251 1 815
8094 18219 2415261 1 813
8094 18221 2415271 1 810
8095 18223 2415281 1 808
8096 18224 2415291 1 805
8097 18225 2415301 1 803
8099 18225 2415311 1 807
8101 18226 2415321 1 812
8106 18229 2415331 1 833
8108 18231 2415341 1 846
8109 18232 2415351 1 862
8111 18233 2415361 1 875
8113 18237 2415371 1 895
8114 18238 2415381 1 897
8115 18239 2415391 1 893
8116 18239 2415401 1 881
8119 18237 2415411 1 827
8121 18236 2415421 1 783
8124 18233 2415431 1 666
8127 18230 2415441 1 597
8131 18227 2415451 1 523
8136 18224 2415461 1 448
8140 18220 2415471 1 371
8144 18217 2415481 1 295
8153 18205 2415491 1 93
8156 18202 2415501 1 41
8158 18199 2415511 0 0
8160 18198 2415521 0 0
8161 18196 2415531 0 0
8161 18195 2415541 0 0
8161 18195 2415551 0 0
8164 18195 2415561 0 0
8164 18196 2415571 0 0
8164 18196 2415581 0 0
8165 18196 2415591 0 0
8165 18196 2415601 0 0
8166 18195 2415611 0 0
8170 18195 2415621 1 12
8171 18194 2415631 1 35
8171 18192 2415641 1 65
8173 18190 2415651 1 142
8173 18190 2415661 1 189
8174 18190 2415671 1 240
8175 18191 2415681 1 348
8175 18193 2415691 1 403
8175 18195 2415701 1 459
8175 18199 2415711 1 513
8176 18202 2415721 1 565
8177 18207 2415731 1 660
8176 18210 2415741 1 734
8177 18211 2415751 1 762
8178 18210 2415761 1 780
8180 18209 2415771 1 790
8181 18207 2415781 1 792
8183 18205 2415791 1 794
8185 18203 2415801 1 798
8183 18199 2415811 1 813
8182 18198 2415821 1 819
8181 18199 2415831 1 826
8179 18201 2415841 1 833
8175 18204 2415851 1 840
8172 18208 2415861 1 848
8167 18217 2415871 1 864
8163 18223 2415881 1 873
8157 18235 2415891 1 887
8155 18239 2415901 1 894
8154 18243 2415911 1 901
8153 18245 2415921 1 908
8156 18245 2415931 1 917
8157 18243 2415941 1 921
8158 18240 2415951 1 924
8160 18236 2415961 1 927
8164 18225 2415971 1 931
8166 18219 2415981 1 933
8171 18212 2415991 1 934
8172 18207 2416001 1 935
8173 18204 2416011 1 937
8174 18202 2416021 1 939
8175 18202 2416031 1 941
8176 18202 2416041 1 944
8181 18210 2416051 1 953
8183 18215 2416061 1 957
8185 18221 2416071 1 962
8188 18227 2416081 1 965
8192 18234 2416091 1 969
8195 18241 2416101 1 972
8199 18247 2416111 1 975
8200 18255 2416121 1 978
8205 18264 2416131 1 981
8206 18267 2416141 1 980
8206 18269 2416151 1 978
8205 18269 2416161 1 975
8203 18267 2416171 1 971
8198 18264 2416181 1 961
8196 18260 2416191 1 956
8192 18255 2416201 1 953
8187 18243 2416211 1 950
8186 18237 2416221 1 953
8186 18231 2416231 1 959
8187 18224 2416241 1 982
8189 18219 2416251 1 1001
8192 18215 2416261 1 1024
8195 18212 2416271 1 1024
8198 18210 2416281 1 1024
8204 18210 2416291 1 1024
8207 18214 2416301 1 1024
8208 18216 2416311 1 1024
8208 18219 2416321 1 1021
8206 18221 2416331 1 946
8205 18223 2416341 1 850
8202 18224 2416351 1 739
8200 18225 2416361 1 616
8200 18216 2416371 1 222
8200 18212 2416381 1 99
8202 18207 2416391 0 0
8204 18201 2416401 0 0
8208 18194 2416411 0 0
8213 18188 2416421 0 0
8218 18181 2416431 0 0
8222 18177 2416441 0 0
8228 18173 2416451 0 0
8228 18173 2416461 0 0
8226 18175 2416471 0 0
8222 18178 2416481 0 0
8217 18185 2416491 0 0
8210 18189 2416501 0 0
8203 18193 2416511 0 0
8196 18196 2416521 0 0
8185 18200 2416531 0 0
8182 18199 2416541 0 0
8182 18195 2416551 1 141
8183 18192 2416561 1 221
8185 18188 2416571 1 303
8189 18183 2416581 1 387
8194 18178 2416591 1 471
8199 18174 2416601 1 554
8213 18173 2416611 1 777
8217 18174 2416621 1 838
8221 18177 2416631 1 891
8224 18183 2416641 1 932
8226 18191 2416651 1 961
8228 18200 2416661 1 978
8230 18210 2416671 1 983
8233 18226 2416681 1 999
8238 18247 2416691 1 1024
8241 18256 2416701 1 1024
8245 18262 2416711 1 1024
8249 18267 2416721 1 1024
8253 18270 2416731 1 1024
8256 18270 2416741 1 1024
8259 18268 2416751 1 1024
8262 18265 2416761 1 1024
8266 18256 2416771 1 1024
8267 18251 2416781 1 1024
8267 18247 2416791 1 1024
8265 18241 2416801 1 1024
8264 18238 2416811 1 1024
8263 18236 2416821 1 1024
8263 18235 2416831 1 1024
8262 18235 2416841 1 1024
8261 18235 2416851 1 1024
8260 18233 2416861 1 1024
8259 18234 2416871 1 1024
8258 18235 2416881 1 1024
8256 18236 2416891 1 1024
8254 18237 2416901 1 1024
8252 18237 2416911 1 1024
8250 18236 2416921 1 1024
8247 18231 2416931 1 1024
8246 18229 2416941 1 1024
8244 18226 2416951 1 1024
8244 18222 2416961 1 1024
8243 18219 2416971 1 1024
8244 18215 2416981 1 971
8246 18213 2416991 1 799
8247 18211 2417001 1 701
8249 18207 2417011 1 477
