7789 17721 4349718 1 565
7788 17721 4349728 1 567
7788 17721 4349738 1 568
7786 17719 4349748 1 570
7787 17720 4349758 1 573
7788 17721 4349768 1 574
7789 17722 4349778 1 576
7791 17723 4349788 1 578
7794 17725 4349798 1 582
7797 17727 4349808 1 584
7799 17728 4349818 1 586
7802 17730 4349828 1 588
7805 17732 4349838 1 590
7808 17734 4349848 1 592
7811 17736 4349858 1 593
7813 17739 4349868 1 596
7816 17742 4349878 1 598
7820 17747 4349888 1 601
7822 17750 4349898 1 603
7824 17754 4349908 1 605
7826 17757 4349918 1 607
7829 17763 4349928 1 610
7830 17766 4349938 1 613
7830 17768 4349948 1 614
7830 17770 4349958 1 616
7830 17772 4349968 1 619
7828 17773 4349978 1 622
7827 17773 4349988 1 624
7824 17772 4349998 1 625
7821 17771 4350008 1 627
7818 17769 4350018 1 628
7815 17767 4350028 1 631
7812 17765 4350038 1 633
7809 17762 4350048 1 634
7806 17758 4350058 1 637
7804 17755 4350068 1 640
7802 17752 4350078 1 642
7802 17749 4350088 1 643
7803 17747 4350098 1 645
7804 17744 4350108 1 646
7806 17742 4350118 1 649
7809 17740 4350128 1 650
7817 17737 4350138 1 655
7821 17737 4350148 1 657
7825 17737 4350158 1 659
7828 17737 4350168 1 661
7830 17738 4350178 1 662
7832 17738 4350188 1 664
7833 17739 4350198 1 665
7833 17740 4350208 1 667
7833 17741 4350218 1 669
7832 17742 4350228 1 672
7830 17743 4350238 1 674
7827 17743 4350248 1 675
7824 17743 4350258 1 677
7821 17743 4350268 1 679
7818 17742 4350278 1 681
7815 17741 4350288 1 682
7813 17739 4350298 1 684
7811 17738 4350308 1 685
7810 17733 4350318 1 688
7810 17731 4350328 1 691
7812 17728 4350338 1 692
7818 17723 4350348 1 695
7822 17721 4350358 1 697
7826 17718 4350368 1 698
7830 17715 4350378 1 700
7834 17713 4350388 1 702
7840 17710 4350398 1 705
7843 17708 4350408 1 706
7845 17707 4350418 1 707
7847 17707 4350428 1 709
7848 17707 4350438 1 710
7849 17707 4350448 1 711
7850 17709 4350458 1 712
7851 17711 4350468 1 714
7853 17714 4350478 1 716
7858 17718 4350488 1 718
7860 17722 4350498 1 719
7862 17725 4350508 1 720
7865 17728 4350518 1 722
7868 17731 4350528 1 723
7871 17734 4350538 1 724
7874 17736 4350548 1 726
7879 17738 4350558 1 729
7882 17738 4350568 1 731
7883 17738 4350578 1 732
7883 17737 4350588 1 734
7883 17736 4350598 1 735
7883 17735 4350608 1 736
7882 17735 4350618 1 738
7881 17734 4350628 1 739
7881 17734 4350638 1 742
7880 17734 4350648 1 743
7878 17735 4350658 1 746
7877 17735 4350668 1 748
7877 17736 4350678 1 750
7876 17737 4350688 1 751
7876 17737 4350698 1 753
7875 17738 4350708 1 755
7875 17738 4350718 1 758
7874 17738 4350728 1 760
7872 17738 4350738 1 762
7869 17737 4350748 1 766
7867 17736 4350758 1 768
7861 17732 4350768 1 771
7857 17730 4350778 1 773
7853 17727 4350788 1 775
7850 17725 4350798 1 776
7847 17722 4350808 1 779
7844 17720 4350818 1 780
7841 17717 4350828 1 782
7840 17715 4350838 1 783
7839 17714 4350848 1 783
7840 17713 4350858 1 784
7841 17713 4350868 1 784
7842 17713 4350878 1 784
7844 17714 4350888 1 783
7846 17715 4350898 1 782
7848 17716 4350908 1 781
7849 17718 4350918 1 779
7850 17720 4350928 1 777
7851 17722 4350938 1 776
7851 17724 4350948 1 774
7851 17726 4350958 1 771
7850 17728 4350968 1 770
7848 17731 4350978 1 766
7846 17732 4350988 1 764
7845 17734 4350998 1 761
7843 17734 4351008 1 760
7842 17735 4351018 1 759
7841 17735 4351028 1 758
7840 17735 4351038 1 757
7840 17735 4351048 1 756
7840 17735 4351058 1 756
7841 17735 4351068 1 756
7842 17734 4351078 1 757
7842 17734 4351088 1 759
7844 17734 4351098 1 761
7846 17734 4351108 1 764
7847 17734 4351118 1 766
7849 17735 4351128 1 770
7851 17736 4351138 1 773
7853 17737 4351148 1 778
7854 17738 4351158 1 782
7855 17740 4351168 1 788
7855 17742 4351178 1 801
7855 17745 4351188 1 817
7855 17746 4351198 1 826
7854 17747 4351208 1 836
7852 17748 4351218 1 846
7850 17747 4351228 1 857
7848 17747 4351238 1 868
7847 17745 4351248 1 879
7845 17743 4351258 1 899
7844 17740 4351268 1 909
7843 17738 4351278 1 917
7843 17735 4351288 1 926
7843 17732 4351298 1 932
7843 17729 4351308 1 938
7844 17727 4351318 1 941
7845 17725 4351328 1 943
7846 17723 4351338 1 943
7848 17722 4351348 1 935
7849 17721 4351358 1 928
7850 17721 4351368 1 919
7850 17722 4351378 1 906
7851 17722 4351388 1 891
7854 17723 4351398 1 849
7855 17723 4351408 1 824
7856 17723 4351418 1 795
7859 17723 4351428 1 730
7861 17723 4351438 1 694
7863 17722 4351448 1 655
7865 17722 4351458 1 616
7868 17722 4351468 1 575
7870 17722 4351478 1 533
7873 17722 4351488 1 490
7875 17722 4351498 1 448
7877 17723 4351508 1 405
7880 17725 4351518 1 321
7882 17726 4351528 1 281
7884 17728 4351538 1 241
7885 17730 4351548 1 203
7887 17732 4351558 1 167
7888 17735 4351568 1 134
7889 17737 4351578 1 102
7890 17739 4351588 1 73
7891 17740 4351598 1 47
7892 17743 4351608 0 0
7892 17743 4351618 0 0
7892 17743 4351628 0 0
7891 17741 4351638 0 0
7890 17740 4351648 0 0
7888 17737 4351658 0 0
7887 17735 4351668 0 0
7886 17732 4351678 0 0
7885 17729 4351688 1 36
7884 17725 4351698 1 68
7884 17722 4351708 1 104
7883 17720 4351718 1 145
7883 17718 4351728 1 190
7883 17716 4351738 1 238
7883 17715 4351748 1 288
7883 17715 4351758 1 341
7883 17715 4351768 1 396
7882 17714 4351778 1 507
7880 17715 4351788 1 563
7878 17715 4351798 1 618
7876 17715 4351808 1 672
7870 17716 4351818 1 774
7866 17716 4351828 1 822
7863 17716 4351838 1 865
7861 17716 4351848 1 905
7859 17716 4351858 1 971
7858 17717 4351868 1 997
7858 17718 4351878 1 1019
7859 17719 4351888 1 1024
7862 17721 4351898 1 1024
7865 17723 4351908 1 1024
7868 17725 4351918 1 1024
7872 17728 4351928 1 1024
7877 17730 4351938 1 1024
7881 17733 4351948 1 1024
7884 17735 4351958 1 1024
7887 17737 4351968 1 1024
7889 17738 4351978 1 1024
7890 17739 4351988 1 1024
7890 17739 4351998 1 1024
7889 17740 4352008 1 1024
7887 17740 4352018 1 1016
7883 17742 4352028 1 976
7880 17743 4352038 1 963
7878 17743 4352048 1 951
7876 17744 4352058 1 938
7874 17744 4352068 1 927
7873 17745 4352078 1 917
7873 17745 4352088 1 909
7873 17745 4352098 1 900
7874 17745 4352108 1 893
7876 17744 4352118 1 880
7877 17743 4352128 1 875
7879 17742 4352138 1 871
7880 17741 4352148 1 868
7882 17740 4352158 1 865
7883 17738 4352168 1 863
7884 17737 4352178 1 862
7884 17735 4352188 1 861
7884 17734 4352198 1 861
7885 17732 4352208 1 863
7884 17730 4352218 1 864
7884 17729 4352228 1 866
7884 17728 4352238 1 873
7884 17728 4352248 1 876
7884 17728 4352258 1 880
7885 17728 4352268 1 884
7886 17727 4352278 1 889
7888 17727 4352288 1 899
7889 17726 4352298 1 904
7890 17725 4352308 1 910
7891 17724 4352318 1 916
7892 17723 4352328 1 922
7892 17721 4352338 1 928
7891 17720 4352348 1 934
7890 17719 4352358 1 941
7888 17718 4352368 1 948
7886 17717 4352378 1 960
7883 17717 4352388 1 967
7880 17718 4352398 1 973
7878 17719 4352408 1 979
7875 17720 4352418 1 986
7873 17722 4352428 1 991
7872 17724 4352438 1 997
7872 17727 4352448 1 1008
7874 17729 4352458 1 1016
7876 17730 4352468 1 1021
7878 17731 4352478 1 1024
7881 17730 4352488 1 1024
7884 17730 4352498 1 1024
7886 17728 4352508 1 1024
7889 17726 4352518 1 1024
7891 17725 4352528 1 1024
7892 17723 4352538 1 1024
7893 17722 4352548 1 1024
7893 17721 4352558 1 1024
7893 17720 4352568 1 1024
7892 17721 4352578 1 1024
7891 17723 4352588 1 1024
7890 17725 4352598 1 1024
7889 17728 4352608 1 1024
7889 17732 4352618 1 1024
7888 17736 4352628 1 1024
7889 17741 4352638 1 1024
7889 17746 4352648 1 1024
7892 17753 4352658 1 1024
7894 17756 4352668 1 1024
7896 17757 4352678 1 1024
7898 17758 4352688 1 1024
7899 17757 4352698 1 1024
7900 17755 4352708 1 1024
7901 17754 4352718 1 1024
7901 17751 4352728 1 1024
7900 17748 4352738 1 1024
7898 17745 4352748 1 1024
7897 17742 4352758 1 1024
7894 17739 4352768 1 1024
7891 17737 4352778 1 1024
7888 17736 4352788 1 1024
7885 17735 4352798 1 1024
7882 17733 4352808 1 1024
7879 17732 4352818 1 1024
7876 17732 4352828 1 1024
7874 17731 4352838 1 1024
7873 17729 4352848 1 1024
7872 17728 4352858 1 1024
7873 17725 4352868 1 1024
7874 17724 4352878 1 1024
7877 17722 4352888 1 1024
7879 17721 4352898 1 1024
7882 17720 4352908 1 1024
7882 17720 4352918 1 1024
7879 17720 4352928 1 1024
7874 17721 4352938 1 1024
7866 17722 4352948 1 1024
7857 17724 4352958 1 1024
7845 17725 4352968 1 1024
7818 17727 4352978 1 1024
7803 17729 4352988 1 1024
7790 17730 4352998 1 1024
7779 17731 4353008 1 1024
7770 17730 4353018 1 1024
7763 17728 4353028 1 1024
7758 17724 4353038 1 1024
7755 17718 4353048 1 1024
7754 17712 4353058 1 1024
7757 17700 4353068 1 1024
7765 17685 4353078 1 1024
7771 17678 4353088 1 1024
7778 17673 4353098 1 1024
7785 17669 4353108 1 1024
7793 17666 4353118 1 1024
7802 17664 4353128 1 1024
7811 17664 4353138 1 1024
7829 17667 4353148 1 1024
7837 17669 4353158 1 1024
7846 17673 4353168 1 1024
7854 17677 4353178 1 1024
7862 17682 4353188 1 1024
7869 17687 4353198 1 1024
7875 17692 4353208 1 1024
7881 17698 4353218 1 1024
7885 17704 4353228 1 1024
7889 17715 4353238 1 1024
7890 17722 4353248 1 1024
7889 17728 4353258 1 1024
7887 17734 4353268 1 1024
7883 17740 4353278 1 1024
7869 17752 4353288 1 1024
7861 17756 4353298 1 1024
7851 17761 4353308 1 1024
7831 17765 4353318 1 1024
7820 17766 4353328 1 1024
7809 17766 4353338 1 1024
7798 17764 4353348 1 1024
7788 17762 4353358 1 1024
7780 17758 4353368 1 1024
7773 17753 4353378 1 1024
7767 17748 4353388 1 1024
7762 17742 4353398 1 1024
7755 17732 4353408 1 1024
7755 17727 4353418 1 1024
7756 17721 4353428 1 1024
7758 17717 4353438 1 1024
7762 17713 4353448 1 1024
7767 17710 4353458 1 1024
7774 17707 4353468 1 1024
7783 17705 4353478 1 1024
7794 17704 4353488 1 1024
7838 17698 4353498 1 1024
7856 17697 4353508 1 1024
7879 17697 4353518 1 1024
7906 17697 4353528 1 1024
