7606 17700 7739601 1 616
7601 17694 7739611 1 616
7598 17690 7739621 1 618
7597 17689 7739631 1 619
7597 17689 7739641 1 620
7595 17687 7739651 1 622
7596 17688 7739661 1 623
7597 17689 7739671 1 624
7599 17690 7739681 1 625
7601 17692 7739691 1 627
7604 17695 7739701 1 629
7607 17697 7739711 1 631
7610 17698 7739721 1 633
7614 17700 7739731 1 633
7618 17702 7739741 1 635
7621 17704 7739751 1 636
7625 17706 7739761 1 637
7628 17708 7739771 1 639
7630 17710 7739781 1 640
7634 17716 7739791 1 643
7636 17718 7739801 1 644
7637 17721 7739811 1 645
7637 17723 7739821 1 647
7637 17726 7739831 1 648
7636 17730 7739841 1 649
7635 17733 7739851 1 651
7633 17737 7739861 1 651
7631 17742 7739871 1 653
7629 17747 7739881 1 655
7627 17751 7739891 1 657
7624 17754 7739901 1 659
7623 17756 7739911 1 659
7622 17757 7739921 1 659
7619 17758 7739931 1 661
7617 17759 7739941 1 662
7615 17758 7739951 1 663
7614 17756 7739961 1 665
7613 17753 7739971 1 666
7613 17746 7739981 1 668
7614 17741 7739991 1 670
7616 17735 7740001 1 672
7618 17728 7740011 1 672
7622 17722 7740021 1 674
7626 17717 7740031 1 675
7630 17713 7740041 1 676
7634 17710 7740051 1 677
7638 17708 7740061 1 679
7642 17706 7740071 1 681
7645 17707 7740081 1 683
7646 17709 7740091 1 684
7647 17711 7740101 1 686
7647 17714 7740111 1 686
7647 17716 7740121 1 688
7645 17719 7740131 1 689
7644 17721 7740141 1 690
7642 17723 7740151 1 691
7640 17725 7740161 1 694
7637 17725 7740171 1 696
7635 17725 7740181 1 696
7633 17724 7740191 1 698
7631 17723 7740201 1 699
7629 17722 7740211 1 701
7628 17721 7740221 1 701
7628 17721 7740231 1 701
7627 17719 7740241 1 703
7626 17718 7740251 1 704
7624 17713 7740261 1 706
7624 17711 7740271 1 708
7624 17709 7740281 1 709
7624 17707 7740291 1 711
7624 17704 7740301 1 712
7625 17701 7740311 1 713
7625 17698 7740321 1 714
7627 17694 7740331 1 716
7628 17690 7740341 1 717
7631 17686 7740351 1 719
7634 17683 7740361 1 720
7636 17680 7740371 1 721
7639 17678 7740381 1 723
7642 17677 7740391 1 724
7646 17677 7740401 1 724
7650 17678 7740411 1 725
7654 17679 7740421 1 726
7658 17682 7740431 1 728
7666 17688 7740441 1 730
7669 17692 7740451 1 730
7673 17696 7740461 1 731
7676 17701 7740471 1 733
7679 17705 7740481 1 734
7682 17709 7740491 1 735
7684 17712 7740501 1 736
7685 17714 7740511 1 737
7686 17716 7740521 1 738
7687 17717 7740531 1 739
7687 17717 7740541 1 740
7686 17716 7740551 1 741
7684 17714 7740561 1 743
7682 17711 7740571 1 744
7679 17707 7740581 1 744
7676 17703 7740591 1 746
7673 17699 7740601 1 747
7670 17695 7740611 1 749
7668 17693 7740621 1 750
7666 17691 7740631 1 753
7665 17690 7740641 1 754
7665 17689 7740651 1 756
7666 17690 7740661 1 757
7667 17692 7740671 1 759
7668 17694 7740681 1 761
7670 17696 7740691 1 763
7671 17699 7740701 1 764
7672 17702 7740711 1 766
7671 17704 7740721 1 770
7671 17706 7740731 1 772
7670 17707 7740741 1 773
7669 17707 7740751 1 774
7667 17706 7740761 1 776
7665 17705 7740771 1 778
7662 17702 7740781 1 779
7660 17699 7740791 1 781
7657 17695 7740801 1 782
7654 17689 7740811 1 784
7651 17685 7740821 1 785
7649 17681 7740831 1 785
7648 17679 7740841 1 785
7648 17677 7740851 1 786
7646 17674 7740861 1 786
7645 17672 7740871 1 786
7644 17672 7740881 1 785
7643 17673 7740891 1 784
7643 17675 7740901 1 783
7643 17679 7740911 1 781
7644 17683 7740921 1 779
7644 17687 7740931 1 778
7645 17691 7740941 1 776
7646 17695 7740951 1 774
7647 17698 7740961 1 773
7647 17701 7740971 1 771
7648 17702 7740981 1 769
7648 17703 7740991 1 767
7649 17704 7741001 1 764
7649 17703 7741011 1 763
7649 17701 7741021 1 762
7648 17699 7741031 1 761
7648 17697 7741041 1 760
7648 17695 7741051 1 760
7647 17694 7741061 1 759
7647 17693 7741071 1 759
7646 17693 7741081 1 760
7645 17694 7741091 1 762
7644 17696 7741101 1 764
7643 17697 7741111 1 766
7641 17700 7741121 1 768
7640 17702 7741131 1 772
7639 17704 7741141 1 775
7638 17705 7741151 1 777
7637 17705 7741161 1 779
7636 17707 7741171 1 783
7635 17708 7741181 1 789
7633 17709 7741191 1 802
7633 17709 7741201 1 808
7632 17709 7741211 1 816
7632 17709 7741221 1 825
7632 17710 7741231 1 834
7632 17710 7741241 1 844
7633 17710 7741251 1 854
7634 17711 7741261 1 865
7635 17712 7741271 1 875
7637 17711 7741281 1 895
7639 17712 7741291 1 905
7642 17712 7741301 1 912
7644 17711 7741311 1 920
7647 17710 7741321 1 926
7650 17709 7741331 1 932
7653 17708 7741341 1 935
7655 17706 7741351 1 937
7658 17705 7741361 1 937
7661 17702 7741371 1 931
7662 17701 7741381 1 924
7663 17699 7741391 1 915
7663 17698 7741401 1 902
7662 17697 7741411 1 888
7661 17696 7741421 1 869
7659 17695 7741431 1 848
7657 17695 7741441 1 823
7656 17694 7741451 1 796
7655 17694 7741461 1 765
7656 17694 7741471 1 732
7655 17694 7741481 1 696
7654 17694 7741491 1 658
7655 17694 7741501 1 620
7656 17694 7741511 1 579
7658 17694 7741521 1 538
7660 17693 7741531 1 496
7662 17693 7741541 1 454
7664 17693 7741551 1 411
7668 17693 7741561 1 327
7670 17693 7741571 1 287
7672 17694 7741581 1 247
7673 17694 7741591 1 209
7675 17695 7741601 1 173
7676 17697 7741611 1 139
7677 17699 7741621 1 106
7678 17701 7741631 1 77
7679 17702 7741641 1 50
7680 17705 7741651 1 7
7681 17706 7741661 0 0
7682 17707 7741671 0 0
7683 17707 7741681 0 0
7683 17707 7741691 0 0
7684 17707 7741701 0 0
7685 17705 7741711 0 0
7686 17704 7741721 0 0
7686 17703 7741731 0 0
7687 17702 7741741 0 0
7687 17701 7741751 0 0
7687 17700 7741761 0 0
7687 17700 7741771 0 0
7686 17700 7741781 1 9
7686 17701 7741791 1 31
7685 17702 7741801 1 63
7684 17703 7741811 1 104
7682 17704 7741821 1 153
7681 17705 7741831 1 209
7679 17705 7741841 1 270
7678 17706 7741851 1 335
7677 17707 7741861 1 404
7676 17707 7741871 1 474
7676 17707 7741881 1 545
7676 17706 7741891 1 615
7676 17705 7741901 1 684
7677 17704 7741911 1 749
7677 17703 7741921 1 810
7677 17702 7741931 1 866
7678 17701 7741941 1 915
7678 17700 7741951 1 956
7678 17699 7741961 1 987
7678 17699 7741971 1 1009
7678 17700 7741981 1 1019
7678 17701 7741991 1 1018
7678 17703 7742001 1 1018
7679 17704 7742011 1 1018
7680 17708 7742021 1 1018
7682 17711 7742031 1 1018
7684 17713 7742041 1 1018
7686 17716 7742051 1 1017
7689 17718 7742061 1 1017
7692 17720 7742071 1 1017
7694 17720 7742081 1 1019
7695 17721 7742091 1 1017
7699 17721 7742101 1 1005
7702 17722 7742111 1 992
7705 17722 7742121 1 967
7707 17721 7742131 1 954
7708 17720 7742141 1 943
7709 17718 7742151 1 931
7710 17717 7742161 1 920
7709 17715 7742171 1 910
7709 17713 7742181 1 903
7707 17710 7742191 1 894
7705 17708 7742201 1 887
7703 17705 7742211 1 876
7699 17704 7742221 1 871
7696 17702 7742231 1 867
7692 17701 7742241 1 864
7687 17701 7742251 1 861
7683 17701 7742261 1 859
7679 17701 7742271 1 858
7676 17702 7742281 1 857
7673 17703 7742291 1 857
7672 17705 7742301 1 859
7671 17707 7742311 1 860
7672 17709 7742321 1 862
7674 17710 7742331 1 864
7676 17712 7742341 1 867
7680 17714 7742351 1 870
7683 17714 7742361 1 874
7687 17715 7742371 1 877
7690 17715 7742381 1 882
7692 17715 7742391 1 886
7693 17714 7742401 1 891
7696 17713 7742411 1 895
7697 17711 7742421 1 901
7698 17709 7742431 1 906
7698 17707 7742441 1 911
7696 17704 7742451 1 917
7695 17702 7742461 1 922
7692 17700 7742471 1 928
7690 17698 7742481 1 934
7686 17696 7742491 1 945
7683 17694 7742501 1 951
7680 17694 7742511 1 956
7678 17693 7742521 1 962
7676 17693 7742531 1 967
7674 17693 7742541 1 972
7673 17692 7742551 1 978
7672 17692 7742561 1 982
7672 17692 7742571 1 987
7673 17691 7742581 1 994
7674 17691 7742591 1 997
7676 17690 7742601 1 1001
7677 17689 7742611 1 1005
7679 17687 7742621 1 1007
7680 17686 7742631 1 1008
7681 17685 7742641 1 1008
7681 17684 7742651 1 1008
7681 17684 7742661 1 1008
7681 17686 7742671 1 1007
7679 17687 7742681 1 1007
7678 17690 7742691 1 1007
7677 17691 7742701 1 1007
7676 17693 7742711 1 1007
7675 17697 7742721 1 1007
7674 17701 7742731 1 1007
7674 17706 7742741 1 1006
7674 17710 7742751 1 1006
7675 17714 7742761 1 1006
7678 17717 7742771 1 1006
7681 17720 7742781 1 1006
7684 17722 7742791 1 1006
7688 17723 7742801 1 1005
7691 17723 7742811 1 1005
7694 17722 7742821 1 1005
7697 17721 7742831 1 1005
7699 17719 7742841 1 1005
7699 17718 7742851 1 1005
7699 17716 7742861 1 1004
7698 17715 7742871 1 1004
7696 17713 7742881 1 1004
7693 17711 7742891 1 1004
7691 17710 7742901 1 1004
7688 17708 7742911 1 1004
7685 17706 7742921 1 1003
7682 17704 7742931 1 1003
7680 17702 7742941 1 1003
7678 17700 7742951 1 1003
7677 17698 7742961 1 1003
7676 17697 7742971 1 1003
7676 17697 7742981 1 1002
7677 17697 7742991 1 1002
7677 17697 7743001 1 1002
7677 17698 7743011 1 1002
7678 17698 7743021 1 1002
7678 17700 7743031 1 1002
7679 17702 7743041 1 1002
7680 17704 7743051 1 1001
7681 17706 7743061 1 1001
7681 17709 7743071 1 1001
7679 17711 7743081 1 1001
7675 17713 7743091 1 1001
7669 17715 7743101 1 1001
7661 17716 7743111 1 1000
7652 17716 7743121 1 1000
7643 17717 7743131 1 1000
7619 17717 7743141 1 1000
7607 17716 7743151 1 1000
7599 17715 7743161 1 1000
7592 17713 7743171 1 999
7588 17709 7743181 1 999
7585 17704 7743191 1 999
7585 17698 7743201 1 999
7585 17690 7743211 1 999
7587 17682 7743221 1 999
7592 17666 7743231 1 998
7597 17657 7743241 1 998
7602 17647 7743251 1 998
7608 17640 7743261 1 998
7613 17634 7743271 1 998
7619 17631 7743281 1 998
7625 17629 7743291 1 997
7630 17629 7743301 1 997
7635 17630 7743311 1 997
7642 17633 7743321 1 997
7649 17636 7743331 1 997
7654 17642 7743341 1 997
7659 17649 7743351 1 997
7664 17657 7743361 1 996
7668 17665 7743371 1 996
7674 17674 7743381 1 996
7679 17683 7743391 1 996
7684 17692 7743401 1 996
7689 17700 7743411 1 996
7694 17714 7743421 1 995
7697 17720 7743431 1 995
7698 17726 7743441 1 995
7698 17732 7743451 1 995
7697 17736 7743461 1 995
7694 17739 7743471 1 995
7690 17742 7743481 1 994
7684 17743 7743491 1 994
7676 17744 7743501 1 994
7659 17744 7743511 1 994
7648 17741 7743521 1 994
7636 17736 7743531 1 994
7624 17731 7743541 1 993
7612 17724 7743551 1 993
7600 17718 7743561 1 993
7588 17711 7743571 1 993
7578 17704 7743581 1 993
7569 17697 7743591 1 993
7558 17686 7743601 1 992
7554 17681 7743611 1 992
7552 17678 7743621 1 992
7552 17675 7743631 1 992
7555 17674 7743641 1 992
7561 17673 7743651 1 992
7569 17672 7743661 1 991
7580 17672 7743671 1 991
7594 17672 7743681 1 991
7628 17669 7743691 1 991
7647 17668 7743701 1 991
7671 17667 7743711 1 991
7698 17666 7743721 1 990
7729 17666 7743731 1 990
