7604 18243 7289018 1 559
7598 18238 7289028 1 559
7595 18235 7289038 1 561
7594 18234 7289048 1 564
7594 18234 7289058 1 565
7591 18232 7289068 1 567
7592 18233 7289078 1 570
7593 18233 7289088 1 570
7593 18234 7289098 1 571
7594 18235 7289108 1 573
7594 18236 7289118 1 576
7596 18239 7289128 1 579
7597 18241 7289138 1 581
7597 18243 7289148 1 584
7597 18245 7289158 1 584
7598 18246 7289168 1 585
7598 18249 7289178 1 587
7599 18252 7289188 1 589
7601 18256 7289198 1 591
7603 18259 7289208 1 593
7606 18263 7289218 1 595
7608 18266 7289228 1 597
7611 18269 7289238 1 599
7615 18272 7289248 1 601
7619 18275 7289258 1 602
7623 18277 7289268 1 605
7626 18278 7289278 1 607
7630 18278 7289288 1 608
7632 18278 7289298 1 609
7633 18278 7289308 1 610
7635 18277 7289318 1 612
7637 18275 7289328 1 614
7637 18275 7289338 1 617
7637 18273 7289348 1 619
7636 18271 7289358 1 622
7635 18270 7289368 1 622
7634 18270 7289378 1 623
7632 18269 7289388 1 625
7629 18270 7289398 1 626
7626 18271 7289408 1 629
7623 18273 7289418 1 631
7620 18275 7289428 1 632
7619 18275 7289438 1 634
7618 18274 7289448 1 636
7616 18275 7289458 1 638
7615 18276 7289468 1 640
7615 18275 7289478 1 641
7616 18273 7289488 1 643
7618 18269 7289498 1 645
7619 18267 7289508 1 646
7620 18264 7289518 1 647
7623 18259 7289528 1 648
7626 18252 7289538 1 650
7631 18244 7289548 1 654
7634 18239 7289558 1 656
7636 18234 7289568 1 657
7637 18232 7289578 1 658
7637 18231 7289588 1 659
7638 18230 7289598 1 660
7638 18231 7289608 1 663
7637 18235 7289618 1 664
7636 18241 7289628 1 666
7634 18248 7289638 1 667
7633 18253 7289648 1 669
7633 18257 7289658 1 671
7632 18266 7289668 1 673
7632 18275 7289678 1 674
7632 18283 7289688 1 676
7634 18290 7289698 1 677
7635 18296 7289708 1 680
7636 18298 7289718 1 680
7637 18299 7289728 1 681
7639 18301 7289738 1 683
7641 18301 7289748 1 684
7640 18296 7289758 1 687
7641 18293 7289768 1 690
7640 18288 7289778 1 691
7639 18286 7289788 1 692
7638 18283 7289798 1 693
7636 18277 7289808 1 694
7633 18271 7289818 1 696
7630 18265 7289828 1 697
7626 18259 7289838 1 700
7623 18254 7289848 1 701
7623 18250 7289858 1 702
7623 18248 7289868 1 704
7622 18244 7289878 1 705
7621 18241 7289888 1 706
7622 18238 7289898 1 708
7624 18237 7289908 1 710
7628 18235 7289918 1 711
7630 18235 7289928 1 711
7633 18235 7289938 1 712
7639 18235 7289948 1 713
7646 18235 7289958 1 715
7657 18238 7289968 1 717
7664 18238 7289978 1 718
7670 18239 7289988 1 719
7673 18240 7289998 1 721
7676 18241 7290008 1 722
7681 18242 7290018 1 723
7685 18244 7290028 1 724
7688 18246 7290038 1 725
7690 18248 7290048 1 726
7691 18250 7290058 1 728
7692 18252 7290068 1 730
7693 18253 7290078 1 730
7693 18255 7290088 1 731
7692 18257 7290098 1 734
7691 18259 7290108 1 735
7691 18261 7290118 1 736
7690 18262 7290128 1 738
7690 18262 7290138 1 738
7690 18263 7290148 1 739
7689 18263 7290158 1 741
7689 18263 7290168 1 742
7688 18264 7290178 1 745
7688 18263 7290188 1 748
7688 18262 7290198 1 750
7687 18261 7290208 1 750
7687 18261 7290218 1 751
7687 18259 7290228 1 753
7686 18258 7290238 1 755
7686 18256 7290248 1 757
7685 18255 7290258 1 759
7685 18253 7290268 1 761
7684 18252 7290278 1 764
7683 18251 7290288 1 766
7683 18250 7290298 1 768
7682 18248 7290308 1 769
7682 18247 7290318 1 771
7681 18245 7290328 1 773
7680 18243 7290338 1 775
7679 18243 7290348 1 776
7679 18241 7290358 1 776
7677 18239 7290368 1 778
7675 18237 7290378 1 779
7671 18233 7290388 1 782
7668 18230 7290398 1 783
7665 18228 7290408 1 783
7664 18227 7290418 1 783
7662 18227 7290428 1 784
7659 18226 7290438 1 784
7656 18225 7290448 1 784
7654 18226 7290458 1 783
7652 18226 7290468 1 782
7651 18228 7290478 1 781
7650 18229 7290488 1 780
7650 18230 7290498 1 779
7650 18232 7290508 1 777
7651 18233 7290518 1 775
7652 18235 7290528 1 773
7654 18236 7290538 1 771
7656 18237 7290548 1 770
7657 18238 7290558 1 770
7658 18238 7290568 1 768
7660 18239 7290578 1 766
7662 18240 7290588 1 764
7663 18242 7290598 1 761
7665 18243 7290608 1 760
7666 18244 7290618 1 759
7666 18245 7290628 1 758
7667 18246 7290638 1 758
7667 18247 7290648 1 757
7668 18248 7290658 1 756
7668 18249 7290668 1 756
7668 18251 7290678 1 756
7668 18251 7290688 1 757
7668 18252 7290698 1 758
7667 18253 7290708 1 759
7667 18254 7290718 1 761
7666 18254 7290728 1 763
7664 18255 7290738 1 765
7663 18256 7290748 1 770
7661 18257 7290758 1 773
7661 18257 7290768 1 775
7660 18257 7290778 1 778
7658 18257 7290788 1 782
7656 18256 7290798 1 788
7654 18255 7290808 1 801
7653 18253 7290818 1 809
7652 18250 7290828 1 817
7651 18249 7290838 1 821
7651 18247 7290848 1 826
7651 18244 7290858 1 836
7651 18240 7290868 1 847
7652 18236 7290878 1 857
7654 18233 7290888 1 868
7656 18230 7290898 1 879
7658 18228 7290908 1 889
7659 18226 7290918 1 900
7662 18224 7290928 1 910
7665 18223 7290938 1 918
7668 18222 7290948 1 926
7671 18222 7290958 1 932
7674 18223 7290968 1 938
7675 18224 7290978 1 940
7676 18225 7290988 1 941
7677 18226 7290998 1 943
7678 18228 7291008 1 943
7680 18229 7291018 1 936
7680 18231 7291028 1 928
7680 18232 7291038 1 919
7680 18233 7291048 1 913
7680 18233 7291058 1 906
7678 18233 7291068 1 891
7677 18233 7291078 1 871
7676 18232 7291088 1 849
7674 18231 7291098 1 824
7672 18230 7291108 1 795
7672 18229 7291118 1 764
7672 18229 7291128 1 730
7671 18228 7291138 1 693
7671 18227 7291148 1 655
7671 18227 7291158 1 616
7673 18228 7291168 1 574
7674 18228 7291178 1 532
7676 18229 7291188 1 512
7677 18230 7291198 1 490
7680 18231 7291208 1 448
7683 18233 7291218 1 405
7687 18235 7291228 1 321
7689 18238 7291238 1 281
7692 18240 7291248 1 241
7693 18241 7291258 1 220
7694 18241 7291268 1 203
7696 18243 7291278 1 167
7697 18244 7291288 1 133
7698 18245 7291298 1 102
7698 18245 7291308 1 73
7698 18245 7291318 1 47
7698 18245 7291328 1 22
7698 18245 7291338 1 5
7697 18245 7291348 0 0
7696 18245 7291358 0 0
7695 18245 7291368 0 0
7693 18245 7291378 0 0
7692 18246 7291388 0 0
7691 18246 7291398 0 0
7690 18247 7291408 0 0
7689 18247 7291418 0 0
7688 18248 7291428 0 0
7688 18249 7291438 1 36
7688 18249 7291448 1 67
7690 18248 7291458 1 104
7691 18248 7291468 1 123
7692 18247 7291478 1 145
7695 18245 7291488 1 190
7698 18243 7291498 1 238
7702 18240 7291508 1 288
7706 18236 7291518 1 341
7710 18233 7291528 1 395
7712 18230 7291538 1 451
7713 18228 7291548 1 507
7716 18225 7291558 1 562
7718 18222 7291568 1 618
7718 18219 7291578 1 672
7718 18218 7291588 1 725
7716 18218 7291598 1 774
7715 18218 7291608 1 798
7713 18218 7291618 1 822
7709 18220 7291628 1 865
7704 18223 7291638 1 905
7699 18227 7291648 1 971
7694 18231 7291658 1 997
7690 18236 7291668 1 1020
7687 18239 7291678 1 1024
7686 18241 7291688 1 1024
7682 18247 7291698 1 1024
7679 18252 7291708 1 1024
7678 18258 7291718 1 1024
7677 18262 7291728 1 1024
7678 18266 7291738 1 1024
7678 18269 7291748 1 1024
7679 18271 7291758 1 1024
7681 18273 7291768 1 1024
7683 18275 7291778 1 1024
7686 18275 7291788 1 1024
7688 18274 7291798 1 1024
7691 18273 7291808 1 1024
7692 18272 7291818 1 1024
7693 18271 7291828 1 1024
7695 18269 7291838 1 1016
7697 18267 7291848 1 1003
7698 18266 7291858 1 977
7698 18264 7291868 1 963
7697 18263 7291878 1 951
7697 18262 7291888 1 945
7696 18261 7291898 1 939
7693 18260 7291908 1 928
7691 18259 7291918 1 918
7688 18258 7291928 1 909
7685 18257 7291938 1 900
7682 18256 7291948 1 893
7680 18255 7291958 1 887
7679 18254 7291968 1 881
7676 18253 7291978 1 876
7675 18252 7291988 1 872
7674 18252 7291998 1 868
7674 18252 7292008 1 865
7675 18253 7292018 1 863
7676 18254 7292028 1 863
7677 18254 7292038 1 862
7680 18256 7292048 1 861
7683 18258 7292058 1 861
7688 18260 7292068 1 864
7692 18263 7292078 1 865
7696 18265 7292088 1 867
7698 18266 7292098 1 868
7700 18267 7292108 1 870
7703 18269 7292118 1 873
7705 18270 7292128 1 876
7706 18271 7292138 1 880
7707 18270 7292148 1 885
7706 18270 7292158 1 890
7706 18269 7292168 1 895
7705 18268 7292178 1 899
7702 18266 7292188 1 904
7700 18263 7292198 1 911
7696 18259 7292208 1 917
7693 18255 7292218 1 922
7689 18251 7292228 1 929
7688 18248 7292238 1 932
7686 18246 7292248 1 935
7683 18242 7292258 1 941
7681 18238 7292268 1 949
7680 18234 7292278 1 961
7679 18232 7292288 1 968
7679 18230 7292298 1 974
7680 18229 7292308 1 977
7680 18229 7292318 1 980
7682 18228 7292328 1 987
7684 18228 7292338 1 992
7687 18229 7292348 1 998
7690 18229 7292358 1 1004
7692 18230 7292368 1 1009
7694 18231 7292378 1 1014
7695 18232 7292388 1 1018
7697 18233 7292398 1 1022
7699 18234 7292408 1 1024
7700 18234 7292418 1 1024
7701 18235 7292428 1 1024
7701 18235 7292438 1 1024
7700 18235 7292448 1 1024
7700 18235 7292458 1 1024
7698 18235 7292468 1 1024
7696 18235 7292478 1 1024
7695 18235 7292488 1 1024
7692 18236 7292498 1 1024
7691 18237 7292508 1 1024
7690 18238 7292518 1 1024
7690 18239 7292528 1 1024
7690 18241 7292538 1 1024
7691 18244 7292548 1 1024
7693 18248 7292558 1 1024
7696 18252 7292568 1 1024
7701 18256 7292578 1 1024
7703 18258 7292588 1 1024
7706 18260 7292598 1 1024
7712 18264 7292608 1 1024
7718 18266 7292618 1 1024
7723 18268 7292628 1 1024
7728 18268 7292638 1 1024
7732 18267 7292648 1 1024
7734 18267 7292658 1 1024
7735 18265 7292668 1 1024
7737 18262 7292678 1 1024
7739 18257 7292688 1 1024
7739 18253 7292698 1 1024
7739 18247 7292708 1 1024
7738 18241 7292718 1 1024
7737 18238 7292728 1 1024
7736 18235 7292738 1 1024
7734 18229 7292748 1 1024
7731 18225 7292758 1 1024
7728 18221 7292768 1 1024
7725 18219 7292778 1 1024
7721 18218 7292788 1 1024
7719 18218 7292798 1 1024
7717 18219 7292808 1 1024
7714 18220 7292818 1 1024
7710 18223 7292828 1 1024
7707 18226 7292838 1 1024
7705 18230 7292848 1 1024
7703 18233 7292858 1 1024
7702 18235 7292868 1 1024
7701 18236 7292878 1 1024
7701 18239 7292888 1 1024
7702 18241 7292898 1 1024
7704 18241 7292908 1 1024
7707 18241 7292918 1 1024
7710 18240 7292928 1 1024
7712 18240 7292938 1 1024
7711 18239 7292948 1 1024
7710 18237 7292958 1 1024
7705 18234 7292968 1 1024
7699 18232 7292978 1 1024
7689 18229 7292988 1 1024
7677 18227 7292998 1 1024
7663 18226 7293008 1 1024
7647 18225 7293018 1 1024
7629 18224 7293028 1 1024
7613 18223 7293038 1 1024
7598 18222 7293048 1 1024
7584 18221 7293058 1 1024
7573 18218 7293068 1 1024
7562 18215 7293078 1 1024
7554 18211 7293088 1 1024
7548 18207 7293098 1 1024
7548 18196 7293108 1 1024
7548 18191 7293118 1 1024
7550 18185 7293128 1 1024
7555 18181 7293138 1 1024
7562 18178 7293148 1 1024
7572 18176 7293158 1 1024
7585 18176 7293168 1 1024
7599 18176 7293178 1 1024
7615 18178 7293188 1 1024
7643 18182 7293198 1 1024
7661 18185 7293208 1 1024
7678 18190 7293218 1 1024
7694 18195 7293228 1 1024
7709 18201 7293238 1 1024
7721 18207 7293248 1 1024
7730 18214 7293258 1 1024
7736 18221 7293268 1 1024
7739 18228 7293278 1 1024
7740 18240 7293288 1 1024
7735 18247 7293298 1 1024
7727 18253 7293308 1 1024
7717 18259 7293318 1 1024
7706 18263 7293328 1 1024
7694 18267 7293338 1 1024
7681 18271 7293348 1 1024
7669 18273 7293358 1 1024
7658 18275 7293368 1 1024
7637 18277 7293378 1 1024
7627 18276 7293388 1 1024
7619 18275 7293398 1 1024
7611 18273 7293408 1 1024
7605 18271 7293418 1 1024
7599 18267 7293428 1 1024
7594 18263 7293438 1 1024
7589 18257 7293448 1 1024
7585 18251 7293458 1 1024
7576 18240 7293468 1 1024
7573 18233 7293478 1 1024
7571 18225 7293488 1 1024
7569 18217 7293498 1 1024
7568 18210 7293508 1 1024
7569 18203 7293518 1 1024
7572 18198 7293528 1 1024
7578 18193 7293538 1 1024
7587 18189 7293548 1 1024
7618 18183 7293558 1 1024
7633 18181 7293568 1 1024
7653 18180 7293578 1 1024
7679 18180 7293588 1 1024
7711 18182 7293598 1 1024
