8081 17617 2242338 1 620
8080 17616 2242348 1 622
8080 17616 2242358 1 622
8077 17614 2242368 1 624
8078 17615 2242378 1 625
8079 17616 2242388 1 626
8080 17617 2242398 1 628
8081 17618 2242408 1 629
8083 17621 2242418 1 632
8086 17624 2242428 1 635
8088 17625 2242438 1 635
8089 17627 2242448 1 637
8091 17628 2242458 1 638
8092 17631 2242468 1 639
8093 17633 2242478 1 641
8094 17636 2242488 1 642
8097 17643 2242498 1 645
8097 17646 2242508 1 646
8098 17654 2242518 1 648
8098 17658 2242528 1 650
8097 17661 2242538 1 651
8097 17664 2242548 1 652
8097 17666 2242558 1 653
8098 17667 2242568 1 655
8098 17669 2242578 1 657
8098 17669 2242588 1 659
8099 17668 2242598 1 660
8100 17665 2242608 1 663
8100 17664 2242618 1 663
8101 17664 2242628 1 665
8101 17663 2242638 1 666
8102 17663 2242648 1 667
8102 17661 2242658 1 670
8102 17662 2242668 1 671
8103 17663 2242678 1 673
8103 17664 2242688 1 674
8104 17664 2242698 1 676
8105 17664 2242708 1 678
8106 17663 2242718 1 678
8107 17662 2242728 1 680
8109 17660 2242738 1 683
8110 17658 2242748 1 684
8111 17657 2242758 1 685
8111 17656 2242768 1 687
8111 17655 2242778 1 687
8111 17654 2242788 1 690
8111 17653 2242798 1 691
8110 17653 2242808 1 692
8110 17653 2242818 1 695
8108 17652 2242828 1 696
8107 17650 2242838 1 697
8106 17648 2242848 1 699
8105 17646 2242858 1 700
8103 17643 2242868 1 701
8102 17636 2242878 1 704
8101 17633 2242888 1 705
8100 17626 2242898 1 707
8100 17623 2242908 1 709
8101 17621 2242918 1 710
8102 17619 2242928 1 711
8104 17617 2242938 1 712
8105 17615 2242948 1 714
8107 17613 2242958 1 715
8110 17610 2242968 1 717
8113 17608 2242978 1 720
8114 17606 2242988 1 721
8115 17605 2242998 1 722
8117 17605 2243008 1 723
8118 17604 2243018 1 724
8120 17603 2243028 1 725
8122 17603 2243038 1 726
8125 17603 2243048 1 727
8135 17605 2243058 1 730
8139 17606 2243068 1 731
8144 17607 2243078 1 732
8149 17609 2243088 1 734
8155 17610 2243098 1 734
8160 17612 2243108 1 735
8166 17615 2243118 1 736
8170 17617 2243128 1 737
8175 17620 2243138 1 739
8181 17627 2243148 1 741
8182 17630 2243158 1 743
8183 17632 2243168 1 744
8182 17635 2243178 1 745
8181 17637 2243188 1 747
8179 17639 2243198 1 747
8177 17641 2243208 1 749
8175 17643 2243218 1 750
8173 17644 2243228 1 753
8170 17645 2243238 1 756
8170 17645 2243248 1 757
8170 17644 2243258 1 759
8170 17644 2243268 1 761
8170 17643 2243278 1 763
8170 17643 2243288 1 765
8169 17642 2243298 1 766
8167 17641 2243308 1 770
8166 17641 2243318 1 772
8161 17640 2243328 1 775
8158 17640 2243338 1 776
8155 17640 2243348 1 778
8151 17639 2243358 1 779
8147 17638 2243368 1 781
8144 17636 2243378 1 782
8139 17633 2243388 1 784
8136 17631 2243398 1 785
8134 17628 2243408 1 785
8131 17623 2243418 1 786
8131 17621 2243428 1 786
8131 17619 2243438 1 785
8132 17618 2243448 1 784
8132 17617 2243458 1 783
8133 17617 2243468 1 781
8134 17617 2243478 1 779
8135 17617 2243488 1 778
8136 17618 2243498 1 776
8137 17619 2243508 1 773
8138 17620 2243518 1 771
8138 17622 2243528 1 769
8138 17623 2243538 1 767
8138 17626 2243548 1 765
8138 17627 2243558 1 764
8138 17629 2243568 1 763
8138 17630 2243578 1 762
8138 17632 2243588 1 761
8137 17634 2243598 1 760
8137 17635 2243608 1 760
8136 17635 2243618 1 760
8135 17635 2243628 1 762
8134 17635 2243638 1 764
8134 17635 2243648 1 766
8133 17634 2243658 1 768
8131 17633 2243668 1 772
8130 17631 2243678 1 775
8128 17629 2243688 1 783
8126 17627 2243698 1 789
8124 17627 2243708 1 802
8123 17626 2243718 1 808
8121 17625 2243728 1 816
8120 17625 2243738 1 825
8119 17625 2243748 1 834
8119 17625 2243758 1 844
8118 17626 2243768 1 854
8119 17627 2243778 1 875
8121 17627 2243788 1 895
8122 17628 2243798 1 904
8124 17629 2243808 1 912
8126 17629 2243818 1 920
8128 17629 2243828 1 926
8129 17629 2243838 1 932
8131 17629 2243848 1 935
8132 17628 2243858 1 937
8135 17626 2243868 1 930
8137 17625 2243878 1 924
8138 17625 2243888 1 915
8138 17625 2243898 1 902
8139 17625 2243908 1 888
8140 17625 2243918 1 869
8141 17625 2243928 1 848
8142 17626 2243938 1 823
8143 17626 2243948 1 796
8147 17626 2243958 1 696
8148 17626 2243968 1 659
8149 17626 2243978 1 620
8150 17626 2243988 1 579
8151 17625 2243998 1 538
8153 17625 2244008 1 496
8154 17624 2244018 1 454
8155 17624 2244028 1 411
8157 17624 2244038 1 328
8160 17623 2244048 1 248
8161 17624 2244058 1 209
8162 17624 2244068 1 173
8163 17626 2244078 1 139
8164 17627 2244088 1 106
8165 17629 2244098 1 77
8165 17631 2244108 1 50
8166 17634 2244118 1 7
8166 17636 2244128 0 0
8166 17640 2244138 0 0
8166 17642 2244148 1 1
8167 17643 2244158 1 1
8167 17644 2244168 1 2
8167 17644 2244178 1 3
8167 17643 2244188 1 3
8167 17642 2244198 1 43
8167 17640 2244208 1 75
8167 17638 2244218 1 113
8166 17632 2244228 1 199
8166 17630 2244238 1 247
8165 17627 2244248 1 297
8164 17624 2244258 1 350
8164 17622 2244268 1 403
8163 17619 2244278 1 513
8163 17618 2244288 1 568
8162 17617 2244298 1 622
8162 17616 2244308 1 675
8162 17615 2244318 1 775
8161 17614 2244328 1 821
8161 17614 2244338 1 863
8161 17614 2244348 1 902
8160 17615 2244358 1 965
8159 17616 2244368 1 990
8158 17617 2244378 1 1012
8158 17618 2244388 1 1018
8157 17620 2244398 1 1018
8155 17624 2244408 1 1018
8154 17626 2244418 1 1018
8153 17628 2244428 1 1018
8154 17631 2244438 1 1017
8154 17633 2244448 1 1017
8154 17635 2244458 1 1017
8155 17636 2244468 1 1017
8156 17637 2244478 1 1017
8158 17638 2244488 1 1017
8161 17640 2244498 1 1005
8162 17640 2244508 1 992
8164 17641 2244518 1 967
8165 17641 2244528 1 954
8166 17640 2244538 1 942
8166 17640 2244548 1 931
8166 17639 2244558 1 920
8166 17639 2244568 1 910
8165 17638 2244578 1 902
8164 17637 2244588 1 887
8163 17635 2244598 1 875
8162 17634 2244608 1 870
8161 17633 2244618 1 867
8160 17632 2244628 1 864
8160 17631 2244638 1 861
8160 17629 2244648 1 859
8160 17628 2244658 1 858
8161 17627 2244668 1 857
8163 17625 2244678 1 859
8164 17624 2244688 1 859
8165 17624 2244698 1 861
8166 17624 2244708 1 864
8167 17624 2244718 1 867
8167 17624 2244728 1 870
8168 17624 2244738 1 873
8167 17624 2244748 1 877
8167 17625 2244758 1 882
8165 17625 2244768 1 895
8164 17626 2244778 1 900
8163 17627 2244788 1 906
8162 17627 2244798 1 911
8161 17628 2244808 1 916
8160 17628 2244818 1 922
8159 17629 2244828 1 927
8158 17629 2244838 1 934
8158 17628 2244848 1 945
8158 17627 2244858 1 956
8159 17626 2244868 1 961
8160 17624 2244878 1 967
8161 17623 2244888 1 971
8162 17621 2244898 1 977
8163 17620 2244908 1 981
8164 17619 2244918 1 986
8165 17618 2244928 1 993
8166 17618 2244938 1 996
8165 17618 2244948 1 1004
8164 17619 2244958 1 1006
8162 17620 2244968 1 1007
8161 17622 2244978 1 1007
8159 17623 2244988 1 1007
8158 17624 2244998 1 1006
8157 17626 2245008 1 1006
8157 17627 2245018 1 1006
8157 17628 2245028 1 1006
8158 17629 2245038 1 1005
8160 17629 2245048 1 1005
8161 17630 2245058 1 1005
8163 17630 2245068 1 1005
8164 17630 2245078 1 1005
8166 17631 2245088 1 1005
8167 17632 2245098 1 1004
8168 17633 2245108 1 1004
8169 17634 2245118 1 1004
8170 17638 2245128 1 1004
8171 17639 2245138 1 1003
8171 17641 2245148 1 1003
8172 17641 2245158 1 1003
8172 17642 2245168 1 1003
8173 17641 2245178 1 1003
8174 17640 2245188 1 1003
8176 17639 2245198 1 1002
8177 17637 2245208 1 1002
8181 17634 2245218 1 1002
8182 17633 2245228 1 1002
8183 17632 2245238 1 1001
8183 17631 2245248 1 1001
8183 17631 2245258 1 1001
8183 17631 2245268 1 1001
8181 17631 2245278 1 1001
8179 17631 2245288 1 1001
8176 17630 2245298 1 1000
8168 17628 2245308 1 1000
8164 17627 2245318 1 1000
8161 17625 2245328 1 1000
8157 17623 2245338 1 1000
8155 17621 2245348 1 999
8150 17620 2245358 1 999
8143 17620 2245368 1 999
8135 17620 2245378 1 999
8126 17622 2245388 1 999
8106 17626 2245398 1 998
8081 17629 2245408 1 998
8069 17632 2245418 1 998
8060 17635 2245428 1 998
8053 17637 2245438 1 998
8048 17637 2245448 1 997
8045 17635 2245458 1 997
8043 17631 2245468 1 997
8042 17625 2245478 1 997
8048 17605 2245488 1 996
8052 17597 2245498 1 996
8057 17590 2245508 1 996
8062 17584 2245518 1 996
8068 17581 2245528 1 996
8075 17579 2245538 1 996
8082 17578 2245548 1 995
8090 17579 2245558 1 995
8098 17581 2245568 1 995
8123 17589 2245578 1 995
8130 17592 2245588 1 995
8137 17595 2245598 1 994
8144 17597 2245608 1 994
8150 17600 2245618 1 994
8155 17603 2245628 1 994
8159 17605 2245638 1 994
8162 17609 2245648 1 993
8166 17619 2245658 1 993
8165 17628 2245668 1 993
8163 17633 2245678 1 993
8160 17638 2245688 1 993
8156 17643 2245698 1 992
8152 17648 2245708 1 992
8146 17653 2245718 1 992
8140 17656 2245728 1 992
8125 17660 2245738 1 992
8118 17660 2245748 1 991
8102 17657 2245758 1 991
8094 17653 2245768 1 991
8086 17649 2245778 1 991
8078 17644 2245788 1 991
8071 17638 2245798 1 990
8064 17633 2245808 1 990
8054 17622 2245818 1 990
8050 17618 2245828 1 990
8048 17614 2245838 1 990
8048 17607 2245848 1 989
8051 17605 2245858 1 989
8057 17602 2245868 1 989
8065 17599 2245878 1 989
8075 17596 2245888 1 989
8104 17590 2245898 1 988
8120 17586 2245908 1 988
8138 17581 2245918 1 988
8162 17578 2245928 1 988
