8107 18360 4883484 1 881
8107 18360 4883494 1 788
8107 18360 4883504 1 672
8107 18360 4883514 1 562
8107 18360 4883524 1 482
8108 18360 4883534 1 449
8108 18360 4883544 1 432
8108 18360 4883554 1 406
8108 18360 4883564 1 402
8108 18359 4883574 1 405
8108 18358 4883584 1 417
8107 18355 4883594 1 445
8106 18351 4883604 1 484
8106 18348 4883614 1 505
8106 18346 4883624 1 528
8108 18346 4883634 1 574
8111 18348 4883644 1 619
8114 18350 4883654 1 640
8115 18353 4883664 1 657
8116 18355 4883674 1 686
8114 18357 4883684 1 705
8110 18358 4883694 1 711
8105 18359 4883704 1 714
8099 18360 4883714 1 719
8091 18361 4883724 1 717
8084 18360 4883734 1 716
8077 18358 4883744 1 712
8073 18357 4883754 1 709
8071 18356 4883764 1 701
8066 18353 4883774 1 683
8063 18349 4883784 1 672
8062 18345 4883794 1 659
8065 18341 4883804 1 630
8069 18337 4883814 1 598
8076 18333 4883824 1 581
8085 18330 4883834 1 562
8096 18326 4883844 1 524
8108 18323 4883854 1 482
8122 18320 4883864 1 460
8137 18317 4883874 1 439
8152 18316 4883884 1 397
8166 18315 4883894 1 354
8179 18317 4883904 1 334
8189 18319 4883914 1 312
8197 18323 4883924 1 272
8203 18327 4883934 1 252
8206 18333 4883944 1 247
8206 18338 4883954 1 234
8205 18343 4883964 1 200
8203 18348 4883974 1 169
8201 18353 4883984 1 143
8198 18358 4883994 1 127
8195 18364 4884004 1 125
8192 18369 4884014 1 123
8190 18371 4884024 1 122
8188 18374 4884034 1 122
8186 18379 4884044 1 122
8183 18383 4884054 1 120
8182 18387 4884064 1 118
8181 18390 4884074 1 118
8181 18393 4884084 1 117
8182 18395 4884094 1 115
8183 18396 4884104 1 113
8186 18397 4884114 1 113
8189 18396 4884124 1 112
8192 18396 4884134 1 109
8196 18395 4884144 1 114
8199 18394 4884154 1 116
8203 18392 4884164 1 118
8206 18391 4884174 1 126
8208 18389 4884184 1 144
8209 18389 4884194 1 154
8210 18388 4884204 1 168
8210 18389 4884214 1 195
8209 18390 4884224 1 227
8207 18391 4884234 1 245
8205 18393 4884244 1 263
8203 18395 4884254 1 302
8200 18397 4884264 1 343
8197 18399 4884274 1 364
8194 18400 4884284 1 385
8193 18401 4884294 1 402
8192 18402 4884304 1 428
8189 18402 4884314 1 471
8188 18402 4884324 1 492
8187 18402 4884334 1 512
8187 18401 4884344 1 553
8187 18399 4884354 1 589
8187 18396 4884364 1 609
8188 18394 4884374 1 623
8189 18390 4884384 1 639
8189 18387 4884394 1 652
8189 18383 4884404 1 663
8189 18379 4884414 1 676
8187 18375 4884424 1 695
8185 18371 4884434 1 707
8183 18368 4884444 1 711
8180 18365 4884454 1 710
8177 18363 4884464 1 707
8174 18361 4884474 1 703
8171 18360 4884484 1 701
8169 18359 4884494 1 699
8167 18359 4884504 1 696
8166 18358 4884514 1 693
8165 18358 4884524 1 693
8166 18358 4884534 1 693
8167 18358 4884544 1 693
8169 18358 4884554 1 695
8170 18357 4884564 1 695
8171 18357 4884574 1 695
8174 18357 4884584 1 696
8178 18357 4884594 1 699
8181 18357 4884604 1 700
8184 18357 4884614 1 700
8186 18357 4884624 1 700
8188 18357 4884634 1 703
8189 18358 4884644 1 704
8190 18358 4884654 1 704
8190 18359 4884664 1 705
8190 18360 4884674 1 704
8191 18361 4884684 1 703
8191 18362 4884694 1 702
8192 18363 4884704 1 700
8193 18364 4884714 1 698
8195 18365 4884724 1 696
8197 18366 4884734 1 694
8198 18367 4884744 1 692
8200 18367 4884754 1 689
8202 18367 4884764 1 686
8203 18367 4884774 1 684
8204 18367 4884784 1 683
8206 18367 4884794 1 681
8207 18367 4884804 1 679
8208 18368 4884814 1 677
8208 18368 4884824 1 677
8209 18368 4884834 1 677
8209 18369 4884844 1 677
8210 18370 4884854 1 677
8210 18371 4884864 1 677
8211 18372 4884874 1 677
8212 18374 4884884 1 679
8213 18375 4884894 1 682
8215 18376 4884904 1 684
8218 18377 4884914 1 686
8221 18378 4884924 1 692
8224 18378 4884934 1 700
8228 18377 4884944 1 705
8232 18376 4884954 1 710
8234 18374 4884964 1 722
8237 18372 4884974 1 736
8238 18369 4884984 1 744
8238 18367 4884994 1 753
8238 18366 4885004 1 771
8237 18365 4885014 1 790
8235 18365 4885024 1 801
8233 18365 4885034 1 809
8230 18366 4885044 1 818
8227 18367 4885054 1 826
8223 18369 4885064 1 833
8220 18371 4885074 1 842
8217 18374 4885084 1 855
8215 18376 4885094 1 866
8214 18377 4885104 1 869
8213 18378 4885114 1 870
8212 18380 4885124 1 871
8212 18382 4885134 1 870
8212 18384 4885144 1 865
8212 18385 4885154 1 861
8213 18386 4885164 1 853
8213 18387 4885174 1 832
8213 18388 4885184 1 801
8213 18388 4885194 1 785
8213 18388 4885204 1 762
8212 18387 4885214 1 710
8211 18386 4885224 1 649
8210 18384 4885234 1 619
8208 18381 4885244 1 581
8207 18379 4885254 1 507
8205 18376 4885264 1 468
8204 18373 4885274 1 458
8203 18370 4885284 1 428
8203 18367 4885294 1 349
8203 18365 4885304 1 273
8203 18363 4885314 1 236
8204 18362 4885324 1 200
8205 18363 4885334 1 134
8206 18364 4885344 1 76
8207 18366 4885354 1 24
8209 18369 4885364 0 0
8210 18371 4885374 0 0
8210 18373 4885384 0 0
8212 18378 4885394 0 0
8215 18383 4885404 0 0
8217 18388 4885414 0 0
8220 18393 4885424 0 0
8224 18398 4885434 0 0
8227 18402 4885444 0 0
8230 18405 4885454 0 0
8232 18406 4885464 1 1
8234 18407 4885474 1 2
8236 18406 4885484 1 2
8237 18405 4885494 1 2
8237 18403 4885504 1 3
8237 18400 4885514 1 4
8237 18396 4885524 1 3
8237 18393 4885534 1 5
8237 18389 4885544 1 18
8237 18385 4885554 1 44
8238 18382 4885564 1 59
8240 18378 4885574 1 80
8242 18376 4885584 1 126
8244 18373 4885594 1 180
8246 18372 4885604 1 209
8248 18371 4885614 1 239
8250 18371 4885624 1 301
8251 18371 4885634 1 366
8252 18372 4885644 1 390
8253 18372 4885654 1 399
8254 18374 4885664 1 430
8254 18375 4885674 1 493
8254 18376 4885684 1 552
8254 18376 4885694 1 585
8254 18377 4885704 1 606
8253 18376 4885714 1 631
8252 18375 4885724 1 653
8251 18374 4885734 1 670
8250 18373 4885744 1 691
8248 18371 4885754 1 718
8247 18370 4885764 1 734
8246 18368 4885774 1 739
8246 18366 4885784 1 736
8246 18365 4885794 1 722
8247 18363 4885804 1 691
8248 18361 4885814 1 672
8249 18359 4885824 1 642
8250 18357 4885834 1 572
8251 18354 4885844 1 486
8251 18352 4885854 1 440
8251 18349 4885864 1 397
8250 18347 4885874 1 313
8248 18346 4885884 1 232
8245 18345 4885894 1 194
8242 18345 4885904 1 163
8241 18345 4885914 1 137
8240 18345 4885924 1 105
8237 18346 4885934 1 62
8235 18347 4885944 1 44
8233 18348 4885954 1 41
8232 18350 4885964 1 42
8231 18352 4885974 1 44
8232 18354 4885984 1 45
8234 18356 4885994 1 45
8236 18358 4886004 1 47
8239 18360 4886014 1 48
8242 18362 4886024 1 50
8244 18362 4886034 1 52
8246 18363 4886044 1 53
8248 18363 4886054 1 56
8249 18363 4886064 1 58
8250 18363 4886074 1 59
8250 18362 4886084 1 61
8250 18362 4886094 1 72
8250 18361 4886104 1 92
8250 18361 4886114 1 104
8250 18361 4886124 1 122
8251 18361 4886134 1 159
8252 18362 4886144 1 203
8253 18362 4886154 1 252
8253 18362 4886164 1 307
8254 18360 4886174 1 364
8255 18360 4886184 1 393
8255 18359 4886194 1 424
8256 18357 4886204 1 485
8255 18356 4886214 1 545
8254 18355 4886224 1 604
8251 18353 4886234 1 662
8249 18352 4886244 1 717
8246 18350 4886254 1 768
8244 18349 4886264 1 812
8242 18348 4886274 1 852
8241 18347 4886284 1 872
8240 18347 4886294 1 885
8240 18347 4886304 1 910
8240 18348 4886314 1 926
8241 18349 4886324 1 932
8242 18351 4886334 1 931
8244 18353 4886344 1 929
8245 18355 4886354 1 927
8246 18357 4886364 1 925
8247 18359 4886374 1 923
8247 18361 4886384 1 921
8246 18362 4886394 1 920
8245 18363 4886404 1 918
8243 18364 4886414 1 916
8241 18364 4886424 1 897
8238 18364 4886434 1 868
8235 18364 4886444 1 853
8234 18363 4886454 1 849
8232 18363 4886464 1 839
8230 18362 4886474 1 812
8228 18361 4886484 1 785
8228 18360 4886494 1 758
8228 18359 4886504 1 733
8229 18358 4886514 1 709
8231 18357 4886524 1 688
8233 18357 4886534 1 667
8236 18356 4886544 1 648
8238 18356 4886554 1 631
8240 18356 4886564 1 617
8242 18356 4886574 1 605
8242 18356 4886584 1 597
8242 18356 4886594 1 590
8240 18355 4886604 1 586
8238 18355 4886614 1 585
8235 18354 4886624 1 587
8233 18354 4886634 1 592
8230 18353 4886644 1 602
8228 18353 4886654 1 615
8227 18353 4886664 1 631
8228 18353 4886674 1 651
8229 18353 4886684 1 674
8231 18353 4886694 1 701
8235 18353 4886704 1 734
8240 18353 4886714 1 770
8245 18354 4886724 1 810
8250 18355 4886734 1 855
8255 18356 4886744 1 856
8260 18357 4886754 1 854
8264 18358 4886764 1 852
8267 18360 4886774 1 850
8268 18362 4886784 1 848
