7784 17578 7288846 1 706
7761 17554 7288856 1 701
7747 17539 7288866 1 701
7743 17531 7288876 1 703
7742 17525 7288886 1 703
7731 17511 7288896 1 704
7734 17509 7288906 1 704
7737 17507 7288916 1 705
7740 17505 7288926 1 706
7744 17504 7288936 1 706
7748 17504 7288946 1 707
7752 17505 7288956 1 708
7756 17507 7288966 1 708
7761 17509 7288976 1 708
7765 17513 7288986 1 709
7769 17517 7288996 1 709
7773 17522 7289006 1 709
7777 17528 7289016 1 710
7780 17534 7289026 1 712
7783 17540 7289036 1 712
7787 17546 7289046 1 713
7789 17552 7289056 1 713
7791 17558 7289066 1 714
7793 17564 7289076 1 714
7796 17569 7289086 1 715
7797 17574 7289096 1 716
7798 17577 7289106 1 717
7799 17579 7289116 1 717
7799 17580 7289126 1 718
7800 17579 7289136 1 718
7800 17577 7289146 1 719
7800 17574 7289156 1 719
7801 17570 7289166 1 720
7801 17566 7289176 1 721
7801 17561 7289186 1 722
7801 17555 7289196 1 722
7801 17550 7289206 1 723
7801 17545 7289216 1 723
7801 17540 7289226 1 724
7802 17535 7289236 1 726
7802 17531 7289246 1 727
7803 17527 7289256 1 727
7804 17523 7289266 1 727
7804 17520 7289276 1 728
7805 17517 7289286 1 728
7806 17514 7289296 1 729
7807 17511 7289306 1 729
7808 17508 7289316 1 731
7808 17506 7289326 1 732
7808 17503 7289336 1 732
7808 17500 7289346 1 732
7809 17497 7289356 1 733
7809 17494 7289366 1 734
7810 17493 7289376 1 734
7810 17491 7289386 1 736
7811 17491 7289396 1 736
7810 17491 7289406 1 736
7809 17492 7289416 1 737
7809 17495 7289426 1 738
7809 17499 7289436 1 738
7810 17504 7289446 1 739
7810 17511 7289456 1 741
7810 17520 7289466 1 741
7810 17530 7289476 1 742
7809 17542 7289486 1 743
7809 17556 7289496 1 743
7809 17571 7289506 1 743
7809 17588 7289516 1 744
7809 17607 7289526 1 745
7809 17626 7289536 1 745
7809 17645 7289546 1 747
7809 17664 7289556 1 747
7811 17683 7289566 1 748
7813 17701 7289576 1 749
7814 17718 7289586 1 749
7815 17733 7289596 1 750
7817 17746 7289606 1 750
7819 17757 7289616 1 751
7823 17765 7289626 1 753
7826 17770 7289636 1 753
7831 17773 7289646 1 753
7836 17773 7289656 1 754
7841 17769 7289666 1 755
7845 17761 7289676 1 756
7850 17752 7289686 1 756
7855 17740 7289696 1 757
7860 17727 7289706 1 759
7864 17714 7289716 1 759
7868 17700 7289726 1 759
7872 17687 7289736 1 760
7875 17673 7289746 1 761
7877 17660 7289756 1 762
7879 17649 7289766 1 762
7879 17639 7289776 1 763
7879 17631 7289786 1 765
7877 17624 7289796 1 765
7875 17617 7289806 1 765
7872 17611 7289816 1 766
7869 17609 7289826 1 767
7865 17608 7289836 1 768
7860 17608 7289846 1 768
7855 17609 7289856 1 769
7850 17611 7289866 1 770
7845 17613 7289876 1 771
7839 17614 7289886 1 772
7833 17616 7289896 1 773
7828 17619 7289906 1 773
7822 17622 7289916 1 774
7817 17624 7289926 1 775
7813 17625 7289936 1 775
7808 17625 7289946 1 776
7805 17625 7289956 1 778
7801 17624 7289966 1 778
7798 17623 7289976 1 779
7797 17620 7289986 1 780
7795 17617 7289996 1 780
7794 17614 7290006 1 781
7794 17609 7290016 1 782
7794 17604 7290026 1 782
7794 17599 7290036 1 783
7794 17595 7290046 1 784
7795 17592 7290056 1 784
7796 17587 7290066 1 786
7796 17582 7290076 1 787
7797 17577 7290086 1 788
7798 17572 7290096 1 788
7798 17569 7290106 1 789
7799 17566 7290116 1 790
7799 17565 7290126 1 791
7800 17564 7290136 1 791
7799 17562 7290146 1 792
7798 17561 7290156 1 793
7796 17561 7290166 1 794
7794 17561 7290176 1 795
7791 17562 7290186 1 796
7788 17563 7290196 1 796
7786 17564 7290206 1 797
7783 17565 7290216 1 798
7779 17567 7290226 1 798
7776 17569 7290236 1 799
7772 17571 7290246 1 800
7768 17573 7290256 1 802
7764 17575 7290266 1 802
7760 17576 7290276 1 803
7757 17576 7290286 1 804
7753 17576 7290296 1 805
7749 17577 7290306 1 805
7746 17578 7290316 1 806
7743 17579 7290326 1 807
7740 17579 7290336 1 808
7737 17580 7290346 1 808
7735 17580 7290356 1 810
7733 17580 7290366 1 811
7731 17579 7290376 1 812
7730 17580 7290386 1 812
7729 17580 7290396 1 813
7728 17580 7290406 1 814
7728 17581 7290416 1 815
7728 17580 7290426 1 815
7728 17580 7290436 1 816
7729 17580 7290446 1 818
7731 17579 7290456 1 818
7732 17579 7290466 1 818
7735 17579 7290476 1 820
7737 17580 7290486 1 821
7740 17580 7290496 1 822
7743 17582 7290506 1 823
7746 17584 7290516 1 823
7748 17587 7290526 1 824
7750 17590 7290536 1 825
7753 17594 7290546 1 826
7756 17598 7290556 1 827
7758 17603 7290566 1 827
7760 17609 7290576 1 828
7762 17615 7290586 1 829
7764 17621 7290596 1 831
7765 17626 7290606 1 831
7766 17631 7290616 1 832
7767 17636 7290626 1 833
7769 17641 7290636 1 834
7770 17645 7290646 1 835
7771 17650 7290656 1 836
7772 17654 7290666 1 836
7773 17657 7290676 1 837
7773 17660 7290686 1 838
7774 17661 7290696 1 839
7774 17663 7290706 1 840
7775 17664 7290716 1 840
7775 17665 7290726 1 841
7776 17665 7290736 1 843
7777 17665 7290746 1 844
7777 17665 7290756 1 845
7778 17665 7290766 1 845
7779 17665 7290776 1 846
7780 17665 7290786 1 847
7781 17665 7290796 1 848
7783 17665 7290806 1 849
7784 17664 7290816 1 850
7785 17664 7290826 1 851
7787 17664 7290836 1 851
7788 17665 7290846 1 852
7789 17666 7290856 1 853
7790 17667 7290866 1 854
7791 17668 7290876 1 855
7791 17669 7290886 1 857
7791 17670 7290896 1 858
7791 17671 7290906 1 858
7791 17674 7290916 1 859
7791 17676 7290926 1 860
7791 17679 7290936 1 861
7790 17683 7290946 1 862
7790 17686 7290956 1 863
7789 17690 7290966 1 864
7787 17694 7290976 1 864
7785 17697 7290986 1 865
7783 17701 7290996 1 866
7781 17704 7291006 1 867
7779 17707 7291016 1 868
7776 17710 7291026 1 869
7774 17712 7291036 1 870
7771 17714 7291046 1 871
7767 17715 7291056 1 872
7764 17715 7291066 1 872
7761 17714 7291076 1 874
7759 17713 7291086 1 875
7756 17711 7291096 1 876
7753 17708 7291106 1 877
7751 17704 7291116 1 878
7749 17700 7291126 1 879
7747 17695 7291136 1 880
7746 17690 7291146 1 881
7745 17685 7291156 1 882
7745 17679 7291166 1 882
7746 17673 7291176 1 883
7746 17666 7291186 1 884
7747 17660 7291196 1 885
7749 17653 7291206 1 886
7751 17646 7291216 1 887
7752 17640 7291226 1 888
7754 17633 7291236 1 889
7756 17627 7291246 1 890
7758 17621 7291256 1 891
7760 17615 7291266 1 892
7762 17610 7291276 1 893
7764 17605 7291286 1 894
7766 17602 7291296 1 895
7767 17599 7291306 1 895
7769 17597 7291316 1 896
7771 17596 7291326 1 897
7773 17596 7291336 1 898
7775 17596 7291346 1 899
7777 17597 7291356 1 900
7779 17598 7291366 1 902
7781 17600 7291376 1 903
7784 17602 7291386 1 904
7786 17604 7291396 1 905
7788 17606 7291406 1 906
7789 17608 7291416 1 907
7791 17610 7291426 1 908
7793 17610 7291436 1 909
7795 17611 7291446 1 910
7797 17611 7291456 1 911
7798 17610 7291466 1 912
7800 17610 7291476 1 913
7801 17609 7291486 1 914
7802 17608 7291496 1 915
7803 17608 7291506 1 916
7805 17607 7291516 1 917
7806 17606 7291526 1 918
7807 17605 7291536 1 919
7808 17604 7291546 1 920
7809 17602 7291556 1 921
7809 17600 7291566 1 922
7809 17598 7291576 1 923
7809 17597 7291586 1 924
7809 17596 7291596 1 925
7809 17596 7291606 1 926
7808 17595 7291616 1 927
7808 17595 7291626 1 928
7808 17596 7291636 1 929
7808 17596 7291646 1 930
7808 17596 7291656 1 931
7808 17597 7291666 1 932
7808 17598 7291676 1 933
7809 17598 7291686 1 934
7809 17599 7291696 1 935
7810 17600 7291706 1 936
7811 17600 7291716 1 937
7813 17601 7291726 1 938
7814 17602 7291736 1 939
7816 17602 7291746 1 940
7818 17603 7291756 1 941
7820 17604 7291766 1 942
7822 17606 7291776 1 943
7825 17607 7291786 1 944
7827 17609 7291796 1 945
7829 17610 7291806 1 946
7831 17612 7291816 1 947
7834 17613 7291826 1 948
7836 17615 7291836 1 949
7838 17617 7291846 1 950
7840 17619 7291856 1 951
7842 17622 7291866 1 952
7844 17625 7291876 1 953
7846 17628 7291886 1 953
7848 17631 7291896 1 955
7849 17635 7291906 1 957
7851 17638 7291916 1 957
7852 17642 7291926 1 958
7854 17646 7291936 1 959
7855 17649 7291946 1 960
7856 17652 7291956 1 961
7856 17654 7291966 1 962
7856 17656 7291976 1 963
7857 17658 7291986 1 964
7856 17661 7291996 1 965
7855 17663 7292006 1 966
7855 17664 7292016 1 967
7853 17665 7292026 1 968
7852 17665 7292036 1 969
7851 17664 7292046 1 969
7849 17663 7292056 1 970
7847 17661 7292066 1 971
7845 17659 7292076 1 972
7843 17655 7292086 1 973
7841 17651 7292096 1 974
7839 17648 7292106 1 975
7837 17644 7292116 1 976
7836 17641 7292126 1 978
7835 17638 7292136 1 978
7834 17635 7292146 1 978
7833 17632 7292156 1 979
7833 17630 7292166 1 980
7833 17628 7292176 1 981
7833 17628 7292186 1 983
7833 17627 7292196 1 984
7833 17626 7292206 1 985
7833 17625 7292216 1 986
7834 17625 7292226 1 987
7834 17625 7292236 1 987
7835 17624 7292246 1 988
7836 17623 7292256 1 989
7836 17621 7292266 1 990
7837 17619 7292276 1 991
7837 17617 7292286 1 992
7837 17615 7292296 1 993
7837 17612 7292306 1 993
7838 17609 7292316 1 994
7838 17606 7292326 1 995
7838 17603 7292336 1 996
7838 17600 7292346 1 997
7837 17598 7292356 1 998
7837 17596 7292366 1 999
7836 17594 7292376 1 1000
7835 17592 7292386 1 1001
7834 17591 7292396 1 1002
7833 17590 7292406 1 1003
7832 17588 7292416 1 1004
7831 17587 7292426 1 1005
7830 17585 7292436 1 1005
7828 17585 7292446 1 1006
7827 17585 7292456 1 1007
7826 17585 7292466 1 1008
7825 17585 7292476 1 1009
7824 17586 7292486 1 1010
7822 17587 7292496 1 1010
7821 17589 7292506 1 1011
7819 17591 7292516 1 1013
7818 17594 7292526 1 1014
7817 17597 7292536 1 1015
7816 17601 7292546 1 1016
7815 17606 7292556 1 1016
7814 17610 7292566 1 1017
7813 17614 7292576 1 1018
7813 17618 7292586 1 1018
7813 17622 7292596 1 1018
7813 17624 7292606 1 1018
7814 17625 7292616 1 1017
7815 17627 7292626 1 1017
7816 17627 7292636 1 1017
7817 17627 7292646 1 1017
7818 17626 7292656 1 1017
7819 17624 7292666 1 1017
7820 17622 7292676 1 1017
7821 17620 7292686 1 1017
7822 17618 7292696 1 1016
7822 17614 7292706 1 1017
7823 17611 7292716 1 1017
7823 17609 7292726 1 1017
7823 17607 7292736 1 1017
7824 17605 7292746 1 1017
7824 17604 7292756 1 1017
7823 17603 7292766 1 1016
7823 17603 7292776 1 1016
7822 17604 7292786 1 1016
7821 17604 7292796 1 1016
7821 17606 7292806 1 1016
7819 17607 7292816 1 1016
7818 17609 7292826 1 1016
7816 17611 7292836 1 1016
7815 17613 7292846 1 1016
7813 17615 7292856 1 1015
7812 17617 7292866 1 1015
7810 17619 7292876 1 1015
7809 17621 7292886 1 1015
7808 17623 7292896 1 1015
7807 17624 7292906 1 1015
7807 17625 7292916 1 1016
7807 17626 7292926 1 1015
7807 17628 7292936 1 1015
7807 17628 7292946 1 1015
7808 17627 7292956 1 1015
7810 17627 7292966 1 1015
7811 17626 7292976 1 1015
7813 17626 7292986 1 1015
7815 17625 7292996 1 1015
7817 17625 7293006 1 1014
7820 17625 7293016 1 1014
7822 17625 7293026 1 1014
7825 17626 7293036 1 1014
7828 17628 7293046 1 1014
7830 17629 7293056 1 1014
7832 17632 7293066 1 1014
7834 17634 7293076 1 1014
7837 17635 7293086 1 1014
7838 17635 7293096 1 1013
7840 17637 7293106 1 1013
7841 17638 7293116 1 1013
7842 17639 7293126 1 1013
7843 17640 7293136 1 1013
7843 17641 7293146 1 1014
7844 17641 7293156 1 1014
7844 17642 7293166 1 1013
7845 17644 7293176 1 1013
7845 17645 7293186 1 1013
7845 17647 7293196 1 1013
7844 17649 7293206 1 1013
7844 17652 7293216 1 1013
7843 17654 7293226 1 1013
7842 17655 7293236 1 1012
7841 17656 7293246 1 1012
7840 17657 7293256 1 1012
7839 17658 7293266 1 1012
7838 17658 7293276 1 1012
7837 17658 7293286 1 1012
7837 17657 7293296 1 1012
7836 17657 7293306 1 1012
7836 17655 7293316 1 1011
7835 17654 7293326 1 1011
7835 17652 7293336 1 1011
7835 17649 7293346 1 1011
7835 17646 7293356 1 1011
7835 17643 7293366 1 1011
7835 17639 7293376 1 1011
7836 17636 7293386 1 1011
7836 17632 7293396 1 1010
7836 17630 7293406 1 1010
7837 17628 7293416 1 1011
7837 17625 7293426 1 1011
7838 17622 7293436 1 1011
7838 17620 7293446 1 1011
7838 17619 7293456 1 1011
7837 17618 7293466 1 1011
7837 17617 7293476 1 1010
7837 17617 7293486 1 1010
7836 17617 7293496 1 1010
7835 17617 7293506 1 1010
7834 17617 7293516 1 1010
7832 17616 7293526 1 1010
7830 17616 7293536 1 1010
7828 17615 7293546 1 1010
7826 17615 7293556 1 1009
7824 17613 7293566 1 1009
7822 17612 7293576 1 1009
7820 17611 7293586 1 1009
7817 17610 7293596 1 1009
7815 17610 7293606 1 1009
7812 17610 7293616 1 1009
7810 17610 7293626 1 1009
7808 17611 7293636 1 1008
7806 17609 7293646 1 1008
7803 17608 7293656 1 1008
7801 17608 7293666 1 1008
7798 17609 7293676 1 1008
7796 17610 7293686 1 1009
7793 17610 7293696 1 1009
7791 17612 7293706 1 1008
7789 17613 7293716 1 1008
7787 17614 7293726 1 1008
7786 17615 7293736 1 1008
7785 17617 7293746 1 1008
7784 17619 7293756 1 1008
7783 17622 7293766 1 1008
7783 17623 7293776 1 1008
7783 17624 7293786 1 1007
7783 17625 7293796 1 1007
7783 17626 7293806 1 1007
7784 17627 7293816 1 1007
7785 17627 7293826 1 1007
7786 17626 7293836 1 1007
7787 17624 7293846 1 1007
7789 17622 7293856 1 1007
7790 17620 7293866 1 1006
7792 17618 7293876 1 1006
7794 17616 7293886 1 1006
7796 17615 7293896 1 1006
7797 17612 7293906 1 1006
7799 17609 7293916 1 1006
7800 17607 7293926 1 1006
7802 17605 7293936 1 1006
7804 17604 7293946 1 1005
7805 17602 7293956 1 1005
7810 17601 7293966 1 1005
7812 17601 7293976 1 1005
7814 17601 7293986 1 1006
7816 17602 7293996 1 1006
7818 17603 7294006 1 1006
7821 17605 7294016 1 1005
7823 17607 7294026 1 1005
7828 17611 7294036 1 1005
7830 17614 7294046 1 1005
7833 17617 7294056 1 1005
7836 17621 7294066 1 1005
7839 17625 7294076 1 1005
7841 17629 7294086 1 1004
7844 17633 7294096 1 1004
7847 17638 7294106 1 1004
7849 17642 7294116 1 1004
7851 17647 7294126 1 1004
7853 17651 7294136 1 1004
7855 17655 7294146 1 1003
7856 17660 7294156 1 1003
7858 17663 7294166 1 1003
7860 17669 7294176 1 1003
7860 17672 7294186 1 1003
7861 17674 7294196 1 1003
7861 17675 7294206 1 1003
7862 17676 7294216 1 1002
7863 17677 7294226 1 1002
7864 17677 7294236 1 1002
7867 17678 7294246 1 1002
7869 17677 7294256 1 1002
7870 17675 7294266 1 1002
7872 17673 7294276 1 1003
7875 17670 7294286 1 1001
7877 17668 7294296 1 1002
7879 17666 7294306 1 1002
7883 17661 7294316 1 1002
7886 17658 7294326 1 1002
7888 17656 7294336 1 1002
7891 17653 7294346 1 1002
7894 17651 7294356 1 1001
7897 17649 7294366 1 1001
7900 17648 7294376 1 1001
7904 17643 7294386 1 1001
7906 17643 7294396 1 1001
7908 17643 7294406 1 1001
7910 17643 7294416 1 1001
7912 17644 7294426 1 1000
7913 17646 7294436 1 1000
7914 17647 7294446 1 1000
7914 17631 7294456 1 1000
7913 17617 7294466 1 1000
7913 17600 7294476 1 1000
7912 17581 7294486 1 999
7911 17562 7294496 1 999
7904 17544 7294506 1 999
7891 17527 7294516 1 999
7855 17507 7294526 1 999
7834 17510 7294536 1 999
7812 17521 7294546 1 999
7790 17538 7294556 1 998
7770 17559 7294566 1 998
7751 17584 7294576 1 998
7740 17611 7294586 1 998
7740 17667 7294596 1 998
7748 17692 7294606 1 998
7760 17713 7294616 1 999
7775 17728 7294626 1 997
7793 17738 7294636 1 997
7811 17741 7294646 1 998
7829 17736 7294656 1 998
7862 17710 7294666 1 998
7875 17686 7294676 1 998
7884 17657 7294686 1 998
7888 17624 7294696 1 943
7887 17590 7294706 1 880
7882 17556 7294716 1 809
7872 17524 7294726 1 728
7841 17469 7294736 1 546
7821 17451 7294746 1 456
7799 17440 7294756 1 376
7777 17439 7294766 1 315
7755 17449 7294776 1 278
7735 17470 7294786 1 274
7718 17505 7294796 1 309
7697 17577 7294806 1 525
7695 17645 7294816 1 720
7700 17737 7294826 1 981
