7738 17163 7874358 1 637
7738 17164 7874368 1 643
7738 17163 7874378 1 647
7739 17163 7874388 1 648
7740 17164 7874398 1 650
7746 17172 7874408 1 652
7758 17191 7874418 1 656
7769 17211 7874428 1 661
7773 17225 7874438 1 668
7769 17228 7874448 1 675
7757 17227 7874458 1 683
7744 17225 7874468 1 692
7736 17225 7874478 1 700
7734 17229 7874488 1 707
7736 17239 7874498 1 715
7738 17250 7874508 1 719
7739 17259 7874518 1 722
7739 17265 7874528 1 727
7735 17267 7874538 1 732
7728 17268 7874548 1 735
7721 17270 7874558 1 736
7715 17272 7874568 1 736
7711 17276 7874578 1 732
7709 17282 7874588 1 727
7707 17288 7874598 1 720
7703 17294 7874608 1 708
7699 17297 7874618 1 694
7694 17297 7874628 1 677
7687 17295 7874638 1 655
7681 17293 7874648 1 630
7676 17291 7874658 1 603
7674 17290 7874668 1 573
7672 17288 7874678 1 556
7671 17287 7874688 1 540
7671 17285 7874698 1 505
7670 17281 7874708 1 468
7670 17271 7874718 1 351
7670 17264 7874728 1 310
7671 17255 7874738 1 271
7672 17244 7874748 1 230
7673 17232 7874758 1 191
7675 17219 7874768 1 152
7677 17206 7874778 1 114
7680 17193 7874788 1 77
7683 17181 7874798 1 42
7686 17170 7874808 1 10
7690 17160 7874818 0 0
7693 17152 7874828 0 0
7697 17145 7874838 0 0
7700 17140 7874848 0 0
7703 17136 7874858 0 0
7706 17133 7874868 0 0
7709 17130 7874878 0 0
7713 17125 7874888 0 0
7718 17121 7874898 0 0
7725 17117 7874908 0 0
7733 17115 7874918 0 0
7741 17116 7874928 0 0
7748 17119 7874938 0 0
7755 17125 7874948 0 0
7762 17133 7874958 0 0
7768 17143 7874968 0 0
7774 17156 7874978 0 0
7780 17170 7874988 0 0
7785 17187 7874998 0 0
7791 17205 7875008 0 0
7797 17224 7875018 0 0
7801 17244 7875028 0 0
7805 17263 7875038 0 0
7808 17283 7875048 1 14
7810 17300 7875058 1 62
7811 17317 7875068 1 115
7810 17343 7875078 1 232
7808 17354 7875088 1 357
7806 17362 7875098 1 418
7804 17369 7875108 1 479
7801 17373 7875118 1 536
7799 17377 7875128 1 592
7797 17379 7875138 1 642
7795 17380 7875148 1 666
7794 17380 7875158 1 686
7793 17378 7875168 1 726
7792 17376 7875178 1 757
7792 17372 7875188 1 779
7792 17367 7875198 1 792
7792 17361 7875208 1 797
7791 17353 7875218 1 798
7790 17343 7875228 1 798
7789 17333 7875238 1 796
7788 17321 7875248 1 792
7786 17309 7875258 1 786
7784 17297 7875268 1 780
7782 17286 7875278 1 773
7780 17275 7875288 1 767
7778 17267 7875298 1 761
7775 17259 7875308 1 755
7773 17253 7875318 1 752
7770 17249 7875328 1 750
7768 17246 7875338 1 746
7766 17245 7875348 1 744
7763 17246 7875358 1 741
7761 17249 7875368 1 741
7759 17253 7875378 1 741
7756 17260 7875388 1 741
7753 17269 7875398 1 742
7750 17279 7875408 1 745
7746 17290 7875418 1 746
7743 17302 7875428 1 749
7736 17326 7875438 1 755
7732 17337 7875448 1 758
7730 17347 7875458 1 765
7727 17356 7875468 1 766
7725 17363 7875478 1 769
7723 17368 7875488 1 772
7721 17373 7875498 1 775
7720 17376 7875508 1 778
7718 17377 7875518 1 781
7716 17378 7875528 1 783
7714 17377 7875538 1 785
7712 17375 7875548 1 788
7709 17371 7875558 1 790
7707 17366 7875568 1 792
7704 17361 7875578 1 793
7701 17355 7875588 1 794
7698 17347 7875598 1 796
7696 17340 7875608 1 797
7694 17332 7875618 1 797
7692 17325 7875628 1 798
7691 17317 7875638 1 798
7691 17311 7875648 1 798
7692 17304 7875658 1 799
7693 17299 7875668 1 799
7695 17294 7875678 1 799
7697 17290 7875688 1 799
7698 17287 7875698 1 798
7700 17283 7875708 1 797
7702 17281 7875718 1 797
7704 17279 7875728 1 796
7705 17277 7875738 1 795
7706 17276 7875748 1 793
7707 17276 7875758 1 792
7708 17276 7875768 1 791
7708 17276 7875778 1 790
7707 17277 7875788 1 788
7708 17280 7875798 1 786
7708 17282 7875808 1 785
7709 17284 7875818 1 783
7709 17285 7875828 1 782
7709 17286 7875838 1 781
7709 17287 7875848 1 780
7709 17289 7875858 1 780
7708 17290 7875868 1 778
7707 17292 7875878 1 778
7707 17294 7875888 1 778
7706 17297 7875898 1 779
7706 17300 7875908 1 779
7707 17303 7875918 1 780
7707 17306 7875928 1 781
7708 17310 7875938 1 783
7709 17314 7875948 1 785
7711 17317 7875958 1 786
7713 17321 7875968 1 787
7715 17324 7875978 1 790
7717 17328 7875988 1 793
7719 17331 7875998 1 797
7722 17335 7876008 1 801
7725 17339 7876018 1 806
7728 17342 7876028 1 811
7731 17346 7876038 1 816
7734 17350 7876048 1 823
7737 17354 7876058 1 830
7740 17357 7876068 1 838
7742 17361 7876078 1 845
7744 17364 7876088 1 854
7745 17366 7876098 1 863
7745 17368 7876108 1 872
7746 17369 7876118 1 882
7746 17369 7876128 1 887
7746 17368 7876138 1 892
7747 17367 7876148 1 901
7748 17361 7876158 1 922
7749 17357 7876168 1 932
7751 17353 7876178 1 942
7752 17348 7876188 1 953
7755 17344 7876198 1 972
7757 17339 7876208 1 981
7760 17335 7876218 1 991
7762 17331 7876228 1 999
7765 17328 7876238 1 1006
7768 17325 7876248 1 1014
7771 17322 7876258 1 1020
7774 17319 7876268 1 1024
7777 17317 7876278 1 1024
7780 17315 7876288 1 1024
7784 17313 7876298 1 1024
7787 17311 7876308 1 1024
7790 17310 7876318 1 1024
7793 17309 7876328 1 1024
7796 17308 7876338 1 1024
7799 17307 7876348 1 1024
7801 17307 7876358 1 1024
7803 17308 7876368 1 1024
7805 17308 7876378 1 1024
7806 17309 7876388 1 1024
7807 17309 7876398 1 1024
7808 17310 7876408 1 1016
7810 17310 7876418 1 1007
7811 17310 7876428 1 995
7812 17310 7876438 1 982
7814 17310 7876448 1 976
7815 17309 7876458 1 968
7816 17309 7876468 1 952
7816 17308 7876478 1 934
7817 17307 7876488 1 914
7817 17305 7876498 1 893
7817 17304 7876508 1 869
7817 17302 7876518 1 817
7817 17300 7876528 1 787
7817 17299 7876538 1 757
7817 17298 7876548 1 725
7816 17296 7876558 1 692
7816 17295 7876568 1 623
7815 17294 7876578 1 587
7814 17293 7876588 1 550
7812 17292 7876598 1 531
7811 17291 7876608 1 513
7810 17290 7876618 1 476
7809 17289 7876628 1 438
7808 17288 7876638 1 401
7808 17287 7876648 1 363
7807 17287 7876658 1 327
7807 17286 7876668 1 289
7808 17286 7876678 1 253
7808 17286 7876688 1 218
7808 17286 7876698 1 184
7809 17286 7876708 1 150
7809 17287 7876718 1 118
7809 17287 7876728 1 86
7810 17287 7876738 1 56
7810 17288 7876748 1 29
7810 17288 7876758 1 2
7810 17288 7876768 0 0
7810 17288 7876778 0 0
7810 17288 7876788 0 0
7810 17288 7876798 0 0
7810 17289 7876808 0 0
7810 17289 7876818 0 0
7810 17290 7876828 0 0
7810 17291 7876838 0 0
7809 17292 7876848 0 0
7808 17294 7876858 0 0
7807 17296 7876868 0 0
7803 17302 7876878 0 0
7801 17305 7876888 0 0
7799 17309 7876898 0 0
7797 17312 7876908 0 0
7796 17315 7876918 0 0
7794 17318 7876928 0 0
7794 17321 7876938 0 0
7793 17324 7876948 0 0
7793 17327 7876958 0 0
7793 17331 7876968 0 0
7794 17334 7876978 1 21
7794 17337 7876988 1 53
7794 17339 7876998 1 94
7794 17342 7877008 1 143
7795 17343 7877018 1 199
7795 17344 7877028 1 261
7796 17345 7877038 1 328
7796 17345 7877048 1 398
7797 17344 7877058 1 470
7798 17343 7877068 1 542
7799 17341 7877078 1 615
7800 17339 7877088 1 686
7802 17336 7877098 1 752
7803 17333 7877108 1 815
7805 17330 7877118 1 873
7807 17328 7877128 1 924
7809 17326 7877138 1 967
7811 17324 7877148 1 1000
7812 17322 7877158 1 1023
7814 17321 7877168 1 1024
7816 17320 7877178 1 1024
7818 17320 7877188 1 1024
7819 17320 7877198 1 1024
7821 17320 7877208 1 1024
7822 17320 7877218 1 1024
7823 17321 7877228 1 1024
7826 17323 7877238 1 1024
7827 17324 7877248 1 1024
7828 17325 7877258 1 1024
7829 17326 7877268 1 1015
7830 17326 7877278 1 951
7830 17327 7877288 1 874
7831 17327 7877298 1 786
7832 17327 7877308 1 587
7832 17327 7877318 1 483
7832 17327 7877328 1 380
7833 17327 7877338 1 279
7833 17326 7877348 1 186
7833 17325 7877358 1 101
7833 17324 7877368 1 30
7833 17322 7877378 0 0
7832 17320 7877388 0 0
7831 17318 7877398 0 0
7830 17317 7877408 0 0
7829 17315 7877418 0 0
7828 17314 7877428 0 0
7827 17314 7877438 0 0
7826 17314 7877448 0 0
7826 17314 7877458 0 0
7826 17314 7877468 0 0
7825 17314 7877478 0 0
7825 17314 7877488 0 0
7825 17314 7877498 0 0
7824 17313 7877508 0 0
7824 17313 7877518 0 0
7823 17312 7877528 1 28
7822 17312 7877538 1 75
7821 17312 7877548 1 132
7820 17311 7877558 1 195
7819 17311 7877568 1 265
7818 17312 7877578 1 301
7817 17312 7877588 1 339
7814 17313 7877598 1 495
7812 17314 7877608 1 574
7811 17314 7877618 1 650
7810 17315 7877628 1 724
7808 17316 7877638 1 793
7807 17316 7877648 1 855
7807 17317 7877658 1 910
7806 17317 7877668 1 955
7805 17318 7877678 1 1009
7804 17317 7877688 1 1017
7804 17317 7877698 1 1008
7804 17316 7877708 1 987
7805 17314 7877718 1 971
7806 17313 7877728 1 964
7807 17312 7877738 1 959
7808 17311 7877748 1 953
7810 17310 7877758 1 949
7811 17309 7877768 1 949
7813 17309 7877778 1 953
7814 17308 7877788 1 958
7815 17308 7877798 1 966
7817 17308 7877808 1 975
7818 17309 7877818 1 985
7820 17309 7877828 1 996
7821 17310 7877838 1 1008
7821 17311 7877848 1 1018
7821 17313 7877858 1 1024
7821 17315 7877868 1 1024
7821 17318 7877878 1 1024
7820 17320 7877888 1 1024
7819 17323 7877898 1 1024
7819 17326 7877908 1 1024
7819 17328 7877918 1 1024
7819 17329 7877928 1 1024
7819 17329 7877938 1 1024
7820 17329 7877948 1 1024
7823 17326 7877958 1 1024
7825 17323 7877968 1 1024
7827 17320 7877978 1 1024
7829 17317 7877988 1 1024
7831 17313 7877998 1 1024
7833 17310 7878008 1 1024
7835 17306 7878018 1 1024
7837 17301 7878028 1 1024
7840 17297 7878038 1 1024
7842 17292 7878048 1 1024
7845 17288 7878058 1 1024
7847 17283 7878068 1 1024
7850 17279 7878078 1 1024
7854 17276 7878088 1 1024
7857 17273 7878098 1 1024
7860 17270 7878108 1 1024
7863 17266 7878118 1 1024
7865 17263 7878128 1 1024
7868 17261 7878138 1 1024
7870 17258 7878148 1 1024
7872 17256 7878158 1 1024
7874 17254 7878168 1 1024
7876 17252 7878178 1 1024
7878 17251 7878188 1 1024
7879 17251 7878198 1 1024
7881 17251 7878208 1 1024
7882 17251 7878218 1 1024
7884 17252 7878228 1 1024
7886 17253 7878238 1 1024
7887 17254 7878248 1 1024
7889 17256 7878258 1 1024
7891 17258 7878268 1 1024
7893 17261 7878278 1 1024
7894 17263 7878288 1 1024
7895 17267 7878298 1 1024
7896 17270 7878308 1 1024
7898 17277 7878318 1 1024
7898 17280 7878328 1 1024
7899 17284 7878338 1 1024
7900 17288 7878348 1 1024
7901 17292 7878358 1 1024
7901 17296 7878368 1 1024
7901 17300 7878378 1 1024
7902 17304 7878388 1 1024
7902 17308 7878398 1 1024
7902 17311 7878408 1 1024
7902 17315 7878418 1 1024
7901 17318 7878428 1 1024
7900 17321 7878438 1 1024
7898 17323 7878448 1 1024
7896 17326 7878458 1 1024
7894 17328 7878468 1 1024
7892 17329 7878478 1 1024
7891 17330 7878488 1 1024
7889 17332 7878498 1 1024
7889 17332 7878508 1 1024
7888 17333 7878518 1 1024
7888 17334 7878528 1 1024
7888 17335 7878538 1 1024
7888 17335 7878548 1 1024
7889 17336 7878558 1 1024
7889 17337 7878568 1 1024
7890 17338 7878578 1 1024
7891 17339 7878588 1 1024
7892 17340 7878598 1 1024
7893 17340 7878608 1 1024
7895 17340 7878618 1 1024
7897 17340 7878628 1 1024
7899 17340 7878638 1 1024
7901 17340 7878648 1 1024
7903 17340 7878658 1 1024
7904 17339 7878668 1 1024
7907 17339 7878678 1 1024
7907 17338 7878688 1 1024
7907 17338 7878698 1 1024
7906 17338 7878708 1 1024
7906 17339 7878718 1 1024
7905 17340 7878728 1 1024
7905 17342 7878738 1 1024
7905 17344 7878748 1 1024
7905 17346 7878758 1 1024
7906 17349 7878768 1 1024
7906 17352 7878778 1 1024
7907 17355 7878788 1 1024
7908 17357 7878798 1 1024
7908 17358 7878808 1 1024
7909 17358 7878818 1 1024
7909 17358 7878828 1 1024
7910 17356 7878838 1 1024
7910 17353 7878848 1 1024
7910 17349 7878858 1 1024
7910 17345 7878868 1 1024
7910 17339 7878878 1 1024
7910 17333 7878888 1 1024
7910 17326 7878898 1 1024
7910 17319 7878908 1 1024
7910 17311 7878918 1 1024
7910 17303 7878928 1 1024
7910 17295 7878938 1 998
7910 17287 7878948 1 923
7910 17281 7878958 1 843
7910 17275 7878968 1 760
7910 17271 7878978 1 674
7910 17267 7878988 1 588
7911 17265 7878998 1 501
7912 17264 7879008 1 416
7913 17265 7879018 1 332
7915 17267 7879028 1 250
7919 17275 7879038 1 101
7921 17280 7879048 1 37
7924 17286 7879058 0 0
7926 17293 7879068 0 0
7929 17300 7879078 0 0
7931 17308 7879088 0 0
7933 17316 7879098 0 0
7935 17323 7879108 0 0
7937 17330 7879118 0 0
7938 17337 7879128 0 0
7939 17343 7879138 0 0
7940 17349 7879148 0 0
7942 17354 7879158 1 161
7943 17359 7879168 1 281
7945 17364 7879178 1 423
7947 17368 7879188 1 588
7949 17372 7879198 1 778
7951 17375 7879208 1 994
7953 17378 7879218 1 1024
7954 17380 7879228 1 1024
7955 17381 7879238 1 1024
7956 17383 7879248 1 1024
7956 17383 7879258 1 1024
7955 17384 7879268 1 1024
7954 17384 7879278 1 1024
7953 17385 7879288 1 1024
7952 17385 7879298 1 1024
7950 17385 7879308 1 1024
7948 17386 7879318 1 1024
7946 17386 7879328 1 1024
7944 17386 7879338 1 1024
7942 17386 7879348 1 1024
