7689 18218 7938943 1 593
7689 18218 7938953 1 616
7689 18219 7938963 1 630
7689 18219 7938973 1 637
7688 18218 7938983 1 642
7688 18218 7938993 1 643
7688 18218 7939003 1 645
7693 18229 7939013 1 648
7704 18251 7939023 1 652
7712 18265 7939033 1 655
7715 18277 7939043 1 658
7718 18293 7939053 1 666
7713 18298 7939063 1 675
7700 18296 7939073 1 683
7685 18294 7939083 1 694
7676 18294 7939093 1 702
7673 18300 7939103 1 711
7674 18312 7939113 1 720
7675 18319 7939123 1 723
7676 18326 7939133 1 724
7677 18336 7939143 1 728
7677 18343 7939153 1 734
7673 18345 7939163 1 740
7666 18345 7939173 1 743
7658 18346 7939183 1 744
7652 18348 7939193 1 744
7648 18352 7939203 1 740
7648 18354 7939213 1 737
7647 18358 7939223 1 734
7646 18365 7939233 1 725
7644 18370 7939243 1 712
7642 18372 7939253 1 696
7638 18371 7939263 1 676
7633 18368 7939273 1 652
7628 18364 7939283 1 623
7624 18362 7939293 1 592
7623 18361 7939303 1 572
7623 18360 7939313 1 558
7623 18359 7939323 1 539
7623 18357 7939333 1 521
7623 18355 7939343 1 482
7623 18351 7939353 1 439
7623 18346 7939363 1 397
7623 18340 7939373 1 307
7624 18332 7939383 1 261
7624 18327 7939393 1 242
7625 18322 7939403 1 216
7626 18310 7939413 1 170
7628 18298 7939423 1 126
7630 18284 7939433 1 82
7633 18270 7939443 1 39
7636 18255 7939453 0 0
7640 18241 7939463 0 0
7643 18227 7939473 0 0
7645 18221 7939483 0 0
7647 18215 7939493 0 0
7650 18204 7939503 0 0
7653 18195 7939513 0 0
7656 18187 7939523 0 0
7658 18180 7939533 0 0
7660 18175 7939543 0 0
7662 18169 7939553 0 0
7663 18162 7939563 0 0
7664 18159 7939573 0 0
7666 18155 7939583 0 0
7671 18149 7939593 0 0
7677 18145 7939603 0 0
7683 18145 7939613 0 0
7689 18147 7939623 0 0
7694 18153 7939633 0 0
7699 18162 7939643 0 0
7705 18174 7939653 0 0
7707 18180 7939663 0 0
7710 18189 7939673 0 0
7716 18206 7939683 0 0
7721 18226 7939693 0 0
7727 18249 7939703 0 0
7732 18272 7939713 0 0
7736 18296 7939723 0 0
7740 18320 7939733 0 0
7744 18342 7939743 0 0
7746 18353 7939753 0 0
7747 18363 7939763 0 0
7750 18382 7939773 1 49
7752 18399 7939783 1 114
7754 18412 7939793 1 180
7756 18423 7939803 1 319
7757 18432 7939813 1 388
7758 18438 7939823 1 455
7759 18443 7939833 1 520
7759 18445 7939843 1 551
7759 18446 7939853 1 582
7760 18448 7939863 1 638
7761 18448 7939873 1 664
7762 18448 7939883 1 687
7762 18446 7939893 1 731
7763 18443 7939903 1 765
7763 18439 7939913 1 790
7763 18434 7939923 1 805
7763 18431 7939933 1 809
7763 18427 7939943 1 810
7762 18419 7939953 1 811
7761 18409 7939963 1 811
7759 18399 7939973 1 808
7757 18388 7939983 1 804
7754 18377 7939993 1 797
7750 18366 7940003 1 790
7747 18356 7940013 1 782
7744 18352 7940023 1 779
7742 18348 7940033 1 776
7738 18340 7940043 1 769
7735 18334 7940053 1 762
7731 18330 7940063 1 760
7728 18327 7940073 1 757
7725 18326 7940083 1 753
7723 18327 7940093 1 750
7720 18328 7940103 1 748
7719 18330 7940113 1 747
7717 18332 7940123 1 748
7714 18337 7940133 1 747
7711 18344 7940143 1 747
7708 18352 7940153 1 748
7704 18362 7940163 1 751
7700 18373 7940173 1 752
7696 18384 7940183 1 756
7692 18397 7940193 1 758
7690 18403 7940203 1 760
7688 18409 7940213 1 762
7684 18420 7940223 1 766
7681 18431 7940233 1 773
7678 18441 7940243 1 774
7676 18450 7940253 1 777
7674 18457 7940263 1 780
7672 18464 7940273 1 784
7670 18469 7940283 1 786
7669 18471 7940293 1 788
7668 18472 7940303 1 790
7666 18475 7940313 1 792
7665 18476 7940323 1 795
7662 18475 7940333 1 797
7660 18473 7940343 1 799
7657 18470 7940353 1 802
7654 18466 7940363 1 803
7652 18460 7940373 1 804
7650 18457 7940383 1 805
7649 18453 7940393 1 806
7647 18446 7940403 1 807
7645 18438 7940413 1 807
7643 18430 7940423 1 808
7642 18423 7940433 1 808
7641 18416 7940443 1 808
7640 18409 7940453 1 809
7640 18403 7940463 1 808
7640 18400 7940473 1 808
7640 18398 7940483 1 808
7640 18393 7940493 1 808
7640 18387 7940503 1 808
7640 18382 7940513 1 806
7641 18377 7940523 1 806
7641 18373 7940533 1 805
7642 18370 7940543 1 803
7643 18367 7940553 1 802
7643 18366 7940563 1 801
7644 18365 7940573 1 801
7645 18364 7940583 1 799
7646 18364 7940593 1 798
7646 18365 7940603 1 796
7647 18366 7940613 1 795
7648 18368 7940623 1 794
7648 18370 7940633 1 792
7649 18372 7940643 1 791
7649 18374 7940653 1 790
7649 18375 7940663 1 790
7649 18377 7940673 1 788
7649 18379 7940683 1 787
7649 18381 7940693 1 787
7649 18384 7940703 1 785
7649 18388 7940713 1 785
7649 18392 7940723 1 785
7650 18397 7940733 1 786
7650 18399 7940743 1 786
7650 18402 7940753 1 786
7651 18408 7940763 1 787
7653 18414 7940773 1 788
7654 18420 7940783 1 790
7656 18427 7940793 1 792
7659 18433 7940803 1 793
7661 18438 7940813 1 794
7664 18444 7940823 1 796
7665 18446 7940833 1 798
7667 18448 7940843 1 800
7669 18452 7940853 1 804
7672 18456 7940863 1 809
7674 18459 7940873 1 813
7677 18461 7940883 1 819
7678 18464 7940893 1 824
7680 18466 7940903 1 831
7681 18467 7940913 1 839
7682 18468 7940923 1 843
7682 18468 7940933 1 847
7683 18469 7940943 1 854
7683 18470 7940953 1 863
7684 18471 7940963 1 873
7684 18472 7940973 1 882
7684 18472 7940983 1 893
7684 18472 7940993 1 897
7684 18472 7941003 1 903
7684 18472 7941013 1 907
7684 18471 7941023 1 913
7685 18470 7941033 1 924
7685 18468 7941043 1 935
7686 18466 7941053 1 944
7688 18464 7941063 1 955
7689 18461 7941073 1 966
7691 18457 7941083 1 986
7693 18454 7941093 1 995
7694 18452 7941103 1 1000
7695 18451 7941113 1 1005
7697 18447 7941123 1 1013
7699 18444 7941133 1 1021
7701 18440 7941143 1 1024
7703 18437 7941153 1 1024
7706 18433 7941163 1 1024
7709 18429 7941173 1 1024
7711 18426 7941183 1 1024
7712 18424 7941193 1 1024
7713 18422 7941203 1 1024
7716 18418 7941213 1 1024
7718 18415 7941223 1 1024
7720 18411 7941233 1 1024
7721 18408 7941243 1 1024
7723 18405 7941253 1 1024
7724 18403 7941263 1 1024
7726 18400 7941273 1 1024
7727 18399 7941283 1 1024
7727 18398 7941293 1 1024
7729 18396 7941303 1 1024
7731 18394 7941313 1 1024
7733 18393 7941323 1 1024
7735 18391 7941333 1 1018
7737 18390 7941343 1 1005
7739 18389 7941353 1 992
7741 18387 7941363 1 985
7742 18387 7941373 1 983
7743 18386 7941383 1 977
7745 18384 7941393 1 960
7747 18382 7941403 1 941
7749 18381 7941413 1 921
7751 18379 7941423 1 899
7752 18377 7941433 1 874
7754 18376 7941443 1 848
7755 18375 7941453 1 820
7755 18374 7941463 1 805
7756 18374 7941473 1 790
7757 18373 7941483 1 759
7757 18373 7941493 1 726
7757 18373 7941503 1 692
7758 18373 7941513 1 621
7758 18373 7941523 1 585
7758 18373 7941533 1 547
7758 18373 7941543 1 528
7758 18373 7941553 1 524
7758 18373 7941563 1 510
7759 18374 7941573 1 472
7759 18374 7941583 1 434
7760 18374 7941593 1 396
7760 18374 7941603 1 358
7760 18374 7941613 1 321
7761 18374 7941623 1 284
7760 18374 7941633 1 247
7760 18373 7941643 1 229
7760 18373 7941653 1 212
7760 18373 7941663 1 178
7760 18373 7941673 1 144
7759 18373 7941683 1 112
7758 18373 7941693 1 80
7757 18373 7941703 1 50
7756 18374 7941713 1 23
7755 18375 7941723 0 0
7755 18375 7941733 0 0
7754 18376 7941743 0 0
7753 18377 7941753 0 0
7752 18378 7941763 0 0
7751 18380 7941773 0 0
7749 18382 7941783 0 0
7748 18384 7941793 0 0
7746 18386 7941803 0 0
7744 18388 7941813 0 0
7744 18390 7941823 0 0
7743 18391 7941833 0 0
7741 18394 7941843 0 0
7740 18397 7941853 0 0
7738 18401 7941863 0 0
7738 18404 7941873 0 0
7737 18408 7941883 0 0
7737 18413 7941893 0 0
7737 18417 7941903 0 0
7737 18419 7941913 0 0
7737 18421 7941923 0 0
7738 18426 7941933 0 0
7739 18430 7941943 0 0
7740 18434 7941953 0 0
7741 18437 7941963 0 0
7742 18440 7941973 0 0
7744 18442 7941983 1 14
7745 18444 7941993 1 46
7746 18445 7942003 1 64
7746 18446 7942013 1 87
7748 18447 7942023 1 136
7749 18448 7942033 1 193
7750 18448 7942043 1 255
7751 18448 7942053 1 323
7752 18448 7942063 1 394
7753 18447 7942073 1 466
7754 18446 7942083 1 540
7754 18445 7942093 1 577
7755 18444 7942103 1 614
7756 18443 7942113 1 686
7757 18441 7942123 1 754
7758 18438 7942133 1 818
7759 18436 7942143 1 877
7761 18433 7942153 1 929
7762 18431 7942163 1 973
7764 18429 7942173 1 1007
7764 18428 7942183 1 1023
7765 18427 7942193 1 1024
7766 18426 7942203 1 1024
7767 18424 7942213 1 1024
7767 18423 7942223 1 1024
7768 18422 7942233 1 1024
7768 18422 7942243 1 1024
7768 18422 7942253 1 1024
7769 18422 7942263 1 1024
7769 18422 7942273 1 1024
7769 18422 7942283 1 1024
7769 18421 7942293 1 1024
7770 18421 7942303 1 1024
7770 18421 7942313 1 1024
7770 18420 7942323 1 1024
7770 18420 7942333 1 960
7770 18420 7942343 1 880
7769 18420 7942353 1 789
7769 18420 7942363 1 689
7769 18419 7942373 1 584
7768 18419 7942383 1 476
7768 18419 7942393 1 369
7767 18419 7942403 1 265
7766 18419 7942413 1 167
7766 18418 7942423 1 80
7765 18418 7942433 1 5
7765 18418 7942443 0 0
7764 18418 7942453 0 0
7764 18418 7942463 0 0
7764 18418 7942473 0 0
7764 18419 7942483 0 0
7764 18420 7942493 0 0
7764 18421 7942503 0 0
7764 18422 7942513 0 0
7764 18423 7942523 0 0
7765 18424 7942533 0 0
7765 18424 7942543 0 0
7765 18425 7942553 0 0
7766 18426 7942563 0 0
7766 18427 7942573 0 0
7767 18427 7942583 0 0
7767 18428 7942593 0 0
7768 18428 7942603 0 0
7768 18429 7942613 0 0
7769 18428 7942623 1 45
7769 18428 7942633 1 72
7769 18428 7942643 1 104
7770 18427 7942653 1 170
7770 18426 7942663 1 243
7770 18425 7942673 1 281
7770 18424 7942683 1 321
7770 18423 7942693 1 403
7769 18422 7942703 1 485
7769 18421 7942713 1 568
7769 18421 7942723 1 609
7769 18421 7942733 1 648
7769 18420 7942743 1 727
7768 18419 7942753 1 799
7768 18418 7942763 1 865
7768 18417 7942773 1 923
7768 18417 7942783 1 971
7768 18415 7942793 1 1024
7768 18414 7942803 1 1024
7768 18413 7942813 1 1024
7768 18412 7942823 1 1024
7768 18410 7942833 1 1006
7768 18408 7942843 1 989
7768 18407 7942853 1 981
7768 18406 7942863 1 977
7769 18406 7942873 1 970
7769 18406 7942883 1 966
7770 18406 7942893 1 967
7770 18406 7942903 1 968
7771 18407 7942913 1 971
7771 18407 7942923 1 976
7772 18408 7942933 1 985
7773 18409 7942943 1 995
7775 18411 7942953 1 1006
7776 18412 7942963 1 1018
7777 18414 7942973 1 1024
7779 18415 7942983 1 1024
7780 18416 7942993 1 1024
7780 18417 7943003 1 1024
7782 18419 7943013 1 1024
7784 18421 7943023 1 1024
7786 18423 7943033 1 1024
7787 18425 7943043 1 1024
7789 18427 7943053 1 1024
7791 18428 7943063 1 1024
7793 18429 7943073 1 1024
7794 18429 7943083 1 1024
7795 18429 7943093 1 1024
7797 18429 7943103 1 1024
7798 18429 7943113 1 1024
7800 18429 7943123 1 1024
7802 18427 7943133 1 1024
7804 18426 7943143 1 1024
7807 18423 7943153 1 1024
7809 18420 7943163 1 1024
7810 18418 7943173 1 1024
7812 18416 7943183 1 1024
7815 18412 7943193 1 1024
7818 18407 7943203 1 1024
7821 18401 7943213 1 1024
7824 18395 7943223 1 1024
7828 18389 7943233 1 1024
7831 18383 7943243 1 1024
7834 18377 7943253 1 1024
7836 18374 7943263 1 1024
7837 18371 7943273 1 1024
7841 18366 7943283 1 1024
7844 18360 7943293 1 1024
7846 18355 7943303 1 1024
7849 18351 7943313 1 1024
7851 18347 7943323 1 1024
7852 18343 7943333 1 1024
7854 18341 7943343 1 1024
7854 18339 7943353 1 1024
7855 18338 7943363 1 1024
7855 18336 7943373 1 1024
7856 18335 7943383 1 1024
7856 18333 7943393 1 1024
7857 18333 7943403 1 1024
7857 18333 7943413 1 1024
7857 18333 7943423 1 1024
7857 18334 7943433 1 1024
7858 18334 7943443 1 1024
7858 18335 7943453 1 1024
7858 18338 7943463 1 1024
7859 18341 7943473 1 1024
7859 18345 7943483 1 1024
7859 18349 7943493 1 1024
7859 18353 7943503 1 1024
7859 18358 7943513 1 1024
7859 18363 7943523 1 1024
7859 18366 7943533 1 1024
7859 18368 7943543 1 1024
7859 18373 7943553 1 1024
7859 18377 7943563 1 1024
7859 18382 7943573 1 1024
7859 18387 7943583 1 1024
7860 18392 7943593 1 1024
7860 18397 7943603 1 1024
7860 18402 7943613 1 1024
7860 18404 7943623 1 1024
7861 18406 7943633 1 1024
7861 18410 7943643 1 1024
7862 18414 7943653 1 1024
7862 18417 7943663 1 1024
7863 18419 7943673 1 1024
7863 18421 7943683 1 1024
7864 18422 7943693 1 1024
7865 18422 7943703 1 1024
7865 18423 7943713 1 1024
7866 18423 7943723 1 1024
7866 18423 7943733 1 1024
7867 18423 7943743 1 1024
7868 18423 7943753 1 1024
7868 18423 7943763 1 1024
7869 18423 7943773 1 1024
7870 18423 7943783 1 1024
7870 18423 7943793 1 1024
7870 18423 7943803 1 1024
7871 18423 7943813 1 1024
7871 18423 7943823 1 1024
7871 18423 7943833 1 1024
7871 18423 7943843 1 1024
7871 18423 7943853 1 1024
7870 18422 7943863 1 1024
7870 18422 7943873 1 1024
7870 18422 7943883 1 1024
7870 18422 7943893 1 1024
7870 18422 7943903 1 1024
7870 18423 7943913 1 1024
7870 18423 7943923 1 1024
7870 18424 7943933 1 1024
7871 18425 7943943 1 1024
7872 18426 7943953 1 1024
7873 18428 7943963 1 1024
7873 18431 7943973 1 1024
7874 18432 7943983 1 1024
7874 18434 7943993 1 1024
7874 18437 7944003 1 1024
7875 18441 7944013 1 1024
7875 18445 7944023 1 1024
7875 18449 7944033 1 1024
7875 18453 7944043 1 1024
7876 18456 7944053 1 1024
7876 18459 7944063 1 1024
7877 18460 7944073 1 1024
7877 18461 7944083 1 1024
7878 18462 7944093 1 1024
7878 18463 7944103 1 1024
7879 18463 7944113 1 1024
7879 18463 7944123 1 1024
7880 18462 7944133 1 1024
7880 18460 7944143 1 1024
7881 18457 7944153 1 1024
7881 18456 7944163 1 1024
7881 18453 7944173 1 1024
7881 18448 7944183 1 1024
7882 18442 7944193 1 1024
7882 18435 7944203 1 1024
7883 18427 7944213 1 1024
7883 18419 7944223 1 1024
7884 18410 7944233 1 1024
7885 18402 7944243 1 1024
7886 18394 7944253 1 955
7886 18386 7944263 1 865
7887 18380 7944273 1 771
7888 18374 7944283 1 673
7888 18369 7944293 1 576
7889 18365 7944303 1 476
7889 18363 7944313 1 380
7890 18362 7944323 1 284
7890 18361 7944333 1 191
7891 18363 7944343 1 104
7891 18365 7944353 1 22
7892 18368 7944363 0 0
7893 18372 7944373 0 0
7893 18377 7944383 0 0
7894 18384 7944393 0 0
7895 18391 7944403 0 0
7896 18399 7944413 0 0
7896 18408 7944423 0 0
7896 18417 7944433 0 0
7896 18427 7944443 0 0
7896 18436 7944453 0 0
7896 18446 7944463 0 0
7895 18455 7944473 1 86
7894 18463 7944483 1 223
7893 18471 7944493 1 386
7892 18478 7944503 1 574
7891 18484 7944513 1 793
7889 18489 7944523 1 1024
7888 18494 7944533 1 1024
7887 18498 7944543 1 1024
7886 18501 7944553 1 1024
7885 18504 7944563 1 1024
7885 18506 7944573 1 1024
7885 18509 7944583 1 1024
7885 18510 7944593 1 1024
7885 18512 7944603 1 1024
7885 18514 7944613 1 1024
7886 18515 7944623 1 1024
7886 18516 7944633 1 1024
7887 18517 7944643 1 1024
7887 18518 7944653 1 1024
7888 18519 7944663 1 1024
