7696 18513 8302565 1 662
7684 18503 8302575 1 662
7687 18506 8302585 1 662
7690 18514 8302595 1 663
7690 18521 8302605 1 663
7687 18526 8302615 1 664
7685 18532 8302625 1 664
7684 18535 8302635 1 664
7681 18537 8302645 1 664
7676 18541 8302655 1 664
7670 18544 8302665 1 665
7665 18545 8302675 1 665
7661 18546 8302685 1 666
7659 18546 8302695 1 667
7660 18545 8302705 1 667
7663 18546 8302715 1 667
7667 18547 8302725 1 668
7672 18549 8302735 1 668
7677 18551 8302745 1 669
7679 18553 8302755 1 670
7680 18553 8302765 1 670
7677 18551 8302775 1 671
7676 18551 8302785 1 671
7674 18548 8302795 1 671
7666 18541 8302805 1 672
7659 18530 8302815 1 673
7649 18501 8302825 1 674
7649 18486 8302835 1 674
7653 18471 8302845 1 675
7654 18464 8302855 1 675
7657 18458 8302865 1 676
7669 18448 8302875 1 676
7683 18442 8302885 1 677
7698 18440 8302895 1 678
7713 18441 8302905 1 678
7726 18445 8302915 1 679
7737 18450 8302925 1 680
7743 18451 8302935 1 680
7748 18453 8302945 1 681
7758 18461 8302955 1 682
7759 18462 8302965 1 683
7758 18462 8302975 1 683
7756 18461 8302985 1 683
7754 18460 8302995 1 684
7752 18459 8303005 1 684
7750 18459 8303015 1 685
7746 18460 8303025 1 686
7742 18461 8303035 1 686
7739 18464 8303045 1 687
7735 18468 8303055 1 688
7733 18473 8303065 1 689
7730 18479 8303075 1 690
7728 18487 8303085 1 690
7728 18494 8303095 1 691
7729 18499 8303105 1 692
7731 18505 8303115 1 693
7733 18509 8303125 1 694
7736 18512 8303135 1 695
7740 18515 8303145 1 696
7744 18516 8303155 1 696
7748 18517 8303165 1 697
7752 18517 8303175 1 697
7757 18516 8303185 1 698
7761 18514 8303195 1 699
7765 18512 8303205 1 700
7771 18505 8303215 1 702
7771 18502 8303225 1 703
7771 18499 8303235 1 703
7771 18494 8303245 1 704
7770 18490 8303255 1 705
7768 18486 8303265 1 706
7765 18482 8303275 1 707
7761 18478 8303285 1 708
7757 18474 8303295 1 709
7755 18472 8303305 1 710
7752 18470 8303315 1 710
7749 18467 8303325 1 711
7747 18465 8303335 1 712
7745 18460 8303345 1 714
7746 18459 8303355 1 715
7748 18458 8303365 1 716
7749 18459 8303375 1 717
7751 18460 8303385 1 717
7753 18461 8303395 1 718
7756 18462 8303405 1 720
7758 18464 8303415 1 721
7760 18466 8303425 1 722
7760 18468 8303435 1 723
7760 18470 8303445 1 724
7761 18470 8303455 1 724
7761 18470 8303465 1 725
7757 18473 8303475 1 727
7756 18474 8303485 1 728
7755 18475 8303495 1 730
7754 18476 8303505 1 732
7755 18477 8303515 1 733
7756 18478 8303525 1 733
7757 18480 8303535 1 734
7760 18481 8303545 1 735
7763 18483 8303555 1 736
7767 18485 8303565 1 738
7771 18487 8303575 1 739
7775 18489 8303585 1 740
7778 18491 8303595 1 741
7782 18492 8303605 1 743
7783 18493 8303615 1 744
7784 18493 8303625 1 745
7784 18493 8303635 1 747
7783 18493 8303645 1 748
7782 18492 8303655 1 749
7781 18491 8303665 1 751
7780 18491 8303675 1 751
7780 18490 8303685 1 752
7779 18489 8303695 1 754
7779 18489 8303705 1 755
7779 18488 8303715 1 756
7779 18488 8303725 1 759
7779 18488 8303735 1 760
7779 18489 8303745 1 761
7779 18489 8303755 1 761
7778 18490 8303765 1 762
7777 18490 8303775 1 762
7777 18491 8303785 1 763
7776 18492 8303795 1 765
7776 18492 8303805 1 766
7777 18492 8303815 1 768
7777 18492 8303825 1 768
7777 18492 8303835 1 768
7779 18492 8303845 1 768
7780 18492 8303855 1 767
7783 18492 8303865 1 761
7783 18493 8303875 1 757
7783 18493 8303885 1 755
7783 18494 8303895 1 755
7783 18494 8303905 1 756
7782 18494 8303915 1 761
7780 18495 8303925 1 769
7779 18494 8303935 1 783
7777 18493 8303945 1 799
7776 18492 8303955 1 817
7774 18490 8303965 1 834
7773 18489 8303975 1 841
7771 18488 8303985 1 847
7770 18483 8303995 1 860
7769 18480 8304005 1 855
7769 18478 8304015 1 840
7768 18476 8304025 1 813
7769 18474 8304035 1 773
7769 18473 8304045 1 751
7771 18472 8304055 1 719
7773 18471 8304065 1 654
7776 18471 8304075 1 581
7780 18472 8304085 1 504
7784 18473 8304095 1 426
7788 18475 8304105 1 351
7792 18477 8304115 1 281
7795 18481 8304125 1 221
7795 18484 8304135 1 173
7794 18486 8304145 1 122
7791 18488 8304155 1 125
7786 18489 8304165 1 128
7782 18489 8304175 1 131
7777 18487 8304185 1 135
7773 18486 8304195 1 136
7770 18485 8304205 1 138
7768 18481 8304215 1 142
7768 18477 8304225 1 145
7769 18473 8304235 1 148
7772 18469 8304245 1 151
7779 18465 8304255 1 157
7783 18465 8304265 1 158
7787 18466 8304275 1 160
7791 18467 8304285 1 169
7793 18469 8304295 1 186
7795 18472 8304305 1 208
7797 18475 8304315 1 235
7797 18479 8304325 1 267
7797 18482 8304335 1 303
7796 18484 8304345 1 322
7794 18485 8304355 1 342
7793 18488 8304365 1 382
7792 18490 8304375 1 424
7792 18494 8304385 1 508
7793 18495 8304395 1 549
7794 18497 8304405 1 588
7795 18498 8304415 1 608
7798 18498 8304425 1 625
7802 18500 8304435 1 660
7807 18503 8304445 1 690
7813 18505 8304455 1 717
7819 18506 8304465 1 739
7825 18508 8304475 1 755
7831 18508 8304485 1 764
7836 18509 8304495 1 769
7840 18509 8304505 1 768
7845 18505 8304515 1 767
7846 18502 8304525 1 768
7846 18499 8304535 1 771
7844 18495 8304545 1 773
7843 18492 8304555 1 776
7840 18490 8304565 1 778
7838 18488 8304575 1 778
7836 18488 8304585 1 777
7835 18486 8304595 1 777
7833 18483 8304605 1 775
7832 18479 8304615 1 773
7830 18476 8304625 1 772
7828 18472 8304635 1 770
7825 18464 8304645 1 767
7825 18460 8304655 1 765
7825 18456 8304665 1 765
7825 18452 8304675 1 765
7826 18449 8304685 1 765
7825 18448 8304695 1 767
7821 18447 8304705 1 770
7815 18447 8304715 1 775
7807 18448 8304725 1 780
7798 18450 8304735 1 787
7786 18452 8304745 1 796
7774 18454 8304755 1 806
7760 18458 8304765 1 818
7731 18466 8304775 1 846
7719 18470 8304785 1 857
7709 18475 8304795 1 855
7701 18480 8304805 1 853
7694 18486 8304815 1 851
7689 18492 8304825 1 850
7686 18498 8304835 1 848
7684 18505 8304845 1 847
7684 18512 8304855 1 845
7685 18520 8304865 1 844
7688 18528 8304875 1 842
7692 18538 8304885 1 841
