7642 17456 7281435 1 657
7642 17456 7281445 1 660
7642 17456 7281455 1 662
7642 17456 7281465 1 664
7642 17456 7281475 1 666
7642 17455 7281485 1 668
7642 17455 7281495 1 669
7641 17455 7281505 1 671
7640 17455 7281515 1 672
7639 17455 7281525 1 672
7637 17455 7281535 1 672
7634 17454 7281545 1 673
7630 17453 7281555 1 674
7626 17452 7281565 1 675
7621 17449 7281575 1 676
7617 17446 7281585 1 677
7614 17442 7281595 1 677
7611 17438 7281605 1 677
7609 17436 7281615 1 677
7608 17433 7281625 1 678
7605 17428 7281635 1 679
7603 17422 7281645 1 680
7600 17416 7281655 1 681
7599 17411 7281665 1 682
7598 17405 7281675 1 682
7597 17401 7281685 1 683
7598 17398 7281695 1 684
7598 17397 7281705 1 684
7598 17396 7281715 1 684
7600 17394 7281725 1 685
7601 17393 7281735 1 686
7602 17392 7281745 1 687
7604 17391 7281755 1 688
7605 17390 7281765 1 688
7606 17390 7281775 1 689
7607 17390 7281785 1 690
7608 17389 7281795 1 691
7608 17389 7281805 1 692
7609 17389 7281815 1 694
7610 17390 7281825 1 696
7610 17390 7281835 1 697
7609 17390 7281845 1 698
7608 17390 7281855 1 699
7607 17389 7281865 1 699
7605 17390 7281875 1 698
7603 17390 7281885 1 697
7602 17391 7281895 1 696
7599 17394 7281905 1 695
7595 17397 7281915 1 695
7591 17400 7281925 1 695
7588 17404 7281935 1 698
7584 17409 7281945 1 705
7581 17413 7281955 1 716
7578 17418 7281965 1 732
7577 17420 7281975 1 743
7576 17422 7281985 1 750
7574 17426 7281995 1 759
7572 17430 7282005 1 769
7571 17432 7282015 1 788
7571 17433 7282025 1 804
7572 17432 7282035 1 817
7573 17430 7282045 1 822
7576 17425 7282055 1 825
7578 17422 7282065 1 827
7580 17418 7282075 1 826
7584 17410 7282085 1 823
7588 17401 7282095 1 813
7594 17391 7282105 1 794
7600 17381 7282115 1 763
7608 17371 7282125 1 719
7615 17362 7282135 1 660
7624 17352 7282145 1 628
7628 17347 7282155 1 620
7633 17342 7282165 1 590
7643 17334 7282175 1 510
7652 17327 7282185 1 425
7662 17323 7282195 1 336
7670 17321 7282205 1 247
7678 17322 7282215 1 202
7685 17323 7282225 1 191
7691 17326 7282235 1 159
7693 17327 7282245 1 124
7696 17329 7282255 1 79
7701 17333 7282265 1 29
7705 17336 7282275 1 29
7709 17339 7282285 1 29
7712 17341 7282295 1 28
7715 17343 7282305 1 28
7718 17344 7282315 1 28
7720 17344 7282325 1 28
7721 17344 7282335 1 28
7722 17343 7282345 1 28
7722 17342 7282355 1 28
7722 17340 7282365 1 27
7721 17339 7282375 1 27
7720 17338 7282385 1 27
7719 17336 7282395 1 27
7718 17335 7282405 1 27
7717 17335 7282415 1 27
7716 17335 7282425 1 26
7715 17336 7282435 1 26
7714 17337 7282445 1 26
7712 17340 7282455 1 26
7711 17342 7282465 1 26
7709 17345 7282475 1 26
7708 17348 7282485 1 26
7707 17350 7282495 1 25
7706 17353 7282505 1 25
7706 17354 7282515 1 35
7706 17355 7282525 1 56
7706 17357 7282535 1 77
7706 17360 7282545 1 83
7706 17361 7282555 1 100
7705 17363 7282565 1 149
7705 17365 7282575 1 199
7705 17366 7282585 1 250
7705 17368 7282595 1 302
7705 17369 7282605 1 332
7705 17369 7282615 1 354
7705 17371 7282625 1 380
7705 17372 7282635 1 404
7704 17374 7282645 1 452
7703 17375 7282655 1 498
7702 17377 7282665 1 540
7700 17380 7282675 1 576
7699 17382 7282685 1 595
7698 17383 7282695 1 598
7698 17384 7282705 1 599
7697 17387 7282715 1 608
7697 17389 7282725 1 633
7697 17391 7282735 1 651
7697 17392 7282745 1 661
7697 17394 7282755 1 665
7698 17395 7282765 1 670
7698 17396 7282775 1 672
7699 17396 7282785 1 673
7699 17396 7282795 1 676
7701 17397 7282805 1 682
7703 17397 7282815 1 690
7706 17397 7282825 1 699
7708 17397 7282835 1 707
7711 17397 7282845 1 711
7715 17396 7282855 1 713
7718 17396 7282865 1 716
7719 17395 7282875 1 720
7720 17395 7282885 1 725
7723 17394 7282895 1 734
7725 17393 7282905 1 742
7727 17392 7282915 1 751
7729 17391 7282925 1 759
7731 17389 7282935 1 763
7732 17387 7282945 1 767
7734 17385 7282955 1 773
7735 17384 7282965 1 776
7736 17382 7282975 1 779
7737 17379 7282985 1 783
7738 17376 7282995 1 786
7738 17373 7283005 1 787
7738 17370 7283015 1 787
7738 17367 7283025 1 788
7737 17364 7283035 1 788
7736 17362 7283045 1 786
7736 17361 7283055 1 785
7735 17360 7283065 1 783
7733 17357 7283075 1 777
7731 17355 7283085 1 770
7729 17353 7283095 1 767
7726 17350 7283105 1 762
7723 17348 7283115 1 751
7720 17346 7283125 1 740
7717 17345 7283135 1 729
7716 17344 7283145 1 722
7715 17343 7283155 1 716
7713 17343 7283165 1 710
7711 17343 7283175 1 709
7710 17343 7283185 1 705
7709 17344 7283195 1 692
7709 17345 7283205 1 680
7709 17347 7283215 1 669
7709 17350 7283225 1 658
7709 17351 7283235 1 652
7710 17353 7283245 1 649
7710 17357 7283255 1 645
7711 17361 7283265 1 641
7713 17365 7283275 1 635
7715 17369 7283285 1 630
7716 17373 7283295 1 627
7719 17376 7283305 1 627
7721 17379 7283315 1 628
7722 17381 7283325 1 628
7723 17382 7283335 1 628
7724 17384 7283345 1 630
7725 17386 7283355 1 635
7726 17388 7283365 1 642
7727 17389 7283375 1 654
7727 17389 7283385 1 670
7728 17389 7283395 1 689
7728 17389 7283405 1 698
7728 17389 7283415 1 701
7727 17389 7283425 1 711
7727 17388 7283435 1 739
7725 17388 7283445 1 770
7724 17387 7283455 1 806
7722 17387 7283465 1 848
7720 17387 7283475 1 869
7718 17387 7283485 1 875
7716 17388 7283495 1 892
7715 17389 7283505 1 911
7714 17389 7283515 1 939
7712 17390 7283525 1 986
7710 17392 7283535 1 1016
7709 17394 7283545 1 1016
7708 17395 7283555 1 1017
7707 17397 7283565 1 1017
7707 17398 7283575 1 1017
7706 17399 7283585 1 1017
7706 17400 7283595 1 1017
7707 17400 7283605 1 1017
7707 17401 7283615 1 1017
7708 17401 7283625 1 1017
7709 17401 7283635 1 1017
7710 17400 7283645 1 1017
7711 17398 7283655 1 1018
7713 17397 7283665 1 1018
7714 17395 7283675 1 1018
7715 17394 7283685 1 1024
7716 17393 7283695 1 1016
7717 17391 7283705 1 928
7719 17389 7283715 1 821
7720 17387 7283725 1 764
7722 17386 7283735 1 693
7724 17385 7283745 1 552
7725 17384 7283755 1 408
7727 17384 7283765 1 268
7727 17384 7283775 1 203
7728 17384 7283785 1 143
7729 17384 7283795 0 0
7730 17385 7283805 0 0
7730 17385 7283815 0 0
7730 17387 7283825 0 0
7730 17388 7283835 0 0
7729 17389 7283845 0 0
7729 17390 7283855 0 0
7728 17390 7283865 0 0
7728 17391 7283875 0 0
7727 17391 7283885 0 0
7725 17392 7283895 0 0
7724 17392 7283905 0 0
7723 17392 7283915 1 3
7721 17392 7283925 1 9
7719 17392 7283935 1 20
7718 17391 7283945 1 33
7717 17391 7283955 1 49
7716 17391 7283965 1 68
7714 17391 7283975 1 89
7713 17390 7283985 1 112
7712 17390 7283995 1 137
7711 17390 7284005 1 163
7710 17390 7284015 1 190
7710 17390 7284025 1 218
7710 17391 7284035 1 246
7710 17391 7284045 1 275
7710 17391 7284055 1 303
7711 17392 7284065 1 331
7711 17393 7284075 1 359
7712 17393 7284085 1 386
7713 17394 7284095 1 411
7713 17394 7284105 1 435
7714 17394 7284115 1 457
7715 17394 7284125 1 478
7715 17394 7284135 1 500
7716 17395 7284145 1 533
7717 17395 7284155 1 586
7719 17395 7284165 1 635
7721 17395 7284175 1 680
7723 17396 7284185 1 720
7726 17396 7284195 1 740
7729 17396 7284205 1 754
7732 17397 7284215 1 781
7733 17397 7284225 1 795
7734 17397 7284235 1 801
7737 17397 7284245 1 811
7739 17397 7284255 1 814
7741 17397 7284265 1 816
7742 17397 7284275 1 817
7743 17397 7284285 1 820
7744 17397 7284295 1 827
7744 17398 7284305 1 835
7744 17399 7284315 1 839
7745 17399 7284325 1 844
7745 17400 7284335 1 853
7746 17401 7284345 1 861
7746 17401 7284355 1 864
7747 17402 7284365 1 866
7748 17402 7284375 1 870
7749 17402 7284385 1 871
7750 17401 7284395 1 868
7750 17401 7284405 1 865
7751 17401 7284415 1 861
7752 17400 7284425 1 856
7753 17398 7284435 1 854
7754 17397 7284445 1 847
7754 17395 7284455 1 829
7755 17394 7284465 1 805
7755 17392 7284475 1 778
7756 17390 7284485 1 746
7756 17389 7284495 1 726
7756 17388 7284505 1 711
7756 17387 7284515 1 692
7755 17386 7284525 1 673
7755 17384 7284535 1 632
7755 17384 7284545 1 590
7754 17383 7284555 1 545
7753 17382 7284565 1 498
7753 17381 7284575 1 476
7752 17381 7284585 1 471
7752 17381 7284595 1 470
7752 17381 7284605 1 452
7751 17380 7284615 1 406
7751 17380 7284625 1 358
7750 17380 7284635 1 312
7750 17379 7284645 1 266
7750 17379 7284655 1 223
7750 17379 7284665 1 201
7750 17379 7284675 1 196
7750 17378 7284685 1 181
7749 17378 7284695 1 141
7749 17378 7284705 1 105
7748 17377 7284715 1 72
7748 17377 7284725 1 41
7747 17376 7284735 1 27
7746 17376 7284745 1 23
7745 17375 7284755 1 17
7745 17374 7284765 1 11
7745 17374 7284775 1 8
7745 17373 7284785 1 8
7745 17372 7284795 1 9
7745 17371 7284805 1 9
7746 17371 7284815 1 9
7748 17370 7284825 1 9
7749 17370 7284835 1 9
7751 17370 7284845 1 9
7752 17370 7284855 1 10
7753 17371 7284865 1 10
7755 17372 7284875 1 10
7758 17373 7284885 1 10
7760 17375 7284895 1 10
7762 17378 7284905 1 10
7764 17380 7284915 1 10
7766 17383 7284925 1 11
7768 17386 7284935 1 11
7769 17387 7284945 1 12
7770 17389 7284955 1 11
7772 17391 7284965 1 11
7773 17394 7284975 1 26
7774 17396 7284985 1 41
7774 17397 7284995 1 67
7774 17399 7285005 1 115
7774 17400 7285015 1 170
7774 17400 7285025 1 230
7773 17400 7285035 1 267
7773 17400 7285045 1 295
7771 17400 7285055 1 328
7770 17400 7285065 1 337
7768 17400 7285075 1 363
7766 17400 7285085 1 433
7764 17399 7285095 1 504
7762 17399 7285105 1 573
7761 17400 7285115 1 641
7760 17400 7285125 1 680
7759 17400 7285135 1 706
7757 17400 7285145 1 737
7756 17401 7285155 1 766
7755 17402 7285165 1 821
7754 17403 7285175 1 869
7753 17404 7285185 1 908
7753 17405 7285195 1 939
7752 17405 7285205 1 951
7752 17405 7285215 1 954
7752 17406 7285225 1 954
7752 17406 7285235 1 958
7752 17405 7285245 1 964
7752 17404 7285255 1 961
7753 17403 7285265 1 956
7753 17401 7285275 1 952
7754 17399 7285285 1 948
7755 17397 7285295 1 947
7756 17396 7285305 1 947
7756 17395 7285315 1 946
7758 17393 7285325 1 945
7759 17391 7285335 1 946
7760 17389 7285345 1 947
7762 17387 7285355 1 950
7763 17385 7285365 1 951
7765 17383 7285375 1 951
7768 17381 7285385 1 952
7769 17380 7285395 1 953
7770 17379 7285405 1 955
7773 17377 7285415 1 959
7776 17374 7285425 1 962
7780 17372 7285435 1 964
7783 17370 7285445 1 966
7785 17368 7285455 1 967
7788 17367 7285465 1 968
7791 17366 7285475 1 970
7792 17365 7285485 1 971
7793 17365 7285495 1 971
7795 17364 7285505 1 972
7797 17364 7285515 1 972
7798 17363 7285525 1 973
7800 17363 7285535 1 973
7801 17364 7285545 1 973
7801 17364 7285555 1 974
7801 17365 7285565 1 976
7802 17365 7285575 1 976
7801 17366 7285585 1 977
7801 17367 7285595 1 978
7800 17368 7285605 1 980
7799 17369 7285615 1 981
7798 17370 7285625 1 982
7796 17371 7285635 1 985
7794 17372 7285645 1 987
7792 17373 7285655 1 991
7791 17374 7285665 1 993
7790 17374 7285675 1 994
7788 17374 7285685 1 995
7786 17374 7285695 1 995
7784 17375 7285705 1 996
7782 17374 7285715 1 995
7782 17374 7285725 1 994
7781 17374 7285735 1 990
7782 17374 7285745 1 985
7782 17373 7285755 1 982
7782 17373 7285765 1 980
7784 17374 7285775 1 977
7785 17374 7285785 1 975
7786 17375 7285795 1 971
7788 17376 7285805 1 970
7790 17377 7285815 1 972
7792 17378 7285825 1 979
7795 17380 7285835 1 984
7796 17380 7285845 1 984
7797 17381 7285855 1 985
7800 17382 7285865 1 991
7803 17384 7285875 1 1005
7807 17385 7285885 1 1005
7810 17386 7285895 1 1005
7814 17387 7285905 1 1005
7818 17388 7285915 1 1005
7821 17389 7285925 1 1005
7823 17390 7285935 1 1005
7825 17390 7285945 1 1004
7828 17390 7285955 1 1004
7832 17390 7285965 1 1004
7835 17390 7285975 1 1004
7837 17390 7285985 1 1004
7840 17389 7285995 1 1004
7841 17389 7286005 1 1004
7843 17388 7286015 1 1004
7843 17387 7286025 1 1004
7844 17386 7286035 1 1003
7845 17385 7286045 1 1003
7845 17384 7286055 1 1003
7846 17383 7286065 1 1003
7846 17381 7286075 1 1003
7846 17380 7286085 1 1003
7847 17379 7286095 1 1003
7847 17378 7286105 1 1003
7847 17377 7286115 1 1003
7847 17377 7286125 1 1003
7847 17376 7286135 1 1002
7847 17375 7286145 1 1002
7847 17375 7286155 1 1002
7846 17375 7286165 1 1002
7846 17374 7286175 1 1002
7845 17375 7286185 1 1002
7845 17376 7286195 1 1002
7845 17376 7286205 1 984
7845 17377 7286215 1 905
7844 17378 7286225 1 746
7844 17379 7286235 1 579
7843 17381 7286245 1 413
7843 17382 7286255 1 253
7842 17384 7286265 1 106
7841 17385 7286275 1 31
7841 17385 7286285 1 31
7841 17386 7286295 1 34
7841 17386 7286305 1 32
7841 17387 7286315 1 32
7841 17387 7286325 1 32
7842 17387 7286335 1 32
7844 17388 7286345 1 32
7845 17388 7286355 1 32
7847 17388 7286365 1 33
7849 17389 7286375 1 33
7849 17389 7286385 1 33
7850 17389 7286395 1 33
7852 17389 7286405 1 33
7853 17389 7286415 1 33
7855 17389 7286425 1 33
7856 17389 7286435 1 34
7858 17389 7286445 1 34
7859 17389 7286455 1 34
7860 17390 7286465 1 34
7861 17390 7286475 1 71
7861 17390 7286485 1 135
7862 17390 7286495 1 205
7863 17390 7286505 1 278
7863 17390 7286515 1 352
7864 17390 7286525 1 425
7864 17390 7286535 1 461
7865 17390 7286545 1 495
7865 17390 7286555 1 561
7865 17390 7286565 1 619
7865 17389 7286575 1 669
7865 17389 7286585 1 708
7865 17389 7286595 1 734
7865 17389 7286605 1 746
7865 17388 7286615 1 741
7865 17388 7286625 1 717
7865 17388 7286635 1 672
7865 17388 7286645 1 606
7864 17387 7286655 1 522
7864 17387 7286665 1 448
7863 17387 7286675 1 386
7863 17387 7286685 1 338
7863 17387 7286695 1 307
7863 17387 7286705 1 296
7863 17387 7286715 1 306
7863 17387 7286725 1 338
7864 17387 7286735 1 396
7864 17387 7286745 1 481
7864 17387 7286755 1 596
7864 17387 7286765 1 743
7863 17387 7286775 1 924
7863 17387 7286785 1 995
7862 17387 7286795 1 995
7861 17387 7286805 1 995
7860 17387 7286815 1 994
7859 17387 7286825 1 994
7859 17387 7286835 1 994
7859 17388 7286845 1 994
7859 17388 7286855 1 994
7859 17388 7286865 1 994
7860 17388 7286875 1 994
7861 17388 7286885 1 994
7862 17388 7286895 1 993
