7638 17397 7191736 1 672
7638 17397 7191746 1 676
7638 17397 7191756 1 679
7638 17397 7191766 1 681
7638 17397 7191776 1 683
7638 17396 7191786 1 686
7637 17396 7191796 1 687
7637 17396 7191806 1 688
7636 17396 7191816 1 689
7635 17396 7191826 1 690
7632 17396 7191836 1 690
7629 17396 7191846 1 691
7625 17395 7191856 1 692
7621 17393 7191866 1 693
7619 17392 7191876 1 694
7617 17390 7191886 1 694
7614 17387 7191896 1 696
7612 17383 7191906 1 695
7611 17379 7191916 1 695
7610 17374 7191926 1 697
7609 17368 7191936 1 698
7609 17366 7191946 1 698
7608 17363 7191956 1 699
7608 17357 7191966 1 700
7608 17351 7191976 1 701
7609 17346 7191986 1 701
7610 17342 7191996 1 702
7611 17338 7192006 1 703
7612 17337 7192016 1 704
7613 17336 7192026 1 704
7614 17334 7192036 1 705
7616 17333 7192046 1 706
7617 17332 7192056 1 707
7619 17331 7192066 1 708
7620 17331 7192076 1 708
7620 17330 7192086 1 709
7621 17330 7192096 1 709
7621 17330 7192106 1 710
7621 17330 7192116 1 713
7621 17330 7192126 1 715
7621 17330 7192136 1 717
7621 17330 7192146 1 718
7620 17330 7192156 1 719
7620 17330 7192166 1 719
7618 17330 7192176 1 720
7616 17330 7192186 1 720
7614 17330 7192196 1 719
7611 17332 7192206 1 717
7608 17334 7192216 1 715
7606 17335 7192226 1 715
7605 17337 7192236 1 715
7601 17341 7192246 1 715
7598 17345 7192256 1 719
7596 17349 7192266 1 727
7593 17354 7192276 1 740
7591 17359 7192286 1 759
7590 17361 7192296 1 771
7590 17363 7192306 1 780
7589 17367 7192316 1 791
7588 17371 7192326 1 803
7587 17374 7192336 1 825
7587 17375 7192346 1 844
7587 17374 7192356 1 859
7587 17374 7192366 1 864
7588 17372 7192376 1 865
7589 17367 7192386 1 868
7591 17360 7192396 1 869
7593 17352 7192406 1 865
7595 17343 7192416 1 853
7598 17333 7192426 1 831
7599 17328 7192436 1 816
7601 17323 7192446 1 794
7605 17313 7192456 1 741
7610 17303 7192466 1 672
7615 17293 7192476 1 634
7621 17284 7192486 1 589
7627 17275 7192496 1 495
7631 17271 7192506 1 444
7634 17269 7192516 1 395
7641 17264 7192526 1 290
7647 17262 7192536 1 186
7653 17262 7192546 1 134
7659 17263 7192556 1 121
7664 17266 7192566 1 85
7666 17267 7192576 1 43
7669 17269 7192586 0 0
7673 17272 7192596 0 0
7677 17275 7192606 0 0
7680 17277 7192616 0 0
7684 17280 7192626 0 0
7687 17281 7192636 0 0
7689 17282 7192646 0 0
7690 17282 7192656 0 0
7693 17282 7192666 0 0
7694 17281 7192676 0 0
7696 17280 7192686 0 0
7697 17278 7192696 0 0
7698 17277 7192706 0 0
7698 17276 7192716 0 0
7698 17275 7192726 0 0
7699 17274 7192736 0 0
7699 17273 7192746 0 0
7700 17273 7192756 0 0
7700 17274 7192766 0 0
7700 17276 7192776 0 0
7700 17277 7192786 0 0
7699 17279 7192796 0 0
7698 17282 7192806 0 0
7697 17285 7192816 0 0
7696 17288 7192826 0 0
7695 17292 7192836 0 0
7693 17295 7192846 0 0
7693 17296 7192856 0 0
7692 17298 7192866 0 0
7691 17301 7192876 1 2
7690 17303 7192886 1 9
7690 17306 7192896 1 29
7689 17308 7192906 1 86
7689 17310 7192916 1 143
7689 17311 7192926 1 172
7689 17311 7192936 1 202
7689 17313 7192946 1 261
7690 17314 7192956 1 320
7690 17316 7192966 1 350
7690 17317 7192976 1 379
7690 17318 7192986 1 433
7690 17319 7192996 1 462
7690 17320 7193006 1 485
7690 17321 7193016 1 532
7690 17323 7193026 1 574
7689 17325 7193036 1 594
7689 17327 7193046 1 599
7689 17329 7193056 1 610
7689 17330 7193066 1 622
7689 17330 7193076 1 638
7689 17332 7193086 1 658
7689 17333 7193096 1 669
7689 17334 7193106 1 673
7689 17335 7193116 1 679
7689 17335 7193126 1 682
7689 17335 7193136 1 682
7689 17335 7193146 1 685
7690 17336 7193156 1 693
7691 17336 7193166 1 701
7692 17336 7193176 1 711
7693 17335 7193186 1 721
7695 17335 7193196 1 725
7697 17335 7193206 1 726
7698 17334 7193216 1 726
7700 17334 7193226 1 730
7703 17333 7193236 1 740
7705 17333 7193246 1 749
7708 17332 7193256 1 759
7710 17331 7193266 1 768
7711 17330 7193276 1 774
7712 17330 7193286 1 777
7715 17328 7193296 1 781
7717 17327 7193306 1 785
7719 17325 7193316 1 792
7721 17323 7193326 1 798
7722 17320 7193336 1 802
7723 17319 7193346 1 805
7723 17317 7193356 1 806
7724 17315 7193366 1 807
7724 17312 7193376 1 807
7724 17310 7193386 1 807
7724 17307 7193396 1 807
7723 17305 7193406 1 804
7722 17304 7193416 1 803
7722 17303 7193426 1 801
7720 17301 7193436 1 795
7718 17299 7193446 1 787
7716 17296 7193456 1 783
7714 17294 7193466 1 777
7711 17292 7193476 1 765
7710 17291 7193486 1 759
7709 17290 7193496 1 754
7706 17288 7193506 1 741
7703 17287 7193516 1 727
7700 17286 7193526 1 721
7698 17286 7193536 1 719
7696 17286 7193546 1 714
7696 17286 7193556 1 708
7695 17287 7193566 1 700
7694 17288 7193576 1 687
7693 17289 7193586 1 675
7692 17292 7193596 1 663
7692 17295 7193606 1 654
7691 17298 7193616 1 649
7691 17299 7193626 1 648
7692 17301 7193636 1 645
7692 17305 7193646 1 638
7692 17309 7193656 1 632
7693 17313 7193666 1 629
7694 17316 7193676 1 629
7696 17319 7193686 1 630
7697 17320 7193696 1 630
7698 17321 7193706 1 630
7699 17324 7193716 1 632
7701 17325 7193726 1 637
7703 17327 7193736 1 646
7704 17327 7193746 1 658
7705 17328 7193756 1 675
7706 17328 7193766 1 686
7707 17328 7193776 1 695
7708 17328 7193786 1 705
7709 17327 7193796 1 719
7710 17326 7193806 1 748
7710 17325 7193816 1 781
7710 17325 7193826 1 820
7710 17325 7193836 1 844
7710 17324 7193846 1 863
7709 17325 7193856 1 886
7708 17325 7193866 1 892
7706 17326 7193876 1 910
7704 17327 7193886 1 959
7702 17328 7193896 1 1008
7701 17329 7193906 1 1024
7700 17330 7193916 1 1024
7698 17331 7193926 1 1024
7696 17333 7193936 1 1024
7695 17335 7193946 1 1024
7694 17336 7193956 1 1024
7693 17338 7193966 1 1024
7693 17339 7193976 1 1024
7692 17339 7193986 1 1024
7691 17340 7193996 1 1024
7691 17341 7194006 1 1024
7690 17341 7194016 1 1024
7690 17341 7194026 1 1024
7690 17340 7194036 1 1024
7690 17339 7194046 1 1024
7690 17339 7194056 1 1024
7691 17337 7194066 1 1024
7692 17336 7194076 1 1024
7693 17334 7194086 1 942
7695 17332 7194096 1 830
7696 17331 7194106 1 770
7697 17330 7194116 1 753
7698 17330 7194126 1 697
7700 17329 7194136 1 550
7702 17328 7194146 1 401
7705 17328 7194156 1 256
7707 17328 7194166 1 128
7709 17328 7194176 1 14
7711 17328 7194186 0 0
7712 17328 7194196 0 0
7714 17329 7194206 0 0
7715 17330 7194216 0 0
7716 17331 7194226 0 0
7717 17331 7194236 0 0
7717 17332 7194246 0 0
7718 17332 7194256 0 0
7718 17332 7194266 0 0
7717 17333 7194276 0 0
7717 17333 7194286 0 0
7716 17333 7194296 0 0
7714 17332 7194306 0 0
7713 17332 7194316 0 0
7712 17332 7194326 0 0
7711 17332 7194336 0 0
7709 17331 7194346 0 0
7707 17331 7194356 0 0
7705 17331 7194366 0 0
7704 17331 7194376 0 0
7703 17331 7194386 1 22
7702 17331 7194396 1 39
7702 17331 7194406 1 57
7701 17331 7194416 1 97
7701 17332 7194426 1 143
7700 17333 7194436 1 167
7700 17333 7194446 1 194
7700 17334 7194456 1 248
7700 17335 7194466 1 277
7700 17335 7194476 1 304
7701 17336 7194486 1 362
7702 17336 7194496 1 419
7703 17337 7194506 1 449
7705 17337 7194516 1 456
7707 17337 7194526 1 477
7708 17337 7194536 1 499
7710 17337 7194546 1 532
7712 17337 7194556 1 585
7716 17337 7194566 1 636
7719 17337 7194576 1 681
7723 17337 7194586 1 721
7726 17337 7194596 1 740
7728 17336 7194606 1 744
7729 17336 7194616 1 755
7732 17336 7194626 1 782
7735 17336 7194636 1 802
7736 17335 7194646 1 812
7738 17335 7194656 1 815
7738 17334 7194666 1 817
7739 17334 7194676 1 818
7738 17334 7194686 1 819
7738 17334 7194696 1 822
7737 17334 7194706 1 829
7736 17334 7194716 1 837
7735 17335 7194726 1 846
7734 17336 7194736 1 856
7734 17336 7194746 1 861
7733 17337 7194756 1 864
7733 17338 7194766 1 868
7733 17338 7194776 1 870
7732 17339 7194786 1 874
7732 17339 7194796 1 876
7732 17339 7194806 1 873
7731 17338 7194816 1 870
7731 17338 7194826 1 866
7731 17337 7194836 1 861
7730 17336 7194846 1 859
7730 17335 7194856 1 852
7729 17334 7194866 1 834
7729 17332 7194876 1 810
7729 17332 7194886 1 797
7729 17331 7194896 1 782
7729 17329 7194906 1 750
7729 17328 7194916 1 714
7729 17327 7194926 1 695
7730 17326 7194936 1 675
7730 17325 7194946 1 633
7731 17324 7194956 1 611
7731 17324 7194966 1 589
7732 17324 7194976 1 543
7733 17323 7194986 1 495
7733 17323 7194996 1 472
7735 17323 7195006 1 465
7736 17322 7195016 1 447
7736 17322 7195026 1 428
7737 17322 7195036 1 399
7738 17322 7195046 1 350
7740 17322 7195056 1 301
7741 17322 7195066 1 254
7742 17322 7195076 1 208
7743 17322 7195086 1 186
7743 17322 7195096 1 179
7743 17322 7195106 1 164
7744 17322 7195116 1 122
7743 17321 7195126 1 84
7743 17321 7195136 1 49
7742 17320 7195146 1 16
7742 17320 7195156 1 2
7741 17319 7195166 0 0
7741 17319 7195176 0 0
7741 17318 7195186 0 0
7740 17317 7195196 0 0
7740 17316 7195206 0 0
7740 17314 7195216 0 0
7740 17313 7195226 0 0
7740 17312 7195236 0 0
7741 17312 7195246 0 0
7742 17311 7195256 0 0
7743 17310 7195266 0 0
7744 17310 7195276 0 0
7746 17311 7195286 0 0
7747 17311 7195296 0 0
7748 17312 7195306 0 0
7748 17313 7195316 0 0
7750 17315 7195326 0 0
7751 17317 7195336 0 0
7752 17319 7195346 0 0
7752 17322 7195356 0 0
7753 17324 7195366 0 0
7754 17326 7195376 0 0
7754 17327 7195386 0 0
7755 17329 7195396 0 0
7755 17331 7195406 0 0
7756 17333 7195416 1 4
7757 17335 7195426 1 31
7757 17336 7195436 1 82
7758 17336 7195446 1 110
7758 17337 7195456 1 140
7758 17337 7195466 1 205
7758 17337 7195476 1 274
7758 17337 7195486 1 309
7757 17337 7195496 1 318
7757 17336 7195506 1 345
7756 17336 7195516 1 375
7755 17336 7195526 1 421
7754 17336 7195536 1 497
7752 17336 7195546 1 571
7751 17337 7195556 1 645
7749 17337 7195566 1 715
7747 17338 7195576 1 749
7746 17338 7195586 1 758
7745 17339 7195596 1 780
7743 17340 7195606 1 839
7742 17341 7195616 1 891
7740 17342 7195626 1 935
7739 17344 7195636 1 968
7738 17345 7195646 1 982
7738 17345 7195656 1 985
7737 17345 7195666 1 986
7737 17346 7195676 1 990
7738 17346 7195686 1 997
7738 17346 7195696 1 994
7740 17345 7195706 1 989
7742 17344 7195716 1 985
7743 17343 7195726 1 983
7744 17342 7195736 1 981
7746 17341 7195746 1 980
7749 17339 7195756 1 980
7751 17337 7195766 1 979
7753 17336 7195776 1 980
7755 17334 7195786 1 981
7756 17333 7195796 1 983
7757 17332 7195806 1 985
7758 17331 7195816 1 986
7760 17329 7195826 1 987
7762 17327 7195836 1 989
7763 17325 7195846 1 992
7765 17323 7195856 1 997
7765 17322 7195866 1 999
7766 17320 7195876 1 1000
7768 17318 7195886 1 1004
7769 17316 7195896 1 1006
7770 17314 7195906 1 1007
7771 17312 7195916 1 1009
7773 17311 7195926 1 1011
7773 17310 7195936 1 1012
7774 17309 7195946 1 1012
7775 17308 7195956 1 1014
7776 17308 7195966 1 1015
7778 17307 7195976 1 1016
7779 17307 7195986 1 1017
7780 17307 7195996 1 1017
7781 17307 7196006 1 1017
7781 17307 7196016 1 1018
7782 17308 7196026 1 1021
7783 17309 7196036 1 1022
7783 17310 7196046 1 1024
7783 17311 7196056 1 1024
7783 17312 7196066 1 1024
7783 17312 7196076 1 1024
7782 17312 7196086 1 1024
7782 17313 7196096 1 1024
7781 17314 7196106 1 1024
7780 17314 7196116 1 1024
7778 17314 7196126 1 1024
7777 17315 7196136 1 1024
7777 17315 7196146 1 1024
7776 17315 7196156 1 1024
7775 17314 7196166 1 1024
7774 17314 7196176 1 1024
7773 17313 7196186 1 1024
7773 17313 7196196 1 1024
7772 17313 7196206 1 1024
7771 17313 7196216 1 1024
7771 17313 7196226 1 1024
7770 17313 7196236 1 1024
7769 17314 7196246 1 1024
7769 17315 7196256 1 1023
7769 17316 7196266 1 1022
7769 17317 7196276 1 1024
7769 17318 7196286 1 1024
7770 17319 7196296 1 1024
7770 17321 7196306 1 1024
7771 17322 7196316 1 1024
7773 17324 7196326 1 1024
7775 17325 7196336 1 1024
7776 17327 7196346 1 1024
7777 17327 7196356 1 1024
7779 17328 7196366 1 1024
7781 17329 7196376 1 1024
7784 17329 7196386 1 1024
7786 17330 7196396 1 1024
7789 17330 7196406 1 1024
7791 17330 7196416 1 1024
7793 17330 7196426 1 1024
7795 17330 7196436 1 1024
7797 17330 7196446 1 1024
7798 17330 7196456 1 1024
7800 17329 7196466 1 1024
7801 17329 7196476 1 1024
7803 17328 7196486 1 1024
7804 17327 7196496 1 1024
7805 17326 7196506 1 1024
7806 17325 7196516 1 1024
7807 17324 7196526 1 1024
7808 17323 7196536 1 1024
7809 17322 7196546 1 1024
7810 17321 7196556 1 1024
7810 17320 7196566 1 1024
7810 17319 7196576 1 1024
7811 17318 7196586 1 1024
7811 17317 7196596 1 1024
7811 17316 7196606 1 1024
7812 17316 7196616 1 1024
7812 17316 7196626 1 1024
7813 17317 7196636 1 1024
7813 17318 7196646 1 959
7814 17319 7196656 1 773
7816 17320 7196666 1 576
7817 17321 7196676 1 380
7819 17323 7196686 1 190
7821 17324 7196696 1 17
7823 17324 7196706 0 0
7825 17325 7196716 0 0
7826 17326 7196726 0 0
7828 17326 7196736 0 0
7829 17326 7196746 0 0
7830 17326 7196756 0 0
7831 17326 7196766 0 0
7832 17327 7196776 0 0
7833 17327 7196786 0 0
7833 17327 7196796 0 0
7833 17327 7196806 0 0
7833 17327 7196816 0 0
7833 17327 7196826 0 0
7833 17327 7196836 0 0
7832 17327 7196846 0 0
7831 17327 7196856 0 0
7830 17327 7196866 0 0
7829 17327 7196876 0 0
7827 17327 7196886 0 0
7826 17327 7196896 1 42
7825 17327 7196906 1 125
7823 17328 7196916 1 213
7822 17328 7196926 1 302
7821 17328 7196936 1 390
7820 17328 7196946 1 433
7820 17328 7196956 1 474
7819 17328 7196966 1 553
7819 17328 7196976 1 624
7819 17328 7196986 1 684
7819 17328 7196996 1 732
7819 17328 7197006 1 764
7819 17328 7197016 1 778
7819 17329 7197026 1 772
7818 17329 7197036 1 744
7818 17329 7197046 1 689
7817 17330 7197056 1 608
7816 17330 7197066 1 505
7815 17330 7197076 1 415
7815 17330 7197086 1 339
7814 17330 7197096 1 280
7813 17330 7197106 1 242
7813 17330 7197116 1 229
7813 17330 7197126 1 240
7813 17330 7197136 1 279
7813 17330 7197146 1 350
7813 17329 7197156 1 454
7814 17329 7197166 1 597
7814 17329 7197176 1 777
7814 17329 7197186 1 1001
7815 17329 7197196 1 1024
7816 17329 7197206 1 1024
7817 17329 7197216 1 1024
7818 17328 7197226 1 1024
7820 17328 7197236 1 1024
7821 17328 7197246 1 1024
7823 17328 7197256 1 1024
7825 17328 7197266 1 1024
7827 17328 7197276 1 1024
7828 17327 7197286 1 1024
7830 17327 7197296 1 1024
7831 17327 7197306 1 1024
