7698 17310 8994964 1 257
7699 17310 8994974 1 352
7699 17310 8994984 1 437
7699 17310 8994994 1 514
7699 17310 8995004 1 584
7699 17310 8995014 1 649
7699 17310 8995024 1 709
7699 17310 8995034 1 763
7699 17312 8995044 1 811
7700 17315 8995054 1 854
7701 17319 8995064 1 892
7702 17322 8995074 1 917
7702 17326 8995084 1 928
7702 17329 8995094 1 928
7703 17332 8995104 1 928
7703 17335 8995114 1 928
7704 17338 8995124 1 928
7705 17342 8995134 1 929
7705 17346 8995144 1 929
7706 17349 8995154 1 929
7707 17352 8995164 1 929
7708 17354 8995174 1 930
7709 17357 8995184 1 930
7709 17360 8995194 1 930
7710 17363 8995204 1 930
7711 17364 8995214 1 932
7711 17365 8995224 1 930
7712 17367 8995234 1 919
7713 17370 8995244 1 892
7714 17371 8995254 1 863
7716 17373 8995264 1 830
7717 17374 8995274 1 797
7718 17375 8995284 1 761
7719 17375 8995294 1 723
7719 17376 8995304 1 683
7720 17376 8995314 1 641
7720 17376 8995324 1 599
7720 17375 8995334 1 555
7721 17375 8995344 1 511
7721 17373 8995354 1 465
7721 17371 8995364 1 419
7721 17369 8995374 1 372
7721 17366 8995384 1 340
7722 17363 8995394 1 326
7722 17359 8995404 1 326
7722 17355 8995414 1 325
7722 17351 8995424 1 324
7723 17345 8995434 1 323
7723 17340 8995444 1 322
7724 17334 8995454 1 322
7724 17331 8995464 1 321
7724 17328 8995474 1 321
7724 17321 8995484 1 320
7724 17314 8995494 1 319
7724 17307 8995504 1 318
7724 17300 8995514 1 318
7724 17293 8995524 1 317
7724 17285 8995534 1 316
7724 17277 8995544 1 315
7724 17269 8995554 1 315
7724 17262 8995564 1 314
7724 17254 8995574 1 313
7723 17248 8995584 1 312
7723 17242 8995594 1 311
7722 17236 8995604 1 311
7722 17232 8995614 1 310
7721 17228 8995624 1 309
7720 17224 8995634 1 308
7720 17221 8995644 1 307
7719 17218 8995654 1 307
7718 17216 8995664 1 306
7718 17214 8995674 1 305
7717 17212 8995684 1 304
7717 17211 8995694 1 303
7716 17210 8995704 1 303
7716 17209 8995714 1 302
7716 17209 8995724 1 302
7715 17209 8995734 1 301
7715 17210 8995744 1 300
7714 17211 8995754 1 299
7714 17213 8995764 1 299
7713 17215 8995774 1 298
7712 17217 8995784 1 297
7711 17220 8995794 1 296
7710 17222 8995804 1 276
7709 17225 8995814 1 296
7708 17227 8995824 1 398
7707 17230 8995834 1 509
7707 17233 8995844 1 628
7707 17237 8995854 1 755
7707 17241 8995864 1 755
7708 17245 8995874 1 290
7709 17250 8995884 1 289
7710 17255 8995894 1 288
7711 17260 8995904 1 279
7712 17265 8995914 1 287
7712 17270 8995924 1 286
7713 17275 8995934 1 285
7714 17280 8995944 1 284
7714 17284 8995954 1 283
7714 17286 8995964 1 283
7714 17289 8995974 1 283
7714 17293 8995984 1 282
7714 17298 8995994 1 281
7714 17301 8996004 1 280
7713 17305 8996014 1 279
7713 17308 8996024 1 279
7713 17311 8996034 1 278
7713 17315 8996044 1 277
7712 17318 8996054 1 276
7712 17321 8996064 1 275
7712 17324 8996074 1 275
7712 17327 8996084 1 274
7712 17330 8996094 1 273
7713 17333 8996104 1 272
7713 17337 8996114 1 271
7713 17341 8996124 1 271
7713 17345 8996134 1 270
7713 17349 8996144 1 269
7712 17353 8996154 1 268
7712 17357 8996164 1 267
7711 17362 8996174 1 267
7710 17367 8996184 1 266
7708 17371 8996194 1 265
7707 17374 8996204 1 264
7706 17376 8996214 1 264
7705 17377 8996224 1 263
7704 17379 8996234 1 263
7702 17381 8996244 1 262
7701 17382 8996254 1 261
7700 17384 8996264 1 260
7699 17386 8996274 1 259
7699 17388 8996284 1 259
7699 17390 8996294 1 258
7699 17391 8996304 1 257
7699 17391 8996314 1 256
7700 17391 8996324 1 255
7701 17390 8996334 1 255
7702 17389 8996344 1 254
7703 17388 8996354 1 253
7703 17386 8996364 1 252
7704 17384 8996374 1 251
7704 17381 8996384 1 251
7704 17379 8996394 1 250
7704 17377 8996404 1 249
7705 17375 8996414 1 248
7705 17373 8996424 1 247
7705 17372 8996434 1 247
7705 17371 8996444 1 246
7705 17370 8996454 1 245
7705 17370 8996464 1 247
7705 17370 8996474 1 244
7705 17369 8996484 1 243
7704 17370 8996494 1 311
7704 17370 8996504 1 486
7703 17370 8996514 1 650
7703 17369 8996524 1 800
7702 17368 8996534 1 908
7702 17367 8996544 1 958
7702 17365 8996554 1 958
7702 17363 8996564 1 959
7703 17361 8996574 1 959
7703 17359 8996584 1 959
7703 17357 8996594 1 959
7702 17355 8996604 1 960
7701 17354 8996614 1 960
7700 17353 8996624 1 960
7699 17353 8996634 1 960
7698 17353 8996644 1 960
7697 17352 8996654 1 961
7696 17352 8996664 1 961
7696 17352 8996674 1 961
7696 17352 8996684 1 961
7697 17352 8996694 1 961
7697 17353 8996704 1 962
7698 17354 8996714 1 962
7698 17354 8996724 1 962
7700 17355 8996734 1 962
7701 17357 8996744 1 962
7702 17358 8996754 1 963
7703 17360 8996764 1 963
7704 17362 8996774 1 963
7704 17363 8996784 1 963
7705 17365 8996794 1 963
7706 17367 8996804 1 964
7707 17368 8996814 1 964
7708 17370 8996824 1 964
7709 17371 8996834 1 964
7710 17373 8996844 1 954
7712 17374 8996854 1 924
7713 17375 8996864 1 875
7714 17376 8996874 1 827
7715 17377 8996884 1 782
7717 17379 8996894 1 740
7718 17381 8996904 1 701
7719 17383 8996914 1 665
7720 17385 8996924 1 632
7721 17387 8996934 1 602
7722 17389 8996944 1 574
7724 17391 8996954 1 549
7724 17392 8996964 1 537
7725 17393 8996974 1 526
7725 17395 8996984 1 506
7726 17395 8996994 1 488
7727 17395 8997004 1 472
7728 17394 8997014 1 459
7729 17393 8997024 1 448
7729 17392 8997034 1 439
7730 17391 8997044 1 431
7731 17391 8997054 1 426
7732 17390 8997064 1 423
7733 17390 8997074 1 421
7734 17390 8997084 1 421
7735 17390 8997094 1 422
7737 17390 8997104 1 425
7739 17391 8997114 1 430
7741 17392 8997124 1 436
7743 17392 8997134 1 444
7745 17392 8997144 1 451
7747 17392 8997154 1 461
7749 17391 8997164 1 472
7751 17391 8997174 1 484
7753 17390 8997184 1 496
7755 17390 8997194 1 510
7757 17391 8997204 1 524
7758 17391 8997214 1 531
7759 17392 8997224 1 538
7760 17393 8997234 1 554
7761 17394 8997244 1 570
7762 17395 8997254 1 586
7763 17396 8997264 1 602
7764 17397 8997274 1 619
7764 17398 8997284 1 636
7765 17399 8997294 1 653
7765 17400 8997304 1 670
7766 17401 8997314 1 687
7766 17402 8997324 1 703
7767 17403 8997334 1 720
7767 17405 8997344 1 737
7768 17406 8997354 1 752
7768 17408 8997364 1 767
7769 17409 8997374 1 782
7770 17410 8997384 1 796
7771 17411 8997394 1 809
7771 17412 8997404 1 822
7772 17412 8997414 1 833
7773 17412 8997424 1 843
7774 17412 8997434 1 852
7775 17411 8997444 1 860
7776 17411 8997454 1 867
7777 17410 8997464 1 870
7777 17410 8997474 1 872
7777 17410 8997484 1 876
7778 17409 8997494 1 878
7778 17409 8997504 1 879
7779 17408 8997514 1 880
7779 17408 8997524 1 881
7780 17408 8997534 1 882
7780 17408 8997544 1 883
7781 17407 8997554 1 883
7783 17407 8997564 1 884
7784 17407 8997574 1 885
7786 17407 8997584 1 886
7788 17407 8997594 1 887
7790 17407 8997604 1 888
7792 17407 8997614 1 889
7793 17408 8997624 1 890
7795 17409 8997634 1 892
7796 17409 8997644 1 892
7798 17409 8997654 1 893
7800 17409 8997664 1 894
7801 17408 8997674 1 895
7803 17407 8997684 1 896
7804 17406 8997694 1 897
7805 17404 8997704 1 898
7806 17403 8997714 1 898
7807 17402 8997724 1 899
7808 17400 8997734 1 900
7809 17397 8997744 1 901
7810 17393 8997754 1 902
7812 17389 8997764 1 903
7813 17386 8997774 1 904
7814 17382 8997784 1 905
7815 17378 8997794 1 905
7816 17375 8997804 1 906
7817 17372 8997814 1 907
7818 17369 8997824 1 908
7818 17366 8997834 1 909
7818 17363 8997844 1 910
7819 17361 8997854 1 911
7819 17359 8997864 1 912
7819 17357 8997874 1 913
7820 17355 8997884 1 914
7820 17354 8997894 1 915
7821 17353 8997904 1 916
7822 17352 8997914 1 917
7822 17351 8997924 1 918
7823 17351 8997934 1 919
7824 17351 8997944 1 920
7824 17351 8997954 1 921
7825 17352 8997964 1 921
7825 17352 8997974 1 922
7825 17354 8997984 1 923
7825 17355 8997994 1 924
7825 17356 8998004 1 925
7825 17357 8998014 1 926
7824 17357 8998024 1 927
7824 17357 8998034 1 928
7823 17356 8998044 1 929
7821 17355 8998054 1 930
7820 17353 8998064 1 931
7819 17352 8998074 1 932
7818 17351 8998084 1 933
7816 17350 8998094 1 934
7815 17349 8998104 1 935
7814 17348 8998114 1 936
7814 17348 8998124 1 937
7813 17348 8998134 1 938
7812 17348 8998144 1 939
7812 17349 8998154 1 940
7812 17349 8998164 1 941
7812 17350 8998174 1 942
7812 17351 8998184 1 943
7812 17353 8998194 1 944
7812 17355 8998204 1 945
7813 17356 8998214 1 945
7813 17357 8998224 1 946
7813 17360 8998234 1 947
7814 17362 8998244 1 948
7814 17365 8998254 1 949
7814 17369 8998264 1 950
7814 17372 8998274 1 951
7814 17375 8998284 1 952
7813 17377 8998294 1 953
7812 17380 8998304 1 954
7811 17382 8998314 1 955
7809 17384 8998324 1 956
7808 17386 8998334 1 957
7807 17387 8998344 1 958
7805 17388 8998354 1 959
7804 17389 8998364 1 960
7803 17390 8998374 1 962
7802 17390 8998384 1 963
7801 17390 8998394 1 964
7800 17389 8998404 1 965
7800 17388 8998414 1 966
7799 17387 8998424 1 967
7798 17385 8998434 1 968
7797 17383 8998444 1 969
7796 17381 8998454 1 970
7795 17380 8998464 1 971
7795 17379 8998474 1 971
7794 17377 8998484 1 972
7793 17375 8998494 1 973
7792 17373 8998504 1 974
7791 17371 8998514 1 975
7790 17369 8998524 1 977
7790 17366 8998534 1 978
7789 17364 8998544 1 979
7789 17363 8998554 1 980
7789 17362 8998564 1 981
7789 17361 8998574 1 982
7790 17361 8998584 1 983
7790 17362 8998594 1 984
7790 17362 8998604 1 985
7790 17362 8998614 1 986
7790 17362 8998624 1 987
7791 17361 8998634 1 989
7791 17360 8998644 1 990
7791 17358 8998654 1 991
7790 17356 8998664 1 992
7790 17353 8998674 1 993
7789 17350 8998684 1 994
7788 17347 8998694 1 994
7787 17344 8998704 1 995
7787 17343 8998714 1 996
7786 17341 8998724 1 997
7785 17339 8998734 1 998
7784 17337 8998744 1 999
7783 17335 8998754 1 1000
7782 17335 8998764 1 1001
7782 17334 8998774 1 1002
7782 17333 8998784 1 1003
7782 17333 8998794 1 1004
7783 17333 8998804 1 1006
7783 17333 8998814 1 1006
7784 17334 8998824 1 1006
7786 17335 8998834 1 1006
7787 17337 8998844 1 1006
7789 17338 8998854 1 1007
7790 17341 8998864 1 1007
7792 17343 8998874 1 1007
7793 17345 8998884 1 1007
7795 17347 8998894 1 1008
7796 17349 8998904 1 1008
7797 17351 8998914 1 1008
7797 17353 8998924 1 1008
7798 17355 8998934 1 1008
7798 17357 8998944 1 1009
7798 17358 8998954 1 1009
7798 17358 8998964 1 1009
7798 17359 8998974 1 1009
7798 17359 8998984 1 1009
7797 17359 8998994 1 1010
7797 17358 8999004 1 1010
7796 17357 8999014 1 1010
7796 17356 8999024 1 1010
7796 17355 8999034 1 1010
7796 17353 8999044 1 1011
7797 17352 8999054 1 1011
7797 17352 8999064 1 1011
7798 17351 8999074 1 1011
7799 17351 8999084 1 1011
7800 17351 8999094 1 1012
7800 17351 8999104 1 1012
7801 17351 8999114 1 1012
7801 17352 8999124 1 1012
7801 17353 8999134 1 1013
7802 17354 8999144 1 1013
7802 17355 8999154 1 1013
7802 17356 8999164 1 1013
7803 17358 8999174 1 1013
7803 17359 8999184 1 1014
7804 17360 8999194 1 1014
7805 17361 8999204 1 1014
7805 17362 8999214 1 1014
7806 17362 8999224 1 1014
7806 17362 8999234 1 1015
7807 17362 8999244 1 1015
7808 17361 8999254 1 1015
7809 17360 8999264 1 1015
7810 17359 8999274 1 1015
7811 17357 8999284 1 1016
7812 17355 8999294 1 1016
7813 17354 8999304 1 1016
7815 17352 8999314 1 1016
7816 17351 8999324 1 1017
7817 17349 8999334 1 1017
7818 17348 8999344 1 1017
7819 17347 8999354 1 1017
7820 17347 8999364 1 1017
7820 17347 8999374 1 1018
7821 17348 8999384 1 1018
7821 17349 8999394 1 1018
7822 17351 8999404 1 1018
7822 17354 8999414 1 1018
7822 17356 8999424 1 1019
7822 17359 8999434 1 1019
7822 17361 8999444 1 1019
7822 17364 8999454 1 1019
7822 17365 8999464 1 1019
7822 17366 8999474 1 1020
7823 17368 8999484 1 1020
7823 17371 8999494 1 1020
7824 17372 8999504 1 1020
7825 17374 8999514 1 1020
7826 17374 8999524 1 1021
7827 17375 8999534 1 1021
7828 17375 8999544 1 1021
7829 17375 8999554 1 1021
7829 17375 8999564 1 1022
7830 17375 8999574 1 1022
7831 17376 8999584 1 1022
7832 17376 8999594 1 1022
7833 17376 8999604 1 1022
7834 17376 8999614 1 1023
7834 17376 8999624 1 1023
7835 17376 8999634 1 1023
7835 17376 8999644 1 1023
7835 17376 8999654 1 1024
7835 17375 8999664 1 1023
7836 17375 8999674 1 1023
7836 17374 8999684 1 1023
7836 17373 8999694 1 1023
7836 17371 8999704 1 1022
7836 17371 8999714 1 1022
7836 17369 8999724 1 1022
7836 17367 8999734 1 1022
7836 17365 8999744 1 1022
7836 17362 8999754 1 1022
7836 17359 8999764 1 1021
7836 17357 8999774 1 1021
7836 17355 8999784 1 1021
7836 17353 8999794 1 1021
7836 17352 8999804 1 1020
7836 17351 8999814 1 1020
7836 17350 8999824 1 1020
7837 17348 8999834 1 1020
7837 17348 8999844 1 1020
7838 17347 8999854 1 1019
7838 17347 8999864 1 1019
7839 17347 8999874 1 1019
7840 17347 8999884 1 1019
7840 17348 8999894 1 1018
7841 17349 8999904 1 1018
7842 17351 8999914 1 1018
7843 17352 8999924 1 1018
7844 17354 8999934 1 1018
7845 17355 8999944 1 1017
7845 17357 8999954 1 1017
7846 17358 8999964 1 1017
7846 17359 8999974 1 1017
7846 17362 8999984 1 1017
7847 17364 8999994 1 1017
7847 17366 9000004 1 1016
7847 17369 9000014 1 1016
7847 17371 9000024 1 1016
7846 17373 9000034 1 1016
7846 17375 9000044 1 1015
7846 17377 9000054 1 1015
7846 17378 9000064 1 1015
7847 17379 9000074 1 1015
7847 17379 9000084 1 1015
7847 17379 9000094 1 1014
7848 17379 9000104 1 1014
7848 17378 9000114 1 1014
7849 17377 9000124 1 1014
7849 17375 9000134 1 1013
7850 17374 9000144 1 1013
7851 17373 9000154 1 1013
7852 17371 9000164 1 1013
7852 17370 9000174 1 1013
7853 17369 9000184 1 1012
7853 17368 9000194 1 1012
7853 17367 9000204 1 1012
7853 17367 9000214 1 1012
7853 17367 9000224 1 1012
7853 17366 9000234 1 1011
7852 17365 9000244 1 1011
7851 17364 9000254 1 1011
7851 17363 9000264 1 1011
7850 17362 9000274 1 1011
7849 17361 9000284 1 1010
7849 17360 9000294 1 1010
7849 17360 9000304 1 1010
7848 17359 9000314 1 1010
7848 17359 9000324 1 1010
7847 17358 9000334 1 1009
7847 17358 9000344 1 1009
7846 17357 9000354 1 1009
7845 17355 9000364 1 1009
7845 17353 9000374 1 1008
7844 17351 9000384 1 1008
7843 17349 9000394 1 1008
7842 17346 9000404 1 1008
7841 17344 9000414 1 1008
7841 17342 9000424 1 1007
7840 17340 9000434 1 1007
7839 17338 9000444 1 1007
7838 17337 9000454 1 1007
7838 17336 9000464 1 1007
7837 17336 9000474 1 1006
7837 17335 9000484 1 1006
7836 17335 9000494 1 1006
7836 17335 9000504 1 1006
7835 17336 9000514 1 1006
7835 17337 9000524 1 1005
7835 17338 9000534 1 1005
7834 17340 9000544 1 1005
7834 17342 9000554 1 1005
7834 17345 9000564 1 1004
7834 17348 9000574 1 1004
7835 17350 9000584 1 1004
7836 17353 9000594 1 1004
7836 17356 9000604 1 1004
7837 17358 9000614 1 1003
7838 17361 9000624 1 1003
7839 17363 9000634 1 1003
7840 17365 9000644 1 1003
7841 17366 9000654 1 1003
7841 17368 9000664 1 1002
7841 17369 9000674 1 1002
7841 17371 9000684 1 1002
7841 17372 9000694 1 1002
7841 17372 9000704 1 1001
7840 17373 9000714 1 1001
7840 17373 9000724 1 1001
7840 17373 9000734 1 1001
7839 17373 9000744 1 1001
7839 17372 9000754 1 1001
7838 17372 9000764 1 1000
7838 17372 9000774 1 1000
7838 17372 9000784 1 1000
7838 17372 9000794 1 1000
7838 17372 9000804 1 999
7838 17372 9000814 1 999
7838 17372 9000824 1 999
7837 17371 9000834 1 999
7837 17371 9000844 1 999
7837 17371 9000854 1 998
7836 17370 9000864 1 998
7836 17370 9000874 1 998
7835 17369 9000884 1 998
7834 17369 9000894 1 998
7834 17367 9000904 1 997
7833 17366 9000914 1 997
7832 17365 9000924 1 997
7831 17363 9000934 1 997
7830 17362 9000944 1 996
7829 17361 9000954 1 996
7828 17360 9000964 1 996
7827 17360 9000974 1 996
7826 17359 9000984 1 996
7825 17358 9000994 1 996
7823 17357 9001004 1 995
7822 17356 9001014 1 995
7821 17354 9001024 1 995
7820 17352 9001034 1 995
7819 17350 9001044 1 994
7818 17348 9001054 1 994
7817 17346 9001064 1 994
7816 17344 9001074 1 994
7816 17343 9001084 1 994
7816 17342 9001094 1 993
7816 17341 9001104 1 993
7817 17340 9001114 1 993
7817 17339 9001124 1 993
7817 17339 9001134 1 992
7818 17339 9001144 1 992
7819 17339 9001154 1 992
7820 17339 9001164 1 992
7821 17340 9001174 1 992
7823 17340 9001184 1 991
7824 17340 9001194 1 991
7826 17341 9001204 1 991
7826 17341 9001214 1 991
7827 17341 9001224 1 991
7828 17342 9001234 1 991
7830 17343 9001244 1 990
7831 17345 9001254 1 990
7832 17347 9001264 1 990
7834 17349 9001274 1 990
7835 17351 9001284 1 989
7837 17354 9001294 1 989
7838 17357 9001304 1 989
7840 17360 9001314 1 989
7842 17363 9001324 1 989
7843 17366 9001334 1 988
7844 17369 9001344 1 988
7845 17370 9001354 1 988
7846 17371 9001364 1 988
7847 17372 9001374 1 987
7848 17372 9001384 1 987
7849 17371 9001394 1 987
7850 17371 9001404 1 987
7851 17369 9001414 1 987
7852 17368 9001424 1 986
7853 17366 9001434 1 986
7854 17363 9001444 1 986
7855 17361 9001454 1 986
7856 17359 9001464 1 986
7856 17357 9001474 1 985
7857 17354 9001484 1 985
7858 17350 9001494 1 985
7859 17346 9001504 1 985
7860 17343 9001514 1 985
7861 17341 9001524 1 984
7862 17339 9001534 1 984
7862 17337 9001544 1 984
7863 17336 9001554 1 984
7864 17336 9001564 1 984
7865 17336 9001574 1 983
7866 17336 9001584 1 983
7866 17337 9001594 1 983
7867 17339 9001604 1 983
7867 17341 9001614 1 982
7867 17345 9001624 1 982
7868 17348 9001634 1 982
7868 17352 9001644 1 982
7868 17356 9001654 1 982
7868 17360 9001664 1 981
7869 17363 9001674 1 981
7869 17367 9001684 1 981
7870 17369 9001694 1 981
7870 17371 9001704 1 980
7870 17372 9001714 1 980
7870 17373 9001724 1 980
7870 17375 9001734 1 980
7870 17376 9001744 1 980
7870 17377 9001754 1 980
7870 17378 9001764 1 979
7870 17379 9001774 1 979
7870 17379 9001784 1 979
7871 17379 9001794 1 979
7872 17379 9001804 1 979
7874 17378 9001814 1 978
7875 17378 9001824 1 978
7877 17377 9001834 1 978
7880 17376 9001844 1 978
7882 17374 9001854 1 977
7884 17373 9001864 1 977
7887 17371 9001874 1 977
7889 17370 9001884 1 977
7891 17368 9001894 1 977
7893 17367 9001904 1 976
7895 17366 9001914 1 976
7897 17365 9001924 1 976
7899 17365 9001934 1 976
7901 17365 9001944 1 975
7902 17365 9001954 1 975
7903 17366 9001964 1 975
7904 17366 9001974 1 975
7905 17367 9001984 1 975
7905 17368 9001994 1 975
7906 17369 9002004 1 974
7906 17370 9002014 1 974
7906 17371 9002024 1 974
7906 17373 9002034 1 974
7905 17375 9002044 1 973
7905 17376 9002054 1 973
7904 17378 9002064 1 973
7904 17379 9002074 1 973
7903 17380 9002084 1 973
7903 17381 9002094 1 972
7903 17382 9002104 1 972
7903 17383 9002114 1 972
7903 17383 9002124 1 972
7903 17384 9002134 1 972
7903 17384 9002144 1 971
7904 17383 9002154 1 971
7904 17383 9002164 1 971
7904 17381 9002174 1 971
7904 17380 9002184 1 970
7903 17379 9002194 1 970
7903 17377 9002204 1 970
7902 17376 9002214 1 970
7902 17376 9002224 1 970
7901 17374 9002234 1 970
7900 17373 9002244 1 969
7899 17371 9002254 1 969
7898 17369 9002264 1 969
7897 17367 9002274 1 969
7897 17365 9002284 1 968
7896 17362 9002294 1 968
7896 17360 9002304 1 968
7896 17357 9002314 1 968
7896 17354 9002324 1 968
7896 17352 9002334 1 967
7897 17349 9002344 1 967
7898 17347 9002354 1 967
7900 17345 9002364 1 967
7901 17344 9002374 1 966
7901 17342 9002384 1 966
7902 17341 9002394 1 966
7903 17340 9002404 1 966
7903 17338 9002414 1 966
7903 17336 9002424 1 965
7904 17333 9002434 1 965
7904 17330 9002444 1 965
7904 17327 9002454 1 965
7905 17326 9002464 1 965
7905 17324 9002474 1 965
7905 17322 9002484 1 964
7906 17320 9002494 1 964
7907 17318 9002504 1 964
7908 17317 9002514 1 964
7909 17318 9002524 1 963
7910 17318 9002534 1 963
7912 17319 9002544 1 963
7913 17321 9002554 1 963
7914 17323 9002564 1 963
7916 17325 9002574 1 962
7917 17327 9002584 1 962
7918 17330 9002594 1 962
7919 17332 9002604 1 955
7920 17335 9002614 1 917
7921 17337 9002624 1 879
7921 17339 9002634 1 841
7920 17341 9002644 1 801
7920 17343 9002654 1 763
7920 17344 9002664 1 724
7919 17345 9002674 1 685
7919 17346 9002684 1 646
7918 17346 9002694 1 608
7918 17346 9002704 1 570
7918 17346 9002714 1 551
7917 17347 9002724 1 533
7917 17347 9002734 1 497
7916 17348 9002744 1 462
7916 17349 9002754 1 428
7915 17350 9002764 1 395
7915 17351 9002774 1 365
7915 17353 9002784 1 336
7914 17355 9002794 1 308
7914 17357 9002804 1 283
7914 17359 9002814 1 260
7915 17362 9002824 1 243
7915 17365 9002834 1 243
7916 17368 9002844 1 244
7917 17371 9002854 1 245
7917 17374 9002864 1 246
7918 17376 9002874 1 247
7919 17379 9002884 1 247
7919 17381 9002894 1 248
7919 17383 9002904 1 249
7919 17385 9002914 1 250
7918 17387 9002924 1 251
7917 17389 9002934 1 251
7916 17390 9002944 1 252
7915 17391 9002954 1 253
7914 17391 9002964 1 253
7914 17392 9002974 1 254
7912 17392 9002984 1 255
7910 17392 9002994 1 256
7909 17391 9003004 1 266
7907 17390 9003014 1 285
7906 17388 9003024 1 307
7905 17386 9003034 1 330
7903 17384 9003044 1 353
7902 17381 9003054 1 379
7901 17377 9003064 1 405
7900 17373 9003074 1 433
7900 17370 9003084 1 461
7899 17366 9003094 1 490
7899 17362 9003104 1 520
7899 17359 9003114 1 550
7899 17355 9003124 1 581
7899 17350 9003134 1 613
7899 17346 9003144 1 645
7900 17343 9003154 1 677
7900 17339 9003164 1 709
7901 17337 9003174 1 742
7901 17335 9003184 1 774
7902 17334 9003194 1 807
7903 17334 9003204 1 839
7904 17334 9003214 1 855
7904 17335 9003224 1 871
7905 17336 9003234 1 903
7905 17337 9003244 1 935
7905 17339 9003254 1 948
7905 17341 9003264 1 948
7905 17343 9003274 1 948
7905 17346 9003284 1 947
7905 17349 9003294 1 947
7905 17352 9003304 1 947
7905 17355 9003314 1 947
7905 17359 9003324 1 947
7905 17363 9003334 1 946
7905 17367 9003344 1 946
7906 17370 9003354 1 946
7906 17373 9003364 1 946
7906 17376 9003374 1 946
7906 17378 9003384 1 945
7906 17380 9003394 1 945
7906 17381 9003404 1 945
7906 17383 9003414 1 945
7906 17384 9003424 1 944
7906 17385 9003434 1 944
7906 17386 9003444 1 944
7906 17387 9003454 1 944
7906 17387 9003464 1 944
7906 17387 9003474 1 944
7906 17388 9003484 1 943
7906 17388 9003494 1 943
7907 17389 9003504 1 943
7908 17389 9003514 1 943
7908 17389 9003524 1 942
7909 17389 9003534 1 942
7909 17389 9003544 1 942
7910 17390 9003554 1 942
7911 17390 9003564 1 942
7911 17390 9003574 1 941
7912 17389 9003584 1 941
7913 17389 9003594 1 941
7913 17389 9003604 1 941
7914 17389 9003614 1 941
7915 17389 9003624 1 940
7916 17389 9003634 1 940
7916 17389 9003644 1 940
7917 17389 9003654 1 940
7917 17389 9003664 1 939
7917 17389 9003674 1 939
7917 17390 9003684 1 939
7918 17390 9003694 1 939
7918 17390 9003704 1 939
7918 17390 9003714 1 938
7918 17390 9003724 1 938
7918 17390 9003734 1 938
7918 17390 9003744 1 938
7918 17390 9003754 1 938
7917 17390 9003764 1 937
7917 17390 9003774 1 937
7917 17390 9003784 1 937
7916 17390 9003794 1 937
7916 17391 9003804 1 937
7915 17392 9003814 1 936
7915 17393 9003824 1 936
7915 17393 9003834 1 936
7915 17395 9003844 1 936
7915 17395 9003854 1 935
7916 17396 9003864 1 935
7916 17397 9003874 1 935
7916 17397 9003884 1 935
7917 17398 9003894 1 935
7917 17398 9003904 1 934
7918 17399 9003914 1 934
7918 17399 9003924 1 934
7919 17399 9003934 1 934
7919 17399 9003944 1 934
7919 17398 9003954 1 933
7920 17398 9003964 1 933
7921 17398 9003974 1 933
7921 17398 9003984 1 933
7922 17398 9003994 1 932
7923 17398 9004004 1 932
7923 17398 9004014 1 932
7924 17399 9004024 1 932
7924 17399 9004034 1 932
7925 17400 9004044 1 931
7925 17400 9004054 1 931
7926 17400 9004064 1 931
7926 17400 9004074 1 931
7926 17400 9004084 1 930
7927 17401 9004094 1 930
7927 17401 9004104 1 930
7928 17402 9004114 1 930
7928 17403 9004124 1 930
7929 17403 9004134 1 929
7930 17405 9004144 1 929
7931 17406 9004154 1 929
7931 17408 9004164 1 929
7932 17409 9004174 1 928
7932 17410 9004184 1 928
7933 17412 9004194 1 928
7933 17414 9004204 1 928
7933 17415 9004214 1 928
7933 17416 9004224 1 927
7933 17417 9004234 1 927
7933 17416 9004244 1 927
7933 17415 9004254 1 927
7933 17414 9004264 1 927
7933 17411 9004274 1 926
7933 17409 9004284 1 926
7932 17406 9004294 1 926
7932 17404 9004304 1 926
7931 17403 9004314 1 925
7931 17402 9004324 1 925
