8164 18369 3472380 1 768
8164 18369 3472390 1 833
8164 18369 3472400 1 885
8164 18368 3472410 1 928
8164 18368 3472420 1 960
8165 18368 3472430 1 984
8165 18368 3472440 1 1002
8166 18370 3472450 1 1013
8167 18372 3472460 1 1019
8167 18375 3472470 1 1023
8167 18377 3472480 1 1024
8167 18379 3472490 1 1024
8167 18381 3472500 1 1024
8168 18383 3472510 1 1024
8168 18386 3472520 1 1024
8168 18388 3472530 1 1024
8168 18391 3472540 1 1024
8169 18393 3472550 1 1024
8169 18395 3472560 1 1024
8169 18397 3472570 1 1024
8169 18399 3472580 1 1024
8168 18401 3472590 1 1024
8168 18403 3472600 1 1024
8167 18403 3472610 1 1024
8167 18403 3472620 1 995
8167 18403 3472630 1 931
8167 18403 3472640 1 861
8168 18402 3472650 1 788
8168 18401 3472660 1 711
8169 18400 3472670 1 630
8169 18399 3472680 1 545
8170 18398 3472690 1 457
8171 18397 3472700 1 368
8172 18396 3472710 1 275
8173 18395 3472720 1 182
8173 18394 3472730 1 86
8174 18393 3472740 0 0
8175 18391 3472750 0 0
8176 18390 3472760 0 0
8177 18387 3472770 0 0
8178 18384 3472780 0 0
8179 18381 3472790 0 0
8180 18377 3472800 0 0
8180 18373 3472810 0 0
8182 18365 3472820 0 0
8182 18361 3472830 0 0
8182 18356 3472840 0 0
8182 18352 3472850 0 0
8182 18348 3472860 0 0
8181 18344 3472870 0 0
8181 18341 3472880 0 0
8180 18338 3472890 0 0
8180 18335 3472900 0 0
8180 18332 3472910 0 0
8180 18329 3472920 0 0
8180 18326 3472930 0 0
8179 18322 3472940 0 0
8179 18319 3472950 0 0
8180 18316 3472960 0 0
8180 18312 3472970 0 0
8180 18309 3472980 0 0
8181 18306 3472990 0 0
8181 18304 3473000 0 0
8182 18302 3473010 0 0
8183 18300 3473020 0 0
8184 18299 3473030 0 0
8186 18297 3473040 0 0
8188 18297 3473050 0 0
8189 18297 3473060 0 0
8190 18297 3473070 0 0
8191 18298 3473080 0 0
8193 18300 3473090 0 0
8194 18301 3473100 0 0
8195 18302 3473110 0 0
8196 18304 3473120 0 0
8196 18306 3473130 0 0
8197 18308 3473140 0 0
8197 18310 3473150 0 0
8196 18312 3473160 1 24
8196 18315 3473170 1 237
8196 18317 3473180 1 467
8195 18319 3473190 1 710
8195 18321 3473200 1 711
8195 18322 3473210 0 0
8194 18324 3473220 0 0
8194 18325 3473230 0 0
8194 18326 3473240 0 0
8193 18326 3473250 0 0
8192 18327 3473260 0 0
8191 18328 3473270 0 0
8190 18328 3473280 0 0
8189 18329 3473290 0 0
8188 18331 3473300 0 0
8186 18332 3473310 0 0
8185 18334 3473320 0 0
8183 18337 3473330 0 0
8182 18339 3473340 0 0
8180 18342 3473350 0 0
8179 18344 3473360 0 0
8178 18347 3473370 0 0
8177 18350 3473380 0 0
8177 18354 3473390 0 0
8176 18358 3473400 0 0
8176 18363 3473410 0 0
8175 18368 3473420 0 0
8175 18373 3473430 0 0
8174 18379 3473440 0 0
8174 18384 3473450 0 0
8174 18388 3473460 0 0
8173 18393 3473470 0 0
8173 18403 3473480 0 0
8173 18408 3473490 0 0
8173 18413 3473500 0 0
8173 18417 3473510 0 0
8173 18421 3473520 0 0
8173 18425 3473530 0 0
8172 18428 3473540 0 0
8172 18430 3473550 0 0
8172 18432 3473560 0 0
8172 18434 3473570 0 0
8172 18436 3473580 0 0
8172 18436 3473590 0 0
8172 18437 3473600 0 0
8171 18436 3473610 0 0
8172 18435 3473620 0 0
8172 18434 3473630 0 0
8171 18433 3473640 0 0
8171 18431 3473650 0 0
8170 18430 3473660 0 0
8169 18429 3473670 0 0
8168 18427 3473680 0 0
8167 18426 3473690 0 0
8165 18422 3473700 0 0
8164 18421 3473710 0 0
8163 18420 3473720 0 0
8163 18419 3473730 0 0
8162 18418 3473740 0 0
8162 18417 3473750 0 0
8163 18416 3473760 0 0
8163 18415 3473770 0 0
8163 18414 3473780 1 267
8163 18412 3473790 1 544
8164 18411 3473800 1 798
8164 18409 3473810 1 979
8165 18407 3473820 1 1024
8165 18405 3473830 1 1024
8166 18403 3473840 1 1024
8166 18401 3473850 1 1024
8166 18400 3473860 1 1024
8166 18400 3473870 1 1024
8166 18399 3473880 1 1024
8166 18400 3473890 1 1024
8166 18400 3473900 1 1024
8166 18401 3473910 1 1024
8165 18402 3473920 1 1024
8165 18402 3473930 1 1024
8164 18403 3473940 1 1024
8163 18403 3473950 1 1024
8162 18404 3473960 1 1024
8161 18405 3473970 1 1024
8160 18406 3473980 1 1024
8159 18407 3473990 1 1024
8158 18409 3474000 1 1024
8158 18411 3474010 1 1024
8157 18413 3474020 1 1024
8157 18415 3474030 1 1024
8157 18417 3474040 1 1024
8157 18420 3474050 1 1024
8157 18423 3474060 1 1024
8157 18426 3474070 1 1024
8158 18429 3474080 1 1024
8159 18433 3474090 1 1024
8160 18436 3474100 1 1024
8161 18438 3474110 1 995
8162 18441 3474120 1 916
8164 18444 3474130 1 841
8168 18448 3474140 1 704
8170 18450 3474150 1 642
8172 18452 3474160 1 587
8174 18453 3474170 1 535
8176 18454 3474180 1 489
8179 18454 3474190 1 446
8181 18454 3474200 1 407
8183 18453 3474210 1 373
8185 18451 3474220 1 342
8188 18448 3474230 1 316
8189 18444 3474240 1 292
8191 18440 3474250 1 272
8193 18436 3474260 1 257
8194 18433 3474270 1 243
8195 18430 3474280 1 233
8196 18427 3474290 1 226
8197 18425 3474300 1 222
8199 18424 3474310 1 220
8200 18423 3474320 1 221
8201 18423 3474330 1 224
8203 18423 3474340 1 230
8204 18424 3474350 1 238
8207 18428 3474360 1 261
8208 18431 3474370 1 274
8210 18434 3474380 1 289
8211 18437 3474390 1 306
8211 18440 3474400 1 325
8212 18443 3474410 1 344
8213 18447 3474420 1 365
8213 18450 3474430 1 387
8214 18453 3474440 1 409
8215 18455 3474450 1 433
8215 18457 3474460 1 457
8216 18458 3474470 1 481
8216 18459 3474480 1 506
8217 18459 3474490 1 532
8218 18459 3474500 1 557
8219 18459 3474510 1 582
8220 18459 3474520 1 608
8221 18457 3474530 1 633
8222 18456 3474540 1 657
8223 18454 3474550 1 682
8225 18452 3474560 1 706
8226 18450 3474570 1 729
8230 18446 3474580 1 772
8232 18444 3474590 1 792
8233 18442 3474600 1 811
8235 18439 3474610 1 829
8237 18437 3474620 1 845
8239 18434 3474630 1 860
8240 18432 3474640 1 873
8242 18429 3474650 1 885
8243 18427 3474660 1 894
8245 18426 3474670 1 901
8246 18424 3474680 1 906
8247 18424 3474690 1 909
8249 18424 3474700 1 910
8250 18425 3474710 1 911
8251 18426 3474720 1 912
8252 18428 3474730 1 913
8253 18431 3474740 1 914
8254 18434 3474750 1 916
8255 18437 3474760 1 917
8256 18440 3474770 1 918
8257 18442 3474780 1 919
8258 18444 3474790 1 920
8259 18447 3474800 1 922
8260 18448 3474810 1 923
8261 18449 3474820 1 925
8262 18449 3474830 1 926
8263 18449 3474840 1 927
8264 18449 3474850 1 928
8265 18449 3474860 1 929
8266 18448 3474870 1 930
8267 18448 3474880 1 931
8268 18447 3474890 1 932
8269 18446 3474900 1 933
8270 18446 3474910 1 935
8270 18445 3474920 1 936
8270 18444 3474930 1 937
8270 18443 3474940 1 938
8270 18441 3474950 1 939
8270 18439 3474960 1 940
8270 18437 3474970 1 941
8270 18435 3474980 1 942
8269 18433 3474990 1 943
8269 18432 3475000 1 944
8269 18430 3475010 1 945
8268 18428 3475020 1 947
8267 18427 3475030 1 948
8267 18426 3475040 1 949
8267 18425 3475050 1 950
8266 18424 3475060 1 951
8266 18423 3475070 1 952
8266 18422 3475080 1 953
8267 18420 3475090 1 954
8267 18419 3475100 1 955
8268 18417 3475110 1 956
8269 18416 3475120 1 957
8269 18415 3475130 1 958
8270 18414 3475140 1 959
8271 18413 3475150 1 960
8272 18412 3475160 1 961
8273 18411 3475170 1 962
8273 18409 3475180 1 963
8274 18407 3475190 1 964
8274 18405 3475200 1 965
8274 18403 3475210 1 966
8274 18402 3475220 1 967
8274 18401 3475230 1 968
8274 18400 3475240 1 970
8274 18400 3475250 1 971
8274 18401 3475260 1 972
8273 18401 3475270 1 973
8273 18402 3475280 1 974
8272 18403 3475290 1 975
8272 18404 3475300 1 976
8271 18406 3475310 1 977
8271 18407 3475320 1 978
8270 18409 3475330 1 979
8269 18412 3475340 1 980
8269 18414 3475350 1 981
8268 18416 3475360 1 982
8267 18418 3475370 1 983
8267 18420 3475380 1 984
8266 18421 3475390 1 985
8265 18423 3475400 1 986
8264 18424 3475410 1 987
8264 18425 3475420 1 988
8263 18426 3475430 1 989
8262 18427 3475440 1 990
8261 18428 3475450 1 991
8259 18428 3475460 1 993
8258 18428 3475470 1 994
8257 18428 3475480 1 995
8256 18427 3475490 1 996
8255 18426 3475500 1 997
8254 18425 3475510 1 998
8253 18423 3475520 1 999
8252 18421 3475530 1 1000
8251 18420 3475540 1 1001
8251 18418 3475550 1 1002
8251 18416 3475560 1 1003
8251 18413 3475570 1 1003
8251 18411 3475580 1 1004
8251 18409 3475590 1 1005
8251 18407 3475600 1 1006
8251 18405 3475610 1 1007
8252 18404 3475620 1 1008
8252 18403 3475630 1 1009
8252 18403 3475640 1 1010
8252 18403 3475650 1 1011
8252 18404 3475660 1 1012
8252 18404 3475670 1 1013
8251 18404 3475680 1 1015
8251 18405 3475690 1 1016
8251 18405 3475700 1 1017
8250 18405 3475710 1 1018
8250 18406 3475720 1 1019
8250 18406 3475730 1 1020
8250 18406 3475740 1 1021
8250 18405 3475750 1 1021
8250 18405 3475760 1 1022
8249 18404 3475770 1 1023
8249 18404 3475780 1 1024
8249 18403 3475790 1 1024
8249 18403 3475800 1 1024
8249 18403 3475810 1 1024
8249 18403 3475820 1 1024
8249 18403 3475830 1 1024
8248 18403 3475840 1 1024
8248 18403 3475850 1 1024
8248 18404 3475860 1 1024
8248 18404 3475870 1 1024
8249 18404 3475880 1 1024
8249 18403 3475890 1 1024
8251 18402 3475900 1 1024
8251 18401 3475910 1 1024
8252 18399 3475920 1 1024
8253 18397 3475930 1 1024
8254 18395 3475940 1 1024
8256 18394 3475950 1 1024
8257 18393 3475960 1 1024
8258 18391 3475970 1 1024
8258 18390 3475980 1 1024
8259 18390 3475990 1 1024
8259 18389 3476000 1 1024
8259 18389 3476010 1 1024
8259 18389 3476020 1 1024
8258 18390 3476030 1 1024
8257 18391 3476040 1 1024
8257 18392 3476050 1 1024
8256 18393 3476060 1 1024
8255 18395 3476070 1 1024
8254 18397 3476080 1 1024
8253 18399 3476090 1 1024
8252 18400 3476100 1 1024
8251 18401 3476110 1 1024
8250 18403 3476120 1 1024
8250 18403 3476130 1 1024
8250 18404 3476140 1 1024
8250 18404 3476150 1 1024
8250 18404 3476160 1 1024
8251 18404 3476170 1 1024
8251 18404 3476180 1 1024
8251 18403 3476190 1 1024
8252 18403 3476200 1 1024
8253 18403 3476210 1 1024
8254 18402 3476220 1 1024
8256 18402 3476230 1 1024
8257 18401 3476240 1 1024
8259 18400 3476250 1 1024
8260 18399 3476260 1 1024
8262 18398 3476270 1 1024
8264 18397 3476280 1 1024
8265 18396 3476290 1 1024
8267 18396 3476300 1 1024
8268 18395 3476310 1 1024
8270 18395 3476320 1 1024
8271 18395 3476330 1 1024
8273 18397 3476340 1 1024
8274 18398 3476350 1 1024
8275 18400 3476360 1 1024
8276 18402 3476370 1 1024
8277 18404 3476380 1 1024
8278 18407 3476390 1 1024
8278 18409 3476400 1 1024
8279 18412 3476410 1 1024
8279 18414 3476420 1 1024
8280 18415 3476430 1 1024
8280 18417 3476440 1 1024
8281 18417 3476450 1 1024
8281 18418 3476460 1 1024
8282 18418 3476470 1 1024
8283 18418 3476480 1 1024
8283 18418 3476490 1 1024
8284 18418 3476500 1 1024
8285 18419 3476510 1 1024
8286 18419 3476520 1 1024
8287 18420 3476530 1 1024
8288 18421 3476540 1 1024
8289 18422 3476550 1 1024
8290 18423 3476560 1 1024
8291 18424 3476570 1 1024
8291 18425 3476580 1 1024
8291 18426 3476590 1 1024
8292 18427 3476600 1 1024
8292 18427 3476610 1 1024
8293 18427 3476620 1 1024
8293 18427 3476630 1 1024
8294 18428 3476640 1 1024
8295 18428 3476650 1 1024
8296 18428 3476660 1 1024
8296 18429 3476670 1 1024
8297 18429 3476680 1 1024
8298 18429 3476690 1 1024
8298 18429 3476700 1 1024
8298 18429 3476710 1 1024
8299 18429 3476720 1 1024
8299 18428 3476730 1 1024
8299 18427 3476740 1 1024
8299 18425 3476750 1 1024
8298 18423 3476760 1 1024
8298 18420 3476770 1 1024
8297 18414 3476780 1 1024
8297 18410 3476790 1 1024
8297 18406 3476800 1 1024
8297 18403 3476810 1 1024
8297 18399 3476820 1 1024
8297 18396 3476830 1 1024
8297 18393 3476840 1 1024
8297 18391 3476850 1 1024
8297 18388 3476860 1 1024
8298 18386 3476870 1 1024
8298 18383 3476880 1 1024
8298 18381 3476890 1 1024
8299 18380 3476900 1 1024
8299 18378 3476910 1 1024
8300 18376 3476920 1 1024
8300 18375 3476930 1 1024
8301 18373 3476940 1 1024
8301 18373 3476950 1 1024
8302 18372 3476960 1 1024
8303 18373 3476970 1 1024
8304 18374 3476980 1 1024
8304 18376 3476990 1 1024
8306 18380 3477000 1 1024
8307 18382 3477010 1 1024
8307 18385 3477020 1 1024
8308 18386 3477030 1 1024
8309 18388 3477040 1 1024
8309 18390 3477050 1 1024
8310 18391 3477060 1 1024
8310 18392 3477070 1 1024
8309 18394 3477080 1 1024
8309 18395 3477090 1 1024
8309 18396 3477100 1 1024
8309 18397 3477110 1 1024
8308 18398 3477120 1 1024
8308 18399 3477130 1 1024
8308 18399 3477140 1 1024
8308 18399 3477150 1 1024
8308 18400 3477160 1 1024
8308 18400 3477170 1 1024
8308 18400 3477180 1 1024
8308 18401 3477190 1 1024
8308 18401 3477200 1 1024
8308 18402 3477210 1 1024
8307 18404 3477220 1 1024
8306 18405 3477230 1 1024
8306 18407 3477240 1 1024
8305 18408 3477250 1 1024
8305 18410 3477260 1 1024
8304 18412 3477270 1 1024
8304 18413 3477280 1 1024
8303 18415 3477290 1 1024
8303 18416 3477300 1 1024
8302 18418 3477310 1 1024
8302 18420 3477320 1 1024
8301 18421 3477330 1 1024
8301 18423 3477340 1 1024
8300 18424 3477350 1 1024
8299 18425 3477360 1 1024
8299 18425 3477370 1 1024
8298 18426 3477380 1 1024
8297 18427 3477390 1 1024
8297 18427 3477400 1 1024
8296 18427 3477410 1 1024
8296 18427 3477420 1 1024
8296 18427 3477430 1 1024
8296 18428 3477440 1 1024
8297 18428 3477450 1 1024
8297 18429 3477460 1 1024
8297 18430 3477470 1 1024
8297 18431 3477480 1 1024
8297 18432 3477490 1 1024
8297 18433 3477500 1 1024
8297 18434 3477510 1 1024
8296 18436 3477520 1 1024
8296 18437 3477530 1 1024
8296 18438 3477540 1 1024
8296 18438 3477550 1 1024
8295 18439 3477560 1 1024
8295 18438 3477570 1 1024
8296 18438 3477580 1 1024
8296 18437 3477590 1 1024
8296 18436 3477600 1 1024
8296 18436 3477610 1 1024
8297 18435 3477620 1 1024
8297 18434 3477630 1 1024
8297 18434 3477640 1 1024
8296 18433 3477650 1 1024
8295 18433 3477660 1 1024
8295 18434 3477670 1 1024
8294 18434 3477680 1 1024
8294 18436 3477690 1 1024
8294 18437 3477700 1 1024
8293 18439 3477710 1 1024
8293 18440 3477720 1 1024
8293 18442 3477730 1 1024
8293 18444 3477740 1 1024
8292 18446 3477750 1 1024
8292 18448 3477760 1 1024
8291 18450 3477770 1 1024
8291 18451 3477780 1 1024
8290 18453 3477790 1 1024
8289 18453 3477800 1 1024
8289 18453 3477810 1 1024
8288 18452 3477820 1 1024
8287 18451 3477830 1 1024
8287 18449 3477840 1 1024
8286 18447 3477850 1 1024
8286 18445 3477860 1 1024
8286 18442 3477870 1 1024
8286 18436 3477880 1 1024
8286 18433 3477890 1 1024
8286 18430 3477900 1 1024
8286 18428 3477910 1 1024
8286 18426 3477920 1 1024
8286 18424 3477930 1 1024
8286 18422 3477940 1 1024
8286 18420 3477950 1 1024
8286 18418 3477960 1 1024
8286 18417 3477970 1 1024
8286 18415 3477980 1 1024
8286 18414 3477990 1 1024
8287 18413 3478000 1 1024
8287 18413 3478010 1 1024
8288 18412 3478020 1 1024
8289 18412 3478030 1 1024
8290 18411 3478040 1 1024
8291 18410 3478050 1 1024
8292 18409 3478060 1 1024
8292 18408 3478070 1 1024
8293 18406 3478080 1 1024
8294 18405 3478090 1 1024
8296 18403 3478100 1 1024
8297 18402 3478110 1 1024
8299 18401 3478120 1 1024
8300 18400 3478130 1 1024
8301 18399 3478140 1 1024
8302 18398 3478150 1 1024
8303 18398 3478160 1 1024
8303 18399 3478170 1 1024
8303 18400 3478180 1 1024
8304 18401 3478190 1 1024
8304 18402 3478200 1 1024
8304 18403 3478210 1 1024
8305 18404 3478220 1 1024
8305 18406 3478230 1 1024
8306 18408 3478240 1 1024
8306 18410 3478250 1 1024
8307 18413 3478260 1 1024
8308 18415 3478270 1 1024
8309 18417 3478280 1 1024
8310 18420 3478290 1 1024
8311 18422 3478300 1 1024
8311 18424 3478310 1 1024
8313 18427 3478320 1 1024
8313 18427 3478330 1 1024
8314 18426 3478340 1 1024
8315 18425 3478350 1 1024
8315 18424 3478360 1 1024
8317 18422 3478370 1 1024
8318 18419 3478380 1 1024
8319 18415 3478390 1 1024
8321 18411 3478400 1 1024
8322 18407 3478410 1 1024
8324 18403 3478420 1 1024
8325 18398 3478430 1 1024
8326 18394 3478440 1 1024
8327 18391 3478450 1 1024
8328 18389 3478460 1 1024
8329 18387 3478470 1 1024
8330 18387 3478480 1 1024
8331 18387 3478490 1 1024
8332 18387 3478500 1 1024
8333 18389 3478510 1 1024
8334 18390 3478520 1 1024
8335 18392 3478530 1 1024
8336 18396 3478540 1 1024
8337 18397 3478550 1 1024
8338 18399 3478560 1 1024
8338 18401 3478570 1 1024
8339 18402 3478580 1 1024
8339 18404 3478590 1 1024
8340 18405 3478600 1 1024
8340 18407 3478610 1 1024
8340 18408 3478620 1 1024
8340 18409 3478630 1 1024
8340 18410 3478640 1 1024
8339 18411 3478650 1 1024
8339 18411 3478660 1 1024
8338 18412 3478670 1 1024
8338 18413 3478680 1 1024
8338 18413 3478690 1 1024
8338 18414 3478700 1 1024
8338 18414 3478710 1 1024
8338 18414 3478720 1 1024
8338 18414 3478730 1 1024
8338 18414 3478740 1 1024
8339 18414 3478750 1 1024
8342 18414 3478760 1 1024
8343 18414 3478770 1 1024
8344 18413 3478780 1 1024
8346 18412 3478790 1 1024
8347 18410 3478800 1 1024
8349 18407 3478810 1 1024
8350 18405 3478820 1 1024
8351 18403 3478830 1 1024
8352 18400 3478840 1 1024
8352 18398 3478850 1 1024
8352 18397 3478860 1 1024
8351 18396 3478870 1 1024
8351 18395 3478880 1 1024
8350 18394 3478890 1 1024
8348 18394 3478900 1 1024
8347 18394 3478910 1 1024
8346 18394 3478920 1 1024
8346 18393 3478930 1 1024
8345 18393 3478940 1 1024
8345 18393 3478950 1 1024
8345 18393 3478960 1 1024
8345 18392 3478970 1 1024
8346 18392 3478980 1 1024
8346 18392 3478990 1 1024
8347 18391 3479000 1 1024
8347 18391 3479010 1 1024
8348 18391 3479020 1 1024
8349 18390 3479030 1 1024
8349 18390 3479040 1 1024
8349 18389 3479050 1 1024
8350 18388 3479060 1 1024
8350 18387 3479070 1 1024
8351 18385 3479080 1 1024
8351 18383 3479090 1 1024
8351 18382 3479100 1 1024
8352 18380 3479110 1 1024
8352 18378 3479120 1 1024
8352 18377 3479130 1 1024
8353 18376 3479140 1 1024
8353 18375 3479150 1 1024
8353 18375 3479160 1 1024
8354 18376 3479170 1 1024
8355 18377 3479180 1 1024
8355 18378 3479190 1 1024
8357 18382 3479200 1 1024
8358 18385 3479210 1 1024
8359 18388 3479220 1 1024
8360 18390 3479230 1 1024
8361 18393 3479240 1 1024
8362 18396 3479250 1 1024
8363 18399 3479260 1 1024
8364 18401 3479270 1 1024
8364 18403 3479280 1 1024
8365 18405 3479290 1 1024
8365 18407 3479300 1 1024
8365 18408 3479310 1 1024
8366 18409 3479320 1 1024
8366 18410 3479330 1 1024
8366 18411 3479340 1 1024
8366 18412 3479350 1 1024
8366 18412 3479360 1 1024
8366 18412 3479370 1 1024
8365 18412 3479380 1 1024
8365 18411 3479390 1 1024
8364 18411 3479400 1 988
8364 18410 3479410 1 926
8363 18408 3479420 1 800
8362 18407 3479430 1 737
8362 18407 3479440 1 672
8361 18406 3479450 1 607
8361 18405 3479460 1 543
8361 18404 3479470 1 479
8361 18403 3479480 1 416
8361 18402 3479490 1 353
8361 18400 3479500 1 293
8361 18398 3479510 1 234
8361 18396 3479520 1 176
8362 18395 3479530 1 120
8362 18393 3479540 1 68
8362 18392 3479550 1 17
8362 18390 3479560 0 0
8362 18390 3479570 0 0
8363 18389 3479580 0 0
8363 18389 3479590 0 0
8363 18389 3479600 0 0
8363 18390 3479610 0 0
8364 18390 3479620 0 0
8364 18391 3479630 0 0
8364 18393 3479640 0 0
8364 18394 3479650 0 0
8364 18395 3479660 0 0
8364 18396 3479670 0 0
8365 18397 3479680 0 0
8365 18398 3479690 0 0
8365 18398 3479700 0 0
8366 18398 3479710 0 0
8366 18397 3479720 0 0
8367 18397 3479730 0 0
8367 18396 3479740 0 0
8367 18394 3479750 0 0
8368 18392 3479760 0 0
8368 18390 3479770 0 0
8367 18388 3479780 0 0
8367 18386 3479790 1 9
8367 18385 3479800 1 53
8367 18383 3479810 1 98
8366 18382 3479820 1 145
8366 18381 3479830 1 194
8365 18380 3479840 1 245
8364 18379 3479850 1 297
8363 18380 3479860 1 405
8362 18381 3479870 1 460
8362 18382 3479880 1 518
8361 18384 3479890 1 575
8361 18386 3479900 1 633
8361 18388 3479910 1 692
8361 18391 3479920 1 751
8361 18394 3479930 1 810
8361 18398 3479940 1 868
8362 18401 3479950 1 926
8362 18404 3479960 1 985
8362 18408 3479970 1 1024
8363 18412 3479980 1 1024
8363 18415 3479990 1 1024
8364 18419 3480000 1 1024
8364 18422 3480010 1 1024
8365 18425 3480020 1 1024
8366 18427 3480030 1 1024
8366 18430 3480040 1 1024
8367 18432 3480050 1 1024
8368 18433 3480060 1 1024
8368 18434 3480070 1 1024
8369 18435 3480080 1 1024
8370 18435 3480090 1 1024
8370 18434 3480100 1 1024
8371 18434 3480110 1 1024
8371 18434 3480120 1 1024
8371 18433 3480130 1 1024
8371 18433 3480140 1 1024
8371 18433 3480150 1 1024
8371 18433 3480160 1 1024
8371 18433 3480170 1 1024
8370 18433 3480180 1 1024
8370 18433 3480190 1 1024
8370 18433 3480200 1 1024
8369 18433 3480210 1 1024
8369 18433 3480220 1 1024
8369 18432 3480230 1 1024
8369 18432 3480240 1 1024
8369 18431 3480250 1 1024
8369 18431 3480260 1 1024
8369 18431 3480270 1 1024
8370 18431 3480280 1 1024
8370 18431 3480290 1 1024
8372 18432 3480300 1 1024
8372 18433 3480310 1 1024
8373 18434 3480320 1 1024
8373 18435 3480330 1 1024
8373 18436 3480340 1 1024
8373 18437 3480350 1 1024
8374 18437 3480360 1 1024
8374 18438 3480370 1 1024
8374 18438 3480380 1 1024
8374 18438 3480390 1 1024
8374 18437 3480400 1 1024
8375 18437 3480410 1 1024
8375 18437 3480420 1 1024
8375 18437 3480430 1 1024
8375 18436 3480440 1 1024
8375 18436 3480450 1 1024
8375 18436 3480460 1 1024
8375 18436 3480470 1 1024
8375 18437 3480480 1 1024
8374 18437 3480490 1 1024
8374 18438 3480500 1 1024
8374 18438 3480510 1 1024
8373 18439 3480520 1 1024
8374 18439 3480530 1 1024
8374 18439 3480540 1 1024
8374 18439 3480550 1 1024
8374 18439 3480560 1 1024
8374 18439 3480570 1 1024
8374 18439 3480580 1 1024
8374 18439 3480590 1 1024
8374 18439 3480600 1 1024
8374 18439 3480610 1 1024
8374 18439 3480620 1 1024
8373 18439 3480630 1 1024
8373 18439 3480640 1 1024
8372 18439 3480650 1 1024
8371 18439 3480660 1 1024
8371 18439 3480670 1 1024
8370 18439 3480680 1 1024
8369 18439 3480690 1 1024
8368 18439 3480700 1 1024
8368 18439 3480710 1 1024
8367 18438 3480720 1 1024
8367 18437 3480730 1 1024
8368 18435 3480740 1 1024
8368 18433 3480750 1 1024
8369 18432 3480760 1 1024
8369 18430 3480770 1 1024
8370 18428 3480780 1 1024
8371 18426 3480790 1 1024
8371 18424 3480800 1 1024
8372 18423 3480810 1 1024
8372 18421 3480820 1 1024
8372 18420 3480830 1 1024
8372 18420 3480840 1 1024
8373 18420 3480850 1 1024
8373 18421 3480860 1 1024
8373 18423 3480870 1 1024
8374 18425 3480880 1 1024
8374 18427 3480890 1 1024
8374 18430 3480900 1 1024
8374 18432 3480910 1 1024
8374 18435 3480920 1 1024
8373 18437 3480930 1 1024
8373 18439 3480940 1 1024
8372 18441 3480950 1 1024
8370 18442 3480960 1 1024
8370 18443 3480970 1 1024
8369 18443 3480980 1 1024
