8382 18140 8028517 1 708
8196 17955 8028527 1 708
8104 17860 8028537 1 707
8075 17824 8028547 1 706
8078 17817 8028557 1 705
8089 17816 8028567 1 705
8102 17816 8028577 1 705
8110 17811 8028587 1 706
8115 17810 8028597 1 707
8123 17812 8028607 1 707
8137 17813 8028617 1 707
8149 17813 8028627 1 709
8160 17814 8028637 1 710
8170 17813 8028647 1 711
8177 17811 8028657 1 713
8181 17808 8028667 1 714
8182 17807 8028677 1 716
8183 17805 8028687 1 717
8182 17800 8028697 1 718
8180 17794 8028707 1 720
8177 17787 8028717 1 722
8174 17783 8028727 1 723
8170 17779 8028737 1 723
8164 17771 8028747 1 725
8160 17767 8028757 1 726
8157 17763 8028767 1 727
8150 17755 8028777 1 728
8142 17747 8028787 1 730
8135 17739 8028797 1 731
8129 17732 8028807 1 732
8123 17726 8028817 1 734
8118 17720 8028827 1 734
8116 17717 8028837 1 734
8114 17714 8028847 1 735
8112 17710 8028857 1 736
8111 17706 8028867 1 736
8112 17703 8028877 1 735
8115 17700 8028887 1 735
8119 17698 8028897 1 735
8125 17696 8028907 1 735
8128 17696 8028917 1 734
8132 17695 8028927 1 734
8138 17693 8028937 1 732
8143 17692 8028947 1 731
8150 17692 8028957 1 730
8156 17693 8028967 1 728
8162 17695 8028977 1 726
8168 17699 8028987 1 723
8171 17701 8028997 1 723
8172 17705 8029007 1 722
8176 17712 8029017 1 720
8178 17721 8029027 1 718
8179 17731 8029037 1 717
8179 17743 8029047 1 716
8178 17755 8029057 1 716
8176 17768 8029067 1 715
8175 17774 8029077 1 715
8173 17780 8029087 1 715
8169 17792 8029097 1 717
8164 17803 8029107 1 718
8159 17812 8029117 1 721
8153 17819 8029127 1 725
8152 17822 8029137 1 727
8151 17824 8029147 1 730
8149 17826 8029157 1 732
8145 17828 8029167 1 735
8140 17830 8029177 1 742
8135 17830 8029187 1 749
8130 17829 8029197 1 758
8126 17827 8029207 1 767
8121 17823 8029217 1 777
8118 17820 8029227 1 788
8116 17818 8029237 1 793
8115 17815 8029247 1 797
8112 17810 8029257 1 807
8109 17805 8029267 1 817
8106 17800 8029277 1 824
8103 17794 8029287 1 831
8101 17788 8029297 1 836
8099 17782 8029307 1 839
8098 17779 8029317 1 840
8097 17776 8029327 1 840
8096 17770 8029337 1 839
8094 17766 8029347 1 837
8092 17763 8029357 1 834
8090 17756 8029367 1 826
8089 17751 8029377 1 815
8087 17747 8029387 1 800
8086 17745 8029397 1 793
8085 17744 8029407 1 783
8083 17742 8029417 1 760
8081 17742 8029427 1 734
8079 17744 8029437 1 703
8077 17747 8029447 1 669
8075 17751 8029457 1 632
8073 17756 8029467 1 593
8072 17759 8029477 1 572
8072 17762 8029487 1 551
8072 17769 8029497 1 508
8073 17775 8029507 1 464
8076 17782 8029517 1 419
8080 17788 8029527 1 373
8086 17794 8029537 1 328
8090 17797 8029547 1 305
8092 17797 8029557 1 299
8095 17799 8029567 1 283
8105 17805 8029577 1 239
8116 17810 8029587 1 196
8128 17816 8029597 1 155
8139 17823 8029607 1 116
8150 17830 8029617 1 80
8160 17837 8029627 1 45
8164 17841 8029637 1 29
8167 17844 8029647 1 15
8174 17851 8029657 0 0
8177 17858 8029667 0 0
8178 17864 8029677 0 0
8177 17869 8029687 0 0
8175 17871 8029697 0 0
8170 17873 8029707 0 0
8168 17873 8029717 0 0
8166 17872 8029727 0 0
8161 17870 8029737 0 0
8155 17867 8029747 0 0
8154 17862 8029757 0 0
8152 17856 8029767 0 0
8148 17850 8029777 0 0
8145 17844 8029787 0 0
8144 17840 8029797 0 0
8143 17838 8029807 0 0
8142 17832 8029817 0 0
8143 17827 8029827 0 0
8144 17823 8029837 0 0
8146 17820 8029847 0 0
8149 17817 8029857 1 19
8152 17816 8029867 1 61
8154 17815 8029877 1 83
8157 17815 8029887 1 110
8161 17814 8029897 1 163
8166 17813 8029907 1 222
8172 17812 8029917 1 283
8177 17811 8029927 1 347
8182 17810 8029937 1 410
8187 17807 8029947 1 473
8190 17807 8029957 1 497
8191 17807 8029967 1 505
8195 17806 8029977 1 535
8198 17802 8029987 1 593
8202 17798 8029997 1 645
8204 17793 8030007 1 693
8206 17789 8030017 1 734
8208 17785 8030027 1 767
8208 17782 8030037 1 782
8209 17780 8030047 1 791
8209 17776 8030057 1 806
8210 17773 8030067 1 809
8209 17770 8030077 1 800
8209 17768 8030087 1 780
8208 17767 8030097 1 752
8207 17767 8030107 1 715
8206 17767 8030117 1 696
8205 17768 8030127 1 672
8203 17770 8030137 1 623
8201 17773 8030147 1 568
8198 17776 8030157 1 510
8196 17778 8030167 1 479
8193 17781 8030177 1 448
8190 17784 8030187 1 384
8189 17786 8030197 1 350
8188 17787 8030207 1 318
8185 17790 8030217 1 253
8183 17791 8030227 1 188
8182 17792 8030237 1 126
8181 17792 8030247 1 67
8180 17792 8030257 1 11
8180 17791 8030267 0 0
8180 17791 8030277 0 0
8180 17790 8030287 0 0
8181 17789 8030297 0 0
8181 17788 8030307 0 0
8182 17787 8030317 0 0
8183 17787 8030327 0 0
8183 17787 8030337 0 0
8182 17788 8030347 0 0
8183 17788 8030357 0 0
8182 17789 8030367 0 0
8181 17791 8030377 0 0
8180 17793 8030387 0 0
8178 17794 8030397 0 0
8178 17793 8030407 0 0
8177 17793 8030417 0 0
8178 17792 8030427 0 0
8178 17791 8030437 0 0
8179 17790 8030447 0 0
8181 17788 8030457 0 0
8184 17786 8030467 0 0
8188 17784 8030477 0 0
8192 17783 8030487 0 0
8197 17781 8030497 0 0
8202 17781 8030507 0 0
8204 17780 8030517 0 0
8207 17780 8030527 0 0
8211 17780 8030537 0 0
8215 17781 8030547 1 23
8219 17782 8030557 1 52
8223 17783 8030567 1 81
8225 17783 8030577 1 95
8227 17784 8030587 1 110
8228 17784 8030597 1 123
8228 17785 8030607 1 140
8229 17786 8030617 1 171
8228 17788 8030627 1 202
8227 17790 8030637 1 234
8224 17793 8030647 1 265
8220 17795 8030657 1 298
8216 17799 8030667 1 330
8214 17800 8030677 1 346
8211 17801 8030687 1 362
8206 17805 8030697 1 395
8201 17808 8030707 1 427
8196 17811 8030717 1 458
8192 17813 8030727 1 490
8189 17815 8030737 1 522
8187 17816 8030747 1 553
8186 17816 8030757 1 568
8186 17816 8030767 1 584
8187 17816 8030777 1 614
8188 17814 8030787 1 629
8191 17811 8030797 1 644
8195 17808 8030807 1 672
8200 17805 8030817 1 701
8205 17802 8030827 1 728
8207 17800 8030837 1 742
8210 17798 8030847 1 755
8214 17795 8030857 1 780
8218 17793 8030867 1 805
8220 17792 8030877 1 828
8222 17792 8030887 1 850
8223 17794 8030897 1 871
8223 17796 8030907 1 890
8223 17798 8030917 1 900
8223 17800 8030927 1 908
8222 17804 8030937 1 925
8222 17808 8030947 1 939
8222 17812 8030957 1 953
8222 17816 8030967 1 964
8223 17819 8030977 1 974
8225 17821 8030987 1 979
8226 17822 8030997 1 980
8227 17822 8031007 1 982
8230 17821 8031017 1 990
8234 17819 8031027 1 995
8238 17816 8031037 1 998
8242 17812 8031047 1 1002
8246 17807 8031057 1 1004
8249 17802 8031067 1 1005
8252 17797 8031077 1 1005
8255 17793 8031087 1 1004
8257 17789 8031097 1 1003
8258 17785 8031107 1 1001
8259 17783 8031117 1 998
8258 17782 8031127 1 995
8257 17782 8031137 1 992
8254 17783 8031147 1 988
8251 17785 8031157 1 985
8247 17788 8031167 1 981
8244 17790 8031177 1 981
8240 17793 8031187 1 979
8234 17796 8031197 1 976
8227 17799 8031207 1 973
8220 17802 8031217 1 970
8213 17805 8031227 1 968
8206 17807 8031237 1 968
8200 17809 8031247 1 967
8195 17810 8031257 1 967
8191 17811 8031267 1 969
8188 17812 8031277 1 972
8188 17814 8031287 1 976
8189 17814 8031297 1 981
8191 17816 8031307 1 987
8195 17817 8031317 1 996
8200 17819 8031327 1 1005
8206 17821 8031337 1 1017
8213 17823 8031347 1 1024
8220 17825 8031357 1 1024
8226 17828 8031367 1 1024
8232 17829 8031377 1 1024
8238 17831 8031387 1 1024
8243 17832 8031397 1 1024
8248 17832 8031407 1 1024
8252 17831 8031417 1 1024
8255 17830 8031427 1 1024
8259 17828 8031437 1 1024
8261 17825 8031447 1 1024
8263 17822 8031457 1 1024
8264 17818 8031467 1 1024
8265 17815 8031477 1 1024
8266 17811 8031487 1 1024
8266 17807 8031497 1 1024
8265 17803 8031507 1 1024
8265 17800 8031517 1 1024
8264 17799 8031527 1 1024
