8129 18714 2591991 1 636
7861 18494 2592001 1 636
7728 18381 2592011 1 636
7686 18338 2592021 1 636
7691 18330 2592031 1 636
7706 18328 2592041 1 637
7725 18328 2592051 1 637
7735 18322 2592061 1 638
7753 18323 2592071 1 639
7771 18325 2592081 1 639
7788 18325 2592091 1 641
7801 18325 2592101 1 642
7808 18325 2592111 1 642
7812 18324 2592121 1 643
7819 18322 2592131 1 644
7823 18319 2592141 1 645
7823 18314 2592151 1 647
7822 18308 2592161 1 648
7819 18301 2592171 1 650
7816 18292 2592181 1 651
7816 18287 2592191 1 652
7816 18282 2592201 1 653
7814 18272 2592211 1 654
7813 18262 2592221 1 656
7813 18257 2592231 1 656
7813 18251 2592241 1 657
7812 18241 2592251 1 659
7812 18230 2592261 1 660
7811 18220 2592271 1 661
7808 18210 2592281 1 663
7804 18200 2592291 1 663
7798 18190 2592301 1 664
7791 18182 2592311 1 665
7782 18175 2592321 1 666
7773 18169 2592331 1 666
7763 18165 2592341 1 667
7759 18163 2592351 1 667
7755 18162 2592361 1 667
7748 18161 2592371 1 668
7744 18162 2592381 1 668
7739 18163 2592391 1 667
7737 18166 2592401 1 667
7740 18170 2592411 1 667
7747 18176 2592421 1 667
7757 18183 2592431 1 666
7769 18192 2592441 1 665
7784 18202 2592451 1 665
7798 18213 2592461 1 664
7805 18219 2592471 1 663
7811 18225 2592481 1 663
7823 18237 2592491 1 663
7832 18250 2592501 1 663
7838 18263 2592511 1 663
7839 18277 2592521 1 664
7838 18289 2592531 1 664
7832 18302 2592541 1 666
7825 18314 2592551 1 667
7814 18325 2592561 1 670
7802 18335 2592571 1 672
7797 18340 2592581 1 674
7795 18342 2592591 1 675
7791 18345 2592601 1 677
7779 18351 2592611 1 681
7769 18356 2592621 1 686
7760 18359 2592631 1 692
7752 18359 2592641 1 698
7745 18358 2592651 1 705
7739 18354 2592661 1 713
7734 18350 2592671 1 721
7730 18343 2592681 1 728
7727 18336 2592691 1 736
7723 18329 2592701 1 744
7721 18324 2592711 1 747
7720 18320 2592721 1 750
7718 18311 2592731 1 756
7717 18303 2592741 1 761
7716 18294 2592751 1 764
7716 18285 2592761 1 765
7717 18278 2592771 1 765
7717 18273 2592781 1 765
7718 18269 2592791 1 764
7719 18262 2592801 1 759
7719 18256 2592811 1 752
7719 18251 2592821 1 742
7719 18249 2592831 1 737
7719 18248 2592841 1 730
7718 18246 2592851 1 714
7716 18246 2592861 1 695
7714 18247 2592871 1 672
7711 18250 2592881 1 647
7708 18254 2592891 1 619
7706 18259 2592901 1 589
7703 18266 2592911 1 556
7702 18273 2592921 1 523
7703 18281 2592931 1 488
7705 18289 2592941 1 452
7707 18294 2592951 1 435
7710 18298 2592961 1 415
7718 18307 2592971 1 378
7722 18312 2592981 1 359
7728 18318 2592991 1 340
7740 18326 2593001 1 303
7754 18334 2593011 1 267
7769 18342 2593021 1 232
7783 18348 2593031 1 198
7798 18353 2593041 1 166
7810 18358 2593051 1 136
7820 18361 2593061 1 108
7825 18362 2593071 1 93
7828 18363 2593081 1 82
7832 18364 2593091 1 67
7834 18364 2593101 1 65
7832 18364 2593111 1 63
7828 18363 2593121 1 61
7822 18362 2593131 1 59
7815 18361 2593141 1 57
7807 18360 2593151 1 55
7799 18359 2593161 1 53
7795 18357 2593171 1 52
7791 18356 2593181 1 50
7788 18356 2593191 1 49
7784 18356 2593201 1 48
7779 18355 2593211 1 46
7775 18353 2593221 1 44
7773 18353 2593231 1 42
7773 18351 2593241 1 40
7774 18350 2593251 1 38
7776 18349 2593261 1 38
7779 18347 2593271 1 65
7783 18345 2593281 1 101
7787 18343 2593291 1 144
7791 18340 2593301 1 192
7793 18339 2593311 1 217
7796 18337 2593321 1 245
7801 18333 2593331 1 301
7806 18329 2593341 1 360
7811 18325 2593351 1 418
7815 18320 2593361 1 478
7818 18317 2593371 1 508
7821 18314 2593381 1 537
7825 18308 2593391 1 592
7828 18302 2593401 1 643
7830 18296 2593411 1 691
7832 18290 2593421 1 731
7833 18288 2593431 1 750
7833 18286 2593441 1 765
7833 18282 2593451 1 789
7833 18280 2593461 1 805
7833 18278 2593471 1 809
7832 18278 2593481 1 799
7832 18279 2593491 1 778
7831 18280 2593501 1 750
7831 18284 2593511 1 713
7831 18288 2593521 1 670
7832 18292 2593531 1 622
7833 18297 2593541 1 569
7833 18300 2593551 1 536
7834 18303 2593561 1 512
7836 18307 2593571 1 483
7839 18311 2593581 1 454
7842 18316 2593591 1 393
7844 18320 2593601 1 333
7846 18324 2593611 1 272
7847 18325 2593621 1 213
7847 18327 2593631 1 157
7846 18327 2593641 1 104
7844 18327 2593651 1 55
7841 18325 2593661 1 34
7839 18324 2593671 1 32
7836 18322 2593681 1 36
7831 18319 2593691 1 38
7826 18315 2593701 1 40
7821 18310 2593711 1 42
7816 18306 2593721 1 44
7812 18301 2593731 1 46
7808 18295 2593741 1 48
7807 18291 2593751 1 50
7805 18288 2593761 1 52
7805 18285 2593771 1 53
7806 18281 2593781 1 55
7807 18279 2593791 1 56
7809 18278 2593801 1 57
7812 18276 2593811 1 59
7817 18275 2593821 1 61
7822 18274 2593831 1 63
7827 18274 2593841 1 65
7833 18275 2593851 1 67
7838 18277 2593861 1 69
7844 18279 2593871 1 71
7848 18282 2593881 1 73
7853 18285 2593891 1 75
7857 18288 2593901 1 77
7859 18289 2593911 1 84
7860 18291 2593921 1 101
7863 18294 2593931 1 126
7866 18295 2593941 1 152
7868 18297 2593951 1 177
7869 18296 2593961 1 191
7871 18294 2593971 1 205
7872 18293 2593981 1 231
7873 18291 2593991 1 256
7873 18289 2594001 1 283
7873 18287 2594011 1 309
7872 18286 2594021 1 335
7872 18285 2594031 1 348
7871 18285 2594041 1 361
7870 18285 2594051 1 387
7867 18286 2594061 1 412
7864 18289 2594071 1 438
7860 18293 2594081 1 463
7857 18298 2594091 1 487
7854 18303 2594101 1 512
7851 18309 2594111 1 535
7850 18314 2594121 1 558
7849 18319 2594131 1 582
7850 18323 2594141 1 603
7850 18325 2594151 1 611
7850 18327 2594161 1 614
7853 18328 2594171 1 625
7857 18330 2594181 1 645
7863 18330 2594191 1 665
7870 18329 2594201 1 684
7877 18327 2594211 1 702
7884 18325 2594221 1 719
7892 18323 2594231 1 735
7900 18321 2594241 1 750
7907 18318 2594251 1 765
7913 18316 2594261 1 778
7915 18315 2594271 1 785
7917 18314 2594281 1 790
7921 18313 2594291 1 801
7923 18311 2594301 1 811
7925 18310 2594311 1 819
7924 18309 2594321 1 827
7924 18308 2594331 1 833
7922 18307 2594341 1 838
7920 18307 2594351 1 840
7917 18307 2594361 1 841
7914 18306 2594371 1 844
7913 18306 2594381 1 845
7912 18305 2594391 1 846
7911 18305 2594401 1 846
7910 18304 2594411 1 847
7910 18303 2594421 1 846
7911 18302 2594431 1 845
7913 18301 2594441 1 844
7914 18300 2594451 1 842
7916 18299 2594461 1 839
7919 18299 2594471 1 837
7921 18299 2594481 1 833
7923 18300 2594491 1 830
7924 18300 2594501 1 827
7924 18301 2594511 1 825
7924 18301 2594521 1 823
7924 18303 2594531 1 819
7922 18304 2594541 1 816
7923 18304 2594551 1 814
7921 18304 2594561 1 811
7918 18305 2594571 1 808
7912 18306 2594581 1 805
7907 18308 2594591 1 802
7900 18309 2594601 1 799
7894 18312 2594611 1 797
7888 18315 2594621 1 796
7882 18318 2594631 1 794
7877 18323 2594641 1 794
7872 18328 2594651 1 794
7870 18334 2594661 1 795
7868 18341 2594671 1 796
7867 18348 2594681 1 798
7868 18355 2594691 1 801
7870 18362 2594701 1 805
7873 18368 2594711 1 810
7876 18373 2594721 1 816
7881 18377 2594731 1 822
7886 18379 2594741 1 831
7892 18379 2594751 1 840
7899 18377 2594761 1 843
7905 18374 2594771 1 841
7912 18370 2594781 1 840
7919 18364 2594791 1 838
7925 18358 2594801 1 837
7931 18351 2594811 1 835
7936 18345 2594821 1 834
7940 18339 2594831 1 832
7942 18335 2594841 1 831
7943 18331 2594851 1 829
7944 18329 2594861 1 828
7942 18327 2594871 1 826
7941 18327 2594881 1 825
7938 18328 2594891 1 823
7936 18330 2594901 1 822
