8089 17882 2999773 1 722
7786 17596 2999783 1 723
7637 17450 2999793 1 721
7590 17394 2999803 1 720
7595 17384 2999813 1 719
7612 17381 2999823 1 719
7633 17381 2999833 1 719
7645 17373 2999843 1 720
7666 17374 2999853 1 721
7686 17375 2999863 1 721
7705 17375 2999873 1 723
7721 17374 2999883 1 724
7733 17371 2999893 1 725
7741 17367 2999903 1 727
7745 17362 2999913 1 728
7745 17356 2999923 1 731
7743 17349 2999933 1 732
7739 17341 2999943 1 734
7734 17332 2999953 1 736
7732 17327 2999963 1 737
7730 17323 2999973 1 737
7725 17312 2999983 1 739
7720 17301 2999993 1 741
7716 17288 3000003 1 742
7711 17275 3000013 1 745
7706 17260 3000023 1 745
7702 17245 3000033 1 746
7699 17237 3000043 1 748
7695 17229 3000053 1 749
7689 17214 3000063 1 748
7681 17198 3000073 1 749
7674 17184 3000083 1 750
7668 17171 3000093 1 750
7662 17160 3000103 1 749
7658 17151 3000113 1 749
7657 17143 3000123 1 749
7659 17137 3000133 1 748
7664 17132 3000143 1 747
7668 17128 3000153 1 745
7673 17125 3000163 1 744
7683 17125 3000173 1 742
7695 17128 3000183 1 741
7708 17134 3000193 1 738
7721 17143 3000203 1 735
7734 17155 3000213 1 734
7745 17171 3000223 1 731
7754 17188 3000233 1 729
7761 17208 3000243 1 728
7764 17229 3000253 1 726
7766 17249 3000263 1 726
7763 17270 3000273 1 726
7759 17290 3000283 1 726
7752 17309 3000293 1 728
7743 17326 3000303 1 729
7739 17334 3000313 1 730
7733 17341 3000323 1 732
7721 17353 3000333 1 735
7716 17360 3000343 1 737
7711 17366 3000353 1 740
7698 17373 3000363 1 746
7685 17379 3000373 1 753
7673 17382 3000383 1 761
7662 17383 3000393 1 770
7651 17383 3000403 1 780
7642 17379 3000413 1 790
7634 17373 3000423 1 801
7627 17364 3000433 1 811
7622 17353 3000443 1 821
7618 17340 3000453 1 831
7615 17324 3000463 1 839
7613 17308 3000473 1 846
7612 17292 3000483 1 852
7612 17276 3000493 1 855
7612 17262 3000503 1 855
7612 17251 3000513 1 854
7612 17247 3000523 1 852
7612 17245 3000533 1 848
7611 17243 3000543 1 839
7609 17246 3000553 1 827
7606 17253 3000563 1 812
7603 17262 3000573 1 793
7601 17268 3000583 1 783
7599 17274 3000593 1 769
7596 17287 3000603 1 742
7592 17300 3000613 1 710
7590 17312 3000623 1 674
7588 17323 3000633 1 635
7588 17331 3000643 1 594
7590 17338 3000653 1 550
7594 17342 3000663 1 505
7600 17345 3000673 1 459
7608 17347 3000683 1 412
7618 17349 3000693 1 365
7630 17351 3000703 1 318
7637 17351 3000713 1 294
7645 17352 3000723 1 272
7659 17359 3000733 1 226
7673 17369 3000743 1 182
7688 17380 3000753 1 140
7702 17392 3000763 1 99
7715 17405 3000773 1 62
7727 17417 3000783 1 27
7736 17430 3000793 0 0
7743 17441 3000803 0 0
7746 17450 3000813 0 0
7747 17458 3000823 0 0
7744 17464 3000833 0 0
7739 17466 3000843 0 0
7736 17466 3000853 0 0
7731 17466 3000863 0 0
7723 17462 3000873 0 0
7713 17457 3000883 0 0
7703 17449 3000893 0 0
7699 17440 3000903 0 0
7695 17429 3000913 0 0
7688 17419 3000923 0 0
7684 17409 3000933 0 0
7683 17399 3000943 0 0
7683 17391 3000953 0 0
7686 17384 3000963 0 0
7691 17378 3000973 0 0
7698 17373 3000983 0 0
7704 17370 3000993 1 10
7711 17367 3001003 1 53
7718 17365 3001013 1 103
7724 17363 3001023 1 158
7729 17360 3001033 1 217
7733 17356 3001043 1 280
7735 17352 3001053 1 344
7737 17348 3001063 1 408
7737 17343 3001073 1 472
7736 17341 3001083 1 504
7734 17339 3001093 1 535
7734 17335 3001103 1 593
7734 17332 3001113 1 645
7734 17331 3001123 1 671
7734 17331 3001133 1 694
7734 17331 3001143 1 735
7735 17334 3001153 1 768
7736 17337 3001163 1 792
7738 17341 3001173 1 806
7740 17346 3001183 1 809
7742 17350 3001193 1 800
7745 17353 3001203 1 780
7748 17355 3001213 1 753
7751 17356 3001223 1 716
7754 17353 3001233 1 673
7756 17348 3001243 1 623
7759 17341 3001253 1 568
7760 17332 3001263 1 509
7762 17321 3001273 1 479
7763 17309 3001283 1 447
7762 17299 3001293 1 382
7762 17290 3001303 1 316
7760 17283 3001313 1 249
7758 17278 3001323 1 183
7754 17275 3001333 1 119
7750 17275 3001343 1 59
7745 17277 3001353 1 2
7739 17280 3001363 0 0
7733 17283 3001373 0 0
7726 17288 3001383 0 0
7723 17290 3001393 0 0
7720 17292 3001403 0 0
7715 17296 3001413 0 0
7712 17300 3001423 0 0
7709 17304 3001433 0 0
7708 17308 3001443 0 0
7710 17312 3001453 0 0
7712 17318 3001463 0 0
7715 17324 3001473 0 0
7720 17328 3001483 0 0
7727 17332 3001493 0 0
7735 17336 3001503 0 0
7743 17339 3001513 0 0
7751 17341 3001523 0 0
7759 17343 3001533 0 0
7766 17343 3001543 0 0
7772 17342 3001553 0 0
7777 17339 3001563 0 0
7781 17336 3001573 0 0
7784 17332 3001583 0 0
7785 17327 3001593 0 0
7786 17323 3001603 0 0
7786 17320 3001613 1 2
7786 17317 3001623 1 31
7786 17315 3001633 1 61
7784 17313 3001643 1 75
7783 17313 3001653 1 91
7782 17313 3001663 1 104
7782 17314 3001673 1 122
7780 17317 3001683 1 153
7778 17320 3001693 1 186
7775 17324 3001703 1 219
7772 17329 3001713 1 251
7769 17334 3001723 1 285
7766 17340 3001733 1 319
7763 17345 3001743 1 352
7761 17352 3001753 1 386
7759 17359 3001763 1 420
7758 17366 3001773 1 452
7759 17372 3001783 1 486
7761 17377 3001793 1 519
7764 17380 3001803 1 552
7769 17382 3001813 1 585
7776 17381 3001823 1 616
7781 17377 3001833 1 632
7788 17370 3001843 1 648
7796 17362 3001853 1 678
7804 17353 3001863 1 708
7813 17344 3001873 1 737
7820 17335 3001883 1 765
7827 17328 3001893 1 793
7834 17324 3001903 1 819
7840 17321 3001913 1 843
7846 17322 3001923 1 867
7848 17323 3001933 1 879
7850 17326 3001943 1 890
7854 17331 3001953 1 911
7858 17338 3001963 1 930
7860 17345 3001973 1 948
7862 17352 3001983 1 963
7864 17359 3001993 1 978
7865 17365 3002003 1 991
7867 17370 3002013 1 1001
7867 17374 3002023 1 1007
7867 17378 3002033 1 1011
7866 17382 3002043 1 1019
7866 17384 3002053 1 1024
7864 17387 3002063 1 1024
7862 17389 3002073 1 1024
7860 17392 3002083 1 1024
7857 17394 3002093 1 1024
7855 17396 3002103 1 1024
7852 17398 3002113 1 1024
7850 17400 3002123 1 1024
7848 17400 3002133 1 1024
7845 17399 3002143 1 1024
7844 17397 3002153 1 1024
7843 17394 3002163 1 1024
7841 17390 3002173 1 1022
7840 17384 3002183 1 1019
7838 17378 3002193 1 1015
7838 17374 3002203 1 1014
7839 17370 3002213 1 1015
7841 17362 3002223 1 1013
7840 17355 3002233 1 1010
7838 17349 3002243 1 1007
7836 17344 3002253 1 1004
7835 17342 3002263 1 1003
7833 17340 3002273 1 1002
7831 17341 3002283 1 1002
7829 17343 3002293 1 1002
7827 17347 3002303 1 1004
7825 17351 3002313 1 1008
7823 17358 3002323 1 1012
7820 17364 3002333 1 1018
7818 17371 3002343 1 1024
7817 17378 3002353 1 1024
7815 17383 3002363 1 1024
7815 17388 3002373 1 1024
7815 17391 3002383 1 1024
7817 17393 3002393 1 1024
7820 17393 3002403 1 1024
7824 17390 3002413 1 1024
7829 17386 3002423 1 1024
7836 17380 3002433 1 1024
7843 17373 3002443 1 1024
7852 17365 3002453 1 1024
7860 17357 3002463 1 1024
7869 17350 3002473 1 1024
7877 17345 3002483 1 1024
7884 17341 3002493 1 1024
7889 17340 3002503 1 1024
7894 17341 3002513 1 1024
7896 17345 3002523 1 1024
7896 17349 3002533 1 1024
7894 17355 3002543 1 1024
7890 17362 3002553 1 1024
7884 17370 3002563 1 1024
