8063 17471 6468280 1 935
8064 17471 6468290 1 929
8064 17471 6468300 1 898
8064 17471 6468310 1 849
8064 17471 6468320 1 790
8064 17472 6468330 1 726
8064 17472 6468340 1 665
8064 17472 6468350 1 614
8064 17472 6468360 1 580
8064 17472 6468370 1 569
8064 17472 6468380 1 589
8064 17473 6468390 1 646
8064 17474 6468400 1 724
8064 17476 6468410 1 745
8064 17477 6468420 1 748
8064 17479 6468430 1 751
8063 17482 6468440 1 759
8062 17484 6468450 1 766
8061 17485 6468460 1 767
8060 17485 6468470 1 764
8058 17484 6468480 1 757
8057 17483 6468490 1 755
8056 17483 6468500 1 755
8054 17481 6468510 1 752
8051 17483 6468520 1 741
8048 17487 6468530 1 741
8045 17495 6468540 1 746
8042 17507 6468550 1 756
8041 17513 6468560 1 761
8039 17522 6468570 1 763
8036 17539 6468580 1 773
8033 17557 6468590 1 795
8031 17574 6468600 1 822
8030 17589 6468610 1 848
8030 17600 6468620 1 900
8030 17606 6468630 1 920
8030 17608 6468640 1 917
8030 17613 6468650 1 918
8030 17614 6468660 1 931
8030 17612 6468670 1 935
8031 17606 6468680 1 928
8032 17598 6468690 1 911
8033 17593 6468700 1 901
8034 17587 6468710 1 894
8038 17575 6468720 1 878
8042 17562 6468730 1 830
8048 17550 6468740 1 683
8055 17540 6468750 1 587
8062 17533 6468760 1 480
8066 17529 6468770 1 437
8070 17527 6468780 1 423
8077 17525 6468790 1 366
8086 17524 6468800 1 250
8094 17527 6468810 1 135
8102 17531 6468820 1 27
8110 17536 6468830 0 0
8114 17539 6468840 0 0
8117 17542 6468850 0 0
8123 17548 6468860 0 0
8128 17554 6468870 0 0
8132 17559 6468880 0 0
8134 17563 6468890 0 0
8136 17565 6468900 0 0
8136 17566 6468910 0 0
8136 17566 6468920 0 0
8136 17566 6468930 0 0
8134 17564 6468940 0 0
8133 17561 6468950 0 0
8131 17557 6468960 0 0
8129 17552 6468970 0 0
8128 17550 6468980 0 0
8128 17547 6468990 0 0
8127 17543 6469000 0 0
8126 17539 6469010 0 0
8125 17537 6469020 0 0
8125 17535 6469030 0 0
8124 17536 6469040 0 0
8124 17536 6469050 0 0
8124 17538 6469060 0 0
8123 17541 6469070 0 0
8123 17546 6469080 0 0
8123 17552 6469090 0 0
8122 17559 6469100 0 0
8121 17565 6469110 1 35
8121 17568 6469120 1 59
8121 17570 6469130 1 68
8120 17574 6469140 1 103
8120 17577 6469150 1 171
8120 17579 6469160 1 242
8120 17579 6469170 1 313
8120 17578 6469180 1 450
8120 17577 6469190 1 506
8120 17576 6469200 1 501
8120 17574 6469210 1 515
8120 17572 6469220 1 574
8119 17571 6469230 1 629
8119 17569 6469240 1 677
8119 17567 6469250 1 718
8119 17566 6469260 1 733
8119 17565 6469270 1 736
8118 17564 6469280 1 749
8118 17562 6469290 1 772
8117 17560 6469300 1 789
8117 17558 6469310 1 790
8117 17555 6469320 1 789
8117 17554 6469330 1 789
8117 17552 6469340 1 788
8118 17549 6469350 1 783
8120 17546 6469360 1 775
8122 17543 6469370 1 763
8126 17540 6469380 1 747
8129 17538 6469390 1 729
8132 17538 6469400 1 720
8134 17537 6469410 1 710
8138 17536 6469420 1 690
8142 17536 6469430 1 668
8145 17536 6469440 1 646
8148 17537 6469450 1 624
8151 17538 6469460 1 603
8152 17538 6469470 1 595
8152 17538 6469480 1 593
8153 17539 6469490 1 584
8153 17540 6469500 1 565
8152 17541 6469510 1 549
8150 17543 6469520 1 526
8147 17544 6469530 1 519
8145 17545 6469540 1 518
8143 17546 6469550 1 517
8139 17547 6469560 1 516
8136 17548 6469570 1 517
8133 17549 6469580 1 522
8130 17550 6469590 1 534
8129 17550 6469600 1 550
8129 17550 6469610 1 552
8129 17550 6469620 1 551
8130 17549 6469630 1 573
8131 17549 6469640 1 635
8133 17549 6469650 1 677
8136 17550 6469660 1 726
8138 17551 6469670 1 782
8139 17551 6469680 1 804
8140 17552 6469690 1 812
8143 17555 6469700 1 845
8145 17558 6469710 1 913
8147 17563 6469720 1 983
8148 17568 6469730 1 1024
8149 17574 6469740 1 1024
8149 17577 6469750 1 1024
8149 17580 6469760 1 1024
8149 17585 6469770 1 1024
8148 17589 6469780 1 1024
8148 17593 6469790 1 1024
8148 17596 6469800 1 1024
8148 17597 6469810 1 1024
8148 17598 6469820 1 1024
8148 17597 6469830 1 1022
8148 17595 6469840 1 1024
8147 17592 6469850 1 1024
8147 17589 6469860 1 934
8146 17586 6469870 1 779
8145 17582 6469880 1 593
8144 17581 6469890 1 520
8144 17579 6469900 1 491
8142 17576 6469910 1 387
8139 17573 6469920 1 177
8137 17571 6469930 0 0
8133 17569 6469940 0 0
8130 17567 6469950 0 0
8128 17567 6469960 0 0
8127 17566 6469970 0 0
8123 17565 6469980 0 0
8121 17565 6469990 0 0
8119 17565 6470000 0 0
8118 17565 6470010 0 0
8118 17566 6470020 0 0
8119 17567 6470030 0 0
8120 17567 6470040 0 0
8122 17568 6470050 0 0
8126 17569 6470060 0 0
8130 17570 6470070 0 0
8134 17571 6470080 0 0
8139 17571 6470090 0 0
8141 17571 6470100 0 0
8143 17570 6470110 0 0
8148 17569 6470120 0 0
8151 17567 6470130 1 11
8155 17564 6470140 1 89
8157 17562 6470150 1 165
8159 17560 6470160 1 238
8160 17559 6470170 1 258
8160 17558 6470180 1 258
8160 17557 6470190 1 309
8160 17557 6470200 1 442
8158 17558 6470210 1 503
8155 17560 6470220 1 560
8152 17562 6470230 1 614
8150 17563 6470240 1 633
8148 17564 6470250 1 640
8145 17566 6470260 1 664
8143 17567 6470270 1 709
8140 17567 6470280 1 750
8138 17566 6470290 1 786
8137 17565 6470300 1 842
8136 17564 6470310 1 864
8136 17563 6470320 1 862
8137 17560 6470330 1 863
8139 17557 6470340 1 877
8141 17555 6470350 1 885
8143 17553 6470360 1 889
8145 17552 6470370 1 888
8146 17552 6470380 1 888
8148 17551 6470390 1 888
8150 17550 6470400 1 887
8152 17549 6470410 1 885
8154 17547 6470420 1 881
8157 17545 6470430 1 884
8158 17542 6470440 1 892
8159 17540 6470450 1 896
8160 17538 6470460 1 898
8161 17535 6470470 1 908
8161 17532 6470480 1 929
8160 17529 6470490 1 955
8156 17528 6470500 1 980
8147 17528 6470510 1 1000
8142 17529 6470520 1 1008
8133 17528 6470530 1 1009
8115 17526 6470540 1 1005
8095 17521 6470550 1 981
8075 17515 6470560 1 934
8057 17507 6470570 1 858
8043 17496 6470580 1 760
8037 17490 6470590 1 723
8035 17483 6470600 1 709
8033 17470 6470610 1 643
8038 17459 6470620 1 511
8046 17450 6470630 1 372
8058 17444 6470640 1 93
8073 17444 6470650 0 0
8082 17445 6470660 0 0
8091 17450 6470670 0 0
8111 17461 6470680 0 0
8131 17478 6470690 0 0
8149 17498 6470700 0 0
8164 17520 6470710 0 0
8176 17542 6470720 0 0
8181 17553 6470730 0 0
8183 17562 6470740 0 0
8186 17579 6470750 0 0
8184 17592 6470760 0 0
8175 17602 6470770 0 0
8160 17606 6470780 0 0
8141 17604 6470790 0 0
8120 17597 6470800 0 0
8098 17586 6470810 0 0
8077 17573 6470820 1 49
8059 17556 6470830 1 152
8046 17536 6470840 1 258
8037 17515 6470850 1 476
8031 17495 6470860 1 557
8028 17477 6470870 1 582
8026 17462 6470880 1 682
8026 17451 6470890 1 776
8028 17449 6470900 1 861
8029 17454 6470910 1 934
8028 17459 6470920 1 968
8028 17462 6470930 1 992
8028 17464 6470940 1 1024
8028 17464 6470950 1 1024
8030 17464 6470960 1 1024
8032 17463 6470970 1 1024
8034 17462 6470980 1 1024
8037 17460 6470990 1 1024
8040 17458 6471000 1 1024
8042 17455 6471010 1 1024
8045 17453 6471020 1 1024
8047 17450 6471030 1 1024
8049 17447 6471040 1 1024
8050 17445 6471050 1 1024
8051 17443 6471060 1 1024
8051 17442 6471070 1 1024
8050 17441 6471080 1 1024
8049 17441 6471090 1 1024
8046 17441 6471100 1 1024
8043 17442 6471110 1 1024
8039 17444 6471120 1 1024
8035 17446 6471130 1 1024
8030 17448 6471140 1 1024
8025 17450 6471150 1 1024
8021 17452 6471160 1 1024
8017 17454 6471170 1 1024
8013 17455 6471180 1 1024
8011 17456 6471190 1 1024
8009 17457 6471200 1 1024
8008 17457 6471210 1 1024
8008 17456 6471220 1 1024
8008 17454 6471230 1 1024
8008 17452 6471240 1 1024
8008 17450 6471250 1 1024
8008 17447 6471260 1 1024
8008 17444 6471270 1 1024
8008 17441 6471280 1 1024
8008 17438 6471290 1 1024
8008 17436 6471300 1 1024
8008 17434 6471310 1 1024
