7986 18128 7045079 1 651
7986 18129 7045089 1 239
7986 18129 7045099 0 0
7986 18129 7045109 0 0
7986 18129 7045119 0 0
7986 18129 7045129 0 0
7987 18130 7045139 1 11
7987 18130 7045149 1 171
7987 18130 7045159 1 346
7986 18130 7045169 1 514
7986 18131 7045179 1 651
7986 18132 7045189 1 734
7987 18133 7045199 1 756
7987 18136 7045209 1 762
7987 18139 7045219 1 770
7987 18141 7045229 1 778
7987 18142 7045239 1 779
7986 18141 7045249 1 776
7986 18141 7045259 1 772
7986 18140 7045269 1 769
7985 18138 7045279 1 767
7983 18137 7045289 1 762
7980 18138 7045299 1 751
7978 18142 7045309 1 751
7975 18149 7045319 1 756
7972 18160 7045329 1 767
7969 18173 7045339 1 774
7967 18189 7045349 1 785
7965 18204 7045359 1 808
7965 18219 7045369 1 836
7965 18231 7045379 1 864
7967 18240 7045389 1 918
7969 18247 7045399 1 936
7971 18250 7045409 1 937
7973 18250 7045419 1 950
7975 18247 7045429 1 955
7976 18246 7045439 1 955
7977 18242 7045449 1 947
7979 18235 7045459 1 929
7981 18226 7045469 1 911
7983 18216 7045479 1 894
7985 18207 7045489 1 843
7987 18198 7045499 1 689
7990 18191 7045509 1 588
7992 18186 7045519 1 475
7995 18184 7045529 1 416
7998 18183 7045539 1 356
8001 18184 7045549 1 235
8005 18187 7045559 1 114
8009 18191 7045569 1 1
8013 18196 7045579 0 0
8017 18200 7045589 0 0
8020 18204 7045599 0 0
8023 18208 7045609 0 0
8025 18209 7045619 0 0
8026 18210 7045629 0 0
8027 18210 7045639 0 0
8028 18210 7045649 0 0
8029 18208 7045659 0 0
8029 18206 7045669 0 0
8029 18203 7045679 0 0
8029 18198 7045689 0 0
8029 18194 7045699 0 0
8029 18189 7045709 0 0
8030 18186 7045719 0 0
8032 18183 7045729 0 0
8033 18181 7045739 0 0
8034 18181 7045749 0 0
8035 18182 7045759 0 0
8035 18185 7045769 0 0
8035 18189 7045779 0 0
8035 18193 7045789 0 0
8035 18196 7045799 0 0
8034 18199 7045809 0 0
8033 18205 7045819 0 0
8032 18210 7045829 0 0
8031 18215 7045839 1 16
8029 18218 7045849 1 50
8028 18220 7045859 1 87
8027 18221 7045869 1 158
8027 18221 7045879 1 231
8027 18219 7045889 1 304
8027 18217 7045899 1 447
8028 18215 7045909 1 499
8029 18213 7045919 1 513
8030 18211 7045929 1 574
8031 18211 7045939 1 631
8032 18210 7045949 1 680
8034 18210 7045959 1 722
8035 18210 7045969 1 741
8036 18210 7045979 1 746
8036 18210 7045989 1 754
8037 18210 7045999 1 778
8037 18210 7046009 1 795
8037 18208 7046019 1 796
8037 18206 7046029 1 795
8037 18204 7046039 1 793
8037 18200 7046049 1 788
8038 18197 7046059 1 780
8039 18194 7046069 1 767
8041 18191 7046079 1 751
8043 18188 7046089 1 733
8046 18186 7046099 1 713
8049 18185 7046109 1 692
8053 18184 7046119 1 670
8056 18184 7046129 1 648
8059 18184 7046139 1 626
8062 18185 7046149 1 604
8063 18185 7046159 1 595
8064 18186 7046169 1 593
8066 18187 7046179 1 584
8068 18189 7046189 1 565
8070 18190 7046199 1 549
8071 18192 7046209 1 525
8071 18195 7046219 1 518
8071 18197 7046229 1 516
8071 18200 7046239 1 515
8071 18202 7046249 1 516
8071 18204 7046259 1 522
8071 18205 7046269 1 533
8072 18206 7046279 1 549
8073 18206 7046289 1 551
8075 18206 7046299 1 573
8076 18206 7046309 1 636
8078 18205 7046319 1 679
8080 18204 7046329 1 727
8081 18203 7046339 1 760
8082 18203 7046349 1 784
8085 18203 7046359 1 814
8087 18203 7046369 1 847
8090 18203 7046379 1 916
8092 18205 7046389 1 986
8093 18208 7046399 1 1024
8094 18211 7046409 1 1024
8094 18214 7046419 1 1024
8093 18218 7046429 1 1024
8091 18221 7046439 1 1024
8090 18224 7046449 1 1024
8088 18227 7046459 1 1024
8086 18229 7046469 1 1024
8083 18229 7046479 1 1022
8081 18229 7046489 1 1024
8079 18228 7046499 1 1024
8077 18226 7046509 1 935
8076 18225 7046519 1 876
8075 18225 7046529 1 780
8074 18223 7046539 1 593
8072 18221 7046549 1 491
8070 18218 7046559 1 386
8069 18216 7046569 1 176
8067 18214 7046579 0 0
8065 18212 7046589 0 0
8062 18210 7046599 0 0
8060 18209 7046609 0 0
8058 18207 7046619 0 0
8056 18206 7046629 0 0
8055 18205 7046639 0 0
8055 18205 7046649 0 0
8055 18206 7046659 0 0
8056 18206 7046669 0 0
8058 18208 7046679 0 0
8060 18209 7046689 0 0
8061 18210 7046699 0 0
8062 18210 7046709 0 0
8064 18211 7046719 0 0
8066 18212 7046729 0 0
8068 18212 7046739 0 0
8070 18212 7046749 0 0
8072 18211 7046759 1 2
8073 18210 7046769 1 81
8074 18209 7046779 1 158
8075 18208 7046789 1 233
8075 18207 7046799 1 253
8075 18207 7046809 1 304
8074 18208 7046819 1 439
8072 18209 7046829 1 502
8070 18210 7046839 1 560
8067 18212 7046849 1 614
8065 18214 7046859 1 642
8062 18216 7046869 1 666
8061 18217 7046879 1 685
8060 18218 7046889 1 712
8058 18219 7046899 1 754
8056 18219 7046909 1 791
8054 18220 7046919 1 848
8053 18219 7046929 1 868
8053 18219 7046939 1 870
8054 18218 7046949 1 884
8055 18218 7046959 1 893
8056 18217 7046969 1 897
8059 18217 7046979 1 897
8061 18216 7046989 1 897
8065 18215 7046999 1 896
8068 18214 7047009 1 894
8073 18211 7047019 1 890
8077 18208 7047029 1 893
8081 18204 7047039 1 902
8084 18199 7047049 1 908
8085 18197 7047059 1 910
8086 18194 7047069 1 918
8088 18190 7047079 1 940
8088 18186 7047089 1 967
8085 18184 7047099 1 993
8078 18184 7047109 1 1014
8067 18183 7047119 1 1024
8052 18181 7047129 1 1019
8036 18176 7047139 1 995
8020 18171 7047149 1 946
8006 18164 7047159 1 868
7995 18155 7047169 1 767
7989 18144 7047179 1 714
7988 18133 7047189 1 646
7992 18123 7047199 1 509
7999 18116 7047209 1 365
8008 18112 7047219 1 75
8018 18113 7047229 0 0
8024 18114 7047239 0 0
8030 18118 7047249 0 0
8043 18128 7047259 0 0
8055 18143 7047269 0 0
8065 18161 7047279 0 0
8071 18180 7047289 0 0
8075 18199 7047299 0 0
8076 18216 7047309 0 0
8072 18231 7047319 0 0
8065 18242 7047329 0 0
8053 18249 7047339 0 0
8037 18252 7047349 0 0
8018 18250 7047359 0 0
7998 18243 7047369 0 0
7979 18233 7047379 0 0
7963 18221 7047389 1 25
7950 18206 7047399 1 133
7942 18188 7047409 1 244
7939 18178 7047419 1 359
7939 18169 7047429 1 471
7940 18150 7047439 1 557
7944 18133 7047449 1 582
7950 18117 7047459 1 688
7956 18105 7047469 1 786
7964 18101 7047479 1 875
7969 18103 7047489 1 952
7972 18105 7047499 1 988
7974 18105 7047509 1 1013
7975 18105 7047519 1 1024
7974 18104 7047529 1 1024
7973 18104 7047539 1 1024
7971 18103 7047549 1 1024
7968 18104 7047559 1 1024
7964 18104 7047569 1 1024
7961 18105 7047579 1 1024
7957 18106 7047589 1 1024
7955 18106 7047599 1 1024
7954 18107 7047609 1 1024
7951 18108 7047619 1 1024
7949 18109 7047629 1 1024
7947 18110 7047639 1 1024
7946 18111 7047649 1 1024
7945 18112 7047659 1 1024
7944 18112 7047669 1 1024
7944 18113 7047679 1 1024
7944 18113 7047689 1 1024
7943 18114 7047699 1 1024
7942 18114 7047709 1 1024
7941 18113 7047719 1 1024
7940 18113 7047729 1 1024
7939 18112 7047739 1 1024
7938 18110 7047749 1 1024
7937 18109 7047759 1 1024
7936 18106 7047769 1 1024
7934 18104 7047779 1 1024
7933 18102 7047789 1 1024
7932 18100 7047799 1 1024
7930 18098 7047809 1 1024
7929 18097 7047819 1 1024
7928 18095 7047829 1 1024
7927 18095 7047839 1 1024
7926 18094 7047849 1 1024
7925 18094 7047859 1 1024
7924 18094 7047869 1 1024
7923 18095 7047879 1 1024
7923 18095 7047889 1 1024
7922 18096 7047899 1 1024
