7663 18865 8023797 1 565
7623 18816 8023807 1 561
7600 18788 8023817 1 562
7591 18777 8023827 1 565
7585 18770 8023837 1 566
7567 18747 8023847 1 569
7568 18747 8023857 1 570
7570 18747 8023867 1 573
7572 18748 8023877 1 574
7573 18749 8023887 1 575
7575 18749 8023897 1 578
7577 18749 8023907 1 579
7579 18749 8023917 1 583
7581 18749 8023927 1 585
7582 18749 8023937 1 587
7583 18749 8023947 1 589
7584 18748 8023957 1 591
7586 18746 8023967 1 592
7587 18744 8023977 1 594
7589 18741 8023987 1 596
7590 18737 8023997 1 598
7591 18733 8024007 1 600
7591 18731 8024017 1 601
7592 18728 8024027 1 602
7594 18717 8024037 1 605
7594 18711 8024047 1 607
7594 18704 8024057 1 609
7593 18697 8024067 1 611
7593 18691 8024077 1 612
7593 18685 8024087 1 615
7592 18680 8024097 1 616
7592 18675 8024107 1 617
7592 18672 8024117 1 620
7591 18669 8024127 1 621
7591 18668 8024137 1 624
7592 18668 8024147 1 626
7592 18671 8024157 1 629
7591 18674 8024167 1 630
7591 18679 8024177 1 631
7591 18685 8024187 1 634
7590 18693 8024197 1 635
7589 18702 8024207 1 636
7588 18713 8024217 1 639
7588 18724 8024227 1 640
7587 18730 8024237 1 641
7587 18736 8024247 1 643
7586 18747 8024257 1 644
7585 18769 8024267 1 648
7583 18782 8024277 1 649
7582 18795 8024287 1 650
7581 18806 8024297 1 653
7580 18818 8024307 1 654
7579 18828 8024317 1 655
7578 18838 8024327 1 658
7577 18847 8024337 1 659
7577 18855 8024347 1 661
7577 18862 8024357 1 663
7577 18869 8024367 1 664
7577 18878 8024377 1 667
7577 18881 8024387 1 670
7577 18883 8024397 1 671
7578 18884 8024407 1 674
7578 18883 8024417 1 675
7579 18880 8024427 1 676
7579 18877 8024437 1 678
7580 18871 8024447 1 680
7580 18869 8024457 1 681
7580 18865 8024467 1 682
7581 18857 8024477 1 683
7581 18848 8024487 1 686
7580 18830 8024497 1 689
7580 18819 8024507 1 691
7579 18808 8024517 1 693
7578 18796 8024527 1 694
7577 18784 8024537 1 697
7576 18771 8024547 1 698
7575 18759 8024557 1 700
7574 18746 8024567 1 702
7573 18732 8024577 1 704
7572 18719 8024587 1 705
7572 18707 8024597 1 708
7570 18683 8024607 1 710
7569 18671 8024617 1 712
7569 18660 8024627 1 714
7569 18649 8024637 1 716
7568 18638 8024647 1 717
7569 18628 8024657 1 720
7568 18618 8024667 1 721
7569 18613 8024677 1 721
7569 18608 8024687 1 722
7568 18599 8024697 1 724
7569 18590 8024707 1 726
7568 18580 8024717 1 728
7568 18562 8024727 1 730
7567 18553 8024737 1 733
7566 18544 8024747 1 734
7564 18535 8024757 1 735
7563 18526 8024767 1 736
7562 18517 8024777 1 739
7561 18507 8024787 1 740
7560 18498 8024797 1 741
7559 18488 8024807 1 742
7558 18478 8024817 1 744
7557 18468 8024827 1 746
7558 18448 8024837 1 748
7557 18439 8024847 1 749
7558 18430 8024857 1 750
7558 18421 8024867 1 752
7559 18412 8024877 1 753
7561 18405 8024887 1 754
7561 18401 8024897 1 754
7562 18398 8024907 1 755
7564 18392 8024917 1 756
7566 18387 8024927 1 757
7569 18384 8024937 1 759
7571 18381 8024947 1 760
7576 18380 8024957 1 761
7579 18381 8024967 1 762
7582 18385 8024977 1 763
7585 18390 8024987 1 764
7589 18397 8024997 1 764
7593 18405 8025007 1 766
7597 18415 8025017 1 767
7601 18426 8025027 1 768
7606 18439 8025037 1 768
7610 18452 8025047 1 769
7615 18467 8025057 1 770
7623 18498 8025067 1 772
7628 18515 8025077 1 772
7633 18533 8025087 1 774
7638 18551 8025097 1 775
7643 18570 8025107 1 776
7645 18579 8025117 1 777
7648 18588 8025127 1 777
7652 18607 8025137 1 778
7657 18625 8025147 1 780
7661 18642 8025157 1 782
7665 18659 8025167 1 783
7669 18674 8025177 1 785
7675 18701 8025187 1 788
7678 18712 8025197 1 790
7681 18722 8025207 1 792
7683 18729 8025217 1 794
7685 18735 8025227 1 796
7686 18739 8025237 1 799
7689 18741 8025247 1 801
7690 18742 8025257 1 804
7692 18742 8025267 1 807
7694 18740 8025277 1 810
7696 18737 8025287 1 812
7700 18729 8025297 1 819
7702 18723 8025307 1 822
7704 18717 8025317 1 826
7705 18710 8025327 1 828
7706 18706 8025337 1 829
7707 18702 8025347 1 831
7709 18694 8025357 1 835
7711 18686 8025367 1 837
7712 18677 8025377 1 840
7715 18668 8025387 1 843
7716 18658 8025397 1 845
7718 18650 8025407 1 847
7722 18633 8025417 1 850
7723 18625 8025427 1 853
7725 18618 8025437 1 852
7728 18612 8025447 1 854
7730 18607 8025457 1 854
7732 18603 8025467 1 853
7734 18599 8025477 1 852
7736 18597 8025487 1 851
7737 18594 8025497 1 850
7738 18593 8025507 1 848
7739 18592 8025517 1 845
7740 18591 8025527 1 837
7740 18592 8025537 1 833
7740 18593 8025547 1 828
7740 18593 8025557 1 826
7740 18594 8025567 1 824
7739 18595 8025577 1 818
7737 18596 8025587 1 813
7737 18598 8025597 1 808
7735 18601 8025607 1 803
7734 18603 8025617 1 798
7733 18606 8025627 1 794
7732 18610 8025637 1 789
7730 18617 8025647 1 784
7729 18620 8025657 1 781
7727 18624 8025667 1 780
7726 18629 8025677 1 780
7724 18633 8025687 1 781
7723 18637 8025697 1 784
7722 18641 8025707 1 787
7721 18645 8025717 1 792
7721 18648 8025727 1 799
7720 18652 8025737 1 807
7720 18654 8025747 1 817
7719 18656 8025757 1 841
7719 18658 8025767 1 857
7720 18658 8025777 1 864
7720 18659 8025787 1 874
7720 18659 8025797 1 894
7720 18660 8025807 1 915
7721 18660 8025817 1 936
7721 18660 8025827 1 957
7721 18660 8025837 1 975
7720 18659 8025847 1 993
7720 18658 8025857 1 1006
7719 18657 8025867 1 1016
7718 18655 8025877 1 1018
7718 18654 8025887 1 1010
7718 18653 8025897 1 994
7718 18651 8025907 1 969
7717 18649 8025917 1 936
7717 18647 8025927 1 892
7717 18645 8025937 1 837
7717 18643 8025947 1 774
7717 18641 8025957 1 704
7716 18640 8025967 1 629
7716 18638 8025977 1 552
7716 18638 8025987 1 399
7716 18638 8025997 1 343
7716 18638 8026007 1 327
7715 18638 8026017 1 262
7715 18638 8026027 1 206
7714 18639 8026037 1 159
7713 18639 8026047 1 125
7711 18640 8026057 1 106
7709 18642 8026067 1 102
7707 18643 8026077 1 117
7706 18645 8026087 1 153
7704 18646 8026097 1 212
7703 18648 8026107 1 406
7702 18649 8026117 1 544
7701 18650 8026127 1 714
7699 18651 8026137 1 915
7698 18652 8026147 1 916
7697 18653 8026157 0 0
7696 18654 8026167 0 0
7696 18654 8026177 0 0
7695 18655 8026187 0 0
7696 18656 8026197 0 0
7696 18656 8026207 0 0
7696 18656 8026217 0 0
7697 18657 8026227 0 0
7698 18657 8026237 0 0
7699 18658 8026247 0 0
7700 18658 8026257 0 0
7702 18659 8026267 0 0
7704 18660 8026277 0 0
7706 18660 8026287 0 0
7708 18661 8026297 0 0
7710 18661 8026307 1 16
7712 18661 8026317 1 76
7714 18661 8026327 1 141
7719 18661 8026337 1 283
7721 18660 8026347 1 359
7724 18660 8026357 1 434
7727 18659 8026367 1 508
7730 18657 8026377 1 580
7734 18655 8026387 1 650
7737 18652 8026397 1 714
7740 18650 8026407 1 772
7742 18647 8026417 1 825
7744 18644 8026427 1 868
7745 18643 8026437 1 885
7746 18641 8026447 1 902
7748 18635 8026457 1 937
7749 18631 8026467 1 938
7750 18627 8026477 1 939
7751 18622 8026487 1 941
7752 18618 8026497 1 942
7753 18613 8026507 1 944
7753 18609 8026517 1 945
7754 18604 8026527 1 947
7754 18600 8026537 1 948
7754 18595 8026547 1 950
7755 18591 8026557 1 951
7755 18586 8026567 1 954
7755 18584 8026577 1 956
7755 18581 8026587 1 957
7755 18580 8026597 1 959
7756 18578 8026607 1 960
7756 18577 8026617 1 962
7755 18577 8026627 1 963
7755 18577 8026637 1 964
7755 18577 8026647 1 966
7754 18577 8026657 1 966
7754 18578 8026667 1 967
7754 18579 8026677 1 969
7753 18581 8026687 1 971
7752 18584 8026697 1 972
7752 18586 8026707 1 974
7751 18588 8026717 1 974
7750 18590 8026727 1 975
7749 18593 8026737 1 976
7748 18595 8026747 1 977
7747 18598 8026757 1 978
7745 18601 8026767 1 979
7744 18604 8026777 1 980
7743 18607 8026787 1 981
7741 18615 8026797 1 983
7739 18619 8026807 1 984
7738 18624 8026817 1 985
7737 18629 8026827 1 985
7736 18633 8026837 1 986
7735 18638 8026847 1 987
7735 18643 8026857 1 988
7734 18649 8026867 1 989
7734 18651 8026877 1 990
7734 18654 8026887 1 990
7734 18659 8026897 1 990
7733 18664 8026907 1 991
7732 18673 8026917 1 993
7731 18677 8026927 1 994
7731 18681 8026937 1 993
7730 18685 8026947 1 994
7730 18689 8026957 1 995
7730 18694 8026967 1 996
7729 18698 8026977 1 996
7729 18703 8026987 1 997
7729 18706 8026997 1 998
7728 18710 8027007 1 999
7728 18714 8027017 1 998
7727 18720 8027027 1 1000
7726 18723 8027037 1 1001
7725 18725 8027047 1 1001
7724 18727 8027057 1 1002
7723 18729 8027067 1 1003
7722 18731 8027077 1 1004
7720 18732 8027087 1 1004
7720 18732 8027097 1 1004
7718 18732 8027107 1 1004
7716 18733 8027117 1 1005
7714 18732 8027127 1 1006
7711 18731 8027137 1 1007
7708 18727 8027147 1 1008
7705 18724 8027157 1 1009
7703 18720 8027167 1 1010
7700 18715 8027177 1 1011
7698 18710 8027187 1 1011
7697 18705 8027197 1 1011
7696 18698 8027207 1 1012
7694 18692 8027217 1 1013
7693 18685 8027227 1 1014
7693 18678 8027237 1 1015
7692 18672 8027247 1 1016
7691 18661 8027257 1 1016
7691 18655 8027267 1 1017
7691 18649 8027277 1 1018
7692 18644 8027287 1 1019
7692 18640 8027297 1 1020
7692 18636 8027307 1 1021
7692 18635 8027317 1 1021
7692 18633 8027327 1 1021
7692 18631 8027337 1 1022
7692 18629 8027347 1 1022
7691 18628 8027357 1 1023
7691 18627 8027367 1 1024
7689 18623 8027377 1 1024
7687 18623 8027387 1 1024
7686 18621 8027397 1 1024
7684 18621 8027407 1 1024
7683 18620 8027417 1 1024
7682 18619 8027427 1 1024
7681 18618 8027437 1 1024
7680 18617 8027447 1 1024
7678 18615 8027457 1 1024
7676 18614 8027467 1 1024
7675 18612 8027477 1 1024
7673 18608 8027487 1 1024
7671 18606 8027497 1 1024
7669 18603 8027507 1 1024
7668 18600 8027517 1 1024
7666 18597 8027527 1 1024
7665 18595 8027537 1 1024
7665 18594 8027547 1 1024
7664 18591 8027557 1 1024
7663 18588 8027567 1 1024
7662 18585 8027577 1 1024
7661 18583 8027587 1 1024
7661 18580 8027597 1 1024
7661 18575 8027607 1 1024
7660 18573 8027617 1 1024
7661 18571 8027627 1 1024
7661 18569 8027637 1 1024
7662 18567 8027647 1 1024
7662 18565 8027657 1 1024
7663 18564 8027667 1 1024
7665 18563 8027677 1 1024
7666 18562 8027687 1 1024
7667 18563 8027697 1 1024
7669 18563 8027707 1 1024
7670 18564 8027717 1 1024
7671 18565 8027727 1 1024
7673 18566 8027737 1 1024
7674 18569 8027747 1 1024
7675 18570 8027757 1 1024
7675 18571 8027767 1 1024
7675 18573 8027777 1 1024
7676 18576 8027787 1 1024
7676 18579 8027797 1 1024
7676 18582 8027807 1 1024
7677 18586 8027817 1 1024
7677 18590 8027827 1 1024
7679 18597 8027837 1 1024
7680 18602 8027847 1 1024
7681 18607 8027857 1 1024
7682 18612 8027867 1 1024
7683 18617 8027877 1 1024
7684 18622 8027887 1 1024
7685 18626 8027897 1 1024
7686 18630 8027907 1 1024
7688 18633 8027917 1 1024
7689 18637 8027927 1 1024
7691 18639 8027937 1 1024
7696 18643 8027947 1 1024
7698 18644 8027957 1 1024
7701 18644 8027967 1 1024
7703 18644 8027977 1 1024
7704 18644 8027987 1 1024
7707 18643 8027997 1 1024
7710 18642 8028007 1 1024
7714 18641 8028017 1 1024
7716 18639 8028027 1 1024
7719 18637 8028037 1 1024
7722 18636 8028047 1 1024
7725 18634 8028057 1 1024
7730 18634 8028067 1 1024
7732 18632 8028077 1 1024
7733 18631 8028087 1 1024
7735 18630 8028097 1 1024
7736 18629 8028107 1 1024
7737 18628 8028117 1 1024
7738 18626 8028127 1 1024
7739 18625 8028137 1 1024
7739 18625 8028147 1 1024
7739 18624 8028157 1 1024
7740 18624 8028167 1 1024
7741 18625 8028177 1 1024
7741 18625 8028187 1 1024
7741 18625 8028197 1 1024
7741 18626 8028207 1 1024
7740 18627 8028217 1 1024
7740 18628 8028227 1 1024
7740 18630 8028237 1 1024
7740 18632 8028247 1 1024
7740 18634 8028257 1 1024
7740 18637 8028267 1 1024
7740 18639 8028277 1 1024
7739 18642 8028287 1 1024
7741 18645 8028297 1 1024
7741 18649 8028307 1 1024
7741 18652 8028317 1 1024
7741 18655 8028327 1 1024
7742 18658 8028337 1 1024
7742 18660 8028347 1 1024
7743 18663 8028357 1 1024
7744 18664 8028367 1 1024
7744 18664 8028377 1 1024
7745 18664 8028387 1 1024
7745 18663 8028397 1 1024
7746 18659 8028407 1 1024
7746 18658 8028417 1 1024
7747 18657 8028427 1 1024
7747 18654 8028437 1 1024
7748 18651 8028447 1 1024
7749 18647 8028457 1 1024
7749 18643 8028467 1 1024
7750 18639 8028477 1 1024
7751 18635 8028487 1 1024
7751 18632 8028497 1 1024
7752 18629 8028507 1 1024
7752 18626 8028517 1 1024
7751 18623 8028527 1 1024
7752 18622 8028537 1 1024
7751 18621 8028547 1 1024
7751 18621 8028557 1 1024
7751 18621 8028567 1 1024
7751 18621 8028577 1 1024
7751 18622 8028587 1 1024
7750 18623 8028597 1 1024
7750 18624 8028607 1 1024
7750 18625 8028617 1 1024
7749 18626 8028627 1 1024
7749 18627 8028637 1 1024
7748 18628 8028647 1 1024
7747 18630 8028657 1 1024
7746 18630 8028667 1 1024
7745 18632 8028677 1 1024
7744 18633 8028687 1 1024
7742 18634 8028697 1 1024
7741 18636 8028707 1 1024
7739 18637 8028717 1 1024
7737 18638 8028727 1 1024
7736 18640 8028737 1 1024
7734 18642 8028747 1 1024
7732 18647 8028757 1 1024
7730 18650 8028767 1 1024
7728 18653 8028777 1 1024
7726 18656 8028787 1 1024
7725 18660 8028797 1 1024
7723 18664 8028807 1 1024
7720 18668 8028817 1 1024
7718 18673 8028827 1 1024
7717 18677 8028837 1 1024
7715 18681 8028847 1 1024
7715 18682 8028857 1 1024
7714 18684 8028867 1 1024
7713 18691 8028877 1 1024
7714 18695 8028887 1 1024
7713 18698 8028897 1 1024
7714 18702 8028907 1 1024
7715 18705 8028917 1 1024
7717 18708 8028927 1 1024
7719 18711 8028937 1 1024
7721 18713 8028947 1 1024
7723 18714 8028957 1 1024
7727 18715 8028967 1 1024
7730 18715 8028977 1 1024
7734 18715 8028987 1 1024
7738 18714 8028997 1 1024
7741 18712 8029007 1 1024
7744 18710 8029017 1 1024
7747 18707 8029027 1 1024
7750 18704 8029037 1 1024
7753 18700 8029047 1 1024
7756 18696 8029057 1 1024
7758 18692 8029067 1 1024
7759 18690 8029077 1 1024
7760 18688 8029087 1 1024
7762 18684 8029097 1 1024
7765 18676 8029107 1 1024
7767 18672 8029117 1 1024
7768 18667 8029127 1 1024
7769 18663 8029137 1 1024
7770 18660 8029147 1 1024
7770 18656 8029157 1 1024
7771 18652 8029167 1 1024
7771 18648 8029177 1 1024
7771 18644 8029187 1 1024
7772 18640 8029197 1 1024
7772 18637 8029207 1 1024
7774 18629 8029217 1 1024
7776 18625 8029227 1 1024
7776 18622 8029237 1 1024
7777 18619 8029247 1 1024
7778 18616 8029257 1 1024
7779 18614 8029267 1 1024
7780 18613 8029277 1 1024
7781 18612 8029287 1 1024
7781 18611 8029297 1 1024
7782 18611 8029307 1 1024
7784 18610 8029317 1 1024
7786 18611 8029327 1 1024
7790 18611 8029337 1 1024
7792 18613 8029347 1 1024
7794 18614 8029357 1 1024
7796 18616 8029367 1 1024
7798 18619 8029377 1 1024
7800 18623 8029387 1 1024
7802 18626 8029397 1 1024
7804 18630 8029407 1 1024
7806 18635 8029417 1 996
7807 18640 8029427 1 941
7808 18645 8029437 1 883
7810 18653 8029447 1 756
7811 18657 8029457 1 688
7812 18661 8029467 1 616
7812 18664 8029477 1 541
7813 18667 8029487 1 463
7813 18670 8029497 1 383
7813 18672 8029507 1 298
7813 18673 8029517 1 255
7813 18674 8029527 1 210
7813 18676 8029537 1 118
7812 18676 8029547 1 24
7812 18677 8029557 0 0
7812 18677 8029567 0 0
7811 18676 8029577 0 0
7810 18675 8029587 0 0
7809 18673 8029597 0 0
7808 18671 8029607 0 0
7808 18669 8029617 0 0
7807 18666 8029627 0 0
7805 18663 8029637 0 0
7804 18661 8029647 0 0
7803 18657 8029657 0 0
7802 18654 8029667 0 0
7799 18649 8029677 0 0
7797 18646 8029687 0 0
7795 18643 8029697 0 0
7793 18641 8029707 0 0
7791 18639 8029717 0 0
7788 18638 8029727 0 0
7787 18637 8029737 0 0
7786 18637 8029747 0 0
7784 18637 8029757 0 0
7782 18637 8029767 1 243
7781 18638 8029777 1 598
7780 18639 8029787 1 1003
7777 18640 8029797 0 0
7776 18641 8029807 0 0
7775 18643 8029817 0 0
7775 18643 8029827 0 0
7775 18645 8029837 0 0
7775 18646 8029847 0 0
7776 18647 8029857 0 0
7776 18648 8029867 0 0
7776 18649 8029877 0 0
7776 18651 8029887 0 0
7776 18652 8029897 0 0
7775 18653 8029907 0 0
7774 18654 8029917 0 0
7773 18655 8029927 0 0
7773 18656 8029937 0 0
7772 18656 8029947 0 0
7771 18657 8029957 0 0
7770 18657 8029967 1 7
7769 18657 8029977 1 76
7768 18657 8029987 1 144
7767 18657 8029997 1 206
7766 18657 8030007 1 260
7765 18656 8030017 1 305
7764 18654 8030027 1 352
7763 18653 8030037 1 349
7763 18651 8030047 1 324
7762 18650 8030057 1 276
7762 18649 8030067 1 201
7761 18647 8030077 1 97
7760 18646 8030087 0 0
7760 18645 8030097 0 0
7759 18645 8030107 0 0
7758 18643 8030117 0 0
7758 18642 8030127 0 0
7758 18640 8030137 0 0
7758 18638 8030147 0 0
7758 18636 8030157 0 0
7758 18633 8030167 0 0
7758 18632 8030177 0 0
7758 18630 8030187 0 0
7759 18627 8030197 0 0
7759 18624 8030207 0 0
7760 18621 8030217 0 0
7761 18617 8030227 0 0
7762 18615 8030237 1 19
7763 18614 8030247 1 90
7766 18614 8030257 1 169
7766 18613 8030267 1 254
7768 18612 8030277 1 343
7769 18613 8030287 1 433
7770 18614 8030297 1 522
7771 18615 8030307 1 608
7772 18617 8030317 1 689
7774 18619 8030327 1 762
7776 18621 8030337 1 823
7778 18625 8030347 1 873
7781 18630 8030357 1 909
7786 18637 8030367 1 925
7788 18642 8030377 1 924
7791 18647 8030387 1 899
7793 18649 8030397 1 883
7794 18652 8030407 1 851
7798 18656 8030417 1 776
7800 18660 8030427 1 680
7803 18664 8030437 1 591
7805 18668 8030447 1 510
7807 18671 8030457 1 439
7809 18674 8030467 1 381
7811 18677 8030477 1 335
7814 18683 8030487 1 290
7816 18686 8030497 1 294
7817 18689 8030507 1 317
7818 18693 8030517 1 361
7820 18695 8030527 1 427
7822 18699 8030537 1 518
7823 18701 8030547 1 635
7825 18704 8030557 1 780
7827 18706 8030567 1 953
7829 18708 8030577 1 1024
7830 18710 8030587 1 1024
7834 18710 8030597 1 1024
7836 18711 8030607 1 1024
7837 18711 8030617 1 1024
7838 18710 8030627 1 1024
7840 18709 8030637 1 1024
7842 18708 8030647 1 1024
7844 18706 8030657 1 1024
7845 18705 8030667 1 1024
7847 18703 8030677 1 1024
7848 18701 8030687 1 1024
7849 18700 8030697 1 1024
7849 18698 8030707 1 1024
7851 18693 8030717 1 1024
7851 18691 8030727 1 1024
7851 18689 8030737 1 1024
7850 18687 8030747 1 1024
7850 18685 8030757 1 1024
7849 18682 8030767 1 1024
7849 18679 8030777 1 1024
7848 18676 8030787 1 1024
7848 18672 8030797 1 1024
7847 18668 8030807 1 1024
7847 18665 8030817 1 1024
7848 18658 8030827 1 1024
7848 18654 8030837 1 1024
7848 18651 8030847 1 1024
7848 18649 8030857 1 1024
7848 18647 8030867 1 1024
7847 18644 8030877 1 1024
7847 18642 8030887 1 1024
7847 18640 8030897 1 1024
7848 18638 8030907 1 1024
7848 18636 8030917 1 1024
7848 18634 8030927 1 1024
7849 18631 8030937 1 1024
7849 18628 8030947 1 1024
7850 18626 8030957 1 1024
7851 18624 8030967 1 1024
7851 18622 8030977 1 1024
7852 18620 8030987 1 1024
7853 18618 8030997 1 1024
7853 18616 8031007 1 1024
7854 18614 8031017 1 1024
7855 18612 8031027 1 1024
7856 18611 8031037 1 1024
7857 18609 8031047 1 987
7858 18607 8031057 1 919
7859 18606 8031067 1 834
7860 18605 8031077 1 731
