7681 18238 7692466 1 856
7681 18238 7692476 1 742
7681 18238 7692486 1 648
7681 18238 7692496 1 574
7682 18238 7692506 1 516
7682 18238 7692516 1 472
7684 18239 7692526 1 440
7688 18241 7692536 1 419
7690 18242 7692546 1 406
7688 18238 7692556 1 397
7687 18234 7692566 1 396
7686 18230 7692576 1 395
7686 18227 7692586 1 394
7687 18224 7692596 1 393
7688 18222 7692606 1 392
7691 18219 7692616 1 391
7692 18217 7692626 1 390
7692 18213 7692636 1 389
7692 18206 7692646 1 389
7693 18203 7692656 1 395
7694 18199 7692666 1 404
7695 18196 7692676 1 417
7696 18193 7692686 1 432
7697 18191 7692696 1 449
7698 18188 7692706 1 468
7698 18185 7692716 1 489
7698 18183 7692726 1 512
7697 18177 7692736 1 558
7696 18174 7692746 1 582
7695 18172 7692756 1 606
7695 18169 7692766 1 629
7694 18167 7692776 1 651
7693 18165 7692786 1 672
7693 18163 7692796 1 691
7692 18161 7692806 1 708
7691 18160 7692816 1 723
7689 18160 7692826 1 743
7688 18160 7692836 1 748
7687 18161 7692846 1 753
7686 18162 7692856 1 757
7685 18164 7692866 1 760
7683 18166 7692876 1 764
7682 18169 7692886 1 765
7681 18171 7692896 1 766
7680 18174 7692906 1 768
7678 18181 7692916 1 771
7677 18185 7692926 1 771
7676 18189 7692936 1 772
7674 18194 7692946 1 773
7673 18199 7692956 1 773
7671 18205 7692966 1 773
7670 18210 7692976 1 773
7669 18215 7692986 1 772
7668 18220 7692996 1 771
7666 18229 7693006 1 770
7665 18233 7693016 1 769
7664 18237 7693026 1 768
7664 18242 7693036 1 767
7665 18246 7693046 1 765
7666 18249 7693056 1 764
7667 18252 7693066 1 762
7668 18254 7693076 1 761
7669 18255 7693086 1 759
7672 18257 7693096 1 758
7674 18257 7693106 1 757
7676 18257 7693116 1 756
7678 18257 7693126 1 755
7680 18257 7693136 1 754
7682 18257 7693146 1 754
7684 18258 7693156 1 754
7685 18258 7693166 1 754
7687 18258 7693176 1 755
7690 18258 7693186 1 756
7691 18257 7693196 1 757
7692 18256 7693206 1 758
7692 18256 7693216 1 760
7693 18255 7693226 1 762
7693 18254 7693236 1 763
7693 18253 7693246 1 765
7693 18252 7693256 1 767
7692 18252 7693266 1 768
7690 18253 7693276 1 769
7688 18254 7693286 1 770
7686 18254 7693296 1 770
7684 18255 7693306 1 770
7682 18256 7693316 1 769
7680 18257 7693326 1 769
7678 18258 7693336 1 767
7677 18259 7693346 1 764
7675 18260 7693356 1 761
7670 18260 7693366 1 753
7667 18260 7693376 1 750
7664 18259 7693386 1 747
7660 18258 7693396 1 742
7657 18255 7693406 1 735
7654 18253 7693416 1 729
7650 18250 7693426 1 722
7648 18246 7693436 1 715
7645 18242 7693446 1 709
7641 18234 7693456 1 696
7638 18229 7693466 1 692
7636 18224 7693476 1 689
7634 18218 7693486 1 683
7632 18213 7693496 1 677
7630 18209 7693506 1 673
7629 18205 7693516 1 669
7629 18201 7693526 1 665
7629 18198 7693536 1 662
7631 18193 7693546 1 659
7632 18190 7693556 1 659
7634 18187 7693566 1 659
7637 18183 7693576 1 661
7639 18179 7693586 1 664
7642 18175 7693596 1 668
7645 18172 7693606 1 674
7648 18168 7693616 1 681
7650 18165 7693626 1 690
7656 18159 7693636 1 714
7658 18157 7693646 1 721
7661 18155 7693656 1 729
7664 18154 7693666 1 746
7667 18153 7693676 1 765
7669 18152 7693686 1 787
7672 18152 7693696 1 811
7675 18152 7693706 1 837
7678 18153 7693716 1 864
7683 18156 7693726 1 911
7685 18157 7693736 1 922
7688 18160 7693746 1 936
7691 18162 7693756 1 952
7694 18165 7693766 1 977
7696 18168 7693776 1 977
7699 18171 7693786 1 977
7701 18173 7693796 1 977
7703 18176 7693806 1 977
7708 18181 7693816 1 978
7710 18184 7693826 1 978
7713 18186 7693836 1 978
7717 18189 7693846 1 978
7720 18191 7693856 1 979
7724 18193 7693866 1 979
7727 18194 7693876 1 979
7730 18195 7693886 1 979
7733 18196 7693896 1 979
7738 18197 7693906 1 980
7741 18197 7693916 1 980
7744 18196 7693926 1 979
7748 18196 7693936 1 941
7751 18196 7693946 1 878
7754 18195 7693956 1 806
7756 18194 7693966 1 724
7758 18194 7693976 1 635
7760 18193 7693986 1 543
7763 18193 7693996 1 365
7765 18192 7694006 1 286
7767 18192 7694016 1 258
7768 18191 7694026 1 222
7770 18191 7694036 1 221
7772 18191 7694046 1 219
7773 18191 7694056 1 218
7774 18191 7694066 1 217
7775 18191 7694076 1 216
7777 18193 7694086 1 214
7777 18194 7694096 1 213
7778 18195 7694106 1 212
7779 18196 7694116 1 211
7780 18196 7694126 1 210
7780 18197 7694136 1 209
7780 18196 7694146 1 208
7780 18196 7694156 1 207
7780 18195 7694166 1 205
7780 18194 7694176 1 203
7779 18193 7694186 1 202
7779 18192 7694196 1 227
7778 18191 7694206 1 245
7777 18190 7694216 1 265
7776 18189 7694226 1 307
7775 18189 7694236 1 353
7774 18188 7694246 1 401
7773 18188 7694256 1 450
7769 18186 7694266 1 550
7767 18185 7694276 1 598
7765 18184 7694286 1 645
7763 18184 7694296 1 667
7761 18183 7694306 1 688
7759 18183 7694316 1 727
7757 18183 7694326 1 762
7755 18184 7694336 1 792
7753 18186 7694346 1 815
7750 18189 7694356 1 838
7749 18191 7694366 1 839
7748 18193 7694376 1 840
7747 18195 7694386 1 840
7746 18197 7694396 1 840
7746 18199 7694406 1 841
7746 18202 7694416 1 842
7747 18204 7694426 1 843
7748 18207 7694436 1 843
7749 18212 7694446 1 845
7750 18215 7694456 1 846
7751 18218 7694466 1 847
7752 18221 7694476 1 847
7753 18224 7694486 1 847
7754 18227 7694496 1 848
7756 18231 7694506 1 849
7757 18234 7694516 1 850
7758 18237 7694526 1 851
7760 18241 7694536 1 853
7760 18243 7694546 1 854
7761 18245 7694556 1 855
7761 18246 7694566 1 855
7761 18247 7694576 1 855
7761 18247 7694586 1 856
7761 18247 7694596 1 857
7761 18246 7694606 1 858
7761 18244 7694616 1 859
7760 18240 7694626 1 861
7759 18238 7694636 1 862
7758 18235 7694646 1 863
7757 18233 7694656 1 864
7756 18230 7694666 1 864
7754 18227 7694676 1 865
7753 18224 7694686 1 866
7752 18221 7694696 1 867
7751 18218 7694706 1 868
7750 18212 7694716 1 869
7749 18208 7694726 1 871
7748 18204 7694736 1 872
7747 18201 7694746 1 873
7746 18198 7694756 1 873
7745 18194 7694766 1 874
7744 18191 7694776 1 874
7743 18189 7694786 1 875
7742 18186 7694796 1 876
7740 18183 7694806 1 878
7740 18181 7694816 1 879
7739 18179 7694826 1 880
7739 18177 7694836 1 881
7740 18175 7694846 1 881
7740 18174 7694856 1 881
7740 18173 7694866 1 882
7741 18172 7694876 1 883
7741 18171 7694886 1 884
7742 18172 7694896 1 886
7743 18172 7694906 1 887
7744 18173 7694916 1 889
7746 18174 7694926 1 890
7747 18176 7694936 1 890
7749 18177 7694946 1 890
7750 18178 7694956 1 891
7751 18179 7694966 1 892
7752 18180 7694976 1 893
7754 18183 7694986 1 895
7755 18184 7694996 1 896
7756 18185 7695006 1 896
7758 18186 7695016 1 897
7759 18188 7695026 1 898
7759 18190 7695036 1 898
7760 18192 7695046 1 899
7761 18194 7695056 1 900
7761 18195 7695066 1 901
7762 18199 7695076 1 903
7764 18200 7695086 1 904
7765 18202 7695096 1 904
7767 18203 7695106 1 905
7769 18204 7695116 1 906
7771 18204 7695126 1 907
7773 18205 7695136 1 907
7775 18205 7695146 1 908
7777 18205 7695156 1 909
7782 18205 7695166 1 911
7784 18206 7695176 1 912
7786 18206 7695186 1 913
7789 18206 7695196 1 915
7791 18206 7695206 1 916
7793 18206 7695216 1 916
7795 18207 7695226 1 917
7797 18207 7695236 1 918
7798 18208 7695246 1 919
7801 18209 7695256 1 921
7802 18209 7695266 1 922
7803 18210 7695276 1 923
7804 18210 7695286 1 924
7805 18210 7695296 1 925
7806 18210 7695306 1 925
7806 18209 7695316 1 926
7806 18209 7695326 1 927
7806 18208 7695336 1 928
7807 18207 7695346 1 930
7807 18206 7695356 1 931
7808 18205 7695366 1 932
7808 18204 7695376 1 933
7809 18203 7695386 1 934
7809 18202 7695396 1 934
7809 18201 7695406 1 935
7808 18200 7695416 1 936
7808 18199 7695426 1 937
7807 18197 7695436 1 939
7806 18196 7695446 1 940
7805 18195 7695456 1 941
7804 18193 7695466 1 942
7803 18192 7695476 1 943
7802 18190 7695486 1 944
7801 18189 7695496 1 944
7800 18187 7695506 1 945
7799 18186 7695516 1 946
7796 18183 7695526 1 948
7795 18181 7695536 1 949
7794 18180 7695546 1 949
7792 18178 7695556 1 950
7790 18177 7695566 1 951
7788 18176 7695576 1 953
7787 18176 7695586 1 954
7785 18175 7695596 1 954
7784 18176 7695606 1 955
7782 18177 7695616 1 957
7780 18178 7695626 1 958
7779 18179 7695636 1 959
7778 18180 7695646 1 960
7776 18181 7695656 1 961
7775 18182 7695666 1 962
7775 18183 7695676 1 963
7774 18184 7695686 1 964
7773 18185 7695696 1 965
7772 18187 7695706 1 967
7771 18187 7695716 1 968
7771 18188 7695726 1 969
7770 18189 7695736 1 970
7770 18189 7695746 1 971
7769 18190 7695756 1 973
7768 18191 7695766 1 973
7768 18191 7695776 1 973
7767 18192 7695786 1 974
7766 18194 7695796 1 976
7766 18195 7695806 1 977
7765 18195 7695816 1 978
7765 18196 7695826 1 980
7765 18197 7695836 1 981
7765 18197 7695846 1 982
7766 18197 7695856 1 982
7767 18198 7695866 1 982
7768 18198 7695876 1 983
7771 18198 7695886 1 985
7773 18198 7695896 1 986
7776 18198 7695906 1 987
7778 18197 7695916 1 987
7781 18197 7695926 1 989
7784 18197 7695936 1 990
7786 18196 7695946 1 990
7788 18196 7695956 1 990
7790 18196 7695966 1 991
7794 18196 7695976 1 993
7796 18196 7695986 1 994
7798 18196 7695996 1 994
7800 18196 7696006 1 995
7803 18196 7696016 1 996
7805 18196 7696026 1 997
7806 18196 7696036 1 999
7808 18195 7696046 1 998
7809 18195 7696056 1 999
7812 18195 7696066 1 1001
7813 18196 7696076 1 1002
7814 18196 7696086 1 1002
7815 18197 7696096 1 1003
7815 18199 7696106 1 1004
7816 18200 7696116 1 1005
7816 18202 7696126 1 1006
7817 18204 7696136 1 1006
7817 18206 7696146 1 1007
7818 18209 7696156 1 1009
7818 18210 7696166 1 1009
7818 18211 7696176 1 1010
7818 18211 7696186 1 1011
7818 18212 7696196 1 1012
7818 18212 7696206 1 1012
7818 18213 7696216 1 1014
7817 18214 7696226 1 1014
7816 18214 7696236 1 1015
7815 18216 7696246 1 1015
7814 18217 7696256 1 1015
7813 18218 7696266 1 1015
7812 18219 7696276 1 1015
7811 18220 7696286 1 1015
7809 18220 7696296 1 1014
7808 18221 7696306 1 1014
7807 18222 7696316 1 1014
7806 18222 7696326 1 1014
7804 18222 7696336 1 1013
7804 18222 7696346 1 1013
7803 18221 7696356 1 1013
7803 18221 7696366 1 1013
7802 18220 7696376 1 1013
7802 18219 7696386 1 1012
7801 18218 7696396 1 1012
7801 18217 7696406 1 1012
7801 18216 7696416 1 1012
7800 18214 7696426 1 1011
7800 18213 7696436 1 1011
7800 18212 7696446 1 1011
7799 18211 7696456 1 1011
7799 18210 7696466 1 1011
7799 18210 7696476 1 1010
7799 18209 7696486 1 1010
7798 18209 7696496 1 1010
7798 18210 7696506 1 1010
7798 18212 7696516 1 1009
7799 18214 7696526 1 1009
7799 18216 7696536 1 1009
7800 18218 7696546 1 1009
7801 18219 7696556 1 1009
7802 18221 7696566 1 1008
7803 18223 7696576 1 1008
7804 18225 7696586 1 1008
7805 18227 7696596 1 1008
7808 18229 7696606 1 1007
7809 18230 7696616 1 1007
7810 18231 7696626 1 1007
7811 18231 7696636 1 1007
7812 18232 7696646 1 1007
7813 18231 7696656 1 1006
7813 18231 7696666 1 1006
7814 18230 7696676 1 1006
7814 18229 7696686 1 1006
7814 18227 7696696 1 1005
7813 18225 7696706 1 1005
7813 18223 7696716 1 1005
7812 18221 7696726 1 1005
7812 18219 7696736 1 1005
7811 18218 7696746 1 1004
7811 18216 7696756 1 1004
7810 18215 7696766 1 1004
7810 18214 7696776 1 1004
7809 18211 7696786 1 1003
7809 18209 7696796 1 1003
7809 18207 7696806 1 1003
7809 18205 7696816 1 1003
7809 18203 7696826 1 1003
7809 18201 7696836 1 1002
7809 18199 7696846 1 1002
7810 18197 7696856 1 1002
7810 18196 7696866 1 1002
7811 18193 7696876 1 1001
7812 18192 7696886 1 1001
7813 18191 7696896 1 1001
7814 18190 7696906 1 1001
7814 18189 7696916 1 1001
7815 18188 7696926 1 1000
7817 18187 7696936 1 1000
7818 18186 7696946 1 1000
7818 18183 7696956 1 1000
7820 18181 7696966 1 999
7820 18179 7696976 1 999
7819 18178 7696986 1 999
7819 18177 7696996 1 999
7818 18176 7697006 1 999
7817 18176 7697016 1 998
7817 18176 7697026 1 998
7816 18177 7697036 1 998
7816 18178 7697046 1 998
7815 18182 7697056 1 997
7815 18184 7697066 1 997
7814 18186 7697076 1 997
7813 18189 7697086 1 997
7813 18192 7697096 1 997
7812 18194 7697106 1 996
7812 18197 7697116 1 996
7812 18199 7697126 1 996
7813 18202 7697136 1 996
7813 18205 7697146 1 995
7814 18207 7697156 1 995
7814 18209 7697166 1 995
7815 18210 7697176 1 995
7815 18212 7697186 1 995
7815 18213 7697196 1 994
7815 18215 7697206 1 994
7814 18216 7697216 1 994
7814 18217 7697226 1 994
7814 18220 7697236 1 993
7813 18221 7697246 1 993
7813 18222 7697256 1 993
7812 18222 7697266 1 993
7812 18222 7697276 1 993
7811 18222 7697286 1 992
7811 18222 7697296 1 992
7810 18222 7697306 1 992
7809 18221 7697316 1 992
7808 18220 7697326 1 991
7808 18219 7697336 1 991
7807 18218 7697346 1 991
7807 18217 7697356 1 991
7806 18216 7697366 1 991
7806 18215 7697376 1 990
7806 18214 7697386 1 990
7806 18213 7697396 1 990
7806 18212 7697406 1 990
7807 18210 7697416 1 989
7808 18210 7697426 1 989
7809 18209 7697436 1 989
7810 18208 7697446 1 989
7811 18207 7697456 1 989
7812 18206 7697466 1 988
7813 18205 7697476 1 988
7814 18203 7697486 1 988
7815 18202 7697496 1 988
7816 18200 7697506 1 987
7817 18199 7697516 1 987
7817 18199 7697526 1 987
7817 18198 7697536 1 987
7817 18199 7697546 1 987
7817 18199 7697556 1 986
7816 18200 7697566 1 986
7816 18201 7697576 1 986
7815 18202 7697586 1 986
7814 18205 7697596 1 985
7813 18207 7697606 1 985
7813 18208 7697616 1 985
7812 18210 7697626 1 985
7812 18212 7697636 1 985
7812 18214 7697646 1 984
7812 18216 7697656 1 984
7812 18218 7697666 1 984
7813 18220 7697676 1 984
7814 18224 7697686 1 983
7815 18226 7697696 1 983
7816 18227 7697706 1 983
7817 18228 7697716 1 983
7818 18228 7697726 1 983
7820 18229 7697736 1 982
7821 18229 7697746 1 982
7823 18229 7697756 1 982
7824 18229 7697766 1 982
7828 18228 7697776 1 981
7830 18228 7697786 1 981
7831 18227 7697796 1 981
7833 18226 7697806 1 981
7834 18225 7697816 1 981
7836 18223 7697826 1 980
7837 18222 7697836 1 980
7838 18221 7697846 1 980
7839 18219 7697856 1 980
7841 18217 7697866 1 979
7842 18216 7697876 1 979
7844 18215 7697886 1 979
7845 18214 7697896 1 979
7847 18213 7697906 1 979
7849 18212 7697916 1 978
7851 18212 7697926 1 978
7853 18211 7697936 1 978
7854 18211 7697946 1 978
7857 18210 7697956 1 977
7859 18210 7697966 1 977
7861 18210 7697976 1 977
7863 18210 7697986 1 977
7864 18210 7697996 1 977
7866 18211 7698006 1 976
7868 18212 7698016 1 976
7869 18212 7698026 1 976
7870 18213 7698036 1 976
7873 18215 7698046 1 975
7874 18216 7698056 1 975
7875 18217 7698066 1 975
7877 18218 7698076 1 975
7879 18219 7698086 1 975
7880 18220 7698096 1 974
7882 18222 7698106 1 974
7884 18223 7698116 1 974
7885 18224 7698126 1 974
7887 18225 7698136 1 973
7888 18225 7698146 1 973
7889 18225 7698156 1 973
7889 18225 7698166 1 973
7889 18224 7698176 1 973
7889 18224 7698186 1 972
7889 18223 7698196 1 972
7889 18222 7698206 1 972
7888 18221 7698216 1 972
7887 18218 7698226 1 971
7887 18216 7698236 1 971
7886 18215 7698246 1 971
7885 18214 7698256 1 971
7885 18213 7698266 1 971
7884 18213 7698276 1 970
7883 18213 7698286 1 970
7883 18213 7698296 1 970
7883 18214 7698306 1 970
7884 18215 7698316 1 969
7885 18216 7698326 1 969
7885 18217 7698336 1 969
7886 18218 7698346 1 969
7886 18219 7698356 1 969
7887 18220 7698366 1 968
7887 18221 7698376 1 968
7887 18222 7698386 1 968
7887 18223 7698396 1 968
7888 18224 7698406 1 967
7888 18225 7698416 1 967
7888 18225 7698426 1 967
7888 18225 7698436 1 967
7889 18224 7698446 1 967
7889 18224 7698456 1 966
7889 18223 7698466 1 966
7890 18221 7698476 1 966
7891 18220 7698486 1 966
7892 18216 7698496 1 965
7892 18214 7698506 1 965
7893 18212 7698516 1 965
7893 18211 7698526 1 965
7894 18210 7698536 1 965
7894 18209 7698546 1 964
7894 18208 7698556 1 964
7894 18207 7698566 1 964
7894 18207 7698576 1 964
7894 18207 7698586 1 963
7894 18206 7698596 1 963
7894 18206 7698606 1 963
7894 18206 7698616 1 963
7893 18206 7698626 1 963
7893 18206 7698636 1 962
7892 18206 7698646 1 962
7892 18205 7698656 1 962
7891 18205 7698666 1 962
7890 18204 7698676 1 961
7890 18203 7698686 1 961
7890 18203 7698696 1 961
7890 18202 7698706 1 961
7890 18202 7698716 1 961
7891 18201 7698726 1 960
7891 18200 7698736 1 960
7892 18200 7698746 1 960
7894 18199 7698756 1 960
7897 18198 7698766 1 959
7899 18198 7698776 1 959
7901 18198 7698786 1 959
7904 18198 7698796 1 959
7906 18198 7698806 1 959
7909 18197 7698816 1 958
7911 18197 7698826 1 958
7914 18197 7698836 1 958
7917 18196 7698846 1 958
7922 18196 7698856 1 957
7925 18195 7698866 1 957
7927 18195 7698876 1 957
7930 18195 7698886 1 957
7932 18195 7698896 1 957
7934 18195 7698906 1 956
7936 18195 7698916 1 956
7938 18195 7698926 1 956
7939 18196 7698936 1 956
7942 18197 7698946 1 955
7943 18198 7698956 1 955
7943 18200 7698966 1 955
7943 18201 7698976 1 955
7943 18202 7698986 1 955
7943 18203 7698996 1 954
7943 18204 7699006 1 954
7942 18206 7699016 1 954
7941 18207 7699026 1 954
7940 18209 7699036 1 953
7939 18210 7699046 1 953
7938 18212 7699056 1 953
7937 18213 7699066 1 953
7936 18215 7699076 1 953
7935 18217 7699086 1 952
7934 18219 7699096 1 952
7934 18221 7699106 1 952
7934 18223 7699116 1 952
7933 18226 7699126 1 951
7933 18228 7699136 1 951
7933 18230 7699146 1 951
7933 18231 7699156 1 951
7933 18232 7699166 1 951
7934 18233 7699176 1 950
7934 18234 7699186 1 950
7935 18235 7699196 1 950
7936 18235 7699206 1 950
7938 18237 7699216 1 949
7939 18237 7699226 1 949
7940 18238 7699236 1 949
7941 18238 7699246 1 949
7942 18238 7699256 1 949
7942 18238 7699266 1 948
7942 18239 7699276 1 948
7942 18239 7699286 1 948
7941 18239 7699296 1 948
