7793 18501 7436079 1 596
7793 18501 7436089 1 613
7793 18501 7436099 1 624
7793 18501 7436109 1 631
7793 18501 7436119 1 637
7792 18501 7436129 1 642
7792 18501 7436139 1 646
7792 18501 7436149 1 650
7791 18501 7436159 1 655
7791 18501 7436169 1 660
7791 18501 7436179 1 665
7791 18501 7436189 1 669
7791 18501 7436199 1 671
7792 18501 7436209 1 674
7792 18501 7436219 1 678
7793 18501 7436229 1 682
7793 18501 7436239 1 685
7793 18501 7436249 1 689
7793 18501 7436259 1 691
7793 18501 7436269 1 692
7793 18501 7436279 1 695
7793 18501 7436289 1 698
7793 18501 7436299 1 701
7793 18501 7436309 1 703
7793 18501 7436319 1 704
7794 18501 7436329 1 705
7794 18501 7436339 1 710
7794 18501 7436349 1 711
7794 18501 7436359 1 711
7794 18501 7436369 1 712
7794 18501 7436379 1 713
7794 18502 7436389 1 714
7794 18502 7436399 1 716
7794 18502 7436409 1 716
7794 18502 7436419 1 717
7795 18503 7436429 1 719
7795 18503 7436439 1 719
7796 18503 7436449 1 719
7798 18504 7436459 1 720
7802 18504 7436469 1 721
7806 18505 7436479 1 720
7811 18505 7436489 1 721
7817 18505 7436499 1 722
7822 18505 7436509 1 722
7827 18504 7436519 1 723
7830 18504 7436529 1 723
7832 18504 7436539 1 722
7836 18503 7436549 1 723
7839 18503 7436559 1 724
7841 18502 7436569 1 724
7842 18503 7436579 1 725
7842 18503 7436589 1 724
7840 18505 7436599 1 725
7836 18507 7436609 1 726
7834 18509 7436619 1 727
7831 18511 7436629 1 726
7824 18516 7436639 1 727
7817 18522 7436649 1 727
7809 18529 7436659 1 728
7801 18537 7436669 1 728
7793 18545 7436679 1 730
7787 18553 7436689 1 731
7782 18561 7436699 1 732
7780 18564 7436709 1 733
7779 18567 7436719 1 733
7776 18572 7436729 1 733
7776 18575 7436739 1 734
7776 18576 7436749 1 736
7778 18576 7436759 1 737
7781 18574 7436769 1 738
7785 18570 7436779 1 739
7789 18565 7436789 1 740
7792 18563 7436799 1 741
7794 18559 7436809 1 741
7800 18552 7436819 1 741
7805 18543 7436829 1 742
7810 18534 7436839 1 743
7815 18525 7436849 1 743
7819 18515 7436859 1 745
7822 18506 7436869 1 744
7825 18497 7436879 1 744
7826 18493 7436889 1 743
7827 18490 7436899 1 744
7829 18483 7436909 1 744
7831 18478 7436919 1 743
7832 18474 7436929 1 742
7835 18472 7436939 1 742
7837 18471 7436949 1 739
7840 18471 7436959 1 738
7842 18473 7436969 1 737
7844 18474 7436979 1 736
7845 18475 7436989 1 736
7848 18478 7436999 1 735
7851 18482 7437009 1 733
7853 18486 7437019 1 730
7855 18490 7437029 1 729
7856 18493 7437039 1 728
7858 18496 7437049 1 728
7859 18499 7437059 1 728
7859 18500 7437069 1 727
7860 18500 7437079 1 727
7861 18501 7437089 1 728
7862 18501 7437099 1 729
7863 18501 7437109 1 730
7864 18499 7437119 1 732
7865 18497 7437129 1 735
7866 18495 7437139 1 739
7867 18492 7437149 1 741
7867 18490 7437159 1 742
7867 18489 7437169 1 744
7866 18486 7437179 1 750
7865 18483 7437189 1 764
7864 18480 7437199 1 773
7862 18478 7437209 1 777
7860 18476 7437219 1 782
7858 18475 7437229 1 791
7856 18474 7437239 1 798
7855 18474 7437249 1 802
7854 18474 7437259 1 805
7852 18474 7437269 1 811
7851 18474 7437279 1 814
7849 18474 7437289 1 816
7848 18474 7437299 1 813
7847 18474 7437309 1 808
7846 18474 7437319 1 803
7846 18475 7437329 1 799
7845 18475 7437339 1 799
7845 18475 7437349 1 785
7844 18475 7437359 1 744
7844 18475 7437369 1 716
7843 18475 7437379 1 702
7842 18475 7437389 1 684
7842 18475 7437399 1 649
7841 18475 7437409 1 609
7841 18475 7437419 1 568
7841 18475 7437429 1 547
7840 18475 7437439 1 525
7840 18476 7437449 1 479
7839 18476 7437459 1 434
7839 18476 7437469 1 387
7838 18476 7437479 1 341
7838 18476 7437489 1 315
7837 18476 7437499 1 295
7836 18476 7437509 1 250
7836 18476 7437519 1 205
7835 18476 7437529 1 164
7834 18476 7437539 1 125
7834 18476 7437549 1 103
7833 18476 7437559 1 91
7833 18476 7437569 1 90
7833 18476 7437579 1 89
7833 18476 7437589 1 89
7833 18476 7437599 1 88
7834 18476 7437609 1 88
7834 18476 7437619 1 87
7835 18476 7437629 1 85
7836 18476 7437639 1 85
7836 18476 7437649 1 84
7837 18476 7437659 1 84
7837 18476 7437669 1 84
7838 18476 7437679 1 83
7838 18476 7437689 1 80
7838 18476 7437699 1 78
7838 18476 7437709 1 80
7838 18476 7437719 1 93
7838 18476 7437729 1 124
7837 18476 7437739 1 173
7836 18476 7437749 1 228
7835 18477 7437759 1 286
7833 18477 7437769 1 348
7830 18478 7437779 1 411
7829 18478 7437789 1 444
7827 18478 7437799 1 475
7824 18479 7437809 1 537
7821 18481 7437819 1 599
7818 18482 7437829 1 632
7815 18484 7437839 1 657
7812 18485 7437849 1 712
7809 18486 7437859 1 803
7806 18487 7437869 1 837
7805 18488 7437879 1 845
7804 18488 7437889 1 850
7802 18488 7437899 1 865
7801 18489 7437909 1 886
7800 18488 7437919 1 901
7799 18488 7437929 1 911
7798 18488 7437939 1 916
7798 18487 7437949 1 917
7798 18487 7437959 1 913
7798 18486 7437969 1 911
7798 18486 7437979 1 907
7798 18485 7437989 1 899
7799 18484 7437999 1 894
7801 18483 7438009 1 889
7802 18483 7438019 1 879
7805 18482 7438029 1 855
7807 18481 7438039 1 844
7810 18481 7438049 1 840
7812 18480 7438059 1 838
7813 18480 7438069 1 834
7817 18480 7438079 1 826
7820 18481 7438089 1 822
7823 18481 7438099 1 820
7826 18482 7438109 1 820
7829 18484 7438119 1 821
7831 18485 7438129 1 822
7833 18487 7438139 1 823
7834 18488 7438149 1 824
7834 18489 7438159 1 824
7836 18490 7438169 1 825
7836 18492 7438179 1 826
7837 18494 7438189 1 826
7838 18496 7438199 1 828
7838 18497 7438209 1 829
7839 18498 7438219 1 830
7839 18499 7438229 1 830
7840 18500 7438239 1 830
7840 18500 7438249 1 830
7841 18501 7438259 1 831
7843 18502 7438269 1 832
7844 18503 7438279 1 834
7846 18503 7438289 1 835
7849 18503 7438299 1 835
7852 18502 7438309 1 836
7855 18502 7438319 1 837
7857 18501 7438329 1 837
7858 18500 7438339 1 838
7861 18498 7438349 1 838
7864 18496 7438359 1 839
7866 18494 7438369 1 840
7867 18491 7438379 1 842
7868 18489 7438389 1 842
7868 18487 7438399 1 843
7869 18486 7438409 1 844
7869 18485 7438419 1 845
7869 18485 7438429 1 845
7868 18484 7438439 1 845
7868 18483 7438449 1 846
7868 18482 7438459 1 847
7868 18482 7438469 1 848
7868 18482 7438479 1 849
7868 18481 7438489 1 850
7868 18481 7438499 1 851
7868 18481 7438509 1 851
7868 18481 7438519 1 851
7868 18481 7438529 1 852
7868 18481 7438539 1 854
7868 18481 7438549 1 855
7868 18481 7438559 1 855
7868 18481 7438569 1 856
7869 18481 7438579 1 857
7869 18481 7438589 1 858
7869 18481 7438599 1 858
7869 18481 7438609 1 859
7870 18481 7438619 1 860
7870 18481 7438629 1 861
7871 18481 7438639 1 862
7871 18481 7438649 1 863
7871 18481 7438659 1 863
7872 18481 7438669 1 863
7872 18481 7438679 1 864
7871 18481 7438689 1 864
7871 18481 7438699 1 865
7871 18481 7438709 1 867
7870 18481 7438719 1 868
7869 18481 7438729 1 869
7869 18481 7438739 1 869
7868 18481 7438749 1 870
7867 18481 7438759 1 871
7866 18481 7438769 1 872
7866 18481 7438779 1 873
7865 18481 7438789 1 873
7865 18481 7438799 1 874
7864 18481 7438809 1 875
7863 18480 7438819 1 876
7862 18480 7438829 1 877
7860 18481 7438839 1 878
7859 18481 7438849 1 878
7858 18481 7438859 1 879
7858 18481 7438869 1 880
7857 18482 7438879 1 881
7856 18482 7438889 1 882
7854 18483 7438899 1 883
7852 18484 7438909 1 883
7850 18484 7438919 1 884
7847 18484 7438929 1 885
7845 18484 7438939 1 886
7843 18483 7438949 1 887
7842 18483 7438959 1 888
7841 18482 7438969 1 888
7840 18481 7438979 1 889
7839 18480 7438989 1 890
7838 18479 7438999 1 891
7838 18479 7439009 1 892
7838 18478 7439019 1 892
7838 18478 7439029 1 893
7838 18478 7439039 1 895
7838 18478 7439049 1 896
7838 18478 7439059 1 896
7838 18478 7439069 1 896
7838 18478 7439079 1 897
7838 18478 7439089 1 898
7837 18478 7439099 1 899
7837 18478 7439109 1 900
7836 18478 7439119 1 901
7835 18478 7439129 1 902
7835 18478 7439139 1 902
7834 18478 7439149 1 903
7833 18478 7439159 1 904
7833 18478 7439169 1 905
7832 18478 7439179 1 906
7832 18478 7439189 1 907
7832 18478 7439199 1 908
7832 18478 7439209 1 910
7832 18478 7439219 1 911
7832 18478 7439229 1 911
7832 18477 7439239 1 911
7832 18477 7439249 1 912
7832 18477 7439259 1 913
7832 18477 7439269 1 914
7832 18477 7439279 1 915
7832 18477 7439289 1 917
7833 18477 7439299 1 919
7833 18477 7439309 1 919
7833 18477 7439319 1 919
7833 18477 7439329 1 920
7834 18477 7439339 1 921
7835 18477 7439349 1 922
7835 18477 7439359 1 922
7835 18477 7439369 1 923
7836 18477 7439379 1 925
7836 18477 7439389 1 925
7836 18477 7439399 1 926
7836 18477 7439409 1 926
7836 18476 7439419 1 927
7836 18476 7439429 1 928
7836 18476 7439439 1 929
7836 18476 7439449 1 930
7836 18476 7439459 1 931
7837 18476 7439469 1 932
7837 18477 7439479 1 932
7837 18477 7439489 1 934
7838 18477 7439499 1 934
7838 18477 7439509 1 935
7838 18477 7439519 1 935
7839 18477 7439529 1 936
7839 18477 7439539 1 937
7839 18477 7439549 1 938
7840 18477 7439559 1 940
7840 18477 7439569 1 940
7840 18477 7439579 1 941
7841 18477 7439589 1 941
7841 18477 7439599 1 942
7841 18477 7439609 1 943
7841 18477 7439619 1 943
7842 18477 7439629 1 944
7842 18477 7439639 1 946
7842 18477 7439649 1 947
7841 18477 7439659 1 948
7841 18477 7439669 1 948
7841 18477 7439679 1 948
7841 18477 7439689 1 948
7840 18477 7439699 1 949
7840 18477 7439709 1 951
7839 18477 7439719 1 952
7839 18477 7439729 1 953
7839 18477 7439739 1 954
7838 18477 7439749 1 954
7838 18477 7439759 1 956
7837 18477 7439769 1 956
7837 18477 7439779 1 956
7837 18478 7439789 1 957
7836 18478 7439799 1 958
7835 18478 7439809 1 959
7834 18478 7439819 1 959
7834 18478 7439829 1 961
7833 18478 7439839 1 962
7833 18478 7439849 1 963
7832 18478 7439859 1 963
7832 18478 7439869 1 963
7832 18478 7439879 1 963
7831 18478 7439889 1 966
7831 18477 7439899 1 966
7830 18477 7439909 1 966
7830 18477 7439919 1 967
7830 18477 7439929 1 968
7829 18477 7439939 1 970
7829 18477 7439949 1 970
7828 18477 7439959 1 970
7828 18477 7439969 1 971
7827 18477 7439979 1 972
7826 18477 7439989 1 972
7826 18477 7439999 1 974
7825 18477 7440009 1 975
7825 18477 7440019 1 975
7825 18477 7440029 1 975
7825 18477 7440039 1 976
7826 18478 7440049 1 977
7826 18478 7440059 1 978
7827 18478 7440069 1 979
7828 18478 7440079 1 980
7829 18478 7440089 1 981
7830 18479 7440099 1 981
7831 18479 7440109 1 982
7831 18479 7440119 1 983
7832 18479 7440129 1 984
7832 18479 7440139 1 984
7832 18479 7440149 1 985
7832 18479 7440159 1 986
7832 18479 7440169 1 986
7833 18479 7440179 1 987
7833 18479 7440189 1 988
7833 18478 7440199 1 989
7833 18478 7440209 1 989
7834 18478 7440219 1 989
7834 18478 7440229 1 990
7834 18478 7440239 1 992
7835 18477 7440249 1 993
7835 18477 7440259 1 993
7835 18477 7440269 1 993
7836 18477 7440279 1 995
7836 18478 7440289 1 995
7836 18479 7440299 1 996
7836 18479 7440309 1 997
7837 18480 7440319 1 997
7837 18482 7440329 1 998
7838 18484 7440339 1 999
7839 18487 7440349 1 999
7841 18490 7440359 1 1000
7843 18492 7440369 1 1001
7846 18495 7440379 1 1002
7848 18497 7440389 1 1003
7850 18498 7440399 1 1003
7851 18499 7440409 1 1003
7854 18501 7440419 1 1004
7856 18502 7440429 1 1005
7858 18503 7440439 1 1005
7860 18504 7440449 1 1006
7861 18505 7440459 1 1007
7862 18505 7440469 1 1008
7864 18506 7440479 1 1009
7864 18506 7440489 1 1009
7865 18506 7440499 1 1009
7865 18506 7440509 1 1011
7866 18506 7440519 1 1011
7867 18505 7440529 1 1012
7868 18505 7440539 1 1013
7868 18505 7440549 1 1013
7869 18505 7440559 1 1014
7869 18505 7440569 1 1015
7869 18504 7440579 1 1016
7869 18504 7440589 1 1015
7870 18504 7440599 1 1015
7870 18504 7440609 1 1015
7870 18504 7440619 1 1015
7870 18504 7440629 1 1015
7871 18504 7440639 1 1015
7870 18504 7440649 1 1014
7870 18504 7440659 1 1015
7870 18504 7440669 1 1014
7869 18504 7440679 1 1014
7869 18504 7440689 1 1014
7868 18504 7440699 1 1014
7867 18504 7440709 1 1014
7866 18504 7440719 1 1013
7865 18504 7440729 1 1013
7864 18504 7440739 1 1014
7863 18505 7440749 1 1013
7863 18505 7440759 1 1013
7862 18506 7440769 1 1013
7861 18508 7440779 1 1013
7861 18510 7440789 1 1013
7861 18512 7440799 1 1012
7861 18515 7440809 1 1012
7861 18518 7440819 1 1012
7862 18520 7440829 1 1011
7862 18521 7440839 1 1012
7862 18522 7440849 1 1012
7862 18519 7440859 1 1012
7861 18513 7440869 1 1012
7857 18502 7440879 1 1012
7847 18489 7440889 1 1011
7832 18477 7440899 1 1011
7812 18468 7440909 1 1010
7788 18462 7440919 1 1010
7764 18461 7440929 1 1011
7751 18461 7440939 1 1011
7742 18466 7440949 1 1011
7728 18477 7440959 1 1011
7724 18494 7440969 1 1010
7729 18513 7440979 1 1010
7744 18533 7440989 1 1010
7766 18553 7440999 1 1009
7792 18570 7441009 1 1009
7819 18582 7441019 1 1010
7833 18587 7441029 1 1010
7844 18589 7441039 1 1009
7864 18591 7441049 1 1009
7879 18588 7441059 1 1009
7887 18581 7441069 1 1009
7888 18570 7441079 1 1008
7883 18556 7441089 1 1008
7871 18540 7441099 1 1008
7853 18522 7441109 1 1009
7843 18513 7441119 1 1008
7832 18505 7441129 1 1007
7808 18490 7441139 1 1008
7782 18479 7441149 1 1007
7758 18473 7441159 1 1007
7741 18475 7441169 1 1007
7734 18480 7441179 1 1007
7732 18487 7441189 1 1007
7732 18491 7441199 1 1006
7732 18492 7441209 1 1006
7732 18492 7441219 1 1006
7731 18493 7441229 1 1005
7730 18493 7441239 1 1005
7729 18493 7441249 1 1006
7729 18493 7441259 1 1005
7728 18493 7441269 1 1005
7728 18493 7441279 1 1005
7727 18492 7441289 1 1004
7727 18492 7441299 1 1003
7727 18492 7441309 1 1004
7726 18492 7441319 1 1004
7726 18491 7441329 1 1003
7725 18491 7441339 1 1003
7725 18490 7441349 1 1003
7725 18490 7441359 1 1002
7724 18489 7441369 1 1002
7724 18489 7441379 1 1003
7724 18489 7441389 1 1002
7724 18489 7441399 1 1001
7724 18488 7441409 1 1002
7724 18488 7441419 1 1002
7724 18487 7441429 1 1001
7724 18487 7441439 1 1001
7724 18487 7441449 1 1000
7723 18486 7441459 1 1000
7723 18486 7441469 1 1000
7722 18486 7441479 1 1000
7722 18486 7441489 1 1000
7721 18486 7441499 1 999
7720 18486 7441509 1 999
7718 18486 7441519 1 998
7717 18486 7441529 1 998
7716 18486 7441539 1 998
7714 18486 7441549 1 997
7713 18486 7441559 1 997
7713 18486 7441569 1 998
7712 18486 7441579 1 998
7711 18486 7441589 1 996
7710 18486 7441599 1 997
7709 18486 7441609 1 997
7709 18486 7441619 1 996
7708 18486 7441629 1 996
7707 18486 7441639 1 995
7707 18486 7441649 1 995
7707 18486 7441659 1 995
7707 18486 7441669 1 995
7706 18486 7441679 1 995
7706 18486 7441689 1 994
7706 18485 7441699 1 994
7706 18485 7441709 1 993
7706 18485 7441719 1 993
7706 18484 7441729 1 993
7706 18484 7441739 1 992
7705 18484 7441749 1 992
7705 18484 7441759 1 992
7705 18483 7441769 1 992
7705 18483 7441779 1 991
7705 18482 7441789 1 991
7705 18482 7441799 1 991
7705 18482 7441809 1 990
7705 18481 7441819 1 990
7705 18481 7441829 1 989
7705 18481 7441839 1 989
7705 18481 7441849 1 989
7705 18480 7441859 1 990
7705 18480 7441869 1 988
7705 18480 7441879 1 989
7704 18480 7441889 1 987
7704 18480 7441899 1 987
7703 18480 7441909 1 988
7703 18479 7441919 1 986
7703 18479 7441929 1 987
7703 18479 7441939 1 987
7703 18479 7441949 1 985
7704 18479 7441959 1 986
7704 18479 7441969 1 986
7704 18479 7441979 1 985
7704 18479 7441989 1 985
7704 18480 7441999 1 985
7704 18480 7442009 1 984
7704 18480 7442019 1 984
7704 18480 7442029 1 984
7704 18480 7442039 1 983
7704 18480 7442049 1 983
7704 18480 7442059 1 983
7704 18480 7442069 1 982
7704 18480 7442079 1 982
7704 18481 7442089 1 981
7704 18481 7442099 1 981
7704 18481 7442109 1 981
7703 18481 7442119 1 981
7703 18481 7442129 1 980
7703 18481 7442139 1 980
7703 18482 7442149 1 979
7703 18482 7442159 1 979
7703 18482 7442169 1 979
7703 18482 7442179 1 979
7703 18482 7442189 1 978
