7663 18400 3693201 1 683
7663 18400 3693211 1 694
7663 18400 3693221 1 701
7663 18400 3693231 1 706
7663 18400 3693241 1 710
7662 18399 3693251 1 713
7662 18399 3693261 1 716
7662 18399 3693271 1 716
7662 18399 3693281 1 718
7662 18399 3693291 1 721
7662 18399 3693301 1 728
7663 18399 3693311 1 730
7664 18399 3693321 1 731
7665 18399 3693331 1 733
7665 18399 3693341 1 734
7666 18399 3693351 1 736
7667 18398 3693361 1 738
7668 18398 3693371 1 740
7669 18398 3693381 1 742
7669 18398 3693391 1 745
7669 18398 3693401 1 746
7670 18398 3693411 1 747
7669 18398 3693421 1 748
7669 18398 3693431 1 750
7668 18398 3693441 1 751
7666 18398 3693451 1 752
7665 18398 3693461 1 753
7664 18398 3693471 1 755
7663 18398 3693481 1 756
7663 18398 3693491 1 756
7662 18398 3693501 1 756
7662 18399 3693511 1 757
7662 18399 3693521 1 758
7662 18399 3693531 1 759
7663 18399 3693541 1 759
7663 18399 3693551 1 759
7664 18400 3693561 1 760
7665 18400 3693571 1 761
7667 18401 3693581 1 760
7669 18401 3693591 1 761
7672 18402 3693601 1 761
7676 18402 3693611 1 761
7678 18402 3693621 1 761
7681 18402 3693631 1 761
7685 18402 3693641 1 762
7690 18402 3693651 1 762
7694 18401 3693661 1 762
7698 18400 3693671 1 762
7701 18400 3693681 1 762
7702 18399 3693691 1 763
7702 18399 3693701 1 763
7703 18399 3693711 1 763
7703 18399 3693721 1 763
7702 18400 3693731 1 763
7699 18402 3693741 1 763
7695 18404 3693751 1 764
7693 18406 3693761 1 764
7689 18408 3693771 1 764
7681 18413 3693781 1 764
7673 18419 3693791 1 764
7663 18425 3693801 1 764
7654 18433 3693811 1 764
7645 18441 3693821 1 765
7641 18445 3693831 1 766
7638 18449 3693841 1 766
7631 18456 3693851 1 767
7627 18462 3693861 1 767
7624 18467 3693871 1 767
7623 18470 3693881 1 768
7624 18471 3693891 1 769
7625 18471 3693901 1 769
7627 18471 3693911 1 770
7631 18469 3693921 1 771
7637 18465 3693931 1 771
7645 18460 3693941 1 772
7653 18454 3693951 1 772
7662 18447 3693961 1 772
7666 18443 3693971 1 772
7671 18439 3693981 1 772
7680 18431 3693991 1 773
7688 18422 3694001 1 773
7696 18413 3694011 1 774
7702 18404 3694021 1 774
7708 18396 3694031 1 773
7711 18392 3694041 1 773
7713 18389 3694051 1 773
7718 18383 3694061 1 773
7722 18378 3694071 1 772
7726 18374 3694081 1 772
7730 18372 3694091 1 771
7733 18371 3694101 1 769
7735 18371 3694111 1 769
7736 18372 3694121 1 768
7739 18374 3694131 1 767
7741 18376 3694141 1 766
7743 18380 3694151 1 765
7745 18383 3694161 1 764
7746 18387 3694171 1 762
7746 18389 3694181 1 761
7746 18390 3694191 1 761
7745 18393 3694201 1 760
7744 18396 3694211 1 760
7743 18398 3694221 1 760
7742 18400 3694231 1 759
7741 18400 3694241 1 760
7741 18401 3694251 1 760
7740 18400 3694261 1 760
7739 18400 3694271 1 760
7738 18398 3694281 1 762
7737 18397 3694291 1 764
7736 18394 3694301 1 767
7735 18391 3694311 1 769
7734 18390 3694321 1 769
7733 18388 3694331 1 771
7732 18385 3694341 1 775
7730 18383 3694351 1 786
7728 18380 3694361 1 792
7727 18378 3694371 1 795
7725 18376 3694381 1 799
7724 18375 3694391 1 802
7723 18375 3694401 1 805
7722 18374 3694411 1 811
7722 18373 3694421 1 817
7722 18372 3694431 1 821
7722 18372 3694441 1 823
7723 18372 3694451 1 824
7723 18372 3694461 1 824
7724 18372 3694471 1 822
7725 18372 3694481 1 818
7726 18373 3694491 1 815
7727 18373 3694501 1 811
7728 18373 3694511 1 800
7729 18374 3694521 1 768
7730 18374 3694531 1 752
7730 18374 3694541 1 746
7730 18375 3694551 1 736
7731 18375 3694561 1 722
7731 18376 3694571 1 694
7732 18376 3694581 1 663
7732 18377 3694591 1 630
7733 18377 3694601 1 614
7733 18377 3694611 1 596
7734 18377 3694621 1 560
7734 18377 3694631 1 524
7734 18377 3694641 1 487
7734 18377 3694651 1 449
7734 18377 3694661 1 428
7734 18377 3694671 1 422
7734 18377 3694681 1 412
7734 18377 3694691 1 376
7733 18377 3694701 1 307
7732 18377 3694711 1 275
7731 18377 3694721 1 257
7730 18377 3694731 1 246
7730 18377 3694741 1 245
7729 18377 3694751 1 245
7728 18377 3694761 1 243
7727 18377 3694771 1 242
7727 18377 3694781 1 241
7726 18376 3694791 1 239
7725 18376 3694801 1 237
7725 18376 3694811 1 236
7725 18376 3694821 1 235
7724 18376 3694831 1 233
7724 18376 3694841 1 232
7724 18375 3694851 1 232
7724 18375 3694861 1 230
7724 18375 3694871 1 227
7724 18375 3694881 1 224
7724 18374 3694891 1 225
7724 18374 3694901 1 235
7723 18374 3694911 1 260
7723 18374 3694921 1 299
7721 18374 3694931 1 343
7720 18374 3694941 1 389
7719 18374 3694951 1 413
7717 18374 3694961 1 439
7714 18375 3694971 1 491
7711 18376 3694981 1 542
7707 18377 3694991 1 593
7703 18378 3695001 1 644
7700 18380 3695011 1 671
7698 18381 3695021 1 678
7696 18382 3695031 1 691
7693 18383 3695041 1 736
7691 18385 3695051 1 811
7690 18386 3695061 1 840
7689 18387 3695071 1 851
7688 18388 3695081 1 863
7688 18389 3695091 1 872
7687 18389 3695101 1 880
7687 18389 3695111 1 893
7686 18389 3695121 1 902
7686 18388 3695131 1 906
7685 18388 3695141 1 907
7686 18387 3695151 1 904
7686 18387 3695161 1 902
7686 18387 3695171 1 899
7687 18386 3695181 1 892
7688 18385 3695191 1 887
7689 18384 3695201 1 883
7690 18383 3695211 1 875
7692 18382 3695221 1 854
7692 18381 3695231 1 846
7693 18381 3695241 1 846
7694 18380 3695251 1 842
7696 18380 3695261 1 837
7697 18380 3695271 1 830
7699 18381 3695281 1 826
7701 18381 3695291 1 824
7702 18382 3695301 1 824
7704 18383 3695311 1 824
7706 18384 3695321 1 825
7709 18386 3695331 1 826
7712 18387 3695341 1 827
7714 18389 3695351 1 828
7715 18391 3695361 1 829
7716 18392 3695371 1 829
7716 18393 3695381 1 829
7717 18395 3695391 1 829
7717 18396 3695401 1 831
7716 18397 3695411 1 832
7716 18399 3695421 1 833
7716 18400 3695431 1 833
7716 18400 3695441 1 833
7715 18401 3695451 1 833
7715 18401 3695461 1 834
7715 18402 3695471 1 835
7716 18402 3695481 1 836
7717 18403 3695491 1 837
7718 18402 3695501 1 837
7719 18402 3695511 1 837
7720 18402 3695521 1 838
7722 18400 3695531 1 839
7724 18399 3695541 1 839
7725 18397 3695551 1 840
7727 18394 3695561 1 841
7727 18392 3695571 1 842
7728 18391 3695581 1 842
7728 18390 3695591 1 843
7727 18387 3695601 1 843
7727 18386 3695611 1 844
7727 18384 3695621 1 845
7726 18383 3695631 1 846
7726 18382 3695641 1 846
7726 18382 3695651 1 846
7726 18382 3695661 1 846
7725 18381 3695671 1 848
7725 18381 3695681 1 849
7725 18381 3695691 1 850
7724 18380 3695701 1 851
7724 18380 3695711 1 851
7724 18380 3695721 1 851
7724 18380 3695731 1 852
7724 18380 3695741 1 853
7723 18380 3695751 1 853
7723 18380 3695761 1 854
7723 18380 3695771 1 855
7723 18380 3695781 1 855
7723 18380 3695791 1 856
7723 18380 3695801 1 856
7724 18380 3695811 1 857
7725 18380 3695821 1 858
7725 18380 3695831 1 859
7726 18381 3695841 1 860
7726 18381 3695851 1 861
7726 18381 3695861 1 862
7727 18381 3695871 1 862
7728 18381 3695881 1 862
7729 18381 3695891 1 863
7731 18381 3695901 1 863
7732 18381 3695911 1 864
7734 18381 3695921 1 866
7735 18382 3695931 1 867
7737 18382 3695941 1 867
7739 18382 3695951 1 868
7740 18382 3695961 1 868
7742 18382 3695971 1 869
7744 18382 3695981 1 870
7745 18381 3695991 1 871
7745 18381 3696001 1 872
7746 18381 3696011 1 872
7746 18381 3696021 1 873
7746 18381 3696031 1 874
7746 18380 3696041 1 875
7745 18380 3696051 1 876
7744 18380 3696061 1 877
7744 18380 3696071 1 877
7744 18380 3696081 1 877
7742 18380 3696091 1 878
7741 18380 3696101 1 880
7738 18380 3696111 1 881
7736 18381 3696121 1 882
7732 18381 3696131 1 882
7730 18381 3696141 1 883
7729 18381 3696151 1 883
7725 18381 3696161 1 884
7721 18380 3696171 1 885
7717 18379 3696181 1 886
7714 18378 3696191 1 887
7711 18377 3696201 1 888
7710 18376 3696211 1 889
7709 18376 3696221 1 889
7708 18375 3696231 1 890
7707 18375 3696241 1 891
7705 18375 3696251 1 891
7704 18375 3696261 1 892
7704 18375 3696271 1 894
7703 18375 3696281 1 895
7703 18375 3696291 1 895
7702 18375 3696301 1 896
7701 18376 3696311 1 896
7700 18376 3696321 1 897
7699 18376 3696331 1 898
7699 18376 3696341 1 899
7699 18377 3696351 1 900
7699 18377 3696361 1 900
7700 18377 3696371 1 901
7700 18377 3696381 1 902
7701 18377 3696391 1 903
7703 18377 3696401 1 905
7704 18377 3696411 1 906
7705 18377 3696421 1 906
7706 18377 3696431 1 906
7708 18377 3696441 1 907
7710 18377 3696451 1 909
7713 18377 3696461 1 910
7715 18377 3696471 1 911
7717 18377 3696481 1 911
7718 18377 3696491 1 912
7719 18377 3696501 1 912
7721 18377 3696511 1 913
7723 18377 3696521 1 914
7724 18377 3696531 1 916
7725 18377 3696541 1 917
7726 18377 3696551 1 917
7726 18377 3696561 1 917
7725 18378 3696571 1 918
7724 18378 3696581 1 919
7723 18378 3696591 1 920
7722 18378 3696601 1 920
7720 18378 3696611 1 921
7718 18378 3696621 1 923
7717 18378 3696631 1 923
7716 18378 3696641 1 923
7714 18378 3696651 1 923
7711 18378 3696661 1 924
7708 18378 3696671 1 925
7705 18378 3696681 1 926
7702 18378 3696691 1 927
7700 18378 3696701 1 927
7699 18378 3696711 1 928
7696 18377 3696721 1 929
7694 18377 3696731 1 929
7692 18377 3696741 1 930
7690 18377 3696751 1 931
7688 18376 3696761 1 931
7687 18376 3696771 1 931
7686 18376 3696781 1 932
7685 18376 3696791 1 933
7684 18376 3696801 1 934
7684 18376 3696811 1 935
7684 18376 3696821 1 935
7684 18376 3696831 1 935
7684 18376 3696841 1 936
7685 18376 3696851 1 936
7686 18375 3696861 1 937
7687 18375 3696871 1 937
7688 18375 3696881 1 938
7690 18375 3696891 1 939
7691 18375 3696901 1 940
7692 18375 3696911 1 941
7693 18375 3696921 1 941
7695 18375 3696931 1 941
7697 18375 3696941 1 941
7699 18375 3696951 1 942
7701 18375 3696961 1 943
7703 18375 3696971 1 944
7704 18375 3696981 1 945
7704 18375 3696991 1 945
7706 18375 3697001 1 945
7707 18375 3697011 1 946
7708 18376 3697021 1 947
7709 18376 3697031 1 947
7709 18376 3697041 1 948
7709 18376 3697051 1 948
7708 18376 3697061 1 949
7707 18376 3697071 1 950
7706 18377 3697081 1 950
7705 18377 3697091 1 951
7704 18377 3697101 1 952
7703 18377 3697111 1 952
7702 18377 3697121 1 953
7701 18377 3697131 1 952
7700 18377 3697141 1 952
7700 18377 3697151 1 954
7699 18377 3697161 1 954
7699 18378 3697171 1 954
7699 18378 3697181 1 955
7699 18378 3697191 1 956
7699 18378 3697201 1 956
7699 18378 3697211 1 957
7699 18378 3697221 1 957
7700 18378 3697231 1 958
7700 18378 3697241 1 959
7701 18378 3697251 1 959
7701 18378 3697261 1 959
7701 18378 3697271 1 960
7701 18378 3697281 1 961
7701 18378 3697291 1 961
7701 18377 3697301 1 961
7702 18377 3697311 1 962
7702 18377 3697321 1 963
7702 18377 3697331 1 963
7703 18377 3697341 1 964
7704 18377 3697351 1 964
7704 18377 3697361 1 964
7705 18377 3697371 1 964
7705 18376 3697381 1 965
7706 18377 3697391 1 966
7706 18377 3697401 1 967
7705 18377 3697411 1 967
7704 18377 3697421 1 967
7703 18377 3697431 1 968
7701 18377 3697441 1 968
7699 18377 3697451 1 969
7697 18377 3697461 1 970
7696 18378 3697471 1 970
7695 18378 3697481 1 970
7693 18378 3697491 1 970
7691 18378 3697501 1 971
7690 18378 3697511 1 972
7689 18378 3697521 1 972
7688 18378 3697531 1 973
7688 18378 3697541 1 972
7687 18378 3697551 1 973
7687 18378 3697561 1 973
7688 18379 3697571 1 973
7689 18380 3697581 1 974
7690 18382 3697591 1 975
7691 18384 3697601 1 975
7692 18385 3697611 1 976
7694 18386 3697621 1 976
7697 18389 3697631 1 976
7700 18391 3697641 1 976
7703 18394 3697651 1 977
7707 18396 3697661 1 978
7711 18398 3697671 1 979
7713 18399 3697681 1 979
7715 18400 3697691 1 979
7719 18401 3697701 1 979
7723 18402 3697711 1 980
7727 18403 3697721 1 980
7731 18404 3697731 1 981
7734 18404 3697741 1 980
7736 18404 3697751 1 981
7738 18404 3697761 1 981
7741 18405 3697771 1 982
7743 18405 3697781 1 982
7744 18405 3697791 1 983
7745 18405 3697801 1 983
7746 18405 3697811 1 984
7746 18405 3697821 1 984
7746 18405 3697831 1 984
7745 18405 3697841 1 984
7745 18405 3697851 1 985
7744 18405 3697861 1 986
7743 18405 3697871 1 985
7742 18405 3697881 1 985
7742 18405 3697891 1 985
7741 18405 3697901 1 985
7741 18405 3697911 1 985
7741 18405 3697921 1 985
7740 18405 3697931 1 984
7741 18405 3697941 1 984
7741 18405 3697951 1 984
7741 18405 3697961 1 983
7742 18405 3697971 1 983
7743 18405 3697981 1 982
7745 18405 3697991 1 983
7747 18405 3698001 1 982
7749 18406 3698011 1 981
7751 18406 3698021 1 981
7752 18406 3698031 1 981
7753 18407 3698041 1 981
7754 18408 3698051 1 981
7756 18409 3698061 1 980
7758 18411 3698071 1 980
7760 18413 3698081 1 980
7761 18416 3698091 1 979
7762 18417 3698101 1 979
7762 18419 3698111 1 979
7762 18422 3698121 1 979
7761 18424 3698131 1 978
7760 18426 3698141 1 978
7758 18424 3698151 1 978
7753 18417 3698161 1 978
7751 18413 3698171 1 978
7745 18407 3698181 1 978
7732 18394 3698191 1 977
7712 18383 3698201 1 977
7688 18373 3698211 1 976
7659 18367 3698221 1 976
7630 18366 3698231 1 976
7615 18366 3698241 1 976
7604 18370 3698251 1 976
7586 18381 3698261 1 976
7579 18397 3698271 1 975
7583 18416 3698281 1 975
7597 18435 3698291 1 975
7618 18454 3698301 1 974
7630 18463 3698311 1 973
7645 18470 3698321 1 974
7672 18482 3698331 1 974
7698 18488 3698341 1 973
7720 18490 3698351 1 973
7735 18487 3698361 1 973
7744 18479 3698371 1 972
7747 18475 3698381 1 972
7747 18469 3698391 1 971
7743 18455 3698401 1 971
7732 18438 3698411 1 971
7715 18421 3698421 1 971
7695 18404 3698431 1 970
7672 18390 3698441 1 970
7660 18382 3698451 1 970
7647 18378 3698461 1 970
7624 18373 3698471 1 969
7608 18375 3698481 1 969
7602 18379 3698491 1 969
7602 18386 3698501 1 969
7604 18389 3698511 1 968
7604 18390 3698521 1 968
7604 18391 3698531 1 968
7604 18391 3698541 1 967
7603 18392 3698551 1 967
7602 18392 3698561 1 967
7601 18392 3698571 1 966
7600 18392 3698581 1 966
7599 18392 3698591 1 966
7598 18392 3698601 1 966
7596 18392 3698611 1 965
7594 18391 3698621 1 965
7592 18391 3698631 1 965
7589 18391 3698641 1 964
7587 18390 3698651 1 964
7585 18390 3698661 1 964
7582 18390 3698671 1 963
7580 18389 3698681 1 963
7578 18389 3698691 1 963
7576 18389 3698701 1 962
7574 18389 3698711 1 962
7572 18389 3698721 1 962
7570 18389 3698731 1 961
7569 18388 3698741 1 961
7568 18388 3698751 1 960
7567 18388 3698761 1 960
7567 18388 3698771 1 960
7567 18388 3698781 1 960
7567 18388 3698791 1 959
7568 18387 3698801 1 959
7569 18387 3698811 1 958
7570 18387 3698821 1 958
7571 18387 3698831 1 958
7571 18387 3698841 1 957
7571 18386 3698851 1 957
7571 18386 3698861 1 957
7570 18386 3698871 1 956
7569 18386 3698881 1 956
7569 18386 3698891 1 956
7568 18386 3698901 1 955
7567 18385 3698911 1 955
7567 18385 3698921 1 954
7566 18385 3698931 1 954
7566 18385 3698941 1 954
7566 18384 3698951 1 954
7566 18384 3698961 1 953
7567 18384 3698971 1 953
7568 18383 3698981 1 952
7570 18383 3698991 1 952
7571 18383 3699001 1 952
7572 18383 3699011 1 951
7573 18383 3699021 1 951
7574 18383 3699031 1 950
7576 18383 3699041 1 950
7577 18383 3699051 1 949
7579 18384 3699061 1 949
7580 18384 3699071 1 948
7582 18384 3699081 1 948
7583 18384 3699091 1 948
7583 18384 3699101 1 947
7584 18384 3699111 1 947
7584 18384 3699121 1 947
7584 18384 3699131 1 946
7584 18384 3699141 1 946
7582 18384 3699151 1 945
7581 18384 3699161 1 945
7579 18384 3699171 1 945
7577 18384 3699181 1 944
7574 18384 3699191 1 944
7572 18384 3699201 1 944
7570 18384 3699211 1 943
7568 18384 3699221 1 943
7567 18384 3699231 1 943
7565 18384 3699241 1 942
7563 18384 3699251 1 942
7562 18384 3699261 1 942
7561 18384 3699271 1 941
7559 18384 3699281 1 941
7558 18384 3699291 1 941
7558 18384 3699301 1 940
7558 18383 3699311 1 940
7558 18383 3699321 1 940
7559 18383 3699331 1 939
7561 18383 3699341 1 939
7563 18383 3699351 1 938
7564 18382 3699361 1 938
7567 18382 3699371 1 938
7569 18382 3699381 1 938
7571 18382 3699391 1 937
7573 18382 3699401 1 937
7575 18381 3699411 1 936
7577 18381 3699421 1 936
7579 18381 3699431 1 936
7581 18381 3699441 1 936
7583 18381 3699451 1 935
