8145 18692 8705402 1 631
8105 18579 8705412 1 633
8065 18529 8705422 1 635
8029 18522 8705432 1 637
8001 18534 8705442 1 639
7984 18549 8705452 1 640
7966 18561 8705462 1 641
7942 18564 8705472 1 642
7923 18563 8705482 1 643
7910 18558 8705492 1 643
7906 18554 8705502 1 643
7908 18553 8705512 1 644
7918 18552 8705522 1 644
7935 18548 8705532 1 645
7955 18534 8705542 1 646
7975 18505 8705552 1 646
7993 18467 8705562 1 647
8006 18432 8705572 1 648
8016 18405 8705582 1 649
8019 18395 8705592 1 650
8017 18387 8705602 1 651
8012 18368 8705612 1 653
7997 18346 8705622 1 655
7976 18330 8705632 1 657
7965 18324 8705642 1 659
7953 18330 8705652 1 660
7933 18350 8705662 1 663
7919 18383 8705672 1 667
7910 18418 8705682 1 670
7908 18435 8705692 1 672
7908 18446 8705702 1 673
7902 18465 8705712 1 675
7894 18480 8705722 1 677
7884 18492 8705732 1 677
7873 18499 8705742 1 675
7863 18498 8705752 1 671
7854 18493 8705762 1 667
7847 18488 8705772 1 666
7844 18487 8705782 1 667
7843 18488 8705792 1 675
7841 18492 8705802 1 697
7843 18497 8705812 1 722
7848 18503 8705822 1 737
7856 18507 8705832 1 728
7865 18508 8705842 1 682
7874 18506 8705852 1 590
7881 18499 8705862 1 464
7883 18494 8705872 1 392
7883 18492 8705882 1 369
7885 18488 8705892 1 321
7890 18477 8705902 1 176
7894 18467 8705912 1 5
7899 18456 8705922 1 5
7904 18445 8705932 1 4
7909 18434 8705942 1 4
7913 18428 8705952 1 3
7917 18429 8705962 1 3
7919 18430 8705972 1 2
7919 18432 8705982 1 2
7919 18435 8705992 1 2
7917 18435 8706002 1 1
7912 18432 8706012 0 0
7906 18430 8706022 0 0
7901 18430 8706032 0 0
7898 18432 8706042 0 0
7899 18429 8706052 0 0
7900 18428 8706062 0 0
7902 18427 8706072 0 0
7907 18425 8706082 0 0
7912 18425 8706092 0 0
7916 18425 8706102 0 0
7920 18426 8706112 0 0
7922 18427 8706122 0 0
7922 18430 8706132 1 1
7916 18436 8706142 1 4
7903 18443 8706152 1 9
7895 18448 8706162 1 15
7885 18454 8706172 1 23
7866 18463 8706182 1 33
7845 18463 8706192 1 44
7826 18455 8706202 1 56
7809 18440 8706212 1 69
7795 18419 8706222 1 84
7787 18393 8706232 1 100
7790 18366 8706242 1 117
7795 18349 8706252 1 135
7805 18334 8706262 1 154
7825 18313 8706272 1 174
7850 18296 8706282 1 195
7878 18294 8706292 1 216
7905 18305 8706302 1 238
7930 18326 8706312 1 261
7950 18354 8706322 1 285
7964 18386 8706332 1 309
7969 18405 8706342 1 334
7970 18422 8706352 1 360
7971 18435 8706362 1 381
7970 18451 8706372 1 411
7964 18475 8706382 1 461
7953 18491 8706392 1 510
7937 18499 8706402 1 556
7920 18499 8706412 1 599
7904 18491 8706422 1 638
7891 18476 8706432 1 671
7885 18466 8706442 1 687
7883 18453 8706452 1 699
7880 18431 8706462 1 719
7883 18408 8706472 1 732
7893 18389 8706482 1 736
7910 18376 8706492 1 732
7933 18369 8706502 1 728
7960 18372 8706512 1 723
7989 18383 8706522 1 718
8017 18402 8706532 1 714
8042 18428 8706542 1 710
8060 18459 8706552 1 708
8069 18492 8706562 1 707
8065 18523 8706572 1 707
8044 18550 8706582 1 710
8034 18583 8706592 1 715
8000 18609 8706602 1 723
7938 18622 8706612 1 734
7840 18616 8706622 1 748
