7947 17601 3997095 1 893
7946 17601 3997105 1 927
7945 17601 3997115 1 955
7944 17600 3997125 1 977
7943 17600 3997135 1 994
7942 17601 3997145 1 1006
7940 17602 3997155 1 1014
7935 17607 3997165 1 1019
7927 17617 3997175 1 1022
7913 17631 3997185 1 1023
7892 17651 3997195 1 1024
7862 17672 3997205 1 1024
7826 17690 3997215 1 1024
7787 17703 3997225 1 1024
7751 17707 3997235 1 1024
7720 17703 3997245 1 1024
7698 17690 3997255 1 1024
7686 17668 3997265 1 795
7687 17639 3997275 1 535
7702 17607 3997285 1 409
7727 17577 3997295 1 290
7755 17552 3997305 1 71
7782 17533 3997315 0 0
7806 17522 3997325 0 0
7824 17517 3997335 0 0
7834 17517 3997345 0 0
7836 17520 3997355 0 0
7831 17525 3997365 0 0
7821 17528 3997375 0 0
7809 17528 3997385 0 0
7796 17525 3997395 1 189
7785 17520 3997405 1 338
7776 17516 3997415 1 462
7767 17511 3997425 1 675
7760 17507 3997435 1 759
7753 17503 3997445 1 670
7748 17501 3997455 1 465
7744 17500 3997465 1 366
7743 17499 3997475 1 225
7743 17496 3997485 0 0
7747 17492 3997495 0 0
7753 17487 3997505 0 0
7764 17482 3997515 0 0
7776 17480 3997525 0 0
7791 17480 3997535 0 0
7803 17485 3997545 0 0
7811 17493 3997555 0 0
7813 17504 3997565 0 0
7811 17518 3997575 0 0
7803 17533 3997585 0 0
7791 17546 3997595 0 0
7779 17557 3997605 0 0
7768 17564 3997615 0 0
7760 17568 3997625 0 0
7754 17565 3997635 0 0
7751 17558 3997645 0 0
7753 17547 3997655 0 0
7759 17535 3997665 1 9
7768 17524 3997675 1 23
7777 17515 3997685 1 36
7782 17511 3997695 1 45
7785 17508 3997705 1 52
7791 17501 3997715 1 57
7794 17495 3997725 1 63
7794 17489 3997735 1 76
7791 17482 3997745 1 88
7785 17475 3997755 1 99
7775 17467 3997765 1 109
7760 17458 3997775 1 113
7742 17451 3997785 1 116
7722 17445 3997795 1 122
7702 17443 3997805 1 124
7683 17448 3997815 1 122
7667 17460 3997825 1 116
7660 17478 3997835 1 112
7663 17499 3997845 1 104
7676 17523 3997855 1 87
7701 17549 3997865 1 64
7735 17573 3997875 1 33
7775 17591 3997885 0 0
7817 17601 3997895 0 0
7856 17602 3997905 0 0
7889 17597 3997915 0 0
7908 17583 3997925 0 0
7913 17564 3997935 0 0
7906 17542 3997945 0 0
7883 17523 3997955 0 0
7849 17511 3997965 0 0
7812 17504 3997975 0 0
7773 17502 3997985 0 0
7739 17510 3997995 0 0
7718 17526 3998005 0 0
7711 17547 3998015 0 0
7723 17578 3998025 0 0
7753 17617 3998035 0 0
7796 17656 3998045 0 0
7846 17688 3998055 0 0
7898 17710 3998065 0 0
7945 17717 3998075 0 0
7970 17716 3998085 1 12
7984 17723 3998095 1 56
7998 17733 3998105 1 108
8012 17739 3998115 1 164
8024 17741 3998125 1 227
8033 17740 3998135 1 259
8040 17738 3998145 1 293
8045 17735 3998155 1 363
8047 17731 3998165 1 433
8049 17728 3998175 1 504
8050 17724 3998185 1 574
8051 17722 3998195 1 642
8053 17721 3998205 1 709
8055 17721 3998215 1 769
8059 17722 3998225 1 824
8064 17726 3998235 1 872
8070 17730 3998245 1 910
8076 17736 3998255 1 940
8082 17741 3998265 1 958
8087 17747 3998275 1 967
8090 17752 3998285 1 983
8089 17755 3998295 1 1010
