8027 17791 6478739 1 505
8026 17790 6478749 1 635
8026 17790 6478759 1 741
8025 17790 6478769 1 826
8024 17790 6478779 1 892
8023 17790 6478789 1 942
8021 17793 6478799 1 977
8017 17798 6478809 1 1000
8009 17809 6478819 1 1014
7995 17827 6478829 1 1021
7973 17850 6478839 1 1024
7942 17875 6478849 1 1024
7906 17896 6478859 1 1024
7868 17909 6478869 1 1024
7833 17912 6478879 1 1024
7804 17906 6478889 1 1024
7784 17889 6478899 1 958
7775 17878 6478909 1 860
7774 17861 6478919 1 729
7776 17826 6478929 1 503
7793 17790 6478939 1 393
7817 17758 6478949 1 289
7845 17731 6478959 1 96
7871 17713 6478969 0 0
7892 17703 6478979 0 0
7906 17698 6478989 0 0
7912 17697 6478999 0 0
7909 17698 6479009 0 0
7894 17697 6479019 0 0
7872 17694 6479029 0 0
7844 17688 6479039 0 0
7815 17680 6479049 1 198
7787 17673 6479059 1 332
7762 17669 6479069 1 445
7750 17668 6479079 1 544
7742 17668 6479089 1 640
7727 17669 6479099 1 719
7719 17672 6479109 1 638
7717 17675 6479119 1 451
7723 17677 6479129 1 359
7733 17678 6479139 1 229
7749 17673 6479149 0 0
7767 17664 6479159 0 0
7789 17653 6479169 0 0
7813 17642 6479179 0 0
7839 17635 6479189 0 0
7864 17632 6479199 0 0
7886 17636 6479209 0 0
7899 17648 6479219 0 0
7904 17664 6479229 0 0
7900 17686 6479239 0 0
7895 17697 6479249 0 0
7885 17708 6479259 0 0
7863 17729 6479269 0 0
7838 17744 6479279 0 0
7812 17755 6479289 0 0
7790 17759 6479299 0 0
7772 17756 6479309 0 0
7761 17745 6479319 0 0
7760 17729 6479329 1 2
7771 17713 6479339 1 12
7790 17698 6479349 1 24
7814 17685 6479359 1 37
7839 17675 6479369 1 52
7862 17665 6479379 1 58
7880 17656 6479389 1 65
7891 17646 6479399 1 78
7892 17635 6479409 1 91
7890 17629 6479419 1 97
7881 17622 6479429 1 103
7858 17609 6479439 1 112
7825 17596 6479449 1 117
7784 17585 6479459 1 121
7740 17578 6479469 1 127
7699 17579 6479479 1 129
7664 17588 6479489 1 128
7642 17609 6479499 1 123
7636 17636 6479509 1 119
7649 17668 6479519 1 113
7678 17703 6479529 1 97
7720 17739 6479539 1 76
7770 17771 6479549 1 48
7824 17793 6479559 0 0
7873 17803 6479569 0 0
7914 17802 6479579 0 0
7933 17800 6479589 0 0
7944 17791 6479599 0 0
7959 17769 6479609 0 0
7961 17742 6479619 0 0
7953 17713 6479629 0 0
7932 17689 6479639 0 0
7905 17676 6479649 0 0
7876 17672 6479659 0 0
7847 17676 6479669 0 0
7820 17692 6479679 0 0
7803 17718 6479689 0 0
7797 17749 6479699 0 0
7806 17789 6479709 0 0
7830 17836 6479719 0 0
7867 17879 6479729 0 0
7911 17911 6479739 0 0
7960 17930 6479749 1 11
7987 17935 6479759 1 21
8006 17929 6479769 1 25
8032 17920 6479779 1 43
8048 17922 6479789 1 83
8067 17931 6479799 1 129
8086 17938 6479809 1 179
8100 17943 6479819 1 234
8108 17947 6479829 1 262
8109 17951 6479839 1 291
8103 17954 6479849 1 352
8093 17957 6479859 1 412
8081 17960 6479869 1 474
8070 17961 6479879 1 533
8063 17962 6479889 1 591
8064 17963 6479899 1 647
8071 17963 6479909 1 697
8086 17963 6479919 1 743
8107 17963 6479929 1 783
8130 17963 6479939 1 814
8151 17964 6479949 1 837
8166 17965 6479959 1 851
8172 17966 6479969 1 857
8167 17968 6479979 1 869
8151 17971 6479989 1 890
