7892 17486 2200491 1 855
7891 17486 2200501 1 1024
7890 17486 2200511 1 1024
7889 17486 2200521 1 1024
7887 17488 2200531 1 1024
7882 17493 2200541 1 1024
7861 17520 2200551 1 1024
7840 17541 2200561 1 1024
7811 17566 2200571 1 1024
7776 17588 2200581 1 1024
7740 17605 2200591 1 1024
7707 17614 2200601 1 1024
7663 17606 2200611 1 1024
7655 17587 2200621 1 817
7661 17558 2200631 1 546
7679 17523 2200641 1 415
7704 17487 2200651 1 291
7731 17452 2200661 1 63
7771 17394 2200671 0 0
7780 17372 2200681 0 0
7781 17356 2200691 0 0
7774 17345 2200701 0 0
7760 17338 2200711 0 0
7743 17335 2200721 0 0
7712 17334 2200731 1 186
7702 17339 2200741 1 340
7696 17347 2200751 1 467
7694 17357 2200761 1 686
7695 17368 2200771 1 772
7698 17378 2200781 1 680
7710 17392 2200791 1 368
7716 17395 2200801 1 224
7721 17393 2200811 0 0
7725 17388 2200821 0 0
7727 17382 2200831 0 0
7728 17378 2200841 0 0
7731 17382 2200851 0 0
7732 17391 2200861 0 0
7732 17403 2200871 0 0
7733 17416 2200881 0 0
7733 17429 2200891 0 0
7734 17439 2200901 0 0
7738 17443 2200911 0 0
7742 17437 2200921 0 0
7744 17425 2200931 0 0
7745 17410 2200941 0 0
7743 17393 2200951 0 0
7740 17377 2200961 0 0
7734 17360 2200971 1 22
7731 17362 2200981 1 36
7728 17368 2200991 1 52
7725 17377 2201001 1 57
7723 17385 2201011 1 62
7721 17390 2201021 1 75
7718 17383 2201031 1 98
7713 17371 2201041 1 108
7704 17355 2201051 1 112
7690 17337 2201061 1 115
7674 17323 2201071 1 120
7656 17316 2201081 1 122
7626 17333 2201091 1 114
7621 17359 2201101 1 109
7628 17390 2201111 1 102
7646 17426 2201121 1 84
7675 17464 2201131 1 60
7714 17497 2201141 1 29
7803 17529 2201151 0 0
7841 17526 2201161 0 0
7870 17512 2201171 0 0
7885 17488 2201181 0 0
7884 17459 2201191 0 0
7871 17431 2201201 0 0
7807 17397 2201211 0 0
7770 17394 2201221 0 0
7735 17397 2201231 0 0
7708 17409 2201241 0 0
7694 17426 2201251 0 0
7695 17445 2201261 0 0
7747 17498 2201271 0 0
7791 17524 2201281 0 0
7838 17543 2201291 0 0
7884 17555 2201301 0 0
7923 17556 2201311 0 0
7939 17556 2201321 1 2
7948 17597 2201331 1 101
7953 17624 2201341 1 160
7958 17649 2201351 1 225
7962 17670 2201361 1 258
7964 17687 2201371 1 294
7967 17697 2201381 1 366
7970 17696 2201391 1 515
7972 17686 2201401 1 588
7975 17673 2201411 1 660
7977 17659 2201421 1 729
7980 17647 2201431 1 793
7983 17639 2201441 1 851
7989 17634 2201451 1 943
7992 17636 2201461 1 974
7993 17641 2201471 1 994
7992 17646 2201481 1 1003
7990 17651 2201491 1 1021
7988 17655 2201501 1 1024
