7716 18299 5726726 1 708
7676 18262 5726736 1 708
7669 18255 5726746 1 709
7667 18252 5726756 1 710
7667 18250 5726766 1 710
7661 18244 5726776 1 711
7663 18244 5726786 1 712
7665 18244 5726796 1 713
7667 18243 5726806 1 713
7669 18243 5726816 1 714
7672 18243 5726826 1 714
7674 18242 5726836 1 715
7676 18242 5726846 1 716
7677 18241 5726856 1 716
7678 18241 5726866 1 717
7680 18240 5726876 1 718
7680 18239 5726886 1 718
7681 18238 5726896 1 719
7681 18237 5726906 1 719
7680 18235 5726916 1 720
7679 18234 5726926 1 721
7678 18233 5726936 1 721
7677 18233 5726946 1 721
7676 18233 5726956 1 722
7675 18232 5726966 1 722
7673 18232 5726976 1 723
7671 18233 5726986 1 724
7669 18233 5726996 1 724
7668 18234 5727006 1 724
7667 18236 5727016 1 725
7665 18238 5727026 1 725
7664 18241 5727036 1 726
7662 18244 5727046 1 727
7661 18248 5727056 1 727
7660 18251 5727066 1 728
7657 18259 5727076 1 729
7657 18263 5727086 1 729
7656 18266 5727096 1 730
7656 18269 5727106 1 730
7657 18272 5727116 1 731
7657 18274 5727126 1 731
7659 18275 5727136 1 732
7660 18276 5727146 1 732
7662 18276 5727156 1 733
7662 18276 5727166 1 733
7663 18276 5727176 1 734
7666 18275 5727186 1 734
7668 18275 5727196 1 734
7671 18274 5727206 1 735
7673 18274 5727216 1 735
7676 18274 5727226 1 736
7679 18274 5727236 1 737
7682 18275 5727246 1 737
7685 18278 5727256 1 738
7688 18281 5727266 1 739
7690 18285 5727276 1 739
7693 18289 5727286 1 739
7695 18295 5727296 1 740
7698 18301 5727306 1 741
7700 18308 5727316 1 741
7702 18315 5727326 1 742
7704 18322 5727336 1 743
7706 18329 5727346 1 744
7708 18335 5727356 1 744
7709 18341 5727366 1 744
7710 18345 5727376 1 745
7711 18349 5727386 1 746
7712 18351 5727396 1 745
7712 18351 5727406 1 746
7713 18353 5727416 1 747
7716 18352 5727426 1 748
7718 18349 5727436 1 748
7720 18346 5727446 1 749
7723 18341 5727456 1 750
7725 18336 5727466 1 750
7728 18330 5727476 1 750
7731 18324 5727486 1 751
7734 18318 5727496 1 751
7738 18312 5727506 1 752
7741 18306 5727516 1 752
7745 18301 5727526 1 753
7749 18296 5727536 1 753
7753 18292 5727546 1 754
7757 18288 5727556 1 754
7762 18285 5727566 1 755
7766 18283 5727576 1 756
7771 18281 5727586 1 756
7775 18280 5727596 1 757
7779 18279 5727606 1 757
7782 18279 5727616 1 758
7784 18279 5727626 1 758
7788 18278 5727636 1 759
7791 18277 5727646 1 759
7795 18276 5727656 1 760
7798 18275 5727666 1 761
7801 18274 5727676 1 762
7804 18273 5727686 1 762
7806 18271 5727696 1 763
7808 18270 5727706 1 764
7810 18268 5727716 1 765
7811 18267 5727726 1 766
7812 18266 5727736 1 766
7813 18265 5727746 1 768
7813 18265 5727756 1 769
7813 18265 5727766 1 769
7810 18267 5727776 1 772
7808 18269 5727786 1 773
7805 18272 5727796 1 774
7803 18274 5727806 1 775
7800 18277 5727816 1 776
7797 18281 5727826 1 777
7796 18282 5727836 1 777
7794 18284 5727846 1 778
7791 18288 5727856 1 779
7787 18291 5727866 1 780
7783 18294 5727876 1 781
7778 18297 5727886 1 781
7774 18299 5727896 1 781
7769 18301 5727906 1 782
7764 18302 5727916 1 782
7759 18303 5727926 1 782
7754 18304 5727936 1 782
7748 18304 5727946 1 782
7742 18304 5727956 1 782
7737 18303 5727966 1 781
7731 18302 5727976 1 780
7725 18301 5727986 1 779
7719 18300 5727996 1 778
7714 18299 5728006 1 777
7709 18297 5728016 1 776
7705 18296 5728026 1 775
7701 18295 5728036 1 774
7698 18293 5728046 1 774
7695 18291 5728056 1 773
7694 18291 5728066 1 772
7693 18290 5728076 1 772
7691 18288 5728086 1 772
7691 18286 5728096 1 772
7691 18284 5728106 1 772
7692 18282 5728116 1 772
7696 18277 5728126 1 774
7698 18275 5728136 1 775
7702 18273 5728146 1 777
7705 18271 5728156 1 779
7709 18269 5728166 1 781
7712 18267 5728176 1 785
7716 18266 5728186 1 788
7719 18265 5728196 1 793
7722 18264 5728206 1 797
7725 18264 5728216 1 803
7728 18264 5728226 1 809
7731 18265 5728236 1 815
7734 18266 5728246 1 821
7736 18267 5728256 1 826
7738 18268 5728266 1 831
7740 18270 5728276 1 834
7741 18270 5728286 1 835
7741 18271 5728296 1 835
7742 18272 5728306 1 834
7744 18273 5728316 1 830
7746 18274 5728326 1 823
7747 18274 5728336 1 812
7749 18274 5728346 1 797
7750 18274 5728356 1 779
7752 18272 5728366 1 756
7753 18271 5728376 1 731
7753 18269 5728386 1 702
7754 18267 5728396 1 672
7754 18264 5728406 1 639
7754 18262 5728416 1 605
7754 18259 5728426 1 569
7753 18256 5728436 1 532
7751 18253 5728446 1 494
7749 18250 5728456 1 456
7748 18247 5728466 1 417
7744 18242 5728476 1 341
7742 18240 5728486 1 304
7739 18238 5728496 1 269
7738 18237 5728506 1 252
7737 18236 5728516 1 235
7734 18234 5728526 1 203
7732 18233 5728536 1 174
7731 18232 5728546 1 147
7729 18231 5728556 1 123
7728 18230 5728566 1 103
7728 18230 5728576 1 87
7727 18229 5728586 1 85
7727 18229 5728596 1 84
7727 18230 5728606 1 84
7727 18230 5728616 1 82
7728 18231 5728626 1 81
7729 18232 5728636 1 80
7731 18233 5728646 1 79
7732 18234 5728656 1 90
7734 18236 5728666 1 105
7736 18237 5728676 1 123
7739 18239 5728686 1 142
7742 18241 5728696 1 165
7745 18242 5728706 1 188
7748 18244 5728716 1 215
7752 18246 5728726 1 243
7755 18247 5728736 1 256
7758 18248 5728746 1 270
7761 18250 5728756 1 301
7765 18251 5728766 1 332
7768 18253 5728776 1 365
7771 18255 5728786 1 398
7774 18256 5728796 1 432
7777 18258 5728806 1 466
7780 18259 5728816 1 500
7785 18262 5728826 1 568
7787 18263 5728836 1 601
7789 18264 5728846 1 634
7791 18265 5728856 1 666
7793 18266 5728866 1 696
7794 18267 5728876 1 727
7795 18268 5728886 1 754
7796 18269 5728896 1 781
7796 18270 5728906 1 806
7795 18271 5728916 1 828
7794 18271 5728926 1 848
7793 18271 5728936 1 866
7792 18272 5728946 1 882
7791 18272 5728956 1 888
7789 18272 5728966 1 894
7788 18271 5728976 1 904
7788 18271 5728986 1 912
7787 18270 5728996 1 918
7786 18269 5729006 1 922
7786 18268 5729016 1 924
7786 18267 5729026 1 925
7786 18266 5729036 1 926
7786 18265 5729046 1 924
7786 18264 5729056 1 922
7786 18263 5729066 1 919
7787 18262 5729076 1 915
7787 18261 5729086 1 911
7787 18260 5729096 1 907
7788 18259 5729106 1 903
7788 18258 5729116 1 898
7788 18258 5729126 1 895
7789 18257 5729136 1 891
7789 18257 5729146 1 889
7790 18257 5729156 1 887
7790 18257 5729166 1 886
7791 18257 5729176 1 888
7792 18257 5729186 1 889
7793 18257 5729196 1 891
7793 18257 5729206 1 892
7794 18257 5729216 1 894
7795 18257 5729226 1 896
7795 18257 5729236 1 897
7796 18257 5729246 1 899
7796 18257 5729256 1 900
7796 18257 5729266 1 901
7796 18256 5729276 1 902
7795 18256 5729286 1 903
7795 18256 5729296 1 903
7794 18256 5729306 1 904
7792 18256 5729316 1 905
7791 18255 5729326 1 906
7790 18255 5729336 1 906
7789 18256 5729346 1 907
7788 18256 5729356 1 908
7787 18256 5729366 1 910
7786 18256 5729376 1 910
7785 18257 5729386 1 911
7784 18257 5729396 1 911
7784 18258 5729406 1 912
7783 18258 5729416 1 912
7782 18259 5729426 1 913
7781 18259 5729436 1 914
7781 18260 5729446 1 915
7780 18261 5729456 1 916
7780 18262 5729466 1 917
7779 18263 5729476 1 918
7779 18264 5729486 1 919
7779 18266 5729496 1 919
7778 18267 5729506 1 920
7778 18268 5729516 1 921
7777 18271 5729526 1 924
7776 18272 5729536 1 925
7776 18273 5729546 1 926
7775 18274 5729556 1 927
7775 18275 5729566 1 928
7774 18275 5729576 1 929
7774 18275 5729586 1 929
7773 18275 5729596 1 930
7772 18275 5729606 1 931
7772 18275 5729616 1 932
7772 18275 5729626 1 932
7772 18275 5729636 1 933
7772 18274 5729646 1 934
7771 18273 5729656 1 935
7770 18273 5729666 1 935
7770 18272 5729676 1 935
7769 18271 5729686 1 936
7768 18270 5729696 1 937
7767 18270 5729706 1 938
7766 18269 5729716 1 939
7765 18269 5729726 1 940
7764 18270 5729736 1 941
7763 18270 5729746 1 941
7762 18271 5729756 1 942
7762 18272 5729766 1 943
7762 18273 5729776 1 944
7762 18274 5729786 1 945
7762 18275 5729796 1 946
7763 18276 5729806 1 947
7764 18277 5729816 1 946
7765 18278 5729826 1 947
7766 18278 5729836 1 948
7768 18278 5729846 1 949
7769 18278 5729856 1 950
7770 18277 5729866 1 950
7773 18275 5729876 1 951
7774 18274 5729886 1 952
7775 18272 5729896 1 953
7775 18270 5729906 1 954
7776 18268 5729916 1 955
7775 18265 5729926 1 956
7775 18263 5729936 1 956
7775 18261 5729946 1 957
7774 18259 5729956 1 958
7773 18257 5729966 1 958
7772 18256 5729976 1 959
7771 18255 5729986 1 960
7770 18254 5729996 1 960
7769 18254 5730006 1 961
7769 18255 5730016 1 962
7769 18256 5730026 1 963
7769 18257 5730036 1 964
7769 18258 5730046 1 964
7770 18260 5730056 1 965
7771 18261 5730066 1 966
7772 18262 5730076 1 966
7772 18263 5730086 1 967
7774 18265 5730096 1 967
7776 18266 5730106 1 967
7778 18267 5730116 1 968
7780 18268 5730126 1 969
7783 18269 5730136 1 970
7787 18269 5730146 1 971
7790 18269 5730156 1 971
7793 18268 5730166 1 972
7796 18268 5730176 1 973
7800 18267 5730186 1 974
7803 18265 5730196 1 974
7806 18264 5730206 1 974
7808 18262 5730216 1 975
7813 18260 5730226 1 977
7815 18258 5730236 1 977
7817 18257 5730246 1 978
7818 18256 5730256 1 979
7819 18255 5730266 1 980
7820 18255 5730276 1 980
7821 18254 5730286 1 981
7821 18254 5730296 1 981
7820 18254 5730306 1 981
7820 18254 5730316 1 982
7819 18255 5730326 1 982
7817 18256 5730336 1 983
7815 18257 5730346 1 984
7812 18258 5730356 1 985
7809 18259 5730366 1 985
7807 18261 5730376 1 986
7804 18263 5730386 1 987
7801 18265 5730396 1 988
7798 18267 5730406 1 987
7795 18269 5730416 1 988
7793 18271 5730426 1 989
7790 18274 5730436 1 990
7788 18277 5730446 1 990
7787 18279 5730456 1 991
7786 18282 5730466 1 992
7785 18285 5730476 1 993
7784 18287 5730486 1 993
7783 18290 5730496 1 993
7783 18291 5730506 1 994
7783 18293 5730516 1 995
7784 18294 5730526 1 994
7784 18294 5730536 1 994
7785 18295 5730546 1 994
7786 18295 5730556 1 994
7788 18294 5730566 1 994
7791 18292 5730576 1 993
7792 18291 5730586 1 993
7794 18289 5730596 1 993
7795 18287 5730606 1 992
7796 18286 5730616 1 992
7797 18284 5730626 1 992
7799 18283 5730636 1 992
7800 18282 5730646 1 991
7800 18281 5730656 1 991
7801 18281 5730666 1 991
7801 18281 5730676 1 991
7801 18282 5730686 1 991
7800 18283 5730696 1 991
7800 18285 5730706 1 990
7800 18286 5730716 1 990
7800 18288 5730726 1 990
7800 18290 5730736 1 990
7800 18291 5730746 1 989
7801 18292 5730756 1 989
7801 18294 5730766 1 989
7802 18295 5730776 1 988
7802 18296 5730786 1 988
7804 18296 5730796 1 988
7805 18295 5730806 1 988
7807 18294 5730816 1 988
7808 18292 5730826 1 988
7810 18289 5730836 1 987
7812 18286 5730846 1 987
7813 18283 5730856 1 987
7815 18279 5730866 1 987
7817 18275 5730876 1 987
7819 18271 5730886 1 986
7821 18267 5730896 1 986
7823 18264 5730906 1 985
7825 18261 5730916 1 985
7829 18257 5730926 1 985
7831 18256 5730936 1 985
7834 18256 5730946 1 985
7836 18256 5730956 1 984
7838 18257 5730966 1 984
7840 18257 5730976 1 984
7842 18259 5730986 1 984
7844 18261 5730996 1 984
7846 18263 5731006 1 984
7847 18265 5731016 1 983
7848 18268 5731026 1 982
7849 18270 5731036 1 982
7849 18272 5731046 1 982
7849 18273 5731056 1 982
7848 18274 5731066 1 982
7847 18275 5731076 1 982
7845 18274 5731086 1 981
7843 18274 5731096 1 981
7841 18272 5731106 1 981
7839 18271 5731116 1 981
7837 18269 5731126 1 981
7834 18267 5731136 1 981
7832 18265 5731146 1 980
7830 18263 5731156 1 979
7828 18260 5731166 1 979
7826 18258 5731176 1 979
7825 18257 5731186 1 979
7824 18256 5731196 1 979
7823 18255 5731206 1 979
7822 18254 5731216 1 978
7822 18254 5731226 1 978
7821 18253 5731236 1 978
7821 18253 5731246 1 978
7822 18253 5731256 1 978
7822 18254 5731266 1 978
7824 18255 5731276 1 977
7825 18256 5731286 1 977
7827 18257 5731296 1 976
7828 18258 5731306 1 976
7830 18258 5731316 1 976
7831 18259 5731326 1 976
7833 18259 5731336 1 975
7834 18260 5731346 1 975
7835 18260 5731356 1 975
7836 18260 5731366 1 975
7837 18261 5731376 1 975
7839 18261 5731386 1 975
7840 18261 5731396 1 975
7842 18261 5731406 1 974
7843 18262 5731416 1 974
7845 18262 5731426 1 974
7847 18262 5731436 1 973
7849 18263 5731446 1 973
7851 18264 5731456 1 973
7852 18264 5731466 1 973
7853 18265 5731476 1 972
7853 18266 5731486 1 972
7854 18267 5731496 1 972
7855 18269 5731506 1 972
7855 18270 5731516 1 972
7855 18271 5731526 1 972
7855 18272 5731536 1 971
7855 18273 5731546 1 971
7855 18274 5731556 1 971
7854 18275 5731566 1 971
7854 18276 5731576 1 970
7853 18276 5731586 1 970
7852 18277 5731596 1 970
7851 18277 5731606 1 970
7850 18278 5731616 1 969
7848 18278 5731626 1 969
7847 18278 5731636 1 969
7846 18278 5731646 1 969
7846 18277 5731656 1 969
7846 18277 5731666 1 968
7846 18277 5731676 1 968
7846 18276 5731686 1 968
7846 18276 5731696 1 968
7846 18275 5731706 1 967
7847 18275 5731716 1 967
7847 18274 5731726 1 967
7849 18273 5731736 1 966
7850 18273 5731746 1 966
7852 18272 5731756 1 966
7853 18271 5731766 1 966
7854 18270 5731776 1 966
7856 18269 5731786 1 966
7857 18268 5731796 1 966
7858 18266 5731806 1 965
7858 18265 5731816 1 965
7859 18264 5731826 1 965
7860 18263 5731836 1 964
7860 18262 5731846 1 964
7860 18260 5731856 1 964
7860 18259 5731866 1 964
7860 18258 5731876 1 963
7859 18257 5731886 1 963
7858 18256 5731896 1 963
7857 18254 5731906 1 963
7855 18253 5731916 1 963
7853 18252 5731926 1 963
7851 18251 5731936 1 963
7848 18250 5731946 1 962
7846 18249 5731956 1 962
7845 18248 5731966 1 962
7842 18246 5731976 1 961
7842 18245 5731986 1 961
7842 18244 5731996 1 961
7842 18243 5732006 1 961
