8167 17801 5445007 1 524
8167 17801 5445017 1 432
8167 17801 5445027 1 358
8167 17801 5445037 1 300
8168 17801 5445047 1 255
8168 17801 5445057 1 224
8168 17800 5445067 1 203
8168 17800 5445077 1 189
8169 17800 5445087 1 182
8170 17800 5445097 1 179
8171 17800 5445107 1 177
8174 17800 5445117 1 176
8177 17800 5445127 1 174
8182 17799 5445137 1 173
8186 17799 5445147 1 171
8190 17798 5445157 1 170
8192 17797 5445167 1 169
8193 17797 5445177 1 168
8195 17795 5445187 1 167
8196 17793 5445197 1 165
8195 17790 5445207 1 164
8192 17787 5445217 1 167
8188 17783 5445227 1 175
8183 17779 5445237 1 188
8176 17776 5445247 1 206
8168 17773 5445257 1 227
8157 17771 5445267 1 252
8146 17768 5445277 1 280
8135 17766 5445287 1 310
8126 17764 5445297 1 341
8119 17761 5445307 1 375
8114 17757 5445317 1 408
8112 17755 5445327 1 425
8112 17752 5445337 1 442
8113 17746 5445347 1 476
8117 17736 5445357 1 508
8125 17724 5445367 1 539
8135 17710 5445377 1 568
8148 17695 5445387 1 593
8162 17680 5445397 1 616
8176 17666 5445407 1 635
8189 17654 5445417 1 649
8200 17644 5445427 1 658
8208 17637 5445437 1 662
8214 17633 5445447 1 666
8217 17633 5445457 1 670
8218 17635 5445467 1 673
8219 17640 5445477 1 676
8219 17643 5445487 1 677
8220 17648 5445497 1 679
8220 17657 5445507 1 681
8222 17669 5445517 1 683
8224 17681 5445527 1 685
8228 17693 5445537 1 687
8233 17705 5445547 1 689
8239 17716 5445557 1 691
8246 17726 5445567 1 692
8254 17736 5445577 1 694
8261 17744 5445587 1 695
8267 17750 5445597 1 696
8272 17754 5445607 1 696
8276 17756 5445617 1 698
8278 17755 5445627 1 699
8280 17752 5445637 1 699
8280 17751 5445647 1 699
8280 17749 5445657 1 700
8279 17744 5445667 1 700
8278 17740 5445677 1 700
8276 17737 5445687 1 701
8274 17735 5445697 1 701
8271 17734 5445707 1 701
8268 17735 5445717 1 701
8264 17738 5445727 1 702
8261 17742 5445737 1 702
8258 17748 5445747 1 702
8254 17756 5445757 1 702
8251 17764 5445767 1 703
8247 17772 5445777 1 703
8243 17781 5445787 1 704
8239 17788 5445797 1 704
8237 17791 5445807 1 704
8235 17794 5445817 1 705
8233 17798 5445827 1 706
8231 17801 5445837 1 707
8231 17802 5445847 1 708
8233 17801 5445857 1 709
8236 17799 5445867 1 711
8242 17795 5445877 1 712
8250 17791 5445887 1 714
8259 17786 5445897 1 716
8268 17781 5445907 1 719
8276 17778 5445917 1 721
8283 17775 5445927 1 722
8287 17773 5445937 1 724
8288 17772 5445947 1 725
8287 17771 5445957 1 726
8286 17771 5445967 1 727
8283 17770 5445977 1 728
8278 17769 5445987 1 729
8272 17767 5445997 1 730
8265 17764 5446007 1 732
8259 17760 5446017 1 733
8253 17754 5446027 1 735
8249 17746 5446037 1 736
8246 17737 5446047 1 737
8244 17728 5446057 1 739
8245 17718 5446067 1 740
8246 17709 5446077 1 742
8249 17701 5446087 1 743
8252 17695 5446097 1 745
8256 17690 5446107 1 746
8261 17687 5446117 1 748
8263 17686 5446127 1 749
8265 17687 5446137 1 749
8269 17688 5446147 1 751
8272 17690 5446157 1 752
8275 17693 5446167 1 754
8277 17696 5446177 1 755
8278 17700 5446187 1 757
8277 17704 5446197 1 758
8276 17709 5446207 1 760
8274 17713 5446217 1 761
8271 17717 5446227 1 763
8268 17720 5446237 1 764
8265 17724 5446247 1 766
8262 17726 5446257 1 767
8260 17729 5446267 1 769
8258 17731 5446277 1 770
8257 17732 5446287 1 771
8256 17734 5446297 1 772
8254 17736 5446307 1 773
8253 17739 5446317 1 775
8252 17742 5446327 1 777
8251 17746 5446337 1 778
8250 17749 5446347 1 777
8250 17753 5446357 1 778
8250 17756 5446367 1 778
8251 17759 5446377 1 779
8252 17762 5446387 1 779
8253 17762 5446397 1 779
8255 17762 5446407 1 780
8258 17760 5446417 1 780
8260 17756 5446427 1 780
8263 17752 5446437 1 781
8264 17750 5446447 1 781
8265 17747 5446457 1 781
8267 17742 5446467 1 782
8269 17737 5446477 1 782
8269 17732 5446487 1 782
8269 17727 5446497 1 783
8269 17723 5446507 1 783
8268 17720 5446517 1 784
8268 17719 5446527 1 784
8267 17718 5446537 1 784
8267 17718 5446547 1 785
8267 17718 5446557 1 785
8268 17718 5446567 1 785
8269 17718 5446577 1 785
8271 17718 5446587 1 785
8274 17718 5446597 1 786
8275 17717 5446607 1 786
8277 17717 5446617 1 786
8279 17716 5446627 1 786
8281 17716 5446637 1 787
8283 17717 5446647 1 788
8284 17719 5446657 1 788
8284 17722 5446667 1 789
8283 17727 5446677 1 790
8282 17733 5446687 1 791
8280 17739 5446697 1 791
8277 17745 5446707 1 791
8276 17750 5446717 1 790
8274 17754 5446727 1 789
8273 17756 5446737 1 787
8272 17757 5446747 1 785
8273 17756 5446757 1 782
8273 17755 5446767 1 781
8275 17753 5446777 1 780
8277 17750 5446787 1 778
8280 17747 5446797 1 778
8283 17743 5446807 1 784
8285 17741 5446817 1 790
8287 17740 5446827 1 790
8289 17740 5446837 1 754
8290 17741 5446847 1 684
8291 17741 5446857 1 587
8291 17741 5446867 1 477
8292 17740 5446877 1 361
8292 17737 5446887 1 252
8294 17733 5446897 1 86
8295 17729 5446907 1 87
8298 17724 5446917 1 89
8299 17721 5446927 1 87
8302 17719 5446937 1 90
8307 17714 5446947 1 92
8313 17711 5446957 1 93
8319 17710 5446967 1 95
8326 17711 5446977 1 96
8332 17714 5446987 1 98
8337 17719 5446997 1 99
8341 17725 5447007 1 101
8344 17733 5447017 1 102
8345 17742 5447027 1 104
8344 17751 5447037 1 116
8341 17760 5447047 1 140
8336 17768 5447057 1 174
8330 17776 5447067 1 217
8324 17782 5447077 1 266
8321 17784 5447087 1 293
8318 17786 5447097 1 322
8313 17788 5447107 1 380
8309 17788 5447117 1 443
8307 17786 5447127 1 505
8307 17782 5447137 1 569
8309 17776 5447147 1 629
8312 17769 5447157 1 686
8317 17761 5447167 1 740
8322 17752 5447177 1 786
8327 17743 5447187 1 826
8333 17734 5447197 1 858
8338 17725 5447207 1 878
8343 17717 5447217 1 888
8348 17710 5447227 1 885
8352 17704 5447237 1 868
8353 17701 5447247 1 857
8354 17699 5447257 1 837
8356 17696 5447267 1 792
8356 17695 5447277 1 746
8356 17697 5447287 1 699
8355 17700 5447297 1 653
8354 17704 5447307 1 605
8352 17709 5447317 1 559
8350 17715 5447327 1 512
8347 17720 5447337 1 468
8344 17725 5447347 1 425
8341 17729 5447357 1 384
8337 17732 5447367 1 345
8333 17733 5447377 1 310
8328 17734 5447387 1 276
8324 17733 5447397 1 248
8322 17733 5447407 1 234
8320 17732 5447417 1 222
8317 17731 5447427 1 200
8315 17730 5447437 1 183
8314 17730 5447447 1 172
8314 17731 5447457 1 165
8316 17733 5447467 1 167
8319 17736 5447477 1 169
8324 17739 5447487 1 180
8330 17743 5447497 1 197
8338 17747 5447507 1 220
8346 17749 5447517 1 252
8354 17750 5447527 1 289
8363 17750 5447537 1 336
8370 17748 5447547 1 390
8376 17745 5447557 1 452
8380 17741 5447567 1 522
8382 17737 5447577 1 601
8382 17732 5447587 1 690
8380 17726 5447597 1 787
8377 17720 5447607 1 868
8372 17713 5447617 1 867
8367 17707 5447627 1 866
8362 17702 5447637 1 865
