8081 17664 8148566 1 1024
8081 17663 8148576 1 1024
8082 17663 8148586 1 1024
8082 17663 8148596 1 1024
8082 17663 8148606 1 1024
8082 17663 8148616 1 972
8082 17662 8148626 1 657
8082 17661 8148636 1 546
8083 17658 8148646 1 517
8083 17652 8148656 1 387
8083 17644 8148666 1 267
8081 17636 8148676 1 157
8079 17628 8148686 1 58
8076 17620 8148696 0 0
8075 17616 8148706 0 0
8074 17614 8148716 0 0
8073 17611 8148726 0 0
8072 17611 8148736 0 0
8071 17614 8148746 0 0
8071 17620 8148756 0 0
8071 17629 8148766 0 0
8071 17634 8148776 0 0
8071 17641 8148786 0 0
8071 17655 8148796 0 0
8072 17672 8148806 0 0
8073 17692 8148816 0 0
8075 17714 8148826 0 0
8077 17737 8148836 0 0
8078 17749 8148846 0 0
8079 17760 8148856 0 0
8082 17782 8148866 0 0
8085 17801 8148876 0 0
8087 17816 8148886 0 0
8089 17828 8148896 0 0
8091 17837 8148906 0 0
8092 17840 8148916 0 0
8092 17841 8148926 0 0
8094 17842 8148936 0 0
8095 17839 8148946 0 0
8097 17833 8148956 0 0
8099 17823 8148966 0 0
8102 17811 8148976 1 34
8104 17805 8148986 1 69
8106 17797 8148996 1 82
8110 17780 8149006 1 132
8115 17762 8149016 1 180
8121 17742 8149026 1 228
8127 17722 8149036 1 276
8133 17702 8149046 1 366
8136 17692 8149056 1 400
8139 17682 8149066 1 410
8146 17662 8149076 1 452
8152 17643 8149086 1 492
8158 17624 8149096 1 530
8164 17607 8149106 1 565
8169 17590 8149116 1 626
8171 17582 8149126 1 648
8173 17575 8149136 1 653
8177 17561 8149146 1 675
8179 17549 8149156 1 694
8180 17540 8149166 1 708
8180 17533 8149176 1 719
8179 17529 8149186 1 731
8178 17528 8149196 1 735
8176 17528 8149206 1 734
8172 17530 8149216 1 734
8166 17535 8149226 1 732
8158 17541 8149236 1 730
8149 17548 8149246 1 726
8140 17554 8149256 1 718
8136 17557 8149266 1 715
8131 17560 8149276 1 715
8123 17564 8149286 1 712
8115 17566 8149296 1 710
8109 17565 8149306 1 708
8103 17562 8149316 1 707
8097 17555 8149326 1 709
8095 17551 8149336 1 709
8092 17545 8149346 1 710
8087 17533 8149356 1 711
8083 17519 8149366 1 714
8079 17505 8149376 1 717
8076 17492 8149386 1 719
8073 17482 8149396 1 724
8072 17477 8149406 1 727
8071 17475 8149416 1 728
8069 17471 8149426 1 731
8067 17471 8149436 1 732
8064 17475 8149446 1 735
8060 17482 8149456 1 736
8056 17493 8149466 1 740
8054 17499 8149476 1 741
8051 17506 8149486 1 741
8047 17522 8149496 1 741
8043 17538 8149506 1 742
8041 17554 8149516 1 744
8039 17569 8149526 1 745
8039 17581 8149536 1 746
8038 17587 8149546 1 747
8038 17590 8149556 1 748
8039 17596 8149566 1 749
8039 17599 8149576 1 750
8040 17599 8149586 1 750
8041 17597 8149596 1 751
8044 17593 8149606 1 754
8045 17592 8149616 1 754
8047 17590 8149626 1 755
8051 17588 8149636 1 758
8055 17588 8149646 1 759
8059 17590 8149656 1 760
8063 17593 8149666 1 764
8066 17599 8149676 1 765
8068 17602 8149686 1 765
8069 17606 8149696 1 766
8072 17613 8149706 1 767
8075 17622 8149716 1 768
8077 17631 8149726 1 770
8079 17640 8149736 1 772
8082 17648 8149746 1 773
8083 17652 8149756 1 774
8083 17656 8149766 1 774
8085 17662 8149776 1 776
8087 17667 8149786 1 777
8088 17670 8149796 1 778
8090 17673 8149806 1 780
8091 17674 8149816 1 781
8092 17674 8149826 1 781
8092 17673 8149836 1 781
8093 17672 8149846 1 782
8094 17670 8149856 1 784
8095 17668 8149866 1 785
8096 17664 8149876 1 787
8097 17660 8149886 1 788
8097 17658 8149896 1 789
8098 17655 8149906 1 789
8098 17650 8149916 1 790
8098 17644 8149926 1 791
8098 17638 8149936 1 793
8097 17631 8149946 1 795
8096 17625 8149956 1 796
8095 17621 8149966 1 796
8095 17618 8149976 1 797
8093 17613 8149986 1 798
8091 17608 8149996 1 799
8089 17605 8150006 1 800
8087 17603 8150016 1 802
8085 17602 8150026 1 804
8083 17602 8150036 1 804
8082 17602 8150046 1 805
8078 17604 8150056 1 806
8074 17607 8150066 1 807
8071 17610 8150076 1 808
8067 17613 8150086 1 810
8065 17616 8150096 1 811
8064 17617 8150106 1 811
8063 17617 8150116 1 812
8062 17617 8150126 1 813
8062 17615 8150136 1 814
8063 17613 8150146 1 815
8065 17610 8150156 1 817
8067 17606 8150166 1 818
8068 17605 8150176 1 819
8070 17603 8150186 1 819
8074 17600 8150196 1 820
8079 17598 8150206 1 821
8084 17597 8150216 1 822
8090 17597 8150226 1 824
8096 17598 8150236 1 825
8099 17599 8150246 1 826
8101 17600 8150256 1 826
8107 17603 8150266 1 827
8111 17607 8150276 1 828
8115 17611 8150286 1 829
8119 17614 8150296 1 832
8121 17618 8150306 1 833
8123 17619 8150316 1 833
8123 17620 8150326 1 834
8125 17622 8150336 1 835
8126 17621 8150346 1 836
8127 17619 8150356 1 837
8128 17614 8150366 1 839
8129 17608 8150376 1 840
8130 17604 8150386 1 840
8131 17600 8150396 1 840
8133 17592 8150406 1 841
8135 17584 8150416 1 842
8136 17576 8150426 1 842
8138 17570 8150436 1 844
8140 17566 8150446 1 845
8141 17564 8150456 1 845
8141 17564 8150466 1 846
8142 17564 8150476 1 847
8143 17567 8150486 1 847
8144 17572 8150496 1 848
8145 17579 8150506 1 850
8146 17589 8150516 1 851
8146 17593 8150526 1 851
8147 17599 8150536 1 852
8147 17609 8150546 1 853
8147 17620 8150556 1 854
8147 17629 8150566 1 854
8147 17638 8150576 1 856
8147 17644 8150586 1 857
8147 17646 8150596 1 858
8147 17648 8150606 1 859
8147 17649 8150616 1 860
8147 17648 8150626 1 861
8147 17644 8150636 1 861
8147 17637 8150646 1 863
8147 17628 8150656 1 864
8147 17623 8150666 1 864
8147 17618 8150676 1 865
8147 17607 8150686 1 865
8147 17597 8150696 1 866
8147 17588 8150706 1 867
8147 17581 8150716 1 868
8147 17576 8150726 1 869
8147 17573 8150736 1 868
8147 17572 8150746 1 869
8147 17571 8150756 1 870
8147 17571 8150766 1 871
8148 17573 8150776 1 875
8149 17576 8150786 1 876
8150 17580 8150796 1 878
8150 17582 8150806 1 880
8151 17584 8150816 1 881
8151 17588 8150826 1 885
8151 17593 8150836 1 888
8151 17597 8150846 1 893
8151 17602 8150856 1 897
8151 17608 8150866 1 898
8150 17611 8150876 1 899
8150 17615 8150886 1 900
8150 17623 8150896 1 900
8149 17631 8150906 1 899
8149 17640 8150916 1 893
8150 17650 8150926 1 888
8150 17659 8150936 1 882
8151 17664 8150946 1 879
8152 17668 8150956 1 874
8153 17676 8150966 1 866
8155 17682 8150976 1 858
8158 17686 8150986 1 840
8160 17689 8150996 1 832
8163 17689 8151006 1 825
8164 17688 8151016 1 821
8165 17687 8151026 1 819
8166 17683 8151036 1 814
8167 17679 8151046 1 811
8166 17674 8151056 1 813
8165 17669 8151066 1 817
8162 17666 8151076 1 825
8161 17664 8151086 1 828
8159 17664 8151096 1 835
8154 17665 8151106 1 851
8149 17668 8151116 1 870
8143 17673 8151126 1 921
8138 17681 8151136 1 955
8133 17690 8151146 1 992
8130 17695 8151156 1 1016
8128 17700 8151166 1 1024
8124 17710 8151176 1 1024
8120 17719 8151186 1 1024
8118 17727 8151196 1 1024
8116 17733 8151206 1 1024
8115 17736 8151216 1 1024
8115 17738 8151226 1 1024
8115 17738 8151236 1 1024
8115 17737 8151246 1 1024
8116 17734 8151256 1 1024
8116 17730 8151266 1 1024
8117 17725 8151276 1 942
8117 17719 8151286 1 834
8118 17716 8151296 1 778
8118 17713 8151306 1 708
8118 17707 8151316 1 571
8119 17701 8151326 1 431
8120 17696 8151336 1 166
8122 17693 8151346 1 53
8124 17690 8151356 0 0
8125 17689 8151366 0 0
8125 17688 8151376 0 0
8127 17687 8151386 0 0
8129 17686 8151396 0 0
8131 17686 8151406 0 0
8133 17686 8151416 0 0
8135 17687 8151426 0 0
8136 17688 8151436 0 0
8137 17688 8151446 0 0
8138 17687 8151456 0 0
8138 17686 8151466 0 0
8138 17685 8151476 0 0
8136 17684 8151486 0 0
8134 17683 8151496 1 2
8132 17682 8151506 1 26
8131 17681 8151516 1 58
8128 17678 8151526 1 121
8124 17674 8151536 1 191
8121 17670 8151546 1 346
8118 17664 8151556 1 428
8116 17658 8151566 1 510
8115 17654 8151576 1 552
8114 17651 8151586 1 593
8113 17644 8151596 1 673
8112 17639 8151606 1 750
8112 17634 8151616 1 889
8112 17632 8151626 1 947
8113 17631 8151636 1 996
8113 17631 8151646 1 1020
8113 17633 8151656 1 1024
8114 17636 8151666 1 1024
8114 17641 8151676 1 1024
8114 17648 8151686 1 1024
8113 17655 8151696 1 1024
8111 17663 8151706 1 1024
8111 17666 8151716 1 1024
8110 17669 8151726 1 1024
8108 17675 8151736 1 1024
8107 17679 8151746 1 1024
8105 17680 8151756 1 994
8104 17679 8151766 1 978
8103 17676 8151776 1 965
8103 17674 8151786 1 959
8103 17670 8151796 1 955
8103 17662 8151806 1 950
8104 17652 8151816 1 948
8105 17641 8151826 1 949
8106 17629 8151836 1 953
8108 17619 8151846 1 960
8108 17614 8151856 1 968
8109 17609 8151866 1 976
8111 17602 8151876 1 986
8113 17597 8151886 1 1006
8115 17595 8151896 1 1017
8117 17595 8151906 1 1024
8119 17597 8151916 1 1024
8120 17598 8151926 1 1024
8121 17600 8151936 1 1024
8123 17604 8151946 1 1024
8124 17608 8151956 1 1024
8126 17612 8151966 1 1024
8128 17615 8151976 1 1024
8130 17618 8151986 1 1024
8132 17619 8151996 1 1024
8133 17620 8152006 1 1024
8136 17623 8152016 1 1024
8140 17626 8152026 1 1024
8145 17629 8152036 1 1024
8149 17633 8152046 1 1024
8154 17638 8152056 1 1024
8157 17641 8152066 1 1024
8159 17644 8152076 1 1024
8163 17651 8152086 1 1024
8167 17658 8152096 1 1024
8170 17664 8152106 1 1024
8173 17670 8152116 1 1024
8175 17675 8152126 1 1024
8175 17677 8152136 1 1024
8176 17678 8152146 1 1024
8177 17680 8152156 1 1024
8177 17678 8152166 1 1024
8178 17675 8152176 1 1024
8179 17668 8152186 1 1024
8180 17661 8152196 1 1024
8181 17656 8152206 1 1024
8181 17652 8152216 1 1024
8183 17644 8152226 1 1024
8184 17637 8152236 1 1024
8186 17632 8152246 1 1024
8188 17630 8152256 1 1024
8189 17628 8152266 1 1024
8191 17628 8152276 1 1024
8192 17629 8152286 1 1024
8192 17631 8152296 1 1024
8192 17634 8152306 1 1024
8191 17636 8152316 1 1024
8190 17638 8152326 1 1024
8189 17638 8152336 1 1024
8187 17635 8152346 1 1024
8185 17630 8152356 1 1024
8183 17624 8152366 1 1024
8182 17615 8152376 1 1024
8180 17605 8152386 1 1024
8180 17594 8152396 1 1024
8179 17582 8152406 1 1024
8180 17572 8152416 1 1024
8180 17564 8152426 1 1024
8181 17558 8152436 1 1024
8182 17556 8152446 1 1024
8183 17558 8152456 1 1024
8185 17563 8152466 1 1024
8187 17570 8152476 1 1024
8190 17580 8152486 1 1024
8194 17592 8152496 1 1024
8198 17605 8152506 1 1024
8202 17617 8152516 1 1024
8206 17627 8152526 1 1024
8210 17635 8152536 1 1024
8213 17640 8152546 1 1024
8216 17640 8152556 1 1024
8218 17637 8152566 1 1024
8220 17631 8152576 1 1024
8222 17623 8152586 1 1024
8223 17613 8152596 1 1024
8224 17602 8152606 1 1024
8225 17591 8152616 1 1024
8226 17582 8152626 1 1024
8226 17575 8152636 1 1024
8226 17570 8152646 1 1024
8226 17569 8152656 1 1024
8226 17570 8152666 1 1024
8226 17573 8152676 1 1024
8226 17578 8152686 1 1024
8226 17585 8152696 1 1024
8227 17593 8152706 1 1024
8228 17600 8152716 1 1024
8229 17608 8152726 1 1024
8231 17615 8152736 1 1024
8233 17621 8152746 1 1024
8235 17626 8152756 1 1024
8237 17631 8152766 1 1024
8240 17634 8152776 1 1024
8242 17638 8152786 1 1024
