8321 17749 3660611 1 560
8304 17741 3660621 1 561
8288 17734 3660631 1 561
8278 17726 3660641 1 562
8272 17718 3660651 1 563
8263 17712 3660661 1 565
8247 17712 3660671 1 567
8238 17716 3660681 1 569
8229 17719 3660691 1 571
8226 17720 3660701 1 572
8223 17721 3660711 1 573
8219 17721 3660721 1 575
8223 17720 3660731 1 579
8232 17717 3660741 1 582
8237 17713 3660751 1 584
8243 17699 3660761 1 587
8250 17687 3660771 1 589
8253 17678 3660781 1 591
8251 17670 3660791 1 594
8248 17670 3660801 1 596
8246 17671 3660811 1 597
8243 17673 3660821 1 600
8239 17676 3660831 1 600
8235 17680 3660841 1 602
8223 17687 3660851 1 605
8218 17690 3660861 1 606
8214 17694 3660871 1 606
8210 17698 3660881 1 607
8208 17699 3660891 1 608
8206 17702 3660901 1 609
8200 17718 3660911 1 612
8198 17727 3660921 1 614
8199 17736 3660931 1 615
8201 17744 3660941 1 617
8206 17752 3660951 1 620
8212 17758 3660961 1 622
8228 17766 3660971 1 629
8234 17766 3660981 1 632
8241 17765 3660991 1 635
8250 17766 3661001 1 640
8259 17767 3661011 1 646
8268 17768 3661021 1 653
8286 17768 3661031 1 670
8293 17768 3661041 1 681
8300 17767 3661051 1 691
8306 17766 3661061 1 702
8311 17764 3661071 1 714
8312 17764 3661081 1 720
8315 17759 3661091 1 737
8316 17754 3661101 1 747
8316 17749 3661111 1 756
8316 17743 3661121 1 764
8316 17736 3661131 1 770
8316 17729 3661141 1 774
8314 17717 3661151 1 762
8313 17711 3661161 1 750
8313 17708 3661171 1 744
8312 17706 3661181 1 734
8308 17704 3661191 1 716
8302 17703 3661201 1 695
8288 17705 3661211 1 643
8279 17708 3661221 1 613
8271 17711 3661231 1 582
8263 17715 3661241 1 549
8256 17720 3661251 1 514
8251 17724 3661261 1 479
8248 17730 3661271 1 444
8247 17735 3661281 1 407
8247 17741 3661291 1 372
8248 17747 3661301 1 337
8250 17752 3661311 1 303
8252 17757 3661321 1 269
8257 17764 3661331 1 207
8260 17766 3661341 1 178
8262 17767 3661351 1 152
8263 17766 3661361 1 150
8263 17765 3661371 1 160
8268 17764 3661381 1 166
8280 17758 3661391 1 177
8287 17754 3661401 1 184
8295 17750 3661411 1 189
8302 17744 3661421 1 195
8307 17739 3661431 1 200
8311 17733 3661441 1 205
8313 17723 3661451 1 215
8311 17720 3661461 1 219
8308 17713 3661471 1 225
8303 17706 3661481 1 230
8297 17699 3661491 1 234
8291 17692 3661501 1 240
8278 17679 3661511 1 250
8271 17672 3661521 1 255
8263 17666 3661531 1 260
8255 17661 3661541 1 265
8245 17656 3661551 1 269
8234 17654 3661561 1 275
8212 17655 3661571 1 357
8201 17660 3661581 1 402
8191 17668 3661591 1 449
8182 17679 3661601 1 499
8175 17693 3661611 1 551
8169 17710 3661621 1 606
8163 17745 3661631 1 701
8162 17763 3661641 1 696
8163 17782 3661651 1 692
8164 17804 3661661 1 687
