8278 18674 8212893 1 866
8139 18529 8212903 1 827
8069 18451 8212913 1 794
8046 18416 8212923 1 766
8047 18400 8212933 1 742
8054 18386 8212943 1 722
8063 18373 8212953 1 705
8068 18358 8212963 1 691
8078 18349 8212973 1 680
8084 18345 8212983 1 675
8089 18341 8212993 1 671
8099 18334 8213003 1 666
8108 18329 8213013 1 661
8116 18325 8213023 1 658
8122 18324 8213033 1 657
8127 18323 8213043 1 658
8130 18322 8213053 1 659
8130 18322 8213063 1 661
8130 18322 8213073 1 662
8129 18322 8213083 1 663
8127 18321 8213093 1 665
8123 18319 8213103 1 667
8119 18318 8213113 1 669
8114 18317 8213123 1 669
8109 18317 8213133 1 669
8104 18320 8213143 1 668
8100 18324 8213153 1 666
8098 18327 8213163 1 664
8096 18332 8213173 1 662
8094 18341 8213183 1 658
8092 18353 8213193 1 655
8092 18366 8213203 1 653
8092 18378 8213213 1 654
8092 18389 8213223 1 658
8093 18396 8213233 1 666
8093 18399 8213243 1 678
8093 18399 8213253 1 685
8093 18396 8213263 1 695
8092 18387 8213273 1 715
8090 18372 8213283 1 737
8087 18353 8213293 1 759
8083 18329 8213303 1 780
8080 18314 8213313 1 790
8076 18299 8213323 1 798
8071 18274 8213333 1 811
8068 18261 8213343 1 817
8064 18251 8213353 1 817
8057 18230 8213363 1 814
8050 18214 8213373 1 803
8042 18202 8213383 1 779
8034 18194 8213393 1 743
8026 18191 8213403 1 691
8019 18192 8213413 1 624
8012 18196 8213423 1 543
8009 18198 8213433 1 500
8006 18201 8213443 1 452
8001 18209 8213453 1 353
7997 18217 8213463 1 249
7994 18225 8213473 1 144
7993 18234 8213483 1 46
7994 18243 8213493 1 46
7996 18251 8213503 1 45
7999 18259 8213513 1 45
8001 18262 8213523 1 45
8004 18266 8213533 1 44
8010 18272 8213543 1 44
8017 18277 8213553 1 43
8025 18280 8213563 1 43
8032 18281 8213573 1 42
8041 18281 8213583 1 42
8048 18278 8213593 1 42
8056 18274 8213603 1 41
8060 18271 8213613 1 23
8064 18268 8213623 1 41
8071 18261 8213633 1 153
8078 18254 8213643 1 350
8084 18248 8213653 1 544
8090 18244 8213663 1 715
8095 18242 8213673 1 847
8099 18243 8213683 1 938
8103 18247 8213693 1 995
8105 18250 8213703 1 1012
8106 18255 8213713 1 1010
8109 18265 8213723 1 1010
8110 18275 8213733 1 1010
8111 18287 8213743 1 1000
8112 18301 8213753 1 961
8112 18314 8213763 1 910
8112 18325 8213773 1 850
8112 18334 8213783 1 789
8112 18338 8213793 1 757
8111 18341 8213803 1 726
8110 18344 8213813 1 670
8108 18344 8213823 1 618
8105 18341 8213833 1 572
8103 18336 8213843 1 531
8100 18330 8213853 1 494
8096 18323 8213863 1 462
8093 18316 8213873 1 435
8091 18313 8213883 1 422
8089 18310 8213893 1 411
8086 18304 8213903 1 392
8083 18300 8213913 1 376
8080 18296 8213923 1 365
8078 18293 8213933 1 356
8077 18291 8213943 1 351
8077 18288 8213953 1 348
8077 18285 8213963 1 349
8078 18284 8213973 1 350
8079 18282 8213983 1 353
8082 18277 8213993 1 358
8086 18273 8214003 1 367
8090 18268 8214013 1 378
8096 18264 8214023 1 390
8102 18261 8214033 1 405
8109 18258 8214043 1 421
8116 18257 8214053 1 438
8119 18257 8214063 1 447
8122 18257 8214073 1 456
8129 18258 8214083 1 477
8134 18260 8214093 1 497
8138 18261 8214103 1 519
8141 18263 8214113 1 540
8142 18263 8214123 1 563
8142 18262 8214133 1 586
8141 18261 8214143 1 596
8140 18260 8214153 1 599
8139 18258 8214163 1 608
8135 18254 8214173 1 630
8131 18248 8214183 1 652
8126 18242 8214193 1 673
8120 18236 8214203 1 695
8115 18231 8214213 1 714
8109 18227 8214223 1 733
8104 18225 8214233 1 750
8101 18224 8214243 1 759
8099 18225 8214253 1 766
8094 18226 8214263 1 781
8091 18230 8214273 1 794
8087 18235 8214283 1 805
8085 18241 8214293 1 815
8083 18247 8214303 1 824
8081 18254 8214313 1 831
8080 18260 8214323 1 838
8080 18263 8214333 1 841
8079 18266 8214343 1 843
8079 18271 8214353 1 847
8078 18274 8214363 1 850
8077 18277 8214373 1 852
8076 18279 8214383 1 853
8075 18281 8214393 1 854
8073 18282 8214403 1 854
8072 18282 8214413 1 853
8071 18282 8214423 1 853
8070 18283 8214433 1 851
8070 18283 8214443 1 850
8069 18284 8214453 1 847
8070 18284 8214463 1 844
8072 18285 8214473 1 841
8074 18286 8214483 1 837
8078 18287 8214493 1 834
8082 18288 8214503 1 830
8084 18289 8214513 1 828
8087 18290 8214523 1 826
8092 18291 8214533 1 822
8098 18292 8214543 1 818
8103 18294 8214553 1 814
8108 18294 8214563 1 812
8113 18295 8214573 1 811
8117 18297 8214583 1 807
8121 18299 8214593 1 806
8122 18301 8214603 1 804
8123 18302 8214613 1 802
8124 18304 8214623 1 800
8124 18306 8214633 1 799
8123 18306 8214643 1 798
8121 18306 8214653 1 797
8119 18306 8214663 1 798
8116 18304 8214673 1 798
8114 18302 8214683 1 799
8112 18301 8214693 1 800
8111 18300 8214703 1 800
8109 18298 8214713 1 802
8108 18296 8214723 1 803
8107 18295 8214733 1 805
8106 18296 8214743 1 807
8106 18297 8214753 1 809
8107 18299 8214763 1 811
8108 18303 8214773 1 813
8108 18304 8214783 1 813
8109 18306 8214793 1 814
8110 18309 8214803 1 816
8112 18312 8214813 1 817
8113 18315 8214823 1 818
8115 18316 8214833 1 820
8116 18317 8214843 1 820
8117 18316 8214853 1 821
8118 18315 8214863 1 822
8119 18314 8214873 1 823
8120 18313 8214883 1 823
8121 18311 8214893 1 824
8122 18308 8214903 1 824
8123 18305 8214913 1 825
8125 18301 8214923 1 826
8126 18298 8214933 1 827
8127 18295 8214943 1 828
8128 18292 8214953 1 829
8129 18291 8214963 1 829
8129 18289 8214973 1 830
8130 18288 8214983 1 831
8131 18286 8214993 1 831
8130 18283 8215003 1 832
8130 18279 8215013 1 833
8129 18275 8215023 1 834
8128 18269 8215033 1 835
8128 18264 8215043 1 836
8127 18262 8215053 1 836
8127 18259 8215063 1 837
8127 18255 8215073 1 839
8127 18251 8215083 1 840
8128 18249 8215093 1 841
8129 18249 8215103 1 842
8131 18250 8215113 1 843
8133 18252 8215123 1 845
8135 18256 8215133 1 845
8136 18258 8215143 1 846
8137 18261 8215153 1 846
8139 18267 8215163 1 847
8141 18273 8215173 1 848
8142 18279 8215183 1 849
8143 18285 8215193 1 851
8144 18291 8215203 1 852
8144 18296 8215213 1 853
8144 18301 8215223 1 854
8143 18303 8215233 1 854
8143 18304 8215243 1 854
8141 18306 8215253 1 855
8140 18307 8215263 1 857
8138 18306 8215273 1 858
8136 18304 8215283 1 859
8134 18300 8215293 1 860
8133 18296 8215303 1 861
8131 18292 8215313 1 863
8131 18290 8215323 1 863
8130 18288 8215333 1 863
8129 18284 8215343 1 864
8129 18281 8215353 1 865
8129 18279 8215363 1 866
8129 18278 8215373 1 868
8130 18278 8215383 1 869
8131 18280 8215393 1 869
8132 18283 8215403 1 870
8132 18285 8215413 1 870
8133 18286 8215423 1 871
8135 18289 8215433 1 871
8137 18293 8215443 1 873
8138 18296 8215453 1 874
8140 18299 8215463 1 875
8141 18302 8215473 1 876
8142 18304 8215483 1 878
8142 18306 8215493 1 878
8142 18306 8215503 1 879
8142 18306 8215513 1 879
8142 18306 8215523 1 880
8141 18305 8215533 1 881
8141 18303 8215543 1 883
8140 18301 8215553 1 884
8140 18299 8215563 1 885
8140 18296 8215573 1 885
8140 18293 8215583 1 887
8140 18292 8215593 1 888
8141 18291 8215603 1 888
8142 18289 8215613 1 889
8143 18287 8215623 1 890
8145 18285 8215633 1 892
8147 18283 8215643 1 892
8150 18281 8215653 1 893
8152 18278 8215663 1 894
8153 18276 8215673 1 896
8154 18274 8215683 1 897
8155 18272 8215693 1 897
8156 18269 8215703 1 898
8156 18266 8215713 1 899
8156 18262 8215723 1 900
8155 18259 8215733 1 901
8154 18257 8215743 1 902
8152 18256 8215753 1 904
8151 18257 8215763 1 904
8150 18257 8215773 1 905
8149 18260 8215783 1 905
8148 18268 8215793 1 907
8148 18269 8215803 1 908
8147 18270 8215813 1 908
8148 18268 8215823 1 909
8149 18262 8215833 1 909
8151 18254 8215843 1 911
8152 18243 8215853 1 912
8153 18237 8215863 1 912
8154 18230 8215873 1 913
8156 18215 8215883 1 914
8153 18200 8215893 1 915
8145 18182 8215903 1 916
8133 18169 8215913 1 917
8118 18161 8215923 1 919
8101 18157 8215933 1 919
8081 18158 8215943 1 920
8071 18159 8215953 1 921
8061 18163 8215963 1 922
8040 18171 8215973 1 923
8019 18183 8215983 1 924
8003 18198 8215993 1 925
7992 18215 8216003 1 926
7986 18235 8216013 1 927
7984 18258 8216023 1 929
7985 18283 8216033 1 929
7989 18309 8216043 1 930
7996 18337 8216053 1 932
8006 18365 8216063 1 933
8018 18393 8216073 1 933
8031 18420 8216083 1 935
8046 18445 8216093 1 936
8062 18468 8216103 1 937
8079 18487 8216113 1 938
8096 18502 8216123 1 939
8114 18513 8216133 1 941
8132 18518 8216143 1 942
8149 18517 8216153 1 942
8165 18510 8216163 1 944
8180 18497 8216173 1 945
8194 18476 8216183 1 946
8204 18449 8216193 1 947
8212 18415 8216203 1 948
8216 18374 8216213 1 949
8217 18336 8216223 1 951
8214 18288 8216233 1 951
8207 18231 8216243 1 953
8195 18162 8216253 1 954
