8446 17839 2612204 1 876
8290 17714 2612214 1 834
8212 17647 2612224 1 799
8187 17617 2612234 1 768
8188 17603 2612244 1 742
8196 17591 2612254 1 720
8207 17580 2612264 1 701
8212 17568 2612274 1 686
8224 17560 2612284 1 675
8236 17553 2612294 1 665
8248 17548 2612304 1 659
8255 17546 2612314 1 656
8260 17545 2612324 1 654
8271 17543 2612334 1 651
8280 17543 2612344 1 650
8287 17543 2612354 1 651
8292 17544 2612364 1 652
8295 17544 2612374 1 654
8296 17544 2612384 1 657
8294 17542 2612394 1 659
8290 17539 2612404 1 661
8284 17535 2612414 1 663
8281 17533 2612424 1 663
8278 17531 2612434 1 664
8270 17527 2612444 1 664
8262 17525 2612454 1 663
8254 17525 2612464 1 660
8247 17526 2612474 1 656
8241 17530 2612484 1 652
8236 17536 2612494 1 649
8233 17543 2612504 1 647
8231 17550 2612514 1 648
8230 17557 2612524 1 652
8230 17560 2612534 1 655
8230 17562 2612544 1 661
8231 17565 2612554 1 673
8232 17564 2612564 1 691
8233 17559 2612574 1 713
8233 17552 2612584 1 737
8232 17540 2612594 1 760
8230 17526 2612604 1 782
8229 17520 2612614 1 793
8227 17513 2612624 1 801
8221 17496 2612634 1 815
8218 17487 2612644 1 821
8215 17480 2612654 1 822
8207 17465 2612664 1 819
8199 17452 2612674 1 807
8190 17442 2612684 1 781
8181 17435 2612694 1 743
8173 17431 2612704 1 688
8166 17429 2612714 1 617
8159 17430 2612724 1 531
8155 17432 2612734 1 435
8152 17435 2612744 1 330
8151 17436 2612754 1 275
8152 17438 2612764 1 221
8153 17442 2612774 1 110
8156 17447 2612784 1 7
8160 17452 2612794 1 7
8165 17458 2612804 1 7
8171 17464 2612814 1 6
8178 17470 2612824 1 6
8184 17476 2612834 1 6
8191 17483 2612844 1 6
8197 17490 2612854 1 6
8201 17493 2612864 1 6
8203 17496 2612874 1 6
8209 17502 2612884 1 6
8214 17507 2612894 1 6
8219 17511 2612904 1 6
8224 17513 2612914 1 6
8229 17514 2612924 1 124
8234 17514 2612934 1 331
8239 17513 2612944 1 534
8244 17512 2612954 1 714
8249 17511 2612964 1 852
8252 17510 2612974 1 910
8254 17510 2612984 1 947
8258 17510 2612994 1 1006
8261 17510 2613004 1 1021
8263 17511 2613014 1 1021
8264 17511 2613024 1 1021
8263 17511 2613034 1 1011
8262 17513 2613044 1 970
8259 17515 2613054 1 916
8256 17518 2613064 1 855
8253 17520 2613074 1 790
8251 17521 2613084 1 757
8249 17522 2613094 1 726
8245 17524 2613104 1 667
8242 17525 2613114 1 613
8239 17525 2613124 1 566
8236 17525 2613134 1 523
8234 17524 2613144 1 485
8233 17523 2613154 1 451
8233 17521 2613164 1 424
8233 17519 2613174 1 400
8233 17517 2613184 1 380
8233 17516 2613194 1 370
8234 17515 2613204 1 364
8235 17512 2613214 1 352
8237 17508 2613224 1 343
8238 17505 2613234 1 338
8240 17502 2613244 1 336
8241 17498 2613254 1 337
8243 17494 2613264 1 341
8246 17490 2613274 1 347
8248 17487 2613284 1 356
8251 17485 2613294 1 367
8252 17484 2613304 1 374
8254 17483 2613314 1 380
8258 17482 2613324 1 395
8261 17481 2613334 1 412
8266 17481 2613344 1 430
8270 17482 2613354 1 449
8274 17482 2613364 1 470
8278 17482 2613374 1 491
8282 17481 2613384 1 514
8285 17480 2613394 1 535
8288 17478 2613404 1 558
8288 17476 2613414 1 573
8289 17475 2613424 1 582
8290 17472 2613434 1 593
8291 17469 2613444 1 605
8290 17464 2613454 1 628
8288 17459 2613464 1 650
8286 17453 2613474 1 672
8282 17448 2613484 1 694
8277 17443 2613494 1 714
8271 17440 2613504 1 733
8264 17437 2613514 1 750
8261 17436 2613524 1 759
8258 17436 2613534 1 766
8251 17436 2613544 1 781
8245 17438 2613554 1 794
8239 17441 2613564 1 806
8233 17445 2613574 1 816
8229 17450 2613584 1 825
8225 17455 2613594 1 832
8223 17461 2613604 1 839
8221 17466 2613614 1 844
8221 17472 2613624 1 848
8221 17475 2613634 1 850
8221 17477 2613644 1 851
8222 17481 2613654 1 853
8224 17486 2613664 1 854
8227 17490 2613674 1 855
8230 17494 2613684 1 855
8233 17497 2613694 1 854
8236 17501 2613704 1 852
8240 17504 2613714 1 850
8243 17507 2613724 1 847
8246 17510 2613734 1 844
8248 17512 2613744 1 843
8249 17513 2613754 1 841
8252 17515 2613764 1 837
8255 17517 2613774 1 834
8258 17520 2613784 1 830
8261 17522 2613794 1 826
8263 17524 2613804 1 822
8265 17526 2613814 1 818
8267 17529 2613824 1 814
8268 17530 2613834 1 812
8268 17531 2613844 1 811
8268 17532 2613854 1 810
8268 17533 2613864 1 807
8268 17534 2613874 1 806
8266 17535 2613884 1 802
8265 17535 2613894 1 800
8263 17534 2613904 1 799
8261 17531 2613914 1 798
8259 17528 2613924 1 797
8258 17523 2613934 1 798
8256 17519 2613944 1 798
8255 17513 2613954 1 799
8255 17511 2613964 1 800
8254 17508 2613974 1 800
8254 17504 2613984 1 802
8254 17500 2613994 1 803
8254 17497 2614004 1 805
8254 17495 2614014 1 807
8255 17494 2614024 1 809
8256 17494 2614034 1 811
8257 17495 2614044 1 813
8258 17497 2614054 1 814
8259 17500 2614064 1 816
8260 17501 2614074 1 817
8261 17503 2614084 1 817
8263 17506 2614094 1 818
8265 17508 2614104 1 820
8267 17511 2614114 1 821
8269 17513 2614124 1 822
8271 17515 2614134 1 823
8273 17517 2614144 1 824
8275 17518 2614154 1 825
8276 17519 2614164 1 825
8277 17521 2614174 1 826
8277 17521 2614184 1 827
8277 17522 2614194 1 827
8278 17523 2614204 1 828
8278 17524 2614214 1 829
8278 17525 2614224 1 830
8278 17526 2614234 1 831
8278 17528 2614244 1 832
8279 17530 2614254 1 832
8280 17529 2614264 1 833
8281 17527 2614274 1 835
8282 17525 2614284 1 836
8282 17523 2614294 1 837
8283 17521 2614304 1 837
8284 17517 2614314 1 838
8284 17513 2614324 1 839
8285 17509 2614334 1 841
8285 17505 2614344 1 842
8286 17502 2614354 1 843
8286 17500 2614364 1 844
8286 17500 2614374 1 845
8287 17500 2614384 1 847
8288 17501 2614394 1 848
8288 17502 2614404 1 848
8289 17504 2614414 1 849
8291 17507 2614424 1 850
8293 17511 2614434 1 851
8295 17514 2614444 1 852
8298 17518 2614454 1 854
8300 17520 2614464 1 855
8302 17522 2614474 1 856
8304 17522 2614484 1 857
8305 17522 2614494 1 858
8306 17520 2614504 1 859
8306 17518 2614514 1 860
8306 17516 2614524 1 861
8305 17512 2614534 1 862
8303 17507 2614544 1 863
8301 17502 2614554 1 864
8299 17497 2614564 1 865
8296 17492 2614574 1 867
8294 17488 2614584 1 868
8291 17485 2614594 1 869
8290 17483 2614604 1 870
8288 17483 2614614 1 871
8288 17483 2614624 1 872
8287 17483 2614634 1 873
8287 17485 2614644 1 874
8287 17488 2614654 1 874
8287 17491 2614664 1 875
8288 17492 2614674 1 876
8290 17494 2614684 1 877
8291 17494 2614694 1 879
8293 17494 2614704 1 880
8295 17493 2614714 1 880
8297 17491 2614724 1 881
8298 17490 2614734 1 882
8299 17489 2614744 1 883
8301 17486 2614754 1 884
8302 17483 2614764 1 885
8304 17480 2614774 1 886
8305 17478 2614784 1 887
8306 17477 2614794 1 889
8307 17476 2614804 1 890
8308 17477 2614814 1 891
8309 17478 2614824 1 892
8310 17480 2614834 1 894
8310 17482 2614844 1 895
8310 17483 2614854 1 895
8311 17487 2614864 1 896
8311 17492 2614874 1 897
8310 17496 2614884 1 899
8309 17501 2614894 1 900
8308 17505 2614904 1 901
8306 17509 2614914 1 902
8304 17512 2614924 1 904
8302 17514 2614934 1 905
8300 17515 2614944 1 906
8298 17516 2614954 1 907
8297 17516 2614964 1 908
8295 17515 2614974 1 909
8294 17514 2614984 1 910
8293 17513 2614994 1 911
8292 17513 2615004 1 913
8293 17513 2615014 1 914
8294 17515 2615024 1 915
8297 17520 2615034 1 917
8300 17520 2615044 1 918
8304 17519 2615054 1 918
8307 17519 2615064 1 918
8309 17517 2615074 1 919
8315 17512 2615084 1 920
8320 17504 2615094 1 922
8326 17495 2615104 1 923
8331 17484 2615114 1 924
8335 17472 2615124 1 925
8332 17459 2615134 1 926
8325 17442 2615144 1 927
8312 17430 2615154 1 928
8294 17421 2615164 1 930
8274 17416 2615174 1 931
8250 17415 2615184 1 932
8226 17416 2615194 1 934
8200 17421 2615204 1 935
8174 17429 2615214 1 936
8154 17439 2615224 1 938
8140 17453 2615234 1 939
8131 17469 2615244 1 940
8127 17487 2615254 1 942
8128 17507 2615264 1 943
8132 17528 2615274 1 944
8140 17549 2615284 1 946
8150 17571 2615294 1 947
8163 17592 2615304 1 948
8178 17611 2615314 1 950
8194 17629 2615324 1 951
8211 17645 2615334 1 952
8230 17659 2615344 1 954
8248 17669 2615354 1 955
8267 17676 2615364 1 957
8286 17681 2615374 1 958
8305 17682 2615384 1 959
8323 17679 2615394 1 961
8339 17672 2615404 1 961
8354 17661 2615414 1 962
8366 17645 2615424 1 964
8375 17623 2615434 1 965
8380 17596 2615444 1 966
8381 17571 2615454 1 968
8378 17537 2615464 1 969
8369 17492 2615474 1 971
8354 17436 2615484 1 972
