8239 18502 6909491 1 422
8233 18494 6909501 1 320
8240 18503 6909511 1 238
8241 18507 6909521 1 174
8239 18499 6909531 1 127
8238 18490 6909541 1 92
8238 18480 6909551 1 69
8236 18466 6909561 1 55
8231 18450 6909571 1 49
8227 18433 6909581 1 46
8228 18403 6909591 1 44
8232 18391 6909601 1 43
8236 18383 6909611 1 43
8237 18380 6909621 1 42
8236 18378 6909631 1 41
8229 18372 6909641 1 40
8217 18367 6909651 1 41
8203 18360 6909661 1 180
8187 18353 6909671 1 318
8171 18347 6909681 1 449
8134 18340 6909691 1 669
8118 18344 6909701 1 752
8106 18352 6909711 1 814
8102 18366 6909721 1 855
8106 18382 6909731 1 876
8116 18399 6909741 1 876
8129 18413 6909751 1 857
8135 18418 6909761 1 844
8141 18420 6909771 1 819
8151 18423 6909781 1 760
8170 18409 6909791 1 582
8179 18394 6909801 1 473
8187 18378 6909811 1 360
8193 18363 6909821 1 250
8196 18350 6909831 1 151
8197 18342 6909841 1 72
8197 18340 6909851 1 20
8198 18343 6909861 1 19
8198 18351 6909871 1 18
8198 18361 6909881 1 18
8198 18381 6909891 1 16
8196 18387 6909901 1 15
8195 18396 6909911 1 14
8194 18402 6909921 1 13
8193 18406 6909931 1 12
8193 18409 6909941 1 12
8194 18409 6909951 1 11
8195 18409 6909961 1 10
8196 18409 6909971 1 9
8198 18409 6909981 1 31
8198 18412 6909991 1 104
8197 18415 6910001 1 153
8195 18418 6910011 1 206
8192 18421 6910021 1 263
8191 18420 6910031 1 293
8189 18418 6910041 1 324
8185 18417 6910051 1 385
8182 18413 6910061 1 445
8179 18408 6910071 1 504
8177 18401 6910081 1 556
8174 18383 6910091 1 646
8173 18374 6910101 1 680
8174 18367 6910111 1 703
8174 18362 6910121 1 714
8175 18359 6910131 1 712
8176 18360 6910141 1 696
8178 18362 6910151 1 664
8181 18366 6910161 1 613
8182 18368 6910171 1 582
8183 18369 6910181 1 545
8189 18376 6910191 1 394
8190 18378 6910201 1 317
8190 18380 6910211 1 241
8189 18380 6910221 1 172
8188 18380 6910231 1 109
8187 18380 6910241 1 59
8188 18381 6910251 1 17
8189 18383 6910261 1 18
8189 18385 6910271 1 18
8184 18387 6910281 1 19
8160 18391 6910291 1 21
8151 18393 6910301 1 22
8140 18391 6910311 1 23
8120 18382 6910321 1 24
8100 18370 6910331 1 25
8081 18356 6910341 1 25
8064 18341 6910351 1 26
8052 18327 6910361 1 27
8049 18313 6910371 1 28
8055 18301 6910381 1 29
8090 18287 6910391 1 76
8115 18292 6910401 1 111
8142 18303 6910411 1 149
8169 18319 6910421 1 192
8195 18339 6910431 1 238
8208 18348 6910441 1 262
8217 18359 6910451 1 286
8233 18385 6910461 1 333
8244 18410 6910471 1 382
8250 18434 6910481 1 429
8248 18472 6910491 1 516
8239 18485 6910501 1 554
8227 18492 6910511 1 587
8212 18495 6910521 1 615
8194 18492 6910531 1 637
8174 18485 6910541 1 651
8154 18474 6910551 1 657
8134 18459 6910561 1 653
8117 18442 6910571 1 643
8104 18423 6910581 1 637
8096 18384 6910591 1 645
8105 18366 6910601 1 660
8124 18353 6910611 1 683
8138 18332 6910621 1 717
8166 18320 6910631 1 760
8210 18320 6910641 1 815
8273 18338 6910651 1 882
