8075 18558 2334611 1 750
7952 18447 2334621 1 578
7901 18400 2334631 1 435
7895 18392 2334641 1 318
7902 18400 2334651 1 225
7903 18404 2334661 1 152
7901 18397 2334671 1 99
7900 18388 2334681 1 61
7900 18384 2334691 1 44
7900 18378 2334701 1 36
7897 18365 2334711 1 21
7892 18350 2334721 1 14
7886 18334 2334731 1 12
7884 18318 2334741 1 12
7885 18305 2334751 1 11
7888 18293 2334761 1 11
7890 18287 2334771 1 11
7890 18283 2334781 1 11
7889 18277 2334791 1 11
7884 18270 2334801 1 10
7874 18259 2334811 1 10
7859 18247 2334821 1 12
7841 18235 2334831 1 166
7822 18224 2334841 1 317
7813 18219 2334851 1 390
7802 18216 2334861 1 460
7782 18213 2334871 1 589
7762 18215 2334881 1 699
7744 18225 2334891 1 788
7732 18240 2334901 1 854
7728 18259 2334911 1 897
7733 18280 2334921 1 918
7737 18290 2334931 1 926
7745 18299 2334941 1 918
7761 18313 2334951 1 896
7772 18316 2334961 1 880
7783 18314 2334971 1 852
7800 18312 2334981 1 788
7815 18304 2334991 1 702
7830 18290 2335001 1 598
7837 18282 2335011 1 542
7843 18273 2335021 1 481
7853 18255 2335031 1 362
7859 18240 2335041 1 245
7862 18229 2335051 1 141
7862 18224 2335061 1 58
7861 18226 2335071 1 5
7861 18234 2335081 1 5
7861 18239 2335091 1 7
7863 18246 2335101 1 4
7865 18261 2335111 1 4
7869 18278 2335121 1 4
7872 18289 2335131 1 4
7874 18298 2335141 1 4
7874 18308 2335151 1 3
7874 18315 2335161 1 3
7873 18318 2335171 1 3
7873 18319 2335181 1 3
7871 18321 2335191 1 3
7870 18322 2335201 1 2
7869 18321 2335211 1 2
7867 18321 2335221 1 2
7866 18322 2335231 1 25
7865 18324 2335241 1 58
7864 18325 2335251 1 77
7862 18326 2335261 1 101
7859 18328 2335271 1 150
7854 18329 2335281 1 205
7849 18328 2335291 1 263
7845 18323 2335301 1 293
7841 18316 2335311 1 324
7835 18310 2335321 1 385
7832 18307 2335331 1 417
7830 18303 2335341 1 445
7825 18294 2335351 1 504
7821 18284 2335361 1 556
7817 18274 2335371 1 606
7815 18265 2335381 1 648
7813 18257 2335391 1 683
7813 18251 2335401 1 706
7813 18248 2335411 1 716
7813 18248 2335421 1 719
7814 18248 2335431 1 718
7816 18251 2335441 1 701
7819 18257 2335451 1 669
7824 18265 2335461 1 619
7827 18271 2335471 1 588
7830 18277 2335481 1 550
7833 18281 2335491 1 520
7835 18286 2335501 1 475
7839 18294 2335511 1 396
7840 18301 2335521 1 317
7840 18306 2335531 1 239
7837 18310 2335541 1 166
7833 18313 2335551 1 101
7828 18315 2335561 1 48
7826 18316 2335571 1 16
7824 18318 2335581 1 4
7821 18319 2335591 1 4
7819 18320 2335601 1 4
7813 18318 2335611 1 5
7804 18314 2335621 1 5
7794 18309 2335631 1 5
7791 18303 2335641 1 5
7791 18299 2335651 1 6
7788 18292 2335661 1 6
7776 18275 2335671 1 6
7763 18257 2335681 1 6
7751 18239 2335691 1 6
7737 18223 2335701 1 7
7724 18210 2335711 1 7
7718 18201 2335721 1 7
7715 18197 2335731 1 4
7716 18195 2335741 1 7
7720 18192 2335751 1 26
7729 18197 2335761 1 56
7742 18209 2335771 1 94
7760 18225 2335781 1 135
7780 18244 2335791 1 181
7801 18264 2335801 1 230
7809 18271 2335811 1 249
7813 18271 2335821 1 256
7823 18278 2335831 1 282
7843 18299 2335841 1 333
7860 18320 2335851 1 387
7872 18342 2335861 1 438
7879 18364 2335871 1 487
7881 18384 2335881 1 535
7881 18394 2335891 1 558
7878 18402 2335901 1 577
7871 18416 2335911 1 615
7860 18424 2335921 1 646
7847 18425 2335931 1 671
7831 18418 2335941 1 687
7814 18401 2335951 1 695
7796 18377 2335961 1 692
7779 18346 2335971 1 681
7765 18312 2335981 1 675
7754 18277 2335991 1 676
7749 18244 2336001 1 686
7753 18217 2336011 1 704
7768 18200 2336021 1 731
7779 18181 2336031 1 770
7807 18176 2336041 1 821
7855 18188 2336051 1 885
7927 18219 2336061 1 963
