8044 18083 2710041 1 604
8044 18083 2710051 1 619
8044 18083 2710061 1 634
8044 18083 2710071 1 649
8044 18083 2710081 1 661
8043 18082 2710091 1 672
8043 18081 2710101 1 682
8043 18081 2710111 1 690
8044 18081 2710121 1 697
8045 18082 2710131 1 702
8046 18084 2710141 1 707
8047 18086 2710151 1 710
8047 18087 2710161 1 713
8047 18088 2710171 1 714
8047 18089 2710181 1 715
8047 18091 2710191 1 716
8047 18093 2710201 1 716
8047 18096 2710211 1 716
8046 18100 2710221 1 714
8045 18104 2710231 1 712
8044 18109 2710241 1 710
8042 18114 2710251 1 708
8040 18118 2710261 1 705
8038 18122 2710271 1 702
8037 18126 2710281 1 698
8035 18129 2710291 1 696
8034 18131 2710301 1 694
8033 18133 2710311 1 692
8032 18136 2710321 1 689
8031 18139 2710331 1 686
8030 18141 2710341 1 684
8030 18144 2710351 1 679
8030 18147 2710361 1 678
8030 18149 2710371 1 677
8031 18151 2710381 1 677
8032 18153 2710391 1 678
8033 18154 2710401 1 679
8034 18154 2710411 1 682
8036 18154 2710421 1 684
8036 18154 2710431 1 686
8037 18153 2710441 1 689
8038 18152 2710451 1 694
8040 18151 2710461 1 701
8042 18150 2710471 1 708
8044 18149 2710481 1 715
8045 18148 2710491 1 721
8047 18148 2710501 1 727
8049 18148 2710511 1 731
8051 18149 2710521 1 732
8053 18150 2710531 1 731
8054 18150 2710541 1 726
8055 18151 2710551 1 705
8055 18151 2710561 1 695
8055 18150 2710571 1 687
8055 18149 2710581 1 664
8055 18148 2710591 1 637
8054 18146 2710601 1 606
8053 18142 2710611 1 573
8051 18138 2710621 1 536
8049 18133 2710631 1 497
8046 18126 2710641 1 458
8044 18118 2710651 1 375
8041 18108 2710661 1 334
8039 18098 2710671 1 292
8038 18086 2710681 1 253
8038 18080 2710691 1 233
8038 18074 2710701 1 214
8038 18062 2710711 1 177
8040 18051 2710721 1 143
8042 18040 2710731 1 111
8044 18032 2710741 1 83
8047 18024 2710751 1 63
8050 18018 2710761 1 62
8053 18014 2710771 1 62
8055 18011 2710781 1 62
8057 18010 2710791 1 62
8060 18010 2710801 1 61
8062 18012 2710811 1 61
8063 18013 2710821 1 61
8065 18015 2710831 1 61
8068 18021 2710841 1 61
8072 18028 2710851 1 61
8076 18036 2710861 1 60
8081 18045 2710871 1 60
8086 18055 2710881 1 60
8090 18066 2710891 1 60
8095 18077 2710901 1 59
8100 18089 2710911 1 59
8105 18100 2710921 1 70
8109 18111 2710931 1 100
8113 18122 2710941 1 135
8114 18127 2710951 1 142
8116 18132 2710961 1 177
8118 18142 2710971 1 271
8119 18151 2710981 1 322
8119 18159 2710991 1 375
8117 18166 2711001 1 430
8115 18171 2711011 1 485
8112 18174 2711021 1 539
8108 18177 2711031 1 592
8105 18178 2711041 1 643
8101 18178 2711051 1 691
8096 18177 2711061 1 775
8092 18176 2711071 1 809
8090 18174 2711081 1 823
8088 18173 2711091 1 838
8084 18169 2711101 1 860
8079 18164 2711111 1 875
8075 18159 2711121 1 888
8072 18154 2711131 1 898
8068 18149 2711141 1 907
8065 18143 2711151 1 915
8063 18138 2711161 1 919
8061 18133 2711171 1 924
8059 18128 2711181 1 926
8058 18124 2711191 1 927
8058 18120 2711201 1 927
8057 18118 2711211 1 927
8058 18116 2711221 1 925
8058 18114 2711231 1 922
8059 18112 2711241 1 919
8061 18111 2711251 1 915
8062 18111 2711261 1 910
8064 18113 2711271 1 896
8066 18116 2711281 1 890
8068 18119 2711291 1 882
8070 18123 2711301 1 874
8072 18128 2711311 1 866
8074 18132 2711321 1 858
8075 18136 2711331 1 850
8076 18138 2711341 1 846
8076 18140 2711351 1 841
8077 18144 2711361 1 833
8078 18147 2711371 1 825
8079 18151 2711381 1 818
8080 18155 2711391 1 811
8080 18158 2711401 1 805
8081 18160 2711411 1 799
8081 18162 2711421 1 795
8082 18164 2711431 1 791
8082 18165 2711441 1 787
8083 18166 2711451 1 785
8083 18167 2711461 1 784
8083 18167 2711471 1 783
8084 18167 2711481 1 783
8084 18167 2711491 1 784
8084 18166 2711501 1 785
8084 18165 2711511 1 787
8084 18164 2711521 1 789
8084 18163 2711531 1 791
8084 18162 2711541 1 793
8084 18161 2711551 1 795
8084 18160 2711561 1 797
8084 18160 2711571 1 802
8084 18160 2711581 1 803
8083 18159 2711591 1 803
8083 18160 2711601 1 803
8084 18159 2711611 1 802
8084 18159 2711621 1 801
8083 18159 2711631 1 799
8083 18159 2711641 1 796
8083 18158 2711651 1 795
8083 18156 2711661 1 793
8083 18154 2711671 1 791
8083 18152 2711681 1 789
8083 18150 2711691 1 788
8082 18148 2711701 1 788
8082 18146 2711711 1 788
8081 18144 2711721 1 790
8081 18143 2711731 1 791
8080 18142 2711741 1 793
8079 18140 2711751 1 796
8079 18138 2711761 1 802
8078 18137 2711771 1 810
8078 18135 2711781 1 819
8077 18134 2711791 1 831
8077 18133 2711801 1 844
8076 18132 2711811 1 857
8076 18132 2711821 1 872
8076 18132 2711831 1 887
8076 18132 2711841 1 900
8075 18133 2711851 1 914
8075 18134 2711861 1 920
8075 18135 2711871 1 924
8075 18136 2711881 1 934
8075 18139 2711891 1 943
8074 18141 2711901 1 943
8074 18144 2711911 1 939
8073 18147 2711921 1 930
8073 18149 2711931 1 916
8073 18151 2711941 1 896
8072 18153 2711951 1 870
8072 18154 2711961 1 837
8072 18155 2711971 1 797
8072 18156 2711981 1 752
8072 18157 2711991 1 727
8072 18157 2712001 1 700
8072 18157 2712011 1 644
8072 18158 2712021 1 586
8072 18158 2712031 1 525
8072 18158 2712041 1 463
8072 18157 2712051 1 401
8072 18157 2712061 1 341
8072 18156 2712071 1 281
8071 18154 2712081 1 173
8071 18152 2712091 1 127
8070 18150 2712101 1 87
8069 18147 2712111 1 53
8069 18146 2712121 1 36
8068 18144 2712131 1 32
8067 18141 2712141 1 31
8067 18138 2712151 1 31
8066 18135 2712161 1 31
8065 18132 2712171 1 31
8064 18130 2712181 1 30
8064 18128 2712191 1 30
8063 18127 2712201 1 30
8062 18126 2712211 1 30
8062 18125 2712221 1 29
8062 18126 2712231 1 29
8061 18127 2712241 1 29
8061 18128 2712251 1 27
8062 18129 2712261 1 29
8062 18131 2712271 1 40
8063 18133 2712281 1 70
8064 18136 2712291 1 108
8066 18139 2712301 1 153
8067 18142 2712311 1 205
8069 18145 2712321 1 261
8070 18149 2712331 1 321
8072 18152 2712341 1 384
8073 18155 2712351 1 448
8074 18157 2712361 1 512
8074 18160 2712371 1 575
8074 18161 2712381 1 607
8074 18162 2712391 1 637
8074 18164 2712401 1 694
8074 18166 2712411 1 747
8074 18167 2712421 1 795
8073 18168 2712431 1 835
8073 18169 2712441 1 868
8073 18170 2712451 1 891
8072 18171 2712461 1 904
8072 18171 2712471 1 905
8072 18171 2712481 1 896
8071 18171 2712491 1 888
8071 18171 2712501 1 875
8071 18171 2712511 1 871
8071 18171 2712521 1 871
8071 18171 2712531 1 867
8071 18171 2712541 1 865
8071 18170 2712551 1 863
8071 18170 2712561 1 864
8070 18169 2712571 1 864
8071 18167 2712581 1 865
8071 18167 2712591 1 868
8071 18166 2712601 1 871
8071 18166 2712611 1 874
8072 18166 2712621 1 878
8073 18167 2712631 1 882
8073 18167 2712641 1 884
8074 18168 2712651 1 886
8075 18169 2712661 1 890
8077 18170 2712671 1 894
8079 18172 2712681 1 899
8081 18174 2712691 1 903
8084 18175 2712701 1 907
8086 18177 2712711 1 910
8089 18179 2712721 1 913
8091 18180 2712731 1 916
8093 18182 2712741 1 919
8096 18183 2712751 1 921
8098 18184 2712761 1 924
8099 18185 2712771 1 924
8101 18185 2712781 1 925
8103 18186 2712791 1 927
8105 18186 2712801 1 928
8107 18187 2712811 1 930
8109 18186 2712821 1 931
8111 18186 2712831 1 932
8113 18186 2712841 1 932
8115 18185 2712851 1 933
8117 18185 2712861 1 933
8119 18184 2712871 1 933
8120 18183 2712881 1 934
8122 18181 2712891 1 934
8123 18180 2712901 1 934
8124 18179 2712911 1 934
8125 18177 2712921 1 934
8126 18174 2712931 1 934
8127 18172 2712941 1 934
8128 18169 2712951 1 935
8128 18167 2712961 1 935
8127 18164 2712971 1 936
8127 18161 2712981 1 936
8125 18159 2712991 1 937
8124 18156 2713001 1 938
8123 18154 2713011 1 939
8121 18152 2713021 1 940
8120 18152 2713031 1 941
8119 18151 2713041 1 941
8118 18149 2713051 1 942
8116 18148 2713061 1 943
8115 18148 2713071 1 944
8114 18147 2713081 1 945
8113 18147 2713091 1 947
8112 18147 2713101 1 946
8111 18147 2713111 1 937
8111 18147 2713121 1 929
8111 18148 2713131 1 919
8111 18149 2713141 1 909
8110 18150 2713151 1 897
8110 18150 2713161 1 891
8110 18151 2713171 1 886
8110 18152 2713181 1 874
8110 18152 2713191 1 862
8110 18153 2713201 1 850
8110 18154 2713211 1 838
8110 18155 2713221 1 828
8111 18156 2713231 1 820
8112 18158 2713241 1 812
8114 18159 2713251 1 807
8116 18161 2713261 1 805
8118 18163 2713271 1 804
8120 18166 2713281 1 807
8121 18167 2713291 1 809
8123 18168 2713301 1 813
8126 18171 2713311 1 823
8129 18174 2713321 1 837
8132 18176 2713331 1 855
8136 18180 2713341 1 877
8139 18182 2713351 1 904
8142 18185 2713361 1 937
8145 18188 2713371 1 975
8148 18191 2713381 1 1018
8151 18193 2713391 1 1023
8153 18196 2713401 1 1023
8156 18199 2713411 1 1023
8157 18200 2713421 1 1023
8158 18202 2713431 1 1023
8159 18204 2713441 1 1023
8161 18206 2713451 1 1023
8162 18208 2713461 1 1023
8162 18209 2713471 1 1023
8163 18210 2713481 1 1023
8162 18210 2713491 1 1023
8162 18209 2713501 1 1023
8161 18208 2713511 1 1023
8160 18206 2713521 1 1023
8159 18204 2713531 1 1023
8157 18201 2713541 1 1024
8156 18199 2713551 1 1024
8156 18198 2713561 1 1023
8154 18193 2713571 1 1023
8152 18189 2713581 1 1023
8151 18185 2713591 1 996
8149 18181 2713601 1 845
8148 18178 2713611 1 496
8146 18176 2713621 1 308
8145 18175 2713631 1 117
8144 18174 2713641 1 2
8143 18173 2713651 1 2
8142 18173 2713661 1 2
8142 18173 2713671 1 2
8141 18174 2713681 1 3
8141 18174 2713691 1 3
8141 18175 2713701 1 3
8142 18176 2713711 1 3
8142 18177 2713721 1 3
8143 18179 2713731 1 4
8143 18180 2713741 1 4
8144 18181 2713751 1 4
8144 18182 2713761 1 4
8145 18182 2713771 1 134
8145 18183 2713781 1 535
8144 18183 2713791 1 1017
8144 18184 2713801 1 1022
8144 18184 2713811 1 998
8143 18184 2713821 1 1022
8143 18185 2713831 1 1022
8142 18186 2713841 1 1022
8141 18187 2713851 1 1022
8140 18188 2713861 1 1021
8138 18189 2713871 1 1021
8137 18191 2713881 1 1021
8135 18192 2713891 1 1021
8133 18193 2713901 1 1021
8130 18194 2713911 1 8
8128 18195 2713921 1 8
8126 18196 2713931 0 0
8125 18197 2713941 0 0
8124 18197 2713951 0 0
8123 18198 2713961 0 0
8121 18199 2713971 0 0
8120 18200 2713981 0 0
8119 18200 2713991 0 0
8119 18200 2714001 0 0
8119 18200 2714011 0 0
8119 18199 2714021 0 0
8119 18199 2714031 0 0
8120 18198 2714041 0 0
8121 18198 2714051 1 9
8123 18197 2714061 1 29
8123 18197 2714071 1 59
8124 18197 2714081 1 97
8126 18197 2714091 1 144
8127 18198 2714101 1 196
8128 18198 2714111 1 254
8129 18197 2714121 1 317
8130 18196 2714131 1 382
8130 18195 2714141 1 450
8130 18194 2714151 1 518
8130 18192 2714161 1 586
8130 18190 2714171 1 653
8130 18188 2714181 1 718
8129 18186 2714191 1 779
8129 18185 2714201 1 836
8128 18184 2714211 1 887
8128 18182 2714221 1 931
8127 18179 2714231 1 967
8126 18176 2714241 1 995
8125 18173 2714251 1 1012
8125 18170 2714261 1 1019
8124 18167 2714271 1 1019
8124 18164 2714281 1 1019
8123 18162 2714291 1 1019
8122 18160 2714301 1 1019
8122 18159 2714311 1 1018
8121 18158 2714321 1 1018
8121 18158 2714331 1 1018
8121 18158 2714341 1 1018
8120 18157 2714351 1 1018
8120 18157 2714361 1 1018
8119 18157 2714371 1 1018
8119 18158 2714381 1 1018
8119 18158 2714391 1 1018
8119 18159 2714401 1 1018
8119 18160 2714411 1 1018
8119 18161 2714421 1 1018
8119 18162 2714431 1 1018
8120 18163 2714441 1 1018
8121 18164 2714451 1 1018
8121 18165 2714461 1 1018
8122 18166 2714471 1 1018
8124 18167 2714481 1 1017
8126 18169 2714491 1 1017
8128 18171 2714501 1 1017
8130 18172 2714511 1 1017
8133 18174 2714521 1 1017
8136 18176 2714531 1 1017
8139 18177 2714541 1 1017
8143 18178 2714551 1 1017
8146 18179 2714561 1 1017
8150 18180 2714571 1 1017
8153 18180 2714581 1 1017
8155 18180 2714591 1 1017
8156 18180 2714601 1 1017
8159 18179 2714611 1 1017
8162 18179 2714621 1 1017
8164 18178 2714631 1 1016
8166 18177 2714641 1 1016
8168 18177 2714651 1 1016
8170 18177 2714661 1 1016
8172 18177 2714671 1 1016
8173 18177 2714681 1 1016
8175 18178 2714691 1 1016
8176 18179 2714701 1 1016
8177 18179 2714711 1 1016
8177 18180 2714721 1 1016
8178 18181 2714731 1 1016
8179 18182 2714741 1 1016
8179 18184 2714751 1 1016
8180 18185 2714761 1 1016
8180 18187 2714771 1 1016
8181 18188 2714781 1 1015
8181 18190 2714791 1 1015
8181 18191 2714801 1 1015
8181 18193 2714811 1 1015
8181 18194 2714821 1 1015
8180 18195 2714831 1 1015
8180 18196 2714841 1 1015
8180 18196 2714851 1 1015
8180 18196 2714861 1 1015
8180 18195 2714871 1 1015
8181 18194 2714881 1 1015
8182 18193 2714891 1 1015
8183 18191 2714901 1 1015
8184 18189 2714911 1 1015
8186 18186 2714921 1 1015
8188 18182 2714931 1 1014
8190 18178 2714941 1 1014
8193 18173 2714951 1 1014
8195 18169 2714961 1 1014
8197 18165 2714971 1 1014
8198 18163 2714981 1 1014
8198 18162 2714991 1 1014
8200 18159 2715001 1 1014
8201 18157 2715011 1 1014
8202 18155 2715021 1 1014
8202 18155 2715031 1 1014
8203 18154 2715041 1 1014
8203 18154 2715051 1 1014
8203 18154 2715061 1 1014
8203 18154 2715071 1 1014
8203 18155 2715081 1 1013
8202 18155 2715091 1 1013
8201 18156 2715101 1 1013
8200 18157 2715111 1 1013
8200 18158 2715121 1 1013
8198 18159 2715131 1 1013
8196 18161 2715141 1 1013
8194 18163 2715151 1 1013
8192 18165 2715161 1 1013
8190 18166 2715171 1 1013
8188 18167 2715181 1 1013
8187 18168 2715191 1 1013
8185 18169 2715201 1 1013
8184 18170 2715211 1 1013
8183 18171 2715221 1 1013
8183 18172 2715231 1 1013
8182 18172 2715241 1 1012
8182 18172 2715251 1 1012
8182 18172 2715261 1 1012
8182 18172 2715271 1 1012
8181 18171 2715281 1 1012
8181 18170 2715291 1 1012
8181 18169 2715301 1 1012
8181 18167 2715311 1 1012
8181 18165 2715321 1 1012
8181 18163 2715331 1 1012
8181 18162 2715341 1 1012
8182 18160 2715351 1 1012
8182 18159 2715361 1 1012
8183 18159 2715371 1 1012
8183 18159 2715381 1 1012
8183 18159 2715391 1 1012
8184 18159 2715401 1 1011
8184 18160 2715411 1 1011
8185 18162 2715421 1 1011
8186 18164 2715431 1 1011
8186 18165 2715441 1 1011
8187 18167 2715451 1 1011
8188 18169 2715461 1 1011
8188 18171 2715471 1 1011
8189 18172 2715481 1 1011
8190 18174 2715491 1 1011
8190 18175 2715501 1 1011
8190 18176 2715511 1 1011
8190 18177 2715521 1 1011
8190 18179 2715531 1 1011
8190 18179 2715541 1 1011
8189 18180 2715551 1 1010
8189 18179 2715561 1 1010
8189 18178 2715571 1 1010
8189 18177 2715581 1 1010
8188 18176 2715591 1 1010
8188 18175 2715601 1 1010
8188 18174 2715611 1 1010
8187 18172 2715621 1 1010
8187 18172 2715631 1 1010
8187 18171 2715641 1 1010
8186 18169 2715651 1 1010
8186 18168 2715661 1 1010
8186 18167 2715671 1 1010
8186 18166 2715681 1 1010
8187 18165 2715691 1 1010
8187 18165 2715701 1 1009
8188 18165 2715711 1 1009
8189 18165 2715721 1 1009
8190 18165 2715731 1 1009
8191 18166 2715741 1 1009
8192 18166 2715751 1 1009
8193 18166 2715761 1 1009
8193 18166 2715771 1 1009
8194 18166 2715781 1 1009
8196 18166 2715791 1 1009
8197 18167 2715801 1 1009
8198 18167 2715811 1 1009
8199 18168 2715821 1 1009
8200 18169 2715831 1 1009
8200 18170 2715841 1 1009
8201 18171 2715851 1 1008
8201 18173 2715861 1 1008
8202 18175 2715871 1 1008
8202 18177 2715881 1 1008
8202 18178 2715891 1 1008
8202 18179 2715901 1 1008
8202 18182 2715911 1 1008
8202 18183 2715921 1 1008
8202 18185 2715931 1 1008
8201 18186 2715941 1 1008
8201 18187 2715951 1 1008
8201 18188 2715961 1 1008
8200 18189 2715971 1 1008
8200 18190 2715981 1 1008
8199 18191 2715991 1 1008
8199 18192 2716001 1 1008
8199 18193 2716011 1 1007
8198 18193 2716021 1 1007
8198 18193 2716031 1 1007
8198 18194 2716041 1 1007
8197 18194 2716051 1 1007
8196 18195 2716061 1 1007
8196 18195 2716071 1 1007
8195 18194 2716081 1 1007
8194 18193 2716091 1 1007
8194 18192 2716101 1 1007
8193 18190 2716111 1 1007
8193 18187 2716121 1 1007
8193 18183 2716131 1 1007
8193 18179 2716141 1 1007
8193 18176 2716151 1 1007
8193 18173 2716161 1 1007
8194 18168 2716171 1 1006
8195 18162 2716181 1 1006
8197 18157 2716191 1 1006
8199 18152 2716201 1 1006
8201 18147 2716211 1 1006
8203 18143 2716221 1 1006
8206 18139 2716231 1 1006
8208 18135 2716241 1 1006
8211 18133 2716251 1 1006
8213 18130 2716261 1 1006
8216 18129 2716271 1 1006
8217 18128 2716281 1 1006
8219 18128 2716291 1 1006
8221 18127 2716301 1 1006
8224 18126 2716311 1 1006
8227 18125 2716321 1 1005
8229 18124 2716331 1 1005
8231 18124 2716341 1 1005
8232 18123 2716351 1 1005
8234 18123 2716361 1 1005
8235 18122 2716371 1 1005
8236 18122 2716381 1 1005
8236 18122 2716391 1 1005
8236 18122 2716401 1 1005
8236 18122 2716411 1 1005
8236 18122 2716421 1 1005
8236 18122 2716431 1 1005
8236 18123 2716441 1 1005
8235 18124 2716451 1 1005
8235 18125 2716461 1 1005
8234 18126 2716471 1 1004
8234 18126 2716481 1 1004
8234 18126 2716491 1 1004
8233 18126 2716501 1 1004
8233 18125 2716511 1 1004
8232 18125 2716521 1 1004
8232 18124 2716531 1 1004
8231 18124 2716541 1 1004
8231 18124 2716551 1 1004
8231 18124 2716561 1 1004
8231 18125 2716571 1 1004
8231 18126 2716581 1 1004
8232 18127 2716591 1 1004
8234 18128 2716601 1 1004
8235 18128 2716611 1 1003
8237 18128 2716621 1 1003
8239 18128 2716631 1 1003
8241 18127 2716641 1 1003
8243 18126 2716651 1 1003
8245 18125 2716661 1 1003
8247 18124 2716671 1 1003
8249 18124 2716681 1 1003
8250 18123 2716691 1 1003
8251 18122 2716701 1 1003
8251 18120 2716711 1 1003
8251 18119 2716721 1 1003
8250 18117 2716731 1 1003
8249 18115 2716741 1 1003
8248 18113 2716751 1 1003
8246 18112 2716761 1 1002
8245 18110 2716771 1 1002
8242 18110 2716781 1 1002
8240 18109 2716791 1 1002
8238 18110 2716801 1 1002
8236 18110 2716811 1 1002
8234 18111 2716821 1 1002
8232 18113 2716831 1 1002
8231 18115 2716841 1 1002
8230 18117 2716851 1 1002
8229 18119 2716861 1 1002
8228 18122 2716871 1 1002
8227 18124 2716881 1 1002
8226 18127 2716891 1 1002
8226 18130 2716901 1 1001
8225 18132 2716911 1 1001
8225 18134 2716921 1 1001
8224 18136 2716931 1 1001
8224 18138 2716941 1 1001
8223 18139 2716951 1 1001
8223 18141 2716961 1 1001
8222 18141 2716971 1 1001
8222 18142 2716981 1 1001
8222 18142 2716991 1 1001
