8113 18606 4194690 1 768
8114 18606 4194700 1 776
8114 18606 4194710 1 780
8114 18606 4194720 1 781
8114 18607 4194730 1 781
8114 18608 4194740 1 781
8115 18609 4194750 1 782
8116 18610 4194760 1 782
8117 18611 4194770 1 782
8118 18611 4194780 1 782
8119 18612 4194790 1 783
8120 18612 4194800 1 784
8120 18612 4194810 1 784
8120 18611 4194820 1 783
8119 18611 4194830 1 784
8119 18610 4194840 1 785
8120 18609 4194850 1 785
8120 18608 4194860 1 785
8120 18606 4194870 1 785
8119 18605 4194880 1 786
8117 18603 4194890 1 786
8114 18600 4194900 1 786
8110 18597 4194910 1 786
8106 18595 4194920 1 787
8103 18592 4194930 1 787
8099 18589 4194940 1 788
8097 18586 4194950 1 788
8096 18583 4194960 1 788
8096 18581 4194970 1 789
8096 18580 4194980 1 789
8097 18579 4194990 1 789
8099 18578 4195000 1 790
8100 18578 4195010 1 790
8101 18577 4195020 1 791
8101 18577 4195030 1 791
8102 18577 4195040 1 791
8102 18577 4195050 1 792
8103 18577 4195060 1 792
8104 18577 4195070 1 792
8104 18577 4195080 1 793
8105 18577 4195090 1 793
8105 18577 4195100 1 793
8105 18577 4195110 1 793
8105 18577 4195120 1 794
8105 18576 4195130 1 795
8104 18576 4195140 1 795
8103 18576 4195150 1 794
8102 18576 4195160 1 795
8100 18576 4195170 1 796
8098 18575 4195180 1 796
8096 18575 4195190 1 796
8095 18575 4195200 1 797
8093 18575 4195210 1 798
8091 18576 4195220 1 798
8090 18576 4195230 1 798
8089 18576 4195240 1 799
8089 18577 4195250 1 799
8089 18578 4195260 1 799
8091 18579 4195270 1 799
8093 18580 4195280 1 799
8096 18582 4195290 1 800
8100 18583 4195300 1 800
8105 18585 4195310 1 801
8111 18586 4195320 1 801
8117 18588 4195330 1 801
8124 18589 4195340 1 802
8130 18591 4195350 1 803
8136 18593 4195360 1 803
8141 18595 4195370 1 803
8146 18597 4195380 1 804
8150 18599 4195390 1 804
8155 18602 4195400 1 804
8158 18605 4195410 1 804
8161 18607 4195420 1 805
8163 18610 4195430 1 806
8165 18612 4195440 1 806
8165 18614 4195450 1 806
8166 18617 4195460 1 807
8165 18619 4195470 1 807
8165 18620 4195480 1 807
8163 18622 4195490 1 808
8161 18623 4195500 1 808
8158 18624 4195510 1 808
8154 18626 4195520 1 809
8152 18626 4195530 1 810
8151 18627 4195540 1 810
8147 18628 4195550 1 810
8144 18630 4195560 1 810
8140 18631 4195570 1 811
8137 18632 4195580 1 811
8134 18634 4195590 1 812
8131 18635 4195600 1 812
8128 18636 4195610 1 813
8125 18638 4195620 1 813
8123 18640 4195630 1 814
8121 18641 4195640 1 814
8120 18642 4195650 1 814
8119 18642 4195660 1 815
8119 18642 4195670 1 815
8119 18642 4195680 1 815
8120 18641 4195690 1 815
8121 18640 4195700 1 816
8122 18639 4195710 1 816
8123 18638 4195720 1 817
8125 18637 4195730 1 817
8126 18635 4195740 1 817
8128 18633 4195750 1 818
8130 18630 4195760 1 819
8132 18628 4195770 1 819
8134 18626 4195780 1 819
8136 18623 4195790 1 820
8137 18621 4195800 1 820
8138 18619 4195810 1 820
8139 18617 4195820 1 821
8140 18615 4195830 1 821
8141 18613 4195840 1 821
8141 18612 4195850 1 822
8141 18611 4195860 1 823
8139 18609 4195870 1 823
8137 18608 4195880 1 823
8134 18606 4195890 1 824
8130 18605 4195900 1 825
8125 18603 4195910 1 825
8120 18602 4195920 1 825
8115 18600 4195930 1 826
8109 18599 4195940 1 827
8107 18598 4195950 1 827
8105 18598 4195960 1 827
8100 18596 4195970 1 827
8095 18594 4195980 1 828
8091 18592 4195990 1 828
8088 18590 4196000 1 829
8084 18587 4196010 1 830
8081 18584 4196020 1 830
8077 18581 4196030 1 830
8073 18578 4196040 1 831
8070 18575 4196050 1 831
8065 18571 4196060 1 831
8061 18568 4196070 1 832
8057 18564 4196080 1 833
8054 18560 4196090 1 833
8051 18556 4196100 1 833
8050 18552 4196110 1 833
8049 18548 4196120 1 834
8049 18545 4196130 1 834
8049 18541 4196140 1 834
8051 18539 4196150 1 835
8053 18536 4196160 1 835
8055 18534 4196170 1 836
8059 18533 4196180 1 837
8063 18532 4196190 1 837
8068 18531 4196200 1 838
8073 18531 4196210 1 838
8078 18531 4196220 1 838
8083 18532 4196230 1 839
8088 18533 4196240 1 839
8094 18534 4196250 1 840
8099 18536 4196260 1 841
8104 18538 4196270 1 841
8109 18540 4196280 1 842
8113 18542 4196290 1 842
8117 18544 4196300 1 842
8121 18546 4196310 1 843
8125 18549 4196320 1 843
8128 18550 4196330 1 844
8130 18552 4196340 1 845
8131 18554 4196350 1 845
8132 18555 4196360 1 846
8132 18556 4196370 1 846
8132 18556 4196380 1 846
8131 18557 4196390 1 846
8129 18558 4196400 1 847
8127 18558 4196410 1 847
8124 18558 4196420 1 848
8120 18559 4196430 1 849
8117 18559 4196440 1 849
8113 18559 4196450 1 850
8110 18559 4196460 1 850
8108 18560 4196470 1 850
8107 18562 4196480 1 851
8107 18564 4196490 1 852
8107 18566 4196500 1 852
8108 18568 4196510 1 853
8109 18570 4196520 1 853
8109 18571 4196530 1 854
8110 18572 4196540 1 854
8111 18573 4196550 1 855
8111 18573 4196560 1 854
8112 18574 4196570 1 855
8113 18574 4196580 1 856
8113 18575 4196590 1 856
8113 18575 4196600 1 857
8112 18575 4196610 1 857
8112 18575 4196620 1 858
8111 18574 4196630 1 858
8110 18574 4196640 1 858
8110 18574 4196650 1 859
8110 18574 4196660 1 860
8110 18575 4196670 1 860
8111 18576 4196680 1 861
8113 18577 4196690 1 861
8115 18578 4196700 1 861
8117 18579 4196710 1 862
8119 18581 4196720 1 863
8122 18582 4196730 1 863
8124 18584 4196740 1 864
8125 18585 4196750 1 865
8125 18587 4196760 1 865
8125 18589 4196770 1 866
8124 18590 4196780 1 866
8124 18591 4196790 1 866
8123 18592 4196800 1 866
8121 18593 4196810 1 867
8119 18594 4196820 1 868
8116 18595 4196830 1 868
8113 18595 4196840 1 869
8110 18595 4196850 1 870
8106 18595 4196860 1 870
8103 18595 4196870 1 870
8100 18595 4196880 1 871
8099 18595 4196890 1 872
8099 18594 4196900 1 872
8101 18594 4196910 1 872
8105 18593 4196920 1 873
8109 18593 4196930 1 874
8114 18592 4196940 1 875
8120 18592 4196950 1 875
8125 18591 4196960 1 875
8129 18590 4196970 1 876
8133 18590 4196980 1 877
8136 18588 4196990 1 877
8138 18587 4197000 1 878
8140 18586 4197010 1 879
8140 18585 4197020 1 879
8139 18585 4197030 1 879
8138 18585 4197040 1 879
8136 18585 4197050 1 880
8135 18586 4197060 1 880
8133 18587 4197070 1 881
8132 18588 4197080 1 882
8132 18589 4197090 1 882
8132 18590 4197100 1 883
8131 18591 4197110 1 884
8130 18592 4197120 1 884
8129 18593 4197130 1 884
8127 18593 4197140 1 885
8124 18594 4197150 1 886
8120 18594 4197160 1 886
8116 18595 4197170 1 887
8112 18595 4197180 1 888
8109 18595 4197190 1 888
8106 18596 4197200 1 888
8105 18596 4197210 1 888
8104 18596 4197220 1 889
8103 18596 4197230 1 890
8102 18597 4197240 1 891
8103 18597 4197250 1 891
8106 18598 4197260 1 892
8109 18599 4197270 1 892
8114 18599 4197280 1 892
8119 18599 4197290 1 893
8125 18600 4197300 1 894
8131 18600 4197310 1 894
8138 18600 4197320 1 895
8145 18601 4197330 1 896
8151 18601 4197340 1 896
8158 18601 4197350 1 897
8163 18601 4197360 1 897
8168 18602 4197370 1 898
8172 18602 4197380 1 899
8175 18602 4197390 1 899
8176 18601 4197400 1 900
8176 18601 4197410 1 901
8176 18601 4197420 1 901
8175 18601 4197430 1 902
8175 18601 4197440 1 903
8174 18601 4197450 1 903
8173 18602 4197460 1 903
8171 18602 4197470 1 904
8170 18602 4197480 1 905
8169 18603 4197490 1 906
8168 18604 4197500 1 906
8167 18605 4197510 1 907
8167 18606 4197520 1 907
8167 18608 4197530 1 908
8167 18611 4197540 1 908
8166 18613 4197550 1 909
8166 18615 4197560 1 910
8165 18618 4197570 1 910
8164 18620 4197580 1 910
8164 18621 4197590 1 911
8163 18622 4197600 1 912
8163 18623 4197610 1 912
8162 18624 4197620 1 912
8162 18624 4197630 1 913
8161 18624 4197640 1 913
8161 18624 4197650 1 915
8160 18623 4197660 1 915
8160 18623 4197670 1 915
8159 18622 4197680 1 916
8159 18620 4197690 1 917
8158 18619 4197700 1 917
8157 18617 4197710 1 917
8156 18614 4197720 1 918
8156 18612 4197730 1 920
8155 18609 4197740 1 920
8154 18607 4197750 1 920
8153 18605 4197760 1 921
8153 18602 4197770 1 922
8153 18600 4197780 1 922
8153 18598 4197790 1 923
8153 18597 4197800 1 923
8154 18596 4197810 1 924
8156 18595 4197820 1 925
8159 18594 4197830 1 926
8163 18594 4197840 1 926
8166 18594 4197850 1 926
8170 18594 4197860 1 927
8175 18595 4197870 1 928
8180 18596 4197880 1 929
8184 18596 4197890 1 929
8189 18597 4197900 1 930
8194 18598 4197910 1 931
8199 18599 4197920 1 932
8203 18600 4197930 1 932
8208 18601 4197940 1 932
8213 18602 4197950 1 933
8219 18604 4197960 1 934
8223 18605 4197970 1 934
8228 18606 4197980 1 935
8232 18608 4197990 1 936
8235 18609 4198000 1 937
8237 18610 4198010 1 938
8238 18611 4198020 1 938
8238 18612 4198030 1 938
8237 18613 4198040 1 939
8236 18614 4198050 1 939
8236 18614 4198060 1 940
8234 18615 4198070 1 941
8231 18616 4198080 1 942
8229 18616 4198090 1 942
8225 18616 4198100 1 942
8221 18617 4198110 1 943
8216 18617 4198120 1 944
8210 18617 4198130 1 945
8204 18616 4198140 1 945
8198 18616 4198150 1 946
8192 18615 4198160 1 947
8186 18615 4198170 1 948
8181 18614 4198180 1 948
8176 18614 4198190 1 949
8171 18613 4198200 1 949
8167 18613 4198210 1 950
8163 18612 4198220 1 951
8160 18612 4198230 1 951
8158 18612 4198240 1 951
8158 18611 4198250 1 952
8158 18611 4198260 1 953
8159 18612 4198270 1 953
8160 18612 4198280 1 954
8160 18612 4198290 1 955
8161 18612 4198300 1 956
8160 18612 4198310 1 956
8160 18612 4198320 1 957
8159 18612 4198330 1 958
8158 18612 4198340 1 959
8158 18613 4198350 1 959
8157 18613 4198360 1 959
8157 18613 4198370 1 960
8156 18614 4198380 1 961
8156 18614 4198390 1 962
8155 18614 4198400 1 963
8155 18614 4198410 1 963
8155 18614 4198420 1 964
8155 18613 4198430 1 964
8156 18612 4198440 1 965
8156 18611 4198450 1 966
8158 18610 4198460 1 967
8158 18609 4198470 1 968
8159 18609 4198480 1 968
8160 18608 4198490 1 968
8160 18607 4198500 1 969
8160 18607 4198510 1 970
8160 18607 4198520 1 970
8159 18608 4198530 1 971
8159 18608 4198540 1 972
8160 18609 4198550 1 973
8160 18609 4198560 1 973
8161 18609 4198570 1 974
8162 18609 4198580 1 975
8163 18609 4198590 1 975
8165 18609 4198600 1 976
8167 18608 4198610 1 977
8169 18608 4198620 1 977
8171 18608 4198630 1 978
8174 18607 4198640 1 979
8176 18607 4198650 1 980
8178 18607 4198660 1 981
8180 18607 4198670 1 982
8182 18606 4198680 1 982
8184 18606 4198690 1 982
8185 18605 4198700 1 983
8186 18605 4198710 1 984
8188 18604 4198720 1 985
8189 18602 4198730 1 986
8191 18601 4198740 1 987
8192 18600 4198750 1 988
8193 18599 4198760 1 988
8195 18599 4198770 1 988
8195 18598 4198780 1 989
8196 18598 4198790 1 990
8196 18599 4198800 1 991
8195 18599 4198810 1 992
8194 18600 4198820 1 993
8193 18600 4198830 1 994
8192 18601 4198840 1 994
8190 18601 4198850 1 994
8187 18601 4198860 1 995
8184 18601 4198870 1 996
8180 18601 4198880 1 997
8179 18601 4198890 1 997
8177 18600 4198900 1 998
8174 18600 4198910 1 999
8171 18598 4198920 1 999
8168 18597 4198930 1 1000
8165 18595 4198940 1 1000
8163 18594 4198950 1 1001
8161 18592 4198960 1 1002
8159 18591 4198970 1 1003
8157 18589 4198980 1 1004
8155 18588 4198990 1 1005
8154 18586 4199000 1 1005
8153 18585 4199010 1 1006
8153 18584 4199020 1 1007
8154 18583 4199030 1 1007
8155 18582 4199040 1 1007
8156 18582 4199050 1 1009
8157 18582 4199060 1 1010
8158 18582 4199070 1 1010
8159 18583 4199080 1 1010
8160 18584 4199090 1 1010
8162 18585 4199100 1 1010
8164 18587 4199110 1 1010
8166 18588 4199120 1 1010
8168 18589 4199130 1 1010
8169 18590 4199140 1 1010
8170 18590 4199150 1 1010
8171 18591 4199160 1 1010
8171 18592 4199170 1 1011
8171 18592 4199180 1 1011
8172 18593 4199190 1 1011
8173 18593 4199200 1 1011
8174 18594 4199210 1 1011
8175 18594 4199220 1 1011
8176 18595 4199230 1 1011
8178 18596 4199240 1 1011
8180 18597 4199250 1 1011
8182 18598 4199260 1 1011
8185 18598 4199270 1 1011
8189 18599 4199280 1 1011
8192 18599 4199290 1 1011
8195 18600 4199300 1 1011
8196 18600 4199310 1 1011
8198 18600 4199320 1 1011
8200 18601 4199330 1 1011
8201 18601 4199340 1 1011
8202 18602 4199350 1 1011
8203 18603 4199360 1 1011
8204 18604 4199370 1 1011
8204 18605 4199380 1 1011
8205 18605 4199390 1 1011
8205 18606 4199400 1 1012
8206 18606 4199410 1 1012
8206 18606 4199420 1 1012
8206 18606 4199430 1 1012
8207 18606 4199440 1 1012
8207 18606 4199450 1 1013
8207 18607 4199460 1 1009
8206 18607 4199470 1 998
8205 18607 4199480 1 1005
8203 18607 4199490 1 999
8200 18607 4199500 1 1012
8198 18607 4199510 1 1012
8196 18606 4199520 1 751
8193 18606 4199530 1 382
8192 18606 4199540 1 140
8190 18606 4199550 1 140
8189 18606 4199560 1 139
8188 18607 4199570 1 136
8187 18608 4199580 1 138
8186 18608 4199590 1 138
8185 18609 4199600 1 137
8185 18609 4199610 1 137
8184 18609 4199620 1 136
8184 18609 4199630 1 135
8184 18609 4199640 1 135
8185 18609 4199650 1 135
8186 18608 4199660 1 134
8187 18607 4199670 1 133
8189 18607 4199680 1 141
8191 18606 4199690 1 159
8193 18606 4199700 1 186
8195 18605 4199710 1 221
8197 18604 4199720 1 262
8198 18604 4199730 1 278
8198 18603 4199740 1 285
8199 18603 4199750 1 311
8200 18602 4199760 1 363
8201 18601 4199770 1 419
8202 18600 4199780 1 478
8204 18599 4199790 1 539
8206 18599 4199800 1 600
8208 18598 4199810 1 662
8209 18597 4199820 1 692
8211 18596 4199830 1 721
8213 18596 4199840 1 777
8216 18595 4199850 1 831
8218 18595 4199860 1 879
8221 18595 4199870 1 922
8224 18595 4199880 1 958
8227 18595 4199890 1 986
8229 18595 4199900 1 998
8232 18594 4199910 1 1005
8233 18594 4199920 1 1014
8234 18593 4199930 1 1014
8235 18593 4199940 1 1013
8235 18592 4199950 1 1014
8235 18591 4199960 1 1014
8234 18590 4199970 1 1014
8233 18590 4199980 1 1014
8232 18589 4199990 1 1014
8231 18588 4200000 1 1014
8230 18588 4200010 1 1014
8229 18588 4200020 1 1014
8227 18588 4200030 1 1014
8226 18588 4200040 1 1014
8224 18588 4200050 1 1014
8223 18589 4200060 1 1014
8223 18589 4200070 1 1014
8223 18589 4200080 1 1014
8223 18590 4200090 1 1014
8223 18590 4200100 1 1014
8223 18591 4200110 1 1015
8224 18591 4200120 1 1015
8224 18592 4200130 1 1015
8225 18593 4200140 1 1015
8226 18594 4200150 1 1015
8227 18594 4200160 1 1015
8228 18595 4200170 1 1015
8228 18596 4200180 1 1015
8228 18597 4200190 1 1015
8227 18598 4200200 1 1015
8225 18599 4200210 1 1015
8223 18600 4200220 1 1015
8220 18600 4200230 1 1015
8217 18600 4200240 1 1015
8214 18601 4200250 1 1015
8210 18601 4200260 1 1015
8207 18601 4200270 1 1015
8203 18601 4200280 1 1015
8199 18600 4200290 1 1015
8196 18600 4200300 1 1015
8193 18600 4200310 1 1015
8190 18600 4200320 1 1015
8188 18600 4200330 1 1015
8186 18601 4200340 1 1015
8184 18601 4200350 1 1016
8183 18601 4200360 1 1016
8183 18600 4200370 1 1016
8183 18600 4200380 1 1016
8184 18599 4200390 1 1016
8186 18599 4200400 1 1016
8188 18598 4200410 1 1016
8191 18598 4200420 1 1016
8195 18597 4200430 1 1016
8198 18596 4200440 1 1016
8203 18595 4200450 1 1016
8207 18595 4200460 1 1016
8211 18594 4200470 1 1016
8214 18593 4200480 1 1016
8217 18593 4200490 1 1016
8219 18592 4200500 1 1016
8221 18592 4200510 1 1016
8221 18592 4200520 1 1016
8221 18593 4200530 1 1016
8220 18593 4200540 1 1016
8218 18594 4200550 1 1016
8217 18595 4200560 1 1016
8216 18595 4200570 1 1016
8215 18595 4200580 1 1016
8213 18596 4200590 1 1016
8211 18597 4200600 1 1017
8209 18599 4200610 1 1017
8208 18600 4200620 1 1017
8206 18602 4200630 1 1017
8205 18604 4200640 1 1017
8203 18606 4200650 1 1017
8203 18608 4200660 1 1017
8202 18609 4200670 1 1017
8202 18611 4200680 1 1017
8202 18612 4200690 1 1017
8202 18613 4200700 1 1017
8202 18614 4200710 1 1017
8201 18615 4200720 1 1017
8200 18615 4200730 1 1017
8199 18614 4200740 1 1017
8197 18614 4200750 1 1017
8196 18612 4200760 1 1017
8194 18611 4200770 1 1017
8193 18609 4200780 1 1017
8192 18607 4200790 1 1017
8191 18605 4200800 1 1017
8189 18603 4200810 1 1017
8188 18601 4200820 1 1017
8188 18599 4200830 1 1018
8188 18598 4200840 1 1018
8188 18596 4200850 1 1018
8189 18596 4200860 1 1018
8190 18595 4200870 1 1018
8192 18595 4200880 1 1018
8193 18595 4200890 1 1018
8195 18596 4200900 1 1018
8198 18597 4200910 1 1018
8200 18598 4200920 1 1018
8202 18599 4200930 1 1018
8204 18601 4200940 1 1018
8206 18602 4200950 1 1018
8207 18604 4200960 1 1018
8208 18605 4200970 1 1018
8209 18607 4200980 1 1018
8210 18607 4200990 1 1018
8210 18608 4201000 1 1018
8212 18609 4201010 1 1018
8213 18609 4201020 1 1018
8215 18609 4201030 1 1018
8216 18609 4201040 1 1018
8218 18609 4201050 1 1018
8219 18608 4201060 1 1018
8220 18608 4201070 1 1019
8220 18607 4201080 1 1019
8220 18606 4201090 1 1019
8220 18605 4201100 1 1019
8219 18604 4201110 1 1019
8218 18603 4201120 1 1019
8217 18602 4201130 1 1019
8216 18600 4201140 1 1019
8214 18599 4201150 1 1019
8213 18598 4201160 1 1019
8211 18597 4201170 1 1019
8210 18595 4201180 1 1019
8209 18594 4201190 1 1019
8208 18593 4201200 1 1019
8208 18593 4201210 1 1019
8208 18592 4201220 1 1019
8209 18592 4201230 1 1019
8211 18592 4201240 1 1019
8212 18592 4201250 1 1019
8214 18593 4201260 1 1019
8215 18593 4201270 1 1019
8217 18594 4201280 1 1019
8218 18595 4201290 1 1019
8219 18595 4201300 1 1019
8220 18596 4201310 1 1020
8220 18596 4201320 1 1020
8221 18596 4201330 1 1020
8221 18595 4201340 1 1020
8221 18594 4201350 1 1020
8221 18593 4201360 1 1020
8221 18592 4201370 1 1020
8220 18591 4201380 1 1020
8220 18590 4201390 1 1020
8220 18589 4201400 1 1020
8220 18589 4201410 1 1020
8220 18588 4201420 1 1020
8219 18588 4201430 1 1020
8217 18587 4201440 1 1020
8215 18587 4201450 1 1020
8213 18586 4201460 1 1020
8210 18586 4201470 1 1020
8207 18585 4201480 1 1020
8205 18585 4201490 1 1020
8203 18584 4201500 1 1020
8202 18583 4201510 1 1020
8202 18582 4201520 1 1020
8202 18581 4201530 1 1020
8202 18580 4201540 1 1021
8202 18579 4201550 1 1022
8202 18578 4201560 1 1021
8202 18577 4201570 1 1021
8202 18577 4201580 1 1021
8201 18577 4201590 1 1021
8201 18577 4201600 1 1021
8200 18577 4201610 1 1021
8199 18577 4201620 1 1021
8198 18578 4201630 1 1021
8197 18578 4201640 1 1021
8196 18579 4201650 1 1021
8195 18580 4201660 1 1021
8193 18580 4201670 1 1021
8192 18581 4201680 1 1021
8190 18581 4201690 1 1021
8190 18582 4201700 1 1021
8190 18582 4201710 1 1021
8191 18582 4201720 1 1021
8192 18583 4201730 1 1021
8194 18583 4201740 1 1021
8196 18583 4201750 1 1021
8198 18584 4201760 1 1021
8201 18585 4201770 1 1022
8205 18586 4201780 1 1023
8208 18587 4201790 1 1022
8212 18588 4201800 1 1022
8214 18589 4201810 1 1022
8217 18590 4201820 1 1022
8218 18591 4201830 1 1022
8219 18591 4201840 1 1022
8220 18592 4201850 1 1022
8221 18593 4201860 1 1022
8222 18594 4201870 1 1022
8223 18594 4201880 1 1022
8225 18595 4201890 1 1022
8227 18595 4201900 1 1022
8229 18594 4201910 1 1022
8232 18594 4201920 1 1022
8235 18593 4201930 1 1022
8238 18592 4201940 1 1022
8241 18592 4201950 1 1022
8245 18592 4201960 1 1022
8248 18592 4201970 1 1022
8251 18592 4201980 1 1022
8253 18593 4201990 1 1022
8255 18594 4202000 1 1022
8257 18595 4202010 1 1023
8258 18596 4202020 1 1022
8259 18597 4202030 1 1022
8259 18598 4202040 1 1022
8259 18599 4202050 1 1022
8258 18600 4202060 1 1022
8256 18601 4202070 1 1022
8254 18602 4202080 1 1022
8251 18603 4202090 1 1022
8249 18605 4202100 1 1022
8247 18606 4202110 1 1022
8245 18607 4202120 1 1022
8243 18608 4202130 1 1022
8242 18609 4202140 1 1022
8240 18610 4202150 1 1022
8239 18611 4202160 1 1022
8238 18611 4202170 1 1022
8236 18612 4202180 1 1022
8234 18612 4202190 1 1022
8231 18612 4202200 1 1022
8228 18612 4202210 1 1022
8225 18612 4202220 1 1022
8221 18612 4202230 1 1022
8218 18612 4202240 1 1022
8216 18612 4202250 1 1022
8214 18611 4202260 1 1021
8210 18611 4202270 1 1021
8207 18610 4202280 1 1021
8204 18609 4202290 1 1021
8202 18608 4202300 1 1021
8200 18607 4202310 1 1021
8198 18605 4202320 1 1021
8197 18604 4202330 1 1021
8196 18602 4202340 1 1021
8195 18601 4202350 1 1021
8195 18600 4202360 1 1021
8195 18599 4202370 1 1021
8195 18598 4202380 1 1021
8196 18597 4202390 1 1021
8196 18597 4202400 1 1021
8197 18597 4202410 1 1021
8199 18596 4202420 1 1021
8200 18596 4202430 1 1021
8202 18596 4202440 1 1021
8203 18595 4202450 1 1021
8205 18595 4202460 1 1021
8207 18595 4202470 1 1021
8208 18594 4202480 1 1021
8208 18594 4202490 1 1020
8209 18593 4202500 1 1020
8209 18593 4202510 1 1020
8209 18592 4202520 1 1020
8210 18591 4202530 1 1020
8210 18591 4202540 1 1020
8210 18590 4202550 1 1020
8211 18589 4202560 1 1020
8211 18588 4202570 1 1020
8212 18588 4202580 1 1020
8212 18588 4202590 1 1020
8213 18587 4202600 1 1020
8214 18587 4202610 1 1020
8216 18586 4202620 1 1020
8219 18586 4202630 1 1020
8223 18586 4202640 1 1020
8226 18586 4202650 1 1020
8230 18586 4202660 1 1020
8231 18587 4202670 1 1020
8233 18587 4202680 1 1020
8236 18587 4202690 1 1020
8239 18588 4202700 1 1020
8242 18589 4202710 1 1020
8245 18590 4202720 1 1020
8248 18591 4202730 1 1020
8251 18593 4202740 1 1019
8254 18593 4202750 1 1019
8257 18594 4202760 1 1019
8260 18595 4202770 1 1019
8261 18595 4202780 1 1019
8262 18595 4202790 1 1019
8262 18595 4202800 1 1019
8262 18595 4202810 1 1019
8261 18595 4202820 1 1019
8260 18595 4202830 1 1019
8259 18595 4202840 1 1019
8257 18594 4202850 1 1019
8255 18594 4202860 1 1019
8254 18594 4202870 1 1019
8251 18593 4202880 1 1019
8249 18593 4202890 1 1019
8247 18592 4202900 1 1019
8244 18592 4202910 1 1019
8241 18591 4202920 1 1019
8238 18591 4202930 1 1019
8234 18590 4202940 1 1019
8230 18590 4202950 1 1019
8226 18590 4202960 1 1019
8223 18590 4202970 1 1018
8219 18590 4202980 1 1018
8217 18591 4202990 1 1018
8216 18591 4203000 1 1018
8216 18592 4203010 1 1018
8217 18592 4203020 1 1018
8218 18593 4203030 1 1018
8219 18594 4203040 1 1018
8221 18595 4203050 1 1018
8222 18596 4203060 1 1018
8223 18597 4203070 1 1018
8223 18599 4203080 1 1018
8224 18600 4203090 1 1018
8224 18600 4203100 1 1018
8224 18602 4203110 1 1018
8224 18603 4203120 1 1018
8225 18604 4203130 1 1018
8226 18605 4203140 1 1018
8227 18606 4203150 1 1018
8228 18606 4203160 1 1018
8229 18607 4203170 1 1018
8230 18607 4203180 1 1018
8230 18606 4203190 1 1018
8230 18606 4203200 1 1018
8229 18606 4203210 1 1017
8227 18605 4203220 1 1017
8226 18605 4203230 1 1017
8223 18604 4203240 1 1017
8221 18603 4203250 1 1017
8217 18602 4203260 1 1017
8214 18601 4203270 1 1017
8210 18600 4203280 1 1017
8205 18600 4203290 1 1017
8202 18600 4203300 1 1017
8198 18600 4203310 1 1017
8195 18600 4203320 1 1017
8194 18601 4203330 1 1017
8193 18601 4203340 1 1017
8194 18601 4203350 1 1017
8195 18602 4203360 1 1017
8196 18602 4203370 1 1017
8198 18602 4203380 1 1017
8200 18602 4203390 1 1017
8202 18602 4203400 1 1017
8204 18602 4203410 1 1017
8207 18602 4203420 1 1017
8210 18601 4203430 1 1017
8213 18601 4203440 1 1016
8216 18601 4203450 1 1016
8218 18601 4203460 1 1016
8220 18601 4203470 1 1016
8221 18602 4203480 1 1016
8222 18602 4203490 1 1016
8224 18602 4203500 1 1016
8225 18602 4203510 1 1016
8225 18602 4203520 1 1016
8226 18602 4203530 1 1016
8228 18602 4203540 1 1016
8229 18602 4203550 1 1016
8230 18602 4203560 1 1016
8231 18602 4203570 1 1016
8233 18601 4203580 1 1016
8234 18601 4203590 1 1016
8236 18600 4203600 1 1016
8238 18600 4203610 1 1016
8240 18599 4203620 1 1016
8243 18599 4203630 1 1016
8245 18598 4203640 1 1016
8247 18597 4203650 1 1016
8251 18596 4203660 1 1016
8254 18596 4203670 1 1016
8258 18595 4203680 1 1016
8262 18594 4203690 1 1015
8266 18593 4203700 1 1015
8268 18592 4203710 1 1015
8269 18591 4203720 1 1015
8270 18591 4203730 1 1015
8269 18591 4203740 1 1015
8267 18591 4203750 1 1015
8264 18591 4203760 1 1015
8260 18592 4203770 1 1015
8255 18592 4203780 1 1015
8249 18593 4203790 1 1015
8243 18593 4203800 1 1015
8235 18593 4203810 1 1015
8227 18593 4203820 1 1015
8219 18593 4203830 1 1015
8212 18593 4203840 1 1015
8204 18594 4203850 1 1015
8198 18595 4203860 1 1015
8192 18596 4203870 1 1015
8187 18597 4203880 1 1015
8183 18598 4203890 1 1015
8181 18600 4203900 1 1015
8179 18602 4203910 1 1014
8179 18603 4203920 1 1014
8179 18604 4203930 1 1013
8180 18605 4203940 1 1014
8182 18606 4203950 1 1014
8185 18607 4203960 1 1014
8189 18608 4203970 1 1014
8193 18609 4203980 1 1014
8197 18609 4203990 1 1014
8200 18609 4204000 1 1014
8203 18610 4204010 1 1014
8206 18610 4204020 1 1014
8209 18609 4204030 1 1014
8212 18609 4204040 1 1014
8215 18608 4204050 1 1014
8218 18607 4204060 1 1014
8221 18606 4204070 1 1014
8224 18605 4204080 1 1014
8227 18603 4204090 1 1014
8229 18602 4204100 1 1014
8232 18600 4204110 1 1014
8234 18599 4204120 1 1013
8236 18597 4204130 1 1014
8237 18596 4204140 1 1014
8239 18595 4204150 1 1013
8241 18593 4204160 1 1012
8244 18593 4204170 1 1013
8246 18592 4204180 1 1013
8249 18592 4204190 1 1012
8251 18592 4204200 1 1012
8253 18593 4204210 1 1012
8253 18594 4204220 1 1012
8254 18595 4204230 1 1012
8253 18596 4204240 1 1012
8252 18597 4204250 1 1012
8251 18598 4204260 1 1012
8249 18600 4204270 1 1012
8246 18601 4204280 1 1012
8242 18602 4204290 1 1012
8239 18603 4204300 1 1012
8235 18604 4204310 1 1012
8231 18605 4204320 1 1012
8228 18606 4204330 1 1012
8226 18607 4204340 1 1012
8225 18607 4204350 1 1012
8224 18607 4204360 1 1012
8222 18608 4204370 1 1012
8220 18608 4204380 1 1012
8219 18608 4204390 1 1012
8218 18607 4204400 1 1011
8216 18607 4204410 1 1011
8216 18607 4204420 1 1011
8215 18607 4204430 1 1011
8216 18606 4204440 1 1011
8217 18606 4204450 1 1011
8220 18606 4204460 1 1011
8223 18606 4204470 1 1011
8227 18607 4204480 1 1011
8231 18607 4204490 1 1011
8236 18607 4204500 1 1011
8241 18607 4204510 1 1011
8245 18607 4204520 1 1011
8249 18607 4204530 1 1011
8253 18606 4204540 1 1011
8256 18606 4204550 1 1011
8257 18605 4204560 1 1011
8258 18604 4204570 1 1011
8258 18603 4204580 1 1011
8256 18601 4204590 1 1011
8254 18599 4204600 1 1011
8251 18598 4204610 1 1012
8248 18596 4204620 1 1011
8245 18594 4204630 1 1010
8242 18592 4204640 1 1010
8241 18590 4204650 1 1010
8240 18589 4204660 1 1010
8239 18588 4204670 1 1010
8239 18587 4204680 1 1010
8239 18586 4204690 1 1010
8240 18586 4204700 1 1010
8241 18586 4204710 1 1010
8243 18587 4204720 1 1010
8245 18587 4204730 1 1010
8248 18589 4204740 1 1010
8252 18590 4204750 1 1010
8255 18591 4204760 1 1010
8256 18592 4204770 1 1010
8257 18593 4204780 1 1010
8259 18595 4204790 1 1010
8260 18597 4204800 1 1010
8261 18599 4204810 1 1010
8261 18601 4204820 1 1010
8262 18602 4204830 1 1010
8262 18604 4204840 1 1010
8262 18606 4204850 1 1010
8262 18607 4204860 1 1010
8262 18608 4204870 1 1009
8263 18608 4204880 1 1009
8263 18608 4204890 1 1009
8264 18607 4204900 1 1009
8264 18607 4204910 1 1009
8264 18606 4204920 1 1009
8264 18605 4204930 1 1009
8263 18604 4204940 1 1009
8263 18603 4204950 1 1009
8262 18601 4204960 1 1009
8261 18600 4204970 1 1009
8261 18599 4204980 1 1009
8261 18598 4204990 1 1009
8261 18597 4205000 1 1009
8261 18596 4205010 1 1009
8261 18596 4205020 1 1009
8261 18596 4205030 1 1009
8260 18596 4205040 1 1009
8259 18596 4205050 1 1009
8258 18596 4205060 1 1009
8256 18595 4205070 1 1009
8255 18595 4205080 1 1009
8254 18595 4205090 1 1009
8253 18595 4205100 1 1009
8253 18596 4205110 1 1008
8253 18596 4205120 1 1008
8254 18597 4205130 1 1008
8255 18597 4205140 1 1008
8257 18598 4205150 1 1008
8258 18599 4205160 1 1008
8259 18600 4205170 1 1008
8260 18601 4205180 1 1008
8260 18602 4205190 1 1008
8260 18602 4205200 1 1008
8260 18603 4205210 1 1008
8259 18604 4205220 1 1008
8259 18604 4205230 1 1008
8259 18605 4205240 1 1008
8260 18606 4205250 1 1008
8260 18606 4205260 1 1008
8261 18607 4205270 1 1008
8262 18607 4205280 1 1008
8263 18608 4205290 1 1008
8262 18608 4205300 1 1008
8261 18608 4205310 1 1008
8259 18609 4205320 1 1008
8256 18609 4205330 1 1008
8254 18609 4205340 1 1008
8253 18609 4205350 1 1008
8253 18609 4205360 1 1007
8254 18609 4205370 1 1007
8254 18610 4205380 1 1007
8255 18610 4205390 1 1007
8256 18610 4205400 1 1007
8256 18610 4205410 1 1007
8257 18611 4205420 1 1007
8258 18611 4205430 1 1007
8260 18611 4205440 1 1007
8262 18611 4205450 1 1007
8265 18611 4205460 1 1007
8267 18611 4205470 1 1007
8269 18611 4205480 1 1007
8271 18611 4205490 1 1007
8273 18611 4205500 1 1007
8274 18611 4205510 1 1007
8276 18611 4205520 1 1007
8277 18611 4205530 1 1007
8278 18611 4205540 1 1007
8279 18612 4205550 1 1007
8279 18612 4205560 1 1007
8279 18613 4205570 1 1007
8278 18614 4205580 1 1006
8276 18615 4205590 1 1006
8275 18615 4205600 1 1006
8274 18615 4205610 1 1006
8272 18615 4205620 1 1006
8270 18615 4205630 1 1006
8268 18615 4205640 1 1006
8266 18614 4205650 1 1006
8265 18614 4205660 1 1006
8266 18613 4205670 1 1006
8267 18612 4205680 1 1006
8268 18611 4205690 1 1006
8270 18610 4205700 1 1006
8273 18608 4205710 1 1006
8275 18607 4205720 1 1006
8277 18606 4205730 1 1006
8279 18605 4205740 1 1006
8281 18605 4205750 1 1006
8282 18605 4205760 1 1005
8283 18604 4205770 1 1005
8285 18604 4205780 1 1005
8285 18604 4205790 1 1005
8286 18604 4205800 1 1005
8286 18604 4205810 1 1005
8286 18604 4205820 1 1005
8286 18604 4205830 1 1005
8285 18603 4205840 1 1005
8283 18603 4205850 1 1005
8280 18602 4205860 1 1005
8276 18602 4205870 1 1005
8272 18601 4205880 1 1005
8268 18601 4205890 1 1005
8263 18601 4205900 1 1005
8258 18602 4205910 1 1005
8253 18603 4205920 1 1005
8250 18604 4205930 1 1005
8246 18605 4205940 1 1004
8244 18607 4205950 1 1004
8242 18609 4205960 1 1004
8240 18612 4205970 1 1004
8238 18614 4205980 1 1004
8235 18615 4205990 1 1004
8233 18617 4206000 1 1004
8230 18618 4206010 1 1004
8228 18618 4206020 1 1004
8226 18618 4206030 1 1004
8225 18618 4206040 1 1004
8223 18618 4206050 1 1004
8221 18618 4206060 1 1004
8219 18617 4206070 1 1004
8218 18617 4206080 1 1004
8217 18616 4206090 1 1004
8216 18616 4206100 1 1004
8216 18615 4206110 1 1004
8217 18615 4206120 1 1003
8218 18615 4206130 1 1003
8220 18615 4206140 1 1003
8223 18615 4206150 1 1003
8226 18616 4206160 1 1003
8229 18617 4206170 1 1003
8233 18618 4206180 1 1003
8236 18620 4206190 1 1003
8239 18621 4206200 1 1003
8241 18623 4206210 1 1003
8242 18624 4206220 1 1003
8244 18625 4206230 1 1003
8245 18625 4206240 1 1003
8247 18626 4206250 1 1003
8248 18626 4206260 1 1003
8250 18626 4206270 1 1003
8253 18625 4206280 1 1003
8256 18624 4206290 1 1002
8258 18623 4206300 1 1002
8261 18622 4206310 1 1002
8263 18620 4206320 1 1002
8265 18619 4206330 1 1002
8266 18618 4206340 1 1002
8267 18617 4206350 1 1002
8268 18616 4206360 1 1002
8268 18615 4206370 1 1002
8269 18615 4206380 1 1002
8268 18616 4206390 1 1002
8268 18616 4206400 1 1002
8267 18616 4206410 1 1002
8265 18617 4206420 1 1002
8264 18617 4206430 1 1002
8264 18618 4206440 1 1002
8263 18618 4206450 1 1002
8263 18618 4206460 1 1002
8263 18619 4206470 1 1002
8263 18618 4206480 1 1001
8262 18618 4206490 1 1001
8262 18618 4206500 1 1001
8262 18617 4206510 1 1001
8262 18617 4206520 1 1001
8263 18617 4206530 1 1001
8264 18616 4206540 1 1001
8265 18616 4206550 1 1001
8267 18616 4206560 1 1001
8268 18615 4206570 1 1001
8269 18615 4206580 1 1001
8270 18615 4206590 1 1001
8270 18615 4206600 1 1001
8270 18614 4206610 1 1001
8271 18614 4206620 1 1001
8270 18614 4206630 1 1001
8269 18613 4206640 1 1001
8266 18612 4206650 1 1000
8264 18611 4206660 1 1000
8261 18611 4206670 1 1000
8258 18610 4206680 1 1000
8256 18610 4206690 1 1000
8253 18610 4206700 1 1000
8250 18610 4206710 1 1000
8248 18611 4206720 1 1000
8245 18612 4206730 1 1000
8243 18613 4206740 1 1000
8242 18613 4206750 1 1000
8241 18614 4206760 1 1000
8241 18615 4206770 1 1000
8241 18615 4206780 1 1000
8242 18616 4206790 1 1000
8244 18616 4206800 1 1000
8246 18616 4206810 1 1000
8249 18616 4206820 1 999
8252 18616 4206830 1 999
8255 18615 4206840 1 999
8258 18615 4206850 1 999
8260 18613 4206860 1 999
8261 18613 4206870 1 999
8261 18612 4206880 1 999
8262 18612 4206890 1 999
8262 18611 4206900 1 999
8262 18611 4206910 1 999
8262 18611 4206920 1 999
8262 18612 4206930 1 999
8262 18612 4206940 1 999
8262 18612 4206950 1 999
8262 18613 4206960 1 999
8262 18613 4206970 1 999
8262 18613 4206980 1 999
8263 18614 4206990 1 999
8264 18614 4207000 1 999
8267 18615 4207010 1 998
8270 18616 4207020 1 998
8273 18617 4207030 1 998
8277 18617 4207040 1 998
8281 18618 4207050 1 998
8286 18619 4207060 1 998
8290 18620 4207070 1 998
8294 18621 4207080 1 998
8297 18622 4207090 1 998
8299 18622 4207100 1 998
8300 18623 4207110 1 998
8300 18623 4207120 1 998
8299 18622 4207130 1 998
8297 18622 4207140 1 998
8294 18621 4207150 1 998
8291 18621 4207160 1 998
8287 18620 4207170 1 998
8284 18620 4207180 1 998
8281 18620 4207190 1 997
8279 18620 4207200 1 997
8276 18620 4207210 1 997
8275 18621 4207220 1 997
8274 18622 4207230 1 997
8274 18623 4207240 1 997
8274 18624 4207250 1 997
8276 18625 4207260 1 997
8278 18626 4207270 1 997
8280 18627 4207280 1 997
8281 18628 4207290 1 997
8281 18628 4207300 1 997
8282 18629 4207310 1 997
8282 18630 4207320 1 997
8281 18631 4207330 1 997
8280 18632 4207340 1 997
8279 18633 4207350 1 997
8278 18634 4207360 1 997
8278 18634 4207370 1 996
8277 18635 4207380 1 996
8277 18636 4207390 1 996
8276 18636 4207400 1 996
8276 18637 4207410 1 996
8276 18637 4207420 1 996
8275 18638 4207430 1 996
8275 18638 4207440 1 996
8275 18637 4207450 1 996
8276 18636 4207460 1 996
8276 18635 4207470 1 996
8277 18633 4207480 1 996
8278 18631 4207490 1 996
8279 18629 4207500 1 996
8281 18626 4207510 1 996
8283 18623 4207520 1 996
8285 18621 4207530 1 996
8287 18618 4207540 1 996
8289 18616 4207550 1 995
8289 18614 4207560 1 995
8289 18612 4207570 1 995
8288 18611 4207580 1 995
8286 18610 4207590 1 995
8282 18609 4207600 1 995
8278 18608 4207610 1 995
8273 18608 4207620 1 995
8269 18607 4207630 1 995
8263 18606 4207640 1 995
8258 18606 4207650 1 995
8252 18606 4207660 1 995
8246 18606 4207670 1 995
8239 18606 4207680 1 995
8233 18606 4207690 1 995
8227 18606 4207700 1 995
8224 18606 4207710 1 995
8222 18606 4207720 1 995
8217 18607 4207730 1 994
8214 18607 4207740 1 994
8212 18607 4207750 1 994
8212 18607 4207760 1 994
8213 18608 4207770 1 994
8214 18608 4207780 1 994
8217 18608 4207790 1 994
8221 18609 4207800 1 994
8224 18609 4207810 1 994
8229 18610 4207820 1 994
8232 18610 4207830 1 994
8236 18610 4207840 1 994
8238 18610 4207850 1 994
8240 18609 4207860 1 994
8241 18609 4207870 1 994
8242 18608 4207880 1 994
8242 18608 4207890 1 994
8243 18608 4207900 1 993
8243 18608 4207910 1 993
8244 18608 4207920 1 993
8244 18607 4207930 1 993
8245 18607 4207940 1 993
8246 18606 4207950 1 993
8248 18606 4207960 1 993
8250 18605 4207970 1 993
8252 18604 4207980 1 993
8254 18603 4207990 1 993
8256 18602 4208000 1 993
8259 18601 4208010 1 993
8261 18599 4208020 1 993
8264 18598 4208030 1 993
8267 18597 4208040 1 993
8269 18595 4208050 1 993
8270 18594 4208060 1 993
8272 18592 4208070 1 992
8273 18591 4208080 1 992
8274 18590 4208090 1 992
8273 18589 4208100 1 992
8272 18588 4208110 1 992
8269 18587 4208120 1 992
8265 18588 4208130 1 992
8260 18588 4208140 1 992
8255 18589 4208150 1 992
8249 18591 4208160 1 992
8245 18592 4208170 1 992
8241 18594 4208180 1 992
8237 18596 4208190 1 992
8234 18598 4208200 1 992
8233 18600 4208210 1 992
8232 18602 4208220 1 992
8232 18604 4208230 1 992
8233 18607 4208240 1 992
8234 18609 4208250 1 991
8236 18611 4208260 1 991
8239 18613 4208270 1 991
8243 18615 4208280 1 991
8246 18616 4208290 1 991
8249 18617 4208300 1 991
8251 18618 4208310 1 991
8253 18619 4208320 1 991
8253 18620 4208330 1 991
8253 18621 4208340 1 991
8253 18622 4208350 1 991
8252 18622 4208360 1 991
8250 18622 4208370 1 991
8248 18622 4208380 1 991
