7826 17655 3158260 1 736
7826 17655 3158270 1 636
7826 17655 3158280 1 562
7826 17656 3158290 1 510
7826 17656 3158300 1 477
7826 17656 3158310 1 462
7827 17657 3158320 1 461
7827 17658 3158330 1 472
7829 17659 3158340 1 494
7831 17660 3158350 1 522
7833 17660 3158360 1 556
7835 17661 3158370 1 590
7838 17661 3158380 1 625
7840 17661 3158390 1 656
7843 17660 3158400 1 684
7846 17659 3158410 1 710
7848 17658 3158420 1 732
7850 17657 3158430 1 753
7852 17655 3158440 1 770
7855 17654 3158450 1 785
7857 17652 3158460 1 808
7858 17651 3158470 1 817
7860 17650 3158480 1 823
7861 17649 3158490 1 828
7861 17648 3158500 1 831
7861 17647 3158510 1 832
7860 17646 3158520 1 833
7859 17645 3158530 1 832
7856 17644 3158540 1 830
7853 17643 3158550 1 827
7849 17641 3158560 1 823
7844 17639 3158570 1 817
7838 17635 3158580 1 812
7831 17632 3158590 1 804
7824 17627 3158600 1 796
7815 17621 3158610 1 788
7807 17613 3158620 1 780
7798 17605 3158630 1 771
7790 17595 3158640 1 761
7783 17585 3158650 1 743
7778 17574 3158660 1 734
7774 17563 3158670 1 726
7771 17552 3158680 1 718
7771 17542 3158690 1 711
7771 17533 3158700 1 704
7773 17526 3158710 1 699
7774 17520 3158720 1 695
7776 17516 3158730 1 692
7778 17513 3158740 1 690
7780 17512 3158750 1 689
7782 17512 3158760 1 689
7784 17512 3158770 1 688
7785 17514 3158780 1 688
7786 17517 3158790 1 689
7786 17519 3158800 1 691
7786 17522 3158810 1 692
7785 17524 3158820 1 695
7784 17526 3158830 1 697
7782 17528 3158840 1 702
7781 17529 3158850 1 705
7779 17530 3158860 1 707
7778 17530 3158870 1 710
7776 17531 3158880 1 711
7775 17531 3158890 1 714
7774 17532 3158900 1 715
7773 17532 3158910 1 716
7773 17532 3158920 1 717
7772 17533 3158930 1 718
7772 17533 3158940 1 719
7772 17533 3158950 1 719
7772 17533 3158960 1 720
7773 17533 3158970 1 720
7773 17534 3158980 1 721
7774 17534 3158990 1 721
7775 17536 3159000 1 721
7776 17537 3159010 1 721
7777 17540 3159020 1 721
7778 17543 3159030 1 721
7780 17546 3159040 1 721
7783 17550 3159050 1 721
7785 17554 3159060 1 721
7789 17558 3159070 1 721
7792 17563 3159080 1 721
7796 17567 3159090 1 722
7800 17572 3159100 1 722
7804 17576 3159110 1 722
7808 17581 3159120 1 723
7812 17585 3159130 1 724
7816 17589 3159140 1 724
7820 17592 3159150 1 724
7823 17595 3159160 1 725
7826 17597 3159170 1 726
7829 17599 3159180 1 727
7831 17601 3159190 1 728
7833 17602 3159200 1 729
7835 17602 3159210 1 730
7838 17602 3159220 1 731
7840 17602 3159230 1 732
7842 17601 3159240 1 732
7845 17600 3159250 1 733
7847 17600 3159260 1 734
7849 17599 3159270 1 735
7852 17599 3159280 1 735
7854 17600 3159290 1 736
7856 17601 3159300 1 737
7859 17602 3159310 1 738
7861 17605 3159320 1 739
7864 17607 3159330 1 739
7866 17610 3159340 1 740
7867 17614 3159350 1 741
7868 17617 3159360 1 742
7869 17621 3159370 1 742
7869 17624 3159380 1 743
7869 17627 3159390 1 744
7868 17629 3159400 1 744
7867 17631 3159410 1 745
7865 17632 3159420 1 746
7863 17633 3159430 1 747
7861 17633 3159440 1 748
7858 17633 3159450 1 749
7855 17633 3159460 1 750
7851 17633 3159470 1 750
7848 17633 3159480 1 751
7845 17632 3159490 1 752
7843 17631 3159500 1 753
7840 17630 3159510 1 754
7839 17628 3159520 1 755
7837 17626 3159530 1 757
7836 17625 3159540 1 758
7836 17623 3159550 1 760
7837 17622 3159560 1 761
7838 17621 3159570 1 763
7839 17620 3159580 1 763
7841 17620 3159590 1 765
7844 17620 3159600 1 766
7847 17620 3159610 1 767
7850 17620 3159620 1 767
7853 17620 3159630 1 767
7857 17620 3159640 1 767
7861 17620 3159650 1 766
7866 17620 3159660 1 766
7869 17619 3159670 1 769
7873 17619 3159680 1 776
7877 17618 3159690 1 786
7880 17617 3159700 1 799
7882 17615 3159710 1 807
7884 17613 3159720 1 815
7886 17611 3159730 1 832
7887 17609 3159740 1 851
7888 17607 3159750 1 871
7888 17604 3159760 1 890
7887 17602 3159770 1 909
7886 17600 3159780 1 943
7884 17598 3159790 1 949
7882 17596 3159800 1 949
7880 17595 3159810 1 950
7877 17594 3159820 1 951
7875 17594 3159830 1 952
7872 17594 3159840 1 952
7869 17595 3159850 1 953
7867 17596 3159860 1 944
7864 17597 3159870 1 919
7862 17599 3159880 1 885
7860 17600 3159890 1 843
7859 17602 3159900 1 792
7858 17604 3159910 1 731
7858 17606 3159920 1 663
7858 17607 3159930 1 590
7858 17609 3159940 1 512
7860 17612 3159950 1 491
7861 17614 3159960 1 435
7863 17616 3159970 1 290
7865 17617 3159980 1 227
7867 17619 3159990 1 172
7869 17620 3160000 1 129
7871 17621 3160010 1 128
7872 17621 3160020 1 126
7874 17621 3160030 1 125
7875 17621 3160040 1 123
7875 17620 3160050 1 122
7876 17620 3160060 1 141
7876 17619 3160070 1 178
7877 17618 3160080 1 223
7877 17618 3160090 1 273
7877 17617 3160100 1 329
7877 17616 3160110 1 389
7877 17616 3160120 1 451
7877 17616 3160130 1 516
7877 17615 3160140 1 581
7877 17615 3160150 1 708
7876 17615 3160160 1 767
7876 17615 3160170 1 823
7876 17615 3160180 1 873
7875 17615 3160190 1 897
7874 17616 3160200 1 919
7873 17616 3160210 1 958
7872 17617 3160220 1 980
7870 17617 3160230 1 981
7869 17617 3160240 1 982
7868 17618 3160250 1 983
7868 17618 3160260 1 984
7867 17618 3160270 1 984
7866 17618 3160280 1 985
7865 17618 3160290 1 986
7864 17617 3160300 1 987
7863 17617 3160310 1 987
7861 17616 3160320 1 988
7860 17615 3160330 1 989
7859 17615 3160340 1 990
7859 17614 3160350 1 968
7858 17613 3160360 1 932
7859 17611 3160370 1 893
7859 17610 3160380 1 849
7861 17608 3160390 1 802
7862 17607 3160400 1 750
7864 17605 3160410 1 697
7866 17604 3160420 1 640
7869 17603 3160430 1 612
7871 17603 3160440 1 583
7873 17603 3160450 1 525
7876 17603 3160460 1 467
7879 17604 3160470 1 409
7881 17604 3160480 1 353
7884 17605 3160490 1 298
7886 17607 3160500 1 248
7888 17608 3160510 1 199
7890 17610 3160520 1 155
7892 17612 3160530 1 83
7893 17614 3160540 1 37
7895 17616 3160550 1 36
7896 17618 3160560 1 34
7896 17620 3160570 1 32
7897 17622 3160580 1 30
7897 17625 3160590 1 29
7897 17627 3160600 1 27
7897 17628 3160610 1 25
7897 17630 3160620 1 23
7896 17631 3160630 1 21
7896 17632 3160640 1 19
7895 17633 3160650 1 17
7893 17634 3160660 1 25
7892 17634 3160670 1 32
7891 17633 3160680 1 44
7890 17632 3160690 1 74
7889 17632 3160700 1 113
7889 17631 3160710 1 160
7888 17629 3160720 1 274
7888 17628 3160730 1 338
7887 17627 3160740 1 406
7887 17626 3160750 1 441
7887 17625 3160760 1 476
7886 17624 3160770 1 547
7886 17623 3160780 1 618
7886 17622 3160790 1 687
7886 17621 3160800 1 751
7886 17619 3160810 1 812
7886 17618 3160820 1 867
7886 17617 3160830 1 915
7887 17616 3160840 1 955
7888 17615 3160850 1 985
7889 17614 3160860 1 1006
7890 17614 3160870 1 1014
7892 17613 3160880 1 1014
7893 17613 3160890 1 1013
7895 17612 3160900 1 1012
7896 17612 3160910 1 1010
7898 17611 3160920 1 1010
7899 17611 3160930 1 1010
7901 17611 3160940 1 1009
7902 17611 3160950 1 1008
7903 17611 3160960 1 1007
7905 17611 3160970 1 1006
7906 17611 3160980 1 1006
7907 17612 3160990 1 1005
7908 17612 3161000 1 1004
7909 17613 3161010 1 1000
7910 17613 3161020 1 987
7911 17614 3161030 1 975
7912 17614 3161040 1 962
7913 17615 3161050 1 950
7913 17615 3161060 1 938
7914 17616 3161070 1 926
7914 17616 3161080 1 915
7915 17616 3161090 1 904
7915 17616 3161100 1 887
7916 17616 3161110 1 880
7916 17615 3161120 1 875
7916 17615 3161130 1 871
7917 17613 3161140 1 869
7918 17612 3161150 1 870
7919 17610 3161160 1 870
7919 17609 3161170 1 871
7920 17607 3161180 1 876
7921 17606 3161190 1 883
7922 17604 3161200 1 892
7922 17603 3161210 1 904
7923 17602 3161220 1 920
7923 17601 3161230 1 937
7924 17600 3161240 1 958
7924 17599 3161250 1 980
7924 17599 3161260 1 984
7924 17599 3161270 1 983
7924 17599 3161280 1 982
7923 17600 3161290 1 981
7922 17600 3161300 1 981
7921 17601 3161310 1 979
7919 17602 3161320 1 979
7918 17603 3161330 1 979
7916 17604 3161340 1 977
7914 17605 3161350 1 977
7912 17605 3161360 1 976
7910 17605 3161370 1 975
7909 17606 3161380 1 924
7908 17606 3161390 1 862
7907 17606 3161400 1 830
7906 17606 3161410 1 791
7906 17606 3161420 1 714
7906 17606 3161430 1 634
7906 17606 3161440 1 551
7907 17605 3161450 1 470
7907 17605 3161460 1 393
7908 17605 3161470 1 321
7909 17605 3161480 1 203
7911 17605 3161490 1 162
7913 17605 3161500 1 127
7916 17605 3161510 1 128
7918 17606 3161520 1 129
7921 17606 3161530 1 131
7924 17606 3161540 1 133
7927 17607 3161550 1 134
7930 17607 3161560 1 136
7933 17608 3161570 1 138
7936 17608 3161580 1 140
7938 17608 3161590 1 141
7940 17609 3161600 1 143
7942 17609 3161610 1 145
7944 17609 3161620 1 153
7945 17609 3161630 1 171
7946 17609 3161640 1 185
7946 17609 3161650 1 198
7946 17609 3161660 1 231
7947 17609 3161670 1 312
7947 17610 3161680 1 359
7947 17611 3161690 1 409
7946 17612 3161700 1 461
7946 17613 3161710 1 515
7946 17614 3161720 1 569
7946 17616 3161730 1 623
7945 17617 3161740 1 674
7945 17619 3161750 1 723
7944 17620 3161760 1 769
7943 17622 3161770 1 811
7943 17624 3161780 1 848
7942 17626 3161790 1 879
7941 17627 3161800 1 903
7940 17628 3161810 1 920
7939 17630 3161820 1 929
7939 17631 3161830 1 931
7938 17631 3161840 1 936
7938 17632 3161850 1 940
7938 17632 3161860 1 939
7938 17632 3161870 1 938
7938 17631 3161880 1 938
7938 17631 3161890 1 937
7938 17630 3161900 1 937
7938 17629 3161910 1 936
7938 17629 3161920 1 935
7938 17628 3161930 1 934
7937 17627 3161940 1 934
7936 17627 3161950 1 934
7936 17626 3161960 1 932
7935 17625 3161970 1 932
7934 17624 3161980 1 931
7933 17624 3161990 1 930
7932 17623 3162000 1 930
7931 17623 3162010 1 929
7930 17622 3162020 1 929
7930 17622 3162030 1 927
7929 17623 3162040 1 927
7929 17623 3162050 1 926
7930 17623 3162060 1 900
7930 17624 3162070 1 863
7931 17624 3162080 1 823
7932 17624 3162090 1 780
7933 17625 3162100 1 735
7935 17625 3162110 1 689
7936 17625 3162120 1 666
7938 17625 3162130 1 642
7939 17625 3162140 1 594
7941 17624 3162150 1 548
7942 17624 3162160 1 502
7944 17624 3162170 1 458
7944 17623 3162180 1 417
7945 17623 3162190 1 379
7945 17622 3162200 1 344
7944 17621 3162210 1 312
7943 17621 3162220 1 287
7942 17621 3162230 1 241
7940 17620 3162240 1 241
7939 17620 3162250 1 243
7937 17620 3162260 1 244
7935 17620 3162270 1 246
7933 17620 3162280 1 247
7931 17620 3162290 1 249
7930 17619 3162300 1 251
7928 17619 3162310 1 252
7927 17619 3162320 1 254
7927 17619 3162330 1 255
7926 17619 3162340 1 257
7926 17619 3162350 1 264
7927 17619 3162360 1 269
7927 17619 3162370 1 279
7928 17619 3162380 1 301
7929 17620 3162390 1 328
7931 17620 3162400 1 360
7933 17620 3162410 1 396
7936 17620 3162420 1 476
7939 17620 3162430 1 519
7942 17620 3162440 1 563
7946 17620 3162450 1 607
7949 17619 3162460 1 651
7953 17619 3162470 1 693
7956 17618 3162480 1 733
7959 17617 3162490 1 770
7961 17616 3162500 1 804
7964 17615 3162510 1 832
7966 17614 3162520 1 857
7968 17613 3162530 1 875
7969 17612 3162540 1 888
7970 17612 3162550 1 893
7971 17611 3162560 1 893
7971 17610 3162570 1 892
7970 17609 3162580 1 891
7969 17609 3162590 1 890
7968 17609 3162600 1 890
7966 17608 3162610 1 890
7965 17608 3162620 1 889
7963 17608 3162630 1 888
7961 17608 3162640 1 887
7960 17609 3162650 1 887
7958 17609 3162660 1 887
7957 17609 3162670 1 886
7955 17610 3162680 1 885
7954 17610 3162690 1 884
7954 17610 3162700 1 884
7953 17611 3162710 1 884
7953 17611 3162720 1 882
7953 17612 3162730 1 882
7954 17613 3162740 1 881
7955 17613 3162750 1 881
7956 17614 3162760 1 880
7957 17614 3162770 1 879
7958 17615 3162780 1 879
7959 17616 3162790 1 878
7960 17616 3162800 1 878
7961 17617 3162810 1 877
7963 17618 3162820 1 876
7964 17620 3162830 1 875
7965 17621 3162840 1 875
7966 17622 3162850 1 875
7968 17623 3162860 1 874
7969 17624 3162870 1 873
7971 17625 3162880 1 873
7972 17625 3162890 1 872
7974 17626 3162900 1 872
7976 17626 3162910 1 872
7978 17627 3162920 1 870
7979 17627 3162930 1 870
7981 17627 3162940 1 869
7982 17628 3162950 1 869
7984 17628 3162960 1 868
7985 17628 3162970 1 868
7986 17628 3162980 1 867
7986 17629 3162990 1 866
7987 17629 3163000 1 865
7988 17629 3163010 1 865
7989 17629 3163020 1 865
7990 17629 3163030 1 864
7990 17629 3163040 1 863
7991 17629 3163050 1 862
7992 17629 3163060 1 862
7993 17630 3163070 1 862
7993 17630 3163080 1 861
7994 17630 3163090 1 860
7995 17630 3163100 1 859
7996 17630 3163110 1 859
7997 17630 3163120 1 859
7998 17630 3163130 1 858
7999 17630 3163140 1 858
8000 17631 3163150 1 857
8001 17631 3163160 1 856
8002 17631 3163170 1 855
8002 17631 3163180 1 855
8003 17632 3163190 1 854
8003 17632 3163200 1 854
8002 17632 3163210 1 854
8002 17632 3163220 1 853
8001 17633 3163230 1 852
8000 17633 3163240 1 851
