7810 18339 5530762 1 1024
7811 18339 5530772 1 1024
7811 18339 5530782 1 1024
7811 18339 5530792 1 1024
7811 18339 5530802 1 1024
7811 18339 5530812 1 1024
7812 18339 5530822 1 816
7818 18342 5530832 1 655
7828 18348 5530842 1 543
7840 18355 5530852 1 471
7852 18361 5530862 1 437
7863 18367 5530872 1 434
7872 18372 5530882 1 457
7876 18375 5530892 1 474
7880 18378 5530902 1 503
7888 18385 5530912 1 564
7897 18393 5530922 1 638
7905 18399 5530932 1 719
7913 18404 5530942 1 805
7919 18407 5530952 1 890
7922 18407 5530962 1 972
7922 18403 5530972 1 1024
7921 18395 5530982 1 1024
7915 18385 5530992 1 1024
7906 18372 5531002 1 1024
7893 18355 5531012 1 1024
7886 18347 5531022 1 1024
7876 18336 5531032 1 1024
7855 18314 5531042 1 1024
7831 18293 5531052 1 1024
7804 18272 5531062 1 1024
7777 18253 5531072 1 932
7754 18236 5531082 1 788
7734 18229 5531092 1 611
7723 18230 5531102 1 415
7718 18239 5531112 1 218
7720 18255 5531122 1 35
7727 18274 5531132 0 0
7737 18291 5531142 0 0
7742 18299 5531152 0 0
7748 18305 5531162 0 0
7758 18314 5531172 0 0
7767 18318 5531182 0 0
7774 18317 5531192 0 0
7780 18312 5531202 0 0
7785 18306 5531212 0 0
7788 18300 5531222 0 0
7792 18298 5531232 0 0
7795 18299 5531242 0 0
7799 18302 5531252 0 0
7802 18308 5531262 0 0
7804 18315 5531272 0 0
7805 18319 5531282 0 0
7806 18323 5531292 0 0
7808 18330 5531302 0 0
7811 18336 5531312 0 0
7815 18340 5531322 0 0
7820 18342 5531332 1 25
7825 18341 5531342 1 87
7830 18338 5531352 1 155
7835 18333 5531362 1 225
7839 18328 5531372 1 296
7841 18323 5531382 1 369
7841 18319 5531392 1 440
7838 18314 5531402 1 510
7837 18312 5531412 1 544
7835 18311 5531422 1 576
7830 18307 5531432 1 638
7825 18305 5531442 1 697
7820 18303 5531452 1 748
7816 18302 5531462 1 793
7815 18302 5531472 1 830
7816 18302 5531482 1 860
7820 18302 5531492 1 872
7825 18302 5531502 1 878
7832 18302 5531512 1 888
7840 18302 5531522 1 890
7848 18302 5531532 1 888
7852 18301 5531542 1 882
7855 18301 5531552 1 866
7860 18300 5531562 1 838
7863 18298 5531572 1 797
7863 18296 5531582 1 739
7859 18294 5531592 1 664
7853 18293 5531602 1 576
7844 18291 5531612 1 476
7834 18290 5531622 1 371
7823 18291 5531632 1 264
7813 18292 5531642 1 161
7804 18294 5531652 1 67
7797 18297 5531662 0 0
7794 18299 5531672 0 0
7792 18301 5531682 0 0
7790 18304 5531692 0 0
7789 18308 5531702 0 0
7788 18310 5531712 0 0
7788 18312 5531722 0 0
7786 18312 5531732 0 0
7784 18310 5531742 0 0
7780 18308 5531752 0 0
7775 18303 5531762 0 0
7771 18297 5531772 0 0
7767 18290 5531782 0 0
7765 18282 5531792 0 0
7765 18278 5531802 0 0
7766 18274 5531812 0 0
7770 18266 5531822 0 0
7776 18258 5531832 0 0
7784 18252 5531842 0 0
7792 18247 5531852 0 0
7801 18243 5531862 0 0
7810 18243 5531872 0 0
7816 18245 5531882 0 0
7821 18252 5531892 0 0
7824 18261 5531902 1 35
7824 18271 5531912 1 88
7823 18280 5531922 1 145
7822 18284 5531932 1 207
7820 18287 5531942 1 271
7816 18292 5531952 1 337
7812 18295 5531962 1 404
7808 18296 5531972 1 439
7804 18295 5531982 1 473
7801 18293 5531992 1 542
7798 18289 5532002 1 612
7795 18285 5532012 1 680
7792 18281 5532022 1 745
7789 18277 5532032 1 809
7785 18274 5532042 1 876
7780 18272 5532052 1 970
7778 18271 5532062 1 1022
7775 18272 5532072 1 1024
7769 18272 5532082 1 1024
7764 18274 5532092 1 1024
7758 18276 5532102 1 1024
7752 18278 5532112 1 1024
7747 18280 5532122 1 1024
7743 18282 5532132 1 1024
7739 18284 5532142 1 1024
7736 18285 5532152 1 1024
7733 18286 5532162 1 1024
7730 18286 5532172 1 1024
7728 18286 5532182 1 1024
7725 18285 5532192 1 1024
7723 18284 5532202 1 1024
7721 18282 5532212 1 1024
7719 18279 5532222 1 1024
7717 18276 5532232 1 1024
7715 18274 5532242 1 1024
7714 18271 5532252 1 1024
7714 18270 5532262 1 1024
7714 18270 5532272 1 1024
