8012 17305 2944997 1 547
7899 17360 2945007 1 408
7849 17457 2945017 1 295
7822 17445 2945027 1 205
7803 17442 2945037 1 135
7766 17501 2945047 1 83
7748 17539 2945057 1 46
7753 17573 2945067 1 22
7792 17645 2945077 1 8
7808 17655 2945087 1 2
7820 17679 2945097 0 0
7830 17719 2945107 0 0
7832 17740 2945117 0 0
7838 17748 2945127 0 0
7856 17747 2945137 0 0
7882 17714 2945147 0 0
7909 17645 2945157 0 0
7915 17639 2945167 0 0
7920 17640 2945177 0 0
7923 17642 2945187 0 0
7924 17643 2945197 0 0
7920 17644 2945207 0 0
7914 17654 2945217 0 0
7903 17672 2945227 1 3
7891 17696 2945237 1 32
7886 17687 2945247 1 47
7880 17643 2945257 1 79
7869 17588 2945267 1 117
7855 17550 2945277 1 160
7839 17508 2945287 1 203
7823 17464 2945297 1 251
7815 17440 2945307 1 274
7792 17374 2945317 1 344
7777 17348 2945327 1 389
7762 17336 2945337 1 432
7748 17336 2945347 1 470
7740 17349 2945357 1 503
7736 17358 2945367 1 518
7736 17372 2945377 1 530
7742 17403 2945387 1 547
7769 17480 2945397 1 554
7791 17523 2945407 1 539
7816 17568 2945417 1 512
7830 17590 2945427 1 495
7846 17611 2945437 1 468
7875 17656 2945447 1 412
7904 17699 2945457 1 345
7931 17738 2945467 1 270
7978 17796 2945477 1 119
7996 17810 2945487 1 59
8009 17811 2945497 1 21
8018 17796 2945507 1 13
8021 17762 2945517 1 44
8018 17708 2945527 1 122
8007 17662 2945537 1 256
7989 17587 2945547 1 455
7938 17332 2945557 1 1024
