7685 18417 3965607 1 452
7686 18417 3965617 1 471
7686 18418 3965627 1 490
7686 18418 3965637 1 507
7686 18418 3965647 1 525
7686 18418 3965657 1 542
7685 18418 3965667 1 572
7684 18417 3965677 1 580
7684 18416 3965687 1 586
7683 18413 3965697 1 601
7681 18410 3965707 1 613
7680 18407 3965717 1 625
7681 18404 3965727 1 648
7682 18403 3965737 1 659
7682 18402 3965747 1 669
7682 18402 3965757 1 674
7681 18401 3965767 1 679
7680 18401 3965777 1 687
7678 18401 3965787 1 695
7676 18402 3965797 1 704
7675 18403 3965807 1 711
7674 18404 3965817 1 718
7672 18405 3965827 1 724
7670 18407 3965837 1 730
7662 18410 3965847 1 735
7658 18411 3965857 1 741
7655 18413 3965867 1 745
7653 18415 3965877 1 749
7651 18416 3965887 1 754
7651 18418 3965897 1 757
7652 18421 3965907 1 763
7654 18422 3965917 1 764
7655 18423 3965927 1 765
7657 18424 3965937 1 767
7658 18424 3965947 1 769
7659 18425 3965957 1 771
7662 18428 3965967 1 772
7663 18429 3965977 1 773
7663 18430 3965987 1 774
7663 18432 3965997 1 774
7662 18434 3966007 1 775
7661 18435 3966017 1 775
7657 18438 3966027 1 774
7654 18440 3966037 1 774
7650 18442 3966047 1 774
7646 18444 3966057 1 773
7641 18446 3966067 1 773
7636 18448 3966077 1 772
7622 18454 3966087 1 770
7614 18457 3966097 1 770
7606 18460 3966107 1 769
7599 18462 3966117 1 767
7592 18465 3966127 1 766
7586 18467 3966137 1 765
7578 18470 3966147 1 763
7578 18472 3966157 1 762
7579 18473 3966167 1 761
7582 18475 3966177 1 761
7587 18476 3966187 1 758
7592 18477 3966197 1 757
7606 18477 3966207 1 754
7614 18476 3966217 1 753
7624 18475 3966227 1 752
7634 18474 3966237 1 751
7645 18472 3966247 1 751
7656 18469 3966257 1 749
7676 18464 3966267 1 748
7685 18460 3966277 1 747
7694 18457 3966287 1 745
7701 18453 3966297 1 745
7707 18449 3966307 1 744
7712 18445 3966317 1 744
7721 18436 3966327 1 744
7725 18432 3966337 1 744
7728 18428 3966347 1 744
7730 18424 3966357 1 743
7732 18420 3966367 1 744
7732 18417 3966377 1 744
7732 18412 3966387 1 746
7732 18409 3966397 1 748
7732 18406 3966407 1 749
7732 18404 3966417 1 750
7731 18402 3966427 1 751
7731 18400 3966437 1 753
7727 18399 3966447 1 757
7725 18398 3966457 1 761
7722 18398 3966467 1 764
7719 18399 3966477 1 767
7715 18399 3966487 1 768
7712 18400 3966497 1 770
7704 18402 3966507 1 775
7701 18403 3966517 1 779
7698 18405 3966527 1 783
7695 18407 3966537 1 789
7693 18409 3966547 1 793
7692 18411 3966557 1 799
7690 18416 3966567 1 808
7690 18418 3966577 1 810
7689 18421 3966587 1 815
7688 18423 3966597 1 821
7687 18425 3966607 1 825
7686 18428 3966617 1 831
7684 18432 3966627 1 839
7684 18434 3966637 1 842
7684 18435 3966647 1 844
7684 18437 3966657 1 845
7686 18438 3966667 1 849
7688 18440 3966677 1 851
7693 18441 3966687 1 851
7696 18442 3966697 1 852
7699 18442 3966707 1 852
7703 18442 3966717 1 851
7706 18442 3966727 1 850
7709 18442 3966737 1 848
7714 18442 3966747 1 842
7716 18441 3966757 1 837
7717 18441 3966767 1 831
7717 18440 3966777 1 823
7717 18439 3966787 1 815
7716 18438 3966797 1 805
7713 18436 3966807 1 788
7712 18435 3966817 1 781
7710 18433 3966827 1 767
7710 18432 3966837 1 752
7709 18431 3966847 1 736
7708 18429 3966857 1 718
7707 18426 3966867 1 700
7706 18425 3966877 1 680
7706 18424 3966887 1 660
7705 18422 3966897 1 651
7705 18421 3966907 1 640
7704 18420 3966917 1 618
7703 18417 3966927 1 573
7702 18416 3966937 1 549
7701 18415 3966947 1 525
7701 18414 3966957 1 500
7700 18413 3966967 1 475
7700 18412 3966977 1 462
7700 18410 3966987 1 424
7700 18409 3966997 1 397
7701 18408 3967007 1 371
7702 18406 3967017 1 344
7703 18405 3967027 1 318
7705 18404 3967037 1 292
7709 18403 3967047 1 265
7711 18402 3967057 1 252
7713 18402 3967067 1 239
7714 18401 3967077 1 212
7716 18401 3967087 1 186
7717 18401 3967097 1 159
7720 18401 3967107 1 108
7721 18401 3967117 1 83
7722 18401 3967127 1 58
7723 18401 3967137 1 45
7723 18400 3967147 1 34
7724 18400 3967157 1 10
7725 18400 3967167 0 0
7725 18400 3967177 0 0
7726 18400 3967187 0 0
7726 18400 3967197 0 0
7726 18400 3967207 0 0
7727 18400 3967217 0 0
7730 18399 3967227 0 0
7732 18399 3967237 0 0
7734 18399 3967247 0 0
7737 18399 3967257 0 0
7740 18399 3967267 0 0
7743 18398 3967277 0 0
7748 18398 3967287 0 0
7750 18397 3967297 0 0
7752 18397 3967307 0 0
7752 18397 3967317 0 0
7753 18396 3967327 0 0
7752 18396 3967337 0 0
7751 18395 3967347 0 0
7749 18395 3967357 0 0
7747 18395 3967367 0 0
7745 18394 3967377 0 0
7743 18393 3967387 0 0
7740 18393 3967397 0 0
7734 18391 3967407 0 0
7731 18391 3967417 0 0
7729 18390 3967427 0 0
7726 18390 3967437 0 0
7724 18390 3967447 0 0
7722 18389 3967457 0 0
7719 18389 3967467 0 0
7718 18389 3967477 0 0
7717 18389 3967487 0 0
7716 18389 3967497 0 0
7714 18390 3967507 0 0
7714 18391 3967517 0 0
7713 18393 3967527 0 0
7714 18394 3967537 0 0
7714 18396 3967547 0 0
7716 18398 3967557 0 0
7717 18400 3967567 0 0
7719 18402 3967577 1 29
7724 18405 3967587 1 65
7727 18407 3967597 1 104
7729 18409 3967607 1 143
7732 18410 3967617 1 182
7734 18412 3967627 1 203
7736 18413 3967637 1 224
7740 18417 3967647 1 308
7742 18418 3967657 1 350
7743 18419 3967667 1 392
7744 18420 3967677 1 434
7745 18421 3967687 1 476
7746 18421 3967697 1 516
7747 18422 3967707 1 557
7748 18422 3967717 1 595
7748 18422 3967727 1 634
7748 18421 3967737 1 670
7748 18421 3967747 1 705
7748 18420 3967757 1 738
7746 18418 3967767 1 769
7745 18416 3967777 1 798
7744 18415 3967787 1 812
7742 18413 3967797 1 824
7740 18411 3967807 1 848
7738 18409 3967817 1 870
7735 18405 3967827 1 905
7733 18404 3967837 1 918
7732 18402 3967847 1 929
7732 18401 3967857 1 939
7731 18399 3967867 1 943
7730 18397 3967877 1 946
7727 18395 3967887 1 957
7726 18394 3967897 1 959
7725 18393 3967907 1 961
7724 18392 3967917 1 960
7724 18392 3967927 1 958
7723 18392 3967937 1 956
7722 18392 3967947 1 955
7722 18392 3967957 1 953
7722 18392 3967967 1 950
7723 18393 3967977 1 945
7723 18394 3967987 1 939
7724 18395 3967997 1 934
7725 18398 3968007 1 923
7727 18399 3968017 1 918
7728 18401 3968027 1 915
7730 18403 3968037 1 913
7731 18405 3968047 1 908
7733 18406 3968057 1 904
7736 18409 3968067 1 900
7737 18411 3968077 1 898
7739 18413 3968087 1 897
7740 18414 3968097 1 897
7741 18416 3968107 1 898
7742 18417 3968117 1 898
7744 18419 3968127 1 899
7745 18420 3968137 1 901
7746 18421 3968147 1 902
7746 18421 3968157 1 904
7746 18421 3968167 1 908
7746 18422 3968177 1 910
7745 18422 3968187 1 915
7745 18422 3968197 1 917
7746 18422 3968207 1 920
7746 18422 3968217 1 924
7747 18421 3968227 1 927
7748 18421 3968237 1 930
7750 18420 3968247 1 937
7751 18419 3968257 1 941
7752 18418 3968267 1 942
7753 18418 3968277 1 943
7754 18417 3968287 1 947
7755 18416 3968297 1 949
7756 18415 3968307 1 951
7756 18415 3968317 1 952
7755 18414 3968327 1 953
7755 18414 3968337 1 954
7754 18414 3968347 1 953
7754 18414 3968357 1 952
7752 18414 3968367 1 951
7751 18414 3968377 1 950
7750 18414 3968387 1 948
7749 18415 3968397 1 947
7748 18415 3968407 1 946
7748 18416 3968417 1 946
7747 18417 3968427 1 947
7747 18418 3968437 1 948
7747 18418 3968447 1 950
7748 18419 3968457 1 953
7748 18419 3968467 1 958
7749 18420 3968477 1 965
7751 18420 3968487 1 973
7752 18421 3968497 1 983
7752 18421 3968507 1 995
7753 18421 3968517 1 1002
7753 18421 3968527 1 1008
7753 18422 3968537 1 1023
7754 18422 3968547 1 1024
7755 18422 3968557 1 1024
7756 18422 3968567 1 1024
7757 18422 3968577 1 1024
7758 18422 3968587 1 1024
7760 18422 3968597 1 1024
7763 18422 3968607 1 1024
7765 18422 3968617 1 1024
7766 18422 3968627 1 1024
7767 18422 3968637 1 1024
7768 18422 3968647 1 1024
7768 18421 3968657 1 1024
7767 18421 3968667 1 1024
7766 18420 3968677 1 1024
7765 18420 3968687 1 1024
7764 18419 3968697 1 1020
7762 18418 3968707 1 979
7761 18418 3968717 1 932
7756 18417 3968727 1 822
7753 18417 3968737 1 760
7750 18416 3968747 1 694
7747 18416 3968757 1 662
7745 18417 3968767 1 626
7742 18417 3968777 1 556
7737 18417 3968787 1 414
7735 18418 3968797 1 343
7733 18418 3968807 1 273
7731 18419 3968817 1 206
7730 18419 3968827 1 141
7729 18419 3968837 1 110
7729 18420 3968847 1 80
7729 18420 3968857 1 25
7730 18420 3968867 0 0
7731 18420 3968877 0 0
7732 18420 3968887 0 0
7733 18419 3968897 0 0
7735 18419 3968907 0 0
7736 18419 3968917 0 0
7737 18419 3968927 0 0
7738 18419 3968937 0 0
7739 18419 3968947 0 0
7741 18419 3968957 0 0
7744 18419 3968967 0 0
7746 18418 3968977 0 0
7747 18418 3968987 0 0
7748 18418 3968997 0 0
7749 18418 3969007 0 0
7750 18417 3969017 0 0
7751 18416 3969027 0 0
7751 18416 3969037 0 0
7751 18416 3969047 0 0
7752 18415 3969057 1 27
7752 18415 3969067 1 98
7752 18414 3969077 1 176
7752 18413 3969087 1 259
7752 18412 3969097 1 347
7752 18412 3969107 1 436
7753 18411 3969117 1 528
7754 18411 3969127 1 619
7755 18410 3969137 1 708
7757 18409 3969147 1 873
7758 18409 3969157 1 913
7759 18409 3969167 1 946
7761 18409 3969177 1 1012
7762 18409 3969187 1 1024
7764 18409 3969197 1 1024
7768 18409 3969207 1 1024
7771 18409 3969217 1 1024
7773 18409 3969227 1 1024
7776 18409 3969237 1 1024
7779 18409 3969247 1 1024
7782 18409 3969257 1 1024
7787 18408 3969267 1 1024
7789 18407 3969277 1 1024
7791 18406 3969287 1 1024
7792 18405 3969297 1 1024
7793 18404 3969307 1 1024
7793 18403 3969317 1 1024
7793 18401 3969327 1 1024
7793 18399 3969337 1 1024
7792 18398 3969347 1 1024
7792 18397 3969357 1 1024
7792 18395 3969367 1 1024
7792 18394 3969377 1 1024
7791 18392 3969387 1 1024
7791 18391 3969397 1 1024
7790 18390 3969407 1 1024
7790 18389 3969417 1 1024
7790 18389 3969427 1 1024
7789 18389 3969437 1 1024
7788 18389 3969447 1 1024
7787 18389 3969457 1 1024
7785 18390 3969467 1 1024
7784 18391 3969477 1 1024
7782 18392 3969487 1 1024
7780 18393 3969497 1 1024
7776 18395 3969507 1 1024
7774 18396 3969517 1 1024
7773 18397 3969527 1 1024
7772 18398 3969537 1 1024
7772 18398 3969547 1 1024
7772 18399 3969557 1 1024
7773 18400 3969567 1 1024
7773 18401 3969577 1 1024
7774 18401 3969587 1 1024
7776 18402 3969597 1 1024
7778 18402 3969607 1 1024
7780 18402 3969617 1 1024
7784 18402 3969627 1 1024
7786 18402 3969637 1 1024
7788 18402 3969647 1 1024
7790 18403 3969657 1 1024
7791 18403 3969667 1 1024
7792 18403 3969677 1 1024
7789 18405 3969687 1 951
7787 18406 3969697 1 882
7783 18407 3969707 1 806
7779 18409 3969717 1 723
7774 18410 3969727 1 632
7769 18412 3969737 1 533
7757 18415 3969747 1 426
7751 18416 3969757 1 310
7745 18418 3969767 1 186
7740 18419 3969777 1 52
7734 18420 3969787 0 0
7728 18421 3969797 0 0
7718 18422 3969807 0 0
7714 18422 3969817 0 0
7711 18423 3969827 0 0
7713 18420 3969837 0 0
7709 18414 3969847 0 0
7700 18415 3969857 0 0
7695 18422 3969867 0 0
7694 18424 3969877 0 0
7694 18424 3969887 0 0
7693 18425 3969897 0 0
7692 18425 3969907 0 0
7691 18425 3969917 0 0
7689 18426 3969927 0 0
7688 18426 3969937 1 1
7687 18426 3969947 1 7
7685 18426 3969957 1 19
7683 18426 3969967 1 40
7682 18426 3969977 1 71
7679 18426 3969987 1 115
7678 18426 3969997 1 174
7678 18426 3970007 1 251
7678 18426 3970017 1 348
7679 18426 3970027 1 466
7681 18426 3970037 1 609
