7862 17469 6416944 1 431
7862 17469 6416954 1 450
7862 17469 6416964 1 469
7862 17469 6416974 1 487
7862 17469 6416984 1 503
7862 17469 6416994 1 519
7861 17470 6417004 1 534
7861 17470 6417014 1 542
7861 17470 6417024 1 549
7861 17470 6417034 1 564
7861 17470 6417044 1 577
7861 17470 6417054 1 584
7860 17469 6417064 1 589
7859 17466 6417074 1 602
7858 17464 6417084 1 609
7857 17462 6417094 1 613
7857 17460 6417104 1 624
7857 17458 6417114 1 635
7857 17456 6417124 1 645
7859 17456 6417134 1 655
7860 17455 6417144 1 664
7860 17455 6417154 1 667
7860 17455 6417164 1 668
7861 17454 6417174 1 672
7861 17453 6417184 1 680
7861 17453 6417194 1 684
7860 17453 6417204 1 688
7860 17453 6417214 1 695
7860 17454 6417224 1 699
7860 17454 6417234 1 702
7860 17455 6417244 1 708
7860 17456 6417254 1 714
7858 17457 6417264 1 719
7856 17458 6417274 1 721
7853 17460 6417284 1 723
7852 17460 6417294 1 726
7850 17461 6417304 1 729
7847 17463 6417314 1 733
7845 17465 6417324 1 736
7842 17467 6417334 1 741
7840 17469 6417344 1 744
7838 17470 6417354 1 746
7837 17471 6417364 1 748
7836 17472 6417374 1 749
7835 17474 6417384 1 750
7834 17475 6417394 1 751
7833 17477 6417404 1 753
7833 17478 6417414 1 755
7833 17480 6417424 1 757
7833 17480 6417434 1 758
7833 17481 6417444 1 757
7834 17483 6417454 1 758
7834 17485 6417464 1 759
7834 17487 6417474 1 760
7834 17489 6417484 1 760
7833 17490 6417494 1 761
7833 17491 6417504 1 761
7833 17492 6417514 1 761
7831 17493 6417524 1 761
7830 17494 6417534 1 761
7828 17496 6417544 1 760
7825 17497 6417554 1 760
7822 17498 6417564 1 759
7820 17499 6417574 1 759
7818 17500 6417584 1 759
7814 17502 6417594 1 758
7809 17505 6417604 1 758
7804 17507 6417614 1 757
7800 17510 6417624 1 757
7796 17513 6417634 1 756
7794 17514 6417644 1 755
7792 17515 6417654 1 755
7789 17518 6417664 1 753
7786 17520 6417674 1 752
7784 17522 6417684 1 752
7784 17524 6417694 1 751
7784 17526 6417704 1 750
7785 17527 6417714 1 749
7786 17528 6417724 1 749
7788 17530 6417734 1 749
7791 17532 6417744 1 747
7795 17533 6417754 1 746
7800 17533 6417764 1 744
7805 17533 6417774 1 743
7808 17533 6417784 1 743
7811 17533 6417794 1 742
7818 17532 6417804 1 741
7825 17530 6417814 1 740
7833 17528 6417824 1 740
7840 17525 6417834 1 739
7847 17522 6417844 1 738
7851 17521 6417854 1 738
7854 17519 6417864 1 738
7861 17515 6417874 1 737
7866 17511 6417884 1 735
7871 17507 6417894 1 735
7875 17502 6417904 1 734
7879 17497 6417914 1 734
7880 17495 6417924 1 734
7882 17492 6417934 1 734
7885 17487 6417944 1 734
7888 17483 6417954 1 734
7891 17478 6417964 1 734
7894 17474 6417974 1 734
7895 17470 6417984 1 735
7896 17469 6417994 1 735
7896 17467 6418004 1 735
7897 17464 6418014 1 736
7897 17461 6418024 1 737
7897 17458 6418034 1 738
7897 17456 6418044 1 739
7898 17453 6418054 1 740
7898 17452 6418064 1 740
7897 17451 6418074 1 741
7897 17449 6418084 1 743
7896 17448 6418094 1 745
7895 17447 6418104 1 747
7893 17446 6418114 1 750
7891 17447 6418124 1 754
7891 17447 6418134 1 756
7890 17447 6418144 1 757
7887 17448 6418154 1 758
7885 17449 6418164 1 760
7883 17450 6418174 1 762
7881 17451 6418184 1 764
7879 17453 6418194 1 768
7878 17454 6418204 1 770
7877 17455 6418214 1 772
7875 17457 6418224 1 778
7874 17459 6418234 1 782
7872 17462 6418244 1 787
7870 17465 6418254 1 792
7869 17468 6418264 1 795
7868 17469 6418274 1 796
7868 17470 6418284 1 797
7867 17473 6418294 1 803
7866 17476 6418304 1 808
7866 17478 6418314 1 812
7865 17481 6418324 1 817
7865 17483 6418334 1 821
7866 17484 6418344 1 823
7866 17485 6418354 1 825
7867 17487 6418364 1 828
7867 17489 6418374 1 831
7868 17491 6418384 1 831
7869 17493 6418394 1 835
7870 17494 6418404 1 837
7870 17495 6418414 1 837
7871 17495 6418424 1 837
7871 17496 6418434 1 837
7872 17497 6418444 1 838
7873 17497 6418454 1 838
7873 17498 6418464 1 837
7874 17498 6418474 1 836
7875 17498 6418484 1 836
7875 17498 6418494 1 835
7876 17498 6418504 1 833
7877 17498 6418514 1 830
7878 17497 6418524 1 824
7879 17497 6418534 1 819
7880 17496 6418544 1 811
7881 17495 6418554 1 808
7882 17495 6418564 1 804
7883 17494 6418574 1 795
7884 17493 6418584 1 784
7885 17491 6418594 1 779
7886 17490 6418604 1 772
7888 17489 6418614 1 759
7888 17488 6418624 1 752
7889 17487 6418634 1 745
7889 17486 6418644 1 729
7890 17484 6418654 1 713
7891 17483 6418664 1 705
7892 17481 6418674 1 696
7893 17480 6418684 1 677
7893 17479 6418694 1 665
7894 17478 6418704 1 658
7894 17477 6418714 1 649
7895 17476 6418724 1 638
7895 17474 6418734 1 618
7895 17473 6418744 1 597
7895 17472 6418754 1 575
7895 17471 6418764 1 564
7894 17470 6418774 1 552
7894 17469 6418784 1 529
7893 17468 6418794 1 505
7892 17466 6418804 1 481
7891 17465 6418814 1 469
7889 17463 6418824 1 457
7889 17463 6418834 1 447
7888 17462 6418844 1 433
7887 17460 6418854 1 407
7886 17459 6418864 1 382
7885 17458 6418874 1 356
7884 17456 6418884 1 330
7883 17455 6418894 1 306
7883 17455 6418904 1 295
7882 17454 6418914 1 291
7882 17453 6418924 1 280
7881 17453 6418934 1 267
7881 17452 6418944 1 254
7880 17452 6418954 1 229
7880 17452 6418964 1 203
7880 17452 6418974 1 190
7880 17452 6418984 1 177
7880 17452 6418994 1 153
7879 17452 6419004 1 128
7879 17452 6419014 1 103
7879 17452 6419024 1 79
7879 17452 6419034 1 67
7879 17452 6419044 1 64
7880 17452 6419054 1 56
7880 17452 6419064 1 32
7880 17452 6419074 1 9
7881 17452 6419084 0 0
7882 17452 6419094 0 0
7882 17452 6419104 0 0
7883 17452 6419114 0 0
7883 17453 6419124 0 0
7883 17453 6419134 0 0
7884 17453 6419144 0 0
7885 17453 6419154 0 0
7886 17453 6419164 0 0
7888 17453 6419174 0 0
7888 17453 6419184 0 0
7889 17453 6419194 0 0
7891 17453 6419204 0 0
7892 17453 6419214 0 0
7894 17452 6419224 0 0
7895 17451 6419234 0 0
7897 17450 6419244 0 0
7897 17450 6419254 0 0
7898 17449 6419264 0 0
7899 17448 6419274 0 0
7899 17448 6419284 0 0
7900 17447 6419294 0 0
7901 17446 6419304 0 0
7901 17445 6419314 0 0
7902 17445 6419324 0 0
7902 17445 6419334 0 0
7902 17444 6419344 0 0
7902 17443 6419354 0 0
7901 17442 6419364 0 0
7901 17441 6419374 0 0
7899 17440 6419384 0 0
7899 17440 6419394 0 0
7898 17440 6419404 0 0
7896 17439 6419414 0 0
7895 17438 6419424 0 0
7893 17437 6419434 0 0
7892 17437 6419444 0 0
7890 17437 6419454 0 0
7890 17436 6419464 0 0
7889 17436 6419474 0 0
7888 17436 6419484 0 0
7887 17436 6419494 0 0
7887 17436 6419504 0 0
7886 17437 6419514 0 0
7886 17437 6419524 0 0
7885 17438 6419534 0 0
7885 17438 6419544 0 0
7885 17439 6419554 0 0
7886 17441 6419564 0 0
7886 17442 6419574 0 0
7887 17445 6419584 0 0
7888 17447 6419594 0 0
7888 17448 6419604 0 0
7889 17449 6419614 0 0
7891 17451 6419624 1 3
7892 17454 6419634 1 37
7894 17456 6419644 1 55
7896 17458 6419654 1 73
7898 17460 6419664 1 110
7899 17461 6419674 1 130
7900 17461 6419684 1 149
7901 17463 6419694 1 187
7903 17465 6419704 1 208
7905 17466 6419714 1 228
7907 17468 6419724 1 270
7910 17469 6419734 1 311
7911 17470 6419744 1 332
7911 17471 6419754 1 353
7913 17472 6419764 1 394
7914 17473 6419774 1 435
7915 17473 6419784 1 477
7915 17474 6419794 1 517
7915 17474 6419804 1 537
7915 17474 6419814 1 543
7915 17474 6419824 1 557
7915 17474 6419834 1 595
7914 17474 6419844 1 634
7913 17474 6419854 1 670
7911 17473 6419864 1 705
7910 17472 6419874 1 738
7909 17472 6419884 1 750
7908 17471 6419894 1 753
7906 17470 6419904 1 769
7905 17469 6419914 1 798
7903 17467 6419924 1 812
7901 17465 6419934 1 824
7900 17464 6419944 1 848
7899 17463 6419954 1 860
7899 17462 6419964 1 870
7898 17460 6419974 1 889
7897 17459 6419984 1 905
7896 17457 6419994 1 918
7895 17456 6420004 1 929
7895 17454 6420014 1 938
7895 17454 6420024 1 941
7895 17453 6420034 1 942
7895 17452 6420044 1 945
7895 17450 6420054 1 951
7896 17449 6420064 1 956
7897 17448 6420074 1 958
7898 17448 6420084 1 959
7898 17447 6420094 1 959
7898 17447 6420104 1 958
7899 17447 6420114 1 956
7900 17446 6420124 1 954
7901 17446 6420134 1 953
7901 17446 6420144 1 952
7902 17446 6420154 1 951
7902 17447 6420164 1 949
7902 17447 6420174 1 947
7902 17447 6420184 1 942
7902 17448 6420194 1 936
7902 17449 6420204 1 931
7903 17450 6420214 1 925
7903 17452 6420224 1 920
7903 17452 6420234 1 917
7903 17453 6420244 1 914
7903 17454 6420254 1 911
7904 17456 6420264 1 909
7904 17457 6420274 1 904
7905 17459 6420284 1 901
7906 17460 6420294 1 898
7906 17461 6420304 1 896
7907 17461 6420314 1 896
7908 17462 6420324 1 894
7909 17464 6420334 1 893
7911 17465 6420344 1 893
7912 17466 6420354 1 893
7913 17467 6420364 1 893
7914 17468 6420374 1 893
7915 17469 6420384 1 894
7916 17469 6420394 1 894
7917 17470 6420404 1 896
7918 17471 6420414 1 897
7919 17472 6420424 1 899
7920 17472 6420434 1 902
7920 17472 6420444 1 903
7920 17472 6420454 1 904
7921 17472 6420464 1 907
7922 17472 6420474 1 908
7922 17472 6420484 1 911
7923 17472 6420494 1 914
7923 17472 6420504 1 917
7923 17472 6420514 1 918
7923 17472 6420524 1 920
7924 17471 6420534 1 923
7924 17471 6420544 1 926
7924 17470 6420554 1 930
7925 17469 6420564 1 933
7925 17469 6420574 1 934
7925 17469 6420584 1 934
7926 17468 6420594 1 935
7926 17468 6420604 1 938
7927 17468 6420614 1 940
7927 17467 6420624 1 941
7927 17467 6420634 1 942
7927 17467 6420644 1 943
7927 17467 6420654 1 944
7927 17467 6420664 1 944
7927 17467 6420674 1 944
7927 17467 6420684 1 943
7926 17467 6420694 1 942
7926 17467 6420704 1 942
7925 17467 6420714 1 941
7925 17467 6420724 1 940
7924 17468 6420734 1 940
7923 17468 6420744 1 938
7922 17468 6420754 1 937
7921 17468 6420764 1 936
7919 17469 6420774 1 935
7917 17469 6420784 1 936
7916 17469 6420794 1 937
7915 17469 6420804 1 936
7913 17470 6420814 1 936
7911 17470 6420824 1 939
7909 17470 6420834 1 942
7906 17470 6420844 1 946
7904 17470 6420854 1 952
7903 17470 6420864 1 955
7902 17471 6420874 1 956
7900 17471 6420884 1 960
7898 17471 6420894 1 969
7896 17471 6420904 1 981
7895 17471 6420914 1 987
7894 17471 6420924 1 993
7893 17471 6420934 1 999
7893 17471 6420944 1 1007
7893 17471 6420954 1 1022
7893 17471 6420964 1 1024
7894 17471 6420974 1 1024
7896 17471 6420984 1 1024
7897 17471 6420994 1 1024
7898 17471 6421004 1 1024
7899 17471 6421014 1 1024
7902 17471 6421024 1 1024
7904 17471 6421034 1 1024
7907 17470 6421044 1 1024
7909 17470 6421054 1 1024
7912 17470 6421064 1 1024
7913 17470 6421074 1 1024
7914 17470 6421084 1 1024
7916 17470 6421094 1 1024
7918 17470 6421104 1 1024
7920 17469 6421114 1 1024
7922 17469 6421124 1 1024
7924 17469 6421134 1 1024
7925 17469 6421144 1 1024
7925 17469 6421154 1 1024
7927 17468 6421164 1 1001
7927 17468 6421174 1 962
7928 17468 6421184 1 917
7929 17468 6421194 1 868
7929 17468 6421204 1 812
7929 17467 6421214 1 785
7929 17467 6421224 1 753
7929 17467 6421234 1 691
7929 17467 6421244 1 659
7929 17467 6421254 1 626
7929 17468 6421264 1 559
7928 17468 6421274 1 492
7928 17468 6421284 1 459
7928 17468 6421294 1 424
7927 17468 6421304 1 357
7927 17469 6421314 1 291
7926 17469 6421324 1 227
7925 17469 6421334 1 167
7925 17469 6421344 1 137
7925 17469 6421354 1 131
7924 17469 6421364 1 130
7924 17470 6421374 1 110
7923 17470 6421384 1 57
7923 17470 6421394 1 10
7922 17470 6421404 0 0
7921 17470 6421414 0 0
7921 17470 6421424 0 0
7921 17470 6421434 0 0
7920 17470 6421444 0 0
7920 17469 6421454 0 0
7919 17469 6421464 0 0
7918 17469 6421474 0 0
7918 17468 6421484 0 0
7918 17468 6421494 0 0
7917 17468 6421504 0 0
7917 17467 6421514 0 0
7917 17467 6421524 0 0
7916 17466 6421534 0 0
7916 17465 6421544 0 0
7916 17465 6421554 0 0
7915 17465 6421564 0 0
7915 17464 6421574 0 0
7915 17464 6421584 0 0
7915 17464 6421594 0 0
7914 17463 6421604 0 0
7914 17463 6421614 0 0
7914 17463 6421624 0 0
7914 17463 6421634 0 0
7914 17462 6421644 1 7
7913 17462 6421654 1 65
7913 17462 6421664 1 131
7913 17462 6421674 1 204
7914 17462 6421684 1 242
7914 17462 6421694 1 282
7914 17461 6421704 1 316
7914 17461 6421714 1 365
7914 17461 6421724 1 448
7914 17461 6421734 1 534
7914 17461 6421744 1 619
7914 17461 6421754 1 701
7914 17460 6421764 1 781
7914 17460 6421774 1 825
7914 17460 6421784 1 855
7915 17460 6421794 1 893
7915 17460 6421804 1 923
7915 17459 6421814 1 984
7916 17459 6421824 1 1024
7917 17459 6421834 1 1024
7917 17459 6421844 1 1024
7918 17459 6421854 1 1024
7919 17459 6421864 1 1024
7920 17459 6421874 1 1024
7922 17459 6421884 1 1024
7924 17459 6421894 1 1024
7926 17458 6421904 1 1024
7928 17458 6421914 1 1024
7931 17458 6421924 1 1024
7933 17457 6421934 1 1024
7935 17456 6421944 1 1024
7938 17455 6421954 1 1024
7940 17454 6421964 1 1024
7942 17453 6421974 1 1024
7943 17452 6421984 1 1024
7945 17451 6421994 1 1024
7946 17450 6422004 1 1024
7947 17449 6422014 1 1024
7948 17448 6422024 1 1024
7949 17447 6422034 1 1024
7950 17446 6422044 1 1024
7950 17445 6422054 1 1024
7950 17444 6422064 1 1024
7950 17443 6422074 1 1024
7950 17442 6422084 1 1024
7950 17441 6422094 1 1024
7951 17440 6422104 1 1024
7951 17440 6422114 1 1024
7951 17440 6422124 1 1024
7951 17439 6422134 1 1024
7951 17439 6422144 1 1024
7952 17439 6422154 1 1024
7952 17440 6422164 1 1024
7953 17440 6422174 1 1024
7954 17440 6422184 1 1024
7955 17441 6422194 1 1024
7955 17442 6422204 1 1024
7956 17442 6422214 1 1024
7957 17443 6422224 1 1024
7958 17444 6422234 1 1024
7959 17445 6422244 1 1024
7960 17445 6422254 1 1024
7961 17446 6422264 1 1024
7962 17446 6422274 1 1024
7963 17446 6422284 1 1024
7964 17446 6422294 1 1024
7965 17446 6422304 1 1024
7966 17446 6422314 1 1024
7967 17446 6422324 1 1024
7967 17446 6422334 1 1024
7968 17446 6422344 1 1024
7969 17446 6422354 1 1024
7969 17446 6422364 1 1024
7970 17446 6422374 1 1024
7969 17447 6422384 1 1024
7969 17447 6422394 1 1024
7968 17447 6422404 1 1024
7966 17448 6422414 1 978
7964 17449 6422424 1 921
7961 17451 6422434 1 858
7957 17452 6422444 1 788
7953 17454 6422454 1 713
7948 17456 6422464 1 631
7943 17458 6422474 1 540
7938 17459 6422484 1 494
7932 17461 6422494 1 443
7926 17463 6422504 1 339
7921 17465 6422514 1 226
7916 17466 6422524 1 105
7911 17468 6422534 0 0
7906 17469 6422544 0 0
7902 17470 6422554 0 0
7898 17471 6422564 0 0
7894 17472 6422574 0 0
7891 17473 6422584 0 0
7893 17471 6422594 0 0
7889 17464 6422604 0 0
7880 17465 6422614 0 0
7877 17471 6422624 0 0
7877 17475 6422634 0 0
7877 17477 6422644 0 0
7878 17477 6422654 0 0
7878 17478 6422664 0 0
7878 17478 6422674 0 0
7878 17478 6422684 0 0
7878 17479 6422694 0 0
7878 17479 6422704 0 0
7878 17479 6422714 0 0
7879 17479 6422724 1 1
7879 17479 6422734 1 6
7879 17479 6422744 1 18
7880 17479 6422754 1 36
7880 17479 6422764 1 65
7880 17478 6422774 1 106
7880 17478 6422784 1 161
7880 17478 6422794 1 232
7880 17478 6422804 1 320
7879 17478 6422814 1 430
7879 17478 6422824 1 561
