8201 18406 2549582 1 684
8189 18397 2549592 1 457
8169 18395 2549602 1 286
8147 18393 2549612 1 166
8128 18385 2549622 1 91
8111 18376 2549632 1 55
8098 18368 2549642 1 53
8092 18365 2549652 1 58
8088 18361 2549662 1 76
8080 18356 2549672 1 121
8075 18358 2549682 1 179
8074 18369 2549692 1 243
8075 18390 2549702 1 308
8076 18414 2549712 1 366
8078 18436 2549722 1 418
8079 18456 2549732 1 466
8080 18477 2549742 1 508
8079 18502 2549752 1 544
8079 18528 2549762 1 576
8079 18547 2549772 1 604
8080 18553 2549782 1 627
8081 18553 2549792 1 639
8083 18549 2549802 1 648
8088 18541 2549812 1 663
8093 18537 2549822 1 675
8100 18536 2549832 1 684
8106 18536 2549842 1 691
8112 18531 2549852 1 694
8119 18524 2549862 1 695
8126 18516 2549872 1 695
8131 18508 2549882 1 692
8136 18500 2549892 1 689
8141 18489 2549902 1 685
8147 18476 2549912 1 680
8154 18462 2549922 1 675
8157 18456 2549932 1 673
8161 18451 2549942 1 671
8169 18443 2549952 1 667
8176 18437 2549962 1 663
8180 18433 2549972 1 661
8182 18433 2549982 1 661
8181 18438 2549992 1 662
8177 18446 2550002 1 664
8172 18453 2550012 1 667
8164 18457 2550022 1 671
8156 18458 2550032 1 675
8147 18460 2550042 1 678
8140 18464 2550052 1 682
8136 18469 2550062 1 684
8134 18472 2550072 1 685
8134 18474 2550082 1 685
8136 18475 2550092 1 685
8140 18475 2550102 1 684
8146 18476 2550112 1 689
8153 18479 2550122 1 704
8161 18483 2550132 1 712
8169 18485 2550142 1 694
8175 18481 2550152 1 641
8181 18473 2550162 1 552
8185 18462 2550172 1 440
8188 18452 2550182 1 316
8190 18446 2550192 1 194
8190 18443 2550202 0 0
8190 18442 2550212 0 0
8190 18440 2550222 0 0
8188 18437 2550232 0 0
8185 18437 2550242 0 0
8179 18436 2550252 0 0
8171 18435 2550262 0 0
8162 18436 2550272 0 0
8153 18438 2550282 0 0
8143 18440 2550292 0 0
8128 18443 2550302 0 0
8115 18447 2550312 0 0
8103 18452 2550322 1 6
8093 18457 2550332 1 21
8087 18463 2550342 1 43
8084 18465 2550352 1 71
8083 18466 2550362 1 104
8081 18466 2550372 1 142
8081 18462 2550382 1 183
8082 18455 2550392 1 226
8083 18444 2550402 1 270
8084 18431 2550412 1 315
8085 18416 2550422 1 360
8086 18399 2550432 1 403
8086 18380 2550442 1 444
8086 18362 2550452 1 482
8088 18349 2550462 1 516
8091 18339 2550472 1 544
8098 18334 2550482 1 567
8101 18332 2550492 1 583
8107 18334 2550502 1 590
8119 18339 2550512 1 589
8132 18347 2550522 1 578
8147 18359 2550532 1 556
8160 18373 2550542 1 521
8172 18387 2550552 1 477
8183 18399 2550562 1 433
8192 18411 2550572 1 392
8199 18423 2550582 1 354
8203 18433 2550592 1 318
8205 18441 2550602 1 287
8207 18448 2550612 1 260
8209 18456 2550622 1 239
8212 18465 2550632 1 222
8217 18476 2550642 1 212
8223 18490 2550652 1 209
8229 18506 2550662 1 214
8234 18523 2550672 1 227
8237 18540 2550682 1 248
8227 18565 2550692 1 319
8217 18576 2550702 1 369
8201 18582 2550712 1 431
8178 18583 2550722 1 502
8149 18579 2550732 1 586
8120 18575 2550742 1 680
8087 18566 2550752 1 787
8051 18554 2550762 1 874
8012 18539 2550772 1 871
