7750 18565 7876564 1 695
7759 18565 7876574 1 698
7769 18566 7876584 1 701
7780 18569 7876594 1 703
7790 18571 7876604 1 705
7800 18574 7876614 1 708
7809 18576 7876624 1 710
7815 18578 7876634 1 711
7818 18581 7876644 1 712
7821 18583 7876654 1 713
7820 18586 7876664 1 714
7818 18588 7876674 1 716
7813 18590 7876684 1 716
7809 18593 7876694 1 716
7806 18596 7876704 1 717
7803 18600 7876714 1 717
7803 18603 7876724 1 717
7804 18608 7876734 1 717
7806 18614 7876744 1 717
7810 18622 7876754 1 718
7813 18629 7876764 1 717
7817 18635 7876774 1 718
7820 18638 7876784 1 717
7822 18638 7876794 1 717
7824 18634 7876804 1 717
7825 18627 7876814 1 717
7827 18616 7876824 1 717
7829 18603 7876834 1 718
7832 18590 7876844 1 718
7836 18578 7876854 1 719
7840 18569 7876864 1 719
7844 18564 7876874 1 720
7847 18563 7876884 1 721
7849 18565 7876894 1 722
7849 18569 7876904 1 723
7849 18573 7876914 1 726
7848 18578 7876924 1 727
7849 18582 7876934 1 729
7851 18584 7876944 1 730
7855 18584 7876954 1 730
7862 18582 7876964 1 731
7872 18579 7876974 1 730
7885 18575 7876984 1 729
7901 18572 7876994 1 727
7917 18569 7877004 1 724
7932 18568 7877014 1 721
7945 18568 7877024 1 719
7955 18570 7877034 1 718
7961 18572 7877044 1 720
7962 18574 7877054 1 726
7960 18576 7877064 1 733
7953 18577 7877074 1 739
7943 18577 7877084 1 745
7930 18575 7877094 1 756
7914 18573 7877104 1 761
7897 18569 7877114 1 756
7880 18566 7877124 1 736
7864 18562 7877134 1 700
7849 18559 7877144 1 647
7838 18556 7877154 1 508
7829 18554 7877164 1 428
7824 18552 7877174 1 343
7820 18550 7877184 1 261
7819 18548 7877194 1 181
7819 18548 7877204 1 143
7826 18548 7877214 1 42
7830 18549 7877224 1 23
7835 18550 7877234 1 22
7841 18554 7877244 1 21
7847 18558 7877254 1 21
7852 18562 7877264 1 20
7858 18566 7877274 1 19
7863 18569 7877284 1 18
7868 18571 7877294 1 18
7872 18572 7877304 1 17
7876 18573 7877314 1 16
7880 18572 7877324 1 15
7882 18571 7877334 1 14
7883 18569 7877344 1 14
7883 18567 7877354 1 13
7881 18565 7877364 1 12
7878 18564 7877374 1 11
7874 18564 7877384 1 10
7870 18565 7877394 1 10
7866 18567 7877404 1 9
7863 18568 7877414 1 8
7860 18570 7877424 1 7
7858 18572 7877434 1 7
7858 18574 7877444 1 6
7858 18575 7877454 1 5
7860 18577 7877464 1 4
7862 18578 7877474 1 3
7866 18580 7877484 1 3
7871 18582 7877494 1 2
7875 18584 7877504 1 1
7880 18586 7877514 0 0
7885 18589 7877524 0 0
7889 18591 7877534 0 0
7893 18592 7877544 0 0
7897 18593 7877554 0 0
7899 18593 7877564 0 0
7899 18593 7877574 0 0
7899 18593 7877584 0 0
7898 18593 7877594 0 0
7895 18594 7877604 0 0
7892 18595 7877614 0 0
7888 18596 7877624 0 0
7885 18597 7877634 0 0
7882 18597 7877644 0 0
7880 18597 7877654 1 2
7881 18595 7877664 1 4
7883 18593 7877674 1 6
7889 18590 7877684 1 9
7896 18586 7877694 1 13
7905 18582 7877704 1 16
7915 18579 7877714 1 20
7925 18576 7877724 1 23
7934 18574 7877734 1 27
7941 18572 7877744 1 30
7946 18571 7877754 1 33
7949 18570 7877764 1 35
7949 18569 7877774 1 37
7947 18568 7877784 1 38
7943 18567 7877794 1 38
7937 18567 7877804 1 37
7930 18566 7877814 1 35
7923 18567 7877824 1 32
7916 18567 7877834 1 28
7910 18568 7877844 1 22
7905 18569 7877854 1 25
7897 18571 7877864 1 62
7895 18572 7877874 1 89
7894 18572 7877884 1 121
7893 18572 7877894 1 157
7894 18572 7877904 1 198
7896 18570 7877914 1 246
7897 18569 7877924 1 299
7900 18566 7877934 1 359
7902 18564 7877944 1 425
7904 18561 7877954 1 498
7906 18558 7877964 1 578
7908 18556 7877974 1 667
7910 18554 7877984 1 758
7912 18552 7877994 1 839
7914 18551 7878004 1 904
7916 18550 7878014 1 955
7919 18550 7878024 1 984
7923 18551 7878034 1 983
7927 18553 7878044 1 982
7931 18555 7878054 1 981
7935 18558 7878064 1 981
7939 18561 7878074 1 980
7943 18564 7878084 1 979
7945 18566 7878094 1 977
7946 18568 7878104 1 965
7946 18570 7878114 1 939
7944 18572 7878124 1 914
7942 18573 7878134 1 890
7938 18575 7878144 1 868
7935 18576 7878154 1 849
7931 18579 7878164 1 834
7928 18581 7878174 1 823
7925 18583 7878184 1 814
7922 18584 7878194 1 808
7920 18585 7878204 1 804
7918 18584 7878214 1 806
7916 18581 7878224 1 807
7915 18578 7878234 1 809
7914 18573 7878244 1 815
7914 18567 7878254 1 821
7915 18562 7878264 1 829
7917 18557 7878274 1 839
7919 18553 7878284 1 849
7921 18551 7878294 1 859
7924 18548 7878304 1 870
7927 18547 7878314 1 882
7930 18545 7878324 1 905
7934 18544 7878334 1 915
7937 18544 7878344 1 925
7940 18543 7878354 1 933
7942 18543 7878364 1 941
7944 18543 7878374 1 948
7944 18544 7878384 1 951
7943 18544 7878394 1 954
7941 18545 7878404 1 954
7937 18546 7878414 1 951
7933 18546 7878424 1 946
7929 18547 7878434 1 928
7924 18547 7878444 1 913
7920 18547 7878454 1 895
7917 18547 7878464 1 872
7915 18546 7878474 1 846
7915 18545 7878484 1 815
7916 18545 7878494 1 779
