8056 17794 8818549 1 808
8065 17795 8818559 1 812
8074 17796 8818569 1 816
8085 17798 8818579 1 817
8095 17801 8818589 1 819
8105 17804 8818599 1 821
8113 17806 8818609 1 823
8119 17808 8818619 1 823
8124 17811 8818629 1 824
8126 17814 8818639 1 824
8127 17816 8818649 1 825
8126 17819 8818659 1 825
8119 17826 8818669 1 823
8117 17829 8818679 1 822
8115 17833 8818689 1 821
8114 17837 8818699 1 821
8114 17841 8818709 1 818
8114 17847 8818719 1 817
8115 17854 8818729 1 817
8115 17860 8818739 1 814
8114 17864 8818749 1 813
8111 17865 8818759 1 811
8108 17864 8818769 1 810
8105 17859 8818779 1 808
8103 17839 8818789 1 806
8105 17826 8818799 1 805
8110 17813 8818809 1 805
8118 17801 8818819 1 804
8129 17793 8818829 1 803
8141 17788 8818839 1 803
8153 17787 8818849 1 802
8165 17789 8818859 1 803
8174 17794 8818869 1 803
8180 17799 8818879 1 806
8185 17805 8818889 1 806
8188 17809 8818899 1 806
8188 17812 8818909 1 806
8187 17811 8818919 1 805
8186 17809 8818929 1 803
8186 17806 8818939 1 799
8185 17803 8818949 1 796
8185 17801 8818959 1 790
8183 17801 8818969 1 786
8181 17801 8818979 1 781
8178 17802 8818989 1 778
8174 17804 8818999 1 779
8170 17806 8819009 1 786
8165 17807 8819019 1 794
8157 17806 8819029 1 806
8153 17804 8819039 1 818
8149 17800 8819049 1 823
8145 17796 8819059 1 815
8141 17791 8819069 1 790
8136 17786 8819079 1 744
8132 17782 8819089 1 677
8128 17779 8819099 1 507
8125 17776 8819109 1 410
8122 17774 8819119 1 308
8119 17772 8819129 1 210
8115 17771 8819139 1 116
8112 17772 8819149 1 32
8111 17773 8819159 0 0
8112 17774 8819169 0 0
8114 17775 8819179 0 0
8117 17779 8819189 0 0
8120 17783 8819199 0 0
8124 17788 8819209 0 0
8127 17792 8819219 0 0
8130 17796 8819229 0 0
8133 17799 8819239 0 0
8135 17802 8819249 0 0
8136 17804 8819259 0 0
8139 17806 8819269 0 0
8140 17805 8819279 0 0
8141 17805 8819289 0 0
8141 17804 8819299 0 0
8143 17803 8819309 0 0
8145 17803 8819319 0 0
8147 17803 8819329 0 0
8151 17803 8819339 0 0
8155 17803 8819349 0 0
8159 17803 8819359 0 0
8164 17803 8819369 0 0
8169 17802 8819379 0 0
8179 17802 8819389 0 0
8184 17802 8819399 0 0
8188 17802 8819409 0 0
8192 17804 8819419 0 0
8195 17806 8819429 0 0
8198 17809 8819439 0 0
8199 17813 8819449 0 0
8200 17816 8819459 0 0
8200 17819 8819469 0 0
8199 17822 8819479 0 0
8198 17824 8819489 0 0
8197 17825 8819499 0 0
8196 17828 8819509 1 24
8196 17830 8819519 1 70
8197 17831 8819529 1 132
8199 17833 8819539 1 289
8201 17833 8819549 1 380
8203 17833 8819559 1 477
8205 17832 8819569 1 577
8208 17830 8819579 0 0
8211 17828 8819589 0 0
8215 17824 8819599 0 0
8218 17820 8819609 0 0
8222 17816 8819619 0 0
8228 17811 8819629 0 0
8231 17809 8819639 0 0
8234 17808 8819649 0 0
8237 17807 8819659 0 0
8239 17807 8819669 0 0
8242 17807 8819679 0 0
8244 17808 8819689 0 0
8245 17808 8819699 0 0
8246 17808 8819709 0 0
8245 17808 8819719 0 0
8243 17809 8819729 0 0
8240 17809 8819739 0 0
8231 17808 8819749 0 0
8225 17808 8819759 0 0
8218 17807 8819769 0 0
8212 17806 8819779 1 2
8206 17805 8819789 1 38
8202 17804 8819799 1 80
8198 17802 8819809 1 128
8197 17800 8819819 1 184
8196 17797 8819829 1 248
8197 17796 8819839 1 322
8199 17794 8819849 1 403
8202 17793 8819859 1 494
8207 17792 8819869 1 708
8208 17792 8819879 1 826
8209 17793 8819889 1 931
8210 17793 8819899 1 1016
8209 17794 8819909 1 1024
8208 17794 8819919 1 1024
8207 17795 8819929 1 1024
8207 17796 8819939 1 1024
8207 17797 8819949 1 1024
8209 17797 8819959 1 1024
8211 17798 8819969 1 1024
8215 17797 8819979 1 1024
8224 17796 8819989 1 1024
8229 17795 8819999 1 1024
8233 17795 8820009 1 1024
8238 17795 8820019 1 1024
8242 17796 8820029 1 1002
8245 17798 8820039 1 979
8249 17802 8820049 1 960
8251 17806 8820059 1 946
8253 17810 8820069 1 936
8253 17814 8820079 1 930
8254 17817 8820089 1 926
8253 17818 8820099 1 931
8250 17816 8820109 1 939
8249 17813 8820119 1 949
8249 17808 8820129 1 961
8249 17802 8820139 1 975
8250 17797 8820149 1 991
8252 17792 8820159 1 1008
8254 17788 8820169 1 1024
8256 17784 8820179 1 1024
8258 17781 8820189 1 1024
8259 17779 8820199 1 1024
8260 17777 8820209 1 1024
8261 17776 8820219 1 1024
8260 17775 8820229 1 1024
8259 17776 8820239 1 1024
8257 17777 8820249 1 1024
8254 17778 8820259 1 1024
8251 17780 8820269 1 1024
8249 17782 8820279 1 1024
8246 17783 8820289 1 1024
8244 17784 8820299 1 1024
8244 17784 8820309 1 1024
8244 17784 8820319 1 1024
8246 17783 8820329 1 1024
8249 17782 8820339 1 1024
8258 17778 8820349 1 945
