8095 17560 2184888 1 756
8102 17561 2184898 1 760
8112 17562 2184908 1 763
8121 17564 2184918 1 765
8131 17567 2184928 1 767
8140 17569 2184938 1 769
8148 17572 2184948 1 771
8155 17573 2184958 1 772
8160 17576 2184968 1 772
8168 17580 2184978 1 774
8168 17582 2184988 1 775
8168 17584 2184998 1 775
8168 17587 2185008 1 774
8168 17590 2185018 1 774
8168 17594 2185028 1 774
8168 17597 2185038 1 773
8169 17601 2185048 1 772
8170 17607 2185058 1 771
8168 17622 2185068 1 770
8165 17627 2185078 1 769
8161 17630 2185088 1 768
8156 17629 2185098 1 768
8151 17625 2185108 1 766
8147 17618 2185118 1 766
8145 17607 2185128 1 766
8147 17593 2185138 1 765
8151 17580 2185148 1 765
8170 17560 2185158 1 764
8183 17555 2185168 1 765
8197 17554 2185178 1 765
8209 17557 2185188 1 765
8219 17561 2185198 1 766
8226 17566 2185208 1 769
8231 17571 2185218 1 770
8233 17575 2185228 1 771
8233 17578 2185238 1 771
8226 17577 2185248 1 771
8221 17575 2185258 1 769
8216 17572 2185268 1 767
8211 17569 2185278 1 764
8207 17567 2185288 1 760
8203 17566 2185298 1 756
8200 17567 2185308 1 753
8197 17568 2185318 1 750
8195 17570 2185328 1 752
8195 17573 2185338 1 766
8198 17574 2185348 1 772
8201 17574 2185358 1 778
8206 17572 2185368 1 790
8210 17569 2185378 1 795
8214 17564 2185388 1 788
8217 17560 2185398 1 765
8218 17556 2185408 1 724
8217 17552 2185418 1 663
8212 17546 2185428 1 418
8207 17543 2185438 1 324
8201 17541 2185448 1 233
8193 17539 2185458 1 146
8186 17539 2185468 1 105
8179 17540 2185478 1 66
8173 17541 2185488 0 0
8170 17542 2185498 0 0
8168 17545 2185508 0 0
8171 17555 2185518 0 0
8176 17560 2185528 0 0
8183 17565 2185538 0 0
8191 17569 2185548 0 0
8200 17571 2185558 0 0
8208 17573 2185568 0 0
8216 17573 2185578 0 0
8223 17572 2185588 0 0
8229 17569 2185598 0 0
8234 17562 2185608 0 0
8234 17558 2185618 0 0
8233 17556 2185628 0 0
8231 17554 2185638 0 0
8228 17554 2185648 0 0
8225 17554 2185658 0 0
8222 17555 2185668 0 0
8219 17557 2185678 0 0
8216 17560 2185688 0 0
8212 17566 2185698 0 0
8211 17569 2185708 0 0
8210 17572 2185718 0 0
8211 17575 2185728 0 0
8213 17579 2185738 0 0
8215 17582 2185748 0 0
8218 17586 2185758 0 0
8222 17590 2185768 0 0
8227 17593 2185778 0 0
8237 17597 2185788 0 0
8242 17597 2185798 0 0
8247 17597 2185808 1 2
8252 17598 2185818 1 8
8255 17598 2185828 1 32
8257 17599 2185838 1 79
8258 17600 2185848 1 140
8257 17601 2185858 1 294
8254 17601 2185868 1 384
8244 17600 2185878 1 575
8239 17598 2185888 0 0
8233 17594 2185898 0 0
8229 17590 2185908 0 0
8225 17586 2185918 0 0
8223 17582 2185928 0 0
8221 17578 2185938 0 0
8221 17575 2185948 0 0
8221 17573 2185958 0 0
8222 17571 2185968 0 0
8223 17570 2185978 0 0
8224 17570 2185988 0 0
8225 17570 2185998 0 0
8225 17570 2186008 0 0
8225 17571 2186018 0 0
8226 17572 2186028 0 0
8225 17573 2186038 0 0
8225 17574 2186048 0 0
8225 17577 2186058 0 0
8224 17578 2186068 0 0
8224 17579 2186078 1 13
8224 17579 2186088 1 42
8224 17579 2186098 1 76
8224 17578 2186108 1 115
8224 17577 2186118 1 160
8224 17575 2186128 1 213
8223 17572 2186138 1 271
8220 17565 2186148 1 413
8219 17562 2186158 1 496
8217 17558 2186168 1 588
8216 17555 2186178 1 689
8216 17552 2186188 1 795
8216 17550 2186198 1 888
8217 17548 2186208 1 965
8219 17546 2186218 1 1024
8222 17546 2186228 1 1024
8231 17548 2186238 1 1024
8236 17550 2186248 1 1024
8241 17553 2186258 1 1024
8247 17557 2186268 1 1024
8252 17561 2186278 1 1024
8256 17564 2186288 1 1024
8259 17567 2186298 1 1024
8262 17569 2186308 1 1022
8264 17571 2186318 1 994
8266 17573 2186328 1 940
8267 17574 2186338 1 919
8267 17575 2186348 1 902
8267 17576 2186358 1 890
8267 17577 2186368 1 880
8266 17577 2186378 1 874
8265 17576 2186388 1 870
8263 17574 2186398 1 874
8261 17571 2186408 1 876
8256 17562 2186418 1 887
8255 17557 2186428 1 897
8254 17552 2186438 1 908
8254 17548 2186448 1 921
8255 17545 2186458 1 935
8257 17543 2186468 1 950
8258 17542 2186478 1 965
8260 17541 2186488 1 981
8262 17540 2186498 1 1012
8267 17540 2186508 1 1024
8270 17539 2186518 1 1024
8272 17539 2186528 1 1024
8273 17538 2186538 1 1024
8274 17538 2186548 1 1024
8275 17537 2186558 1 1024
8275 17537 2186568 1 1024
8275 17537 2186578 1 1024
8273 17537 2186588 1 1024
8270 17538 2186598 1 1024
8268 17539 2186608 1 1019
8265 17539 2186618 1 990
8263 17541 2186628 1 956
8261 17542 2186638 1 916
8260 17543 2186648 1 869
