8151 18263 8537725 1 930
8151 18263 8537735 1 918
8151 18263 8537745 1 907
8151 18263 8537755 1 897
8152 18263 8537765 1 887
8156 18264 8537775 1 878
8164 18265 8537785 1 869
8174 18266 8537795 1 863
8184 18260 8537805 1 851
8185 18254 8537815 1 843
8185 18248 8537825 1 835
8187 18241 8537835 1 827
8190 18236 8537845 1 821
8193 18233 8537855 1 814
8196 18232 8537865 1 810
8198 18231 8537875 1 808
8201 18223 8537885 1 796
8202 18218 8537895 1 791
8203 18213 8537905 1 788
8205 18208 8537915 1 786
8207 18204 8537925 1 782
8212 18201 8537935 1 776
8217 18199 8537945 1 775
8223 18196 8537955 1 773
8232 18190 8537965 1 765
8237 18187 8537975 1 762
8242 18185 8537985 1 760
8248 18182 8537995 1 756
8255 18181 8538005 1 753
8261 18180 8538015 1 752
8267 18179 8538025 1 752
8272 18179 8538035 1 750
8280 18179 8538045 1 746
8283 18179 8538055 1 745
8285 18180 8538065 1 743
8288 18180 8538075 1 742
8291 18181 8538085 1 742
8294 18182 8538095 1 743
8296 18183 8538105 1 743
8298 18184 8538115 1 741
8301 18186 8538125 1 740
8302 18187 8538135 1 740
8303 18187 8538145 1 740
8305 18188 8538155 1 741
8307 18189 8538165 1 741
8310 18191 8538175 1 741
8312 18193 8538185 1 741
8315 18194 8538195 1 741
8319 18197 8538205 1 743
8321 18197 8538215 1 744
8322 18198 8538225 1 744
8324 18198 8538235 1 745
8326 18198 8538245 1 746
8328 18198 8538255 1 747
8331 18198 8538265 1 747
8334 18198 8538275 1 748
8341 18198 8538285 1 750
8345 18198 8538295 1 750
8349 18199 8538305 1 751
8353 18200 8538315 1 753
8356 18201 8538325 1 753
8360 18203 8538335 1 754
8362 18205 8538345 1 754
8364 18207 8538355 1 756
8365 18210 8538365 1 759
8366 18212 8538375 1 759
8366 18213 8538385 1 759
8366 18214 8538395 1 760
8366 18214 8538405 1 760
8366 18215 8538415 1 762
8366 18215 8538425 1 762
8366 18215 8538435 1 762
8366 18214 8538445 1 763
8366 18214 8538455 1 763
8367 18213 8538465 1 763
8367 18213 8538475 1 763
8368 18212 8538485 1 764
8370 18212 8538495 1 762
8371 18211 8538505 1 762
8373 18211 8538515 1 763
8376 18212 8538525 1 760
8379 18213 8538535 1 760
8381 18214 8538545 1 759
8383 18217 8538555 1 759
8385 18219 8538565 1 758
8386 18223 8538575 1 757
8386 18226 8538585 1 756
8386 18230 8538595 1 755
8384 18238 8538605 1 752
8383 18242 8538615 1 751
8381 18246 8538625 1 750
8379 18250 8538635 1 749
8375 18255 8538645 1 748
8369 18261 8538655 1 747
8363 18267 8538665 1 746
8356 18274 8538675 1 745
8342 18287 8538685 1 743
8334 18293 8538695 1 743
8326 18299 8538705 1 742
8317 18305 8538715 1 741
8308 18311 8538725 1 740
8299 18317 8538735 1 740
8289 18323 8538745 1 739
8279 18328 8538755 1 739
8258 18340 8538765 1 738
8248 18345 8538775 1 738
8238 18350 8538785 1 738
8228 18355 8538795 1 739
8220 18360 8538805 1 739
8212 18364 8538815 1 740
8205 18368 8538825 1 741
8199 18372 8538835 1 742
8190 18377 8538845 1 742
8186 18380 8538855 1 745
8182 18382 8538865 1 746
8179 18383 8538875 1 749
8177 18385 8538885 1 752
8174 18386 8538895 1 754
8173 18386 8538905 1 758
8172 18386 8538915 1 759
8172 18386 8538925 1 766
8173 18385 8538935 1 769
8175 18384 8538945 1 775
8176 18382 8538955 1 780
8178 18381 8538965 1 786
8180 18380 8538975 1 792
8181 18378 8538985 1 796
8182 18376 8538995 1 798
8185 18373 8539005 1 813
8187 18371 8539015 1 822
8189 18368 8539025 1 826
8191 18366 8539035 1 831
8193 18363 8539045 1 839
8196 18361 8539055 1 848
8198 18358 8539065 1 853
8200 18355 8539075 1 858
8205 18349 8539085 1 876
8207 18346 8539095 1 887
8209 18342 8539105 1 897
8211 18339 8539115 1 907
8213 18335 8539125 1 918
8215 18331 8539135 1 923
8217 18328 8539145 1 929
8219 18324 8539155 1 939
8222 18318 8539165 1 960
8224 18315 8539175 1 970
8225 18313 8539185 1 981
8226 18310 8539195 1 992
8226 18308 8539205 1 998
8226 18306 8539215 1 1000
8226 18304 8539225 1 1001
8226 18302 8539235 1 1005
8227 18298 8539245 1 1005
8227 18296 8539255 1 1005
8227 18294 8539265 1 1006
8227 18293 8539275 1 1006
8228 18291 8539285 1 1006
8229 18289 8539295 1 1006
8230 18287 8539305 1 1006
8231 18285 8539315 1 1006
8233 18281 8539325 1 1006
8233 18278 8539335 1 1007
8232 18276 8539345 1 1007
8231 18274 8539355 1 1007
8230 18272 8539365 1 1007
8227 18270 8539375 1 1007
8224 18268 8539385 1 1006
8221 18266 8539395 1 1006
8215 18263 8539405 1 1006
8212 18261 8539415 1 1007
8209 18259 8539425 1 1007
8208 18258 8539435 1 1007
8207 18257 8539445 1 1007
8207 18256 8539455 1 1007
8207 18254 8539465 1 1007
8208 18253 8539475 1 1007
8212 18252 8539485 1 1008
8214 18251 8539495 1 1008
8216 18250 8539505 1 1008
8218 18250 8539515 1 1008
8221 18249 8539525 1 1008
8223 18249 8539535 1 1008
8226 18248 8539545 1 1008
8229 18248 8539555 1 1008
8235 18248 8539565 1 1009
8238 18248 8539575 1 1009
8241 18248 8539585 1 1008
8245 18249 8539595 1 1009
8248 18249 8539605 1 1009
8252 18250 8539615 1 1001
8255 18251 8539625 1 984
8258 18251 8539635 1 964
8263 18253 8539645 1 920
8265 18254 8539655 1 908
8266 18254 8539665 1 895
8266 18255 8539675 1 870
8265 18255 8539685 1 843
8264 18256 8539695 1 814
8262 18256 8539705 1 783
8260 18256 8539715 1 752
8252 18257 8539725 1 702
8248 18257 8539735 1 685
8244 18258 8539745 1 651
8239 18258 8539755 1 616
8235 18259 8539765 1 580
8232 18260 8539775 1 562
8228 18260 8539785 1 545
8225 18261 8539795 1 510
8219 18263 8539805 1 457
8217 18263 8539815 1 439
8215 18264 8539825 1 404
8213 18265 8539835 1 371
8212 18266 8539845 1 338
8211 18267 8539855 1 304
8211 18268 8539865 1 274
8212 18268 8539875 1 244
8216 18270 8539885 1 217
8219 18270 8539895 1 191
8223 18271 8539905 1 166
8226 18271 8539915 1 144
8230 18272 8539925 1 125
8233 18272 8539935 1 107
8237 18272 8539945 1 92
8240 18271 8539955 1 87
8245 18271 8539965 1 87
8248 18270 8539975 1 87
8250 18269 8539985 1 86
8252 18269 8539995 1 84
8254 18268 8540005 1 84
8256 18267 8540015 1 83
8258 18267 8540025 1 82
8259 18266 8540035 1 86
8263 18265 8540045 1 114
8264 18264 8540055 1 135
8265 18264 8540065 1 160
8266 18263 8540075 1 187
8267 18263 8540085 1 218
8268 18262 8540095 1 251
8270 18262 8540105 1 268
8272 18261 8540115 1 287
8275 18261 8540125 1 364
8276 18260 8540135 1 404
8278 18260 8540145 1 424
8279 18259 8540155 1 445
8281 18259 8540165 1 487
8282 18258 8540175 1 530
8283 18258 8540185 1 551
8284 18258 8540195 1 573
8286 18257 8540205 1 659
8287 18258 8540215 1 700
8287 18258 8540225 1 741
8287 18259 8540235 1 782
8287 18259 8540245 1 820
8286 18261 8540255 1 838
8286 18262 8540265 1 856
8286 18264 8540275 1 891
8285 18267 8540285 1 952
8285 18269 8540295 1 979
8285 18271 8540305 1 1005
8285 18273 8540315 1 1015
8285 18275 8540325 1 1016
8285 18277 8540335 1 1015
8285 18279 8540345 1 1015
8284 18280 8540355 1 1015
8282 18283 8540365 1 1014
8281 18284 8540375 1 1014
8280 18285 8540385 1 1014
8279 18286 8540395 1 1015
8279 18287 8540405 1 1015
8279 18288 8540415 1 1015
8279 18289 8540425 1 1015
8280 18290 8540435 1 1015
8281 18291 8540445 1 1015
8281 18292 8540455 1 1015
8282 18293 8540465 1 1016
8283 18294 8540475 1 1016
8284 18295 8540485 1 1016
8285 18295 8540495 1 1016
8286 18296 8540505 1 1016
8288 18296 8540515 1 1016
8290 18297 8540525 1 1015
8292 18298 8540535 1 1015
8293 18299 8540545 1 1016
8295 18299 8540555 1 1016
8296 18300 8540565 1 1016
8297 18300 8540575 1 1016
8298 18300 8540585 1 1016
8299 18301 8540595 1 1016
8300 18301 8540605 1 1016
8300 18301 8540615 1 1017
8300 18300 8540625 1 1017
8300 18300 8540635 1 1017
8299 18300 8540645 1 1017
8299 18299 8540655 1 1017
8298 18299 8540665 1 1014
8298 18298 8540675 1 1003
8297 18297 8540685 1 982
8297 18296 8540695 1 976
8297 18296 8540705 1 975
8297 18296 8540715 1 971
8297 18296 8540725 1 961
8298 18296 8540735 1 951
8298 18296 8540745 1 941
8299 18296 8540755 1 933
8301 18296 8540765 1 917
8302 18296 8540775 1 913
8302 18295 8540785 1 910
8302 18295 8540795 1 904
8303 18294 8540805 1 898
8302 18294 8540815 1 893
8301 18293 8540825 1 888
8300 18292 8540835 1 884
8299 18289 8540845 1 879
8299 18288 8540855 1 877
8298 18287 8540865 1 875
8298 18286 8540875 1 873
8298 18285 8540885 1 871
8297 18284 8540895 1 870
8297 18284 8540905 1 870
8295 18283 8540915 1 869
8291 18282 8540925 1 868
8288 18282 8540935 1 868
8285 18281 8540945 1 868
8281 18280 8540955 1 869
8278 18280 8540965 1 870
8274 18279 8540975 1 871
8271 18278 8540985 1 872
8268 18277 8540995 1 874
8263 18275 8541005 1 876
8260 18274 8541015 1 879
8258 18272 8541025 1 881
8257 18271 8541035 1 884
8256 18270 8541045 1 887
8255 18269 8541055 1 890
8254 18268 8541065 1 893
8255 18267 8541075 1 896
8258 18266 8541085 1 897
8261 18265 8541095 1 901
8263 18264 8541105 1 905
8267 18263 8541115 1 908
8270 18263 8541125 1 912
8274 18262 8541135 1 917
8277 18261 8541145 1 921
8280 18260 8541155 1 923
8286 18259 8541165 1 929
8289 18259 8541175 1 933
8291 18259 8541185 1 937
8293 18259 8541195 1 942
8295 18259 8541205 1 947
8297 18259 8541215 1 951
8298 18259 8541225 1 953
8298 18260 8541235 1 954
8298 18260 8541245 1 962
8298 18261 8541255 1 966
8298 18262 8541265 1 968
8298 18262 8541275 1 969
8298 18262 8541285 1 973
8298 18263 8541295 1 976
8298 18263 8541305 1 977
8298 18263 8541315 1 979
8299 18263 8541325 1 984
8301 18263 8541335 1 987
8302 18263 8541345 1 989
8304 18263 8541355 1 991
8307 18262 8541365 1 993
8309 18262 8541375 1 993
8312 18261 8541385 1 994
8315 18260 8541395 1 995
8319 18258 8541405 1 998
8321 18257 8541415 1 999
8322 18256 8541425 1 999
8323 18255 8541435 1 1000
8323 18254 8541445 1 1000
8324 18253 8541455 1 1001
8323 18252 8541465 1 1001
8323 18251 8541475 1 1001
8322 18250 8541485 1 1003
8322 18249 8541495 1 1003
8320 18249 8541505 1 1004
8319 18248 8541515 1 1005
8317 18248 8541525 1 1005
8315 18247 8541535 1 1005
8314 18247 8541545 1 1005
8312 18247 8541555 1 1006
8308 18246 8541565 1 1008
8305 18246 8541575 1 1009
8303 18245 8541585 1 1010
8301 18245 8541595 1 1010
8298 18245 8541605 1 1011
8296 18245 8541615 1 1012
8294 18245 8541625 1 1013
8292 18246 8541635 1 1014
8289 18246 8541645 1 1015
8288 18246 8541655 1 1016
8288 18246 8541665 1 1017
8288 18246 8541675 1 1018
8289 18246 8541685 1 1019
8290 18246 8541695 1 1020
8291 18247 8541705 1 1021
8292 18247 8541715 1 1022
8294 18248 8541725 1 1023
8295 18249 8541735 1 1024
8296 18249 8541745 1 1023
8298 18250 8541755 1 1023
8300 18251 8541765 1 1023
8303 18253 8541775 1 1023
8306 18254 8541785 1 1024
8309 18255 8541795 1 1024
8315 18258 8541805 1 1024
8318 18259 8541815 1 1023
8321 18260 8541825 1 1023
8324 18261 8541835 1 1023
8326 18263 8541845 1 1023
8328 18264 8541855 1 1023
8330 18265 8541865 1 1023
8331 18266 8541875 1 1023
8332 18269 8541885 1 1024
8332 18270 8541895 1 1023
8331 18272 8541905 1 1023
8330 18273 8541915 1 1023
8327 18274 8541925 1 1023
8325 18275 8541935 1 1023
8321 18276 8541945 1 1023
8317 18276 8541955 1 1023
8307 18277 8541965 1 1022
8301 18277 8541975 1 1022
8295 18278 8541985 1 1022
8289 18278 8541995 1 1022
8283 18278 8542005 1 1023
8278 18277 8542015 1 1023
8273 18277 8542025 1 1023
8269 18277 8542035 1 1023
8262 18276 8542045 1 1022
8259 18275 8542055 1 1022
8257 18275 8542065 1 1022
8257 18274 8542075 1 1022
8257 18273 8542085 1 1022
8257 18272 8542095 1 1022
8258 18271 8542105 1 1022
8260 18270 8542115 1 1022
8263 18268 8542125 1 1022
8266 18267 8542135 1 1022
8268 18266 8542145 1 1022
8271 18265 8542155 1 1022
8273 18264 8542165 1 1022
8276 18262 8542175 1 1022
8278 18261 8542185 1 1022
8280 18259 8542195 1 1021
8283 18256 8542205 1 1021
8284 18254 8542215 1 1021
8285 18253 8542225 1 1021
8285 18251 8542235 1 1021
8286 18249 8542245 1 1022
8287 18248 8542255 1 1022
8288 18246 8542265 1 1022
8289 18245 8542275 1 1021
8292 18243 8542285 1 1021
8294 18242 8542295 1 1021
8296 18241 8542305 1 1021
8298 18241 8542315 1 1021
8300 18241 8542325 1 1021
8302 18240 8542335 1 1021
8304 18240 8542345 1 1020
8307 18241 8542355 1 1020
8311 18241 8542365 1 1021
8313 18241 8542375 1 1021
8315 18241 8542385 1 1021
8317 18242 8542395 1 1021
8318 18242 8542405 1 1021
8319 18242 8542415 1 1021
8320 18242 8542425 1 1020
8321 18243 8542435 1 1020
8322 18243 8542445 1 1020
8323 18243 8542455 1 1020
8325 18244 8542465 1 1020
8327 18244 8542475 1 1020
8330 18245 8542485 1 1020
8333 18246 8542495 1 1021
8336 18246 8542505 1 1020
8339 18247 8542515 1 1020
8347 18249 8542525 1 1020
8351 18251 8542535 1 1020
8356 18252 8542545 1 1020
8360 18253 8542555 1 1020
8364 18254 8542565 1 1020
8368 18255 8542575 1 1020
8371 18256 8542585 1 1019
8375 18257 8542595 1 1019
8382 18260 8542605 1 1019
8385 18261 8542615 1 1019
8388 18262 8542625 1 1019
8390 18263 8542635 1 1020
8392 18264 8542645 1 1020
8394 18265 8542655 1 1019
8395 18266 8542665 1 1019
8396 18267 8542675 1 1019
8398 18268 8542685 1 1019
8399 18269 8542695 1 1019
8399 18269 8542705 1 1019
8400 18269 8542715 1 1019
8400 18270 8542725 1 1018
8401 18270 8542735 1 1018
8401 18270 8542745 1 1018
8401 18270 8542755 1 1018
8401 18270 8542765 1 1018
8401 18270 8542775 1 1019
8401 18271 8542785 1 1019
8401 18271 8542795 1 1019
8400 18271 8542805 1 1018
8399 18272 8542815 1 1018
8399 18272 8542825 1 1018
8397 18273 8542835 1 1018
8395 18274 8542845 1 1018
8393 18275 8542855 1 1018
8391 18276 8542865 1 1018
8389 18277 8542875 1 1017
8386 18278 8542885 1 1017
8384 18279 8542895 1 1017
8382 18280 8542905 1 1017
8379 18280 8542915 1 1017
8376 18280 8542925 1 1018
8374 18280 8542935 1 1018
8373 18279 8542945 1 1017
8372 18278 8542955 1 1017
8372 18277 8542965 1 1017
8371 18275 8542975 1 1017
8371 18274 8542985 1 1017
8372 18272 8542995 1 1017
8374 18267 8543005 1 1017
8375 18265 8543015 1 1017
8376 18263 8543025 1 1016
8376 18261 8543035 1 1016
8375 18259 8543045 1 1016
8374 18258 8543055 1 1016
8372 18256 8543065 1 1016
8371 18255 8543075 1 1016
8367 18254 8543085 1 1017
8365 18254 8543095 1 1016
8364 18254 8543105 1 1016
8362 18255 8543115 1 1016
8360 18256 8543125 1 1016
8359 18257 8543135 1 1016
8357 18258 8543145 1 1016
8355 18259 8543155 1 1016
8350 18261 8543165 1 1016
8348 18263 8543175 1 1016
8346 18264 8543185 1 1015
8344 18265 8543195 1 1015
8342 18265 8543205 1 1015
8340 18266 8543215 1 1015
8339 18266 8543225 1 1015
8337 18266 8543235 1 1015
8335 18266 8543245 1 1016
8335 18265 8543255 1 1014
8335 18265 8543265 1 1015
8335 18264 8543275 1 1015
8335 18264 8543285 1 1015
8336 18263 8543295 1 1015
8336 18262 8543305 1 1015
8337 18262 8543315 1 1015
8338 18261 8543325 1 1015
8338 18261 8543335 1 1014
8339 18260 8543345 1 1014
8340 18261 8543355 1 1014
8342 18261 8543365 1 1014
8343 18261 8543375 1 1014
8345 18262 8543385 1 1014
8346 18263 8543395 1 1014
8349 18266 8543405 1 1013
8351 18267 8543415 1 1013
8352 18268 8543425 1 1013
8353 18269 8543435 1 1013
8354 18271 8543445 1 1014
8355 18272 8543455 1 1014
8356 18273 8543465 1 1014
8357 18274 8543475 1 1014
8359 18276 8543485 1 1013
8359 18276 8543495 1 1013
8358 18277 8543505 1 1013
8358 18277 8543515 1 1013
8357 18278 8543525 1 1013
8357 18278 8543535 1 1013
8357 18278 8543545 1 1013
8357 18278 8543555 1 1013
8358 18277 8543565 1 1012
8360 18277 8543575 1 1012
8362 18276 8543585 1 1012
8363 18276 8543595 1 1012
8365 18275 8543605 1 1012
8366 18274 8543615 1 1012
8368 18273 8543625 1 1013
8368 18271 8543635 1 1011
8369 18269 8543645 1 1012
8369 18268 8543655 1 1012
8370 18266 8543665 1 1012
8371 18265 8543675 1 1012
8373 18264 8543685 1 1012
8374 18263 8543695 1 1012
8375 18262 8543705 1 1012
8376 18262 8543715 1 1011
8378 18260 8543725 1 1011
8378 18260 8543735 1 1011
8378 18260 8543745 1 1011
8379 18259 8543755 1 1011
8378 18259 8543765 1 1011
8378 18259 8543775 1 1011
8378 18259 8543785 1 1010
8379 18258 8543795 1 1010
8380 18258 8543805 1 1010
8381 18259 8543815 1 1010
8382 18259 8543825 1 1010
8384 18259 8543835 1 1010
8386 18259 8543845 1 1011
8388 18260 8543855 1 1009
8391 18260 8543865 1 1009
8393 18261 8543875 1 1010
8398 18262 8543885 1 1010
8401 18263 8543895 1 1010
8403 18264 8543905 1 1010
8404 18264 8543915 1 1010
8405 18265 8543925 1 1010
8406 18265 8543935 1 1009
8407 18265 8543945 1 1009
8407 18266 8543955 1 1009
8406 18266 8543965 1 1009
8405 18266 8543975 1 1009
8404 18267 8543985 1 1009
8403 18267 8543995 1 1009
8401 18267 8544005 1 1008
8400 18267 8544015 1 1008
8399 18267 8544025 1 1008
8398 18267 8544035 1 1008
8396 18267 8544045 1 1008
8396 18267 8544055 1 1008
8395 18267 8544065 1 1009
8394 18266 8544075 1 1009
8393 18266 8544085 1 1007
8392 18265 8544095 1 1007
8390 18264 8544105 1 1007
8389 18263 8544115 1 1008
8384 18260 8544125 1 1008
8382 18258 8544135 1 1008
8380 18257 8544145 1 1008
8377 18255 8544155 1 1007
8374 18254 8544165 1 1007
8372 18253 8544175 1 1007
8369 18251 8544185 1 1007
8367 18250 8544195 1 1007
8363 18248 8544205 1 1007
8362 18247 8544215 1 1007
8362 18246 8544225 1 1006
8363 18246 8544235 1 1006
8364 18245 8544245 1 1006
8366 18245 8544255 1 1006
8368 18244 8544265 1 1006
8371 18244 8544275 1 1006
8375 18243 8544285 1 1006
8377 18243 8544295 1 1006
8380 18243 8544305 1 1005
8382 18243 8544315 1 1005
8384 18243 8544325 1 1005
8386 18243 8544335 1 1005
8389 18244 8544345 1 1005
8391 18244 8544355 1 1005
8394 18246 8544365 1 1006
8395 18247 8544375 1 1004
8395 18248 8544385 1 1004
8395 18249 8544395 1 1004
8394 18250 8544405 1 1005
8393 18251 8544415 1 1005
8391 18252 8544425 1 1005
8390 18253 8544435 1 1005
8385 18255 8544445 1 1005
8383 18256 8544455 1 1004
8381 18257 8544465 1 1004
8378 18258 8544475 1 1004
8376 18259 8544485 1 1004
8374 18260 8544495 1 1004
8372 18261 8544505 1 1004
8371 18262 8544515 1 1004
8372 18263 8544525 1 1004
8373 18264 8544535 1 1003
8375 18264 8544545 1 1003
8376 18265 8544555 1 1003
8379 18265 8544565 1 1003
8381 18265 8544575 1 1003
8383 18265 8544585 1 1003
8386 18265 8544595 1 1003
8392 18264 8544605 1 1002
8395 18264 8544615 1 1002
8398 18263 8544625 1 1002
8400 18262 8544635 1 1002
8403 18262 8544645 1 1002
8405 18261 8544655 1 1002
8407 18260 8544665 1 1002
8409 18259 8544675 1 1002
8414 18258 8544685 1 1001
8417 18257 8544695 1 1001
8420 18257 8544705 1 1001
8423 18257 8544715 1 1001
8427 18257 8544725 1 1001
8430 18257 8544735 1 1001
8433 18257 8544745 1 1002
8436 18258 8544755 1 1002
8439 18259 8544765 1 1000
8440 18260 8544775 1 1000
8441 18261 8544785 1 1001
8441 18262 8544795 1 1001
8441 18264 8544805 1 1001
8440 18266 8544815 1 1001
8439 18268 8544825 1 1001
8438 18270 8544835 1 1000
8434 18274 8544845 1 1000
8432 18277 8544855 1 1000
8430 18280 8544865 1 1000
8427 18282 8544875 1 1000
8425 18285 8544885 1 1000
8422 18287 8544895 1 999
8419 18289 8544905 1 999
8416 18292 8544915 1 999
8410 18295 8544925 1 999
8408 18297 8544935 1 999
8406 18299 8544945 1 999
8405 18300 8544955 1 998
8404 18301 8544965 1 998
8404 18302 8544975 1 998
8403 18303 8544985 1 998
8403 18304 8544995 1 998
8401 18305 8545005 1 998
8400 18305 8545015 1 998
8399 18304 8545025 1 997
8397 18304 8545035 1 997
8395 18303 8545045 1 997
8393 18302 8545055 1 997
8390 18300 8545065 1 997
8387 18299 8545075 1 997
8379 18295 8545085 1 996
8375 18293 8545095 1 996
8371 18291 8545105 1 996
8367 18289 8545115 1 996
8363 18287 8545125 1 996
8359 18284 8545135 1 996
8355 18282 8545145 1 996
8352 18280 8545155 1 995
8345 18275 8545165 1 995
8342 18273 8545175 1 995
8340 18271 8545185 1 995
8339 18269 8545195 1 995
8338 18267 8545205 1 995
8337 18265 8545215 1 995
8338 18263 8545225 1 994
8340 18262 8545235 1 994
8347 18261 8545245 1 994
8351 18261 8545255 1 994
8355 18261 8545265 1 994
8359 18260 8545275 1 994
8362 18260 8545285 1 993
8365 18260 8545295 1 993
8367 18260 8545305 1 993
8369 18260 8545315 1 993
8372 18260 8545325 1 993
8373 18260 8545335 1 993
8374 18261 8545345 1 992
8374 18261 8545355 1 992
8375 18261 8545365 1 992
8375 18262 8545375 1 992
8376 18262 8545385 1 992
8377 18262 8545395 1 992
8378 18262 8545405 1 991
8378 18263 8545415 1 991
8378 18263 8545425 1 991
8377 18263 8545435 1 991
8376 18263 8545445 1 991
8375 18263 8545455 1 991
8373 18263 8545465 1 991
8372 18263 8545475 1 990
8368 18263 8545485 1 990
8367 18264 8545495 1 990
8364 18264 8545505 1 990
8362 18264 8545515 1 990
8359 18264 8545525 1 990
8356 18264 8545535 1 989
8353 18265 8545545 1 989
8350 18265 8545555 1 989
8343 18265 8545565 1 989
8339 18265 8545575 1 989
8336 18265 8545585 1 989
8332 18265 8545595 1 988
8329 18265 8545605 1 988
8327 18264 8545615 1 988
