8334 18996 5669982 1 624
7993 18722 5669992 1 628
7822 18584 5670002 1 630
7763 18537 5670012 1 631
7761 18534 5670022 1 632
7768 18537 5670032 1 634
7778 18540 5670042 1 635
7779 18536 5670052 1 636
7791 18538 5670062 1 638
7801 18539 5670072 1 639
7809 18537 5670082 1 641
7815 18533 5670092 1 642
7816 18526 5670102 1 643
7813 18518 5670112 1 645
7806 18510 5670122 1 646
7795 18502 5670132 1 648
7781 18495 5670142 1 650
7773 18492 5670152 1 650
7765 18490 5670162 1 651
7749 18488 5670172 1 652
7734 18489 5670182 1 654
7722 18493 5670192 1 655
7713 18500 5670202 1 656
7707 18508 5670212 1 658
7705 18518 5670222 1 659
7708 18528 5670232 1 660
7713 18538 5670242 1 662
7721 18548 5670252 1 663
7730 18556 5670262 1 664
7740 18562 5670272 1 665
7750 18566 5670282 1 667
7760 18566 5670292 1 668
7769 18565 5670302 1 670
7778 18560 5670312 1 671
7782 18557 5670322 1 672
7787 18552 5670332 1 672
7796 18541 5670342 1 674
7807 18528 5670352 1 675
7820 18512 5670362 1 676
7834 18494 5670372 1 679
7849 18476 5670382 1 680
7866 18458 5670392 1 681
7881 18441 5670402 1 682
7895 18428 5670412 1 684
7906 18419 5670422 1 685
7912 18415 5670432 1 686
7914 18417 5670442 1 687
7908 18424 5670452 1 688
7896 18438 5670462 1 689
7878 18456 5670472 1 690
7854 18477 5670482 1 691
7841 18489 5670492 1 692
7826 18501 5670502 1 692
7795 18526 5670512 1 692
7764 18549 5670522 1 693
7734 18571 5670532 1 694
7708 18589 5670542 1 695
7687 18604 5670552 1 696
7671 18616 5670562 1 697
7662 18624 5670572 1 698
7658 18630 5670582 1 699
7660 18634 5670592 1 700
7666 18637 5670602 1 701
7675 18640 5670612 1 702
7686 18643 5670622 1 704
7698 18646 5670632 1 705
7708 18651 5670642 1 706
7717 18656 5670652 1 708
7721 18659 5670662 1 709
7723 18662 5670672 1 709
7726 18667 5670682 1 711
7726 18671 5670692 1 713
7723 18673 5670702 1 714
7719 18675 5670712 1 716
7713 18674 5670722 1 718
7710 18673 5670732 1 720
7707 18671 5670742 1 722
7702 18668 5670752 1 724
7698 18664 5670762 1 726
7695 18659 5670772 1 729
7694 18654 5670782 1 731
7695 18649 5670792 1 734
7698 18644 5670802 1 736
7701 18639 5670812 1 738
7705 18635 5670822 1 740
7707 18633 5670832 1 741
7709 18631 5670842 1 743
7714 18627 5670852 1 745
7718 18623 5670862 1 746
7723 18618 5670872 1 748
7727 18613 5670882 1 749
7732 18606 5670892 1 751
7736 18599 5670902 1 752
7742 18591 5670912 1 752
7747 18583 5670922 1 753
7754 18574 5670932 1 753
7759 18566 5670942 1 752
7766 18558 5670952 1 751
7771 18552 5670962 1 750
7775 18547 5670972 1 749
7777 18545 5670982 1 746
7778 18544 5670992 1 744
7778 18544 5671002 1 742
7777 18546 5671012 1 741
7774 18550 5671022 1 739
7769 18556 5671032 1 737
7764 18563 5671042 1 735
7758 18571 5671052 1 735
7753 18578 5671062 1 736
7750 18585 5671072 1 738
7749 18590 5671082 1 743
7750 18593 5671092 1 749
7755 18594 5671102 1 758
7762 18591 5671112 1 770
7772 18587 5671122 1 783
7782 18580 5671132 1 795
7793 18572 5671142 1 808
7804 18564 5671152 1 816
7813 18556 5671162 1 821
7817 18552 5671172 1 822
7820 18549 5671182 1 820
7824 18543 5671192 1 812
7825 18540 5671202 1 794
7824 18539 5671212 1 769
7820 18541 5671222 1 732
7815 18545 5671232 1 686
7808 18551 5671242 1 632
7800 18557 5671252 1 572
7792 18564 5671262 1 507
7785 18571 5671272 1 440
7778 18576 5671282 1 371
7774 18581 5671292 1 302
7771 18584 5671302 1 235
7771 18586 5671312 1 171
7774 18587 5671322 1 111
7780 18586 5671332 1 59
7784 18586 5671342 1 31
7789 18586 5671352 1 14
7800 18585 5671362 0 0
7812 18584 5671372 0 0
7825 18583 5671382 0 0
7838 18581 5671392 0 0
7851 18580 5671402 0 0
7863 18577 5671412 0 0
7872 18575 5671422 0 0
7880 18572 5671432 0 0
7885 18568 5671442 0 0
7889 18563 5671452 0 0
7890 18558 5671462 0 0
7890 18556 5671472 0 0
7887 18555 5671482 0 0
7884 18550 5671492 0 0
7880 18547 5671502 0 0
7878 18545 5671512 0 0
7875 18544 5671522 0 0
7870 18542 5671532 1 25
7864 18541 5671542 1 69
7857 18542 5671552 1 122
7851 18543 5671562 1 182
7845 18545 5671572 1 247
7841 18547 5671582 1 318
7837 18549 5671592 1 390
7836 18552 5671602 1 464
7837 18554 5671612 1 540
7840 18556 5671622 1 613
7844 18558 5671632 1 685
7850 18559 5671642 1 754
7857 18559 5671652 1 817
7863 18560 5671662 1 875
7869 18560 5671672 1 925
7871 18560 5671682 1 949
7873 18560 5671692 1 967
7875 18561 5671702 1 999
7875 18562 5671712 1 1021
7873 18562 5671722 1 1024
7868 18564 5671732 1 1024
7862 18565 5671742 1 1024
7854 18568 5671752 1 1024
7845 18571 5671762 1 1024
7835 18574 5671772 1 1008
7825 18579 5671782 1 989
7816 18584 5671792 1 969
7807 18590 5671802 1 950
7799 18597 5671812 1 931
7792 18604 5671822 1 912
7787 18610 5671832 1 894
7784 18617 5671842 1 877
7783 18620 5671852 1 869
7782 18623 5671862 1 862
7781 18627 5671872 1 848
7782 18630 5671882 1 836
7783 18632 5671892 1 827
7785 18631 5671902 1 820
7786 18629 5671912 1 815
7786 18625 5671922 1 812
7785 18620 5671932 1 811
7783 18613 5671942 1 811
7780 18606 5671952 1 813
7777 18599 5671962 1 815
7773 18592 5671972 1 819
7768 18586 5671982 1 823
7764 18581 5671992 1 827
7761 18578 5672002 1 832
7759 18575 5672012 1 836
7757 18574 5672022 1 838
7757 18574 5672032 1 840
7757 18574 5672042 1 844
7757 18575 5672052 1 846
7760 18576 5672062 1 848
7764 18578 5672072 1 849
7769 18580 5672082 1 849
7776 18582 5672092 1 848
7784 18583 5672102 1 847
7794 18585 5672112 1 849
7805 18586 5672122 1 854
7818 18587 5672132 1 863
7832 18587 5672142 1 875
7846 18588 5672152 1 888
7860 18588 5672162 1 898
7874 18589 5672172 1 903
7886 18589 5672182 1 900
7892 18589 5672192 1 899
7896 18588 5672202 1 888
7905 18587 5672212 1 864
7908 18585 5672222 1 849
7908 18582 5672232 1 826
7910 18579 5672242 1 774
7909 18574 5672252 1 711
7906 18568 5672262 1 640
7903 18562 5672272 1 561
7899 18555 5672282 1 478
7895 18548 5672292 1 392
7892 18541 5672302 1 305
7888 18536 5672312 1 221
7885 18532 5672322 1 139
7883 18529 5672332 1 64
7880 18529 5672342 0 0
7878 18530 5672352 0 0
7877 18531 5672362 0 0
7877 18532 5672372 0 0
7876 18536 5672382 0 0
7875 18540 5672392 0 0
7875 18544 5672402 0 0
7877 18548 5672412 0 0
7879 18551 5672422 0 0
7883 18553 5672432 0 0
7889 18554 5672442 0 0
7895 18554 5672452 0 0
7902 18552 5672462 0 0
7910 18551 5672472 0 0
7916 18549 5672482 1 33
7922 18548 5672492 1 87
7925 18549 5672502 1 144
7926 18551 5672512 1 205
7924 18555 5672522 1 268
7922 18557 5672532 1 299
7919 18561 5672542 1 332
7912 18569 5672552 1 398
7903 18578 5672562 1 465
7894 18588 5672572 1 530
7884 18598 5672582 1 595
7876 18607 5672592 1 658
7869 18616 5672602 1 718
7865 18623 5672612 1 775
7864 18629 5672622 1 829
7866 18631 5672632 1 878
7870 18632 5672642 1 920
7877 18630 5672652 1 958
7885 18627 5672662 1 988
7895 18622 5672672 1 1014
7904 18617 5672682 1 1024
7913 18610 5672692 1 1024
7917 18606 5672702 1 1024
7921 18603 5672712 1 1024
7928 18596 5672722 1 1024
7933 18589 5672732 1 1024
7938 18583 5672742 1 1024
7942 18578 5672752 1 1024
7945 18573 5672762 1 1024
7947 18569 5672772 1 1024
7950 18566 5672782 1 1024
7952 18563 5672792 1 1024
7954 18561 5672802 1 1024
7955 18559 5672812 1 1011
7955 18558 5672822 1 999
7954 18557 5672832 1 986
7953 18558 5672842 1 974
7950 18558 5672852 1 962
7946 18560 5672862 1 952
7944 18561 5672872 1 948
7941 18562 5672882 1 944
7935 18565 5672892 1 937
7929 18568 5672902 1 932
7923 18570 5672912 1 928
7918 18573 5672922 1 925
7913 18577 5672932 1 924
7909 18580 5672942 1 924
7906 18582 5672952 1 925
7907 18583 5672962 1 925
7907 18583 5672972 1 926
7907 18586 5672982 1 929
7907 18589 5672992 1 932
7908 18593 5673002 1 937
7908 18597 5673012 1 941
7909 18601 5673022 1 946
7909 18605 5673032 1 951
7909 18607 5673042 1 953
7908 18609 5673052 1 956
7907 18613 5673062 1 962
7905 18617 5673072 1 967
7902 18620 5673082 1 973
7899 18621 5673092 1 978
7895 18623 5673102 1 983
7891 18622 5673112 1 987
7888 18621 5673122 1 991
7884 18619 5673132 1 994
7881 18616 5673142 1 997
7879 18612 5673152 1 1000
7877 18608 5673162 1 1003
7876 18603 5673172 1 1004
7875 18599 5673182 1 1006
7875 18595 5673192 1 1007
7874 18592 5673202 1 1008
7874 18591 5673212 1 1008
7875 18590 5673222 1 1009
7875 18588 5673232 1 1010
7876 18588 5673242 1 1010
7879 18588 5673252 1 1011
7881 18589 5673262 1 1012
7885 18591 5673272 1 1013
7891 18592 5673282 1 1014
7897 18594 5673292 1 1015
7905 18596 5673302 1 1017
7915 18597 5673312 1 1019
7925 18598 5673322 1 1020
7937 18599 5673332 1 1022
7948 18599 5673342 1 1024
7961 18599 5673352 1 1024
7973 18598 5673362 1 1024
7985 18597 5673372 1 1024
7991 18596 5673382 1 1024
7996 18595 5673392 1 1024
8005 18592 5673402 1 1024
8013 18589 5673412 1 1024
8020 18584 5673422 1 1024
8024 18579 5673432 1 1024
8025 18574 5673442 1 1024
8025 18568 5673452 1 1024
8021 18562 5673462 1 1024
8016 18556 5673472 1 1024
8008 18551 5673482 1 1024
7999 18547 5673492 1 1024
7988 18544 5673502 1 1024
7975 18543 5673512 1 1024
7963 18543 5673522 1 1024
7951 18546 5673532 1 1024
7940 18551 5673542 1 1024
7932 18558 5673552 1 1024
7927 18567 5673562 1 1024
7926 18576 5673572 1 1024
7930 18586 5673582 1 1024
7940 18596 5673592 1 1024
7954 18606 5673602 1 1024
7973 18614 5673612 1 1024
7995 18621 5673622 1 1024
8019 18626 5673632 1 1024
8043 18629 5673642 1 1024
8065 18630 5673652 1 1024
8084 18629 5673662 1 1024
8099 18626 5673672 1 1024
8111 18623 5673682 1 1024
8117 18618 5673692 1 1024
8118 18612 5673702 1 1024
8112 18609 5673712 1 1024
