8324 18334 6703303 1 617
8258 18276 6703313 1 618
8255 18273 6703323 1 620
8263 18277 6703333 1 622
8274 18280 6703343 1 623
8276 18274 6703353 1 625
8289 18277 6703363 1 627
8303 18278 6703373 1 628
8314 18275 6703383 1 631
8324 18269 6703393 1 632
8336 18250 6703403 1 636
8338 18239 6703413 1 637
8337 18229 6703423 1 638
8332 18221 6703433 1 641
8326 18216 6703443 1 642
8318 18214 6703453 1 643
8308 18217 6703463 1 645
8298 18224 6703473 1 647
8288 18233 6703483 1 648
8280 18246 6703493 1 650
8270 18273 6703503 1 653
8268 18286 6703513 1 655
8270 18298 6703523 1 656
8273 18307 6703533 1 657
8278 18314 6703543 1 659
8285 18317 6703553 1 661
8292 18317 6703563 1 662
8301 18313 6703573 1 665
8310 18306 6703583 1 666
8319 18295 6703593 1 667
8338 18265 6703603 1 670
8348 18247 6703613 1 672
8359 18228 6703623 1 674
8371 18208 6703633 1 675
8383 18190 6703643 1 676
8396 18174 6703653 1 677
8407 18163 6703663 1 680
8418 18155 6703673 1 681
8425 18154 6703683 1 682
8429 18158 6703693 1 683
8420 18185 6703703 1 686
8406 18205 6703713 1 687
8384 18228 6703723 1 688
8356 18253 6703733 1 689
8323 18278 6703743 1 689
8285 18300 6703753 1 690
8246 18321 6703763 1 691
8207 18337 6703773 1 693
8171 18349 6703783 1 694
8139 18357 6703793 1 695
8096 18365 6703803 1 697
8085 18366 6703813 1 698
8082 18366 6703823 1 699
8085 18368 6703833 1 701
8093 18370 6703843 1 703
8106 18374 6703853 1 704
8121 18380 6703863 1 705
8136 18388 6703873 1 707
8151 18396 6703883 1 708
8163 18404 6703893 1 711
8180 18418 6703903 1 714
8184 18422 6703913 1 716
8184 18425 6703923 1 718
8185 18426 6703933 1 720
8184 18427 6703943 1 722
8176 18425 6703953 1 724
8166 18422 6703963 1 726
8156 18417 6703973 1 730
8146 18412 6703983 1 732
8137 18407 6703993 1 735
8125 18396 6704003 1 739
8124 18392 6704013 1 742
8125 18387 6704023 1 745
8129 18383 6704033 1 747
8136 18378 6704043 1 748
8145 18373 6704053 1 750
8156 18367 6704063 1 751
8168 18360 6704073 1 753
8180 18352 6704083 1 755
8193 18343 6704093 1 754
8215 18321 6704103 1 755
8224 18311 6704113 1 754
8232 18300 6704123 1 753
8238 18290 6704133 1 752
8244 18283 6704143 1 751
8249 18278 6704153 1 748
8254 18276 6704163 1 746
8259 18276 6704173 1 742
8265 18280 6704183 1 740
8272 18286 6704193 1 738
8289 18305 6704203 1 736
8300 18315 6704213 1 737
8311 18325 6704223 1 739
8321 18333 6704233 1 744
8331 18339 6704243 1 751
8340 18342 6704253 1 760
8347 18341 6704263 1 773
8350 18337 6704273 1 787
8350 18331 6704283 1 800
8346 18322 6704293 1 812
8329 18303 6704303 1 826
8316 18293 6704313 1 825
8302 18285 6704323 1 816
8286 18280 6704333 1 798
8271 18276 6704343 1 772
8256 18275 6704353 1 732
8242 18277 6704363 1 685
8230 18281 6704373 1 627
8219 18287 6704383 1 565
8211 18293 6704393 1 498
8203 18309 6704403 1 356
8204 18317 6704413 1 283
8208 18324 6704423 1 214
8215 18331 6704433 1 147
8226 18337 6704443 1 86
8239 18342 6704453 1 32
8255 18347 6704463 0 0
8272 18350 6704473 0 0
8289 18353 6704483 0 0
8306 18354 6704493 0 0
8336 18355 6704503 0 0
8348 18353 6704513 0 0
8356 18351 6704523 0 0
8362 18347 6704533 0 0
8364 18342 6704543 0 0
8364 18335 6704553 0 0
8362 18328 6704563 0 0
8358 18324 6704573 0 0
8352 18320 6704583 0 0
8346 18312 6704593 0 0
8335 18298 6704603 0 0
8332 18291 6704613 1 7
8329 18286 6704623 1 53
8327 18283 6704633 1 108
8327 18281 6704643 1 169
8328 18280 6704653 1 237
8330 18281 6704663 1 309
8332 18282 6704673 1 383
8335 18285 6704683 1 459
8338 18288 6704693 1 536
8344 18295 6704703 1 685
8348 18298 6704713 1 754
8351 18302 6704723 1 818
8354 18305 6704733 1 877
8357 18308 6704743 1 928
8360 18311 6704753 1 971
8361 18314 6704763 1 1003
8362 18317 6704773 1 1024
8362 18319 6704783 1 1024
8360 18322 6704793 1 1024
8349 18328 6704803 1 1024
8341 18331 6704813 1 1024
8330 18334 6704823 1 1010
8317 18338 6704833 1 990
8304 18343 6704843 1 970
8290 18348 6704853 1 951
8277 18354 6704863 1 931
8265 18361 6704873 1 912
8256 18369 6704883 1 894
8250 18376 6704893 1 877
8247 18389 6704903 1 848
8251 18394 6704913 1 836
8258 18397 6704923 1 827
8266 18399 6704933 1 820
8275 18397 6704943 1 815
8283 18393 6704953 1 812
8291 18387 6704963 1 811
8298 18378 6704973 1 811
8303 18368 6704983 1 813
8305 18357 6704993 1 815
8303 18334 6705003 1 824
8300 18325 6705013 1 828
8296 18316 6705023 1 833
8292 18310 6705033 1 837
8288 18305 6705043 1 841
8285 18303 6705053 1 846
8283 18302 6705063 1 848
8282 18303 6705073 1 850
8282 18306 6705083 1 851
8284 18309 6705093 1 851
8289 18315 6705103 1 849
8292 18319 6705113 1 852
8297 18322 6705123 1 857
8301 18326 6705133 1 866
8306 18329 6705143 1 879
8312 18333 6705153 1 892
8319 18336 6705163 1 903
8327 18339 6705173 1 908
8337 18342 6705183 1 905
8348 18343 6705193 1 893
8372 18343 6705203 1 853
8383 18341 6705213 1 829
8398 18337 6705223 1 776
8412 18331 6705233 1 711
8424 18323 6705243 1 637
8435 18314 6705253 1 556
8444 18303 6705263 1 470
8451 18292 6705273 1 381
8456 18281 6705283 1 291
8459 18271 6705293 1 203
8461 18256 6705303 1 40
8459 18253 6705313 0 0
8457 18253 6705323 0 0
8454 18256 6705333 0 0
8450 18261 6705343 0 0
8445 18268 6705353 0 0
8438 18275 6705363 0 0
8431 18282 6705373 0 0
8423 18288 6705383 0 0
8414 18294 6705393 0 0
8395 18298 6705403 0 0
8385 18298 6705413 0 0
8377 18296 6705423 0 0
8369 18294 6705433 0 0
8362 18292 6705443 1 55
8358 18290 6705453 1 115
8355 18290 6705463 1 179
8354 18292 6705473 1 244
8355 18296 6705483 1 312
8358 18302 6705493 1 381
8369 18318 6705503 1 520
8376 18328 6705513 1 588
8383 18338 6705523 1 654
8390 18348 6705533 1 718
8397 18357 6705543 1 779
8404 18364 6705553 1 835
8410 18371 6705563 1 887
8415 18376 6705573 1 932
8419 18379 6705583 1 972
8423 18382 6705593 1 1005
8425 18385 6705603 1 1024
8425 18385 6705613 1 1024
8423 18384 6705623 1 1024
8420 18381 6705633 1 1024
8416 18377 6705643 1 1024
8411 18371 6705653 1 1024
8407 18364 6705663 1 1024
8403 18355 6705673 1 1024
8400 18345 6705683 1 1024
8399 18334 6705693 1 1024
8404 18311 6705703 1 1024
8411 18301 6705713 1 1024
8421 18292 6705723 1 1020
8432 18286 6705733 1 1006
8446 18283 6705743 1 993
8460 18282 6705753 1 981
8475 18285 6705763 1 971
8488 18290 6705773 1 962
8498 18298 6705783 1 955
8505 18307 6705793 1 949
8506 18325 6705803 1 942
8499 18333 6705813 1 941
8487 18340 6705823 1 941
8471 18345 6705833 1 943
8455 18345 6705843 1 943
8437 18344 6705853 1 944
8417 18345 6705863 1 948
8400 18345 6705873 1 951
8386 18346 6705883 1 956
8377 18347 6705893 1 961
8374 18352 6705903 1 972
8379 18355 6705913 1 978
8389 18360 6705923 1 985
8401 18365 6705933 1 991
8414 18370 6705943 1 997
8427 18374 6705953 1 1002
8438 18378 6705963 1 1008
8448 18380 6705973 1 1013
8454 18381 6705983 1 1018
8455 18380 6705993 1 1021
8446 18374 6706003 1 1024
8435 18368 6706013 1 1024
8422 18362 6706023 1 1024
8407 18355 6706033 1 1024
8392 18348 6706043 1 1024
8378 18341 6706053 1 1024
8366 18335 6706063 1 1024
8358 18330 6706073 1 1024
8355 18326 6706083 1 1024
8357 18324 6706093 1 1024
8372 18325 6706103 1 1024
8384 18328 6706113 1 1024
8397 18331 6706123 1 1024
8412 18336 6706133 1 1024
8426 18341 6706143 1 1024
8440 18346 6706153 1 1024
8452 18351 6706163 1 1024
8464 18355 6706173 1 1024
8476 18359 6706183 1 1024
8488 18361 6706193 1 1024
8512 18363 6706203 1 1024
8524 18361 6706213 1 1024
8536 18358 6706223 1 1024
8548 18353 6706233 1 1024
8558 18347 6706243 1 1024
8565 18340 6706253 1 1024
8570 18331 6706263 1 1024
8570 18322 6706273 1 1024
8567 18312 6706283 1 1024
8561 18303 6706293 1 1024
8536 18287 6706303 1 1024
8519 18283 6706313 1 1024
8503 18281 6706323 1 1024
8485 18282 6706333 1 1024
8471 18286 6706343 1 1024
8458 18293 6706353 1 1024
8449 18303 6706363 1 1024
8445 18315 6706373 1 1024
8445 18328 6706383 1 1024
8450 18342 6706393 1 1024
8471 18369 6706403 1 1024
8487 18381 6706413 1 1024
8504 18391 6706423 1 1024
8521 18399 6706433 1 1024
8539 18404 6706443 1 1024
8555 18406 6706453 1 1024
8570 18406 6706463 1 1024
8584 18403 6706473 1 1024
8596 18397 6706483 1 1024
8604 18389 6706493 1 1024
