9107 17970 8501683 1 650
8377 17341 8501693 1 651
8128 17126 8501703 1 652
8116 17112 8501713 1 652
8146 17126 8501723 1 654
8192 17141 8501733 1 655
8202 17119 8501743 1 655
8261 17130 8501753 1 657
8321 17132 8501763 1 657
8379 17121 8501773 1 659
8434 17101 8501783 1 660
8483 17070 8501793 1 660
8520 17033 8501803 1 662
8546 16995 8501813 1 663
8556 16976 8501823 1 663
8557 16960 8501833 1 663
8554 16933 8501843 1 665
8536 16915 8501853 1 665
8507 16912 8501863 1 666
8467 16920 8501873 1 668
8419 16942 8501883 1 668
8368 16973 8501893 1 669
8314 17011 8501903 1 671
8260 17052 8501913 1 671
8211 17094 8501923 1 672
8167 17134 8501933 1 674
8132 17169 8501943 1 675
8105 17196 8501953 1 675
8092 17217 8501963 1 676
8087 17226 8501973 1 677
8092 17228 8501983 1 678
8107 17229 8501993 1 678
8140 17220 8502003 1 680
8195 17202 8502013 1 681
8268 17172 8502023 1 681
8362 17130 8502033 1 683
8475 17079 8502043 1 684
8600 17016 8502053 1 685
8736 16947 8502063 1 686
8874 16872 8502073 1 687
9007 16799 8502083 1 688
9125 16731 8502093 1 689
9222 16675 8502103 1 690
9292 16634 8502113 1 691
9319 16617 8502123 1 691
9324 16614 8502133 1 692
9318 16617 8502143 1 693
9269 16645 8502153 1 693
9179 16696 8502163 1 694
9052 16766 8502173 1 695
8894 16852 8502183 1 696
8714 16947 8502193 1 697
8527 17043 8502203 1 697
8340 17136 8502213 1 697
8168 17221 8502223 1 698
8016 17293 8502233 1 699
7895 17351 8502243 1 700
7804 17395 8502253 1 701
7743 17427 8502263 1 701
7718 17441 8502273 1 702
7708 17449 8502283 1 702
7694 17466 8502293 1 703
7694 17482 8502303 1 704
7700 17499 8502313 1 705
7706 17519 8502323 1 707
7708 17543 8502333 1 707
7698 17572 8502343 1 708
7677 17605 8502353 1 710
7645 17639 8502363 1 711
7603 17672 8502373 1 712
7559 17702 8502383 1 714
7516 17727 8502393 1 715
7480 17747 8502403 1 717
7462 17759 8502413 1 719
7459 17765 8502423 1 719
7479 17770 8502433 1 719
7522 17776 8502443 1 721
7577 17776 8502453 1 723
7658 17767 8502463 1 725
7761 17753 8502473 1 727
7882 17733 8502483 1 729
8014 17709 8502493 1 732
8146 17680 8502503 1 733
8269 17647 8502513 1 735
8371 17612 8502523 1 737
8444 17572 8502533 1 740
8481 17529 8502543 1 741
8478 17484 8502553 1 742
8433 17436 8502563 1 744
8402 17411 8502573 1 745
8351 17386 8502583 1 745
8240 17335 8502593 1 747
8107 17285 8502603 1 748
7966 17239 8502613 1 748
7827 17196 8502623 1 749
7704 17159 8502633 1 749
7603 17130 8502643 1 748
7535 17110 8502653 1 747
7499 17097 8502663 1 746
7500 17095 8502673 1 745
7537 17102 8502683 1 743
7603 17117 8502693 1 741
7694 17140 8502703 1 738
7801 17169 8502713 1 737
7857 17183 8502723 1 736
7916 17200 8502733 1 735
8030 17232 8502743 1 733
8134 17263 8502753 1 733
8226 17288 8502763 1 734
8297 17310 8502773 1 736
8348 17322 8502783 1 740
8379 17327 8502793 1 746
8394 17323 8502803 1 754
8397 17311 8502813 1 765
8390 17292 8502823 1 777
8376 17269 8502833 1 788
8359 17244 8502843 1 799
8336 17221 8502853 1 807
8313 17200 8502863 1 811
8301 17191 8502873 1 813
8288 17186 8502883 1 811
8263 17179 8502893 1 803
8236 17181 8502903 1 788
8211 17191 8502913 1 765
8186 17210 8502923 1 731
8165 17235 8502933 1 689
8146 17263 8502943 1 639
8131 17294 8502953 1 584
8118 17324 8502963 1 524
8110 17352 8502973 1 461
8106 17375 8502983 1 397
8107 17394 8502993 1 332
8113 17406 8503003 1 270
8125 17413 8503013 1 209
8132 17416 8503023 1 179
8143 17416 8503033 1 153
8167 17415 8503043 1 104
8195 17413 8503053 1 61
8227 17408 8503063 1 41
8260 17404 8503073 1 40
8293 17398 8503083 1 39
8324 17392 8503093 1 38
8352 17385 8503103 1 37
8374 17377 8503113 1 37
8385 17368 8503123 1 36
8384 17354 8503133 1 35
8371 17339 8503143 1 34
8347 17321 8503153 1 33
8309 17302 8503163 1 32
8287 17296 8503173 1 32
8257 17296 8503183 1 31
8195 17290 8503193 1 30
8130 17273 8503203 1 29
8063 17259 8503213 1 29
7998 17247 8503223 1 28
7940 17238 8503233 1 55
7891 17234 8503243 1 96
7856 17232 8503253 1 147
7837 17233 8503263 1 203
7837 17236 8503273 1 265
7856 17239 8503283 1 332
7895 17241 8503293 1 402
7953 17242 8503303 1 473
8026 17242 8503313 1 546
8066 17242 8503323 1 581
8112 17240 8503333 1 616
8204 17236 8503343 1 686
8300 17231 8503353 1 753
8392 17226 8503363 1 814
8473 17222 8503373 1 871
8539 17219 8503383 1 920
8586 17217 8503393 1 962
8608 17219 8503403 1 993
8605 17224 8503413 1 1015
8574 17230 8503423 1 1019
8519 17241 8503433 1 1019
8443 17256 8503443 1 1019
8350 17274 8503453 1 1020
8247 17298 8503463 1 1020
8193 17310 8503473 1 1016
8139 17326 8503483 1 1005
8034 17359 8503493 1 986
7937 17396 8503503 1 967
7854 17437 8503513 1 948
7791 17482 8503523 1 929
7747 17528 8503533 1 911
7727 17571 8503543 1 893
7729 17611 8503553 1 876
7751 17644 8503563 1 862
7792 17669 8503573 1 847
7847 17683 8503583 1 835
7910 17686 8503593 1 826
7975 17677 8503603 1 819
8034 17656 8503613 1 814
8061 17643 8503623 1 812
8079 17626 8503633 1 811
8109 17589 8503643 1 810
8119 17547 8503653 1 810
8110 17505 8503663 1 811
8084 17464 8503673 1 813
8043 17429 8503683 1 817
7993 17399 8503693 1 821
7944 17380 8503703 1 825
7902 17368 8503713 1 830
7870 17363 8503723 1 833
7856 17363 8503733 1 837
7862 17365 8503743 1 841
7889 17370 8503753 1 843
7937 17371 8503763 1 844
7965 17373 8503773 1 845
8001 17373 8503783 1 845
8078 17371 8503793 1 845
8164 17364 8503803 1 844
8253 17356 8503813 1 843
8341 17346 8503823 1 845
8425 17338 8503833 1 849
8502 17332 8503843 1 858
8568 17328 8503853 1 869
8621 17330 8503863 1 882
8660 17336 8503873 1 891
8683 17346 8503883 1 896
8692 17359 8503893 1 893
8686 17371 8503903 1 881
8670 17382 8503913 1 858
8656 17388 8503923 1 848
8634 17391 8503933 1 843
8595 17396 8503943 1 821
8569 17395 8503953 1 771
8546 17385 8503963 1 712
8532 17364 8503973 1 644
8529 17336 8503983 1 570
8541 17300 8503993 1 491
8570 17259 8504003 1 411
8614 17217 8504013 1 330
8671 17175 8504023 1 251
8738 17138 8504033 1 175
8812 17106 8504043 1 105
8885 17083 8504053 1 43
8955 17070 8504063 1 41
8988 17065 8504073 1 44
9014 17066 8504083 1 42
9059 17071 8504093 1 43
9086 17081 8504103 1 44
9092 17096 8504113 1 44
9079 17113 8504123 1 45
9048 17130 8504133 1 46
9003 17149 8504143 1 47
8946 17163 8504153 1 48
8886 17177 8504163 1 49
8827 17189 8504173 1 50
8776 17200 8504183 1 51
8737 17211 8504193 1 90
8713 17224 8504203 1 139
8708 17241 8504213 1 193
8710 17251 8504223 1 220
8722 17263 8504233 1 249
8754 17290 8504243 1 307
8797 17323 8504253 1 366
8851 17361 8504263 1 427
8909 17401 8504273 1 488
8966 17443 8504283 1 548
9015 17483 8504293 1 607
9055 17521 8504303 1 664
9081 17556 8504313 1 719
9091 17583 8504323 1 770
9085 17602 8504333 1 818
9068 17613 8504343 1 861
9039 17617 8504353 1 899
9005 17614 8504363 1 933
8986 17612 8504373 1 948
8967 17608 8504383 1 960
8930 17598 8504393 1 983
8896 17586 8504403 1 994
8867 17569 8504413 1 994
8845 17552 8504423 1 994
8831 17532 8504433 1 993
8821 17510 8504443 1 993
8820 17484 8504453 1 992
8823 17455 8504463 1 992
8832 17422 8504473 1 992
8845 17385 8504483 1 991
8860 17345 8504493 1 991
8877 17302 8504503 1 991
8894 17261 8504513 1 987
8901 17240 8504523 1 982
8905 17221 8504533 1 975
8913 17187 8504543 1 964
8912 17158 8504553 1 952
8905 17139 8504563 1 941
8890 17130 8504573 1 931
8871 17131 8504583 1 922
8847 17143 8504593 1 914
8822 17164 8504603 1 908
8797 17195 8504613 1 903
8774 17231 8504623 1 900
8754 17271 8504633 1 897
8738 17313 8504643 1 895
8725 17354 8504653 1 895
8715 17391 8504663 1 896
8713 17406 8504673 1 896
8716 17412 8504683 1 896
8716 17429 8504693 1 896
8707 17450 8504703 1 899
8699 17464 8504713 1 901
8689 17474 8504723 1 904
8677 17479 8504733 1 907
8666 17482 8504743 1 911
8653 17483 8504753 1 915
8638 17484 8504763 1 920
8625 17486 8504773 1 924
8614 17492 8504783 1 928
8605 17500 8504793 1 932
8599 17507 8504803 1 936
8600 17517 8504813 1 940
8602 17521 8504823 1 942
8607 17524 8504833 1 943
8621 17529 8504843 1 947
8642 17530 8504853 1 949
8669 17528 8504863 1 951
8700 17522 8504873 1 953
8733 17509 8504883 1 955
8767 17493 8504893 1 955
8796 17476 8504903 1 956
8819 17455 8504913 1 957
8833 17435 8504923 1 957
8837 17415 8504933 1 958
8829 17397 8504943 1 958
8814 17382 8504953 1 958
8789 17370 8504963 1 959
8774 17365 8504973 1 959
8755 17361 8504983 1 959
8719 17355 8504993 1 960
8682 17352 8505003 1 960
8648 17350 8505013 1 961
8622 17350 8505023 1 961
8607 17352 8505033 1 962
8607 17353 8505043 1 963
8621 17355 8505053 1 964
8650 17357 8505063 1 965
8695 17358 8505073 1 967
8752 17358 8505083 1 967
8817 17355 8505093 1 968
8887 17350 8505103 1 970
8958 17339 8505113 1 969
9026 17325 8505123 1 969
9086 17307 8505133 1 969
9137 17284 8505143 1 968
9175 17257 8505153 1 968
9198 17227 8505163 1 967
9204 17196 8505173 1 967
9196 17166 8505183 1 967
9173 17139 8505193 1 966
9136 17119 8505203 1 966
9088 17106 8505213 1 966
9030 17103 8505223 1 965
8969 17112 8505233 1 965
8907 17133 8505243 1 964
8853 17164 8505253 1 964
8806 17206 8505263 1 964
8775 17255 8505273 1 963
8760 17309 8505283 1 963
8764 17361 8505293 1 963
8789 17412 8505303 1 962
8833 17455 8505313 1 962
8899 17487 8505323 1 961
8982 17508 8505333 1 961
9081 17518 8505343 1 961
9191 17515 8505353 1 960
9308 17504 8505363 1 960
9428 17487 8505373 1 960
9543 17466 8505383 1 959
9661 17448 8505393 1 959
9764 17425 8505403 1 958
9845 17408 8505413 1 958
9902 17406 8505423 1 958
