8054 17653 6665566 1 616
7937 17532 6665576 1 617
7931 17524 6665586 1 618
7946 17532 6665596 1 621
7969 17540 6665606 1 622
7977 17528 6665616 1 623
8008 17535 6665626 1 626
8042 17536 6665636 1 627
8077 17531 6665646 1 630
8112 17521 6665656 1 631
8145 17504 6665666 1 632
8174 17483 6665676 1 634
8197 17460 6665686 1 636
8213 17437 6665696 1 637
8221 17416 6665706 1 639
8221 17397 6665716 1 641
8195 17376 6665726 1 644
8170 17374 6665736 1 646
8141 17377 6665746 1 647
8108 17384 6665756 1 649
8073 17395 6665766 1 651
8041 17410 6665776 1 652
8011 17427 6665786 1 654
7986 17447 6665796 1 655
7965 17468 6665806 1 657
7952 17489 6665816 1 658
7945 17511 6665826 1 660
7944 17529 6665836 1 661
7950 17545 6665846 1 664
7964 17555 6665856 1 665
7984 17558 6665866 1 666
8011 17551 6665876 1 669
8078 17508 6665886 1 671
8115 17472 6665896 1 673
8152 17429 6665906 1 675
8187 17383 6665916 1 676
8216 17335 6665926 1 677
8237 17292 6665936 1 679
8249 17256 6665946 1 681
8250 17230 6665956 1 682
8239 17219 6665966 1 683
8215 17222 6665976 1 684
8179 17242 6665986 1 685
8132 17275 6665996 1 686
8075 17322 6666006 1 688
8012 17377 6666016 1 689
7948 17437 6666026 1 689
7884 17498 6666036 1 690
7776 17611 6666046 1 692
7739 17657 6666056 1 693
7716 17693 6666066 1 695
7704 17721 6666076 1 696
7704 17739 6666086 1 697
7714 17752 6666096 1 698
7728 17761 6666106 1 699
7744 17767 6666116 1 700
7760 17773 6666126 1 703
7773 17778 6666136 1 704
7780 17784 6666146 1 705
7783 17791 6666156 1 707
7780 17798 6666166 1 708
7772 17805 6666176 1 711
7760 17809 6666186 1 713
7746 17810 6666196 1 714
7716 17805 6666206 1 718
7710 17800 6666216 1 720
7706 17793 6666226 1 722
7697 17785 6666236 1 724
7692 17773 6666246 1 726
7689 17761 6666256 1 730
7692 17748 6666266 1 732
7699 17736 6666276 1 735
7711 17724 6666286 1 737
7727 17713 6666296 1 740
7747 17702 6666306 1 742
7768 17691 6666316 1 745
7791 17678 6666326 1 747
7815 17664 6666336 1 748
7839 17646 6666346 1 750
7863 17624 6666356 1 752
7914 17571 6666366 1 755
7941 17541 6666376 1 755
7967 17509 6666386 1 756
7991 17477 6666396 1 756
8012 17448 6666406 1 755
8030 17423 6666416 1 754
8041 17402 6666426 1 752
8044 17389 6666436 1 751
8041 17384 6666446 1 748
8030 17387 6666456 1 746
8013 17397 6666466 1 742
7990 17416 6666476 1 740
7965 17439 6666486 1 738
7938 17466 6666496 1 736
7913 17494 6666506 1 736
7894 17520 6666516 1 737
7876 17559 6666526 1 744
7880 17569 6666536 1 751
7895 17571 6666546 1 761
7921 17567 6666556 1 773
7954 17555 6666566 1 787
7992 17540 6666576 1 800
8033 17522 6666586 1 813
8074 17505 6666596 1 822
8111 17491 6666606 1 827
8143 17482 6666616 1 826
8167 17480 6666626 1 817
8182 17485 6666636 1 799
8189 17498 6666646 1 772
8187 17517 6666656 1 732
8179 17541 6666666 1 684
8166 17568 6666676 1 627
8134 17620 6666686 1 496
8120 17643 6666696 1 426
8108 17660 6666706 1 354
8101 17673 6666716 1 281
8098 17679 6666726 1 212
8101 17683 6666736 1 145
8109 17682 6666746 1 83
8122 17680 6666756 1 29
8137 17678 6666766 0 0
8153 17675 6666776 0 0
8169 17673 6666786 0 0
8183 17670 6666796 0 0
8194 17667 6666806 0 0
8201 17663 6666816 0 0
8203 17658 6666826 0 0
8199 17652 6666836 0 0
8176 17632 6666846 0 0
8159 17620 6666856 0 0
8140 17607 6666866 0 0
8118 17603 6666876 0 0
8095 17600 6666886 0 0
8074 17592 6666896 0 0
8055 17588 6666906 0 0
8039 17587 6666916 0 0
8026 17588 6666926 1 5
8017 17594 6666936 1 51
8013 17602 6666946 1 106
8014 17613 6666956 1 168
8022 17626 6666966 1 235
8035 17640 6666976 1 308
8055 17654 6666986 1 382
8080 17668 6666996 1 459
8140 17691 6667006 1 611
8171 17698 6667016 1 685
8201 17702 6667026 1 754
8225 17702 6667036 1 819
8243 17698 6667046 1 878
8252 17692 6667056 1 928
8252 17683 6667066 1 971
8238 17673 6667076 1 1003
8213 17663 6667086 1 1024
8175 17652 6667096 1 1024
8128 17642 6667106 1 1024
8074 17634 6667116 1 1024
8015 17627 6667126 1 1024
7957 17622 6667136 1 1024
7902 17618 6667146 1 1010
7854 17616 6667156 1 991
7789 17615 6667166 1 951
7773 17617 6667176 1 931
7768 17620 6667186 1 912
7773 17624 6667196 1 894
7784 17629 6667206 1 877
7799 17634 6667216 1 862
7815 17639 6667226 1 848
7832 17643 6667236 1 836
7846 17646 6667246 1 827
7856 17648 6667256 1 820
7863 17646 6667266 1 815
7865 17643 6667276 1 812
7864 17637 6667286 1 811
7860 17630 6667296 1 811
7854 17622 6667306 1 813
7846 17615 6667316 1 816
7828 17606 6667326 1 824
7822 17606 6667336 1 828
7819 17609 6667346 1 833
7820 17615 6667356 1 837
7826 17622 6667366 1 842
7838 17631 6667376 1 846
7856 17641 6667386 1 848
7881 17649 6667396 1 850
7909 17656 6667406 1 851
7941 17660 6667416 1 852
7972 17661 6667426 1 851
8001 17658 6667436 1 850
8023 17651 6667446 1 852
8038 17643 6667456 1 857
8042 17633 6667466 1 867
8035 17622 6667476 1 879
7992 17604 6667486 1 903
7960 17600 6667496 1 909
7926 17598 6667506 1 906
7894 17599 6667516 1 894
7868 17602 6667526 1 869
7846 17608 6667536 1 853
7836 17615 6667546 1 830
7844 17623 6667556 1 776
7865 17629 6667566 1 711
7898 17632 6667576 1 637
7940 17632 6667586 1 556
7989 17628 6667596 1 469
8042 17623 6667606 1 380
8097 17615 6667616 1 289
8149 17606 6667626 1 201
8198 17598 6667636 1 115
8275 17585 6667646 0 0
8301 17582 6667656 0 0
8318 17582 6667666 0 0
8327 17584 6667676 0 0
8327 17586 6667686 0 0
8322 17589 6667696 0 0
8312 17591 6667706 0 0
8302 17592 6667716 0 0
8292 17593 6667726 0 0
8283 17591 6667736 0 0
8280 17590 6667746 0 0
8279 17589 6667756 0 0
8284 17590 6667766 0 0
8292 17593 6667776 0 0
8303 17599 6667786 1 52
8315 17610 6667796 1 112
8339 17644 6667806 1 241
8344 17668 6667816 1 309
8343 17693 6667826 1 378
8333 17718 6667836 1 449
8314 17741 6667846 1 519
8283 17760 6667856 1 587
8243 17776 6667866 1 654
8195 17787 6667876 1 718
8142 17791 6667886 1 779
8087 17789 6667896 1 836
8036 17782 6667906 1 888
7994 17772 6667916 1 934
7965 17758 6667926 1 974
7951 17745 6667936 1 1007
7955 17732 6667946 1 1024
7978 17721 6667956 1 1024
8077 17705 6667966 1 1024
8147 17701 6667976 1 1024
8223 17697 6667986 1 1024
8301 17694 6667996 1 1024
8374 17689 6668006 1 1024
8438 17682 6668016 1 1024
8487 17673 6668026 1 1024
8519 17660 6668036 1 1024
8532 17644 6668046 1 1024
8527 17625 6668056 1 1024
8503 17604 6668066 1 1024
8465 17583 6668076 1 1023
8416 17563 6668086 1 1008
8361 17545 6668096 1 996
8305 17531 6668106 1 984
8254 17521 6668116 1 973
8178 17521 6668126 1 957
8160 17530 6668136 1 951
8156 17543 6668146 1 947
8165 17560 6668156 1 944
8185 17579 6668166 1 943
8213 17599 6668176 1 943
8245 17618 6668186 1 945
8282 17629 6668196 1 945
8315 17640 6668206 1 946
8336 17655 6668216 1 950
8347 17669 6668226 1 954
8348 17683 6668236 1 958
8338 17696 6668246 1 963
8319 17710 6668256 1 969
8291 17724 6668266 1 975
8258 17737 6668276 1 981
8196 17762 6668286 1 994
8173 17774 6668296 1 999
8159 17783 6668306 1 1005
8159 17790 6668316 1 1011
8170 17794 6668326 1 1016
8191 17796 6668336 1 1021
8222 17795 6668346 1 1024
8257 17791 6668356 1 1024
8295 17786 6668366 1 1024
8329 17777 6668376 1 1024
8359 17766 6668386 1 1024
8379 17754 6668396 1 1024
8390 17740 6668406 1 1024
8388 17726 6668416 1 1024
8376 17712 6668426 1 1024
8354 17697 6668436 1 1024
8290 17672 6668446 1 1024
8252 17662 6668456 1 1024
8215 17655 6668466 1 1024
8180 17650 6668476 1 1024
8150 17649 6668486 1 1024
8126 17651 6668496 1 1024
8112 17656 6668506 1 1024
8107 17661 6668516 1 1024
8112 17668 6668526 1 1024
8127 17674 6668536 1 1024
8152 17678 6668546 1 1024
8185 17679 6668556 1 1024
8225 17676 6668566 1 1024
8269 17671 6668576 1 1024
8316 17662 6668586 1 1024
8362 17653 6668596 1 1024
8443 17636 6668606 1 1024
8474 17633 6668616 1 1024
8496 17632 6668626 1 1024
8509 17637 6668636 1 1024
8514 17647 6668646 1 1024
8513 17660 6668656 1 1024
8505 17676 6668666 1 1024
8494 17692 6668676 1 1024
8479 17708 6668686 1 1024
8466 17722 6668696 1 1024
8454 17732 6668706 1 1024
8447 17739 6668716 1 1024
8444 17743 6668726 1 1024
8448 17744 6668736 1 1024
8456 17742 6668746 1 1024
8470 17737 6668756 1 1024
8504 17729 6668766 1 1024
8523 17724 6668776 1 1024
8539 17720 6668786 1 1024
8553 17717 6668796 1 1024
8564 17715 6668806 1 1024
8571 17714 6668816 1 1024
8574 17715 6668826 1 1024
8574 17717 6668836 1 1024
8577 17722 6668846 1 1024
8579 17724 6668856 1 1024
8578 17727 6668866 1 1024
8577 17736 6668876 1 1024
