8665 19164 3968732 1 609
8319 18784 3968742 1 614
8145 18594 3968752 1 616
8086 18528 3968762 1 618
8083 18524 3968772 1 619
8090 18528 3968782 1 621
8101 18533 3968792 1 623
8102 18526 3968802 1 624
8114 18530 3968812 1 626
8124 18531 3968822 1 628
8132 18528 3968832 1 630
8138 18522 3968842 1 631
8139 18512 3968852 1 632
8137 18499 3968862 1 635
8130 18485 3968872 1 636
8120 18470 3968882 1 637
8107 18456 3968892 1 640
8092 18444 3968902 1 641
8077 18434 3968912 1 642
8069 18430 3968922 1 644
8062 18428 3968932 1 645
8050 18425 3968942 1 646
8041 18427 3968952 1 647
8036 18431 3968962 1 650
8034 18439 3968972 1 651
8037 18449 3968982 1 652
8043 18461 3968992 1 654
8051 18476 3969002 1 656
8061 18490 3969012 1 657
8071 18505 3969022 1 658
8080 18519 3969032 1 660
8089 18530 3969042 1 662
8096 18537 3969052 1 664
8103 18539 3969062 1 665
8109 18534 3969072 1 666
8116 18523 3969082 1 669
8124 18505 3969092 1 670
8133 18482 3969102 1 671
8138 18469 3969112 1 672
8145 18455 3969122 1 674
8159 18427 3969132 1 675
8175 18402 3969142 1 676
8192 18380 3969152 1 677
8209 18366 3969162 1 679
8224 18360 3969172 1 681
8237 18363 3969182 1 682
8244 18376 3969192 1 683
8245 18398 3969202 1 684
8238 18426 3969212 1 685
8224 18459 3969222 1 687
8201 18494 3969232 1 688
8172 18527 3969242 1 689
8138 18557 3969252 1 689
8100 18583 3969262 1 690
8061 18603 3969272 1 691
8024 18616 3969282 1 692
7990 18624 3969292 1 694
7975 18627 3969302 1 694
7962 18628 3969312 1 695
7941 18628 3969322 1 696
7928 18626 3969332 1 697
7923 18625 3969342 1 698
7924 18623 3969352 1 699
7931 18624 3969362 1 700
7942 18626 3969372 1 703
7955 18629 3969382 1 704
7968 18634 3969392 1 705
7979 18640 3969402 1 707
7987 18645 3969412 1 708
7990 18650 3969422 1 711
7990 18654 3969432 1 713
7986 18655 3969442 1 714
7979 18656 3969452 1 716
7970 18656 3969462 1 718
7964 18655 3969472 1 720
7959 18655 3969482 1 722
7956 18654 3969492 1 723
7953 18653 3969502 1 724
7950 18649 3969512 1 726
7950 18644 3969522 1 730
7955 18637 3969532 1 732
7964 18629 3969542 1 735
7978 18620 3969552 1 737
7995 18610 3969562 1 739
8014 18600 3969572 1 742
8035 18591 3969582 1 745
8055 18584 3969592 1 747
8073 18580 3969602 1 748
8089 18578 3969612 1 750
8100 18579 3969622 1 751
8109 18584 3969632 1 754
8112 18591 3969642 1 755
8112 18602 3969652 1 755
8108 18614 3969662 1 756
8102 18627 3969672 1 756
8098 18634 3969682 1 755
8094 18640 3969692 1 755
8085 18651 3969702 1 753
8076 18659 3969712 1 752
8068 18664 3969722 1 751
8062 18665 3969732 1 748
8059 18660 3969742 1 746
8058 18652 3969752 1 742
8061 18640 3969762 1 740
8066 18625 3969772 1 738
8074 18609 3969782 1 736
8085 18592 3969792 1 736
8097 18575 3969802 1 737
8110 18561 3969812 1 739
8124 18549 3969822 1 744
8137 18540 3969832 1 751
8149 18533 3969842 1 760
8159 18530 3969852 1 773
8168 18529 3969862 1 787
8172 18529 3969872 1 794
8174 18530 3969882 1 800
8178 18533 3969892 1 813
8179 18538 3969902 1 821
8179 18543 3969912 1 827
8177 18548 3969922 1 825
8173 18552 3969932 1 817
8168 18555 3969942 1 799
8162 18556 3969952 1 772
8156 18554 3969962 1 732
8149 18551 3969972 1 684
8143 18544 3969982 1 627
8136 18535 3969992 1 565
8130 18525 3970002 1 497
8124 18515 3970012 1 426
8119 18505 3970022 1 354
8115 18498 3970032 1 282
8113 18494 3970042 1 213
8112 18495 3970052 1 146
8112 18496 3970062 1 112
8114 18500 3970072 1 84
8118 18510 3970082 1 30
8123 18525 3970092 0 0
8131 18541 3970102 0 0
8139 18560 3970112 0 0
8149 18577 3970122 0 0
8158 18593 3970132 0 0
8167 18605 3970142 0 0
8175 18612 3970152 0 0
8180 18616 3970162 0 0
8184 18613 3970172 0 0
8185 18605 3970182 0 0
8184 18593 3970192 0 0
8181 18577 3970202 0 0
8175 18562 3970212 0 0
8169 18545 3970222 0 0
8163 18524 3970232 0 0
8157 18504 3970242 0 0
8154 18495 3970252 0 0
8152 18486 3970262 0 0
8148 18472 3970272 1 5
8144 18461 3970282 1 52
8143 18456 3970292 1 107
8141 18456 3970302 1 168
8141 18461 3970312 1 236
8142 18471 3970322 1 308
8143 18485 3970332 1 383
8145 18503 3970342 1 459
8148 18523 3970352 1 536
8151 18544 3970362 1 611
8155 18564 3970372 1 685
8159 18582 3970382 1 754
8164 18596 3970392 1 819
8169 18607 3970402 1 878
8173 18614 3970412 1 928
8177 18615 3970422 1 971
8179 18613 3970432 1 1003
8180 18610 3970442 1 1019
8180 18605 3970452 1 1024
8179 18594 3970462 1 1024
8175 18580 3970472 1 1024
8169 18564 3970482 1 1024
8161 18547 3970492 1 1024
8152 18530 3970502 1 1024
8142 18515 3970512 1 1010
8131 18502 3970522 1 991
8120 18494 3970532 1 970
8109 18490 3970542 1 951
8100 18492 3970552 1 931
8092 18499 3970562 1 912
8086 18512 3970572 1 894
8082 18529 3970582 1 877
8079 18550 3970592 1 862
8076 18573 3970602 1 848
8075 18598 3970612 1 836
8074 18622 3970622 1 827
8074 18634 3970632 1 823
8073 18644 3970642 1 820
8072 18662 3970652 1 815
8069 18677 3970662 1 812
8066 18686 3970672 1 811
8063 18689 3970682 1 811
8059 18687 3970692 1 813
8055 18680 3970702 1 816
8052 18669 3970712 1 820
8050 18654 3970722 1 824
8050 18637 3970732 1 828
8052 18619 3970742 1 833
8057 18601 3970752 1 837
8065 18583 3970762 1 842
8074 18567 3970772 1 846
8086 18553 3970782 1 848
8099 18541 3970792 1 850
8111 18534 3970802 1 851
8123 18529 3970812 1 851
8129 18528 3970822 1 851
8134 18528 3970832 1 851
8143 18530 3970842 1 850
8151 18536 3970852 1 852
8156 18545 3970862 1 857
8160 18556 3970872 1 867
8163 18570 3970882 1 879
8165 18584 3970892 1 893
8166 18599 3970902 1 903
8168 18614 3970912 1 908
8169 18626 3970922 1 906
8172 18635 3970932 1 893
8175 18641 3970942 1 869
8176 18641 3970952 1 853
8178 18637 3970962 1 830
8184 18628 3970972 1 776
8191 18613 3970982 1 711
8198 18594 3970992 1 637
8205 18570 3971002 1 556
8209 18558 3971012 1 514
8212 18544 3971022 1 469
8219 18517 3971032 1 380
8226 18490 3971042 1 290
8231 18464 3971052 1 202
8234 18441 3971062 1 116
8237 18422 3971072 1 38
8238 18408 3971082 0 0
8238 18401 3971092 0 0
8237 18399 3971102 0 0
8235 18403 3971112 0 0
8233 18413 3971122 0 0
8231 18427 3971132 0 0
8229 18445 3971142 0 0
8228 18464 3971152 0 0
8227 18484 3971162 0 0
8226 18504 3971172 0 0
8226 18521 3971182 0 0
8226 18536 3971192 0 0
8226 18543 3971202 0 0
8226 18548 3971212 0 0
8226 18557 3971222 0 0
8226 18562 3971232 1 53
8225 18566 3971242 1 113
8223 18568 3971252 1 176
8220 18570 3971262 1 242
8217 18572 3971272 1 310
8212 18575 3971282 1 379
8207 18579 3971292 1 450
8203 18583 3971302 1 519
8199 18588 3971312 1 588
8196 18595 3971322 1 654
8194 18602 3971332 1 718
8194 18609 3971342 1 779
8197 18616 3971352 1 836
8201 18624 3971362 1 888
8207 18632 3971372 1 933
8215 18640 3971382 1 974
8219 18644 3971392 1 992
8224 18649 3971402 1 1006
8233 18660 3971412 1 1024
8243 18670 3971422 1 1024
8252 18680 3971432 1 1024
8260 18688 3971442 1 1024
8269 18694 3971452 1 1024
8276 18697 3971462 1 1024
8283 18696 3971472 1 1024
8290 18689 3971482 1 1024
8296 18679 3971492 1 1024
8303 18664 3971502 1 1024
8310 18646 3971512 1 1024
8316 18625 3971522 1 1024
8323 18604 3971532 1 1024
8327 18584 3971542 1 1024
8331 18565 3971552 1 1022
8333 18548 3971562 1 1008
8333 18535 3971572 1 995
8332 18529 3971582 1 989
8330 18525 3971592 1 983
8326 18518 3971602 1 972
8319 18514 3971612 1 963
8311 18513 3971622 1 956
8302 18515 3971632 1 951
8293 18518 3971642 1 947
8285 18522 3971652 1 943
8277 18528 3971662 1 943
8270 18534 3971672 1 943
8265 18542 3971682 1 944
8263 18547 3971692 1 944
8262 18554 3971702 1 946
8259 18566 3971712 1 949
8257 18578 3971722 1 953
8255 18592 3971732 1 957
8253 18605 3971742 1 962
8251 18619 3971752 1 968
8248 18631 3971762 1 974
8246 18637 3971772 1 976
8244 18643 3971782 1 980
8239 18654 3971792 1 987
8233 18664 3971802 1 993
8227 18674 3971812 1 998
8221 18683 3971822 1 1004
8216 18692 3971832 1 1010
8212 18700 3971842 1 1015
8209 18707 3971852 1 1020
8208 18713 3971862 1 1023
8209 18716 3971872 1 1024
8211 18716 3971882 1 1024
8216 18712 3971892 1 1024
8222 18705 3971902 1 1024
8229 18693 3971912 1 1024
8237 18677 3971922 1 1024
8244 18659 3971932 1 1024
8252 18637 3971942 1 1024
8258 18613 3971952 1 1024
8261 18601 3971962 1 1024
8263 18589 3971972 1 1024
8267 18566 3971982 1 1024
8268 18544 3971992 1 1024
8268 18525 3972002 1 1024
8266 18511 3972012 1 1024
8262 18502 3972022 1 1024
8258 18498 3972032 1 1024
8253 18501 3972042 1 1024
8248 18509 3972052 1 1024
8243 18522 3972062 1 1024
8240 18538 3972072 1 1024
8238 18556 3972082 1 1024
8238 18574 3972092 1 1024
8240 18591 3972102 1 1024
8245 18603 3972112 1 1024
8252 18611 3972122 1 1024
8262 18614 3972132 1 1024
8273 18611 3972142 1 1024
8279 18608 3972152 1 1024
8286 18603 3972162 1 1024
8300 18592 3972172 1 1024
8314 18579 3972182 1 1024
8327 18565 3972192 1 1024
8338 18552 3972202 1 1024
8347 18543 3972212 1 1024
8353 18538 3972222 1 1024
8355 18538 3972232 1 1024
8354 18544 3972242 1 1024
8350 18557 3972252 1 1024
8343 18575 3972262 1 1024
8335 18599 3972272 1 1024
8326 18625 3972282 1 1024
8317 18654 3972292 1 1024
8310 18682 3972302 1 1024
8304 18707 3972312 1 1024
8300 18729 3972322 1 1024
8299 18744 3972332 1 1024
8302 18752 3972342 1 1024
8306 18752 3972352 1 1024
8313 18745 3972362 1 1024
8321 18730 3972372 1 1024
8331 18710 3972382 1 1024
8341 18684 3972392 1 1024
8351 18656 3972402 1 1024
8364 18627 3972412 1 1024
8375 18596 3972422 1 1024
8383 18567 3972432 1 1024
8388 18545 3972442 1 1024
