8267 17631 5996619 1 626
8215 17581 5996629 1 627
8212 17578 5996639 1 628
8219 17581 5996649 1 630
8228 17585 5996659 1 632
8229 17580 5996669 1 633
8240 17583 5996679 1 635
8251 17584 5996689 1 636
8266 17579 5996699 1 639
8270 17573 5996709 1 640
8271 17566 5996719 1 642
8269 17558 5996729 1 644
8263 17550 5996739 1 645
8254 17544 5996749 1 647
8244 17539 5996759 1 648
8233 17537 5996769 1 649
8213 17540 5996779 1 652
8205 17545 5996789 1 653
8200 17551 5996799 1 656
8198 17559 5996809 1 657
8200 17568 5996819 1 658
8204 17577 5996829 1 660
8212 17585 5996839 1 661
8221 17592 5996849 1 662
8245 17601 5996859 1 665
8258 17601 5996869 1 666
8270 17600 5996879 1 669
8283 17595 5996889 1 670
8295 17588 5996899 1 671
8307 17577 5996909 1 673
8318 17565 5996919 1 674
8329 17550 5996929 1 675
8350 17518 5996939 1 678
8359 17503 5996949 1 679
8366 17490 5996959 1 680
8372 17481 5996969 1 683
8375 17475 5996979 1 684
8374 17475 5996989 1 685
8368 17479 5996999 1 686
8357 17489 5997009 1 687
8317 17520 5997019 1 689
8290 17539 5997029 1 690
8258 17559 5997039 1 691
8224 17578 5997049 1 691
8189 17595 5997059 1 692
8157 17610 5997069 1 693
8127 17622 5997079 1 694
8103 17630 5997089 1 695
8075 17640 5997099 1 697
8073 17643 5997109 1 699
8079 17645 5997119 1 700
8091 17648 5997129 1 701
8108 17653 5997139 1 702
8128 17659 5997149 1 704
8149 17665 5997159 1 705
8168 17674 5997169 1 706
8197 17691 5997179 1 709
8204 17699 5997189 1 711
8205 17706 5997199 1 713
8201 17712 5997209 1 714
8192 17715 5997219 1 716
8180 17717 5997229 1 718
8169 17719 5997239 1 720
8156 17719 5997249 1 722
8127 17716 5997259 1 726
8115 17713 5997269 1 729
8107 17709 5997279 1 731
8103 17706 5997289 1 734
8103 17702 5997299 1 736
8108 17698 5997309 1 738
8116 17695 5997319 1 740
8127 17691 5997329 1 743
8157 17683 5997339 1 747
8173 17678 5997349 1 749
8188 17672 5997359 1 750
8202 17664 5997369 1 752
8215 17656 5997379 1 753
8225 17647 5997389 1 753
8231 17637 5997399 1 754
8236 17627 5997409 1 754
8235 17610 5997419 1 752
8231 17603 5997429 1 751
8226 17599 5997439 1 750
8221 17596 5997449 1 746
8216 17596 5997459 1 744
8212 17598 5997469 1 741
8210 17602 5997479 1 739
8210 17607 5997489 1 737
8219 17621 5997499 1 735
8227 17628 5997509 1 736
8238 17635 5997519 1 738
8249 17640 5997529 1 743
8262 17644 5997539 1 749
8274 17645 5997549 1 759
8286 17644 5997559 1 771
8296 17642 5997569 1 784
8309 17631 5997579 1 809
8311 17625 5997589 1 817
8310 17618 5997599 1 822
8306 17611 5997609 1 821
8301 17606 5997619 1 813
8292 17601 5997629 1 795
8282 17599 5997639 1 770
8271 17598 5997649 1 732
8248 17601 5997659 1 630
8237 17605 5997669 1 570
8228 17609 5997679 1 504
8220 17614 5997689 1 436
8215 17618 5997699 1 367
8213 17622 5997709 1 296
8214 17624 5997719 1 229
8218 17626 5997729 1 164
8234 17628 5997739 1 51
8245 17628 5997749 1 5
8256 17628 5997759 0 0
8266 17628 5997769 0 0
8276 17627 5997779 0 0
8284 17627 5997789 0 0
8290 17627 5997799 0 0
8295 17626 5997809 0 0
8297 17623 5997819 0 0
8296 17621 5997829 0 0
8294 17618 5997839 0 0
8291 17615 5997849 0 0
8287 17614 5997859 0 0
8283 17613 5997869 0 0
8280 17608 5997879 0 0
8277 17603 5997889 0 0
8273 17594 5997899 1 19
8271 17591 5997909 1 64
8270 17588 5997919 1 118
8268 17586 5997929 1 178
8266 17585 5997939 1 244
8264 17585 5997949 1 315
8261 17585 5997959 1 388
8259 17586 5997969 1 463
8256 17589 5997979 1 613
8257 17590 5997989 1 685
8259 17591 5997999 1 754
8264 17592 5998009 1 817
8270 17593 5998019 1 876
8278 17595 5998029 1 926
8287 17597 5998039 1 968
8296 17600 5998049 1 1000
8310 17608 5998059 1 1024
8313 17612 5998069 1 1024
8313 17617 5998079 1 1024
8310 17623 5998089 1 1024
8304 17629 5998099 1 1024
8295 17635 5998109 1 1008
8285 17641 5998119 1 989
8275 17647 5998129 1 969
8255 17660 5998139 1 931
8248 17667 5998149 1 912
8242 17672 5998159 1 894
8238 17677 5998169 1 877
8236 17680 5998179 1 862
8235 17682 5998189 1 848
8235 17682 5998199 1 836
8235 17681 5998209 1 827
8233 17675 5998219 1 815
8231 17670 5998229 1 812
8227 17664 5998239 1 811
8222 17659 5998249 1 811
8216 17653 5998259 1 813
8209 17648 5998269 1 815
8202 17644 5998279 1 819
8195 17640 5998289 1 823
8186 17636 5998299 1 832
8183 17634 5998309 1 836
8183 17633 5998319 1 840
8184 17632 5998329 1 844
8187 17631 5998339 1 846
8192 17630 5998349 1 849
8198 17629 5998359 1 850
8204 17627 5998369 1 850
8218 17623 5998379 1 848
8225 17621 5998389 1 850
8231 17620 5998399 1 855
8237 17619 5998409 1 864
8242 17619 5998419 1 876
8246 17620 5998429 1 890
8249 17622 5998439 1 900
8252 17624 5998449 1 905
8254 17630 5998459 1 890
8255 17632 5998469 1 866
8254 17633 5998479 1 850
8253 17633 5998489 1 827
8255 17633 5998499 1 774
8258 17630 5998509 1 711
8262 17625 5998519 1 639
8268 17619 5998529 1 560
8282 17603 5998539 1 389
8290 17594 5998549 1 301
8299 17586 5998559 1 215
8308 17578 5998569 1 133
8316 17572 5998579 1 57
8324 17568 5998589 0 0
8330 17566 5998599 0 0
8336 17566 5998609 0 0
8341 17572 5998619 0 0
8341 17578 5998629 0 0
8339 17584 5998639 0 0
8337 17590 5998649 0 0
8333 17597 5998659 0 0
8329 17602 5998669 0 0
8326 17606 5998679 0 0
8322 17610 5998689 0 0
8317 17614 5998699 1 23
8316 17616 5998709 1 77
8316 17617 5998719 1 136
8317 17619 5998729 1 197
8318 17622 5998739 1 260
8319 17626 5998749 1 326
8320 17631 5998759 1 393
8322 17637 5998769 1 460
8323 17649 5998779 1 593
8324 17655 5998789 1 657
8324 17661 5998799 1 718
8324 17665 5998809 1 776
8324 17668 5998819 1 831
8325 17669 5998829 1 880
8325 17669 5998839 1 924
8325 17667 5998849 1 962
8325 17661 5998859 1 1020
8325 17657 5998869 1 1024
8325 17653 5998879 1 1024
8326 17648 5998889 1 1024
8329 17643 5998899 1 1024
8332 17638 5998909 1 1024
8337 17634 5998919 1 1024
8345 17629 5998929 1 1024
8365 17619 5998939 1 1024
8378 17614 5998949 1 1024
8391 17608 5998959 1 1024
8405 17603 5998969 1 1024
8418 17598 5998979 1 1018
8430 17594 5998989 1 1005
8439 17590 5998999 1 992
8446 17588 5999009 1 980
8448 17588 5999019 1 958
8443 17591 5999029 1 950
8435 17595 5999039 1 942
8423 17601 5999049 1 937
8408 17607 5999059 1 933
8392 17613 5999069 1 930
8376 17620 5999079 1 929
8360 17626 5999089 1 929
8335 17633 5999099 1 931
8326 17635 5999109 1 932
8319 17638 5999119 1 935
8315 17640 5999129 1 938
8315 17642 5999139 1 942
8317 17644 5999149 1 947
8322 17646 5999159 1 952
8329 17647 5999169 1 957
8346 17651 5999179 1 969
8354 17654 5999189 1 974
8360 17657 5999199 1 980
8365 17661 5999209 1 985
8369 17664 5999219 1 991
8371 17668 5999229 1 995
8371 17671 5999239 1 999
8369 17674 5999249 1 1002
8364 17678 5999259 1 1009
8362 17677 5999269 1 1011
8360 17676 5999279 1 1012
8359 17673 5999289 1 1015
8360 17668 5999299 1 1016
8361 17663 5999309 1 1017
8364 17657 5999319 1 1018
8368 17651 5999329 1 1019
8377 17639 5999339 1 1021
8381 17634 5999349 1 1022
8385 17630 5999359 1 1023
8388 17628 5999369 1 1024
8390 17627 5999379 1 1024
8391 17628 5999389 1 1024
8391 17631 5999399 1 1024
8390 17635 5999409 1 1024
8387 17645 5999419 1 1024
8385 17650 5999429 1 1024
8384 17654 5999439 1 1024
8384 17658 5999449 1 1024
8386 17660 5999459 1 1024
8388 17659 5999469 1 1024
8392 17657 5999479 1 1024
8397 17653 5999489 1 1024
8409 17639 5999499 1 1024
8414 17630 5999509 1 1024
8417 17620 5999519 1 1024
8420 17611 5999529 1 1024
8420 17603 5999539 1 1024
8418 17597 5999549 1 1024
8415 17592 5999559 1 1024
8410 17590 5999569 1 1024
8401 17596 5999579 1 1024
8398 17603 5999589 1 1024
8397 17613 5999599 1 1024
8400 17624 5999609 1 1024
8405 17636 5999619 1 1024
8413 17649 5999629 1 1024
8423 17660 5999639 1 1024
8435 17670 5999649 1 1024
8463 17683 5999659 1 1024
8476 17686 5999669 1 1024
8486 17686 5999679 1 1024
8495 17685 5999689 1 1024
8500 17681 5999699 1 1024
8501 17676 5999709 1 1024
8500 17671 5999719 1 1024
8497 17665 5999729 1 1024
8481 17657 5999739 1 1024
