7940 17997 4665583 1 641
7829 17898 4665593 1 640
7774 17846 4665603 1 641
7755 17826 4665613 1 642
7754 17820 4665623 1 642
7756 17815 4665633 1 643
7758 17811 4665643 1 644
7757 17805 4665653 1 645
7759 17802 4665663 1 646
7760 17801 4665673 1 646
7760 17799 4665683 1 647
7760 17797 4665693 1 647
7759 17794 4665703 1 648
7756 17792 4665713 1 648
7753 17791 4665723 1 649
7748 17791 4665733 1 650
7743 17791 4665743 1 651
7740 17792 4665753 1 651
7739 17792 4665763 1 652
7737 17793 4665773 1 652
7731 17795 4665783 1 653
7726 17797 4665793 1 654
7720 17801 4665803 1 655
7715 17805 4665813 1 655
7710 17809 4665823 1 656
7705 17813 4665833 1 657
7701 17818 4665843 1 658
7699 17820 4665853 1 659
7698 17822 4665863 1 659
7695 17826 4665873 1 660
7693 17829 4665883 1 661
7693 17831 4665893 1 662
7693 17833 4665903 1 663
7695 17834 4665913 1 664
7697 17835 4665923 1 664
7700 17835 4665933 1 665
7701 17834 4665943 1 666
7704 17834 4665953 1 666
7709 17833 4665963 1 666
7715 17831 4665973 1 667
7722 17828 4665983 1 668
7730 17825 4665993 1 669
7737 17823 4666003 1 670
7744 17820 4666013 1 671
7750 17818 4666023 1 672
7753 17817 4666033 1 672
7755 17816 4666043 1 673
7757 17815 4666053 1 674
7757 17814 4666063 1 675
7753 17815 4666073 1 676
7748 17816 4666083 1 677
7743 17816 4666093 1 677
7738 17818 4666103 1 678
7727 17821 4666113 1 679
7721 17823 4666123 1 679
7714 17825 4666133 1 679
7700 17830 4666143 1 680
7686 17835 4666153 1 681
7673 17840 4666163 1 682
7660 17845 4666173 1 683
7649 17850 4666183 1 684
7641 17855 4666193 1 685
7635 17859 4666203 1 686
7632 17860 4666213 1 687
7631 17861 4666223 1 687
7629 17863 4666233 1 688
7630 17864 4666243 1 689
7633 17863 4666253 1 690
7635 17863 4666263 1 690
7638 17861 4666273 1 691
7644 17858 4666283 1 692
7649 17854 4666293 1 693
7652 17852 4666303 1 694
7655 17849 4666313 1 694
7660 17843 4666323 1 695
7665 17838 4666333 1 696
7670 17832 4666343 1 697
7674 17827 4666353 1 698
7678 17821 4666363 1 699
7682 17817 4666373 1 700
7686 17813 4666383 1 701
7688 17812 4666393 1 702
7690 17811 4666403 1 702
7694 17809 4666413 1 703
7698 17808 4666423 1 704
7700 17808 4666433 1 704
7702 17808 4666443 1 705
7706 17809 4666453 1 706
7710 17811 4666463 1 707
7714 17813 4666473 1 708
7716 17814 4666483 1 709
7717 17815 4666493 1 709
7721 17818 4666503 1 710
7725 17821 4666513 1 711
7729 17825 4666523 1 712
7733 17829 4666533 1 713
7737 17832 4666543 1 714
7741 17836 4666553 1 715
7745 17840 4666563 1 716
7746 17841 4666573 1 717
7748 17843 4666583 1 718
7751 17846 4666593 1 719
7753 17848 4666603 1 720
7755 17850 4666613 1 721
7758 17852 4666623 1 722
7759 17854 4666633 1 723
7761 17856 4666643 1 724
7761 17857 4666653 1 725
7762 17858 4666663 1 725
7762 17858 4666673 1 726
7761 17858 4666683 1 727
7760 17859 4666693 1 728
7759 17858 4666703 1 730
7758 17857 4666713 1 731
7756 17856 4666723 1 732
7755 17855 4666733 1 733
7753 17854 4666743 1 734
7753 17853 4666753 1 734
7752 17852 4666763 1 735
7750 17851 4666773 1 736
7749 17849 4666783 1 736
7748 17848 4666793 1 738
7748 17846 4666803 1 739
7747 17845 4666813 1 740
7746 17843 4666823 1 741
7746 17841 4666833 1 742
7745 17841 4666843 1 743
7745 17840 4666853 1 743
7744 17838 4666863 1 744
7743 17837 4666873 1 746
7742 17835 4666883 1 747
7741 17833 4666893 1 748
7740 17832 4666903 1 749
7740 17830 4666913 1 750
7740 17829 4666923 1 751
7740 17829 4666933 1 752
7740 17829 4666943 1 752
7741 17828 4666953 1 752
7741 17828 4666963 1 753
7741 17828 4666973 1 754
7741 17828 4666983 1 756
7741 17829 4666993 1 758
7741 17831 4667003 1 759
7741 17833 4667013 1 760
7741 17834 4667023 1 760
7742 17835 4667033 1 761
7742 17837 4667043 1 762
7743 17839 4667053 1 763
7743 17841 4667063 1 764
7744 17844 4667073 1 765
7746 17846 4667083 1 767
7747 17847 4667093 1 768
7749 17848 4667103 1 769
7750 17848 4667113 1 769
7751 17848 4667123 1 769
7753 17849 4667133 1 771
7755 17850 4667143 1 772
7756 17850 4667153 1 774
7758 17850 4667163 1 775
7759 17849 4667173 1 777
7760 17847 4667183 1 778
7761 17845 4667193 1 781
7762 17844 4667203 1 782
7762 17842 4667213 1 783
7763 17839 4667223 1 784
7764 17835 4667233 1 786
7765 17831 4667243 1 787
7766 17827 4667253 1 788
7767 17824 4667263 1 790
7767 17821 4667273 1 790
7768 17820 4667283 1 791
7769 17818 4667293 1 791
7770 17817 4667303 1 791
7772 17815 4667313 1 792
7773 17814 4667323 1 793
7774 17814 4667333 1 793
7775 17815 4667343 1 793
7775 17816 4667353 1 793
7774 17819 4667363 1 792
7773 17822 4667373 1 791
7772 17824 4667383 1 791
7771 17826 4667393 1 791
7769 17830 4667403 1 790
7767 17834 4667413 1 790
7765 17838 4667423 1 790
7764 17842 4667433 1 790
7763 17844 4667443 1 790
7763 17846 4667453 1 791
7763 17849 4667463 1 792
7763 17851 4667473 1 792
7763 17852 4667483 1 794
7764 17853 4667493 1 797
7766 17854 4667503 1 800
7767 17855 4667513 1 804
7769 17854 4667523 1 810
7771 17853 4667533 1 816
7773 17851 4667543 1 822
7775 17849 4667553 1 829
7775 17848 4667563 1 832
7776 17846 4667573 1 836
7777 17843 4667583 1 843
7777 17840 4667593 1 848
7778 17837 4667603 1 854
7777 17835 4667613 1 857
7776 17834 4667623 1 859
7774 17831 4667633 1 863
7772 17828 4667643 1 866
7771 17826 4667653 1 867
7770 17825 4667663 1 867
7767 17822 4667673 1 866
7765 17820 4667683 1 863
7762 17819 4667693 1 858
7760 17817 4667703 1 852
7758 17816 4667713 1 842
7757 17816 4667723 1 830
7757 17816 4667733 1 816
7757 17816 4667743 1 807
7757 17816 4667753 1 798
7759 17816 4667763 1 777
7761 17817 4667773 1 754
7764 17817 4667783 1 741
7766 17817 4667793 1 729
7770 17818 4667803 1 701
7774 17818 4667813 1 672
7777 17819 4667823 1 640
7779 17819 4667833 1 624
7780 17820 4667843 1 608
7782 17821 4667853 1 575
7784 17821 4667863 1 541
7784 17822 4667873 1 506
7784 17823 4667883 1 471
7783 17824 4667893 1 436
7782 17825 4667903 1 401
7780 17827 4667913 1 367
7779 17827 4667923 1 350
7778 17828 4667933 1 333
7776 17830 4667943 1 300
7775 17831 4667953 1 283
7774 17833 4667963 1 268
7774 17835 4667973 1 238
7774 17837 4667983 1 208
7775 17840 4667993 1 181
7776 17842 4668003 1 156
7776 17843 4668013 1 144
7777 17844 4668023 1 133
7779 17846 4668033 1 112
7781 17848 4668043 1 94
7783 17850 4668053 1 79
7785 17851 4668063 1 67
7786 17852 4668073 1 65
7788 17853 4668083 1 66
7789 17853 4668093 1 67
7790 17854 4668103 1 68
7790 17854 4668113 1 69
7789 17854 4668123 1 70
7788 17854 4668133 1 70
7788 17854 4668143 1 71
7789 17854 4668153 1 86
7791 17854 4668163 1 106
7792 17854 4668173 1 128
7794 17854 4668183 1 154
7795 17853 4668193 1 169
7797 17853 4668203 1 185
7799 17853 4668213 1 217
7802 17853 4668223 1 251
7805 17852 4668233 1 287
7808 17851 4668243 1 325
7811 17850 4668253 1 362
7813 17848 4668263 1 402
7815 17846 4668273 1 442
7815 17846 4668283 1 457
7816 17845 4668293 1 462
7815 17844 4668303 1 482
7814 17841 4668313 1 521
7812 17839 4668323 1 560
7810 17836 4668333 1 597
7806 17833 4668343 1 634
7803 17830 4668353 1 668
7799 17827 4668363 1 701
7798 17826 4668373 1 717
7796 17824 4668383 1 731
7794 17822 4668393 1 758
7791 17819 4668403 1 782
7790 17817 4668413 1 803
7789 17815 4668423 1 820
7788 17814 4668433 1 832
7789 17813 4668443 1 841
7790 17813 4668453 1 845
7790 17813 4668463 1 845
7791 17813 4668473 1 845
7792 17813 4668483 1 844
7794 17814 4668493 1 837
7795 17816 4668503 1 825
7796 17818 4668513 1 809
7798 17820 4668523 1 789
7799 17823 4668533 1 765
7800 17826 4668543 1 737
7800 17828 4668553 1 722
7801 17830 4668563 1 706
7802 17834 4668573 1 673
7803 17838 4668583 1 638
7805 17842 4668593 1 599
7807 17846 4668603 1 560
7810 17850 4668613 1 520
7811 17852 4668623 1 499
7813 17854 4668633 1 479
7816 17858 4668643 1 437
7820 17861 4668653 1 395
7824 17865 4668663 1 353
7827 17867 4668673 1 312
7830 17870 4668683 1 271
7833 17871 4668693 1 232
7835 17873 4668703 1 194
7837 17874 4668713 1 158
7838 17874 4668723 1 125
7839 17874 4668733 1 126
7839 17873 4668743 1 126
7840 17873 4668753 1 127
7840 17871 4668763 1 128
7840 17871 4668773 1 129
7840 17870 4668783 1 130
7840 17869 4668793 1 131
7841 17867 4668803 1 132
7841 17865 4668813 1 133
7841 17862 4668823 1 133
7841 17860 4668833 1 135
7841 17858 4668843 1 136
7841 17856 4668853 1 137
7841 17854 4668863 1 138
7842 17852 4668873 1 139
7843 17850 4668883 1 140
7844 17849 4668893 1 141
7845 17848 4668903 1 192
7846 17847 4668913 1 251
7848 17847 4668923 1 318
7850 17848 4668933 1 393
7853 17848 4668943 1 477
7856 17849 4668953 1 569
7858 17850 4668963 1 670
7861 17852 4668973 1 781
7863 17853 4668983 1 900
7865 17855 4668993 1 922
7866 17857 4669003 1 921
7867 17858 4669013 1 921
7868 17860 4669023 1 920
7868 17861 4669033 1 919
7868 17862 4669043 1 918
7868 17863 4669053 1 917
7868 17863 4669063 1 917
