8294 17715 7281980 1 649
8274 17689 7281990 1 650
8273 17681 7282000 1 650
8275 17676 7282010 1 652
8277 17671 7282020 1 653
8276 17663 7282030 1 654
8278 17659 7282040 1 655
8279 17651 7282050 1 658
8278 17648 7282060 1 659
8275 17645 7282070 1 659
8272 17642 7282080 1 660
8267 17641 7282090 1 661
8262 17640 7282100 1 662
8259 17640 7282110 1 662
8251 17642 7282120 1 665
8245 17645 7282130 1 666
8240 17648 7282140 1 667
8236 17653 7282150 1 667
8231 17658 7282160 1 668
8227 17663 7282170 1 669
8223 17669 7282180 1 670
8217 17680 7282190 1 673
8215 17684 7282200 1 674
8214 17688 7282210 1 675
8214 17691 7282220 1 676
8214 17694 7282230 1 677
8216 17695 7282240 1 677
8218 17696 7282250 1 678
8226 17695 7282260 1 679
8232 17693 7282270 1 680
8239 17690 7282280 1 682
8246 17687 7282290 1 683
8253 17684 7282300 1 684
8260 17680 7282310 1 685
8266 17676 7282320 1 686
8272 17671 7282330 1 688
8271 17670 7282340 1 689
8268 17670 7282350 1 690
8263 17671 7282360 1 691
8259 17671 7282370 1 691
8255 17672 7282380 1 692
8245 17676 7282390 1 694
8221 17685 7282400 1 696
8209 17691 7282410 1 697
8196 17697 7282420 1 698
8185 17702 7282430 1 699
8176 17708 7282440 1 700
8169 17713 7282450 1 701
8164 17717 7282460 1 702
8160 17722 7282470 1 704
8161 17724 7282480 1 705
8164 17724 7282490 1 706
8166 17725 7282500 1 706
8169 17726 7282510 1 707
8173 17725 7282520 1 708
8177 17723 7282530 1 709
8184 17716 7282540 1 711
8187 17711 7282550 1 712
8189 17705 7282560 1 713
8191 17699 7282570 1 714
8193 17693 7282580 1 715
8195 17686 7282590 1 716
8198 17680 7282600 1 717
8204 17669 7282610 1 719
8207 17665 7282620 1 720
8209 17662 7282630 1 720
8211 17660 7282640 1 721
8216 17660 7282650 1 722
8220 17660 7282660 1 723
8224 17662 7282670 1 724
8233 17670 7282680 1 726
8237 17676 7282690 1 727
8241 17682 7282700 1 728
8245 17688 7282710 1 729
8249 17695 7282720 1 730
8253 17701 7282730 1 731
8257 17707 7282740 1 732
8264 17716 7282750 1 735
8266 17719 7282760 1 734
8267 17721 7282770 1 735
8270 17723 7282780 1 736
8272 17724 7282790 1 737
8273 17725 7282800 1 738
8274 17725 7282810 1 739
8275 17724 7282820 1 741
8276 17723 7282830 1 742
8277 17722 7282840 1 744
8278 17720 7282850 1 745
8279 17719 7282860 1 746
8281 17717 7282870 1 747
8282 17715 7282880 1 747
8285 17711 7282890 1 749
8286 17709 7282900 1 749
8286 17706 7282910 1 751
8286 17704 7282920 1 752
8285 17701 7282930 1 753
8284 17698 7282940 1 754
8281 17694 7282950 1 754
8273 17688 7282960 1 756
8269 17685 7282970 1 758
8264 17683 7282980 1 759
8260 17681 7282990 1 760
8256 17680 7283000 1 761
8253 17679 7283010 1 761
8251 17680 7283020 1 762
8251 17683 7283030 1 763
8252 17685 7283040 1 764
8253 17688 7283050 1 765
8254 17691 7283060 1 765
8257 17694 7283070 1 767
8259 17697 7283080 1 768
8261 17700 7283090 1 769
8266 17705 7283100 1 770
8267 17707 7283110 1 771
8269 17709 7283120 1 772
8269 17710 7283130 1 773
8270 17711 7283140 1 775
8271 17712 7283150 1 775
8271 17711 7283160 1 776
8272 17711 7283170 1 778
8273 17711 7283180 1 779
8274 17710 7283190 1 780
8275 17710 7283200 1 781
8276 17709 7283210 1 783
8278 17707 7283220 1 784
8281 17705 7283230 1 785
8285 17699 7283240 1 788
8288 17695 7283250 1 790
8290 17691 7283260 1 790
8292 17688 7283270 1 791
8294 17684 7283280 1 793
8294 17682 7283290 1 793
8293 17681 7283300 1 793
8292 17677 7283310 1 794
8290 17676 7283320 1 794
8288 17675 7283330 1 794
8286 17676 7283340 1 794
8283 17677 7283350 1 793
8281 17679 7283360 1 793
8279 17682 7283370 1 792
8277 17688 7283380 1 792
8277 17692 7283390 1 792
8277 17697 7283400 1 792
8278 17701 7283410 1 793
8280 17703 7283420 1 793
8282 17705 7283430 1 794
8283 17708 7283440 1 795
8284 17714 7283450 1 801
8284 17715 7283460 1 806
8284 17715 7283470 1 810
8283 17715 7283480 1 816
8281 17714 7283490 1 823
8279 17713 7283500 1 829
8277 17711 7283510 1 837
8272 17706 7283520 1 852
8270 17704 7283530 1 859
8269 17701 7283540 1 865
8268 17700 7283550 1 869
8268 17699 7283560 1 871
8268 17697 7283570 1 876
8270 17694 7283580 1 880
8275 17688 7283590 1 880
8279 17685 7283600 1 879
8282 17683 7283610 1 874
8286 17680 7283620 1 868
8290 17678 7283630 1 858
8292 17675 7283640 1 846
8294 17673 7283650 1 830
8295 17670 7283660 1 789
8293 17669 7283670 1 765
8290 17668 7283680 1 752
8287 17668 7283690 1 738
8283 17669 7283700 1 708
8280 17670 7283710 1 676
8276 17672 7283720 1 642
8273 17678 7283730 1 571
8273 17681 7283740 1 534
8275 17684 7283750 1 495
8278 17687 7283760 1 457
8282 17690 7283770 1 417
8287 17693 7283780 1 378
8292 17695 7283790 1 340
8303 17698 7283800 1 264
8308 17698 7283810 1 245
8312 17698 7283820 1 227
8314 17699 7283830 1 192
8314 17699 7283840 1 159
8313 17700 7283850 1 127
8311 17701 7283860 1 98
8304 17704 7283870 1 46
8299 17706 7283880 1 25
8295 17708 7283890 1 6
8292 17710 7283900 0 0
8290 17712 7283910 0 0
8289 17714 7283920 0 0
8289 17715 7283930 0 0
8293 17717 7283940 0 0
8295 17717 7283950 0 0
8301 17718 7283960 0 0
8307 17717 7283970 1 3
8313 17717 7283980 1 25
8318 17717 7283990 1 50
8323 17716 7284000 1 79
8330 17714 7284010 1 150
8331 17713 7284020 1 189
8331 17712 7284030 1 230
8330 17712 7284040 1 274
8327 17711 7284050 1 318
8323 17711 7284060 1 364
8319 17710 7284070 1 410
8311 17711 7284080 1 456
8307 17710 7284090 1 503
8304 17709 7284100 1 549
8302 17706 7284110 1 593
8300 17704 7284120 1 637
8300 17700 7284130 1 679
8301 17696 7284140 1 718
8305 17686 7284150 1 786
8308 17681 7284160 1 816
8311 17676 7284170 1 841
8314 17672 7284180 1 863
8317 17669 7284190 1 878
8319 17667 7284200 1 889
8322 17666 7284210 1 894
8325 17669 7284220 1 894
8325 17672 7284230 1 886
8325 17675 7284240 1 872
8324 17680 7284250 1 853
8323 17685 7284260 1 828
8322 17691 7284270 1 799
8321 17696 7284280 1 765
8320 17706 7284290 1 686
8320 17711 7284300 1 642
8321 17715 7284310 1 595
8323 17718 7284320 1 546
8325 17721 7284330 1 496
8326 17721 7284340 1 470
8328 17720 7284350 1 443
8337 17724 7284360 1 337
8342 17726 7284370 1 284
8346 17729 7284380 1 231
8350 17731 7284390 1 179
8354 17733 7284400 1 129
8356 17736 7284410 1 80
8358 17738 7284420 1 33
8360 17742 7284430 0 0
8360 17743 7284440 0 0
8360 17743 7284450 0 0
8360 17743 7284460 0 0
8360 17744 7284470 0 0
8360 17744 7284480 0 0
8361 17743 7284490 0 0
8364 17739 7284500 0 0
8366 17737 7284510 0 0
8368 17734 7284520 0 0
8371 17732 7284530 0 0
8375 17729 7284540 0 0
8378 17727 7284550 0 0
8382 17725 7284560 0 0
8389 17721 7284570 0 0
8393 17720 7284580 1 57
8396 17720 7284590 1 133
8399 17720 7284600 1 221
8402 17720 7284610 1 320
8403 17721 7284620 1 431
8404 17722 7284630 1 553
8405 17724 7284640 1 835
8404 17724 7284650 1 996
8403 17725 7284660 1 1024
8401 17725 7284670 1 1024
8399 17725 7284680 1 1024
8396 17725 7284690 1 1024
8394 17726 7284700 1 1024
8387 17727 7284710 1 1024
8384 17729 7284720 1 1024
