7912 18213 4343634 1 708
7912 18214 4343644 1 528
7912 18215 4343654 1 382
7912 18216 4343664 1 265
7912 18216 4343674 1 175
7912 18217 4343684 1 108
7915 18222 4343694 1 60
7919 18230 4343704 1 29
7927 18244 4343714 1 11
7942 18266 4343724 1 2
7960 18296 4343734 0 0
7981 18331 4343744 0 0
8016 18397 4343754 0 0
8028 18423 4343764 0 0
8032 18440 4343774 0 0
8032 18446 4343784 0 0
8029 18443 4343794 0 0
8024 18432 4343804 0 0
8011 18407 4343814 0 0
8006 18396 4343824 0 0
8001 18388 4343834 0 0
7998 18382 4343844 0 0
7995 18378 4343854 0 0
7992 18374 4343864 0 0
7978 18365 4343874 1 50
7967 18360 4343884 1 92
7952 18354 4343894 1 140
7935 18349 4343904 1 61
7915 18345 4343914 0 0
7896 18344 4343924 0 0
7863 18352 4343934 0 0
7854 18360 4343944 0 0
7850 18371 4343954 0 0
7851 18382 4343964 0 0
7857 18394 4343974 0 0
7864 18405 4343984 0 0
7872 18421 4343994 0 0
7871 18426 4344004 0 0
7868 18429 4344014 0 0
7862 18427 4344024 0 0
7857 18424 4344034 1 2
7854 18418 4344044 1 16
7860 18406 4344054 1 92
7869 18402 4344064 1 155
7880 18398 4344074 1 229
7893 18395 4344084 1 309
7904 18393 4344094 1 393
7912 18390 4344104 1 480
7914 18385 4344114 1 565
7908 18382 4344124 1 651
7897 18379 4344134 1 730
7884 18376 4344144 1 801
7870 18374 4344154 1 862
7858 18373 4344164 1 908
7845 18373 4344174 1 953
7845 18374 4344184 1 953
7848 18376 4344194 1 942
7855 18379 4344204 1 904
7863 18379 4344214 1 838
7872 18377 4344224 1 739
7881 18367 4344234 1 437
7882 18361 4344244 1 384
7880 18355 4344254 1 259
7878 18350 4344264 0 0
7876 18347 4344274 0 0
7875 18345 4344284 0 0
7875 18348 4344294 0 0
7877 18351 4344304 0 0
7882 18352 4344314 0 0
7887 18349 4344324 0 0
7889 18340 4344334 0 0
7889 18327 4344344 0 0
7876 18291 4344354 0 0
7866 18271 4344364 0 0
7854 18253 4344374 0 0
7843 18237 4344384 0 0
7834 18224 4344394 0 0
7826 18215 4344404 1 27
7817 18205 4344414 1 210
7815 18204 4344424 1 332
7813 18204 4344434 1 473
7813 18204 4344444 1 626
7812 18205 4344454 1 790
7810 18205 4344464 1 959
7803 18209 4344474 1 1024
7800 18210 4344484 1 1024
7797 18209 4344494 1 1024
7794 18206 4344504 1 1024
7788 18202 4344514 1 1024
7783 18199 4344524 1 1024
7774 18195 4344534 1 1024
7772 18194 4344544 1 1024
7771 18194 4344554 1 1024
7771 18195 4344564 1 1024
7771 18195 4344574 1 1024
7770 18196 4344584 1 1024
