7704 17726 4328945 1 826
7698 17717 4328955 1 818
7698 17712 4328965 1 811
7703 17710 4328975 1 803
7712 17708 4328985 1 796
7715 17704 4328995 1 789
7724 17703 4329005 1 782
7734 17703 4329015 1 776
7739 17702 4329025 1 773
7743 17702 4329035 1 769
7753 17701 4329045 1 763
7761 17700 4329055 1 757
7768 17698 4329065 1 752
7780 17694 4329075 1 742
7783 17692 4329085 1 737
7785 17689 4329095 1 732
7786 17688 4329105 1 730
7786 17686 4329115 1 728
7786 17683 4329125 1 724
7786 17681 4329135 1 721
7785 17678 4329145 1 717
7784 17675 4329155 1 714
7783 17673 4329165 1 710
7783 17671 4329175 1 707
7783 17670 4329185 1 707
7783 17669 4329195 1 705
7783 17663 4329205 1 700
7785 17660 4329215 1 698
7787 17658 4329225 1 696
7789 17655 4329235 1 694
7791 17652 4329245 1 692
7793 17648 4329255 1 691
7793 17646 4329265 1 690
7794 17645 4329275 1 689
7793 17641 4329285 1 689
7792 17638 4329295 1 687
7788 17636 4329305 1 687
7784 17635 4329315 1 686
7770 17635 4329325 1 685
7761 17637 4329335 1 685
7757 17638 4329345 1 684
7751 17640 4329355 1 685
7740 17644 4329365 1 685
7729 17650 4329375 1 685
7718 17656 4329385 1 685
7707 17662 4329395 1 685
7698 17669 4329405 1 686
7689 17676 4329415 1 687
7686 17680 4329425 1 687
7683 17682 4329435 1 688
7678 17688 4329445 1 688
7674 17699 4329455 1 691
7674 17703 4329465 1 691
7675 17707 4329475 1 693
7678 17711 4329485 1 694
7681 17714 4329495 1 695
7683 17716 4329505 1 696
7685 17717 4329515 1 697
7689 17719 4329525 1 698
7693 17721 4329535 1 699
7697 17722 4329545 1 701
7700 17722 4329555 1 702
7704 17722 4329565 1 704
7709 17723 4329575 1 707
7712 17723 4329585 1 708
7713 17721 4329595 1 708
7716 17718 4329605 1 710
7719 17715 4329615 1 712
7723 17712 4329625 1 713
7727 17709 4329635 1 715
7730 17707 4329645 1 716
7734 17704 4329655 1 717
7736 17703 4329665 1 718
7737 17702 4329675 1 719
7740 17700 4329685 1 721
7742 17698 4329695 1 722
7749 17693 4329705 1 724
7749 17691 4329715 1 726
7749 17689 4329725 1 727
7747 17687 4329735 1 727
7747 17686 4329745 1 728
7746 17684 4329755 1 728
7744 17682 4329765 1 729
7742 17679 4329775 1 730
7739 17676 4329785 1 731
7737 17673 4329795 1 731
7735 17671 4329805 1 732
7732 17670 4329815 1 733
7728 17668 4329825 1 733
7725 17668 4329835 1 733
7724 17668 4329845 1 733
7723 17669 4329855 1 733
7723 17671 4329865 1 732
7724 17674 4329875 1 732
7725 17677 4329885 1 732
7728 17680 4329895 1 731
7729 17682 4329905 1 731
7731 17684 4329915 1 731
7735 17688 4329925 1 731
7739 17691 4329935 1 731
7745 17695 4329945 1 730
7758 17700 4329955 1 731
7764 17703 4329965 1 731
7770 17705 4329975 1 732
7772 17706 4329985 1 733
7775 17707 4329995 1 733
7779 17708 4330005 1 735
7782 17709 4330015 1 737
7784 17709 4330025 1 740
7784 17709 4330035 1 742
7783 17709 4330045 1 746
7781 17709 4330055 1 750
7780 17709 4330065 1 750
7778 17709 4330075 1 754
7771 17708 4330085 1 764
7767 17707 4330095 1 770
7763 17705 4330105 1 777
7759 17704 4330115 1 783
7756 17703 4330125 1 789
7753 17702 4330135 1 796
7752 17702 4330145 1 799
7751 17702 4330155 1 802
7749 17702 4330165 1 807
7747 17702 4330175 1 813
7745 17702 4330185 1 818
7744 17703 4330195 1 821
7742 17701 4330205 1 825
7742 17701 4330215 1 827
7742 17702 4330225 1 827
7742 17701 4330235 1 826
7742 17701 4330245 1 824
7742 17700 4330255 1 821
7743 17698 4330265 1 816
7744 17696 4330275 1 810
7745 17693 4330285 1 802
7746 17690 4330295 1 790
7747 17689 4330305 1 783
7748 17687 4330315 1 778
7749 17684 4330325 1 763
7752 17682 4330335 1 727
7753 17680 4330345 1 706
7755 17678 4330355 1 684
7757 17677 4330365 1 659
7758 17677 4330375 1 634
7758 17676 4330385 1 621
7759 17677 4330395 1 606
7759 17677 4330405 1 578
7759 17679 4330415 1 550
7759 17680 4330425 1 519
7759 17683 4330435 1 487
7758 17686 4330445 1 456
7758 17690 4330455 1 391
7758 17692 4330465 1 367
7757 17693 4330475 1 358
7757 17697 4330485 1 325
7756 17700 4330495 1 292
7756 17703 4330505 1 258
7756 17706 4330515 1 225
7756 17709 4330525 1 193
7757 17711 4330535 1 161
7757 17712 4330545 1 145
7757 17713 4330555 1 130
7758 17714 4330565 1 99
7758 17714 4330575 1 69
7758 17714 4330585 1 34
7758 17713 4330595 1 33
7757 17711 4330605 1 31
7757 17709 4330615 1 30
7756 17708 4330625 1 29
7756 17706 4330635 1 28
7755 17704 4330645 1 26
7755 17702 4330655 1 25
7755 17700 4330665 1 23
7756 17698 4330675 1 22
7757 17698 4330685 1 20
7760 17698 4330695 1 19
7763 17698 4330705 1 18
7766 17699 4330715 1 17
7771 17701 4330725 1 15
7777 17703 4330735 1 14
7783 17706 4330745 1 12
7790 17709 4330755 1 11
7797 17712 4330765 1 9
7803 17715 4330775 1 7
7806 17716 4330785 1 7
7809 17717 4330795 1 6
7814 17719 4330805 1 4
7818 17720 4330815 1 3
7821 17720 4330825 1 1
7825 17719 4330835 1 81
7825 17718 4330845 1 126
7824 17716 4330855 1 175
7823 17715 4330865 1 201
7821 17714 4330875 1 226
7817 17711 4330885 1 278
7813 17709 4330895 1 332
7808 17707 4330905 1 387
7803 17705 4330915 1 440
7797 17703 4330925 1 495
7792 17702 4330935 1 547
7790 17702 4330945 1 562
7787 17701 4330955 1 599
7779 17700 4330965 1 695
7775 17701 4330975 1 739
7771 17701 4330985 1 779
7769 17701 4330995 1 815
7767 17701 4331005 1 846
7765 17701 4331015 1 873
7765 17701 4331025 1 884
7764 17701 4331035 1 893
7764 17701 4331045 1 911
7765 17701 4331055 1 924
7766 17702 4331065 1 933
7767 17702 4331075 1 939
7769 17703 4331085 1 942
7771 17704 4331095 1 939
7772 17705 4331105 1 938
7773 17706 4331115 1 936
7776 17708 4331125 1 930
7778 17711 4331135 1 922
7780 17714 4331145 1 915
7783 17717 4331155 1 907
7784 17720 4331165 1 898
7786 17724 4331175 1 890
7786 17725 4331185 1 886
7787 17726 4331195 1 882
7787 17728 4331205 1 876
7788 17730 4331215 1 867
7788 17730 4331225 1 866
7789 17730 4331235 1 866
7789 17728 4331245 1 870
7789 17726 4331255 1 875
7789 17725 4331265 1 878
7789 17724 4331275 1 882
7790 17720 4331285 1 892
7791 17717 4331295 1 902
7792 17714 4331305 1 913
7794 17711 4331315 1 925
7796 17708 4331325 1 938
7799 17704 4331335 1 963
7800 17702 4331345 1 972
7801 17702 4331355 1 975
7803 17700 4331365 1 986
7804 17699 4331375 1 985
7806 17698 4331385 1 984
7807 17697 4331395 1 984
7807 17696 4331405 1 983
7808 17695 4331415 1 982
7808 17695 4331425 1 982
7808 17694 4331435 1 981
7807 17693 4331445 1 980
7806 17691 4331455 1 979
7803 17688 4331465 1 967
7801 17687 4331475 1 946
7799 17685 4331485 1 919
7796 17685 4331495 1 887
7795 17684 4331505 1 870
7794 17685 4331515 1 850
7791 17686 4331525 1 809
7789 17688 4331535 1 763
7787 17690 4331545 1 713
7786 17694 4331555 1 661
7786 17699 4331565 1 607
7786 17703 4331575 1 551
7786 17707 4331585 1 494
7787 17710 4331595 1 437
7789 17715 4331605 1 381
7791 17719 4331615 1 324
7794 17723 4331625 1 271
7797 17726 4331635 1 218
7800 17728 4331645 1 170
7802 17729 4331655 1 125
7804 17729 4331665 1 111
7804 17728 4331675 1 115
7806 17727 4331685 1 117
7807 17725 4331695 1 119
7807 17723 4331705 1 120
7806 17721 4331715 1 122
7806 17718 4331725 1 123
7805 17715 4331735 1 125
7805 17714 4331745 1 126
7805 17713 4331755 1 127
7804 17711 4331765 1 128
7804 17711 4331775 1 130
7804 17711 4331785 1 131
7804 17712 4331795 1 137
7804 17714 4331805 1 198
7804 17716 4331815 1 267
7804 17717 4331825 1 283
7804 17719 4331835 1 341
7803 17721 4331845 1 494
7801 17724 4331855 1 573
7800 17727 4331865 1 650
7798 17729 4331875 1 724
7796 17731 4331885 1 794
7793 17733 4331895 1 859
7792 17733 4331905 1 892
7790 17733 4331915 1 916
7787 17733 4331925 1 946
7785 17732 4331935 1 945
7782 17731 4331945 1 944
7780 17728 4331955 1 944
7778 17725 4331965 1 943
7778 17722 4331975 1 942
7778 17720 4331985 1 942
7778 17718 4331995 1 941
7780 17714 4332005 1 940
7782 17711 4332015 1 939
7784 17707 4332025 1 939
7787 17705 4332035 1 938
7791 17704 4332045 1 937
7794 17703 4332055 1 936
7797 17703 4332065 1 934
7798 17704 4332075 1 935
7802 17706 4332085 1 935
7810 17708 4332095 1 894
7813 17710 4332105 1 861
7816 17713 4332115 1 827
7819 17715 4332125 1 794
7821 17717 4332135 1 761
7822 17718 4332145 1 727
7824 17718 4332155 1 695
7825 17718 4332165 1 665
7826 17716 4332175 1 637
7828 17714 4332185 1 610
7829 17711 4332195 1 586
7832 17706 4332205 1 547
7833 17702 4332215 1 534
7835 17698 4332225 1 524
7837 17693 4332235 1 519
7838 17689 4332245 1 519
7840 17685 4332255 1 524
7842 17681 4332265 1 534
7842 17677 4332275 1 550
7843 17674 4332285 1 574
7843 17671 4332295 1 603
7843 17668 4332305 1 640
7840 17665 4332315 1 736
7838 17664 4332325 1 795
7837 17663 4332335 1 863
7835 17662 4332345 1 913
7833 17663 4332355 1 913
7830 17664 4332365 1 912
7828 17667 4332375 1 911
7825 17670 4332385 1 910
7822 17673 4332395 1 909
7819 17677 4332405 1 908
7817 17681 4332415 1 908
7816 17687 4332425 1 907
7815 17691 4332435 1 906
7814 17695 4332445 1 905
7814 17698 4332455 1 904
7815 17701 4332465 1 904
7816 17704 4332475 1 903
7819 17706 4332485 1 902
7821 17707 4332495 1 901
7825 17708 4332505 1 900
7828 17709 4332515 1 899
7832 17709 4332525 1 899
7836 17709 4332535 1 898
7839 17708 4332545 1 897
7841 17707 4332555 1 896
7843 17706 4332565 1 895
7844 17704 4332575 1 895
7844 17702 4332585 1 894
7844 17700 4332595 1 893
7843 17699 4332605 1 892
7841 17697 4332615 1 891
7839 17695 4332625 1 891
7837 17694 4332635 1 890
7835 17694 4332645 1 889
