7622 18736 2943119 1 945
7617 18726 2943129 1 930
7616 18720 2943139 1 916
7621 18718 2943149 1 901
7628 18717 2943159 1 887
7631 18712 2943169 1 874
7639 18711 2943179 1 862
7648 18711 2943189 1 850
7656 18710 2943199 1 838
7665 18709 2943209 1 827
7673 18707 2943219 1 816
7680 18706 2943229 1 806
7690 18702 2943239 1 788
7694 18700 2943249 1 780
7697 18696 2943259 1 771
7699 18693 2943269 1 763
7701 18689 2943279 1 757
7701 18686 2943289 1 754
7701 18684 2943299 1 750
7702 18679 2943309 1 744
7701 18674 2943319 1 738
7700 18668 2943329 1 733
7699 18663 2943339 1 727
7698 18658 2943349 1 723
7696 18649 2943359 1 714
7695 18645 2943369 1 711
7693 18642 2943379 1 708
7691 18640 2943389 1 705
7689 18639 2943399 1 701
7686 18639 2943409 1 699
7682 18639 2943419 1 697
7677 18640 2943429 1 696
7672 18640 2943439 1 694
7666 18641 2943449 1 693
7665 18642 2943459 1 692
7660 18642 2943469 1 692
7647 18643 2943479 1 691
7639 18644 2943489 1 689
7632 18645 2943499 1 689
7625 18645 2943509 1 689
7618 18646 2943519 1 689
7612 18648 2943529 1 690
7607 18650 2943539 1 690
7603 18652 2943549 1 692
7599 18656 2943559 1 693
7597 18660 2943569 1 694
7595 18664 2943579 1 695
7592 18675 2943589 1 698
7591 18681 2943599 1 699
7592 18687 2943609 1 701
7592 18692 2943619 1 702
7593 18695 2943629 1 703
7593 18698 2943639 1 704
7594 18703 2943649 1 706
7595 18707 2943659 1 707
7596 18711 2943669 1 710
7597 18715 2943679 1 712
7598 18718 2943689 1 714
7600 18720 2943699 1 716
7605 18724 2943709 1 720
7608 18725 2943719 1 722
7611 18726 2943729 1 724
7615 18727 2943739 1 726
7619 18727 2943749 1 728
7624 18728 2943759 1 731
7629 18727 2943769 1 732
7634 18727 2943779 1 734
7639 18725 2943789 1 736
7642 18724 2943799 1 737
7645 18723 2943809 1 738
7650 18719 2943819 1 739
7659 18710 2943829 1 742
7662 18705 2943839 1 744
7665 18698 2943849 1 745
7666 18690 2943859 1 746
7667 18683 2943869 1 747
7667 18676 2943879 1 748
7666 18670 2943889 1 749
7664 18664 2943899 1 750
7661 18661 2943909 1 750
7657 18659 2943919 1 751
7653 18659 2943929 1 751
7643 18660 2943939 1 751
7639 18664 2943949 1 751
7635 18669 2943959 1 751
7634 18672 2943969 1 751
7633 18675 2943979 1 750
7631 18681 2943989 1 749
7630 18688 2943999 1 749
7630 18695 2944009 1 748
7632 18701 2944019 1 748
7636 18706 2944029 1 747
7640 18710 2944039 1 746
7645 18713 2944049 1 745
7657 18718 2944059 1 746
7663 18719 2944069 1 746
7668 18720 2944079 1 747
7673 18720 2944089 1 748
7677 18720 2944099 1 750
7679 18719 2944109 1 752
7681 18720 2944119 1 756
7681 18720 2944129 1 759
7681 18720 2944139 1 760
7680 18721 2944149 1 763
7679 18722 2944159 1 767
7676 18723 2944169 1 772
7670 18724 2944179 1 784
7667 18724 2944189 1 792
7663 18724 2944199 1 799
7659 18722 2944209 1 806
7656 18720 2944219 1 813
7653 18716 2944229 1 820
7650 18711 2944239 1 827
7648 18706 2944249 1 834
7646 18700 2944259 1 840
7645 18695 2944269 1 845
7644 18690 2944279 1 849
7642 18683 2944289 1 853
7642 18680 2944299 1 854
7643 18678 2944309 1 854
7643 18677 2944319 1 853
7643 18675 2944329 1 849
7644 18673 2944339 1 845
7645 18672 2944349 1 839
7645 18671 2944359 1 832
7646 18670 2944369 1 821
7647 18669 2944379 1 808
7648 18668 2944389 1 793
7649 18667 2944399 1 776
7651 18666 2944409 1 734
7652 18665 2944419 1 710
7653 18665 2944429 1 685
7654 18665 2944439 1 657
7655 18666 2944449 1 628
7656 18667 2944459 1 598
7657 18669 2944469 1 566
7657 18671 2944479 1 551
7657 18672 2944489 1 535
7658 18675 2944499 1 501
7659 18678 2944509 1 466
7659 18682 2944519 1 432
7661 18686 2944529 1 362
7661 18689 2944539 1 326
7661 18692 2944549 1 291
7662 18694 2944559 1 256
7663 18696 2944569 1 220
7663 18698 2944579 1 186
7664 18699 2944589 1 153
7664 18701 2944599 1 120
7665 18703 2944609 1 87
7666 18705 2944619 1 56
7666 18707 2944629 1 26
7666 18709 2944639 0 0
7666 18710 2944649 0 0
7666 18711 2944659 0 0
7667 18713 2944669 0 0
7667 18715 2944679 0 0
7667 18716 2944689 0 0
7668 18717 2944699 0 0
7668 18717 2944709 0 0
7669 18717 2944719 0 0
7670 18716 2944729 0 0
7672 18714 2944739 0 0
7674 18711 2944749 0 0
7678 18709 2944759 0 0
7681 18707 2944769 0 0
7685 18704 2944779 0 0
7688 18702 2944789 0 0
7692 18701 2944799 0 0
7696 18700 2944809 0 0
7698 18699 2944819 0 0
7701 18699 2944829 0 0
7705 18698 2944839 0 0
7709 18698 2944849 0 0
7712 18697 2944859 0 0
7715 18696 2944869 0 0
7719 18695 2944879 1 81
7720 18694 2944889 1 124
7720 18693 2944899 1 172
7719 18693 2944909 1 222
7717 18693 2944919 1 274
7715 18695 2944929 1 327
7712 18698 2944939 1 382
7708 18701 2944949 1 436
7705 18706 2944959 1 491
7701 18712 2944969 1 544
7698 18718 2944979 1 597
7695 18720 2944989 1 648
7692 18723 2944999 1 696
7690 18729 2945009 1 741
7689 18733 2945019 1 783
7688 18737 2945029 1 821
7687 18739 2945039 1 854
7687 18739 2945049 1 882
7687 18738 2945059 1 905
7688 18736 2945069 1 924
7688 18732 2945079 1 938
7689 18727 2945089 1 949
7689 18722 2945099 1 956
7690 18717 2945109 1 960
7690 18711 2945119 1 958
7690 18706 2945129 1 955
7690 18701 2945139 1 949
7690 18697 2945149 1 942
7689 18695 2945159 1 939
7689 18693 2945169 1 935
7689 18691 2945179 1 927
7688 18690 2945189 1 918
7688 18689 2945199 1 910
7688 18690 2945209 1 902
7688 18691 2945219 1 896
7690 18693 2945229 1 887
7691 18695 2945239 1 886
7693 18697 2945249 1 888
7695 18700 2945259 1 892
7698 18703 2945269 1 898
7701 18705 2945279 1 907
7704 18708 2945289 1 919
7707 18710 2945299 1 931
7709 18713 2945309 1 945
7712 18715 2945319 1 959
7713 18716 2945329 1 963
7714 18716 2945339 1 974
7716 18715 2945349 1 1004
7716 18715 2945359 1 1019
7716 18713 2945369 1 1024
7715 18712 2945379 1 1024
7713 18709 2945389 1 1024
7712 18706 2945399 1 1024
7709 18702 2945409 1 1024
7707 18699 2945419 1 1024
7705 18696 2945429 1 1024
7703 18693 2945439 1 1024
7701 18691 2945449 1 1024
7699 18688 2945459 1 1021
7698 18688 2945469 1 996
7698 18688 2945479 1 965
7697 18688 2945489 1 928
7697 18689 2945499 1 909
7697 18690 2945509 1 885
7696 18691 2945519 1 836
7696 18693 2945529 1 781
7696 18695 2945539 1 721
7696 18698 2945549 1 658
7696 18700 2945559 1 592
7695 18702 2945569 1 523
7695 18706 2945579 1 383
7695 18708 2945589 1 312
7695 18711 2945599 1 242
7695 18713 2945609 1 174
7695 18716 2945619 1 107
7695 18719 2945629 1 44
7696 18722 2945639 0 0
7696 18724 2945649 0 0
7697 18727 2945659 0 0
7697 18728 2945669 0 0
7697 18728 2945679 0 0
7698 18729 2945689 0 0
7698 18730 2945699 0 0
7698 18729 2945709 0 0
7699 18726 2945719 0 0
7699 18723 2945729 0 0
7700 18720 2945739 0 0
7700 18716 2945749 0 0
7700 18713 2945759 0 0
7700 18710 2945769 0 0
7699 18708 2945779 1 51
7699 18707 2945789 1 139
7698 18707 2945799 1 234
7696 18708 2945809 1 435
7694 18710 2945819 1 539
7693 18712 2945829 1 641
7692 18714 2945839 1 694
7691 18716 2945849 1 741
7690 18720 2945859 1 834
7688 18723 2945869 1 922
7686 18726 2945879 1 1000
7685 18728 2945889 1 1024
7684 18728 2945899 1 1024
7682 18727 2945909 1 1024
7682 18724 2945919 1 1024
7680 18719 2945929 1 1024
7680 18713 2945939 1 1024
7681 18706 2945949 1 1024
7681 18698 2945959 1 1024
7683 18690 2945969 1 1024
7684 18682 2945979 1 1024
7687 18676 2945989 1 1024
7690 18671 2945999 1 1024
7691 18669 2946009 1 1024
7693 18669 2946019 1 1024
7697 18669 2946029 1 1024
7702 18671 2946039 1 1024
7711 18675 2946049 1 989
7716 18681 2946059 1 942
7721 18688 2946069 1 894
7726 18695 2946079 1 847
7731 18702 2946089 1 799
7735 18708 2946099 1 751
7738 18713 2946109 1 704
7741 18716 2946119 1 659
7743 18717 2946129 1 618
7745 18717 2946139 1 578
7746 18715 2946149 1 542
7748 18711 2946159 1 484
7748 18708 2946169 1 463
7748 18707 2946179 1 455
7749 18705 2946189 1 448
7749 18702 2946199 1 439
7749 18700 2946209 1 438
7749 18698 2946219 1 444
7749 18697 2946229 1 459
7748 18696 2946239 1 484
7747 18696 2946249 1 519
7746 18697 2946259 1 564
7743 18697 2946269 1 620
7738 18698 2946279 1 769
7735 18699 2946289 1 862
7731 18700 2946299 1 970
7727 18700 2946309 1 1024
7722 18701 2946319 1 1024
7718 18702 2946329 1 1024
7714 18702 2946339 1 1024
7712 18703 2946349 1 1024
7711 18704 2946359 1 1024
7709 18706 2946369 1 1024
7707 18708 2946379 1 1024
7707 18711 2946389 1 1024
7709 18716 2946399 1 1024
7711 18720 2946409 1 1024
7714 18724 2946419 1 1024
7718 18728 2946429 1 1024
7723 18731 2946439 1 1024
7728 18733 2946449 1 1024
7733 18734 2946459 1 1024
7739 18734 2946469 1 1024
7743 18733 2946479 1 1024
7747 18732 2946489 1 1024
7749 18731 2946499 1 1024
7751 18730 2946509 1 1024
7751 18729 2946519 1 1024
7750 18728 2946529 1 1024
7747 18729 2946539 1 1024
7745 18729 2946549 1 1024
7741 18731 2946559 1 1024
7738 18732 2946569 1 1024
7735 18734 2946579 1 1024
7732 18736 2946589 1 1024
7730 18739 2946599 1 1024
7729 18741 2946609 1 1024
7728 18743 2946619 1 1024
