7682 18219 2711175 1 1024
7675 18206 2711185 1 1016
7675 18199 2711195 1 996
7681 18196 2711205 1 977
7690 18194 2711215 1 957
7694 18187 2711225 1 939
7705 18187 2711235 1 923
7716 18186 2711245 1 906
7728 18186 2711255 1 890
7740 18185 2711265 1 875
7751 18184 2711275 1 861
7763 18182 2711285 1 847
7779 18178 2711295 1 824
7785 18176 2711305 1 816
7787 18175 2711315 1 812
7795 18171 2711325 1 801
7801 18167 2711335 1 791
7807 18162 2711345 1 782
7811 18156 2711355 1 773
7813 18150 2711365 1 764
7815 18143 2711375 1 757
7814 18136 2711385 1 750
7812 18129 2711395 1 743
7808 18122 2711405 1 737
7802 18110 2711415 1 726
7796 18103 2711425 1 721
7792 18100 2711435 1 720
7789 18096 2711445 1 717
7781 18090 2711455 1 713
7772 18083 2711465 1 709
7764 18078 2711475 1 706
7755 18073 2711485 1 703
7746 18070 2711495 1 702
7737 18068 2711505 1 699
7729 18067 2711515 1 697
7720 18067 2711525 1 696
7704 18068 2711535 1 695
7696 18072 2711545 1 693
7689 18076 2711555 1 693
7685 18078 2711565 1 693
7683 18081 2711575 1 693
7678 18086 2711585 1 693
7674 18091 2711595 1 694
7672 18096 2711605 1 694
7670 18101 2711615 1 696
7669 18106 2711625 1 697
7669 18111 2711635 1 698
7669 18116 2711645 1 699
7666 18128 2711655 1 703
7666 18135 2711665 1 705
7666 18141 2711675 1 707
7665 18147 2711685 1 709
7664 18151 2711695 1 709
7663 18154 2711705 1 711
7661 18161 2711715 1 714
7657 18167 2711725 1 715
7654 18173 2711735 1 718
7651 18177 2711745 1 720
7649 18182 2711755 1 723
7648 18185 2711765 1 725
7651 18190 2711775 1 730
7654 18192 2711785 1 733
7658 18193 2711795 1 735
7664 18195 2711805 1 738
7672 18196 2711815 1 740
7676 18197 2711825 1 742
7681 18198 2711835 1 743
7691 18201 2711845 1 744
7701 18203 2711855 1 746
7711 18206 2711865 1 749
7721 18208 2711875 1 751
7730 18210 2711885 1 752
7743 18208 2711895 1 756
7747 18209 2711905 1 758
7751 18209 2711915 1 759
7752 18208 2711925 1 760
7751 18205 2711935 1 761
7749 18201 2711945 1 763
7748 18199 2711955 1 763
7746 18195 2711965 1 764
7742 18187 2711975 1 765
7736 18177 2711985 1 764
7730 18166 2711995 1 766
7723 18154 2712005 1 765
7710 18141 2712015 1 765
7704 18130 2712025 1 765
7699 18120 2712035 1 765
7695 18113 2712045 1 763
7693 18107 2712055 1 762
7693 18105 2712065 1 762
7695 18105 2712075 1 760
7697 18106 2712085 1 760
7700 18108 2712095 1 760
7706 18114 2712105 1 759
7714 18122 2712115 1 758
7724 18131 2712125 1 757
7742 18145 2712135 1 758
7753 18157 2712145 1 758
7764 18169 2712155 1 759
7773 18179 2712165 1 760
7781 18189 2712175 1 762
7787 18197 2712185 1 764
7792 18202 2712195 1 768
7793 18205 2712205 1 771
7794 18207 2712215 1 773
7793 18206 2712225 1 776
7790 18205 2712235 1 780
7785 18202 2712245 1 786
7775 18196 2712255 1 800
7766 18189 2712265 1 808
7756 18182 2712275 1 816
7745 18174 2712285 1 824
7734 18167 2712295 1 831
7724 18160 2712305 1 839
7714 18154 2712315 1 847
7705 18149 2712325 1 854
7697 18145 2712335 1 860
7694 18144 2712345 1 863
7691 18143 2712355 1 866
7686 18141 2712365 1 870
7681 18139 2712375 1 874
7680 18139 2712385 1 875
7679 18141 2712395 1 873
7679 18144 2712405 1 869
7680 18147 2712415 1 864
7682 18151 2712425 1 857
7684 18156 2712435 1 848
7688 18161 2712445 1 837
7692 18166 2712455 1 821
7697 18172 2712465 1 805
7700 18174 2712475 1 802
7703 18176 2712485 1 786
7710 18181 2712495 1 739
7715 18184 2712505 1 714
7721 18187 2712515 1 686
7726 18189 2712525 1 655
7730 18190 2712535 1 624
7734 18191 2712545 1 591
7737 18191 2712555 1 557
7738 18190 2712565 1 523
7740 18190 2712575 1 487
7740 18189 2712585 1 450
7741 18188 2712595 1 414
7742 18189 2712605 1 377
7743 18190 2712615 1 339
7743 18189 2712625 1 302
7743 18189 2712635 1 265
7743 18189 2712645 1 228
7743 18190 2712655 1 191
7743 18190 2712665 1 156
7744 18190 2712675 1 122
7744 18190 2712685 1 88
7745 18189 2712695 1 55
7745 18189 2712705 1 23
7746 18188 2712715 0 0
7746 18187 2712725 0 0
7746 18186 2712735 0 0
7746 18186 2712745 0 0
7746 18185 2712755 0 0
7745 18184 2712765 0 0
7744 18183 2712775 0 0
7743 18183 2712785 0 0
7742 18184 2712795 0 0
7740 18185 2712805 0 0
7739 18186 2712815 0 0
7738 18187 2712825 0 0
7737 18189 2712835 0 0
7740 18190 2712845 0 0
7741 18192 2712855 0 0
7742 18193 2712865 0 0
7743 18194 2712875 0 0
7745 18196 2712885 0 0
7749 18198 2712895 0 0
7752 18200 2712905 0 0
7757 18202 2712915 0 0
7763 18205 2712925 0 0
7769 18208 2712935 0 0
7775 18210 2712945 0 0
7782 18212 2712955 0 0
7790 18213 2712965 1 81
7795 18214 2712975 1 123
7799 18214 2712985 1 170
7801 18214 2712995 1 194
7801 18213 2713005 1 219
7802 18211 2713015 1 270
7802 18208 2713025 1 323
7800 18204 2713035 1 378
7797 18201 2713045 1 432
7792 18197 2713055 1 487
7787 18194 2713065 1 541
7782 18192 2713075 1 595
7773 18190 2713085 1 696
7768 18189 2713095 1 743
7765 18189 2713105 1 786
7762 18189 2713115 1 825
7761 18190 2713125 1 844
7760 18190 2713135 1 860
7760 18191 2713145 1 890
7761 18193 2713155 1 913
7763 18194 2713165 1 934
7766 18195 2713175 1 949
7769 18196 2713185 1 961
7772 18197 2713195 1 969
7776 18198 2713205 1 974
7778 18199 2713215 1 972
7779 18199 2713225 1 970
7780 18198 2713235 1 964
7779 18197 2713245 1 958
7778 18197 2713255 1 954
7776 18196 2713265 1 951
7773 18195 2713275 1 943
7769 18194 2713285 1 934
7765 18192 2713295 1 926
7762 18191 2713305 1 918
7758 18190 2713315 1 912
7757 18190 2713325 1 903
7757 18191 2713335 1 902
7757 18192 2713345 1 904
7759 18193 2713355 1 909
7763 18195 2713365 1 916
7767 18197 2713375 1 927
7770 18198 2713385 1 933
7772 18199 2713395 1 939
7778 18201 2713405 1 953
7784 18202 2713415 1 969
7789 18203 2713425 1 985
7794 18202 2713435 1 1003
7800 18198 2713445 1 1024
7803 18196 2713455 1 1024
7805 18192 2713465 1 1024
7806 18188 2713475 1 1024
7807 18183 2713485 1 1024
7806 18177 2713495 1 1024
7805 18172 2713505 1 1024
7804 18169 2713515 1 1024
7803 18167 2713525 1 1024
7800 18162 2713535 1 1024
7797 18159 2713545 1 1024
7793 18156 2713555 1 1024
7788 18154 2713565 1 1024
7785 18155 2713575 1 1024
7782 18158 2713585 1 1001
7779 18161 2713595 1 960
7778 18166 2713605 1 912
7778 18171 2713615 1 856
7780 18176 2713625 1 795
7782 18181 2713635 1 727
7784 18183 2713645 1 694
7786 18185 2713655 1 655
7790 18188 2713665 1 580
7795 18190 2713675 1 502
7800 18192 2713685 1 341
7804 18191 2713695 1 260
7807 18189 2713705 1 178
7810 18185 2713715 1 99
7811 18182 2713725 1 21
7810 18177 2713735 0 0
7808 18174 2713745 0 0
7804 18170 2713755 0 0
7799 18168 2713765 0 0
7796 18167 2713775 0 0
7792 18167 2713785 0 0
7785 18166 2713795 0 0
7776 18168 2713805 0 0
7768 18169 2713815 0 0
7760 18170 2713825 0 0
7754 18172 2713835 0 0
7749 18174 2713845 0 0
7746 18176 2713855 0 0
7746 18178 2713865 0 0
7748 18179 2713875 0 0
7752 18180 2713885 0 0
7758 18181 2713895 1 40
7762 18181 2713905 1 63
7765 18181 2713915 1 152
7772 18180 2713925 1 390
7779 18179 2713935 1 513
7786 18177 2713945 1 634
7791 18175 2713955 1 753
7794 18173 2713965 1 865
7796 18171 2713975 1 970
7794 18169 2713985 1 1024
7791 18168 2713995 1 1024
7786 18168 2714005 1 1024
7779 18169 2714015 1 1024
7771 18171 2714025 1 1024
7766 18173 2714035 1 1024
7761 18175 2714045 1 1024
7753 18179 2714055 1 1024
7745 18184 2714065 1 1024
7738 18190 2714075 1 1024
7733 18195 2714085 1 1024
7729 18200 2714095 1 1024
7728 18205 2714105 1 1024
7728 18210 2714115 1 1024
7731 18214 2714125 1 1024
7736 18217 2714135 1 1024
7743 18220 2714145 1 1024
7757 18223 2714155 1 1024
7763 18224 2714165 1 1024
7766 18225 2714175 1 1004
7776 18226 2714185 1 946
7787 18228 2714195 1 887
7797 18228 2714205 1 828
7807 18229 2714215 1 769
7815 18228 2714225 1 711
7823 18227 2714235 1 655
7830 18224 2714245 1 604
7835 18220 2714255 1 554
7840 18215 2714265 1 508
7843 18207 2714275 1 436
7844 18199 2714285 1 408
7844 18195 2714295 1 399
7844 18191 2714305 1 389
7843 18182 2714315 1 378
7841 18173 2714325 1 376
7838 18166 2714335 1 383
7835 18160 2714345 1 402
7832 18156 2714355 1 432
7828 18154 2714365 1 477
7825 18155 2714375 1 534
7821 18158 2714385 1 604
7815 18162 2714395 1 794
7811 18169 2714405 1 914
7808 18177 2714415 1 1024
7805 18186 2714425 1 1024
7802 18195 2714435 1 1024
7800 18203 2714445 1 1024
7798 18210 2714455 1 1024
7796 18215 2714465 1 1024
7795 18219 2714475 1 1024
7794 18220 2714485 1 1024
7794 18219 2714495 1 1024
7797 18217 2714505 1 1024
7799 18211 2714515 1 1024
7803 18202 2714525 1 1024
7808 18192 2714535 1 1024
7815 18181 2714545 1 1024
7822 18171 2714555 1 1024
7829 18161 2714565 1 1024
7837 18153 2714575 1 1024
7844 18148 2714585 1 1024
7851 18146 2714595 1 1024
7857 18148 2714605 1 1024
7861 18154 2714615 1 1024
7864 18163 2714625 1 1024
7865 18173 2714635 1 1024
7865 18185 2714645 1 1024
7865 18197 2714655 1 1024
7865 18209 2714665 1 1024
7865 18219 2714675 1 1024
7866 18226 2714685 1 1024
7867 18230 2714695 1 1024
7868 18231 2714705 1 1024
7870 18229 2714715 1 1024
7872 18224 2714725 1 1024
