7853 18571 3785682 1 798
7853 18577 3785692 1 754
7852 18590 3785702 1 718
7849 18609 3785712 1 691
7842 18632 3785722 1 673
7831 18655 3785732 1 662
7818 18675 3785742 1 659
7804 18692 3785752 1 662
7791 18703 3785762 1 685
7781 18710 3785772 1 694
7778 18709 3785782 1 702
7785 18701 3785792 1 724
7801 18687 3785802 1 747
7826 18668 3785812 1 773
7854 18650 3785822 1 801
7880 18634 3785832 1 857
7901 18624 3785842 1 885
7913 18617 3785852 1 895
7918 18612 3785862 1 908
7916 18608 3785872 1 932
7906 18602 3785882 1 951
7888 18591 3785892 1 967
7865 18574 3785902 1 989
7839 18552 3785912 1 991
7814 18527 3785922 1 987
7794 18502 3785932 1 984
7779 18482 3785942 1 974
7769 18469 3785952 1 956
7763 18464 3785962 1 929
7758 18470 3785972 1 852
7755 18484 3785982 1 799
7752 18506 3785992 1 733
7750 18533 3786002 1 660
7748 18559 3786012 1 615
7746 18583 3786022 1 576
7745 18601 3786032 1 489
7744 18614 3786042 1 309
7744 18621 3786052 1 222
7746 18623 3786062 1 141
7750 18621 3786072 1 69
7758 18616 3786082 1 7
7769 18606 3786092 0 0
7781 18594 3786102 0 0
7796 18580 3786112 0 0
7810 18566 3786122 0 0
7824 18551 3786132 0 0
7836 18538 3786142 0 0
7846 18526 3786152 0 0
7853 18516 3786162 0 0
7858 18508 3786172 0 0
7860 18504 3786182 0 0
7858 18505 3786192 0 0
7853 18511 3786202 0 0
7849 18521 3786212 0 0
7846 18532 3786222 0 0
7845 18542 3786232 0 0
7847 18550 3786242 1 46
7851 18554 3786252 1 78
7859 18555 3786262 1 95
7867 18552 3786272 1 148
7875 18547 3786282 1 202
7880 18542 3786292 1 256
7883 18538 3786302 1 307
7884 18536 3786312 1 396
7885 18536 3786322 1 430
7886 18539 3786332 1 442
7889 18546 3786342 1 455
7893 18556 3786352 1 467
7898 18567 3786362 1 464
7901 18577 3786372 1 448
7904 18587 3786382 1 362
7904 18594 3786392 1 289
7904 18600 3786402 0 0
7901 18603 3786412 0 0
7897 18603 3786422 0 0
7891 18601 3786432 0 0
7883 18596 3786442 0 0
7876 18588 3786452 0 0
7868 18579 3786462 0 0
7861 18568 3786472 0 0
7855 18558 3786482 0 0
7850 18547 3786492 0 0
7847 18538 3786502 0 0
7844 18530 3786512 0 0
7843 18524 3786522 0 0
7843 18519 3786532 0 0
7845 18516 3786542 0 0
7850 18515 3786552 0 0
7857 18515 3786562 0 0
7867 18516 3786572 0 0
7880 18519 3786582 0 0
7886 18521 3786592 0 0
7892 18523 3786602 0 0
7904 18528 3786612 0 0
7913 18533 3786622 0 0
7918 18536 3786632 0 0
7922 18537 3786642 0 0
7922 18536 3786652 0 0
7922 18534 3786662 0 0
7920 18530 3786672 0 0
7919 18525 3786682 0 0
7919 18521 3786692 0 0
7920 18517 3786702 0 0
7921 18514 3786712 0 0
7922 18513 3786722 0 0
7924 18514 3786732 0 0
7925 18516 3786742 0 0
7926 18519 3786752 0 0
7926 18522 3786762 1 11
7926 18526 3786772 1 31
7925 18530 3786782 1 54
7925 18533 3786792 1 81
7924 18536 3786802 1 111
7923 18538 3786812 1 143
7924 18541 3786822 1 159
7926 18543 3786832 1 178
7929 18546 3786842 1 216
7932 18547 3786852 1 257
7935 18547 3786862 1 299
7939 18545 3786872 1 342
7942 18543 3786882 1 387
7944 18540 3786892 1 433
7947 18537 3786902 1 456
7948 18535 3786912 1 479
7948 18535 3786922 1 526
7946 18537 3786932 1 573
7943 18541 3786942 1 621
7937 18546 3786952 1 666
7931 18551 3786962 1 711
7925 18557 3786972 1 749
7919 18563 3786982 1 767
7914 18568 3786992 1 780
7909 18573 3787002 1 803
7905 18578 3787012 1 822
7901 18583 3787022 1 828
7898 18587 3787032 1 836
7895 18592 3787042 1 842
7893 18598 3787052 1 847
7893 18604 3787062 1 850
7895 18608 3787072 1 852
7898 18610 3787082 1 854
7902 18609 3787092 1 856
7907 18605 3787102 1 859
7913 18596 3787112 1 861
7921 18585 3787122 1 863
7929 18574 3787132 1 865
7936 18563 3787142 1 868
7942 18554 3787152 1 871
7947 18546 3787162 1 874
7951 18539 3787172 1 877
7954 18535 3787182 1 880
7956 18531 3787192 1 883
7957 18530 3787202 1 885
7958 18529 3787212 1 888
7958 18528 3787222 1 890
7957 18525 3787232 1 892
7955 18521 3787242 1 895
7952 18517 3787252 1 896
7948 18513 3787262 1 899
7945 18510 3787272 1 902
7942 18508 3787282 1 906
7938 18505 3787292 1 910
7942 18508 3787302 1 912
7947 18512 3787312 1 914
7950 18514 3787322 1 919
7951 18514 3787332 1 923
7951 18513 3787342 1 927
7950 18512 3787352 1 936
7949 18511 3787362 1 942
7948 18510 3787372 1 949
7947 18508 3787382 1 956
7946 18507 3787392 1 963
7946 18507 3787402 1 971
7947 18506 3787412 1 987
7948 18506 3787422 1 997
7950 18506 3787432 1 1008
7953 18506 3787442 1 1020
7955 18507 3787452 1 1024
7957 18507 3787462 1 1024
7959 18509 3787472 1 1024
7960 18510 3787482 1 1024
7961 18511 3787492 1 1024
7961 18513 3787502 1 1024
