7843 17705 4653202 1 615
7840 17725 4653212 1 600
7833 17749 4653222 1 589
7822 17773 4653232 1 583
7808 17794 4653242 1 582
7793 17811 4653252 1 585
7780 17823 4653262 1 599
7771 17829 4653272 1 606
7769 17829 4653282 1 612
7777 17820 4653292 1 627
7796 17804 4653302 1 643
7824 17785 4653312 1 660
7855 17765 4653322 1 680
7885 17748 4653332 1 717
7908 17736 4653342 1 737
7922 17729 4653352 1 746
7928 17723 4653362 1 756
7926 17719 4653372 1 773
7915 17711 4653382 1 788
7868 17683 4653392 1 817
7839 17661 4653402 1 820
7810 17635 4653412 1 819
7787 17611 4653422 1 819
7770 17591 4653432 1 815
7759 17579 4653442 1 804
7752 17576 4653452 1 787
7749 17582 4653462 1 734
7747 17598 4653472 1 698
7748 17621 4653482 1 653
7750 17648 4653492 1 601
7752 17674 4653502 1 569
7756 17696 4653512 1 543
7759 17712 4653522 1 480
7763 17722 4653532 1 348
7766 17726 4653542 1 284
7771 17725 4653552 1 222
7777 17719 4653562 1 168
7784 17711 4653572 1 120
7801 17687 4653582 1 81
7811 17674 4653592 1 44
7819 17662 4653602 1 43
7827 17651 4653612 1 42
7833 17642 4653622 1 40
7838 17636 4653632 1 40
7842 17632 4653642 1 39
7844 17631 4653652 1 38
7844 17632 4653662 1 37
7842 17638 4653672 1 36
7838 17648 4653682 1 36
7835 17660 4653692 1 35
7835 17671 4653702 1 42
7837 17680 4653712 1 60
7841 17684 4653722 1 121
7849 17685 4653732 1 145
7859 17681 4653742 1 158
7870 17673 4653752 1 200
7880 17663 4653762 1 244
7890 17647 4653772 1 330
7890 17642 4653782 1 405
7889 17640 4653792 1 434
7888 17642 4653802 1 444
7888 17648 4653812 1 454
7889 17657 4653822 1 465
7890 17667 4653832 1 463
7890 17677 4653842 1 449
7888 17686 4653852 1 373
7886 17694 4653862 1 307
7884 17699 4653872 0 0
7880 17702 4653882 0 0
7875 17704 4653892 0 0
7870 17703 4653902 0 0
7865 17700 4653912 0 0
7859 17696 4653922 0 0
7854 17689 4653932 0 0
7849 17682 4653942 0 0
7846 17674 4653952 0 0
7840 17657 4653962 0 0
7838 17650 4653972 0 0
7836 17644 4653982 0 0
7835 17639 4653992 0 0
7835 17634 4654002 0 0
7838 17631 4654012 0 0
7843 17629 4654022 0 0
7852 17628 4654032 0 0
7862 17629 4654042 0 0
7874 17632 4654052 0 0
7885 17636 4654062 0 0
7893 17641 4654072 0 0
7899 17645 4654082 0 0
7902 17649 4654092 0 0
7902 17651 4654102 0 0
7900 17651 4654112 0 0
7898 17650 4654122 0 0
7895 17649 4654132 0 0
7893 17647 4654142 0 0
7890 17643 4654152 0 0
7889 17641 4654162 1 2
7890 17640 4654172 1 9
7891 17640 4654182 1 18
7893 17640 4654192 1 31
7896 17640 4654202 1 46
7900 17640 4654212 1 65
7904 17641 4654222 1 86
7908 17641 4654232 1 109
7913 17641 4654242 1 135
7919 17641 4654252 1 162
7925 17642 4654262 1 192
7932 17643 4654272 1 223
7938 17645 4654282 1 256
7944 17646 4654292 1 290
7948 17647 4654302 1 325
7950 17647 4654312 1 361
7951 17646 4654322 1 399
7949 17645 4654332 1 437
7943 17647 4654342 1 475
7937 17650 4654352 1 514
7930 17655 4654362 1 552
7921 17662 4654372 1 591
7912 17670 4654382 1 627
7904 17678 4654392 1 662
7896 17685 4654402 1 692
7891 17692 4654412 1 705
7887 17698 4654422 1 714
7886 17702 4654432 1 731
7886 17705 4654442 1 745
7886 17707 4654452 1 748
7888 17709 4654462 1 752
7888 17710 4654472 1 755
7889 17712 4654482 1 757
7891 17715 4654492 1 758
7893 17716 4654502 1 758
7896 17715 4654512 1 758
7898 17712 4654522 1 758
7905 17697 4654532 1 758
7910 17686 4654542 1 758
7914 17676 4654552 1 758
7919 17667 4654562 1 758
7924 17660 4654572 1 759
7928 17654 4654582 1 760
7932 17650 4654592 1 760
7935 17648 4654602 1 760
7938 17646 4654612 1 761
7941 17646 4654622 1 761
7944 17646 4654632 1 761
7946 17644 4654642 1 761
7947 17641 4654652 1 761
7946 17635 4654662 1 761
7943 17629 4654672 1 761
7940 17624 4654682 1 761
7935 17619 4654692 1 761
7931 17615 4654702 1 762
7926 17611 4654712 1 763
7931 17616 4654722 1 763
7932 17618 4654732 1 764
7933 17619 4654742 1 765
7933 17619 4654752 1 766
7933 17620 4654762 1 771
7933 17620 4654772 1 773
7934 17621 4654782 1 776
7936 17622 4654792 1 778
7938 17623 4654802 1 781
7939 17625 4654812 1 785
7941 17626 4654822 1 794
7942 17627 4654832 1 798
7942 17628 4654842 1 803
7943 17629 4654852 1 809
7943 17629 4654862 1 815
7942 17629 4654872 1 821
7941 17629 4654882 1 837
7941 17628 4654892 1 845
7940 17628 4654902 1 854
