8207 18304 8774046 1 1001
8207 18304 8774056 1 747
8207 18304 8774066 1 540
8207 18304 8774076 1 375
8207 18304 8774086 1 247
8208 18303 8774096 1 153
8208 18303 8774106 1 85
8209 18303 8774116 1 41
8209 18302 8774126 1 16
8208 18301 8774136 1 3
8206 18299 8774146 0 0
8203 18296 8774156 0 0
8200 18292 8774166 0 0
8197 18288 8774176 0 0
8196 18285 8774186 0 0
8195 18281 8774196 0 0
8195 18278 8774206 0 0
8196 18275 8774216 0 0
8197 18274 8774226 0 0
8198 18272 8774236 0 0
8200 18270 8774246 0 0
8203 18269 8774256 0 0
8206 18267 8774266 0 0
8210 18266 8774276 0 0
8215 18266 8774286 0 0
8219 18265 8774296 0 0
8224 18265 8774306 0 0
8227 18266 8774316 0 0
8231 18267 8774326 0 0
8234 18268 8774336 0 0
8236 18269 8774346 0 0
8237 18271 8774356 0 0
8238 18273 8774366 0 0
8239 18275 8774376 1 23
8240 18278 8774386 1 51
8240 18281 8774396 1 83
8240 18282 8774406 1 107
8240 18284 8774416 1 148
8240 18287 8774426 1 217
8238 18290 8774436 1 252
8237 18294 8774446 1 288
8236 18297 8774456 1 362
8235 18300 8774466 1 436
8234 18303 8774476 1 473
8234 18306 8774486 1 508
8235 18308 8774496 1 576
8236 18310 8774506 1 642
8237 18312 8774516 1 674
8238 18314 8774526 1 702
8239 18316 8774536 1 754
8240 18317 8774546 1 800
8241 18317 8774556 1 821
8241 18317 8774566 1 836
8241 18317 8774576 1 860
8240 18316 8774586 1 870
8240 18316 8774596 1 872
8240 18314 8774606 1 876
8240 18312 8774616 1 872
8240 18309 8774626 1 860
8240 18306 8774636 1 845
8240 18303 8774646 1 837
8240 18300 8774656 1 828
8239 18296 8774666 1 809
8237 18291 8774676 1 788
8235 18287 8774686 1 777
8232 18282 8774696 1 765
8228 18277 8774706 1 741
8224 18273 8774716 1 716
8219 18268 8774726 1 703
8213 18262 8774736 1 689
8207 18257 8774746 1 661
8200 18252 8774756 1 631
8197 18249 8774766 1 620
8194 18246 8774776 1 616
8187 18242 8774786 1 601
8182 18238 8774796 1 571
8176 18235 8774806 1 538
8171 18232 8774816 1 522
8166 18229 8774826 1 506
8162 18227 8774836 1 473
8157 18225 8774846 1 441
8154 18224 8774856 1 424
8150 18224 8774866 1 407
8147 18224 8774876 1 374
8144 18224 8774886 1 340
8140 18226 8774896 1 324
8137 18227 8774906 1 308
8134 18229 8774916 1 275
8131 18232 8774926 1 243
8128 18235 8774936 1 227
8126 18237 8774946 1 223
8125 18239 8774956 1 212
8121 18243 8774966 1 182
8119 18247 8774976 1 151
8116 18252 8774986 1 142
8113 18258 8774996 1 122
8111 18263 8775006 1 68
8108 18269 8775016 1 42
8107 18274 8775026 1 32
8106 18280 8775036 1 19
8105 18285 8775046 0 0
8105 18290 8775056 0 0
8106 18295 8775066 0 0
8108 18299 8775076 0 0
8110 18303 8775086 0 0
8114 18307 8775096 0 0
8118 18310 8775106 0 0
8122 18313 8775116 0 0
8124 18314 8775126 0 0
8127 18315 8775136 0 0
8132 18317 8775146 0 0
8137 18319 8775156 0 0
8141 18321 8775166 0 0
8144 18323 8775176 0 0
8147 18324 8775186 0 0
8149 18325 8775196 0 0
8150 18325 8775206 0 0
8151 18326 8775216 0 0
8151 18327 8775226 0 0
8151 18328 8775236 0 0
8152 18328 8775246 0 0
8152 18329 8775256 0 0
8152 18330 8775266 0 0
8152 18331 8775276 0 0
8152 18331 8775286 0 0
8152 18332 8775296 0 0
8152 18333 8775306 0 0
8152 18333 8775316 0 0
8152 18334 8775326 0 0
8151 18335 8775336 0 0
8150 18335 8775346 0 0
8149 18336 8775356 0 0
8148 18337 8775366 0 0
8148 18337 8775376 0 0
8148 18337 8775386 0 0
8149 18337 8775396 1 29
8150 18337 8775406 1 45
8151 18338 8775416 1 62
8154 18338 8775426 1 97
8158 18338 8775436 1 134
8162 18338 8775446 1 153
8167 18339 8775456 1 173
8173 18339 8775466 1 213
8180 18339 8775476 1 252
8183 18339 8775486 1 267
8187 18338 8775496 1 273
8194 18338 8775506 1 293
8202 18337 8775516 1 333
8209 18337 8775526 1 372
8217 18336 8775536 1 392
8226 18336 8775546 1 412
8233 18335 8775556 1 449
8241 18334 8775566 1 484
8247 18332 8775576 1 502
8253 18330 8775586 1 518
8257 18328 8775596 1 548
8260 18325 8775606 1 577
8263 18323 8775616 1 590
8264 18320 8775626 1 604
8265 18317 8775636 1 631
8265 18315 8775646 1 657
8264 18312 8775656 1 670
8263 18311 8775666 1 674
8263 18310 8775676 1 683
8261 18308 8775686 1 706
8259 18305 8775696 1 728
8256 18303 8775706 1 740
8253 18301 8775716 1 750
8250 18300 8775726 1 770
8246 18298 8775736 1 789
8242 18296 8775746 1 798
8238 18295 8775756 1 806
8234 18294 8775766 1 821
8229 18292 8775776 1 835
8224 18291 8775786 1 841
8218 18290 8775796 1 846
8213 18289 8775806 1 856
8207 18288 8775816 1 864
8201 18287 8775826 1 867
8196 18286 8775836 1 869
8193 18286 8775846 1 871
8191 18285 8775856 1 873
8186 18285 8775866 1 874
8182 18284 8775876 1 873
8178 18284 8775886 1 872
8175 18284 8775896 1 868
8173 18284 8775906 1 861
8171 18285 8775916 1 857
8170 18286 8775926 1 853
8169 18286 8775936 1 840
8169 18288 8775946 1 807
8170 18289 8775956 1 794
8171 18290 8775966 1 786
8172 18291 8775976 1 762
8173 18292 8775986 1 736
8174 18293 8775996 1 722
8175 18293 8776006 1 707
8176 18294 8776016 1 676
8176 18294 8776026 1 656
8177 18294 8776036 1 643
8177 18295 8776046 1 626
8178 18295 8776056 1 609
8178 18295 8776066 1 572
8179 18294 8776076 1 536
8179 18294 8776086 1 517
8180 18294 8776096 1 498
8180 18293 8776106 1 459
8180 18292 8776116 1 420
8180 18291 8776126 1 400
8179 18291 8776136 1 381
8179 18290 8776146 1 341
8179 18290 8776156 1 302
8179 18289 8776166 1 282
8179 18289 8776176 1 263
8178 18289 8776186 1 225
8178 18289 8776196 1 188
8177 18289 8776206 1 175
8177 18289 8776216 1 170
8177 18289 8776226 1 152
8176 18289 8776236 1 118
8176 18290 8776246 1 85
8176 18290 8776256 1 69
8177 18290 8776266 1 54
8177 18290 8776276 1 25
8178 18290 8776286 0 0
8180 18290 8776296 0 0
8182 18290 8776306 0 0
8185 18290 8776316 0 0
8187 18291 8776326 0 0
8190 18291 8776336 0 0
8193 18292 8776346 0 0
8195 18293 8776356 0 0
8197 18294 8776366 0 0
8199 18295 8776376 0 0
8200 18296 8776386 0 0
8201 18296 8776396 0 0
8201 18297 8776406 0 0
8201 18299 8776416 0 0
8200 18300 8776426 0 0
8198 18301 8776436 0 0
8195 18302 8776446 0 0
8192 18302 8776456 0 0
8189 18303 8776466 0 0
8186 18303 8776476 0 0
8183 18304 8776486 0 0
8181 18304 8776496 1 11
8179 18304 8776506 1 29
8178 18304 8776516 1 49
8178 18303 8776526 1 89
8178 18302 8776536 1 132
8179 18301 8776546 1 154
8180 18300 8776556 1 178
8181 18300 8776566 1 197
8182 18299 8776576 1 227
8184 18298 8776586 1 276
8186 18296 8776596 1 301
8189 18295 8776606 1 328
8191 18294 8776616 1 380
8194 18292 8776626 1 431
8197 18291 8776636 1 457
8200 18289 8776646 1 484
8204 18288 8776656 1 534
8207 18287 8776666 1 584
8210 18285 8776676 1 609
8213 18284 8776686 1 633
8215 18283 8776696 1 678
8217 18283 8776706 1 722
8218 18282 8776716 1 743
8218 18282 8776726 1 762
8218 18281 8776736 1 798
8218 18281 8776746 1 819
8217 18281 8776756 1 830
8216 18281 8776766 1 845
8214 18281 8776776 1 858
8213 18281 8776786 1 880
8212 18282 8776796 1 898
8211 18282 8776806 1 906
8212 18283 8776816 1 911
8212 18283 8776826 1 920
8213 18284 8776836 1 926
8214 18285 8776846 1 929
8215 18286 8776856 1 930
8216 18286 8776866 1 930
8218 18287 8776876 1 927
8219 18288 8776886 1 923
8220 18289 8776896 1 917
8222 18289 8776906 1 911
8223 18290 8776916 1 903
8224 18291 8776926 1 900
8225 18291 8776936 1 898
8228 18292 8776946 1 894
8231 18292 8776956 1 886
8234 18293 8776966 1 878
8238 18293 8776976 1 873
8243 18293 8776986 1 870
8247 18293 8776996 1 864
8251 18293 8777006 1 859
8255 18292 8777016 1 856
8259 18292 8777026 1 854
8262 18291 8777036 1 850
8265 18290 8777046 1 847
8266 18289 8777056 1 846
8267 18288 8777066 1 845
8268 18286 8777076 1 845
8267 18285 8777086 1 843
8266 18284 8777096 1 843
8266 18283 8777106 1 844
8265 18283 8777116 1 844
8264 18282 8777126 1 845
8263 18280 8777136 1 846
8261 18280 8777146 1 846
8260 18279 8777156 1 847
8259 18278 8777166 1 849
8258 18277 8777176 1 852
8257 18276 8777186 1 854
8256 18275 8777196 1 855
8255 18274 8777206 1 858
8253 18273 8777216 1 861
8251 18273 8777226 1 863
8250 18272 8777236 1 865
8248 18271 8777246 1 869
8247 18271 8777256 1 873
8245 18271 8777266 1 875
8243 18271 8777276 1 876
8242 18271 8777286 1 878
8241 18271 8777296 1 880
8239 18271 8777306 1 884
8237 18272 8777316 1 886
8234 18273 8777326 1 888
8232 18274 8777336 1 891
8230 18275 8777346 1 895
8228 18276 8777356 1 897
8226 18277 8777366 1 899
8225 18279 8777376 1 901
8224 18280 8777386 1 905
8223 18282 8777396 1 907
8223 18283 8777406 1 908
8223 18285 8777416 1 910
8223 18286 8777426 1 912
8223 18287 8777436 1 913
8223 18289 8777446 1 915
8223 18290 8777456 1 916
8224 18291 8777466 1 917
8224 18292 8777476 1 918
8225 18294 8777486 1 919
8226 18295 8777496 1 919
8228 18297 8777506 1 921
8230 18299 8777516 1 922
8232 18300 8777526 1 922
8234 18302 8777536 1 923
8237 18303 8777546 1 924
8240 18304 8777556 1 925
8243 18304 8777566 1 926
8246 18305 8777576 1 926
8249 18305 8777586 1 926
8252 18305 8777596 1 926
8255 18305 8777606 1 926
8257 18305 8777616 1 926
8260 18305 8777626 1 926
8262 18305 8777636 1 924
8263 18305 8777646 1 923
8263 18305 8777656 1 923
8265 18304 8777666 1 922
8266 18304 8777676 1 921
8267 18303 8777686 1 919
8267 18303 8777696 1 918
8267 18302 8777706 1 917
8268 18302 8777716 1 914
8267 18301 8777726 1 910
8266 18301 8777736 1 908
8265 18301 8777746 1 906
8264 18301 8777756 1 903
8262 18301 8777766 1 900
8262 18301 8777776 1 898
8261 18301 8777786 1 896
8260 18302 8777796 1 894
8259 18302 8777806 1 891
8258 18303 8777816 1 890
8257 18304 8777826 1 889
8256 18304 8777836 1 888
8255 18305 8777846 1 885
8253 18307 8777856 1 886
8252 18308 8777866 1 886
8250 18309 8777876 1 887
8248 18310 8777886 1 890
8246 18311 8777896 1 893
8245 18312 8777906 1 895
8244 18313 8777916 1 898
8243 18314 8777926 1 904
8243 18315 8777936 1 912
8243 18315 8777946 1 916
8244 18315 8777956 1 922
8244 18315 8777966 1 932
8244 18315 8777976 1 946
8244 18314 8777986 1 953
8244 18314 8777996 1 961
8244 18313 8778006 1 967
8245 18313 8778016 1 978
8246 18312 8778026 1 998
8247 18311 8778036 1 1006
8249 18309 8778046 1 1017
8250 18308 8778056 1 1024
8252 18307 8778066 1 1024
8255 18306 8778076 1 1024
8257 18305 8778086 1 1024
8259 18304 8778096 1 1024
8262 18303 8778106 1 1024
8265 18303 8778116 1 1024
8269 18303 8778126 1 1024
8272 18302 8778136 1 1024
8276 18302 8778146 1 1024
8280 18303 8778156 1 1024
8283 18303 8778166 1 1024
8286 18303 8778176 1 1024
8287 18303 8778186 1 1024
8288 18303 8778196 1 1024
8290 18303 8778206 1 1024
8291 18304 8778216 1 1024
8292 18304 8778226 1 1024
8293 18305 8778236 1 1024
8293 18306 8778246 1 1024
8294 18307 8778256 1 1024
8294 18308 8778266 1 1024
8295 18309 8778276 1 1024
8295 18311 8778286 1 1024
8295 18312 8778296 1 1024
8295 18314 8778306 1 1024
8294 18316 8778316 1 1024
8294 18318 8778326 1 1024
8293 18320 8778336 1 1024
8292 18321 8778346 1 1024
8292 18323 8778356 1 984
8292 18324 8778366 1 962
8292 18325 8778376 1 956
8293 18326 8778386 1 927
8294 18327 8778396 1 862
8295 18329 8778406 1 792
8297 18330 8778416 1 756
8299 18332 8778426 1 718
8299 18333 8778436 1 639
8299 18335 8778446 1 558
8298 18336 8778456 1 517
8297 18337 8778466 1 476
8295 18338 8778476 1 393
8293 18339 8778486 1 310
8290 18340 8778496 1 269
8287 18340 8778506 1 229
8284 18340 8778516 1 150
8280 18340 8778526 1 74
8275 18340 8778536 1 38
8272 18340 8778546 1 29
8270 18340 8778556 1 3
8265 18340 8778566 0 0
8259 18339 8778576 0 0
8254 18338 8778586 0 0
8248 18336 8778596 0 0
8244 18334 8778606 0 0
8239 18332 8778616 0 0
8235 18330 8778626 0 0
8232 18328 8778636 0 0
8229 18326 8778646 0 0
8228 18323 8778656 0 0
8227 18321 8778666 0 0
8227 18319 8778676 0 0
8229 18316 8778686 0 0
8231 18314 8778696 0 0
8233 18311 8778706 0 0
8236 18309 8778716 0 0
8238 18308 8778726 0 0
8239 18306 8778736 0 0
8243 18304 8778746 1 15
8247 18302 8778756 1 77
8250 18299 8778766 1 129
8254 18297 8778776 1 265
8259 18295 8778786 1 601
8263 18294 8778796 1 724
8267 18292 8778806 1 805
8271 18290 8778816 1 1024
8275 18289 8778826 1 1024
8279 18288 8778836 1 1024
8283 18287 8778846 1 1024
8286 18287 8778856 1 1024
8289 18287 8778866 1 1024
8292 18286 8778876 1 1024
8294 18287 8778886 1 1024
8296 18287 8778896 1 1024
8297 18287 8778906 1 1024
8297 18287 8778916 1 1024
8298 18288 8778926 1 1024
8298 18288 8778936 1 1024
8298 18289 8778946 1 1024
8297 18290 8778956 1 1024
8296 18291 8778966 1 1024
8294 18292 8778976 1 1024
8292 18293 8778986 1 1024
8289 18294 8778996 1 1024
8286 18295 8779006 1 1024
8282 18296 8779016 1 1024
8278 18297 8779026 0 0
8275 18298 8779036 0 0
8271 18299 8779046 0 0
8268 18300 8779056 0 0
8266 18300 8779066 0 0
8264 18301 8779076 0 0
8263 18302 8779086 0 0
8262 18302 8779096 0 0
8260 18302 8779106 0 0
8259 18303 8779116 0 0
8258 18304 8779126 0 0
8258 18304 8779136 0 0
8259 18305 8779146 0 0
8261 18306 8779156 0 0
8262 18307 8779166 0 0
8265 18307 8779176 0 0
8268 18308 8779186 0 0
8272 18308 8779196 0 0
8276 18309 8779206 1 37
8281 18309 8779216 1 89
8286 18308 8779226 1 149
8291 18308 8779236 1 214
8296 18307 8779246 1 280
8300 18306 8779256 1 347
8302 18306 8779266 1 381
8304 18305 8779276 1 413
8308 18304 8779286 1 476
8312 18303 8779296 1 534
8316 18302 8779306 1 584
8319 18301 8779316 1 626
8322 18300 8779326 1 658
8324 18299 8779336 1 678
8326 18299 8779346 1 682
8327 18298 8779356 1 671
8328 18297 8779366 1 642
8329 18296 8779376 1 592
8329 18295 8779386 1 521
8330 18294 8779396 1 431
8330 18293 8779406 1 343
8330 18293 8779416 1 256
8329 18292 8779426 1 172
8328 18291 8779436 1 95
8328 18291 8779446 1 56
8327 18291 8779456 1 23
8325 18290 8779466 0 0
8323 18290 8779476 0 0
8322 18290 8779486 0 0
8320 18290 8779496 0 0
8319 18289 8779506 0 0
8318 18289 8779516 0 0
8318 18289 8779526 0 0
8318 18289 8779536 0 0
8318 18288 8779546 0 0
8318 18288 8779556 0 0
8319 18288 8779566 0 0
8320 18287 8779576 0 0
8320 18286 8779586 0 0
8320 18286 8779596 1 11
8320 18285 8779606 1 64
8320 18284 8779616 1 121
8320 18283 8779626 1 151
8320 18283 8779636 1 182
8319 18282 8779646 1 245
8318 18281 8779656 1 311
8316 18280 8779666 1 379
8315 18279 8779676 1 449
8314 18279 8779686 1 520
8312 18278 8779696 1 589
8311 18278 8779706 1 660
8311 18277 8779716 1 730
8310 18277 8779726 1 799
8310 18276 8779736 1 867
8311 18276 8779746 1 931
8311 18276 8779756 1 994
8312 18276 8779766 1 1024
8313 18275 8779776 1 1024
8314 18275 8779786 1 1024
8316 18275 8779796 1 1024
8316 18275 8779806 1 1024
8317 18275 8779816 1 1024
8319 18275 8779826 1 1024
8320 18275 8779836 1 1024
8321 18275 8779846 1 1024
8322 18275 8779856 1 1024
8323 18275 8779866 1 1024
8323 18275 8779876 1 1024
8323 18275 8779886 1 1024
8322 18276 8779896 1 1024
8322 18276 8779906 1 1024
8321 18276 8779916 1 1024
8320 18275 8779926 1 1024
8319 18275 8779936 1 1024
8319 18275 8779946 1 1024
8320 18275 8779956 1 1024
8321 18275 8779966 1 1024
8322 18275 8779976 1 1024
8323 18275 8779986 1 1024
8324 18275 8779996 1 1024
8326 18275 8780006 1 1024
8328 18275 8780016 1 1024
8329 18275 8780026 1 1024
8329 18275 8780036 1 1024
8329 18275 8780046 1 1024
8328 18275 8780056 1 1024
8327 18275 8780066 1 1024
8326 18275 8780076 1 1024
8324 18275 8780086 1 1024
8321 18275 8780096 1 1024
8319 18275 8780106 1 1024
8317 18275 8780116 1 1024
8315 18275 8780126 1 1024
8314 18275 8780136 1 1024
8313 18275 8780146 1 1024
8312 18275 8780156 1 1024
8312 18275 8780166 1 1024
8311 18275 8780176 1 1024
8310 18276 8780186 1 1024
8308 18276 8780196 1 1024
8307 18277 8780206 1 1024
8305 18278 8780216 1 1024
8303 18279 8780226 1 1024
8301 18280 8780236 1 1024
8299 18281 8780246 1 1024
8298 18281 8780256 1 1024
8297 18282 8780266 1 1024
8296 18283 8780276 1 1024
8296 18283 8780286 1 1024
8296 18283 8780296 1 1024
8297 18283 8780306 1 1024
8298 18283 8780316 1 1024
8300 18283 8780326 1 1024
8302 18283 8780336 1 1024
8304 18282 8780346 1 1024
8305 18282 8780356 1 1024
8309 18281 8780366 1 1024
8313 18280 8780376 1 1024
8318 18279 8780386 1 1024
8322 18279 8780396 1 1024
8326 18278 8780406 1 1024
8330 18277 8780416 1 1024
8333 18276 8780426 1 1024
8336 18276 8780436 1 1024
8338 18276 8780446 1 1024
8340 18276 8780456 1 1024
8341 18276 8780466 1 1024
8342 18276 8780476 1 1024
8342 18276 8780486 1 1024
8341 18277 8780496 1 1024
8340 18277 8780506 1 1024
8339 18277 8780516 1 1024
8338 18277 8780526 1 1024
8337 18278 8780536 1 1024
8337 18278 8780546 1 1024
8336 18278 8780556 1 1024
8335 18278 8780566 1 1024
8334 18278 8780576 1 1024
8333 18277 8780586 1 1024
8332 18277 8780596 1 1024
8331 18276 8780606 1 1024
8329 18275 8780616 1 1024
8327 18274 8780626 1 1024
8325 18273 8780636 1 1024
8323 18272 8780646 1 1024
8321 18272 8780656 1 1024
8318 18271 8780666 1 1024
8316 18270 8780676 1 1024
8314 18269 8780686 1 1024
8312 18269 8780696 1 1024
8311 18269 8780706 1 1024
8309 18269 8780716 1 1024
8309 18269 8780726 1 1024
8308 18270 8780736 1 1024
8308 18270 8780746 1 1024
8308 18271 8780756 1 1024
8310 18272 8780766 1 1024
8311 18272 8780776 1 1024
8313 18273 8780786 1 1024
8316 18273 8780796 1 1024
8319 18274 8780806 1 1024
8322 18274 8780816 1 1024
8325 18275 8780826 1 1024
8328 18275 8780836 1 1024
8331 18276 8780846 1 1024
8334 18276 8780856 1 1024
8338 18276 8780866 1 1024
8341 18276 8780876 1 1024
8344 18276 8780886 1 1024
8347 18275 8780896 1 1024
8350 18275 8780906 1 1024
8353 18274 8780916 1 1024
8357 18274 8780926 1 1024
8360 18273 8780936 1 1024
8363 18273 8780946 1 1024
8365 18272 8780956 1 1024
8366 18271 8780966 1 1024
8366 18271 8780976 1 1024
