7730 18237 2809806 1 741
7730 18237 2809816 1 537
7730 18237 2809826 1 376
7730 18237 2809836 1 304
7730 18237 2809846 1 251
7729 18238 2809856 1 158
7728 18237 2809866 1 92
7727 18237 2809876 1 66
7721 18233 2809886 1 24
7718 18230 2809896 1 11
7714 18227 2809906 1 8
7711 18224 2809916 1 8
7709 18222 2809926 1 8
7707 18219 2809936 1 8
7706 18217 2809946 1 8
7705 18215 2809956 1 8
7705 18213 2809966 1 8
7706 18212 2809976 1 8
7707 18211 2809986 1 8
7709 18210 2809996 1 8
7711 18210 2810006 1 8
7714 18210 2810016 1 7
7717 18210 2810026 1 8
7720 18210 2810036 1 17
7728 18212 2810046 1 46
7732 18213 2810056 1 63
7737 18215 2810066 1 97
7741 18217 2810076 1 139
7745 18219 2810086 1 161
7749 18222 2810096 1 187
7752 18225 2810106 1 239
7756 18228 2810116 1 294
7763 18234 2810126 1 351
7766 18237 2810136 1 411
7769 18240 2810146 1 470
7772 18243 2810156 1 500
7774 18245 2810166 1 528
7777 18247 2810176 1 583
7778 18249 2810186 1 636
7780 18251 2810196 1 662
7782 18253 2810206 1 728
7782 18253 2810216 1 765
7782 18253 2810226 1 782
7782 18253 2810236 1 794
7780 18252 2810246 1 814
7779 18250 2810256 1 824
7777 18248 2810266 1 827
7775 18246 2810276 1 824
7770 18242 2810286 1 802
7768 18239 2810296 1 796
7764 18236 2810306 1 789
7761 18232 2810316 1 773
7757 18229 2810326 1 757
7753 18225 2810336 1 748
7749 18221 2810346 1 738
7745 18217 2810356 1 718
7735 18209 2810366 1 687
7730 18204 2810376 1 676
7725 18199 2810386 1 653
7719 18193 2810396 1 628
7714 18188 2810406 1 615
7709 18184 2810416 1 603
7705 18180 2810426 1 578
7700 18177 2810436 1 551
7693 18171 2810446 1 524
7689 18169 2810456 1 498
7685 18167 2810466 1 471
7682 18166 2810476 1 457
7679 18165 2810486 1 443
7675 18164 2810496 1 415
7672 18164 2810506 1 387
7669 18165 2810516 1 374
7662 18168 2810526 1 332
7659 18170 2810536 1 305
7656 18172 2810546 1 292
7652 18175 2810556 1 280
7649 18178 2810566 1 254
7646 18182 2810576 1 228
7642 18186 2810586 1 221
7639 18190 2810596 1 203
7635 18200 2810606 1 136
7634 18205 2810616 1 127
7634 18210 2810626 1 116
7634 18214 2810636 1 97
7635 18219 2810646 1 80
7637 18224 2810656 1 71
7640 18228 2810666 1 63
7643 18232 2810676 1 49
7650 18239 2810686 1 30
7654 18243 2810696 1 26
7657 18246 2810706 1 17
7661 18248 2810716 1 6
7665 18251 2810726 1 4
7668 18253 2810736 1 6
7672 18255 2810746 1 6
7675 18256 2810756 1 5
7681 18259 2810766 1 6
7683 18260 2810776 1 6
7685 18260 2810786 1 6
7687 18261 2810796 1 6
7688 18261 2810806 1 6
7690 18262 2810816 1 6
7691 18263 2810826 1 6
7691 18263 2810836 1 6
7692 18264 2810846 1 5
7692 18264 2810856 1 10
7691 18265 2810866 1 13
7691 18265 2810876 1 18
7690 18265 2810886 1 30
7690 18266 2810896 1 46
7689 18266 2810906 1 55
7689 18267 2810916 1 66
7689 18267 2810926 1 113
7690 18268 2810936 1 126
7692 18269 2810946 1 141
7694 18269 2810956 1 171
7697 18270 2810966 1 202
7700 18270 2810976 1 218
7704 18271 2810986 1 235
7709 18271 2810996 1 268
7718 18270 2811006 1 320
7722 18270 2811016 1 337
7726 18269 2811026 1 371
7730 18268 2811036 1 405
7733 18267 2811046 1 422
7736 18266 2811056 1 439
7739 18265 2811066 1 471
7742 18263 2811076 1 502
7746 18260 2811086 1 530
7748 18259 2811096 1 557
7750 18257 2811106 1 582
7751 18255 2811116 1 594
7753 18253 2811126 1 605
7754 18251 2811136 1 629
7755 18249 2811146 1 651
7755 18247 2811156 1 663
7755 18243 2811166 1 694
7754 18241 2811176 1 714
7752 18239 2811186 1 724
7750 18237 2811196 1 733
7748 18235 2811206 1 751
7745 18233 2811216 1 767
7742 18231 2811226 1 775
7738 18229 2811236 1 782
7730 18227 2811246 1 808
7726 18226 2811256 1 813
7722 18225 2811266 1 818
7717 18224 2811276 1 827
7713 18224 2811286 1 834
7709 18223 2811296 1 837
7705 18223 2811306 1 839
7702 18222 2811316 1 842
7698 18222 2811326 1 843
7697 18222 2811336 1 842
7697 18222 2811346 1 839
7697 18222 2811356 1 833
7698 18222 2811366 1 829
7699 18222 2811376 1 826
7701 18223 2811386 1 815
7703 18223 2811396 1 786
7706 18224 2811406 1 768
7708 18225 2811416 1 746
7710 18226 2811426 1 723
7711 18226 2811436 1 710
7712 18227 2811446 1 697
7713 18227 2811456 1 670
7714 18227 2811466 1 640
7715 18228 2811476 1 625
7716 18228 2811486 1 577
7716 18228 2811496 1 544
7715 18228 2811506 1 527
7715 18227 2811516 1 510
7715 18227 2811526 1 475
7715 18227 2811536 1 439
7714 18227 2811546 1 421
7714 18226 2811556 1 404
7714 18226 2811566 1 333
7714 18226 2811576 1 315
7714 18225 2811586 1 297
7714 18225 2811596 1 262
7714 18225 2811606 1 229
7714 18225 2811616 1 212
7715 18225 2811626 1 196
7715 18225 2811636 1 164
7716 18225 2811646 1 119
7717 18225 2811656 1 105
7717 18225 2811666 1 78
7718 18225 2811676 1 53
7719 18226 2811686 1 41
7720 18226 2811696 1 29
7721 18227 2811706 1 9
7723 18228 2811716 1 4
7725 18231 2811726 1 4
7726 18232 2811736 1 3
7727 18233 2811746 1 3
7727 18234 2811756 1 4
7728 18235 2811766 1 4
7728 18237 2811776 1 4
7728 18238 2811786 1 4
7727 18238 2811796 1 4
7727 18239 2811806 1 4
7727 18240 2811816 0 0
7726 18240 2811826 0 0
7726 18239 2811836 0 0
7726 18239 2811846 0 0
7725 18239 2811856 0 0
7725 18238 2811866 0 0
7726 18237 2811876 0 0
7726 18235 2811886 0 0
7727 18234 2811896 0 0
7727 18233 2811906 0 0
7727 18232 2811916 0 0
7728 18231 2811926 0 0
7728 18229 2811936 0 0
7728 18228 2811946 1 8
7728 18227 2811956 1 27
7728 18224 2811966 1 56
7728 18223 2811976 1 92
7728 18222 2811986 1 136
7728 18221 2811996 1 185
7728 18220 2812006 1 239
7728 18219 2812016 1 298
7728 18218 2812026 1 359
7729 18218 2812036 1 421
7730 18217 2812046 1 485
7731 18216 2812056 1 547
7732 18216 2812066 1 609
7733 18216 2812076 1 667
7734 18216 2812086 1 722
7735 18216 2812096 1 772
7735 18216 2812106 1 816
7736 18217 2812116 1 854
7737 18218 2812126 1 883
7738 18218 2812136 1 903
7738 18219 2812146 1 913
7739 18220 2812156 1 914
7740 18221 2812166 1 914
7741 18221 2812176 1 912
7742 18222 2812186 1 908
7744 18223 2812196 1 903
7747 18225 2812206 1 890
7749 18226 2812216 1 885
7751 18226 2812226 1 882
7753 18227 2812236 1 874
7755 18228 2812246 1 866
7757 18228 2812256 1 862
7759 18229 2812266 1 859
7762 18229 2812276 1 854
7767 18228 2812286 1 847
7769 18228 2812296 1 845
7771 18227 2812306 1 841
7773 18226 2812316 1 839
7775 18225 2812326 1 838
7776 18224 2812336 1 837
7777 18223 2812346 1 837
7778 18222 2812356 1 836
7779 18219 2812366 1 837
7779 18218 2812376 1 838
7779 18217 2812386 1 839
7779 18216 2812396 1 839
7778 18215 2812406 1 841
7778 18213 2812416 1 843
7778 18212 2812426 1 846
7778 18211 2812436 1 847
7777 18208 2812446 1 851
7776 18207 2812456 1 855
7775 18206 2812466 1 857
7774 18205 2812476 1 859
7773 18204 2812486 1 863
7772 18204 2812496 1 867
7771 18203 2812506 1 869
7770 18203 2812516 1 871
7767 18203 2812526 1 879
7765 18204 2812536 1 881
7764 18205 2812546 1 883
7763 18205 2812556 1 887
7761 18206 2812566 1 891
7760 18208 2812576 1 893
7760 18209 2812586 1 895
7759 18210 2812596 1 898
7758 18213 2812606 1 904
7758 18215 2812616 1 905
7758 18216 2812626 1 908
7758 18218 2812636 1 910
7758 18220 2812646 1 911
7759 18221 2812656 1 913
7759 18223 2812666 1 915
7760 18225 2812676 1 917
7762 18229 2812686 1 919
7763 18230 2812696 1 921
7764 18232 2812706 1 922
7766 18233 2812716 1 922
7768 18234 2812726 1 923
7770 18235 2812736 1 924
7772 18236 2812746 1 925
7774 18237 2812756 1 925
7779 18238 2812766 1 925
7781 18238 2812776 1 924
7784 18238 2812786 1 924
7786 18238 2812796 1 924
7787 18238 2812806 1 923
7789 18238 2812816 1 921
7791 18238 2812826 1 920
7792 18238 2812836 1 919
7794 18238 2812846 1 915
7794 18238 2812856 1 914
7794 18238 2812866 1 912
7794 18237 2812876 1 909
7793 18237 2812886 1 905
7793 18237 2812896 1 903
7792 18237 2812906 1 901
7790 18237 2812916 1 897
7787 18236 2812926 1 892
7786 18236 2812936 1 890
7784 18236 2812946 1 887
7782 18236 2812956 1 885
7781 18236 2812966 1 883
7779 18236 2812976 1 882
7777 18236 2812986 1 879
7776 18237 2812996 1 879
7773 18238 2813006 1 880
7771 18238 2813016 1 882
7770 18239 2813026 1 885
7768 18239 2813036 1 886
7767 18240 2813046 1 889
7765 18241 2813056 1 895
7763 18241 2813066 1 902
7762 18242 2813076 1 906
7760 18243 2813086 1 921
7760 18243 2813096 1 934
7759 18243 2813106 1 941
7759 18244 2813116 1 949
7760 18244 2813126 1 965
7760 18244 2813136 1 983
7761 18244 2813146 1 991
7761 18244 2813156 1 1001
7764 18244 2813166 1 1024
7765 18244 2813176 1 1024
7766 18244 2813186 1 1024
7768 18244 2813196 1 1024
7769 18244 2813206 1 1024
7771 18244 2813216 1 1024
7772 18244 2813226 1 1024
7773 18243 2813236 1 1024
7776 18243 2813246 1 1024
7777 18242 2813256 1 1024
7778 18242 2813266 1 1024
7779 18242 2813276 1 1024
7780 18241 2813286 1 1024
7780 18241 2813296 1 1024
7781 18241 2813306 1 1024
7782 18241 2813316 1 1024
7783 18241 2813326 1 1024
7784 18241 2813336 1 1024
7785 18241 2813346 1 1024
7786 18242 2813356 1 1024
7788 18243 2813366 1 1024
7789 18244 2813376 1 1024
7791 18245 2813386 1 1024
7793 18246 2813396 1 1024
7796 18249 2813406 1 1010
7797 18250 2813416 1 961
7799 18252 2813426 1 934
7801 18254 2813436 1 907
7802 18255 2813446 1 846
7803 18257 2813456 1 780
7805 18258 2813466 1 746
7806 18260 2813476 1 711
7807 18263 2813486 1 562
7808 18265 2813496 1 524
7808 18266 2813506 1 486
7808 18268 2813516 1 409
7808 18268 2813526 1 332
7807 18269 2813536 1 294
7807 18270 2813546 1 257
7806 18270 2813556 1 184
7803 18270 2813566 1 81
7801 18270 2813576 0 0
7798 18270 2813586 0 0
7795 18269 2813596 0 0
7792 18269 2813606 0 0
7789 18267 2813616 0 0
7786 18266 2813626 0 0
7783 18264 2813636 0 0
7778 18260 2813646 0 0
7776 18258 2813656 0 0
7773 18256 2813666 0 0
7772 18254 2813676 0 0
7770 18251 2813686 0 0
7768 18249 2813696 1 9
7767 18246 2813706 1 31
7766 18244 2813716 0 0
7766 18239 2813726 0 0
7766 18237 2813736 0 0
7766 18234 2813746 0 0
7766 18232 2813756 0 0
7767 18230 2813766 0 0
7768 18228 2813776 0 0
7769 18226 2813786 0 0
7770 18224 2813796 0 0
7773 18221 2813806 0 0
7775 18220 2813816 0 0
7777 18219 2813826 0 0
7780 18218 2813836 1 9
7782 18217 2813846 1 28
7784 18217 2813856 1 57
7786 18217 2813866 1 92
7788 18217 2813876 1 133
7791 18217 2813886 1 177
7792 18218 2813896 1 223
7793 18218 2813906 1 269
7794 18219 2813916 1 313
7795 18220 2813926 1 355
7796 18221 2813936 1 391
7796 18222 2813946 1 420
7796 18223 2813956 1 441
7796 18225 2813966 0 0
7795 18226 2813976 0 0
7794 18227 2813986 0 0
7793 18228 2813996 0 0
7792 18229 2814006 0 0
7790 18230 2814016 0 0
7789 18231 2814026 0 0
7787 18231 2814036 0 0
7785 18232 2814046 0 0
7784 18232 2814056 0 0
7783 18233 2814066 0 0
7782 18233 2814076 0 0
7782 18233 2814086 1 9
7781 18233 2814096 1 29
7781 18233 2814106 1 59
7782 18233 2814116 1 96
7783 18232 2814126 1 140
7784 18232 2814136 1 188
7785 18231 2814146 1 240
7786 18231 2814156 1 294
7788 18230 2814166 1 347
7790 18230 2814176 1 400
7793 18229 2814186 1 449
7796 18228 2814196 1 494
7801 18227 2814206 1 534
7804 18226 2814216 1 565
7807 18226 2814226 1 588
7810 18225 2814236 1 601
7813 18225 2814246 1 602
7815 18225 2814256 1 589
7818 18224 2814266 1 561
7820 18224 2814276 1 517
7824 18224 2814286 1 455
7826 18224 2814296 1 378
7828 18224 2814306 1 303
7829 18224 2814316 1 230
7830 18224 2814326 1 164
7831 18224 2814336 1 101
7832 18224 2814346 1 47
7833 18224 2814356 0 0
7834 18224 2814366 0 0
7834 18223 2814376 0 0
7835 18223 2814386 0 0
7835 18222 2814396 0 0
7835 18222 2814406 1 1
7835 18221 2814416 1 1
7834 18220 2814426 1 1
7834 18219 2814436 1 1
7832 18218 2814446 1 53
7832 18217 2814456 1 96
7831 18216 2814466 1 142
7830 18216 2814476 1 191
7829 18215 2814486 1 244
7828 18215 2814496 1 298
7827 18215 2814506 1 354
7826 18215 2814516 1 413
7824 18214 2814526 1 533
7824 18214 2814536 1 593
7823 18214 2814546 1 654
7823 18213 2814556 1 713
7824 18213 2814566 1 772
7825 18212 2814576 1 830
7826 18212 2814586 1 884
7827 18211 2814596 1 938
7829 18210 2814606 1 1022
7831 18210 2814616 1 1022
7832 18209 2814626 1 1022
7833 18209 2814636 1 1021
7833 18209 2814646 1 1021
7834 18208 2814656 1 1021
7834 18208 2814666 1 1021
7835 18208 2814676 1 1022
7836 18208 2814686 1 1022
7836 18208 2814696 1 1022
7836 18208 2814706 1 1022
7836 18208 2814716 1 1022
7836 18208 2814726 1 1022
7836 18208 2814736 1 1022
7836 18208 2814746 1 1021
7835 18209 2814756 1 1021
7835 18210 2814766 1 1021
7835 18210 2814776 1 1021
7835 18211 2814786 1 1021
7835 18211 2814796 1 1021
7835 18212 2814806 1 1021
7835 18213 2814816 1 1021
7835 18213 2814826 1 1021
7834 18214 2814836 1 1021
7834 18214 2814846 1 1021
7833 18214 2814856 1 1021
7833 18215 2814866 1 1021
7832 18215 2814876 1 1021
7832 18215 2814886 1 1021
7832 18215 2814896 1 1021
7831 18215 2814906 1 1021
7831 18215 2814916 1 1021
7830 18215 2814926 1 1021
7830 18215 2814936 1 1021
7830 18215 2814946 1 1021
7830 18214 2814956 1 1021
7830 18214 2814966 1 1020
7829 18214 2814976 1 1020
7829 18214 2814986 1 1020
7829 18214 2814996 1 1020
7829 18214 2815006 1 1020
7830 18214 2815016 1 1021
7830 18214 2815026 1 1021
7831 18214 2815036 1 1021
7831 18213 2815046 1 1021
7831 18213 2815056 1 1021
7832 18213 2815066 1 1020
7833 18212 2815076 1 1020
7834 18211 2815086 1 1020
7836 18211 2815096 1 1020
7837 18210 2815106 1 1020
7838 18210 2815116 1 1020
7839 18209 2815126 1 1020
7840 18209 2815136 1 1020
7841 18209 2815146 1 1020
7842 18209 2815156 1 1020
7843 18208 2815166 1 1019
7843 18209 2815176 1 1019
7843 18209 2815186 1 1019
7843 18209 2815196 1 1020
7842 18209 2815206 1 1020
7841 18210 2815216 1 1020
7841 18210 2815226 1 1020
7840 18210 2815236 1 1020
7839 18211 2815246 1 1020
7839 18212 2815256 1 1020
7838 18212 2815266 1 1020
7838 18212 2815276 1 1019
7837 18213 2815286 1 1019
7837 18213 2815296 1 1019
7837 18213 2815306 1 1019
7837 18213 2815316 1 1019
7837 18213 2815326 1 1019
7838 18213 2815336 1 1019
7838 18213 2815346 1 1019
7838 18213 2815356 1 1019
7838 18213 2815366 1 1020
7838 18213 2815376 1 1020
7837 18213 2815386 1 1019
7837 18213 2815396 1 1019
7835 18213 2815406 1 1019
7835 18213 2815416 1 1019
7834 18213 2815426 1 1019
7834 18213 2815436 1 1019
7834 18213 2815446 1 1019
7834 18213 2815456 1 1019
7834 18213 2815466 1 1019
7834 18213 2815476 1 1019
7834 18212 2815486 1 1018
7834 18212 2815496 1 1018
7834 18212 2815506 1 1018
7834 18212 2815516 1 1018
7834 18211 2815526 1 1018
7833 18211 2815536 1 1018
7833 18210 2815546 1 1019
7832 18210 2815556 1 1019
7831 18209 2815566 1 1019
7830 18209 2815576 1 1019
7830 18209 2815586 1 1019
7830 18209 2815596 1 1018
7829 18209 2815606 1 1018
7829 18209 2815616 1 1018
7829 18209 2815626 1 1018
7829 18209 2815636 1 1018
