8115 18438 5292052 1 697
8115 18438 5292062 1 691
8115 18438 5292072 1 689
8115 18438 5292082 1 689
8115 18438 5292092 1 690
8115 18438 5292102 1 690
8115 18438 5292112 1 691
8115 18438 5292122 1 691
8115 18438 5292132 1 691
8116 18438 5292142 1 691
8116 18437 5292152 1 692
8116 18436 5292162 1 692
8116 18433 5292172 1 693
8116 18430 5292182 1 693
8115 18428 5292192 1 693
8114 18425 5292202 1 694
8113 18420 5292212 1 694
8111 18414 5292222 1 695
8108 18407 5292232 1 696
8105 18401 5292242 1 696
8101 18396 5292252 1 696
8099 18393 5292262 1 697
8096 18391 5292272 1 697
8091 18387 5292282 1 698
8086 18384 5292292 1 698
8082 18381 5292302 1 699
8078 18379 5292312 1 699
8075 18377 5292322 1 699
8074 18377 5292332 1 700
8075 18376 5292342 1 700
8077 18376 5292352 1 701
8083 18376 5292362 1 701
8090 18378 5292372 1 702
8100 18381 5292382 1 703
8110 18384 5292392 1 704
8115 18386 5292402 1 704
8120 18388 5292412 1 705
8128 18392 5292422 1 705
8135 18395 5292432 1 706
8138 18399 5292442 1 706
8138 18402 5292452 1 707
8136 18406 5292462 1 708
8135 18407 5292472 1 708
8132 18409 5292482 1 709
8126 18412 5292492 1 709
8120 18415 5292502 1 709
8113 18419 5292512 1 710
8106 18423 5292522 1 711
8101 18427 5292532 1 712
8098 18430 5292542 1 712
8096 18432 5292552 1 712
8092 18438 5292562 1 714
8090 18444 5292572 1 714
8088 18450 5292582 1 715
8087 18457 5292592 1 715
8088 18464 5292602 1 716
8088 18468 5292612 1 716
8089 18471 5292622 1 716
8090 18478 5292632 1 717
8091 18484 5292642 1 717
8091 18489 5292652 1 718
8090 18494 5292662 1 718
8087 18498 5292672 1 719
8085 18499 5292682 1 719
8082 18500 5292692 1 719
8076 18500 5292702 1 720
8069 18498 5292712 1 720
8061 18495 5292722 1 721
8053 18491 5292732 1 722
8045 18485 5292742 1 722
8040 18482 5292752 1 722
8037 18479 5292762 1 722
8031 18472 5292772 1 723
8026 18465 5292782 1 723
8023 18459 5292792 1 724
8022 18453 5292802 1 724
8022 18448 5292812 1 725
8022 18445 5292822 1 725
8024 18443 5292832 1 725
8028 18439 5292842 1 726
8033 18435 5292852 1 727
8039 18433 5292862 1 728
8045 18432 5292872 1 729
8051 18433 5292882 1 730
8054 18433 5292892 1 731
8057 18434 5292902 1 733
8062 18436 5292912 1 734
8066 18439 5292922 1 736
8070 18443 5292932 1 738
8074 18446 5292942 1 740
8078 18450 5292952 1 741
8080 18452 5292962 1 742
8082 18454 5292972 1 742
8085 18457 5292982 1 744
8090 18461 5292992 1 745
8093 18464 5293002 1 746
8097 18466 5293012 1 746
8100 18468 5293022 1 746
8102 18468 5293032 1 746
8103 18469 5293042 1 746
8105 18469 5293052 1 745
8107 18468 5293062 1 741
8108 18467 5293072 1 739
8109 18465 5293082 1 735
8111 18462 5293092 1 731
8112 18461 5293102 1 729
8113 18460 5293112 1 727
8116 18457 5293122 1 724
8119 18454 5293132 1 719
8124 18452 5293142 1 714
8129 18450 5293152 1 712
8134 18449 5293162 1 710
8137 18448 5293172 1 708
8140 18448 5293182 1 706
8146 18448 5293192 1 702
8152 18448 5293202 1 699
8157 18449 5293212 1 696
8162 18451 5293222 1 694
8166 18452 5293232 1 691
8167 18453 5293242 1 691
8169 18453 5293252 1 692
8170 18455 5293262 1 693
8171 18455 5293272 1 695
8170 18454 5293282 1 698
8168 18453 5293292 1 703
8165 18450 5293302 1 710
8163 18449 5293312 1 713
8160 18447 5293322 1 717
8154 18444 5293332 1 727
8148 18440 5293342 1 738
8141 18437 5293352 1 751
8134 18434 5293362 1 766
8128 18433 5293372 1 783
8125 18432 5293382 1 788
8123 18432 5293392 1 803
8119 18432 5293402 1 843
8117 18433 5293412 1 864
8116 18434 5293422 1 885
8117 18436 5293432 1 905
8118 18438 5293442 1 923
8120 18440 5293452 1 933
8121 18441 5293462 1 941
8124 18443 5293472 1 955
8127 18445 5293482 1 968
8129 18447 5293492 1 977
8131 18449 5293502 1 980
8131 18451 5293512 1 980
8131 18452 5293522 1 982
8131 18453 5293532 1 981
8128 18455 5293542 1 973
8125 18457 5293552 1 960
8120 18459 5293562 1 912
8115 18461 5293572 1 879
8108 18462 5293582 1 836
8105 18463 5293592 1 814
8102 18464 5293602 1 787
8096 18464 5293612 1 728
8091 18465 5293622 1 663
8087 18464 5293632 1 592
8085 18463 5293642 1 518
8085 18462 5293652 1 440
8085 18461 5293662 1 400
8086 18460 5293672 1 362
8089 18458 5293682 1 285
8092 18456 5293692 1 210
8095 18454 5293702 1 170
8098 18452 5293712 1 138
8099 18452 5293722 1 91
8100 18451 5293732 1 81
8099 18451 5293742 1 89
8098 18452 5293752 1 87
8094 18453 5293762 1 86
8089 18454 5293772 1 84
8084 18456 5293782 1 82
8079 18458 5293792 1 80
8077 18460 5293802 1 81
8075 18461 5293812 1 78
8072 18463 5293822 1 76
8070 18464 5293832 1 125
8070 18465 5293842 1 230
8071 18465 5293852 1 345
8073 18464 5293862 1 468
8075 18464 5293872 1 536
8076 18463 5293882 1 590
8079 18460 5293892 1 708
8082 18457 5293902 1 902
8084 18454 5293912 1 975
8085 18450 5293922 1 1003
8086 18447 5293932 1 1004
8086 18445 5293942 1 1003
8086 18443 5293952 1 1005
8086 18441 5293962 1 1005
8085 18439 5293972 1 1006
8085 18437 5293982 1 1006
8085 18437 5293992 1 1007
8085 18436 5294002 1 1008
8085 18436 5294012 1 1008
8086 18436 5294022 1 1008
8087 18437 5294032 1 1009
8089 18437 5294042 1 1010
8092 18438 5294052 1 998
8096 18438 5294062 1 927
8101 18439 5294072 1 893
8103 18439 5294082 1 879
8106 18440 5294092 1 861
8112 18441 5294102 1 833
8118 18442 5294112 1 808
8124 18443 5294122 1 789
8130 18445 5294132 1 772
8135 18447 5294142 1 761
8137 18447 5294152 1 756
8139 18448 5294162 1 753
8142 18450 5294172 1 748
8143 18452 5294182 1 748
8144 18453 5294192 1 750
8144 18454 5294202 1 756
8143 18455 5294212 1 764
8142 18455 5294222 1 776
8141 18455 5294232 1 791
8140 18454 5294242 1 808
8139 18453 5294252 1 816
8138 18452 5294262 1 827
8139 18450 5294272 1 849
8141 18447 5294282 1 873
8142 18446 5294292 1 884
8144 18445 5294302 1 896
8147 18442 5294312 1 920
8150 18440 5294322 1 942
8154 18438 5294332 1 961
8156 18436 5294342 1 979
8157 18435 5294352 1 990
8158 18434 5294362 1 996
8157 18434 5294372 1 997
8156 18435 5294382 1 997
8153 18435 5294392 1 989
8149 18437 5294402 1 947
8144 18439 5294412 1 910
8140 18442 5294422 1 861
8137 18443 5294432 1 835
8135 18445 5294442 1 801
8131 18448 5294452 1 730
8127 18451 5294462 1 652
8124 18453 5294472 1 569
8122 18455 5294482 1 483
8121 18457 5294492 1 397
8120 18457 5294502 1 354
8119 18458 5294512 1 315
8117 18458 5294522 1 237
8115 18458 5294532 1 168
8112 18457 5294542 1 109
8108 18456 5294552 1 62
8103 18455 5294562 1 45
8101 18454 5294572 1 44
8099 18453 5294582 1 47
8094 18452 5294592 1 49
8089 18450 5294602 1 51
8085 18449 5294612 1 53
8082 18447 5294622 1 55
8081 18445 5294632 1 57
8081 18445 5294642 1 58
8082 18444 5294652 1 59
8085 18443 5294662 1 61
8090 18442 5294672 1 63
8097 18441 5294682 1 65
8105 18440 5294692 1 66
8115 18440 5294702 1 68
8120 18440 5294712 1 60
8125 18440 5294722 1 70
8135 18441 5294732 1 118
8143 18441 5294742 1 158
8151 18442 5294752 1 203
8157 18442 5294762 1 252
8162 18443 5294772 1 303
8163 18443 5294782 1 335
8164 18443 5294792 1 358
8165 18443 5294802 1 387
8164 18443 5294812 1 416
8161 18443 5294822 1 472
8157 18443 5294832 1 529
8152 18442 5294842 1 584
8149 18442 5294852 1 611
8146 18441 5294862 1 636
8140 18441 5294872 1 686
8134 18440 5294882 1 732
8128 18439 5294892 1 773
8123 18438 5294902 1 837
8118 18438 5294912 1 858
8116 18437 5294922 1 865
8114 18437 5294932 1 871
8110 18437 5294942 1 876
8106 18437 5294952 1 882
8103 18437 5294962 1 888
8099 18437 5294972 1 893
8096 18437 5294982 1 898
8094 18437 5294992 1 900
8093 18437 5295002 1 901
8089 18437 5295012 1 904
8086 18437 5295022 1 905
8084 18437 5295032 1 906
8082 18437 5295042 1 906
8080 18437 5295052 1 906
8079 18436 5295062 1 906
8079 18436 5295072 1 906
8080 18435 5295082 1 906
8081 18434 5295092 1 906
8084 18432 5295102 1 906
8087 18431 5295112 1 906
8092 18429 5295122 1 907
8095 18428 5295132 1 907
8099 18427 5295142 1 907
8106 18425 5295152 1 908
8113 18424 5295162 1 909
8120 18423 5295172 1 909
8127 18422 5295182 1 910
8133 18422 5295192 1 911
8135 18421 5295202 1 912
8137 18421 5295212 1 912
8139 18422 5295222 1 913
8139 18422 5295232 1 915
8137 18423 5295242 1 916
8132 18424 5295252 1 917
8126 18426 5295262 1 917
8123 18427 5295272 1 918
8118 18428 5295282 1 918
8110 18431 5295292 1 919
8100 18434 5295302 1 920
8091 18438 5295312 1 920
8082 18441 5295322 1 921
8075 18444 5295332 1 921
8072 18446 5295342 1 921
8070 18447 5295352 1 921
8068 18450 5295362 1 922
8069 18452 5295372 1 922
8073 18454 5295382 1 922
8081 18456 5295392 1 922
8091 18457 5295402 1 924
8096 18457 5295412 1 925
8102 18457 5295422 1 924
8115 18457 5295432 1 925
8128 18456 5295442 1 926
8141 18455 5295452 1 926
8151 18454 5295462 1 926
8160 18453 5295472 1 927
8164 18452 5295482 1 927
8167 18451 5295492 1 927
8170 18450 5295502 1 927
8171 18450 5295512 1 928
8170 18449 5295522 1 928
8166 18449 5295532 1 929
8162 18449 5295542 1 929
8160 18449 5295552 1 929
8158 18450 5295562 1 930
8155 18450 5295572 1 931
8153 18451 5295582 1 932
8153 18452 5295592 1 932
8154 18453 5295602 1 932
8158 18454 5295612 1 933
8160 18455 5295622 1 933
8163 18455 5295632 1 933
8169 18456 5295642 1 934
8176 18456 5295652 1 934
8184 18457 5295662 1 935
8191 18457 5295672 1 935
8197 18458 5295682 1 935
8201 18459 5295692 1 936
8203 18460 5295702 1 936
8202 18461 5295712 1 937
8198 18463 5295722 1 938
8192 18464 5295732 1 938
8183 18466 5295742 1 938
8174 18468 5295752 1 939
8164 18469 5295762 1 939
8154 18471 5295772 1 939
8146 18472 5295782 1 938
8140 18473 5295792 1 938
8137 18474 5295802 1 937
8137 18474 5295812 1 936
8141 18474 5295822 1 936
8147 18474 5295832 1 935
8156 18473 5295842 1 934
8167 18472 5295852 1 934
8179 18471 5295862 1 933
8190 18470 5295872 1 933
8201 18468 5295882 1 932
8210 18466 5295892 1 931
8217 18463 5295902 1 931
8221 18460 5295912 1 930
8223 18457 5295922 1 929
8222 18454 5295932 1 929
8218 18451 5295942 1 928
8212 18448 5295952 1 927
8204 18445 5295962 1 927
8194 18442 5295972 1 926
8183 18440 5295982 1 925
8172 18438 5295992 1 925
8162 18436 5296002 1 924
8152 18434 5296012 1 923
8144 18433 5296022 1 923
8139 18432 5296032 1 922
8137 18432 5296042 1 921
8139 18433 5296052 1 921
8143 18434 5296062 1 920
8150 18436 5296072 1 919
8160 18438 5296082 1 919
8171 18440 5296092 1 918
8182 18442 5296102 1 917
8193 18444 5296112 1 917
8203 18445 5296122 1 916
8210 18447 5296132 1 916
8215 18449 5296142 1 915
8217 18450 5296152 1 914
8216 18451 5296162 1 914
8212 18452 5296172 1 913
8205 18453 5296182 1 912
8198 18454 5296192 1 912
8190 18455 5296202 1 911
8182 18455 5296212 1 910
8176 18456 5296222 1 910
8172 18456 5296232 1 909
8171 18456 5296242 1 908
8173 18456 5296252 1 908
8178 18456 5296262 1 907
8185 18456 5296272 1 906
8194 18457 5296282 1 906
8204 18457 5296292 1 905
8214 18458 5296302 1 904
8223 18459 5296312 1 904
8231 18459 5296322 1 903
8236 18460 5296332 1 902
8238 18462 5296342 1 902
8237 18463 5296352 1 901
8232 18464 5296362 1 900
8224 18465 5296372 1 900
8213 18466 5296382 1 899
8200 18466 5296392 1 898
