7683 17693 5127077 1 1024
7683 17693 5127087 1 1024
7683 17693 5127097 1 881
7683 17693 5127107 1 748
7683 17693 5127117 1 636
7683 17693 5127127 1 545
7684 17693 5127137 1 471
7690 17694 5127147 1 414
7701 17697 5127157 1 370
7714 17700 5127167 1 339
7720 17700 5127177 1 326
7724 17698 5127187 1 318
7730 17694 5127197 1 305
7735 17690 5127207 1 298
7739 17685 5127217 1 295
7743 17682 5127227 1 293
7749 17680 5127237 1 292
7757 17681 5127247 1 291
7764 17683 5127257 1 289
7770 17685 5127267 1 288
7773 17685 5127277 1 287
7775 17685 5127287 1 287
7776 17684 5127297 1 285
7776 17681 5127307 1 284
7774 17678 5127317 1 283
7773 17675 5127327 1 282
7773 17673 5127337 1 280
7773 17671 5127347 1 279
7773 17670 5127357 1 278
7774 17668 5127367 1 276
7774 17667 5127377 1 275
7774 17666 5127387 1 274
7774 17664 5127397 1 273
7773 17661 5127407 1 271
7773 17658 5127417 1 270
7772 17655 5127427 1 268
7773 17652 5127437 1 267
7774 17650 5127447 1 266
7774 17647 5127457 1 264
7774 17645 5127467 1 262
7774 17644 5127477 1 262
7774 17642 5127487 1 261
7773 17640 5127497 1 261
7771 17638 5127507 1 261
7768 17635 5127517 1 259
7763 17633 5127527 1 257
7758 17632 5127537 1 281
7751 17630 5127547 1 359
7744 17629 5127557 1 432
7735 17629 5127567 1 502
7730 17628 5127577 1 536
7725 17629 5127587 1 568
7715 17630 5127597 1 630
7705 17631 5127607 1 689
7694 17634 5127617 1 743
7683 17637 5127627 1 794
7673 17641 5127637 1 843
7664 17646 5127647 1 886
7656 17651 5127657 1 903
7649 17657 5127667 1 904
7645 17660 5127677 1 904
7643 17663 5127687 1 905
7639 17669 5127697 1 905
7636 17675 5127707 1 906
7635 17680 5127717 1 906
7636 17685 5127727 1 907
7638 17690 5127737 1 907
7642 17694 5127747 1 908
7648 17698 5127757 1 909
7656 17701 5127767 1 910
7660 17703 5127777 1 910
7665 17704 5127787 1 911
7676 17705 5127797 1 912
7688 17706 5127807 1 912
7699 17707 5127817 1 913
7711 17709 5127827 1 914
7722 17710 5127837 1 914
7732 17711 5127847 1 915
7740 17713 5127857 1 916
7748 17715 5127867 1 916
7751 17716 5127877 1 917
7754 17717 5127887 1 917
7759 17718 5127897 1 919
7763 17720 5127907 1 919
7767 17721 5127917 1 919
7769 17723 5127927 1 919
7771 17724 5127937 1 920
7772 17725 5127947 1 921
7773 17726 5127957 1 921
7772 17726 5127967 1 922
7771 17727 5127977 1 923
7770 17727 5127987 1 923
7768 17728 5127997 1 924
7765 17728 5128007 1 925
7762 17729 5128017 1 926
7759 17730 5128027 1 906
7755 17731 5128037 1 877
7751 17732 5128047 1 847
7747 17733 5128057 1 816
7742 17734 5128067 1 784
7740 17734 5128077 1 768
7738 17735 5128087 1 752
7732 17736 5128097 1 719
7727 17736 5128107 1 686
7722 17736 5128117 1 669
7717 17736 5128127 1 652
7712 17734 5128137 1 619
7708 17731 5128147 1 585
7706 17728 5128157 1 552
7704 17724 5128167 1 519
7704 17722 5128177 1 502
7705 17719 5128187 1 485
7707 17714 5128197 1 452
7710 17709 5128207 1 420
7715 17704 5128217 1 389
7720 17700 5128227 1 358
7727 17696 5128237 1 328
7734 17693 5128247 1 299
7740 17690 5128257 1 271
7747 17688 5128267 1 244
7750 17687 5128277 1 232
7753 17687 5128287 1 220
7758 17686 5128297 1 196
7762 17686 5128307 1 174
7766 17686 5128317 1 164
7769 17688 5128327 1 159
7772 17689 5128337 1 152
7773 17692 5128347 1 151
7775 17694 5128357 1 150
7775 17698 5128367 1 147
7775 17699 5128377 1 147
7775 17701 5128387 1 146
7774 17705 5128397 1 145
7773 17709 5128407 1 143
7772 17712 5128417 1 141
7770 17715 5128427 1 140
7768 17718 5128437 1 138
7765 17720 5128447 1 137
7763 17722 5128457 1 135
7761 17723 5128467 1 133
7759 17723 5128477 1 132
7758 17723 5128487 1 132
7755 17723 5128497 1 131
7753 17722 5128507 1 128
7750 17721 5128517 1 127
7747 17719 5128527 1 122
7745 17717 5128537 1 125
7742 17714 5128547 1 144
7740 17711 5128557 1 166
7739 17708 5128567 1 189
7738 17707 5128577 1 201
7738 17705 5128587 1 215
7738 17702 5128597 1 242
7738 17699 5128607 1 271
7739 17695 5128617 1 300
7741 17692 5128627 1 332
7743 17689 5128637 1 363
7746 17685 5128647 1 395
7750 17682 5128657 1 428
7754 17679 5128667 1 460
7755 17677 5128677 1 477
7757 17676 5128687 1 494
7760 17673 5128697 1 526
7763 17670 5128707 1 558
7765 17667 5128717 1 589
7766 17665 5128727 1 600
7765 17664 5128737 1 604
7764 17662 5128747 1 619
7762 17661 5128757 1 648
7759 17661 5128767 1 675
7757 17661 5128777 1 687
7755 17661 5128787 1 700
7752 17662 5128797 1 724
7749 17663 5128807 1 744
7747 17664 5128817 1 764
7745 17665 5128827 1 779
7744 17667 5128837 1 792
7745 17669 5128847 1 802
7747 17671 5128857 1 809
7749 17672 5128867 1 815
7751 17673 5128877 1 817
7752 17674 5128887 1 818
7756 17676 5128897 1 819
7761 17677 5128907 1 818
7766 17679 5128917 1 816
7770 17680 5128927 1 813
7775 17682 5128937 1 812
7779 17683 5128947 1 810
7782 17684 5128957 1 806
7784 17685 5128967 1 803
7785 17686 5128977 1 800
7786 17686 5128987 1 798
7786 17687 5128997 1 795
7786 17688 5129007 1 792
7785 17688 5129017 1 789
7783 17688 5129027 1 789
7781 17688 5129037 1 789
7778 17688 5129047 1 792
7775 17689 5129057 1 797
7772 17689 5129067 1 804
7770 17689 5129077 1 808
7769 17689 5129087 1 814
7766 17689 5129097 1 826
7764 17690 5129107 1 839
7762 17690 5129117 1 853
7761 17690 5129127 1 867
7760 17689 5129137 1 872
7760 17689 5129147 1 874
7760 17688 5129157 1 880
7760 17688 5129167 1 891
7760 17687 5129177 1 896
7761 17687 5129187 1 899
7761 17686 5129197 1 904
7762 17685 5129207 1 906
7763 17685 5129217 1 902
7765 17685 5129227 1 893
7767 17685 5129237 1 878
7769 17685 5129247 1 855
7771 17686 5129257 1 824
7774 17687 5129267 1 785
7776 17687 5129277 1 763
7778 17688 5129287 1 737
7781 17689 5129297 1 684
7784 17690 5129307 1 626
7787 17691 5129317 1 563
7790 17691 5129327 1 498
7792 17692 5129337 1 431
7794 17692 5129347 1 398
7795 17692 5129357 1 365
7795 17691 5129367 1 300
7795 17691 5129377 1 266
7795 17690 5129387 1 237
7794 17689 5129397 1 179
7792 17688 5129407 1 126
7791 17687 5129417 1 80
7789 17685 5129427 1 42
7786 17684 5129437 1 2
7784 17683 5129447 1 3
7782 17683 5129457 1 6
7780 17682 5129467 1 7
7779 17682 5129477 1 7
7779 17682 5129487 1 8
7777 17682 5129497 1 11
7777 17681 5129507 1 12
7777 17681 5129517 1 13
7777 17681 5129527 1 16
7779 17681 5129537 1 17
7780 17680 5129547 1 17
7783 17679 5129557 1 17
7785 17678 5129567 1 19
7786 17678 5129577 1 22
7787 17677 5129587 1 31
7790 17676 5129597 1 54
7791 17675 5129607 1 86
7792 17673 5129617 1 127
7793 17673 5129627 1 176
7792 17672 5129637 1 230
7791 17671 5129647 1 290
7788 17671 5129657 1 353
7785 17671 5129667 1 419
7784 17671 5129677 1 453
7782 17671 5129687 1 486
7778 17672 5129697 1 554
7773 17672 5129707 1 621
7769 17673 5129717 1 685
7765 17674 5129727 1 747
7761 17675 5129737 1 804
7757 17676 5129747 1 856
7755 17677 5129757 1 881
7753 17678 5129767 1 901
7753 17678 5129777 1 918
7753 17679 5129787 1 938
7753 17680 5129797 1 967
7754 17681 5129807 1 987
7757 17683 5129817 1 994
7760 17685 5129827 1 994
7764 17687 5129837 1 993
7768 17689 5129847 1 992
7773 17692 5129857 1 992
7779 17694 5129867 1 991
7781 17695 5129877 1 990
7784 17697 5129887 1 989
7790 17699 5129897 1 989
7796 17701 5129907 1 988
7802 17703 5129917 1 987
7807 17705 5129927 1 987
7812 17706 5129937 1 986
7817 17707 5129947 1 984
7820 17707 5129957 1 984
7822 17707 5129967 1 985
7823 17707 5129977 1 986
7823 17706 5129987 1 984
7823 17705 5129997 1 974
7821 17704 5130007 1 958
7818 17702 5130017 1 943
7814 17700 5130027 1 928
7809 17698 5130037 1 913
7804 17696 5130047 1 901
7797 17694 5130057 1 888
7791 17692 5130067 1 877
7788 17691 5130077 1 872
7785 17690 5130087 1 867
7779 17689 5130097 1 860
7774 17687 5130107 1 853
7770 17686 5130117 1 847
7767 17685 5130127 1 843
7766 17683 5130137 1 840
7765 17682 5130147 1 838
7766 17680 5130157 1 838
7768 17679 5130167 1 837
7770 17678 5130177 1 837
7772 17678 5130187 1 838
7775 17677 5130197 1 839
7780 17676 5130207 1 839
7784 17675 5130217 1 841
7788 17674 5130227 1 844
7792 17674 5130237 1 847
7796 17674 5130247 1 850
7800 17674 5130257 1 853
7803 17674 5130267 1 857
7805 17675 5130277 1 859
7807 17675 5130287 1 861
7810 17676 5130297 1 864
7812 17678 5130307 1 867
7815 17679 5130317 1 871
7818 17682 5130327 1 873
7820 17684 5130337 1 876
7822 17687 5130347 1 878
7824 17689 5130357 1 880
7825 17692 5130367 1 880
7826 17693 5130377 1 880
7827 17694 5130387 1 880
7827 17696 5130397 1 881
7828 17697 5130407 1 882
7828 17698 5130417 1 883
7828 17698 5130427 1 884
7828 17697 5130437 1 884
7827 17696 5130447 1 884
7825 17694 5130457 1 884
7823 17692 5130467 1 884
7822 17691 5130477 1 884
7821 17690 5130487 1 884
7819 17688 5130497 1 883
7816 17687 5130507 1 883
7813 17685 5130517 1 883
7810 17684 5130527 1 882
7808 17684 5130537 1 881
7806 17683 5130547 1 880
7805 17683 5130557 1 879
7804 17683 5130567 1 879
7804 17683 5130577 1 879
7804 17684 5130587 1 878
7805 17684 5130597 1 878
7806 17684 5130607 1 878
7808 17684 5130617 1 877
7810 17684 5130627 1 877
7812 17684 5130637 1 877
7815 17684 5130647 1 876
7817 17683 5130657 1 876
7820 17683 5130667 1 876
7821 17682 5130677 1 876
7822 17682 5130687 1 876
7823 17681 5130697 1 876
7824 17679 5130707 1 876
7824 17677 5130717 1 876
7824 17675 5130727 1 876
7823 17672 5130737 1 875
7822 17669 5130747 1 876
7820 17666 5130757 1 876
7818 17663 5130767 1 877
7817 17661 5130777 1 877
7816 17660 5130787 1 877
7813 17658 5130797 1 877
7810 17657 5130807 1 877
7807 17656 5130817 1 876
7804 17656 5130827 1 877
7801 17656 5130837 1 877
7798 17657 5130847 1 878
7795 17658 5130857 1 878
7792 17659 5130867 1 879
7791 17660 5130877 1 879
7790 17660 5130887 1 878
7787 17661 5130897 1 879
7785 17661 5130907 1 879
7784 17662 5130917 1 880
7783 17662 5130927 1 880
7782 17663 5130937 1 880
7782 17663 5130947 1 880
7783 17663 5130957 1 880
7784 17663 5130967 1 881
7784 17663 5130977 1 881
7785 17663 5130987 1 881
7787 17663 5130997 1 881
7789 17664 5131007 1 881
7791 17664 5131017 1 881
7793 17665 5131027 1 881
7795 17666 5131037 1 881
7798 17667 5131047 1 881
7800 17669 5131057 1 881
7801 17671 5131067 1 881
7802 17672 5131077 1 881
7802 17673 5131087 1 882
7802 17676 5131097 1 881
7802 17678 5131107 1 881
7800 17681 5131117 1 881
7797 17683 5131127 1 881
7794 17686 5131137 1 881
7790 17688 5131147 1 881
7787 17690 5131157 1 881
7784 17692 5131167 1 881
7782 17694 5131177 1 881
7782 17695 5131187 1 881
7783 17697 5131197 1 881
7786 17698 5131207 1 881
7791 17699 5131217 1 881
7797 17700 5131227 1 881
7805 17701 5131237 1 881
7813 17701 5131247 1 880
7821 17701 5131257 1 880
7829 17701 5131267 1 880
7837 17701 5131277 1 880
7844 17701 5131287 1 880
7850 17701 5131297 1 880
7855 17701 5131307 1 880
7859 17702 5131317 1 879
7863 17702 5131327 1 879
7865 17703 5131337 1 879
7867 17704 5131347 1 879
7868 17705 5131357 1 879
7868 17706 5131367 1 879
7869 17707 5131377 1 879
7870 17708 5131387 1 879
7871 17709 5131397 1 879
7872 17710 5131407 1 879
7873 17711 5131417 1 879
7874 17713 5131427 1 879
7876 17714 5131437 1 879
7876 17715 5131447 1 879
7876 17717 5131457 1 879
7876 17719 5131467 1 879
7874 17720 5131477 1 879
7872 17721 5131487 1 879
7870 17722 5131497 1 879
7867 17723 5131507 1 880
7864 17723 5131517 1 879
7861 17723 5131527 1 878
7859 17723 5131537 1 877
7857 17722 5131547 1 877
7855 17721 5131557 1 876
7855 17721 5131567 1 875
7855 17720 5131577 1 875
7856 17719 5131587 1 874
7858 17719 5131597 1 873
7860 17718 5131607 1 873
7861 17718 5131617 1 872
7863 17718 5131627 1 871
7864 17719 5131637 1 871
7865 17719 5131647 1 870
7865 17719 5131657 1 869
7865 17719 5131667 1 869
