8093 17709 8909432 1 999
8093 17709 8909442 1 788
8093 17709 8909452 1 612
8093 17709 8909462 1 468
8093 17709 8909472 1 352
8098 17710 8909482 1 263
8108 17712 8909492 1 196
8119 17715 8909502 1 148
8126 17712 8909512 1 116
8129 17707 8909522 1 97
8130 17700 8909532 1 87
8130 17693 8909542 1 84
8133 17683 8909552 1 81
8138 17683 8909562 1 81
8144 17684 8909572 1 79
8150 17685 8909582 1 78
8157 17685 8909592 1 78
8164 17685 8909602 1 77
8171 17683 8909612 1 77
8178 17680 8909622 1 76
8187 17679 8909632 1 76
8197 17679 8909642 1 74
8207 17680 8909652 1 74
8215 17681 8909662 1 73
8225 17683 8909672 1 71
8225 17682 8909682 1 70
8221 17680 8909692 1 68
8215 17678 8909702 1 68
8206 17676 8909712 1 66
8197 17673 8909722 1 66
8187 17671 8909732 1 65
8176 17668 8909742 1 63
8165 17665 8909752 1 63
8156 17662 8909762 1 62
8147 17659 8909772 1 63
8139 17655 8909782 1 64
8129 17648 8909792 1 62
8126 17644 8909802 1 98
8125 17641 8909812 1 212
8123 17639 8909822 1 320
8123 17637 8909832 1 422
8122 17635 8909842 1 517
8120 17635 8909852 1 608
8118 17636 8909862 1 693
8114 17637 8909872 1 771
8110 17640 8909882 1 845
8106 17643 8909892 1 913
8101 17647 8909902 1 975
8091 17656 8909912 1 999
8088 17661 8909922 1 1000
8085 17666 8909932 1 999
8083 17671 8909942 1 1000
8082 17676 8909952 1 1000
8081 17681 8909962 1 1000
8082 17686 8909972 1 1000
8084 17691 8909982 1 1001
8087 17696 8909992 1 1002
8091 17700 8910002 1 1001
8097 17704 8910012 1 1002
8104 17707 8910022 1 1003
8120 17713 8910032 1 1003
8128 17716 8910042 1 1004
8135 17719 8910052 1 1003
8142 17721 8910062 1 1004
8148 17724 8910072 1 1005
8153 17726 8910082 1 1004
8158 17728 8910092 1 1005
8162 17730 8910102 1 1006
8166 17732 8910112 1 1006
8169 17734 8910122 1 1005
8174 17736 8910132 1 1004
8178 17738 8910142 1 1005
8184 17742 8910152 1 1005
8185 17744 8910162 1 1006
8183 17747 8910172 1 1007
8180 17749 8910182 1 1006
8174 17751 8910192 1 1007
8166 17754 8910202 1 1008
8157 17756 8910212 1 982
8146 17758 8910222 1 942
8134 17760 8910232 1 902
8123 17761 8910242 1 860
8111 17762 8910252 1 818
8101 17763 8910262 1 775
8085 17764 8910272 1 688
8079 17763 8910282 1 666
8076 17761 8910292 1 644
8074 17759 8910302 1 601
8075 17755 8910312 1 557
8078 17751 8910322 1 514
8083 17746 8910332 1 472
8090 17741 8910342 1 429
8098 17735 8910352 1 387
8108 17730 8910362 1 346
8118 17724 8910372 1 307
8128 17719 8910382 1 268
8148 17711 8910392 1 196
8156 17708 8910402 1 161
8163 17706 8910412 1 128
8169 17704 8910422 1 98
8173 17704 8910432 1 69
8176 17704 8910442 1 43
8178 17705 8910452 1 32
8179 17706 8910462 1 27
8178 17709 8910472 1 20
8175 17712 8910482 1 20
8172 17715 8910492 1 20
8167 17719 8910502 1 18
8155 17728 8910512 1 18
8148 17731 8910522 1 17
8141 17735 8910532 1 17
8135 17738 8910542 1 17
8130 17741 8910552 1 15
8126 17743 8910562 1 15
8124 17745 8910572 1 15
8122 17746 8910582 1 14
8123 17748 8910592 1 14
8124 17748 8910602 1 14
8126 17749 8910612 1 13
8130 17749 8910622 1 13
8139 17748 8910632 1 14
8144 17746 8910642 1 38
8151 17743 8910652 1 65
8158 17740 8910662 1 94
8165 17737 8910672 1 126
8173 17732 8910682 1 160
8180 17727 8910692 1 195
8187 17722 8910702 1 231
8193 17716 8910712 1 269
8198 17710 8910722 1 307
8201 17705 8910732 1 346
8203 17699 8910742 1 385
8201 17690 8910752 1 463
8198 17685 8910762 1 500
8194 17682 8910772 1 539
8188 17679 8910782 1 575
8181 17677 8910792 1 588
8174 17675 8910802 1 593
8168 17674 8910812 1 610
8162 17674 8910822 1 643
8157 17674 8910832 1 674
8153 17675 8910842 1 703
8152 17676 8910852 1 730
8152 17678 8910862 1 753
8158 17682 8910872 1 793
8163 17683 8910882 1 807
8168 17685 8910892 1 817
8173 17687 8910902 1 825
8177 17688 8910912 1 831
8180 17690 8910922 1 834
8181 17691 8910932 1 835
8180 17692 8910942 1 834
8177 17693 8910952 1 831
8172 17694 8910962 1 828
8165 17694 8910972 1 826
8157 17695 8910982 1 824
8140 17698 8910992 1 815
8133 17699 8911002 1 809
8127 17700 8911012 1 806
8124 17702 8911022 1 802
8122 17703 8911032 1 799
8124 17704 8911042 1 799
8127 17705 8911052 1 798
8134 17706 8911062 1 801
8142 17706 8911072 1 806
8152 17707 8911082 1 814
8162 17706 8911092 1 824
8173 17706 8911102 1 836
8194 17704 8911112 1 864
8202 17702 8911122 1 878
8208 17701 8911132 1 884
8213 17699 8911142 1 885
8215 17697 8911152 1 891
8215 17695 8911162 1 902
8213 17693 8911172 1 910
8210 17692 8911182 1 915
8205 17691 8911192 1 916
8199 17690 8911202 1 912
8193 17690 8911212 1 902
8188 17690 8911222 1 885
8178 17692 8911232 1 829
8175 17693 8911242 1 788
8173 17695 8911252 1 739
8171 17696 8911262 1 685
8171 17698 8911272 1 625
8172 17700 8911282 1 561
8173 17701 8911292 1 495
8174 17702 8911302 1 428
8176 17703 8911312 1 395
8179 17703 8911322 1 362
8182 17704 8911332 1 297
8186 17703 8911342 1 235
8196 17702 8911352 1 126
8202 17701 8911362 1 78
8208 17700 8911372 1 39
8215 17699 8911382 0 0
8221 17698 8911392 0 0
8228 17697 8911402 0 0
8234 17696 8911412 0 0
8238 17695 8911422 0 0
8242 17694 8911432 0 0
8244 17693 8911442 0 0
8244 17693 8911452 0 0
8242 17692 8911462 0 0
8234 17691 8911472 0 0
8227 17690 8911482 0 0
8219 17689 8911492 0 0
8211 17688 8911502 1 5
8202 17688 8911512 1 27
8194 17688 8911522 1 59
8186 17688 8911532 1 101
8178 17688 8911542 1 150
8172 17688 8911552 1 207
8166 17689 8911562 1 268
8161 17690 8911572 1 334
8158 17691 8911582 1 404
8156 17694 8911592 1 546
8157 17695 8911602 1 618
8159 17696 8911612 1 686
8164 17698 8911622 1 752
8170 17699 8911632 1 814
8177 17700 8911642 1 870
8186 17701 8911652 1 897
8195 17702 8911662 1 920
8205 17702 8911672 1 960
8214 17703 8911682 1 993
8223 17703 8911692 1 1015
8230 17703 8911702 1 1024
8238 17704 8911712 1 1024
8238 17705 8911722 1 1024
8237 17706 8911732 1 1024
8234 17707 8911742 1 1024
8230 17708 8911752 1 1023
8225 17709 8911762 1 1024
8220 17710 8911772 1 1023
8214 17712 8911782 1 1023
8209 17713 8911792 1 1023
8205 17714 8911802 1 1023
8201 17715 8911812 1 1022
8197 17716 8911822 1 1023
8190 17717 8911832 1 1024
8186 17717 8911842 1 1014
8182 17716 8911852 1 997
8177 17716 8911862 1 980
8172 17715 8911872 1 964
8167 17713 8911882 1 947
8162 17711 8911892 1 933
8157 17709 8911902 1 919
8153 17708 8911912 1 908
8149 17706 8911922 1 897
8145 17704 8911932 1 888
8143 17703 8911942 1 881
8141 17700 8911952 1 870
8141 17699 8911962 1 867
8143 17698 8911972 1 865
8146 17696 8911982 1 866
8150 17695 8911992 1 865
8155 17694 8912002 1 866
8161 17692 8912012 1 868
8167 17691 8912022 1 869
8174 17689 8912032 1 872
8181 17688 8912042 1 875
8188 17687 8912052 1 879
8195 17686 8912062 1 884
8206 17685 8912072 1 893
8211 17686 8912082 1 898
8215 17686 8912092 1 903
8219 17688 8912102 1 906
8221 17690 8912112 1 911
8223 17692 8912122 1 915
8224 17694 8912132 1 919
8225 17697 8912142 1 922
8224 17700 8912152 1 925
8223 17703 8912162 1 926
8221 17705 8912172 1 927
8219 17707 8912182 1 928
8215 17710 8912192 1 931
8213 17710 8912202 1 933
8212 17711 8912212 1 933
8210 17710 8912222 1 935
8210 17710 8912232 1 935
8210 17710 8912242 1 936
8210 17709 8912252 1 936
8211 17709 8912262 1 935
8212 17709 8912272 1 936
8214 17709 8912282 1 936
8216 17709 8912292 1 935
8218 17709 8912302 1 934
8222 17709 8912312 1 934
8222 17709 8912322 1 934
8222 17709 8912332 1 934
8221 17708 8912342 1 934
8219 17707 8912352 1 934
8217 17706 8912362 1 934
8213 17705 8912372 1 934
8210 17703 8912382 1 934
8206 17701 8912392 1 935
8202 17699 8912402 1 935
8199 17696 8912412 1 936
8197 17694 8912422 1 936
8198 17689 8912432 1 937
8201 17687 8912442 1 937
8205 17684 8912452 1 938
8212 17682 8912462 1 938
8219 17679 8912472 1 940
8228 17677 8912482 1 940
8236 17675 8912492 1 942
8245 17674 8912502 1 942
8252 17673 8912512 1 942
8257 17673 8912522 1 943
8260 17673 8912532 1 943
8261 17673 8912542 1 945
8253 17675 8912552 1 947
8246 17675 8912562 1 947
8236 17676 8912572 1 949
8225 17676 8912582 1 949
8213 17676 8912592 1 951
8200 17675 8912602 1 952
8188 17675 8912612 1 953
8177 17674 8912622 1 954
8168 17673 8912632 1 954
8162 17672 8912642 1 956
8158 17672 8912652 1 956
8157 17672 8912662 1 958
8162 17673 8912672 1 959
8167 17675 8912682 1 959
8174 17677 8912692 1 959
8181 17680 8912702 1 961
8188 17683 8912712 1 961
8194 17687 8912722 1 962
8200 17691 8912732 1 962
8203 17695 8912742 1 963
8205 17699 8912752 1 964
8206 17702 8912762 1 965
8205 17705 8912772 1 965
8203 17708 8912782 1 966
8197 17711 8912792 1 967
8194 17713 8912802 1 967
8192 17713 8912812 1 967
8192 17713 8912822 1 968
8194 17713 8912832 1 969
8197 17712 8912842 1 970
8203 17711 8912852 1 970
8209 17710 8912862 1 971
8217 17709 8912872 1 971
8225 17708 8912882 1 972
8233 17706 8912892 1 972
8241 17705 8912902 1 972
8254 17703 8912912 1 973
8259 17703 8912922 1 974
8263 17702 8912932 1 974
8265 17702 8912942 1 975
8267 17702 8912952 1 975
8267 17702 8912962 1 975
8266 17702 8912972 1 976
8265 17703 8912982 1 976
8263 17704 8912992 1 977
8259 17706 8913002 1 977
8256 17707 8913012 1 977
8252 17709 8913022 1 978
8245 17713 8913032 1 980
8242 17716 8913042 1 980
8241 17718 8913052 1 981
8240 17720 8913062 1 981
8241 17722 8913072 1 982
8243 17724 8913082 1 982
8246 17726 8913092 1 984
8251 17727 8913102 1 984
8256 17728 8913112 1 985
8261 17729 8913122 1 985
8266 17730 8913132 1 986
8271 17731 8913142 1 987
8277 17732 8913152 1 987
8278 17733 8913162 1 986
8278 17733 8913172 1 986
8277 17734 8913182 1 985
8276 17735 8913192 1 984
8274 17736 8913202 1 985
8272 17737 8913212 1 984
8271 17739 8913222 1 983
8269 17740 8913232 1 983
8269 17741 8913242 1 982
8269 17742 8913252 1 981
8269 17743 8913262 1 982
8270 17744 8913272 1 980
8271 17744 8913282 1 980
