7565 18595 8729396 1 597
7565 18595 8729406 1 596
7565 18595 8729416 1 595
7565 18595 8729426 1 595
7567 18597 8729436 1 595
7573 18603 8729446 1 594
7584 18615 8729456 1 594
7596 18628 8729466 1 594
7607 18639 8729476 1 594
7614 18646 8729486 1 594
7620 18650 8729496 1 595
7625 18654 8729506 1 595
7632 18658 8729516 1 595
7640 18663 8729526 1 596
7650 18670 8729536 1 597
7661 18677 8729546 1 597
7670 18683 8729556 1 598
7677 18688 8729566 1 599
7681 18691 8729576 1 600
7680 18691 8729586 1 601
7677 18691 8729596 1 603
7672 18691 8729606 1 604
7666 18690 8729616 1 605
7659 18690 8729626 1 606
7652 18689 8729636 1 608
7644 18688 8729646 1 610
7637 18686 8729656 1 610
7631 18684 8729666 1 611
7627 18681 8729676 1 612
7625 18679 8729686 1 613
7626 18677 8729696 1 613
7630 18676 8729706 1 614
7636 18675 8729716 1 616
7643 18675 8729726 1 618
7652 18675 8729736 1 619
7661 18674 8729746 1 619
7671 18674 8729756 1 620
7681 18675 8729766 1 621
7699 18678 8729776 1 622
7707 18681 8729786 1 623
7713 18685 8729796 1 624
7717 18691 8729806 1 625
7721 18697 8729816 1 625
7723 18705 8729826 1 625
7724 18714 8729836 1 626
7723 18724 8729846 1 626
7721 18733 8729856 1 626
7717 18742 8729866 1 626
7712 18751 8729876 1 625
7706 18759 8729886 1 625
7698 18767 8729896 1 625
7689 18774 8729906 1 624
7679 18778 8729916 1 623
7668 18780 8729926 1 623
7657 18780 8729936 1 622
7646 18779 8729946 1 622
7636 18776 8729956 1 621
7617 18766 8729966 1 620
7609 18760 8729976 1 620
7603 18754 8729986 1 619
7598 18747 8729996 1 619
7594 18740 8730006 1 619
7592 18733 8730016 1 619
7591 18727 8730026 1 620
7592 18721 8730036 1 620
7594 18717 8730046 1 620
7597 18714 8730056 1 622
7600 18711 8730066 1 624
7604 18709 8730076 1 625
7608 18707 8730086 1 627
7612 18705 8730096 1 631
7616 18704 8730106 1 633
7620 18703 8730116 1 634
7623 18701 8730126 1 636
7627 18700 8730136 1 642
7630 18699 8730146 1 648
7637 18695 8730156 1 657
7642 18693 8730166 1 666
7646 18691 8730176 1 675
7651 18688 8730186 1 679
7656 18686 8730196 1 681
7660 18683 8730206 1 687
7664 18680 8730216 1 697
7667 18677 8730226 1 704
7668 18675 8730236 1 710
7667 18672 8730246 1 722
7665 18670 8730256 1 735
7661 18669 8730266 1 742
7656 18667 8730276 1 747
7649 18667 8730286 1 753
7641 18666 8730296 1 759
7633 18666 8730306 1 764
7625 18666 8730316 1 772
7616 18667 8730326 1 783
7607 18667 8730336 1 795
7590 18669 8730346 1 806
7583 18670 8730356 1 815
7576 18672 8730366 1 820
7570 18675 8730376 1 821
7566 18678 8730386 1 824
7563 18682 8730396 1 832
7562 18687 8730406 1 839
7562 18693 8730416 1 842
7564 18698 8730426 1 844
7569 18704 8730436 1 847
7574 18710 8730446 1 848
7581 18715 8730456 1 849
7588 18720 8730466 1 849
7596 18725 8730476 1 848
7604 18728 8730486 1 845
7612 18731 8730496 1 843
7619 18733 8730506 1 840
7627 18734 8730516 1 832
7634 18734 8730526 1 822
7647 18731 8730536 1 808
7654 18729 8730546 1 801
7660 18726 8730556 1 792
7666 18723 8730566 1 785
7671 18720 8730576 1 772
7676 18717 8730586 1 749
7680 18714 8730596 1 722
7684 18712 8730606 1 709
7687 18710 8730616 1 692
7689 18709 8730626 1 658
7692 18708 8730636 1 639
7695 18707 8730646 1 634
7697 18707 8730656 1 619
7700 18707 8730666 1 579
7703 18707 8730676 1 536
7705 18708 8730686 1 514
7708 18708 8730696 1 491
7710 18708 8730706 1 446
7712 18708 8730716 1 399
7714 18707 8730726 1 377
7715 18706 8730736 1 353
7714 18705 8730746 1 308
7713 18704 8730756 1 285
7712 18703 8730766 1 265
7710 18702 8730776 1 225
7707 18702 8730786 1 187
7704 18703 8730796 1 166
7700 18704 8730806 1 153
7697 18706 8730816 1 137
7693 18708 8730826 1 123
7689 18711 8730836 1 112
7686 18715 8730846 1 99
7684 18719 8730856 1 80
7682 18723 8730866 1 63
7681 18727 8730876 1 60
7680 18731 8730886 1 62
7681 18734 8730896 1 61
7682 18737 8730906 1 59
7685 18742 8730916 1 59
7686 18743 8730926 1 58
7687 18744 8730936 1 57
7688 18744 8730946 1 56
7687 18744 8730956 1 54
7686 18743 8730966 1 53
7684 18742 8730976 1 52
7682 18741 8730986 1 52
7680 18738 8730996 1 52
7678 18736 8731006 1 51
7676 18733 8731016 1 49
7675 18729 8731026 1 48
7675 18726 8731036 1 48
7676 18722 8731046 1 54
7678 18719 8731056 1 69
7680 18716 8731066 1 82
7684 18713 8731076 1 93
7687 18711 8731086 1 106
7691 18709 8731096 1 123
7699 18708 8731106 1 159
7701 18708 8731116 1 200
7703 18708 8731126 1 244
7703 18708 8731136 1 266
7701 18708 8731146 1 291
7699 18708 8731156 1 340
7695 18707 8731166 1 365
7690 18706 8731176 1 371
7685 18705 8731186 1 388
7679 18704 8731196 1 436
7672 18702 8731206 1 482
7666 18701 8731216 1 504
7661 18699 8731226 1 524
7656 18698 8731236 1 562
7652 18696 8731246 1 595
7648 18696 8731256 1 607
7646 18695 8731266 1 610
7646 18695 8731276 1 621
7647 18695 8731286 1 638
7652 18697 8731296 1 646
7657 18698 8731306 1 643
7663 18699 8731316 1 629
7669 18699 8731326 1 615
7675 18700 8731336 1 601
7681 18700 8731346 1 583
7686 18700 8731356 1 561
7690 18700 8731366 1 544
7693 18699 8731376 1 520
7694 18698 8731386 1 475
7694 18697 8731396 1 429
7693 18697 8731406 1 406
7691 18696 8731416 1 381
7687 18696 8731426 1 332
7683 18696 8731436 1 308
7680 18697 8731446 1 302
7676 18698 8731456 1 283
7674 18700 8731466 1 234
7672 18703 8731476 1 186
7672 18710 8731486 1 138
7673 18714 8731496 1 92
7675 18718 8731506 1 47
7678 18722 8731516 1 28
7681 18725 8731526 1 19
7685 18728 8731536 1 6
7689 18730 8731546 1 5
7694 18732 8731556 1 5
7698 18732 8731566 1 4
7703 18732 8731576 1 4
7708 18730 8731586 1 4
7712 18728 8731596 1 4
7716 18726 8731606 1 4
7719 18723 8731616 1 5
7721 18720 8731626 1 5
7722 18717 8731636 1 5
7722 18714 8731646 1 5
7720 18711 8731656 1 5
7717 18708 8731666 1 6
7709 18703 8731676 1 6
7704 18700 8731686 1 6
7699 18698 8731696 1 6
7694 18696 8731706 1 7
7689 18694 8731716 1 7
7685 18691 8731726 1 7
7681 18689 8731736 1 8
7679 18688 8731746 1 9
7677 18686 8731756 1 9
7676 18685 8731766 1 11
7676 18684 8731776 1 13
7676 18684 8731786 1 14
7677 18684 8731796 1 14
7678 18684 8731806 1 16
7680 18685 8731816 1 19
7681 18687 8731826 1 19
7682 18688 8731836 1 20
7684 18690 8731846 1 22
7686 18692 8731856 1 24
7694 18696 8731866 1 26
7700 18698 8731876 1 28
7706 18699 8731886 1 29
7713 18701 8731896 1 30
7721 18702 8731906 1 31
7728 18703 8731916 1 32
7734 18704 8731926 1 33
7738 18705 8731936 1 33
7741 18706 8731946 1 34
7742 18707 8731956 1 34
7741 18708 8731966 1 34
7739 18708 8731976 1 31
7735 18709 8731986 1 42
7731 18709 8731996 1 77
7728 18710 8732006 1 113
7725 18711 8732016 1 131
7723 18711 8732026 1 150
7722 18712 8732036 1 188
7722 18713 8732046 1 227
7728 18713 8732056 1 247
7732 18713 8732066 1 266
7737 18712 8732076 1 306
7741 18710 8732086 1 327
7745 18708 8732096 1 346
7748 18705 8732106 1 386
7749 18702 8732116 1 425
7747 18698 8732126 1 447
7744 18693 8732136 1 462
7739 18688 8732146 1 482
7732 18683 8732156 1 500
7725 18678 8732166 1 515
7717 18672 8732176 1 537
7709 18667 8732186 1 571
7701 18663 8732196 1 605
7695 18659 8732206 1 621
7690 18657 8732216 1 637
7687 18655 8732226 1 668
7685 18655 8732236 1 682
7683 18658 8732246 1 695
7682 18661 8732256 1 720
7681 18665 8732266 1 743
7680 18671 8732276 1 754
7678 18677 8732286 1 764
7677 18683 8732296 1 781
7677 18689 8732306 1 796
7677 18695 8732316 1 801
7679 18700 8732326 1 802
7682 18704 8732336 1 807
7686 18707 8732346 1 815
7691 18709 8732356 1 819
7697 18710 8732366 1 821
7703 18710 8732376 1 823
7709 18709 8732386 1 825
7715 18708 8732396 1 825
7720 18706 8732406 1 825
7724 18703 8732416 1 824
7728 18700 8732426 1 823
7731 18695 8732436 1 819
7731 18693 8732446 1 815
7730 18692 8732456 1 812
7728 18691 8732466 1 810
7725 18690 8732476 1 807
7722 18690 8732486 1 803
7720 18691 8732496 1 801
7718 18691 8732506 1 801
7717 18692 8732516 1 799
7718 18693 8732526 1 796
7720 18695 8732536 1 794
7723 18696 8732546 1 793
7728 18697 8732556 1 793
7734 18698 8732566 1 794
7740 18699 8732576 1 796
7747 18700 8732586 1 797
7753 18700 8732596 1 799
7758 18699 8732606 1 804
7762 18699 8732616 1 808
7765 18696 8732626 1 818
7764 18695 8732636 1 823
7761 18693 8732646 1 825
7757 18692 8732656 1 827
7752 18690 8732666 1 828
7746 18689 8732676 1 828
7740 18688 8732686 1 827
7734 18687 8732696 1 822
7729 18686 8732706 1 815
7724 18686 8732716 1 811
7720 18686 8732726 1 805
7717 18686 8732736 1 791
7716 18686 8732746 1 773
7716 18686 8732756 1 753
7717 18687 8732766 1 729
7718 18688 8732776 1 702
7721 18688 8732786 1 688
7724 18689 8732796 1 672
7727 18690 8732806 1 641
7733 18691 8732816 1 575
7737 18691 8732826 1 539
7740 18690 8732836 1 503
7744 18690 8732846 1 467
7748 18689 8732856 1 430
7753 18688 8732866 1 394
7759 18688 8732876 1 358
7765 18687 8732886 1 324
7772 18686 8732896 1 290
7780 18686 8732906 1 259
7787 18685 8732916 1 229
7794 18686 8732926 1 201
7799 18687 8732936 1 175
7803 18688 8732946 1 152
7804 18690 8732956 1 143
7802 18692 8732966 1 144
7797 18694 8732976 1 146
7789 18697 8732986 1 147
7779 18699 8732996 1 148
7752 18702 8733006 1 150
7737 18703 8733016 1 151
7722 18704 8733026 1 152
7709 18704 8733036 1 154
7697 18703 8733046 1 155
7688 18702 8733056 1 185
7682 18700 8733066 1 220
7678 18699 8733076 1 260
7679 18697 8733086 1 302
7682 18695 8733096 1 349
7688 18692 8733106 1 397
7696 18690 8733116 1 446
7707 18688 8733126 1 497
7718 18687 8733136 1 547
7729 18686 8733146 1 597
7740 18686 8733156 1 646
7749 18686 8733166 1 693
7757 18687 8733176 1 738
7761 18689 8733186 1 780
7762 18694 8733196 1 841
7759 18698 8733206 1 840
7753 18701 8733216 1 839
7746 18704 8733226 1 838
7737 18706 8733236 1 837
7728 18708 8733246 1 835
7720 18709 8733256 1 834
7713 18709 8733266 1 833
7708 18709 8733276 1 832
7706 18708 8733286 1 830
7705 18706 8733296 1 826
7707 18704 8733306 1 774
7712 18701 8733316 1 713
7719 18699 8733326 1 640
7728 18697 8733336 1 555
7738 18696 8733346 1 458
7749 18695 8733356 1 348
7760 18695 8733366 1 225
