8513 17802 4891854 1 1024
8380 17677 4891864 1 1024
8312 17613 4891874 1 1024
8285 17586 4891884 1 1024
8276 17576 4891894 1 1024
8269 17566 4891904 1 1024
8262 17555 4891914 1 1024
8257 17548 4891924 1 1024
8253 17542 4891934 1 1024
8247 17532 4891944 1 1024
8241 17521 4891954 1 1024
8235 17510 4891964 1 1024
8229 17498 4891974 1 1024
8224 17487 4891984 1 1024
8222 17481 4891994 1 1024
8221 17476 4892004 1 1024
8219 17466 4892014 1 1024
8219 17457 4892024 1 1024
8221 17450 4892034 1 1024
8224 17444 4892044 1 1024
8228 17440 4892054 1 1024
8231 17438 4892064 1 1024
8234 17437 4892074 1 1024
8241 17436 4892084 1 924
8248 17437 4892094 1 702
8255 17439 4892104 1 501
8262 17442 4892114 1 318
8268 17446 4892124 1 156
8271 17449 4892134 1 60
8273 17451 4892144 1 11
8277 17457 4892154 0 0
8280 17462 4892164 0 0
8281 17468 4892174 0 0
8282 17474 4892184 0 0
8280 17480 4892194 0 0
8279 17483 4892204 0 0
8278 17486 4892214 0 0
8274 17492 4892224 0 0
8270 17499 4892234 0 0
8266 17505 4892244 0 0
8260 17513 4892254 0 0
8255 17520 4892264 0 0
8253 17524 4892274 0 0
8250 17528 4892284 0 0
8245 17537 4892294 0 0
8241 17545 4892304 0 0
8236 17554 4892314 0 0
8230 17563 4892324 0 0
8224 17571 4892334 0 0
8221 17576 4892344 0 0
8218 17579 4892354 0 0
8213 17584 4892364 0 0
8208 17589 4892374 0 0
8200 17595 4892384 0 0
8191 17600 4892394 0 0
8183 17603 4892404 0 0
8179 17604 4892414 0 0
8176 17604 4892424 0 0
8169 17603 4892434 1 50
8165 17600 4892444 1 121
8162 17596 4892454 1 192
8162 17589 4892464 1 262
8163 17582 4892474 1 330
8165 17578 4892484 1 364
8167 17574 4892494 1 396
8172 17565 4892504 1 459
8178 17557 4892514 1 518
8186 17549 4892524 1 573
8195 17543 4892534 1 623
8204 17537 4892544 1 667
8209 17535 4892554 1 688
8214 17534 4892564 1 706
8223 17533 4892574 1 738
8233 17533 4892584 1 761
8242 17535 4892594 1 780
8251 17539 4892604 1 791
8259 17543 4892614 1 798
8263 17546 4892624 1 801
8266 17549 4892634 1 800
8272 17555 4892644 1 798
8277 17561 4892654 1 793
8281 17567 4892664 1 786
8284 17572 4892674 1 777
8285 17576 4892684 1 767
8286 17577 4892694 1 761
8285 17578 4892704 1 757
8284 17579 4892714 1 747
8281 17579 4892724 1 738
8278 17576 4892734 1 731
8273 17573 4892744 1 725
8268 17567 4892754 1 720
8266 17565 4892764 1 717
8263 17561 4892774 1 715
8258 17554 4892784 1 713
8253 17546 4892794 1 711
8249 17539 4892804 1 712
8246 17531 4892814 1 714
8245 17524 4892824 1 717
8244 17521 4892834 1 719
8245 17518 4892844 1 722
8246 17513 4892854 1 728
8248 17510 4892864 1 732
8251 17509 4892874 1 737
8255 17507 4892884 1 748
8260 17506 4892894 1 759
8262 17506 4892904 1 764
8265 17507 4892914 1 772
8270 17508 4892924 1 787
8275 17511 4892934 1 802
8281 17515 4892944 1 817
8285 17520 4892954 1 832
8290 17525 4892964 1 845
8292 17527 4892974 1 852
8293 17530 4892984 1 857
8296 17536 4892994 1 865
8298 17541 4893004 1 871
8300 17546 4893014 1 873
8300 17551 4893024 1 870
8300 17556 4893034 1 862
8299 17558 4893044 1 858
8299 17559 4893054 1 849
8297 17563 4893064 1 830
8296 17565 4893074 1 803
8294 17567 4893084 1 771
8292 17568 4893094 1 729
8290 17569 4893104 1 682
8289 17569 4893114 1 657
8288 17568 4893124 1 629
8286 17568 4893134 1 571
8285 17566 4893144 1 511
8284 17565 4893154 1 449
8283 17563 4893164 1 386
8281 17560 4893174 1 323
8281 17559 4893184 1 292
8280 17558 4893194 1 263
8279 17555 4893204 1 204
8278 17553 4893214 1 150
8276 17551 4893224 1 101
8274 17549 4893234 1 58
8271 17548 4893244 1 23
8270 17547 4893254 1 4
8268 17547 4893264 0 0
8265 17546 4893274 0 0
8263 17546 4893284 0 0
8260 17546 4893294 0 0
8258 17547 4893304 0 0
8257 17547 4893314 0 0
8257 17547 4893324 0 0
8257 17547 4893334 0 0
8257 17548 4893344 0 0
8258 17548 4893354 0 0
8260 17548 4893364 0 0
8262 17548 4893374 0 0
8265 17548 4893384 0 0
8267 17548 4893394 0 0
8268 17547 4893404 0 0
8271 17547 4893414 0 0
8274 17547 4893424 0 0
8277 17547 4893434 1 18
8280 17547 4893444 1 53
8282 17548 4893454 1 99
8283 17548 4893464 1 124
8284 17548 4893474 1 153
8286 17548 4893484 1 214
8287 17548 4893494 1 282
8289 17548 4893504 1 352
8290 17547 4893514 1 426
8291 17547 4893524 1 500
8291 17546 4893534 1 538
8291 17546 4893544 1 576
8292 17544 4893554 1 650
8293 17543 4893564 1 720
8294 17541 4893574 1 787
8295 17539 4893584 1 848
8295 17537 4893594 1 902
8295 17536 4893604 1 928
8295 17535 4893614 1 948
8295 17533 4893624 1 985
8294 17531 4893634 1 1010
8293 17530 4893644 1 1024
8292 17528 4893654 1 1024
8290 17528 4893664 1 1004
8290 17527 4893674 1 984
8289 17527 4893684 1 949
8287 17527 4893694 1 883
8286 17527 4893704 1 806
8285 17528 4893714 1 717
8284 17529 4893724 1 621
8284 17530 4893734 1 519
8283 17530 4893744 1 468
8284 17531 4893754 1 416
8284 17532 4893764 1 316
8285 17533 4893774 1 223
8286 17533 4893784 1 137
8288 17534 4893794 1 66
8290 17535 4893804 0 0
8291 17535 4893814 0 0
8292 17535 4893824 0 0
8295 17535 4893834 0 0
8297 17535 4893844 0 0
8300 17535 4893854 0 0
8301 17535 4893864 0 0
8303 17535 4893874 0 0
8303 17535 4893884 0 0
8304 17535 4893894 0 0
8305 17534 4893904 0 0
8304 17534 4893914 0 0
8303 17533 4893924 0 0
8300 17533 4893934 0 0
8296 17532 4893944 0 0
8294 17532 4893954 0 0
8292 17532 4893964 1 3
8287 17532 4893974 1 27
8282 17532 4893984 1 58
8278 17532 4893994 1 96
8274 17533 4894004 1 138
8270 17534 4894014 1 187
8269 17534 4894024 1 212
8268 17534 4894034 1 238
8266 17535 4894044 1 293
8265 17536 4894054 1 349
8265 17536 4894064 1 406
8265 17537 4894074 1 465
8266 17537 4894084 1 522
8266 17537 4894094 1 551
8266 17537 4894104 1 578
8267 17536 4894114 1 631
8268 17535 4894124 1 680
8269 17534 4894134 1 726
8268 17533 4894144 1 766
8268 17531 4894154 1 800
8268 17531 4894164 1 816
8267 17530 4894174 1 827
8266 17529 4894184 1 845
8265 17528 4894194 1 858
8264 17527 4894204 1 870
8263 17527 4894214 1 882
8261 17528 4894224 1 894
8261 17528 4894234 1 901
8261 17529 4894244 1 907
8261 17531 4894254 1 918
8261 17533 4894264 1 928
8262 17536 4894274 1 937
8264 17540 4894284 1 944
8266 17543 4894294 1 950
8267 17545 4894304 1 952
8269 17546 4894314 1 954
8271 17550 4894324 1 955
8274 17552 4894334 1 953
8277 17555 4894344 1 949
8279 17556 4894354 1 941
8278 17557 4894364 1 937
8277 17557 4894374 1 936
8277 17557 4894384 1 930
8278 17557 4894394 1 915
8279 17556 4894404 1 896
8280 17555 4894414 1 872
8281 17553 4894424 1 845
8283 17551 4894434 1 814
8284 17550 4894444 1 797
8286 17548 4894454 1 779
8289 17546 4894464 1 741
8294 17543 4894474 1 702
8299 17540 4894484 1 659
8305 17537 4894494 1 615
8312 17535 4894504 1 569
8316 17534 4894514 1 546
8320 17533 4894524 1 522
8328 17531 4894534 1 476
8335 17530 4894544 1 428
8342 17529 4894554 1 380
8349 17528 4894564 1 332
8355 17528 4894574 1 285
8358 17528 4894584 1 261
8361 17528 4894594 1 238
8365 17528 4894604 1 194
8368 17527 4894614 1 152
8370 17527 4894624 1 111
8370 17527 4894634 1 75
8370 17527 4894644 1 40
8370 17527 4894654 1 23
8369 17528 4894664 1 9
8367 17528 4894674 0 0
8364 17528 4894684 0 0
8361 17529 4894694 0 0
8357 17529 4894704 0 0
8353 17529 4894714 0 0
8351 17529 4894724 0 0
8349 17530 4894734 0 0
8346 17530 4894744 0 0
8342 17530 4894754 0 0
8339 17530 4894764 0 0
8336 17529 4894774 0 0
8333 17529 4894784 0 0
8331 17529 4894794 0 0
8330 17529 4894804 0 0
8328 17528 4894814 0 0
8327 17528 4894824 0 0
8326 17528 4894834 0 0
8325 17529 4894844 0 0
8325 17529 4894854 0 0
8325 17530 4894864 0 0
8325 17530 4894874 0 0
8326 17531 4894884 0 0
8327 17533 4894894 0 0
8330 17534 4894904 1 26
8334 17536 4894914 1 78
8340 17538 4894924 1 138
8342 17538 4894934 1 170
8346 17539 4894944 1 204
8353 17540 4894954 1 275
8360 17541 4894964 1 349
8367 17542 4894974 1 427
8374 17543 4894984 1 504
8380 17544 4894994 1 581
8384 17544 4895004 1 620
8385 17544 4895014 1 657
8378 17545 4895024 1 728
8362 17546 4895034 1 795
8340 17547 4895044 1 857
8314 17546 4895054 1 911
8287 17539 4895064 1 955
8260 17526 4895074 1 990
8234 17511 4895084 1 1014
8211 17494 4895094 1 1024
8192 17476 4895104 1 1024
8187 17461 4895114 1 1021
8193 17447 4895124 1 1017
8206 17436 4895134 1 1013
8224 17429 4895144 1 1009
8243 17433 4895154 1 1008
8260 17445 4895164 1 1007
8272 17463 4895174 1 1008
8278 17483 4895184 1 1010
8277 17503 4895194 1 1013
8269 17521 4895204 1 1017
8255 17535 4895214 1 1020
8237 17542 4895224 1 1024
8219 17543 4895234 1 1024
8201 17538 4895244 1 1024
8189 17527 4895254 1 1024
8183 17513 4895264 1 1024
8185 17498 4895274 1 1024
8195 17484 4895284 1 1024
8212 17474 4895294 1 1024
8235 17470 4895304 1 1024
8262 17471 4895314 1 1024
8289 17479 4895324 1 1024
8312 17493 4895334 1 1023
8328 17511 4895344 1 1014
8332 17532 4895354 1 1000
8321 17552 4895364 1 985
8323 17578 4895374 1 966
8302 17602 4895384 1 944
8251 17618 4895394 1 918
8162 17619 4895404 1 889
