8149 17357 3554499 1 318
8149 17358 3554509 1 319
8149 17361 3554519 1 380
8146 17361 3554529 1 480
8146 17364 3554539 1 601
8145 17367 3554549 1 723
8145 17370 3554559 1 825
8144 17373 3554569 1 886
8145 17377 3554579 1 806
8146 17378 3554589 1 652
8149 17378 3554599 1 526
8153 17377 3554609 1 433
8158 17376 3554619 1 368
8163 17374 3554629 1 330
8170 17372 3554639 1 315
8176 17369 3554649 1 319
8188 17363 3554659 1 373
8193 17360 3554669 1 417
8198 17357 3554679 1 467
8201 17354 3554689 1 521
8204 17351 3554699 1 622
8206 17351 3554709 1 663
8208 17351 3554719 1 694
8207 17353 3554729 1 713
8201 17359 3554739 1 723
8194 17364 3554749 1 715
8184 17370 3554759 1 698
8171 17376 3554769 1 676
8156 17384 3554779 1 646
8140 17392 3554789 1 611
8122 17400 3554799 1 572
8106 17408 3554809 1 530
8079 17424 3554819 1 435
8071 17431 3554829 1 386
8068 17437 3554839 1 336
8069 17443 3554849 1 287
8075 17447 3554859 1 239
8084 17449 3554869 1 194
8096 17451 3554879 1 152
8109 17451 3554889 1 150
8136 17445 3554899 1 145
8142 17442 3554909 1 143
8144 17439 3554919 1 142
8143 17435 3554929 1 140
8138 17432 3554939 1 138
8131 17428 3554949 1 137
8123 17425 3554959 1 134
8114 17422 3554969 1 132
8099 17418 3554979 1 129
8093 17417 3554989 1 127
8090 17417 3554999 1 126
8089 17416 3555009 1 124
8090 17416 3555019 1 166
8093 17417 3555029 1 214
8097 17417 3555039 1 265
8103 17418 3555049 1 320
8117 17418 3555059 1 432
8124 17418 3555069 1 491
8130 17418 3555079 1 548
8136 17418 3555089 1 603
8140 17418 3555099 1 658
8143 17418 3555109 1 753
8145 17417 3555119 1 794
8147 17417 3555129 1 831
8149 17417 3555139 1 895
8150 17417 3555149 1 920
8151 17418 3555159 1 941
8154 17419 3555169 1 960
8157 17419 3555179 1 966
8160 17420 3555189 1 967
8165 17420 3555199 1 969
8169 17420 3555209 1 970
8177 17419 3555219 1 971
8180 17417 3555229 1 973
8182 17416 3555239 1 974
8182 17413 3555249 1 974
8181 17411 3555259 1 975
8180 17409 3555269 1 977
8177 17406 3555279 1 970
8173 17404 3555289 1 958
8164 17400 3555299 1 931
8156 17397 3555309 1 900
8152 17396 3555319 1 884
8148 17396 3555329 1 867
8146 17396 3555339 1 851
8144 17396 3555349 1 834
8144 17396 3555359 1 818
8145 17397 3555369 1 802
8151 17398 3555379 1 772
8156 17398 3555389 1 759
8162 17399 3555399 1 747
8168 17399 3555409 1 737
8174 17400 3555419 1 727
8179 17400 3555429 1 720
8183 17401 3555439 1 713
8187 17402 3555449 1 707
8188 17404 3555459 1 701
8187 17406 3555469 1 699
8185 17407 3555479 1 698
8182 17409 3555489 1 698
8179 17410 3555499 1 699
8175 17411 3555509 1 701
8173 17415 3555519 1 706
8170 17416 3555529 1 710
8165 17418 3555539 1 718
8164 17419 3555549 1 723
8162 17419 3555559 1 729
8161 17420 3555569 1 734
8160 17420 3555579 1 740
8159 17420 3555589 1 746
8159 17420 3555599 1 752
8159 17421 3555609 1 758
8160 17421 3555619 1 769
8161 17421 3555629 1 774
8163 17421 3555639 1 779
8166 17421 3555649 1 784
8168 17421 3555659 1 787
8171 17422 3555669 1 791
8173 17422 3555679 1 795
8175 17423 3555689 1 798
8176 17424 3555699 1 802
8176 17425 3555709 1 804
8177 17424 3555719 1 805
8175 17424 3555729 1 805
8173 17424 3555739 1 805
8172 17423 3555749 1 805
8170 17422 3555759 1 805
8170 17421 3555769 1 805
8171 17418 3555779 1 804
8172 17416 3555789 1 803
8175 17414 3555799 1 802
8177 17413 3555809 1 802
8180 17412 3555819 1 802
8184 17411 3555829 1 802
8187 17411 3555839 1 802
8189 17411 3555849 1 801
8192 17412 3555859 1 801
8193 17413 3555869 1 803
8192 17414 3555879 1 803
8191 17415 3555889 1 803
8190 17416 3555899 1 804
8187 17418 3555909 1 804
8185 17419 3555919 1 806
8182 17421 3555929 1 808
8178 17422 3555939 1 810
8177 17422 3555949 1 811
8176 17422 3555959 1 813
8175 17421 3555969 1 814
8175 17421 3555979 1 815
8175 17419 3555989 1 816
8175 17418 3555999 1 817
8176 17416 3556009 1 818
8180 17412 3556019 1 819
8183 17410 3556029 1 819
8187 17408 3556039 1 819
8191 17406 3556049 1 820
8196 17404 3556059 1 820
8200 17402 3556069 1 819
8204 17401 3556079 1 818
8208 17400 3556089 1 816
8212 17400 3556099 1 813
8213 17400 3556109 1 810
8213 17400 3556119 1 808
8210 17403 3556129 1 804
8208 17405 3556139 1 802
8206 17406 3556149 1 801
8203 17408 3556159 1 800
8201 17409 3556169 1 799
8196 17412 3556179 1 799
8194 17413 3556189 1 801
8192 17414 3556199 1 804
8187 17414 3556209 1 807
8179 17415 3556219 1 810
8169 17416 3556229 1 816
8157 17417 3556239 1 823
8143 17415 3556249 1 830
8111 17405 3556259 1 848
8094 17397 3556269 1 857
8077 17388 3556279 1 864
8065 17378 3556289 1 871
8056 17366 3556299 1 876
8050 17354 3556309 1 879
8048 17341 3556319 1 879
8049 17331 3556329 1 876
8063 17314 3556339 1 845
8072 17312 3556349 1 826
8082 17312 3556359 1 801
8092 17313 3556369 1 772
8101 17317 3556379 1 739
8111 17322 3556389 1 703
8119 17327 3556399 1 664
8126 17334 3556409 1 623
8140 17350 3556419 1 537
8146 17358 3556429 1 493
8153 17367 3556439 1 450
8159 17375 3556449 1 407
8166 17384 3556459 1 366
8174 17392 3556469 1 327
8182 17399 3556479 1 290
8189 17406 3556489 1 256
8202 17418 3556499 1 201
8206 17423 3556509 1 180
8208 17427 3556519 1 164
8208 17430 3556529 1 149
8199 17432 3556539 1 153
8193 17431 3556549 1 154
8184 17429 3556559 1 157
8175 17426 3556569 1 159
8152 17416 3556579 1 162
8140 17410 3556589 1 164
8129 17403 3556599 1 166
8119 17395 3556609 1 167
8111 17387 3556619 1 177
8106 17378 3556629 1 194
8102 17370 3556639 1 219
8101 17362 3556649 1 251
8105 17350 3556659 1 329
8109 17346 3556669 1 374
8115 17344 3556679 1 422
8122 17343 3556689 1 472
8129 17344 3556699 1 522
8136 17347 3556709 1 572
8144 17352 3556719 1 622
8152 17359 3556729 1 670
8179 17383 3556739 1 796
8187 17394 3556749 1 828
8195 17405 3556759 1 855
8204 17416 3556769 1 876
8212 17428 3556779 1 890
8220 17439 3556789 1 895
8227 17450 3556799 1 894
8234 17460 3556809 1 893
8242 17477 3556819 1 890
8244 17483 3556829 1 889
8244 17488 3556839 1 887
8240 17490 3556849 1 885
8234 17491 3556859 1 882
8225 17489 3556869 1 877
8213 17485 3556879 1 872
8196 17478 3556889 1 864
8161 17463 3556899 1 845
8136 17450 3556909 1 832
8105 17434 3556919 1 817
