8298 17603 5587204 1 659
8295 17603 5587214 1 653
8293 17605 5587224 1 647
8290 17606 5587234 1 642
8287 17608 5587244 1 639
8285 17611 5587254 1 635
8282 17614 5587264 1 633
8280 17617 5587274 1 629
8277 17620 5587284 1 628
8274 17623 5587294 1 628
8272 17625 5587304 1 628
8269 17628 5587314 1 628
8267 17631 5587324 1 630
8264 17637 5587334 1 635
8264 17640 5587344 1 638
8265 17642 5587354 1 640
8267 17644 5587364 1 643
8271 17645 5587374 1 646
8275 17646 5587384 1 650
8280 17645 5587394 1 654
8284 17645 5587404 1 662
8289 17643 5587414 1 666
8293 17642 5587424 1 670
8297 17640 5587434 1 675
8299 17638 5587444 1 679
8300 17636 5587454 1 683
8297 17632 5587464 1 696
8294 17629 5587474 1 700
8290 17626 5587484 1 704
8285 17622 5587494 1 707
8279 17618 5587504 1 711
8273 17613 5587514 1 714
8267 17607 5587524 1 717
8261 17600 5587534 1 723
8255 17592 5587544 1 725
8251 17583 5587554 1 726
8247 17573 5587564 1 728
8245 17564 5587574 1 729
8243 17554 5587584 1 729
8245 17534 5587594 1 728
8248 17526 5587604 1 726
8253 17518 5587614 1 725
8258 17512 5587624 1 722
8265 17507 5587634 1 718
8273 17503 5587644 1 715
8281 17501 5587654 1 710
8289 17501 5587664 1 699
8298 17502 5587674 1 692
8306 17504 5587684 1 685
8315 17507 5587694 1 677
8322 17511 5587704 1 669
8328 17515 5587714 1 661
8338 17525 5587724 1 641
8341 17531 5587734 1 637
8343 17536 5587744 1 632
8344 17541 5587754 1 630
8344 17545 5587764 1 628
8344 17549 5587774 1 629
8345 17553 5587784 1 632
8346 17555 5587794 1 637
8349 17556 5587804 1 644
8352 17557 5587814 1 654
8356 17556 5587824 1 666
8362 17554 5587834 1 681
8368 17552 5587844 1 700
8379 17546 5587854 1 749
8383 17543 5587864 1 807
8386 17540 5587874 1 838
8388 17538 5587884 1 870
8387 17536 5587894 1 900
8385 17534 5587904 1 929
8381 17534 5587914 1 955
8375 17534 5587924 1 977
8369 17534 5587934 1 996
8363 17534 5587944 1 996
8358 17535 5587954 1 997
8353 17535 5587964 1 997
8349 17535 5587974 1 990
8346 17535 5587984 1 927
8346 17534 5587994 1 819
8347 17533 5588004 1 745
8348 17532 5588014 1 659
8350 17531 5588024 1 561
8351 17530 5588034 1 456
8352 17531 5588044 1 344
8352 17532 5588054 1 229
8351 17533 5588064 1 76
8349 17536 5588074 1 75
8347 17540 5588084 1 74
8344 17545 5588094 1 73
8341 17551 5588104 1 71
8337 17563 5588114 1 69
8335 17569 5588124 1 68
8334 17575 5588134 1 67
8334 17580 5588144 1 66
8334 17583 5588154 1 65
8334 17586 5588164 1 64
8335 17587 5588174 1 63
8335 17586 5588184 1 227
8336 17584 5588194 1 771
8336 17581 5588204 1 1005
8336 17577 5588214 1 1006
8336 17571 5588224 1 1006
8335 17566 5588234 1 1006
8330 17553 5588244 1 1007
8327 17547 5588254 1 1007
8323 17541 5588264 1 1008
8319 17535 5588274 1 1008
8316 17530 5588284 1 1008
8313 17526 5588294 1 1009
8311 17523 5588304 1 1009
8311 17521 5588314 1 1009
8312 17519 5588324 1 1010
8315 17518 5588334 1 1010
8319 17518 5588344 1 1010
8324 17518 5588354 1 1011
8331 17518 5588364 1 1011
8344 17519 5588374 1 1012
8351 17520 5588384 1 948
8356 17520 5588394 1 1012
8361 17521 5588404 1 1013
8364 17521 5588414 1 34
8366 17521 5588424 1 33
8368 17520 5588434 1 32
8368 17520 5588444 1 31
8368 17519 5588454 1 30
8367 17519 5588464 1 29
8365 17518 5588474 1 28
8362 17517 5588484 1 27
8359 17517 5588494 1 26
8353 17516 5588504 1 23
8351 17516 5588514 1 22
8349 17517 5588524 1 44
8349 17517 5588534 1 86
8349 17518 5588544 1 137
8351 17519 5588554 1 195
8354 17520 5588564 1 258
8357 17521 5588574 1 326
8360 17522 5588584 1 397
8363 17522 5588594 1 543
8365 17522 5588604 1 614
8366 17522 5588614 1 685
8366 17521 5588624 1 751
8359 17519 5588634 1 871
8354 17519 5588644 1 920
8347 17518 5588654 1 993
8340 17518 5588664 1 1015
8333 17518 5588674 1 1022
8325 17519 5588684 1 1023
8319 17521 5588694 1 1023
8314 17523 5588704 1 1023
8311 17526 5588714 1 1024
8310 17529 5588724 1 1023
8310 17533 5588734 1 1023
8314 17537 5588744 1 1023
8319 17541 5588754 1 1022
8334 17547 5588764 1 1022
8343 17550 5588774 1 1021
8353 17553 5588784 1 1021
8364 17555 5588794 1 1021
8374 17556 5588804 1 1020
8383 17557 5588814 1 1020
8392 17557 5588824 1 1020
8398 17558 5588834 1 963
8403 17557 5588844 1 904
8405 17557 5588854 1 806
8404 17555 5588864 1 768
8401 17554 5588874 1 738
8396 17552 5588884 1 712
8379 17546 5588894 1 681
8369 17543 5588904 1 675
8359 17540 5588914 1 673
8350 17536 5588924 1 679
8342 17533 5588934 1 688
8337 17530 5588944 1 700
8335 17527 5588954 1 714
8336 17525 5588964 1 731
8340 17523 5588974 1 748
8347 17521 5588984 1 767
8356 17520 5588994 1 786
8368 17520 5589004 1 806
8380 17520 5589014 1 826
8406 17523 5589024 1 861
8417 17525 5589034 1 876
8427 17528 5589044 1 889
8434 17531 5589054 1 910
8438 17534 5589064 1 917
8439 17537 5589074 1 923
8438 17540 5589084 1 926
8433 17543 5589094 1 929
8426 17546 5589104 1 931
8418 17548 5589114 1 930
8409 17551 5589124 1 928
8399 17552 5589134 1 926
8389 17554 5589144 1 923
8374 17556 5589154 1 916
8370 17556 5589164 1 912
8367 17556 5589174 1 909
8367 17556 5589184 1 903
8368 17556 5589194 1 900
8370 17556 5589204 1 898
8374 17556 5589214 1 897
8377 17556 5589224 1 895
8381 17557 5589234 1 894
8384 17557 5589244 1 895
8386 17558 5589254 1 897
8387 17558 5589264 1 898
8388 17559 5589274 1 899
8387 17560 5589284 1 903
8386 17560 5589294 1 905
8386 17560 5589304 1 908
8386 17559 5589314 1 913
8387 17559 5589324 1 915
8388 17559 5589334 1 918
8391 17558 5589344 1 920
8394 17558 5589354 1 922
8399 17558 5589364 1 925
8404 17559 5589374 1 926
8409 17560 5589384 1 930
8415 17562 5589394 1 932
8421 17564 5589404 1 934
8431 17570 5589414 1 936
8436 17573 5589424 1 937
8439 17577 5589434 1 938
8441 17580 5589444 1 941
8441 17583 5589454 1 942
8441 17585 5589464 1 943
8439 17587 5589474 1 943
8436 17588 5589484 1 944
8433 17588 5589494 1 945
8430 17588 5589504 1 946
8426 17587 5589514 1 948
8423 17586 5589524 1 948
8420 17585 5589534 1 950
8416 17582 5589544 1 951
8416 17582 5589554 1 952
8416 17581 5589564 1 953
8416 17580 5589574 1 954
8417 17580 5589584 1 955
8417 17579 5589594 1 957
8416 17579 5589604 1 958
8411 17579 5589614 1 959
8401 17579 5589624 1 960
8385 17579 5589634 1 962
8363 17578 5589644 1 963
8336 17576 5589654 1 965
8308 17573 5589664 1 967
8260 17563 5589674 1 970
8246 17558 5589684 1 970
8241 17549 5589694 1 972
8246 17540 5589704 1 973
8259 17530 5589714 1 975
8278 17523 5589724 1 977
8300 17521 5589734 1 978
8324 17523 5589744 1 979
8347 17530 5589754 1 980
8367 17541 5589764 1 981
8385 17555 5589774 1 983
8399 17573 5589784 1 986
8409 17594 5589794 1 985
8416 17634 5589804 1 985
8412 17651 5589814 1 984
8402 17665 5589824 1 984
8386 17676 5589834 1 984
8365 17683 5589844 1 983
8342 17685 5589854 1 983
8321 17683 5589864 1 983
8303 17677 5589874 1 982
8290 17669 5589884 1 982
8284 17659 5589894 1 982
8283 17646 5589904 1 981
8288 17631 5589914 1 981
8299 17616 5589924 1 981
8337 17594 5589934 1 980
8360 17592 5589944 1 980
8383 17595 5589954 1 979
8403 17604 5589964 1 979
8419 17617 5589974 1 979
8431 17633 5589984 1 978
8436 17652 5589994 1 978
8435 17671 5590004 1 978
8427 17690 5590014 1 977
8413 17708 5590024 1 977
8392 17723 5590034 1 977
8367 17732 5590044 1 976
8338 17735 5590054 1 976
8283 17721 5590064 1 975
8260 17708 5590074 1 975
8241 17694 5590084 1 975
8226 17680 5590094 1 974
8218 17667 5590104 1 974
8211 17665 5590114 1 974
8205 17662 5590124 1 973
8204 17658 5590134 1 973
8203 17653 5590144 1 973
8203 17650 5590154 1 972
8204 17648 5590164 1 972
8205 17647 5590174 1 972
8207 17647 5590184 1 971
8211 17651 5590194 1 971
8213 17654 5590204 1 971
8214 17657 5590214 1 970
