7809 17880 6968290 1 722
7804 17871 6968300 1 539
7798 17873 6968310 1 389
7802 17858 6968320 1 270
7830 17836 6968330 1 178
7867 17807 6968340 1 110
7910 17756 6968350 1 62
7915 17747 6968360 1 30
7920 17750 6968370 1 11
7927 17760 6968380 1 2
7928 17775 6968390 0 0
7914 17796 6968400 0 0
7845 17865 6968410 0 0
7814 17908 6968420 0 0
7794 17947 6968430 0 0
7782 17973 6968440 0 0
7770 17982 6968450 0 0
7756 17980 6968460 0 0
7741 17977 6968470 1 41
7743 17981 6968480 1 79
7750 17983 6968490 1 124
7759 17984 6968500 1 171
7762 17984 6968510 1 220
7758 17976 6968520 1 268
7752 17937 6968530 1 358
7760 17906 6968540 1 394
7762 17870 6968550 1 424
7756 17829 6968560 1 445
7754 17788 6968570 1 455
7758 17746 6968580 1 453
7758 17678 6968590 1 407
7759 17657 6968600 1 360
7756 17642 6968610 1 208
7749 17643 6968620 1 99
7739 17650 6968630 0 0
7727 17663 6968640 0 0
7699 17696 6968650 0 0
7684 17712 6968660 0 0
7669 17726 6968670 0 0
7658 17738 6968680 0 0
7651 17748 6968690 0 0
7648 17758 6968700 0 0
7650 17789 6968710 0 0
7654 17814 6968720 0 0
7661 17848 6968730 0 0
7670 17889 6968740 0 0
7680 17937 6968750 0 0
7693 17989 6968760 0 0
7722 18088 6968770 0 0
7739 18127 6968780 0 0
7757 18155 6968790 0 0
7776 18170 6968800 1 101
7796 18173 6968810 1 294
7816 18165 6968820 1 514
7856 18125 6968830 1 1024
7875 18099 6968840 1 1024
7893 18072 6968850 1 1024
7909 18046 6968860 1 1024
7923 18021 6968870 1 1024
7935 17995 6968880 1 1024
7951 17934 6968890 1 1024
7955 17904 6968900 1 1024
7958 17860 6968910 1 1024
7958 17802 6968920 1 1024
7955 17727 6968930 1 1024
