7709 18270 3743455 1 980
7664 18219 3743465 1 980
7656 18209 3743475 1 980
7654 18205 3743485 1 980
7654 18204 3743495 1 811
7648 18197 3743505 1 648
7651 18199 3743515 1 503
7653 18201 3743525 1 376
7654 18202 3743535 1 317
7655 18204 3743545 1 267
7656 18206 3743555 1 173
7658 18209 3743565 1 110
7659 18211 3743575 1 109
7660 18212 3743585 1 109
7660 18214 3743595 1 108
7660 18214 3743605 1 108
7660 18215 3743615 1 108
7659 18215 3743625 1 107
7658 18214 3743635 1 107
7655 18214 3743645 1 106
7652 18213 3743655 1 106
7649 18212 3743665 1 106
7642 18208 3743675 1 105
7638 18207 3743685 1 106
7636 18205 3743695 1 131
7634 18204 3743705 1 156
7631 18201 3743715 1 209
7628 18199 3743725 1 265
7625 18197 3743735 1 321
7623 18194 3743745 1 378
7621 18192 3743755 1 434
7621 18190 3743765 1 489
7620 18188 3743775 1 542
7621 18186 3743785 1 591
7622 18186 3743795 1 638
7624 18187 3743805 1 679
7626 18188 3743815 1 715
7628 18190 3743825 1 747
7631 18192 3743835 1 773
7634 18196 3743845 1 794
7638 18200 3743855 1 812
7640 18203 3743865 1 820
7642 18207 3743875 1 825
7646 18212 3743885 1 835
7653 18224 3743895 1 844
7656 18230 3743905 1 844
7659 18237 3743915 1 843
7661 18244 3743925 1 838
7664 18251 3743935 1 831
7665 18254 3743945 1 828
7666 18257 3743955 1 824
7667 18263 3743965 1 815
7667 18269 3743975 1 804
7666 18275 3743985 1 794
7664 18280 3743995 1 783
7659 18290 3744005 1 760
7655 18294 3744015 1 748
7652 18295 3744025 1 743
7649 18296 3744035 1 739
7644 18298 3744045 1 729
7639 18300 3744055 1 721
7633 18301 3744065 1 715
7628 18301 3744075 1 711
7623 18301 3744085 1 709
7618 18300 3744095 1 709
7614 18298 3744105 1 712
7610 18295 3744115 1 718
7608 18293 3744125 1 725
7607 18289 3744135 1 734
7607 18285 3744145 1 745
7607 18281 3744155 1 757
7609 18275 3744165 1 769
7611 18269 3744175 1 782
7614 18263 3744185 1 796
7616 18260 3744195 1 802
7618 18257 3744205 1 808
7623 18251 3744215 1 820
7635 18237 3744225 1 841
7641 18230 3744235 1 849
7649 18223 3744245 1 856
7656 18216 3744255 1 859
7664 18210 3744265 1 861
7668 18207 3744275 1 861
7673 18205 3744285 1 859
7681 18200 3744295 1 854
7690 18195 3744305 1 845
7698 18191 3744315 1 833
7707 18187 3744325 1 816
7722 18182 3744335 1 767
7729 18181 3744345 1 735
7734 18181 3744355 1 718
7737 18181 3744365 1 698
7743 18181 3744375 1 656
7747 18183 3744385 1 609
7751 18185 3744395 1 560
7754 18187 3744405 1 507
7757 18190 3744415 1 454
7759 18194 3744425 1 399
7760 18198 3744435 1 344
7761 18202 3744445 1 290
7761 18206 3744455 1 237
7761 18210 3744465 1 187
7760 18213 3744475 1 140
7759 18217 3744485 1 97
7758 18220 3744495 1 69
7756 18222 3744505 1 69
7754 18224 3744515 1 68
7753 18225 3744525 1 68
7751 18225 3744535 1 68
7749 18226 3744545 1 67
7746 18225 3744555 1 66
7744 18224 3744565 1 66
7743 18222 3744575 1 66
7742 18220 3744585 1 65
7741 18217 3744595 1 65
7740 18215 3744605 1 64
7739 18213 3744615 1 64
7738 18210 3744625 1 64
7737 18206 3744635 1 63
7737 18202 3744645 1 63
7736 18199 3744655 1 62
7736 18192 3744665 1 62
7736 18188 3744675 1 61
7736 18187 3744685 1 61
7736 18186 3744695 1 66
7736 18183 3744705 1 114
7736 18182 3744715 1 169
7736 18181 3744725 1 228
7735 18180 3744735 1 292
7734 18180 3744745 1 359
7733 18180 3744755 1 427
7732 18182 3744765 1 495
7731 18183 3744775 1 562
7729 18184 3744785 1 628
7727 18186 3744795 1 690
7725 18189 3744805 1 747
7723 18191 3744815 1 798
7720 18194 3744825 1 842
7717 18197 3744835 1 878
7714 18200 3744845 1 904
7713 18202 3744855 1 915
7711 18204 3744865 1 920
7708 18208 3744875 1 922
7702 18216 3744885 1 906
7699 18220 3744895 1 896
7696 18224 3744905 1 885
7693 18227 3744915 1 873
7690 18230 3744925 1 860
7689 18232 3744935 1 853
7688 18234 3744945 1 847
7686 18236 3744955 1 834
7684 18237 3744965 1 822
7682 18238 3744975 1 811
7680 18238 3744985 1 799
7678 18237 3744995 1 782
7678 18236 3745005 1 774
7678 18235 3745015 1 771
7678 18234 3745025 1 769
7679 18231 3745035 1 763
7680 18229 3745045 1 759
7682 18226 3745055 1 757
7684 18224 3745065 1 754
7687 18221 3745075 1 753
7690 18218 3745085 1 752
7693 18216 3745095 1 752
7698 18213 3745105 1 753
7702 18211 3745115 1 755
7706 18208 3745125 1 757
7709 18205 3745135 1 759
7713 18203 3745145 1 762
7717 18201 3745155 1 766
7720 18198 3745165 1 770
7724 18196 3745175 1 774
7726 18195 3745185 1 776
7728 18195 3745195 1 778
7731 18193 3745205 1 783
7736 18191 3745215 1 793
7739 18190 3745225 1 797
7741 18189 3745235 1 803
7744 18189 3745245 1 808
7745 18189 3745255 1 813
7747 18188 3745265 1 816
7748 18189 3745275 1 818
7750 18189 3745285 1 822
7750 18189 3745295 1 827
7750 18189 3745305 1 831
7750 18189 3745315 1 835
7748 18189 3745325 1 842
7746 18188 3745335 1 845
7744 18188 3745345 1 847
7743 18189 3745355 1 848
7740 18189 3745365 1 850
7737 18190 3745375 1 852
7735 18191 3745385 1 854
7732 18192 3745395 1 856
7730 18193 3745405 1 858
7728 18195 3745415 1 859
7727 18196 3745425 1 860
7724 18198 3745435 1 861
7723 18200 3745445 1 862
7722 18202 3745455 1 862
7722 18203 3745465 1 863
7722 18205 3745475 1 863
7722 18206 3745485 1 863
7723 18208 3745495 1 863
7723 18209 3745505 1 864
7724 18210 3745515 1 864
7724 18211 3745525 1 864
7725 18212 3745535 1 863
7729 18214 3745545 1 863
7731 18214 3745555 1 864
7733 18215 3745565 1 864
7735 18215 3745575 1 864
7738 18215 3745585 1 864
7739 18215 3745595 1 864
7741 18214 3745605 1 864
7744 18214 3745615 1 864
7747 18213 3745625 1 864
7749 18212 3745635 1 864
7752 18211 3745645 1 864
7756 18209 3745655 1 865
7757 18208 3745665 1 865
7758 18207 3745675 1 866
7758 18205 3745685 1 866
7758 18203 3745695 1 868
7758 18202 3745705 1 868
7757 18200 3745715 1 869
7756 18198 3745725 1 870
7755 18196 3745735 1 871
7754 18194 3745745 1 872
7753 18193 3745755 1 873
7752 18192 3745765 1 874
7752 18191 3745775 1 875
7752 18190 3745785 1 876
7752 18189 3745795 1 877
7752 18189 3745805 1 878
7753 18188 3745815 1 880
7753 18188 3745825 1 881
7754 18188 3745835 1 882
7754 18188 3745845 1 882
7754 18188 3745855 1 883
7754 18188 3745865 1 885
7753 18188 3745875 1 887
7753 18189 3745885 1 888
7752 18190 3745895 1 889
7751 18190 3745905 1 890
7751 18192 3745915 1 891
7750 18192 3745925 1 892
7750 18193 3745935 1 892
7749 18194 3745945 1 893
7749 18195 3745955 1 894
7748 18195 3745965 1 895
7748 18196 3745975 1 895
7747 18197 3745985 1 898
7746 18197 3745995 1 899
7746 18197 3746005 1 899
7746 18197 3746015 1 900
7745 18197 3746025 1 901
7745 18198 3746035 1 901
7744 18198 3746045 1 902
7743 18198 3746055 1 903
7742 18198 3746065 1 904
7741 18197 3746075 1 905
7740 18197 3746085 1 905
7739 18196 3746095 1 906
7737 18195 3746105 1 907
7736 18194 3746115 1 908
7734 18193 3746125 1 909
7733 18192 3746135 1 910
7732 18191 3746145 1 910
7731 18190 3746155 1 912
7730 18189 3746165 1 913
7729 18189 3746175 1 913
7729 18189 3746185 1 914
7729 18189 3746195 1 914
7729 18190 3746205 1 916
7729 18191 3746215 1 918
7729 18192 3746225 1 919
7730 18193 3746235 1 920
7732 18194 3746245 1 921
7733 18195 3746255 1 922
7733 18196 3746265 1 922
7735 18197 3746275 1 924
7736 18199 3746285 1 924
7737 18200 3746295 1 925
7738 18202 3746305 1 926
7741 18205 3746315 1 929
7742 18207 3746325 1 930
7743 18208 3746335 1 930
7743 18209 3746345 1 931
7744 18211 3746355 1 931
7745 18212 3746365 1 932
7746 18214 3746375 1 934
7748 18215 3746385 1 935
7749 18217 3746395 1 936
7751 18218 3746405 1 937
7752 18219 3746415 1 938
7753 18220 3746425 1 939
7753 18222 3746435 1 940
7754 18224 3746445 1 941
7754 18225 3746455 1 942
7753 18226 3746465 1 943
7753 18227 3746475 1 945
7752 18228 3746485 1 946
7751 18229 3746495 1 947
7750 18229 3746505 1 947
7749 18228 3746515 1 947
7748 18228 3746525 1 949
7745 18226 3746535 1 951
7743 18224 3746545 1 952
7741 18222 3746555 1 953
7740 18219 3746565 1 954
7739 18216 3746575 1 955
7739 18214 3746585 1 956
7739 18213 3746595 1 956
7738 18209 3746605 1 958
7738 18206 3746615 1 959
7737 18203 3746625 1 959
7737 18199 3746635 1 960
7736 18192 3746645 1 963
7736 18189 3746655 1 964
7736 18187 3746665 1 965
7736 18185 3746675 1 965
7736 18182 3746685 1 966
7736 18178 3746695 1 967
7736 18175 3746705 1 968
7737 18172 3746715 1 969
7738 18169 3746725 1 971
7739 18167 3746735 1 971
7741 18165 3746745 1 972
7743 18164 3746755 1 974
7745 18164 3746765 1 975
7747 18163 3746775 1 976
7749 18163 3746785 1 976
7751 18164 3746795 1 978
7753 18164 3746805 1 979
7755 18165 3746815 1 980
7757 18166 3746825 1 982
7758 18167 3746835 1 982
7760 18167 3746845 1 982
7762 18169 3746855 1 983
7765 18172 3746865 1 986
7767 18175 3746875 1 987
7767 18177 3746885 1 987
7768 18179 3746895 1 989
7768 18181 3746905 1 990
7767 18182 3746915 1 991
7766 18183 3746925 1 991
7765 18185 3746935 1 992
7763 18187 3746945 1 993
7761 18189 3746955 1 994
7759 18190 3746965 1 995
7755 18192 3746975 1 997
7754 18192 3746985 1 998
7752 18192 3746995 1 999
7751 18191 3747005 1 1000
7749 18192 3747015 1 1001
7748 18192 3747025 1 1001
7748 18192 3747035 1 1003
7747 18192 3747045 1 1004
7747 18193 3747055 1 1005
7747 18194 3747065 1 1006
7747 18194 3747075 1 1007
7747 18196 3747085 1 1007
7748 18197 3747095 1 1007
7749 18197 3747105 1 1007
7751 18198 3747115 1 1006
7752 18199 3747125 1 1006
7753 18200 3747135 1 1006
7754 18201 3747145 1 1006
7756 18201 3747155 1 1006
7757 18202 3747165 1 1006
7759 18202 3747175 1 1006
7761 18202 3747185 1 1005
7765 18203 3747195 1 1005
7768 18204 3747205 1 1005
7770 18204 3747215 1 1005
7772 18204 3747225 1 1005
7774 18205 3747235 1 1004
7776 18205 3747245 1 1004
7777 18205 3747255 1 1004
7778 18205 3747265 1 1004
7780 18204 3747275 1 1004
7781 18204 3747285 1 1004
7782 18203 3747295 1 1004
7784 18202 3747305 1 1003
7785 18202 3747315 1 1003
7786 18201 3747325 1 1003
7786 18201 3747335 1 1003
7787 18201 3747345 1 1003
7788 18200 3747355 1 1002
7789 18199 3747365 1 1002
7789 18198 3747375 1 1002
7790 18198 3747385 1 1002
7790 18197 3747395 1 1002
7790 18196 3747405 1 1002
7789 18195 3747415 1 1001
7789 18194 3747425 1 1001
7789 18194 3747435 1 1001
7788 18193 3747445 1 1001
7788 18193 3747455 1 1001
7787 18193 3747465 1 1001
7786 18194 3747475 1 977
7785 18195 3747485 1 933
7785 18195 3747495 1 911
7785 18196 3747505 1 886
7784 18197 3747515 1 836
7782 18200 3747525 1 725
7780 18201 3747535 1 666
7779 18203 3747545 1 606
7777 18205 3747555 1 544
7775 18206 3747565 1 482
7774 18207 3747575 1 450
7773 18208 3747585 1 420
7772 18210 3747595 1 357
7770 18212 3747605 1 295
7769 18213 3747615 1 234
7768 18214 3747625 1 176
7767 18216 3747635 1 67
7767 18216 3747645 1 68
7767 18215 3747655 1 68
7767 18215 3747665 1 68
7768 18214 3747675 1 69
7768 18213 3747685 1 69
7769 18212 3747695 1 70
7770 18210 3747705 1 70
7771 18209 3747715 1 70
7772 18207 3747725 1 71
7773 18205 3747735 1 71
7775 18203 3747745 1 72
7776 18202 3747755 1 72
7776 18200 3747765 1 73
7777 18197 3747775 1 73
7778 18196 3747785 1 74
7779 18193 3747795 1 74
7780 18191 3747805 1 74
7782 18189 3747815 1 75
7782 18189 3747825 1 75
7783 18189 3747835 1 76
7784 18187 3747845 1 76
7786 18186 3747855 1 77
7787 18186 3747865 1 77
7788 18186 3747875 1 78
7789 18187 3747885 1 78
7789 18188 3747895 1 78
7789 18189 3747905 1 79
7789 18190 3747915 1 79
7789 18192 3747925 1 111
7788 18194 3747935 1 165
7788 18196 3747945 1 221
7787 18198 3747955 1 279
7785 18203 3747965 1 400
7784 18205 3747975 1 461
7782 18207 3747985 1 522
7781 18209 3747995 1 583
7779 18212 3748005 1 644
7777 18214 3748015 1 702
7775 18216 3748025 1 760
7773 18218 3748035 1 817
7770 18220 3748045 1 870
7768 18222 3748055 1 921
7767 18224 3748065 1 969
7764 18225 3748075 1 990
7764 18226 3748085 1 990
7764 18227 3748095 1 990
7764 18227 3748105 1 990
7766 18227 3748115 1 990
7768 18227 3748125 1 990
7770 18226 3748135 1 990
7772 18226 3748145 1 989
7774 18225 3748155 1 989
7777 18223 3748165 1 989
7779 18222 3748175 1 989
7783 18219 3748185 1 989
7784 18217 3748195 1 988
7785 18216 3748205 1 988
7786 18214 3748215 1 988
7787 18213 3748225 1 988
7787 18213 3748235 1 988
7787 18212 3748245 1 988
7787 18212 3748255 1 988
7786 18212 3748265 1 987
7785 18212 3748275 1 987
7784 18212 3748285 1 987
7781 18213 3748295 1 987
7780 18214 3748305 1 987
7779 18214 3748315 1 986
7778 18215 3748325 1 986
7777 18216 3748335 1 986
7776 18217 3748345 1 986
7776 18218 3748355 1 986
7775 18219 3748365 1 986
7775 18220 3748375 1 986
7776 18220 3748385 1 985
7776 18220 3748395 1 985
7778 18220 3748405 1 985
7780 18219 3748415 1 985
7781 18218 3748425 1 985
7783 18217 3748435 1 985
7784 18215 3748445 1 984
7786 18214 3748455 1 984
7787 18212 3748465 1 984
7789 18210 3748475 1 984
7790 18209 3748485 1 984
7792 18207 3748495 1 984
7793 18205 3748505 1 983
7795 18202 3748515 1 983
7796 18200 3748525 1 983
7797 18199 3748535 1 983
7797 18198 3748545 1 983
7797 18197 3748555 1 983
7797 18197 3748565 1 982
7797 18196 3748575 1 982
7797 18197 3748585 1 982
7797 18197 3748595 1 982
7797 18197 3748605 1 982
7797 18198 3748615 1 982
7798 18200 3748625 1 981
7800 18201 3748635 1 981
7801 18203 3748645 1 981
7803 18205 3748655 1 950
7804 18206 3748665 1 915
7806 18207 3748675 1 877
7807 18209 3748685 1 836
7809 18209 3748695 1 791
7810 18210 3748705 1 744
7811 18211 3748715 1 693
7811 18211 3748725 1 639
