7669 18240 3479395 1 939
7628 18197 3479405 1 940
7621 18188 3479415 1 940
7619 18185 3479425 1 940
7619 18184 3479435 1 799
7614 18178 3479445 1 664
7618 18180 3479455 1 436
7619 18181 3479465 1 386
7619 18181 3479475 1 344
7621 18183 3479485 1 265
7621 18184 3479495 1 212
7622 18185 3479505 1 211
7621 18186 3479515 1 210
7620 18186 3479525 1 209
7619 18186 3479535 1 208
7618 18186 3479545 1 207
7616 18186 3479555 1 206
7614 18186 3479565 1 206
7611 18185 3479575 1 204
7608 18184 3479585 1 203
7606 18183 3479595 1 203
7604 18182 3479605 1 202
7602 18181 3479615 1 203
7601 18181 3479625 1 223
7597 18179 3479635 1 289
7594 18177 3479645 1 336
7592 18176 3479655 1 384
7590 18174 3479665 1 431
7588 18172 3479675 1 479
7587 18171 3479685 1 526
7587 18169 3479695 1 593
7588 18168 3479705 1 613
7589 18168 3479715 1 653
7591 18168 3479725 1 688
7594 18169 3479735 1 719
7597 18171 3479745 1 746
7605 18176 3479755 1 787
7608 18179 3479765 1 802
7610 18182 3479775 1 809
7612 18186 3479785 1 813
7615 18191 3479795 1 822
7618 18196 3479805 1 827
7624 18208 3479815 1 830
7625 18214 3479825 1 829
7627 18220 3479835 1 825
7628 18226 3479845 1 819
7629 18229 3479855 1 816
7629 18232 3479865 1 813
7627 18244 3479875 1 796
7626 18250 3479885 1 787
7624 18255 3479895 1 777
7622 18260 3479905 1 767
7619 18265 3479915 1 757
7616 18269 3479925 1 748
7613 18272 3479935 1 739
7610 18274 3479945 1 731
7606 18276 3479955 1 724
7603 18278 3479965 1 718
7599 18278 3479975 1 714
7596 18278 3479985 1 713
7590 18275 3479995 1 716
7590 18273 3480005 1 717
7590 18272 3480015 1 720
7589 18268 3480025 1 727
7588 18264 3480035 1 735
7589 18259 3480045 1 745
7591 18248 3480055 1 766
7594 18242 3480065 1 777
7597 18235 3480075 1 789
7599 18232 3480085 1 795
7601 18228 3480095 1 800
7605 18221 3480105 1 811
7614 18208 3480115 1 830
7619 18201 3480125 1 837
7625 18195 3480135 1 843
7630 18189 3480145 1 846
7636 18183 3480155 1 848
7638 18181 3480165 1 848
7646 18174 3480175 1 842
7652 18170 3480185 1 834
7657 18167 3480195 1 823
7663 18164 3480205 1 808
7668 18162 3480215 1 789
7673 18161 3480225 1 765
7681 18160 3480235 1 721
7684 18161 3480245 1 703
7688 18161 3480255 1 665
7693 18163 3480265 1 623
7697 18165 3480275 1 578
7700 18167 3480285 1 531
7705 18173 3480295 1 433
7707 18177 3480305 1 384
7708 18178 3480315 1 359
7709 18180 3480325 1 334
7709 18183 3480335 1 286
7709 18187 3480345 1 241
7709 18193 3480355 1 159
7708 18195 3480365 1 133
7707 18198 3480375 1 133
7707 18199 3480385 1 132
7706 18200 3480395 1 131
7706 18200 3480405 1 130
7706 18200 3480415 1 129
7705 18199 3480425 1 128
7705 18198 3480435 1 127
7705 18196 3480445 1 126
7705 18195 3480455 1 126
7706 18192 3480465 1 125
7707 18190 3480475 1 123
7707 18188 3480485 1 123
7707 18185 3480495 1 122
7708 18183 3480505 1 121
7708 18180 3480515 1 120
7708 18178 3480525 1 120
7709 18172 3480535 1 118
7709 18171 3480545 1 117
7709 18169 3480555 1 121
7708 18167 3480565 1 165
7708 18165 3480575 1 215
7707 18163 3480585 1 270
7704 18161 3480595 1 390
7703 18161 3480605 1 452
7701 18163 3480615 1 515
7700 18163 3480625 1 546
7698 18165 3480635 1 576
7696 18167 3480645 1 637
7691 18173 3480655 1 747
7688 18177 3480665 1 794
7685 18182 3480675 1 835
7682 18186 3480685 1 868
7679 18190 3480695 1 892
7677 18193 3480705 1 902
7671 18200 3480715 1 910
7668 18204 3480725 1 903
7666 18208 3480735 1 894
7663 18212 3480745 1 885
7661 18215 3480755 1 875
7659 18218 3480765 1 864
7657 18222 3480775 1 846
7657 18223 3480785 1 840
7655 18224 3480795 1 828
7654 18225 3480805 1 816
7654 18225 3480815 1 806
7653 18225 3480825 1 796
7652 18223 3480835 1 779
7652 18221 3480845 1 772
7653 18220 3480855 1 770
7653 18219 3480865 1 767
7654 18217 3480875 1 762
7655 18215 3480885 1 758
7659 18211 3480895 1 753
7661 18209 3480905 1 752
7663 18207 3480915 1 751
7666 18205 3480925 1 751
7667 18204 3480935 1 752
7668 18203 3480945 1 752
7674 18199 3480955 1 756
7677 18197 3480965 1 758
7680 18194 3480975 1 761
7683 18192 3480985 1 765
7686 18190 3480995 1 768
7689 18188 3481005 1 772
7692 18186 3481015 1 777
7694 18184 3481025 1 781
7696 18183 3481035 1 786
7698 18182 3481045 1 790
7699 18181 3481055 1 795
7700 18180 3481065 1 800
7700 18178 3481075 1 809
7700 18177 3481085 1 812
7700 18177 3481095 1 814
7699 18176 3481105 1 819
7698 18176 3481115 1 823
7697 18176 3481125 1 827
7696 18176 3481135 1 835
7695 18176 3481145 1 837
7694 18176 3481155 1 840
7694 18176 3481165 1 842
7694 18176 3481175 1 843
7694 18176 3481185 1 845
7694 18176 3481195 1 849
7694 18176 3481205 1 851
7694 18175 3481215 1 853
7694 18175 3481225 1 854
7695 18175 3481235 1 855
7695 18175 3481245 1 856
7696 18176 3481255 1 857
7697 18176 3481265 1 858
7698 18177 3481275 1 859
7699 18178 3481285 1 859
7701 18179 3481295 1 859
7702 18181 3481305 1 859
7704 18183 3481315 1 860
7705 18184 3481325 1 860
7707 18186 3481335 1 860
7708 18188 3481345 1 860
7709 18189 3481355 1 860
7710 18191 3481365 1 860
7712 18194 3481375 1 860
7713 18195 3481385 1 860
7713 18195 3481395 1 860
7713 18196 3481405 1 861
7713 18197 3481415 1 861
7714 18197 3481425 1 861
7714 18198 3481435 1 861
7714 18198 3481445 1 861
7714 18198 3481455 1 862
7714 18198 3481465 1 862
7714 18198 3481475 1 864
7714 18198 3481485 1 864
7714 18197 3481495 1 865
7714 18196 3481505 1 866
7713 18196 3481515 1 867
7712 18195 3481525 1 868
7711 18194 3481535 1 869
7710 18193 3481545 1 870
7707 18191 3481555 1 872
7706 18190 3481565 1 873
7704 18189 3481575 1 874
7703 18188 3481585 1 875
7701 18186 3481595 1 876
7700 18185 3481605 1 878
7697 18183 3481615 1 880
7696 18182 3481625 1 880
7695 18182 3481635 1 882
7694 18182 3481645 1 883
7693 18181 3481655 1 884
7693 18181 3481665 1 885
7692 18181 3481675 1 887
7692 18182 3481685 1 888
7692 18182 3481695 1 890
7693 18182 3481705 1 891
7694 18182 3481715 1 891
7695 18183 3481725 1 892
7696 18184 3481735 1 894
7697 18185 3481745 1 894
7698 18186 3481755 1 896
7699 18186 3481765 1 897
7700 18187 3481775 1 898
7701 18188 3481785 1 898
7702 18188 3481795 1 900
7702 18189 3481805 1 901
7702 18189 3481815 1 902
7702 18188 3481825 1 903
7701 18188 3481835 1 904
7701 18187 3481845 1 905
7700 18186 3481855 1 907
7700 18185 3481865 1 906
7699 18184 3481875 1 907
7698 18182 3481885 1 908
7697 18181 3481895 1 909
7695 18179 3481905 1 910
7693 18176 3481915 1 911
7692 18174 3481925 1 912
7691 18174 3481935 1 912
7690 18173 3481945 1 913
7689 18172 3481955 1 914
7688 18171 3481965 1 914
7687 18170 3481975 1 917
7686 18170 3481985 1 918
7686 18170 3481995 1 919
7686 18170 3482005 1 919
7686 18171 3482015 1 920
7686 18171 3482025 1 920
7687 18173 3482035 1 922
7688 18174 3482045 1 923
7688 18175 3482055 1 924
7689 18177 3482065 1 925
7691 18179 3482075 1 927
7692 18181 3482085 1 927
7694 18183 3482095 1 928
7696 18185 3482105 1 929
7699 18187 3482115 1 929
7701 18190 3482125 1 931
7703 18192 3482135 1 932
7706 18195 3482145 1 933
7710 18199 3482155 1 934
7711 18201 3482165 1 935
7712 18202 3482175 1 936
7713 18204 3482185 1 936
7714 18206 3482195 1 937
7716 18207 3482205 1 938
7718 18209 3482215 1 940
7719 18210 3482225 1 941
7719 18211 3482235 1 942
7720 18211 3482245 1 943
7720 18211 3482255 1 942
7720 18211 3482265 1 944
7719 18209 3482275 1 946
7719 18208 3482285 1 946
7718 18206 3482295 1 948
7718 18204 3482305 1 949
7717 18202 3482315 1 949
7716 18200 3482325 1 950
7714 18195 3482335 1 952
7712 18192 3482345 1 952
7711 18189 3482355 1 953
7711 18185 3482365 1 954
7710 18182 3482375 1 955
7710 18179 3482385 1 956
7710 18174 3482395 1 957
7710 18172 3482405 1 957
7710 18169 3482415 1 959
7710 18166 3482425 1 959
7710 18163 3482435 1 960
7710 18161 3482445 1 961
7710 18157 3482455 1 963
7710 18155 3482465 1 964
7710 18154 3482475 1 964
7710 18154 3482485 1 965
7710 18153 3482495 1 966
7710 18152 3482505 1 966
7711 18152 3482515 1 969
7711 18152 3482525 1 969
7712 18153 3482535 1 970
7712 18154 3482545 1 972
7712 18154 3482555 1 971
7712 18155 3482565 1 972
7712 18158 3482575 1 973
7711 18159 3482585 1 975
7711 18161 3482595 1 976
7711 18162 3482605 1 976
7710 18164 3482615 1 978
7710 18166 3482625 1 978
7709 18167 3482635 1 979
7709 18169 3482645 1 980
7710 18171 3482655 1 981
7710 18173 3482665 1 982
7711 18175 3482675 1 982
7711 18176 3482685 1 984
7712 18180 3482695 1 985
7712 18180 3482705 1 986
7712 18181 3482715 1 986
7713 18182 3482725 1 987
7713 18182 3482735 1 987
7714 18183 3482745 1 989
7715 18183 3482755 1 990
7716 18183 3482765 1 992
7717 18183 3482775 1 992
7718 18183 3482785 1 992
7718 18182 3482795 1 992
7719 18182 3482805 1 991
7721 18182 3482815 1 991
7721 18182 3482825 1 990
7722 18182 3482835 1 990
7722 18182 3482845 1 990
7723 18182 3482855 1 990
7723 18183 3482865 1 989
7723 18183 3482875 1 989
7723 18183 3482885 1 988
7723 18184 3482895 1 988
7723 18184 3482905 1 988
7724 18184 3482915 1 987
7724 18185 3482925 1 987
7725 18186 3482935 1 987
7725 18187 3482945 1 986
7725 18187 3482955 1 986
7727 18188 3482965 1 986
7728 18189 3482975 1 985
7729 18189 3482985 1 985
7732 18190 3482995 1 985
7733 18190 3483005 1 984
7735 18190 3483015 1 984
7736 18191 3483025 1 984
7737 18191 3483035 1 983
7739 18190 3483045 1 983
7742 18190 3483055 1 983
7744 18189 3483065 1 982
7745 18188 3483075 1 982
7746 18187 3483085 1 982
7747 18187 3483095 1 981
7748 18186 3483105 1 981
7749 18185 3483115 1 980
7749 18184 3483125 1 980
7748 18183 3483135 1 980
7747 18183 3483145 1 980
7746 18182 3483155 1 957
7745 18182 3483165 1 918
7743 18182 3483175 1 874
7742 18182 3483185 1 828
7741 18183 3483195 1 778
7740 18183 3483205 1 726
7738 18184 3483215 1 673
7736 18185 3483225 1 618
7733 18188 3483235 1 505
7732 18188 3483245 1 476
7731 18189 3483255 1 448
7729 18190 3483265 1 391
7727 18192 3483275 1 335
7725 18193 3483285 1 280
7722 18194 3483295 1 177
7721 18195 3483305 1 130
7721 18196 3483315 1 130
7720 18196 3483325 1 131
7720 18196 3483335 1 132
7720 18195 3483345 1 133
7720 18194 3483355 1 134
7720 18193 3483365 1 135
7720 18191 3483375 1 136
7721 18190 3483385 1 136
7722 18188 3483395 1 137
7722 18187 3483405 1 138
7723 18185 3483415 1 140
7724 18184 3483425 1 140
7725 18183 3483435 1 141
7726 18182 3483445 1 142
7727 18181 3483455 1 143
7728 18180 3483465 1 143
7730 18178 3483475 1 145
7730 18177 3483485 1 146
7731 18176 3483495 1 146
7731 18175 3483505 1 147
7732 18174 3483515 1 148
7732 18174 3483525 1 149
7732 18175 3483535 1 150
7732 18176 3483545 1 151
7732 18177 3483555 1 152
7731 18178 3483565 1 153
7731 18179 3483575 1 181
7731 18180 3483585 1 229
7731 18183 3483595 1 332
7731 18184 3483605 1 385
7731 18185 3483615 1 439
7731 18186 3483625 1 493
7732 18187 3483635 1 547
7732 18189 3483645 1 602
7733 18191 3483655 1 707
7734 18192 3483665 1 758
7734 18193 3483675 1 808
7735 18194 3483685 1 854
7735 18195 3483695 1 899
7736 18196 3483705 1 941
7737 18197 3483715 1 960
7738 18198 3483725 1 960
7738 18198 3483735 1 959
7739 18198 3483745 1 959
7739 18198 3483755 1 959
7739 18198 3483765 1 958
7740 18198 3483775 1 958
7740 18197 3483785 1 958
7741 18197 3483795 1 957
7741 18196 3483805 1 957
7741 18196 3483815 1 957
7741 18195 3483825 1 956
7741 18195 3483835 1 956
7741 18195 3483845 1 956
7741 18195 3483855 1 955
7741 18195 3483865 1 955
7740 18195 3483875 1 955
7739 18196 3483885 1 954
7737 18196 3483895 1 954
7736 18197 3483905 1 954
7735 18198 3483915 1 953
7734 18198 3483925 1 953
7733 18199 3483935 1 953
7732 18199 3483945 1 952
7730 18198 3483955 1 952
7728 18198 3483965 1 951
7727 18197 3483975 1 951
7726 18196 3483985 1 951
7725 18196 3483995 1 951
7724 18195 3484005 1 950
7723 18194 3484015 1 950
7723 18193 3484025 1 949
7723 18192 3484035 1 949
7723 18190 3484045 1 949
7724 18189 3484055 1 949
7726 18187 3484065 1 948
7730 18185 3484075 1 948
7732 18184 3484085 1 947
7735 18184 3484095 1 947
7737 18183 3484105 1 947
7740 18183 3484115 1 946
7743 18182 3484125 1 946
7749 18183 3484135 1 946
7751 18183 3484145 1 945
7753 18183 3484155 1 945
7755 18184 3484165 1 945
7756 18184 3484175 1 944
7758 18185 3484185 1 944
7759 18187 3484195 1 944
7759 18188 3484205 1 943
7759 18189 3484215 1 943
7759 18190 3484225 1 943
7758 18191 3484235 1 942
7757 18193 3484245 1 942
7756 18195 3484255 1 916
7755 18196 3484265 1 887
7754 18196 3484275 1 855
7753 18197 3484285 1 821
7752 18197 3484295 1 783
7752 18197 3484305 1 744
7751 18197 3484315 1 656
7750 18196 3484325 1 608
