8511 18856 3156406 1 728
8286 18628 3156416 1 720
8171 18511 3156426 1 717
8128 18466 3156436 1 715
8121 18456 3156446 1 712
8120 18450 3156456 1 710
8120 18445 3156466 1 709
8114 18435 3156476 1 706
8116 18432 3156486 1 705
8118 18429 3156496 1 704
8120 18425 3156506 1 703
8121 18424 3156516 1 703
8122 18422 3156526 1 702
8123 18420 3156536 1 702
8123 18418 3156546 1 702
8125 18416 3156556 1 701
8126 18413 3156566 1 701
8126 18412 3156576 1 701
8127 18411 3156586 1 702
8126 18411 3156596 1 702
8125 18412 3156606 1 702
8124 18413 3156616 1 702
8123 18414 3156626 1 702
8122 18414 3156636 1 703
8120 18416 3156646 1 703
8119 18417 3156656 1 704
8118 18418 3156666 1 704
8116 18419 3156676 1 704
8114 18420 3156686 1 705
8113 18419 3156696 1 706
8113 18419 3156706 1 707
8113 18418 3156716 1 707
8114 18416 3156726 1 708
8115 18415 3156736 1 709
8116 18413 3156746 1 709
8119 18411 3156756 1 709
8122 18407 3156766 1 711
8126 18406 3156776 1 711
8130 18404 3156786 1 712
8132 18400 3156796 1 712
8134 18396 3156806 1 713
8135 18392 3156816 1 713
8136 18389 3156826 1 713
8137 18386 3156836 1 714
8137 18386 3156846 1 714
8137 18385 3156856 1 714
8137 18385 3156866 1 714
8136 18387 3156876 1 714
8136 18391 3156886 1 713
8134 18393 3156896 1 713
8133 18397 3156906 1 713
8133 18405 3156916 1 713
8135 18414 3156926 1 712
8137 18426 3156936 1 712
8139 18440 3156946 1 712
8140 18447 3156956 1 712
8142 18455 3156966 1 711
8145 18471 3156976 1 711
8149 18488 3156986 1 711
8152 18506 3156996 1 711
8157 18524 3157006 1 711
8160 18532 3157016 1 712
8164 18541 3157026 1 712
8169 18558 3157036 1 712
8174 18574 3157046 1 713
8177 18589 3157056 1 715
8179 18596 3157066 1 716
8179 18602 3157076 1 717
8179 18614 3157086 1 718
8177 18623 3157096 1 720
8173 18631 3157106 1 723
8166 18636 3157116 1 725
8157 18638 3157126 1 728
8149 18639 3157136 1 730
8140 18639 3157146 1 733
8127 18637 3157156 1 737
8115 18634 3157166 1 741
8109 18632 3157176 1 743
8103 18629 3157186 1 745
8093 18622 3157196 1 749
8084 18615 3157206 1 755
8078 18606 3157216 1 759
8075 18597 3157226 1 763
8074 18588 3157236 1 766
8075 18578 3157246 1 769
8080 18574 3157256 1 771
8085 18570 3157266 1 772
8091 18560 3157276 1 773
8094 18554 3157286 1 775
8097 18550 3157296 1 775
8103 18540 3157306 1 776
8109 18531 3157316 1 774
8115 18523 3157326 1 772
8120 18515 3157336 1 770
8125 18508 3157346 1 765
8130 18502 3157356 1 760
8135 18498 3157366 1 753
8137 18494 3157376 1 749
8139 18492 3157386 1 744
8141 18491 3157396 1 739
8144 18491 3157406 1 733
8149 18491 3157416 1 723
8154 18492 3157426 1 713
8160 18494 3157436 1 705
8165 18498 3157446 1 701
8171 18501 3157456 1 702
8176 18505 3157466 1 710
8181 18509 3157476 1 725
8185 18512 3157486 1 750
8186 18515 3157496 1 765
8186 18516 3157506 1 770
8186 18517 3157516 1 785
8189 18518 3157526 1 828
8191 18517 3157536 1 877
8192 18516 3157546 1 930
8193 18513 3157556 1 982
8194 18509 3157566 1 1001
8194 18504 3157576 1 1001
8193 18499 3157586 1 1002
8192 18494 3157596 1 1002
8191 18489 3157606 1 1002
8190 18487 3157616 1 1002
8189 18486 3157626 1 1003
8187 18483 3157636 1 1002
8186 18480 3157646 1 1002
8185 18478 3157656 1 1002
8185 18477 3157666 1 1002
8184 18476 3157676 1 1003
8184 18476 3157686 1 898
8185 18477 3157696 1 764
8186 18477 3157706 1 599
8188 18478 3157716 1 419
8189 18478 3157726 1 319
8190 18478 3157736 1 240
8192 18477 3157746 1 126
8194 18476 3157756 1 80
8197 18475 3157766 1 79
8200 18474 3157776 1 79
8204 18472 3157786 1 77
8208 18471 3157796 1 76
8211 18469 3157806 1 75
8215 18468 3157816 1 74
8219 18467 3157826 1 74
8221 18467 3157836 1 73
8223 18466 3157846 1 72
8226 18466 3157856 1 71
8229 18466 3157866 1 71
8231 18466 3157876 1 70
8233 18465 3157886 1 87
8234 18463 3157896 1 184
8234 18461 3157906 1 288
8233 18457 3157916 1 392
8232 18454 3157926 1 497
8229 18451 3157936 1 599
8228 18450 3157946 1 649
8227 18448 3157956 1 695
8224 18446 3157966 1 783
8220 18444 3157976 1 859
8218 18442 3157986 1 894
8215 18442 3157996 1 924
8211 18442 3158006 1 980
8208 18444 3158016 1 1009
8204 18447 3158026 1 1010
8201 18452 3158036 1 1010
8197 18457 3158046 1 1010
8196 18460 3158056 1 1010
8195 18464 3158066 1 1011
8192 18471 3158076 1 1011
8190 18479 3158086 1 1011
8188 18487 3158096 1 1011
8188 18492 3158106 1 1012
8188 18497 3158116 1 1011
8187 18504 3158126 1 1011
8186 18511 3158136 1 1011
8184 18518 3158146 1 1012
8183 18525 3158156 1 1012
8182 18528 3158166 1 1015
8181 18530 3158176 1 1012
8178 18535 3158186 1 993
8175 18540 3158196 1 965
8172 18543 3158206 1 938
8169 18546 3158216 1 911
8167 18547 3158226 1 897
8166 18547 3158236 1 885
8164 18548 3158246 1 861
8163 18548 3158256 1 840
8163 18547 3158266 1 820
8163 18547 3158276 1 811
8163 18546 3158286 1 805
8164 18545 3158296 1 794
8164 18544 3158306 1 787
8165 18542 3158316 1 783
8166 18541 3158326 1 782
8166 18539 3158336 1 783
8167 18538 3158346 1 785
8166 18536 3158356 1 787
8166 18534 3158366 1 791
8165 18533 3158376 1 797
8165 18532 3158386 1 800
8164 18531 3158396 1 803
8163 18530 3158406 1 809
8162 18529 3158416 1 815
8161 18528 3158426 1 820
8160 18528 3158436 1 824
8160 18528 3158446 1 827
8160 18529 3158456 1 831
8161 18530 3158466 1 832
8163 18531 3158476 1 832
8165 18532 3158486 1 834
8167 18533 3158496 1 834
8169 18534 3158506 1 834
8173 18536 3158516 1 835
8177 18538 3158526 1 835
8182 18539 3158536 1 834
8186 18541 3158546 1 834
8190 18541 3158556 1 833
8193 18541 3158566 1 832
8195 18541 3158576 1 831
8196 18540 3158586 1 831
8195 18539 3158596 1 831
8195 18539 3158606 1 830
8193 18538 3158616 1 830
8190 18537 3158626 1 830
8187 18535 3158636 1 828
8182 18534 3158646 1 828
8178 18533 3158656 1 828
8173 18531 3158666 1 830
8169 18530 3158676 1 830
8165 18529 3158686 1 830
8163 18528 3158696 1 831
8161 18528 3158706 1 831
8161 18528 3158716 1 831
8161 18527 3158726 1 832
8161 18526 3158736 1 833
8161 18524 3158746 1 834
8162 18523 3158756 1 835
8163 18521 3158766 1 836
8163 18519 3158776 1 837
8163 18516 3158786 1 838
8163 18513 3158796 1 839
8162 18510 3158806 1 841
8160 18506 3158816 1 842
8159 18505 3158826 1 842
8158 18504 3158836 1 843
8156 18502 3158846 1 844
8155 18498 3158856 1 845
8154 18494 3158866 1 847
8154 18490 3158876 1 848
8156 18486 3158886 1 850
8158 18483 3158896 1 851
8163 18480 3158906 1 853
8168 18478 3158916 1 854
8174 18476 3158926 1 856
8178 18475 3158936 1 856
8182 18475 3158946 1 857
8189 18475 3158956 1 858
8196 18476 3158966 1 859
8204 18477 3158976 1 860
8212 18479 3158986 1 862
8218 18480 3158996 1 863
8223 18483 3159006 1 864
8226 18485 3159016 1 866
8229 18487 3159026 1 867
8230 18489 3159036 1 868
8230 18490 3159046 1 868
8229 18490 3159056 1 869
8228 18491 3159066 1 870
8226 18491 3159076 1 871
8223 18491 3159086 1 871
8221 18491 3159096 1 872
8220 18491 3159106 1 873
8218 18490 3159116 1 874
8217 18491 3159126 1 875
8216 18491 3159136 1 876
8216 18492 3159146 1 877
8216 18492 3159156 1 878
8216 18493 3159166 1 878
8216 18495 3159176 1 879
8216 18497 3159186 1 880
8215 18498 3159196 1 880
8214 18500 3159206 1 880
8213 18503 3159216 1 881
8211 18507 3159226 1 882
8209 18510 3159236 1 883
8206 18513 3159246 1 884
8203 18517 3159256 1 884
8201 18518 3159266 1 884
8200 18520 3159276 1 885
8197 18522 3159286 1 886
8195 18525 3159296 1 886
8193 18528 3159306 1 887
8192 18529 3159316 1 887
8191 18530 3159326 1 888
8190 18532 3159336 1 888
8189 18534 3159346 1 889
8189 18536 3159356 1 891
8189 18539 3159366 1 891
8189 18540 3159376 1 891
8189 18540 3159386 1 892
8188 18542 3159396 1 893
8188 18544 3159406 1 894
8188 18545 3159416 1 894
8189 18546 3159426 1 895
8190 18546 3159436 1 895
8192 18547 3159446 1 896
8194 18547 3159456 1 896
8197 18546 3159466 1 897
8201 18546 3159476 1 898
8203 18545 3159486 1 899
8205 18544 3159496 1 899
8210 18542 3159506 1 899
8215 18539 3159516 1 900
8220 18535 3159526 1 901
8225 18530 3159536 1 902
8229 18526 3159546 1 902
8232 18523 3159556 1 903
8233 18520 3159566 1 903
8234 18514 3159576 1 904
8234 18508 3159586 1 905
8234 18506 3159596 1 906
8233 18503 3159606 1 906
8231 18498 3159616 1 906
8229 18493 3159626 1 907
8227 18488 3159636 1 908
8225 18484 3159646 1 909
8223 18481 3159656 1 910
8222 18477 3159666 1 910
8222 18476 3159676 1 912
8222 18474 3159686 1 912
8222 18472 3159696 1 913
8222 18470 3159706 1 913
8222 18469 3159716 1 914
8223 18467 3159726 1 915
8223 18466 3159736 1 915
8223 18465 3159746 1 916
8223 18465 3159756 1 917
8222 18465 3159766 1 918
8222 18465 3159776 1 918
8220 18466 3159786 1 919
8219 18468 3159796 1 920
8217 18469 3159806 1 920
8216 18470 3159816 1 921
8215 18470 3159826 1 921
8213 18472 3159836 1 921
8211 18473 3159846 1 922
8209 18474 3159856 1 923
8207 18476 3159866 1 924
8206 18477 3159876 1 924
8204 18478 3159886 1 925
8203 18479 3159896 1 926
8202 18480 3159906 1 928
8201 18479 3159916 1 928
8200 18479 3159926 1 927
8200 18479 3159936 1 928
8200 18480 3159946 1 929
8200 18480 3159956 1 930
8200 18481 3159966 1 930
8200 18482 3159976 1 931
8201 18484 3159986 1 932
8203 18486 3159996 1 932
8204 18488 3160006 1 933
8206 18490 3160016 1 934
8210 18493 3160026 1 934
8211 18494 3160036 1 935
8213 18495 3160046 1 935
8218 18497 3160056 1 935
8223 18500 3160066 1 936
8229 18503 3160076 1 936
8234 18506 3160086 1 937
8238 18507 3160096 1 938
8242 18508 3160106 1 938
8244 18509 3160116 1 939
8244 18509 3160126 1 941
8242 18508 3160136 1 941
8240 18507 3160146 1 941
8238 18507 3160156 1 942
8232 18506 3160166 1 942
8226 18505 3160176 1 943
8217 18504 3160186 1 943
8207 18504 3160196 1 944
8197 18503 3160206 1 944
8188 18504 3160216 1 945
8180 18504 3160226 1 946
8174 18506 3160236 1 946
8170 18507 3160246 1 947
8168 18508 3160256 1 948
8168 18509 3160266 1 948
8168 18511 3160276 1 948
8171 18513 3160286 1 949
8175 18514 3160296 1 949
8181 18516 3160306 1 949
8188 18519 3160316 1 950
8194 18520 3160326 1 952
8201 18521 3160336 1 952
8207 18522 3160346 1 953
8206 18522 3160356 1 953
8205 18522 3160366 1 953
8201 18522 3160376 1 954
8190 18522 3160386 1 955
8175 18521 3160396 1 955
8166 18519 3160406 1 956
8155 18517 3160416 1 956
8134 18517 3160426 1 956
8112 18517 3160436 1 957
8090 18519 3160446 1 958
8067 18521 3160456 1 958
8050 18522 3160466 1 959
8039 18518 3160476 1 959
8033 18509 3160486 1 960
8032 18496 3160496 1 960
8036 18479 3160506 1 962
8041 18471 3160516 1 962
8049 18462 3160526 1 963
8060 18438 3160536 1 963
8074 18412 3160546 1 964
8090 18384 3160556 1 964
8107 18357 3160566 1 965
8126 18336 3160576 1 965
8144 18321 3160586 1 966
8162 18312 3160596 1 966
8180 18308 3160606 1 967
8197 18309 3160616 1 967
8204 18310 3160626 1 968
8210 18314 3160636 1 968
8223 18324 3160646 1 968
8234 18337 3160656 1 969
8242 18353 3160666 1 971
8249 18371 3160676 1 971
8253 18391 3160686 1 972
8255 18411 3160696 1 972
8255 18432 3160706 1 973
8251 18452 3160716 1 973
8246 18473 3160726 1 974
8239 18492 3160736 1 974
8230 18511 3160746 1 975
8219 18528 3160756 1 975
8207 18544 3160766 1 976
8194 18559 3160776 1 976
8180 18571 3160786 1 977
8166 18580 3160796 1 977
8153 18587 3160806 1 977
8140 18591 3160816 1 979
8128 18591 3160826 1 979
8118 18589 3160836 1 980
8110 18583 3160846 1 980
8104 18575 3160856 1 981
8100 18564 3160866 1 981
8100 18550 3160876 1 981
8102 18535 3160886 1 981
8107 18518 3160896 1 980
8115 18500 3160906 1 980
8127 18482 3160916 1 980
8141 18464 3160926 1 980
8159 18447 3160936 1 979
8181 18431 3160946 1 979
8199 18413 3160956 1 979
8222 18398 3160966 1 978
8252 18386 3160976 1 978
8288 18377 3160986 1 978
