8304 18189 2471112 1 718
8240 18133 2471122 1 716
8230 18120 2471132 1 713
8227 18113 2471142 1 711
8227 18107 2471152 1 710
8219 18095 2471162 1 708
8222 18092 2471172 1 707
8225 18089 2471182 1 706
8227 18085 2471192 1 705
8230 18083 2471202 1 704
8231 18082 2471212 1 704
8231 18082 2471222 1 704
8232 18081 2471232 1 703
8234 18081 2471242 1 703
8235 18081 2471252 1 703
8236 18082 2471262 1 703
8238 18084 2471272 1 703
8239 18087 2471282 1 703
8242 18089 2471292 1 703
8244 18092 2471302 1 704
8247 18095 2471312 1 704
8251 18096 2471322 1 705
8256 18096 2471332 1 705
8259 18096 2471342 1 705
8262 18094 2471352 1 706
8264 18091 2471362 1 707
8265 18086 2471372 1 708
8267 18079 2471382 1 709
8268 18072 2471392 1 710
8270 18064 2471402 1 711
8272 18056 2471412 1 711
8275 18048 2471422 1 712
8279 18044 2471432 1 712
8283 18042 2471442 1 713
8286 18038 2471452 1 713
8290 18036 2471462 1 714
8292 18035 2471472 1 714
8294 18036 2471482 1 714
8296 18039 2471492 1 715
8297 18042 2471502 1 715
8297 18046 2471512 1 715
8296 18052 2471522 1 715
8294 18058 2471532 1 714
8288 18060 2471542 1 714
8281 18062 2471552 1 714
8277 18068 2471562 1 714
8273 18076 2471572 1 713
8270 18085 2471582 1 713
8267 18096 2471592 1 713
8265 18110 2471602 1 712
8263 18126 2471612 1 712
8261 18144 2471622 1 712
8258 18164 2471632 1 712
8255 18187 2471642 1 712
8251 18199 2471652 1 713
8247 18213 2471662 1 713
8244 18238 2471672 1 713
8242 18264 2471682 1 715
8241 18289 2471692 1 716
8240 18312 2471702 1 718
8241 18333 2471712 1 719
8243 18351 2471722 1 721
8246 18365 2471732 1 724
8250 18374 2471742 1 726
8254 18380 2471752 1 729
8262 18381 2471762 1 731
8269 18379 2471772 1 733
8272 18374 2471782 1 738
8273 18365 2471792 1 742
8271 18337 2471802 1 750
8267 18320 2471812 1 755
8262 18302 2471822 1 759
8255 18284 2471832 1 763
8248 18267 2471842 1 767
8240 18251 2471852 1 770
8234 18243 2471862 1 772
8228 18237 2471872 1 773
8220 18225 2471882 1 774
8214 18214 2471892 1 776
8209 18206 2471902 1 776
8206 18199 2471912 1 775
8204 18194 2471922 1 773
8204 18190 2471932 1 771
8205 18187 2471942 1 766
8207 18185 2471952 1 761
8210 18183 2471962 1 753
8211 18183 2471972 1 749
8212 18182 2471982 1 744
8217 18182 2471992 1 734
8223 18182 2472002 1 724
8229 18183 2472012 1 713
8236 18185 2472022 1 706
8244 18186 2472032 1 702
8252 18188 2472042 1 703
8259 18190 2472052 1 710
8267 18192 2472062 1 726
8273 18193 2472072 1 750
8275 18194 2472082 1 766
8276 18195 2472092 1 785
8279 18196 2472102 1 828
8281 18196 2472112 1 877
8281 18195 2472122 1 929
8281 18194 2472132 1 981
8280 18193 2472142 1 1000
8281 18190 2472152 1 1000
8282 18188 2472162 1 1001
8286 18185 2472172 1 1001
8291 18182 2472182 1 1001
8298 18178 2472192 1 1001
8306 18174 2472202 1 1001
8316 18168 2472212 1 1001
8327 18162 2472222 1 1001
8337 18155 2472232 1 1001
8346 18148 2472242 1 1002
8354 18141 2472252 1 898
8360 18136 2472262 1 764
8363 18131 2472272 1 601
8365 18128 2472282 1 421
8364 18127 2472292 1 243
8360 18126 2472302 1 130
8356 18128 2472312 1 84
8350 18131 2472322 1 83
8344 18135 2472332 1 83
8339 18139 2472342 1 81
8335 18143 2472352 1 80
8332 18147 2472362 1 79
8331 18151 2472372 1 78
8333 18154 2472382 1 77
8337 18156 2472392 1 75
8343 18157 2472402 1 75
8350 18158 2472412 1 75
8358 18158 2472422 1 74
8367 18156 2472432 1 90
8375 18152 2472442 1 187
8382 18148 2472452 1 290
8387 18144 2472462 1 394
8389 18139 2472472 1 499
8388 18135 2472482 1 600
8379 18129 2472492 1 783
8370 18128 2472502 1 859
8361 18126 2472512 1 894
8351 18126 2472522 1 924
8340 18127 2472532 1 980
8329 18129 2472542 1 1008
8321 18132 2472552 1 1009
8315 18136 2472562 1 1009
8311 18141 2472572 1 1009
8311 18146 2472582 1 1010
8314 18151 2472592 1 1010
8320 18156 2472602 1 1010
8328 18160 2472612 1 1010
8338 18160 2472622 1 1011
8349 18160 2472632 1 1011
8358 18163 2472642 1 1011
8366 18166 2472652 1 1011
8372 18169 2472662 1 1012
8375 18172 2472672 1 1012
8376 18176 2472682 1 1012
8374 18180 2472692 1 992
8370 18184 2472702 1 965
8363 18189 2472712 1 938
8355 18194 2472722 1 910
8346 18198 2472732 1 897
8335 18203 2472742 1 885
8324 18209 2472752 1 861
8313 18214 2472762 1 840
8302 18218 2472772 1 820
8293 18222 2472782 1 805
8286 18224 2472792 1 794
8281 18225 2472802 1 787
8279 18225 2472812 1 783
8279 18224 2472822 1 782
8282 18222 2472832 1 783
8288 18220 2472842 1 785
8295 18218 2472852 1 787
8305 18216 2472862 1 791
8315 18214 2472872 1 797
8326 18212 2472882 1 803
8336 18211 2472892 1 809
8345 18210 2472902 1 815
8351 18209 2472912 1 820
8355 18209 2472922 1 824
8356 18209 2472932 1 827
8354 18210 2472942 1 831
8350 18211 2472952 1 832
8345 18212 2472962 1 832
8339 18214 2472972 1 834
8333 18217 2472982 1 834
8327 18219 2472992 1 835
8323 18222 2473002 1 835
8319 18225 2473012 1 834
8316 18227 2473022 1 834
8313 18230 2473032 1 833
8311 18231 2473042 1 832
8309 18233 2473052 1 831
8307 18234 2473062 1 831
8304 18234 2473072 1 831
8300 18234 2473082 1 830
8296 18233 2473092 1 830
8290 18231 2473102 1 828
8284 18229 2473112 1 828
8277 18227 2473122 1 828
8270 18224 2473132 1 830
8264 18221 2473142 1 830
8259 18217 2473152 1 830
8255 18213 2473162 1 831
8253 18210 2473172 1 831
8254 18203 2473182 1 833
8257 18199 2473192 1 834
8262 18195 2473202 1 835
8269 18190 2473212 1 836
8277 18187 2473222 1 837
8285 18183 2473232 1 838
8293 18179 2473242 1 839
8300 18176 2473252 1 841
8306 18172 2473262 1 842
8311 18172 2473272 1 843
8313 18171 2473282 1 844
8313 18168 2473292 1 845
8311 18165 2473302 1 847
8308 18162 2473312 1 848
8303 18159 2473322 1 850
8298 18156 2473332 1 851
8293 18154 2473342 1 853
8289 18151 2473352 1 854
8287 18148 2473362 1 856
8288 18146 2473372 1 857
8291 18145 2473382 1 858
8296 18144 2473392 1 859
8305 18143 2473402 1 860
8315 18143 2473412 1 862
8325 18143 2473422 1 863
8334 18145 2473432 1 864
8342 18146 2473442 1 866
8347 18148 2473452 1 867
8349 18150 2473462 1 868
8347 18151 2473472 1 869
8341 18153 2473482 1 870
8331 18154 2473492 1 871
8317 18154 2473502 1 871
8302 18156 2473512 1 872
8286 18157 2473522 1 873
8269 18159 2473532 1 874
8254 18162 2473542 1 875
8241 18165 2473552 1 876
8232 18169 2473562 1 877
8228 18173 2473572 1 878
8229 18178 2473582 1 879
8236 18183 2473592 1 880
8248 18188 2473602 1 880
8263 18192 2473612 1 880
8283 18198 2473622 1 881
8303 18204 2473632 1 882
8324 18209 2473642 1 883
8343 18214 2473652 1 884
8360 18218 2473662 1 884
8374 18222 2473672 1 885
8384 18225 2473682 1 886
8390 18229 2473692 1 886
8392 18231 2473702 1 887
8391 18232 2473712 1 887
8387 18232 2473722 1 888
8380 18234 2473732 1 888
8373 18237 2473742 1 889
8366 18240 2473752 1 890
8359 18243 2473762 1 890
8355 18245 2473772 1 891
8352 18246 2473782 1 892
8351 18248 2473792 1 893
8353 18248 2473802 1 893
8355 18247 2473812 1 894
8358 18245 2473822 1 894
8361 18242 2473832 1 895
8363 18239 2473842 1 896
8363 18235 2473852 1 897
8361 18230 2473862 1 898
8353 18221 2473872 1 899
8347 18215 2473882 1 900
8341 18211 2473892 1 901
8336 18206 2473902 1 902
8332 18203 2473912 1 902
8330 18203 2473922 1 903
8330 18203 2473932 1 903
8333 18201 2473942 1 904
8338 18200 2473952 1 905
8345 18199 2473962 1 906
8352 18197 2473972 1 906
8361 18196 2473982 1 907
8369 18194 2473992 1 908
8376 18192 2474002 1 909
8382 18190 2474012 1 910
8387 18187 2474022 1 910
8388 18186 2474032 1 911
8388 18184 2474042 1 911
8384 18179 2474052 1 912
8378 18174 2474062 1 913
8369 18168 2474072 1 914
8359 18162 2474082 1 914
8348 18157 2474092 1 915
8337 18151 2474102 1 916
8327 18146 2474112 1 917
8319 18142 2474122 1 917
8314 18140 2474132 1 918
8312 18138 2474142 1 920
8312 18138 2474152 1 920
8315 18138 2474162 1 921
8320 18139 2474172 1 921
8325 18141 2474182 1 922
8331 18144 2474192 1 923
8337 18147 2474202 1 924
8343 18149 2474212 1 924
8347 18152 2474222 1 925
8351 18154 2474232 1 926
8354 18156 2474242 1 927
8355 18156 2474252 1 927
8356 18156 2474262 1 927
8358 18157 2474272 1 928
8359 18157 2474282 1 929
8362 18159 2474292 1 929
8365 18161 2474302 1 930
8369 18163 2474312 1 931
8374 18166 2474322 1 931
8379 18169 2474332 1 932
8384 18172 2474342 1 933
8389 18175 2474352 1 933
8392 18177 2474362 1 934
8394 18178 2474372 1 934
8394 18181 2474382 1 935
8392 18182 2474392 1 935
8386 18183 2474402 1 937
8379 18183 2474412 1 938
8370 18183 2474422 1 938
8359 18183 2474432 1 939
8349 18182 2474442 1 940
8340 18182 2474452 1 940
8332 18182 2474462 1 941
8327 18183 2474472 1 941
8325 18184 2474482 1 942
8324 18185 2474492 1 942
8326 18185 2474502 1 943
8329 18186 2474512 1 943
8333 18187 2474522 1 944
8337 18188 2474532 1 945
8340 18188 2474542 1 945
8342 18188 2474552 1 946
8339 18189 2474562 1 947
8335 18188 2474572 1 948
8330 18187 2474582 1 948
8325 18188 2474592 1 948
8321 18188 2474602 1 949
8317 18188 2474612 1 950
8315 18189 2474622 1 951
8315 18190 2474632 1 952
8310 18192 2474642 1 952
8301 18194 2474652 1 953
8288 18198 2474662 1 954
8271 18201 2474672 1 954
8265 18205 2474682 1 955
8257 18209 2474692 1 955
8236 18215 2474702 1 955
8212 18222 2474712 1 956
8186 18228 2474722 1 957
8159 18235 2474732 1 957
8138 18239 2474742 1 958
8124 18234 2474752 1 958
8115 18222 2474762 1 959
8111 18203 2474772 1 959
8112 18178 2474782 1 960
8113 18164 2474792 1 960
8117 18147 2474802 1 961
8126 18114 2474812 1 961
8138 18077 2474822 1 962
8153 18040 2474832 1 963
8170 18004 2474842 1 964
8188 17977 2474852 1 964
8207 17958 2474862 1 965
8227 17946 2474872 1 965
8248 17941 2474882 1 966
8268 17943 2474892 1 966
8278 17946 2474902 1 967
8288 17951 2474912 1 967
8311 17965 2474922 1 967
8335 17982 2474932 1 968
8360 18003 2474942 1 969
8383 18027 2474952 1 969
8404 18053 2474962 1 970
8423 18080 2474972 1 970
8438 18107 2474982 1 971
8448 18135 2474992 1 971
8452 18162 2475002 1 972
8451 18187 2475012 1 972
8443 18211 2475022 1 974
8431 18233 2475032 1 974
8414 18253 2475042 1 975
8395 18270 2475052 1 975
8373 18283 2475062 1 976
8351 18293 2475072 1 976
8328 18299 2475082 1 976
8306 18301 2475092 1 977
8285 18298 2475102 1 977
8266 18291 2475112 1 978
8249 18280 2475122 1 978
8234 18266 2475132 1 979
8223 18248 2475142 1 979
8215 18228 2475152 1 979
8211 18206 2475162 1 979
8212 18182 2475172 1 978
8217 18158 2475182 1 978
8229 18134 2475192 1 978
8246 18111 2475202 1 978
8270 18089 2475212 1 977
8301 18069 2475222 1 977
8328 18048 2475232 1 977
8364 18031 2475242 1 976
8468 18009 2475252 1 976
