7613 18671 2619606 1 668
7603 18662 2619616 1 670
7599 18659 2619626 1 672
7598 18657 2619636 1 674
7590 18650 2619646 1 675
7591 18650 2619656 1 676
7591 18650 2619666 1 677
7592 18651 2619676 1 678
7592 18651 2619686 1 678
7593 18651 2619696 1 680
7593 18652 2619706 1 681
7593 18652 2619716 1 682
7593 18653 2619726 1 682
7592 18654 2619736 1 683
7592 18654 2619746 1 683
7592 18655 2619756 1 684
7591 18655 2619766 1 684
7591 18655 2619776 1 684
7590 18654 2619786 1 685
7590 18654 2619796 1 685
7590 18654 2619806 1 686
7590 18654 2619816 1 686
7591 18654 2619826 1 687
7591 18654 2619836 1 687
7592 18654 2619846 1 687
7593 18654 2619856 1 688
7595 18654 2619866 1 689
7597 18654 2619876 1 689
7599 18654 2619886 1 691
7600 18655 2619896 1 691
7604 18655 2619906 1 692
7605 18655 2619916 1 693
7607 18656 2619926 1 694
7609 18657 2619936 1 698
7611 18657 2619946 1 703
7613 18658 2619956 1 710
7615 18659 2619966 1 718
7617 18660 2619976 1 727
7619 18661 2619986 1 738
7621 18662 2619996 1 749
7624 18662 2620006 1 761
7625 18663 2620016 1 773
7627 18663 2620026 1 787
7628 18664 2620036 1 800
7629 18665 2620046 1 814
7629 18665 2620056 1 828
7630 18666 2620066 1 842
7630 18667 2620076 1 856
7630 18667 2620086 1 863
7630 18668 2620096 1 870
7629 18671 2620106 1 896
7628 18673 2620116 1 908
7628 18675 2620126 1 909
7627 18677 2620136 1 909
7625 18680 2620146 1 909
7624 18682 2620156 1 909
7623 18683 2620166 1 910
7622 18684 2620176 1 910
7620 18687 2620186 1 910
7619 18689 2620196 1 910
7615 18694 2620206 1 911
7613 18697 2620216 1 911
7611 18699 2620226 1 912
7609 18702 2620236 1 912
7608 18703 2620246 1 912
7607 18704 2620256 1 912
7605 18707 2620266 1 913
7604 18710 2620276 1 913
7602 18712 2620286 1 897
7601 18714 2620296 1 876
7599 18717 2620306 1 825
7599 18718 2620316 1 795
7599 18719 2620326 1 779
7599 18719 2620336 1 761
7599 18719 2620346 1 722
7599 18719 2620356 1 681
7600 18719 2620366 1 635
7600 18718 2620376 1 587
7600 18717 2620386 1 535
7600 18715 2620396 1 482
7600 18713 2620406 1 397
7600 18712 2620416 1 368
7599 18709 2620426 1 309
7599 18707 2620436 1 256
7598 18704 2620446 1 255
7598 18701 2620456 1 255
7598 18697 2620466 1 254
7597 18693 2620476 1 253
7597 18689 2620486 1 253
7597 18687 2620496 1 252
7597 18681 2620506 1 251
7598 18677 2620516 1 250
7599 18672 2620526 1 249
7600 18668 2620536 1 249
7602 18663 2620546 1 248
7603 18658 2620556 1 247
7605 18653 2620566 1 247
7606 18651 2620576 1 246
7608 18648 2620586 1 246
7609 18642 2620596 1 245
7612 18631 2620606 1 244
7613 18626 2620616 1 243
7614 18621 2620626 1 242
7615 18615 2620636 1 242
7615 18611 2620646 1 241
7615 18608 2620656 1 240
7615 18606 2620666 1 240
7615 18601 2620676 1 239
7615 18597 2620686 1 239
7614 18593 2620696 1 238
7613 18587 2620706 1 237
7613 18585 2620716 1 236
7612 18583 2620726 1 235
7612 18582 2620736 1 235
7612 18581 2620746 1 234
7611 18579 2620756 1 233
7611 18578 2620766 1 294
7610 18577 2620776 1 435
7610 18577 2620786 1 590
7610 18577 2620796 1 758
7609 18578 2620806 1 928
7608 18579 2620816 1 929
7608 18579 2620826 1 929
7608 18580 2620836 1 929
7608 18581 2620846 1 929
7609 18582 2620856 1 930
7610 18583 2620866 1 930
7611 18585 2620876 1 930
7612 18586 2620886 1 931
7613 18587 2620896 1 931
7615 18588 2620906 1 931
7617 18589 2620916 1 932
7620 18591 2620926 1 932
7623 18593 2620936 1 932
7626 18594 2620946 1 932
7630 18596 2620956 1 933
7635 18599 2620966 1 933
7639 18601 2620976 1 933
7643 18602 2620986 1 933
7646 18604 2620996 1 934
7655 18610 2621006 1 934
7660 18613 2621016 1 934
7664 18616 2621026 1 935
7669 18618 2621036 1 935
7673 18621 2621046 1 935
7677 18623 2621056 1 936
7679 18625 2621066 1 936
7681 18626 2621076 1 936
7685 18628 2621086 1 936
7688 18629 2621096 1 937
7695 18631 2621106 1 937
7698 18631 2621116 1 937
7701 18631 2621126 1 938
7703 18631 2621136 1 938
7705 18630 2621146 1 938
7705 18630 2621156 1 938
7708 18629 2621166 1 939
7709 18628 2621176 1 939
7711 18627 2621186 1 939
7713 18626 2621196 1 940
7716 18624 2621206 1 940
7717 18623 2621216 1 794
7718 18622 2621226 1 414
7718 18621 2621236 1 200
7718 18621 2621246 1 199
7719 18620 2621256 1 198
7719 18619 2621266 1 198
7719 18619 2621276 1 197
7719 18619 2621286 1 196
7719 18619 2621296 1 196
7718 18619 2621306 1 194
7718 18619 2621316 1 194
7716 18620 2621326 1 193
7715 18620 2621336 1 193
7713 18621 2621346 1 192
7710 18622 2621356 1 191
7708 18623 2621366 1 191
7705 18625 2621376 1 190
7703 18627 2621386 1 189
7701 18628 2621396 1 189
7695 18631 2621406 1 187
7692 18633 2621416 1 187
7689 18635 2621426 1 186
7686 18636 2621436 1 185
7683 18637 2621446 1 185
7680 18638 2621456 1 184
7678 18638 2621466 1 184
7676 18638 2621476 1 183
7674 18638 2621486 1 182
7672 18638 2621496 1 182
7668 18638 2621506 1 180
7666 18638 2621516 1 180
7665 18637 2621526 1 179
7664 18637 2621536 1 225
7664 18636 2621546 1 444
7664 18636 2621556 1 557
7665 18635 2621566 1 645
7665 18634 2621576 1 825
7666 18633 2621586 1 951
7667 18632 2621596 1 951
7670 18630 2621606 1 952
7672 18629 2621616 1 952
7674 18628 2621626 1 952
7676 18627 2621636 1 952
7677 18627 2621646 1 953
7679 18626 2621656 1 953
7681 18626 2621666 1 953
7682 18626 2621676 1 954
7684 18625 2621686 1 954
7685 18625 2621696 1 954
7687 18625 2621706 1 955
7688 18626 2621716 1 955
7689 18626 2621726 1 955
7690 18627 2621736 1 955
7692 18628 2621746 1 956
7693 18629 2621756 1 956
7694 18629 2621766 1 956
7696 18630 2621776 1 956
7697 18631 2621786 1 912
7699 18632 2621796 1 847
7700 18633 2621806 1 784
7701 18633 2621816 1 724
7702 18634 2621826 1 668
7703 18635 2621836 1 616
7703 18635 2621846 1 566
7704 18636 2621856 1 521
7703 18637 2621866 1 477
7704 18638 2621876 1 438
7703 18638 2621886 1 418
7703 18638 2621896 1 400
7702 18638 2621906 1 335
7702 18638 2621916 1 306
7701 18638 2621926 1 281
7701 18638 2621936 1 257
7701 18638 2621946 1 237
7701 18638 2621956 1 219
7701 18638 2621966 1 210
7701 18638 2621976 1 203
7701 18638 2621986 1 189
7701 18639 2621996 1 178
7702 18641 2622006 1 164
7702 18642 2622016 1 159
7702 18643 2622026 1 157
7703 18644 2622036 1 156
7703 18646 2622046 1 156
7703 18647 2622056 1 156
7703 18648 2622066 1 160
7703 18649 2622076 1 165
7702 18651 2622086 1 172
7702 18652 2622096 1 180
7701 18653 2622106 1 200
7700 18654 2622116 1 213
7700 18654 2622126 1 220
7700 18654 2622136 1 226
7699 18654 2622146 1 241
7699 18654 2622156 1 258
7698 18654 2622166 1 275
7698 18654 2622176 1 293
7697 18653 2622186 1 313
7696 18653 2622196 1 333
7694 18652 2622206 1 364
7693 18651 2622216 1 375
7692 18650 2622226 1 397
7692 18650 2622236 1 420
7691 18650 2622246 1 443
7691 18650 2622256 1 468
7690 18650 2622266 1 491
7690 18650 2622276 1 516
7690 18650 2622286 1 540
7689 18650 2622296 1 553
7688 18652 2622306 1 589
7688 18653 2622316 1 614
7687 18654 2622326 1 639
7687 18655 2622336 1 663
7687 18656 2622346 1 687
7688 18657 2622356 1 711
7688 18658 2622366 1 734
7688 18659 2622376 1 746
7689 18660 2622386 1 757
7690 18660 2622396 1 780
7692 18662 2622406 1 822
7694 18662 2622416 1 842
7695 18663 2622426 1 860
7696 18663 2622436 1 879
7698 18663 2622446 1 896
7698 18663 2622456 1 905
7699 18663 2622466 1 912
7700 18662 2622476 1 927
7701 18662 2622486 1 941
7702 18661 2622496 1 953
7704 18658 2622506 1 974
7705 18657 2622516 1 978
7706 18655 2622526 1 978
7706 18654 2622536 1 979
7706 18653 2622546 1 979
7707 18652 2622556 1 979
7708 18651 2622566 1 979
7708 18650 2622576 1 980
7709 18649 2622586 1 980
7710 18648 2622596 1 980
7711 18646 2622606 1 981
7711 18645 2622616 1 981
7711 18644 2622626 1 981
7712 18642 2622636 1 982
7712 18641 2622646 1 982
7713 18639 2622656 1 982
7714 18638 2622666 1 982
7714 18637 2622676 1 983
7715 18636 2622686 1 983
7716 18635 2622696 1 983
7717 18634 2622706 1 984
7718 18633 2622716 1 984
7718 18632 2622726 1 984
7719 18632 2622736 1 984
7719 18631 2622746 1 985
7719 18630 2622756 1 985
7719 18630 2622766 1 985
7719 18630 2622776 1 985
7719 18630 2622786 1 986
7719 18630 2622796 1 986
7717 18629 2622806 1 981
7716 18629 2622816 1 977
7715 18629 2622826 1 974
7713 18629 2622836 1 971
7711 18629 2622846 1 967
7709 18629 2622856 1 964
7707 18630 2622866 1 963
7705 18630 2622876 1 961
7703 18630 2622886 1 959
7700 18630 2622896 1 957
7696 18631 2622906 1 954
7694 18631 2622916 1 953
7692 18631 2622926 1 953
7691 18632 2622936 1 953
7690 18632 2622946 1 953
7689 18632 2622956 1 953
7688 18632 2622966 1 954
7688 18632 2622976 1 955
7687 18632 2622986 1 955
7687 18632 2622996 1 957
7686 18631 2623006 1 959
7686 18631 2623016 1 961
7686 18631 2623026 1 962
7686 18630 2623036 1 963
7686 18630 2623046 1 966
7686 18630 2623056 1 968
7686 18630 2623066 1 970
7686 18630 2623076 1 972
7686 18630 2623086 1 975
7686 18629 2623096 1 977
7686 18629 2623106 1 980
7686 18629 2623116 1 981
7685 18629 2623126 1 983
7685 18629 2623136 1 985
7684 18630 2623146 1 987
7684 18630 2623156 1 989
7684 18630 2623166 1 991
7683 18630 2623176 1 993
7683 18630 2623186 1 995
7683 18630 2623196 1 996
7682 18630 2623206 1 998
7682 18629 2623216 1 998
7682 18629 2623226 1 999
7682 18628 2623236 1 999
7682 18628 2623246 1 999
7682 18627 2623256 1 999
7682 18626 2623266 1 1000
7682 18626 2623276 1 1000
7682 18626 2623286 1 1000
7682 18625 2623296 1 1001
7683 18625 2623306 1 1001
7684 18624 2623316 1 1001
7684 18624 2623326 1 1002
7685 18624 2623336 1 1002
7686 18623 2623346 1 1002
7687 18623 2623356 1 1002
7688 18623 2623366 1 1003
7689 18622 2623376 1 1003
7690 18622 2623386 1 1003
7691 18621 2623396 1 1003
7693 18620 2623406 1 1004
7693 18620 2623416 1 1004
7693 18619 2623426 1 1004
7693 18619 2623436 1 1005
7693 18619 2623446 1 1005
7693 18619 2623456 1 1005
7692 18619 2623466 1 1006
7692 18620 2623476 1 1006
7692 18621 2623486 1 1006
7692 18621 2623496 1 1006
7693 18623 2623506 1 1007
7692 18624 2623516 1 1007
7692 18625 2623526 1 1007
7693 18626 2623536 1 1008
7693 18626 2623546 1 1008
7694 18626 2623556 1 1008
7695 18627 2623566 1 1008
7696 18626 2623576 1 1009
7697 18626 2623586 1 1009
7698 18625 2623596 1 1009
7698 18624 2623606 1 1010
7699 18623 2623616 1 1010
7700 18622 2623626 1 1010
7700 18621 2623636 1 1011
7700 18621 2623646 1 1011
7701 18620 2623656 1 1011
7701 18620 2623666 1 1011
7702 18619 2623676 1 1012
7702 18619 2623686 1 1012
7702 18619 2623696 1 1012
7704 18619 2623706 1 1013
7705 18619 2623716 1 1013
7706 18619 2623726 1 1013
7708 18620 2623736 1 1013
7709 18620 2623746 1 1014
7710 18621 2623756 1 1014
7711 18622 2623766 1 1014
7712 18623 2623776 1 1015
7713 18625 2623786 1 1015
7714 18626 2623796 1 1015
7716 18630 2623806 1 1016
7717 18631 2623816 1 1016
7717 18632 2623826 1 1016
7718 18633 2623836 1 1016
7718 18634 2623846 1 1017
7718 18634 2623856 1 1017
7719 18635 2623866 1 1017
7719 18636 2623876 1 1017
7719 18636 2623886 1 1018
7720 18637 2623896 1 1018
7720 18638 2623906 1 1018
7721 18639 2623916 1 1019
7721 18640 2623926 1 1019
7721 18640 2623936 1 1019
7722 18641 2623946 1 1020
7722 18642 2623956 1 1020
7723 18643 2623966 1 1020
7723 18644 2623976 1 1020
7724 18646 2623986 1 1021
7725 18647 2623996 1 1021
7726 18648 2624006 1 1021
7727 18649 2624016 1 1022
7727 18650 2624026 1 1022
7728 18650 2624036 1 1022
7729 18651 2624046 1 1022
7729 18652 2624056 1 1023
7730 18653 2624066 1 1023
7730 18653 2624076 1 1023
7731 18654 2624086 1 1024
7731 18654 2624096 1 1023
7732 18655 2624106 1 1023
7732 18656 2624116 1 1022
7733 18656 2624126 1 1022
7733 18657 2624136 1 1022
7733 18657 2624146 1 1022
7733 18657 2624156 1 1021
7734 18658 2624166 1 1021
7734 18658 2624176 1 1021
7734 18658 2624186 1 1021
7735 18658 2624196 1 1020
7736 18658 2624206 1 1020
7737 18658 2624216 1 1020
7737 18657 2624226 1 1019
7737 18657 2624236 1 1019
7738 18656 2624246 1 1019
7738 18656 2624256 1 1018
7738 18656 2624266 1 1018
7738 18656 2624276 1 1018
7738 18655 2624286 1 1018
7738 18655 2624296 1 1017
7738 18654 2624306 1 1017
7738 18654 2624316 1 1017
7737 18653 2624326 1 1016
7737 18653 2624336 1 1016
7737 18653 2624346 1 1016
7736 18653 2624356 1 1016
7736 18653 2624366 1 1015
7735 18652 2624376 1 1015
7735 18652 2624386 1 1015
7734 18651 2624396 1 1015
7733 18649 2624406 1 1014
7732 18649 2624416 1 1014
7732 18649 2624426 1 1013
7731 18648 2624436 1 1013
7731 18648 2624446 1 1013
7730 18648 2624456 1 1013
7730 18648 2624466 1 1012
7729 18648 2624476 1 1012
7729 18649 2624486 1 1012
7729 18649 2624496 1 1012
7730 18650 2624506 1 1011
7731 18650 2624516 1 1011
7731 18650 2624526 1 1011
7732 18650 2624536 1 1010
7732 18650 2624546 1 1010
7733 18650 2624556 1 1010
7733 18650 2624566 1 1010
7733 18650 2624576 1 1009
7734 18649 2624586 1 1009
7734 18649 2624596 1 1009
7735 18647 2624606 1 1008
7736 18647 2624616 1 1008
7737 18646 2624626 1 1008
7738 18646 2624636 1 1007
7739 18645 2624646 1 1007
7739 18645 2624656 1 1007
7740 18644 2624666 1 1007
7740 18644 2624676 1 1006
7741 18644 2624686 1 1006
7741 18643 2624696 1 1006
7741 18642 2624706 1 1005
7742 18642 2624716 1 1005
7742 18642 2624726 1 1005
7741 18643 2624736 1 1004
7741 18643 2624746 1 1004
7741 18643 2624756 1 1004
7741 18644 2624766 1 1004
7741 18644 2624776 1 1003
7741 18644 2624786 1 1003
7741 18644 2624796 1 1003
7742 18644 2624806 1 1002
7742 18644 2624816 1 1002
7743 18644 2624826 1 1002
7743 18644 2624836 1 1002
7744 18644 2624846 1 1001
7745 18644 2624856 1 1001
7746 18644 2624866 1 1001
7747 18644 2624876 1 1001
7747 18644 2624886 1 1000
7748 18644 2624896 1 1000
7749 18643 2624906 1 999
7750 18642 2624916 1 999
7750 18641 2624926 1 999
7750 18640 2624936 1 999
7751 18639 2624946 1 998
7751 18639 2624956 1 998
7751 18638 2624966 1 998
7751 18637 2624976 1 998
7751 18637 2624986 1 997
7751 18637 2624996 1 997
7750 18637 2625006 1 997
7750 18637 2625016 1 996
7750 18638 2625026 1 996
7749 18638 2625036 1 996
7748 18639 2625046 1 996
7748 18641 2625056 1 995
7747 18642 2625066 1 995
7747 18643 2625076 1 995
7746 18644 2625086 1 994
7746 18645 2625096 1 994
7745 18647 2625106 1 994
7744 18648 2625116 1 993
7744 18648 2625126 1 993
7744 18648 2625136 1 993
7744 18649 2625146 1 993
7744 18649 2625156 1 992
7745 18649 2625166 1 992
7745 18649 2625176 1 992
7746 18649 2625186 1 992
7747 18649 2625196 1 991
7749 18649 2625206 1 991
7750 18649 2625216 1 990
7751 18649 2625226 1 990
7752 18649 2625236 1 990
7753 18648 2625246 1 990
7753 18648 2625256 1 989
7754 18648 2625266 1 989
7754 18647 2625276 1 989
7754 18647 2625286 1 989
7754 18646 2625296 1 988
7754 18645 2625306 1 988
7754 18644 2625316 1 988
7753 18644 2625326 1 987
7753 18644 2625336 1 987
7752 18644 2625346 1 987
7752 18643 2625356 1 987
7751 18643 2625366 1 986
7751 18642 2625376 1 986
7751 18642 2625386 1 986
7750 18641 2625396 1 985
7750 18640 2625406 1 985
7750 18639 2625416 1 985
7751 18638 2625426 1 984
7751 18637 2625436 1 984
7751 18636 2625446 1 984
7751 18635 2625456 1 984
7750 18633 2625466 1 983
7750 18632 2625476 1 983
7750 18631 2625486 1 983
7750 18629 2625496 1 983
7749 18627 2625506 1 982
7748 18626 2625516 1 982
7747 18625 2625526 1 982
7747 18625 2625536 1 981
7747 18624 2625546 1 981
7746 18625 2625556 1 981
7746 18625 2625566 1 980
7746 18626 2625576 1 980
7746 18627 2625586 1 980
7746 18629 2625596 1 932
7746 18632 2625606 1 826
7746 18634 2625616 1 770
7746 18635 2625626 1 712
7746 18637 2625636 1 653
7747 18638 2625646 1 623
7748 18639 2625656 1 592
7748 18640 2625666 1 531
7749 18641 2625676 1 468
7749 18642 2625686 1 405
7749 18643 2625696 1 342
7748 18646 2625706 1 214
7747 18647 2625716 1 150
7747 18648 2625726 1 115
7747 18648 2625736 1 116
7746 18649 2625746 1 116
7745 18650 2625756 1 117
7744 18650 2625766 1 118
7743 18651 2625776 1 118
7742 18651 2625786 1 119
7741 18651 2625796 1 120
7740 18651 2625806 1 121
7739 18650 2625816 1 122
7738 18650 2625826 1 122
7737 18649 2625836 1 123
7737 18648 2625846 1 123
7736 18647 2625856 1 124
7735 18646 2625866 1 125
7735 18645 2625876 1 125
7735 18644 2625886 1 126
7733 18643 2625896 1 127
7722 18641 2625906 1 128
7716 18641 2625916 1 129
7710 18641 2625926 1 129
7705 18641 2625936 1 130
7698 18641 2625946 1 131
7693 18642 2625956 1 131
7687 18643 2625966 1 132
7684 18644 2625976 1 132
7681 18645 2625986 1 133
7675 18646 2625996 1 134
7662 18648 2626006 1 135
7656 18650 2626016 1 136
7650 18651 2626026 1 136
7643 18652 2626036 1 137
7644 18654 2626046 1 138
7644 18655 2626056 1 138
7644 18656 2626066 1 139
7644 18657 2626076 1 139
7645 18659 2626086 1 140
7646 18660 2626096 1 141
7648 18662 2626106 1 142
7649 18662 2626116 1 143
7651 18663 2626126 1 143
7651 18663 2626136 1 144
7652 18663 2626146 1 145
7654 18664 2626156 1 145
7655 18664 2626166 1 174
7657 18665 2626176 1 299
7659 18665 2626186 1 431
7661 18665 2626196 1 573
7665 18665 2626206 1 882
7665 18665 2626216 1 961
7666 18664 2626226 1 961
7668 18664 2626236 1 961
7669 18663 2626246 1 961
7671 18663 2626256 1 960
7672 18662 2626266 1 960
7673 18662 2626276 1 960
7674 18661 2626286 1 960
7675 18661 2626296 1 959
7676 18660 2626306 1 959
7676 18659 2626316 1 959
7677 18658 2626326 1 958
7677 18657 2626336 1 958
7677 18656 2626346 1 958
7676 18655 2626356 1 957
7675 18654 2626366 1 957
7674 18653 2626376 1 957
7673 18653 2626386 1 957
7672 18653 2626396 1 956
7670 18653 2626406 1 956
7669 18652 2626416 1 956
7668 18652 2626426 1 955
7667 18652 2626436 1 955
7666 18651 2626446 1 955
7664 18651 2626456 1 955
7664 18650 2626466 1 954
7663 18650 2626476 1 954
7662 18648 2626486 1 954
7661 18647 2626496 1 954
7658 18645 2626506 1 953
7657 18644 2626516 1 953
7657 18643 2626526 1 952
7656 18641 2626536 1 952
7656 18641 2626546 1 952
7656 18640 2626556 1 952
7656 18638 2626566 1 951
7656 18637 2626576 1 951
7657 18636 2626586 1 951
7658 18635 2626596 1 951
7659 18633 2626606 1 950
7660 18632 2626616 1 950
7660 18632 2626626 1 950
7661 18631 2626636 1 949
7661 18630 2626646 1 949
7662 18630 2626656 1 949
7662 18629 2626666 1 686
7663 18628 2626676 1 182
7663 18628 2626686 1 182
7664 18627 2626696 1 183
7665 18627 2626706 1 184
7665 18627 2626716 1 185
7666 18627 2626726 1 185
7666 18627 2626736 1 186
7667 18627 2626746 1 187
7668 18627 2626756 1 187
7668 18627 2626766 1 188
7668 18628 2626776 1 189
7669 18628 2626786 1 189
7669 18628 2626796 1 190
7669 18628 2626806 1 191
7670 18628 2626816 1 192
7670 18628 2626826 1 193
7671 18628 2626836 1 193
7671 18628 2626846 1 194
7672 18628 2626856 1 194
7673 18629 2626866 1 195
7673 18629 2626876 1 549
7674 18629 2626886 1 942
7675 18629 2626896 1 942
7677 18629 2626906 1 791
7677 18630 2626916 1 625
7678 18630 2626926 1 498
7678 18630 2626936 1 406
7679 18631 2626946 1 347
7679 18631 2626956 1 324
7679 18631 2626966 1 318
7679 18632 2626976 1 315
7679 18632 2626986 1 335
7679 18632 2626996 1 375
7678 18633 2627006 1 502
7677 18633 2627016 1 584
7677 18633 2627026 1 674
7676 18634 2627036 1 721
7676 18634 2627046 1 768
7675 18635 2627056 1 863
7674 18636 2627066 1 937
7673 18637 2627076 1 937
7673 18638 2627086 1 936
7673 18639 2627096 1 936
7673 18642 2627106 1 936
7673 18642 2627116 1 935
7674 18643 2627126 1 935
7675 18643 2627136 1 935
7677 18643 2627146 1 934
7678 18643 2627156 1 934
7680 18643 2627166 1 934
7681 18642 2627176 1 934
7683 18642 2627186 1 933
7685 18642 2627196 1 933
7687 18640 2627206 1 933
7688 18639 2627216 1 932
7690 18639 2627226 1 932
7691 18638 2627236 1 924
7693 18638 2627246 1 850
7695 18637 2627256 1 774
7696 18636 2627266 1 698
7698 18636 2627276 1 622
7699 18635 2627286 1 584
7700 18635 2627296 1 547
7702 18635 2627306 1 406
7703 18635 2627316 1 342
7704 18636 2627326 1 282
7705 18636 2627336 1 230
7705 18637 2627346 1 229
7706 18637 2627356 1 230
7705 18638 2627366 1 230
7705 18638 2627376 1 231
7705 18639 2627386 1 232
7705 18639 2627396 1 232
7705 18639 2627406 1 233
7705 18639 2627416 1 234
7705 18638 2627426 1 235
7705 18638 2627436 1 235
7706 18638 2627446 1 236
7707 18637 2627456 1 237
7707 18637 2627466 1 237
7708 18636 2627476 1 249
7709 18636 2627486 1 293
7709 18635 2627496 1 340
7710 18634 2627506 1 441
7710 18633 2627516 1 496
7710 18633 2627526 1 524
7711 18633 2627536 1 553
7710 18633 2627546 1 611
7710 18632 2627556 1 669
7709 18632 2627566 1 728
7709 18632 2627576 1 787
7708 18632 2627586 1 846
7707 18632 2627596 1 903
7705 18631 2627606 1 921
7703 18631 2627616 1 921
7702 18630 2627626 1 920
7700 18630 2627636 1 920
7699 18630 2627646 1 920
7697 18629 2627656 1 920
7695 18628 2627666 1 919
7693 18628 2627676 1 919
7692 18627 2627686 1 919
7691 18627 2627696 1 919
7689 18626 2627706 1 918
7689 18626 2627716 1 918
7689 18626 2627726 1 918
7689 18625 2627736 1 917
7690 18625 2627746 1 917
7691 18625 2627756 1 917
7693 18625 2627766 1 917
7695 18626 2627776 1 916
7696 18626 2627786 1 916
7698 18627 2627796 1 916
7702 18628 2627806 1 915
7704 18628 2627816 1 915
7707 18629 2627826 1 915
7709 18629 2627836 1 914
7711 18629 2627846 1 914
7714 18629 2627856 1 914
7716 18630 2627866 1 914
7718 18630 2627876 1 913
7721 18630 2627886 1 913
7723 18630 2627896 1 913
7728 18629 2627906 1 912
7731 18629 2627916 1 912
7734 18628 2627926 1 912
7736 18628 2627936 1 912
7739 18627 2627946 1 911
7741 18627 2627956 1 911
7743 18627 2627966 1 911
7744 18626 2627976 1 910
7745 18626 2627986 1 910
7746 18626 2627996 1 910
7747 18625 2628006 1 909
7747 18624 2628016 1 909
7746 18624 2628026 1 909
7746 18624 2628036 1 909
7746 18624 2628046 1 908
7745 18623 2628056 1 908
7744 18623 2628066 1 908
7744 18623 2628076 1 908
7743 18622 2628086 1 907
7742 18622 2628096 1 907
7740 18622 2628106 1 906
7739 18621 2628116 1 906
7738 18621 2628126 1 906
7738 18621 2628136 1 906
7737 18621 2628146 1 905
7736 18621 2628156 1 905
7736 18621 2628166 1 286
7735 18621 2628176 1 287
7735 18621 2628186 1 288
7734 18622 2628196 1 288
7734 18623 2628206 1 290
7733 18624 2628216 1 290
7733 18625 2628226 1 291
7732 18626 2628236 1 292
7731 18627 2628246 1 292
7730 18628 2628256 1 293
7729 18628 2628266 1 294
7728 18629 2628276 1 294
7726 18630 2628286 1 295
7725 18630 2628296 1 295
7723 18632 2628306 1 314
7721 18633 2628316 1 354
7720 18634 2628326 1 399
7719 18634 2628336 1 446
7718 18635 2628346 1 495
7718 18636 2628356 1 546
7718 18636 2628366 1 597
7717 18637 2628376 1 647
7717 18637 2628386 1 696
7717 18637 2628396 1 743
7716 18638 2628406 1 826
7716 18638 2628416 1 861
7715 18638 2628426 1 890
7715 18638 2628436 1 897
7714 18638 2628446 1 897
7713 18638 2628456 1 896
7712 18638 2628466 1 896
7711 18638 2628476 1 896
7710 18638 2628486 1 896
7710 18639 2628496 1 895
7707 18639 2628506 1 895
7707 18639 2628516 1 895
7706 18639 2628526 1 894
7705 18638 2628536 1 894
7705 18638 2628546 1 894
7705 18639 2628556 1 894
7704 18639 2628566 1 893
