7776 18462 5656291 1 531
7751 18438 5656301 1 536
7736 18424 5656311 1 539
7729 18418 5656321 1 540
7725 18415 5656331 1 542
7713 18403 5656341 1 543
7714 18404 5656351 1 545
7716 18405 5656361 1 546
7716 18404 5656371 1 547
7716 18405 5656381 1 549
7717 18406 5656391 1 552
7717 18407 5656401 1 553
7716 18407 5656411 1 554
7714 18408 5656421 1 556
7713 18408 5656431 1 557
7712 18409 5656441 1 558
7711 18409 5656451 1 560
7707 18411 5656461 1 562
7705 18411 5656471 1 565
7704 18412 5656481 1 566
7703 18413 5656491 1 567
7703 18413 5656501 1 568
7702 18413 5656511 1 569
7701 18414 5656521 1 571
7700 18414 5656531 1 572
7697 18414 5656541 1 575
7696 18414 5656551 1 578
7694 18414 5656561 1 579
7693 18414 5656571 1 580
7692 18414 5656581 1 580
7689 18414 5656591 1 581
7686 18414 5656601 1 584
7683 18413 5656611 1 585
7679 18412 5656621 1 588
7676 18411 5656631 1 590
7674 18411 5656641 1 591
7673 18410 5656651 1 592
7671 18410 5656661 1 593
7668 18409 5656671 1 594
7664 18408 5656681 1 597
7660 18407 5656691 1 598
7657 18406 5656701 1 600
7655 18405 5656711 1 601
7653 18405 5656721 1 602
7649 18404 5656731 1 604
7645 18404 5656741 1 606
7641 18403 5656751 1 607
7638 18403 5656761 1 608
7636 18402 5656771 1 611
7635 18402 5656781 1 612
7635 18401 5656791 1 613
7634 18400 5656801 1 614
7634 18400 5656811 1 617
7635 18399 5656821 1 618
7636 18399 5656831 1 620
7638 18399 5656841 1 621
7639 18399 5656851 1 621
7641 18398 5656861 1 622
7645 18397 5656871 1 626
7648 18396 5656881 1 627
7651 18396 5656891 1 628
7655 18395 5656901 1 631
7658 18395 5656911 1 632
7659 18394 5656921 1 633
7661 18394 5656931 1 633
7664 18393 5656941 1 635
7668 18392 5656951 1 638
7671 18391 5656961 1 640
7675 18390 5656971 1 641
7680 18389 5656981 1 642
7682 18388 5656991 1 643
7684 18388 5657001 1 645
7687 18387 5657011 1 646
7690 18386 5657021 1 647
7693 18385 5657031 1 650
7694 18384 5657041 1 652
7695 18383 5657051 1 653
7695 18383 5657061 1 654
7694 18383 5657071 1 655
7693 18382 5657081 1 656
7691 18381 5657091 1 657
7689 18380 5657101 1 660
7687 18379 5657111 1 662
7686 18378 5657121 1 663
7685 18378 5657131 1 665
7684 18377 5657141 1 666
7683 18377 5657151 1 667
7682 18376 5657161 1 668
7681 18375 5657171 1 670
7680 18374 5657181 1 671
7680 18373 5657191 1 674
7680 18373 5657201 1 676
7679 18373 5657211 1 676
7679 18372 5657221 1 677
7680 18371 5657231 1 678
7683 18370 5657241 1 681
7686 18370 5657251 1 682
7690 18370 5657261 1 683
7692 18369 5657271 1 684
7695 18369 5657281 1 686
7699 18369 5657291 1 688
7703 18369 5657301 1 689
7707 18369 5657311 1 691
7711 18370 5657321 1 692
7715 18370 5657331 1 693
7716 18370 5657341 1 694
7719 18371 5657351 1 696
7724 18372 5657361 1 698
7729 18372 5657371 1 699
7733 18373 5657381 1 700
7737 18374 5657391 1 703
7741 18375 5657401 1 704
7743 18375 5657411 1 705
7745 18376 5657421 1 705
7747 18377 5657431 1 707
7748 18379 5657441 1 710
7748 18380 5657451 1 711
7747 18382 5657461 1 713
7745 18383 5657471 1 714
7744 18384 5657481 1 715
7742 18385 5657491 1 715
7739 18387 5657501 1 716
7735 18389 5657511 1 719
7730 18393 5657521 1 721
7726 18395 5657531 1 722
7723 18398 5657541 1 724
7721 18399 5657551 1 725
7719 18400 5657561 1 726
7716 18402 5657571 1 727
7714 18404 5657581 1 729
7712 18406 5657591 1 730
7707 18410 5657601 1 733
7707 18412 5657611 1 735
7707 18413 5657621 1 735
7707 18414 5657631 1 736
7707 18416 5657641 1 737
7708 18417 5657651 1 738
7708 18418 5657661 1 739
7707 18419 5657671 1 742
7701 18422 5657681 1 744
7698 18422 5657691 1 745
7698 18422 5657701 1 745
7694 18423 5657711 1 747
7689 18424 5657721 1 748
7686 18424 5657731 1 750
7682 18424 5657741 1 751
7680 18424 5657751 1 753
7676 18424 5657761 1 754
7674 18424 5657771 1 755
7672 18423 5657781 1 757
7670 18423 5657791 1 759
7669 18422 5657801 1 760
7667 18421 5657811 1 761
7665 18419 5657821 1 762
7665 18419 5657831 1 762
7663 18418 5657841 1 763
7658 18414 5657851 1 767
7656 18412 5657861 1 768
7653 18410 5657871 1 769
7651 18407 5657881 1 771
7648 18405 5657891 1 772
7647 18404 5657901 1 773
7646 18403 5657911 1 774
7644 18400 5657921 1 775
7642 18395 5657931 1 778
7642 18393 5657941 1 779
7642 18390 5657951 1 780
7643 18388 5657961 1 783
7643 18387 5657971 1 783
7643 18386 5657981 1 784
7644 18383 5657991 1 785
7644 18381 5658001 1 786
7645 18376 5658011 1 788
7646 18374 5658021 1 790
7647 18372 5658031 1 792
7648 18370 5658041 1 793
7648 18369 5658051 1 793
7650 18367 5658061 1 794
7651 18365 5658071 1 796
7653 18363 5658081 1 797
7657 18358 5658091 1 800
7658 18356 5658101 1 801
7659 18355 5658111 1 802
7660 18354 5658121 1 803
7661 18352 5658131 1 804
7662 18351 5658141 1 805
7663 18349 5658151 1 806
7664 18348 5658161 1 807
7666 18345 5658171 1 811
7667 18344 5658181 1 812
7667 18344 5658191 1 812
7669 18343 5658201 1 813
7671 18342 5658211 1 814
7674 18341 5658221 1 816
7676 18340 5658231 1 818
7679 18339 5658241 1 819
7681 18339 5658251 1 820
7683 18339 5658261 1 821
7685 18339 5658271 1 823
7687 18339 5658281 1 824
7688 18339 5658291 1 825
7689 18339 5658301 1 827
7690 18340 5658311 1 828
7691 18340 5658321 1 829
7692 18340 5658331 1 830
7694 18341 5658341 1 832
7695 18341 5658351 1 833
7696 18342 5658361 1 834
7698 18342 5658371 1 837
7700 18343 5658381 1 838
7700 18343 5658391 1 838
7701 18343 5658401 1 839
7703 18344 5658411 1 840
7705 18345 5658421 1 842
7706 18345 5658431 1 844
7706 18346 5658441 1 845
7705 18346 5658451 1 847
7705 18346 5658461 1 848
7704 18346 5658471 1 848
7702 18346 5658481 1 849
7700 18346 5658491 1 850
7697 18346 5658501 1 853
7695 18346 5658511 1 854
7692 18346 5658521 1 856
7690 18346 5658531 1 857
7688 18346 5658541 1 857
7685 18346 5658551 1 859
7682 18346 5658561 1 860
7680 18346 5658571 1 861
7677 18346 5658581 1 863
7675 18346 5658591 1 864
7675 18346 5658601 1 865
7674 18346 5658611 1 867
7673 18346 5658621 1 868
7671 18347 5658631 1 869
7670 18347 5658641 1 870
7669 18347 5658651 1 871
7668 18348 5658661 1 873
7667 18348 5658671 1 874
7667 18348 5658681 1 875
7666 18349 5658691 1 877
7666 18349 5658701 1 878
7666 18350 5658711 1 879
7666 18350 5658721 1 880
7666 18351 5658731 1 881
7666 18351 5658741 1 883
7666 18351 5658751 1 884
7666 18352 5658761 1 885
7667 18353 5658771 1 886
7667 18353 5658781 1 888
7668 18353 5658791 1 889
7668 18354 5658801 1 890
7668 18354 5658811 1 891
7668 18354 5658821 1 892
7668 18355 5658831 1 894
7668 18355 5658841 1 895
7668 18355 5658851 1 896
7669 18355 5658861 1 897
7671 18355 5658871 1 900
7672 18355 5658881 1 900
7673 18355 5658891 1 901
7676 18355 5658901 1 902
7681 18355 5658911 1 904
7684 18355 5658921 1 905
7687 18354 5658931 1 906
7691 18354 5658941 1 907
7692 18354 5658951 1 908
7694 18353 5658961 1 909
7698 18352 5658971 1 911
7702 18352 5658981 1 912
7708 18350 5658991 1 914
7711 18350 5659001 1 915
7715 18348 5659011 1 916
7717 18348 5659021 1 917
7718 18348 5659031 1 917
7721 18346 5659041 1 919
7724 18345 5659051 1 920
7726 18344 5659061 1 921
7729 18343 5659071 1 924
7730 18342 5659081 1 925
7730 18342 5659091 1 926
7731 18341 5659101 1 926
7731 18340 5659111 1 928
7731 18339 5659121 1 929
7731 18338 5659131 1 930
7731 18337 5659141 1 931
7732 18336 5659151 1 933
7732 18335 5659161 1 934
7732 18335 5659171 1 934
7731 18335 5659181 1 936
7731 18334 5659191 1 938
7731 18334 5659201 1 939
7731 18334 5659211 1 940
7731 18334 5659221 1 941
7732 18334 5659231 1 942
7733 18334 5659241 1 943
7735 18334 5659251 1 944
7737 18335 5659261 1 945
7738 18335 5659271 1 946
7740 18336 5659281 1 947
7742 18336 5659291 1 950
7742 18336 5659301 1 950
7744 18337 5659311 1 951
7746 18338 5659321 1 953
7748 18339 5659331 1 954
7750 18340 5659341 1 955
7751 18341 5659351 1 956
7752 18342 5659361 1 957
7753 18342 5659371 1 958
7752 18343 5659381 1 958
7752 18344 5659391 1 959
7751 18345 5659401 1 962
7749 18346 5659411 1 964
7747 18347 5659421 1 965
7745 18348 5659431 1 966
7744 18349 5659441 1 967
7743 18349 5659451 1 967
7741 18350 5659461 1 968
7740 18351 5659471 1 969
7739 18353 5659481 1 972
7737 18354 5659491 1 973
7736 18354 5659501 1 974
7736 18355 5659511 1 974
7735 18355 5659521 1 975
7734 18356 5659531 1 976
7732 18357 5659541 1 977
7731 18358 5659551 1 979
7731 18359 5659561 1 981
7731 18360 5659571 1 982
7731 18360 5659581 1 983
7731 18361 5659591 1 983
7732 18361 5659601 1 984
7732 18362 5659611 1 986
7733 18363 5659621 1 987
7733 18363 5659631 1 988
7734 18365 5659641 1 990
7734 18365 5659651 1 991
7734 18365 5659661 1 991
7734 18366 5659671 1 992
7733 18366 5659681 1 993
7733 18367 5659691 1 994
7732 18367 5659701 1 996
7733 18368 5659711 1 997
7733 18368 5659721 1 998
7734 18368 5659731 1 1000
7736 18369 5659741 1 1001
7737 18369 5659751 1 1002
7739 18369 5659761 1 1003
7741 18370 5659771 1 1004
7743 18371 5659781 1 1005
7744 18371 5659791 1 1005
7745 18371 5659801 1 1006
7747 18372 5659811 1 1008
7749 18372 5659821 1 1009
7750 18373 5659831 1 1010
7752 18374 5659841 1 1011
7752 18374 5659851 1 1012
7753 18374 5659861 1 1013
7753 18375 5659871 1 1013
7753 18375 5659881 1 1014
7752 18376 5659891 1 1018
7750 18376 5659901 1 1019
7748 18377 5659911 1 1020
7746 18377 5659921 1 1021
7745 18377 5659931 1 1021
7745 18378 5659941 1 1022
7743 18378 5659951 1 1023
7742 18378 5659961 1 1024
7741 18380 5659971 1 1024
7741 18380 5659981 1 1024
7741 18380 5659991 1 1024
7741 18380 5660001 1 1024
7741 18380 5660011 1 1024
7742 18381 5660021 1 1024
7743 18381 5660031 1 1024
7744 18381 5660041 1 1024
7746 18382 5660051 1 1024
7747 18383 5660061 1 1024
7748 18383 5660071 1 1024
7749 18383 5660081 1 1024
7751 18384 5660091 1 1024
7754 18384 5660101 1 1024
7756 18384 5660111 1 1024
7759 18385 5660121 1 1024
7761 18386 5660131 1 1024
7763 18386 5660141 1 1024
7764 18386 5660151 1 1024
7767 18386 5660161 1 1024
7769 18387 5660171 1 1024
7771 18387 5660181 1 1024
7773 18387 5660191 1 1024
7774 18388 5660201 1 1024
7775 18388 5660211 1 1024
7776 18388 5660221 1 1024
7777 18388 5660231 1 1024
7778 18388 5660241 1 1024
7778 18388 5660251 1 1024
7778 18388 5660261 1 1024
7777 18388 5660271 1 1024
7777 18388 5660281 1 1024
7777 18388 5660291 1 1024
7778 18387 5660301 1 1024
7777 18386 5660311 1 1024
7777 18386 5660321 1 1024
7778 18386 5660331 1 1024
7778 18385 5660341 1 1024
7778 18385 5660351 1 1024
7778 18384 5660361 1 1024
7778 18383 5660371 1 1024
7779 18381 5660381 1 1024
7778 18380 5660391 1 1024
7778 18379 5660401 1 1024
7778 18378 5660411 1 1024
7778 18377 5660421 1 1024
7777 18376 5660431 1 1024
7777 18375 5660441 1 1024
7777 18373 5660451 1 1024
7777 18370 5660461 1 1024
7777 18368 5660471 1 1024
7777 18366 5660481 1 1024
7778 18365 5660491 1 1024
7778 18364 5660501 1 1024
7778 18363 5660511 1 1024
7778 18361 5660521 1 1024
7778 18359 5660531 1 1024
7777 18356 5660541 1 1024
7777 18355 5660551 1 1024
7776 18354 5660561 1 1024
7776 18354 5660571 1 1024
7775 18352 5660581 1 1024
7774 18351 5660591 1 1024
7773 18350 5660601 1 1024
7772 18349 5660611 1 1024
7769 18347 5660621 1 1024
7768 18346 5660631 1 1024
7767 18346 5660641 1 1024
7765 18345 5660651 1 1024
7762 18344 5660661 1 1024
7758 18343 5660671 1 1024
7755 18342 5660681 1 1024
7753 18341 5660691 1 1024
7751 18341 5660701 1 1024
7749 18340 5660711 1 1024
7748 18340 5660721 1 1024
7748 18339 5660731 1 1024
7748 18339 5660741 1 1024
7750 18338 5660751 1 1024
7753 18338 5660761 1 1024
7755 18338 5660771 1 1024
7756 18338 5660781 1 1024
7760 18338 5660791 1 1024
7764 18338 5660801 1 1024
7767 18338 5660811 1 1024
7771 18338 5660821 1 1024
7773 18338 5660831 1 1024
7775 18338 5660841 1 1024
7775 18338 5660851 1 1024
7776 18338 5660861 1 1024
7776 18338 5660871 1 1024
7775 18338 5660881 1 1024
7774 18339 5660891 1 1024
7772 18339 5660901 1 1024
7771 18339 5660911 1 1024
7770 18339 5660921 1 1024
7769 18339 5660931 1 1024
7767 18339 5660941 1 1024
7765 18339 5660951 1 1024
7763 18339 5660961 1 1024
7761 18339 5660971 1 1024
7759 18339 5660981 1 1024
7758 18339 5660991 1 1024
7756 18339 5661001 1 1024
7753 18339 5661011 1 1024
7750 18339 5661021 1 1024
7747 18339 5661031 1 1024
7744 18339 5661041 1 1024
7743 18339 5661051 1 1024
7742 18339 5661061 1 1024
7739 18339 5661071 1 1024
7737 18339 5661081 1 1024
7736 18339 5661091 1 1024
7735 18339 5661101 1 1024
7735 18339 5661111 1 1024
7736 18339 5661121 1 1024
7736 18339 5661131 1 1024
7738 18339 5661141 1 1024
7740 18338 5661151 1 1024
7742 18339 5661161 1 1024
7745 18339 5661171 1 1024
7749 18339 5661181 1 1024
7751 18339 5661191 1 1024
7753 18339 5661201 1 1024
7757 18339 5661211 1 1024
7762 18339 5661221 1 1024
7767 18339 5661231 1 1024
7773 18339 5661241 1 1024
7777 18339 5661251 1 1024
7780 18339 5661261 1 1024
7782 18339 5661271 1 1024
7786 18340 5661281 1 1024
7789 18340 5661291 1 1024
7791 18340 5661301 1 1024
7792 18341 5661311 1 1024
7793 18341 5661321 1 1024
7794 18341 5661331 1 1024
7794 18341 5661341 1 1024
7796 18341 5661351 1 1024
7798 18342 5661361 1 1024
7799 18342 5661371 1 1024
7801 18342 5661381 1 1024
7802 18343 5661391 1 1024
7803 18343 5661401 1 1024
7803 18343 5661411 1 1024
7804 18343 5661421 1 1024
7804 18344 5661431 1 1024
7806 18344 5661441 1 1024
7806 18345 5661451 1 1024
7805 18345 5661461 1 1024
7805 18345 5661471 1 1024
7804 18345 5661481 1 1024
7802 18346 5661491 1 1024
7800 18346 5661501 1 1024
7798 18347 5661511 1 1024
7796 18347 5661521 1 1024
7793 18348 5661531 1 1024
7791 18348 5661541 1 1024
7790 18348 5661551 1 1024
7787 18349 5661561 1 1024
7784 18350 5661571 1 1024
7781 18350 5661581 1 1024
7778 18351 5661591 1 1024
7776 18351 5661601 1 1024
7774 18351 5661611 1 1024
7773 18351 5661621 1 1024
7771 18351 5661631 1 1024
7769 18351 5661641 1 1024
7768 18351 5661651 1 1024
7767 18352 5661661 1 1024
7767 18352 5661671 1 1024
7768 18352 5661681 1 1024
7768 18352 5661691 1 1024
7769 18351 5661701 1 1024
7770 18351 5661711 1 1024
7772 18351 5661721 1 1024
7774 18351 5661731 1 1024
7776 18351 5661741 1 1024
7777 18351 5661751 1 1024
7778 18351 5661761 1 1024
7781 18351 5661771 1 1024
7782 18351 5661781 1 1024
7784 18351 5661791 1 1024
7784 18351 5661801 1 1024
7785 18351 5661811 1 1024
7785 18351 5661821 1 1024
7785 18351 5661831 1 1024
7786 18351 5661841 1 1024
7786 18351 5661851 1 1024
7786 18351 5661861 1 1024
7786 18351 5661871 1 1024
7786 18352 5661881 1 1024
7786 18352 5661891 1 1024
7787 18352 5661901 1 1024
7787 18352 5661911 1 1024
7788 18352 5661921 1 1024
7789 18353 5661931 1 1024
7789 18354 5661941 1 1024
7790 18354 5661951 1 1024
7790 18354 5661961 1 1024
7791 18355 5661971 1 1024
7792 18355 5661981 1 1024
7793 18356 5661991 1 1024
7794 18356 5662001 1 1024
7795 18357 5662011 1 1024
7795 18357 5662021 1 1024
7795 18357 5662031 1 505
7795 18357 5662041 0 0
7796 18358 5662051 0 0
7796 18358 5662061 0 0
7796 18358 5662071 0 0
7796 18359 5662081 0 0
7795 18359 5662091 0 0
7795 18359 5662101 0 0
7794 18359 5662111 0 0
7793 18359 5662121 0 0
7793 18359 5662131 0 0
7792 18359 5662141 0 0
7791 18359 5662151 0 0
7789 18359 5662161 0 0
7788 18359 5662171 1 8
7787 18359 5662181 1 41
7785 18359 5662191 1 79
7783 18359 5662201 1 122
7781 18359 5662211 1 170
7779 18359 5662221 1 221
7777 18359 5662231 1 272
7777 18359 5662241 1 286
7776 18358 5662251 1 321
7774 18358 5662261 1 411
7774 18358 5662271 1 447
7773 18358 5662281 1 476
7774 18358 5662291 1 495
7775 18358 5662301 1 503
7775 18358 5662311 1 501
7776 18358 5662321 1 497
7777 18358 5662331 1 477
7778 18358 5662341 1 388
7779 18358 5662351 1 313
7780 18358 5662361 1 219
7781 18358 5662371 1 104
7782 18358 5662381 1 32
7783 18358 5662391 1 3
7784 18357 5662401 0 0
7785 18357 5662411 0 0
7786 18358 5662421 0 0
7787 18358 5662431 0 0
7789 18358 5662441 0 0
7789 18358 5662451 0 0
7790 18358 5662461 0 0
7792 18359 5662471 0 0
7793 18359 5662481 0 0
7796 18359 5662491 0 0
7799 18360 5662501 0 0
7801 18360 5662511 0 0
7803 18361 5662521 0 0
7804 18361 5662531 0 0
7807 18361 5662541 0 0
7810 18362 5662551 0 0
7812 18362 5662561 0 0
7815 18363 5662571 1 21
7818 18364 5662581 1 163
7819 18364 5662591 1 220
7819 18364 5662601 1 239
7820 18365 5662611 1 318
7820 18365 5662621 1 399
7821 18365 5662631 1 482
7821 18365 5662641 1 566
7820 18365 5662651 1 650
7821 18366 5662661 1 735
7821 18366 5662671 1 819
7820 18366 5662681 1 902
7820 18366 5662691 1 984
7820 18366 5662701 1 1024
7820 18365 5662711 1 1024
7819 18365 5662721 1 1024
7819 18365 5662731 1 1024
7819 18365 5662741 1 1024
7820 18365 5662751 1 1024
7820 18365 5662761 1 1024
7819 18365 5662771 1 1024
7819 18365 5662781 1 1024
7818 18365 5662791 1 1024
7818 18365 5662801 1 1024
7817 18364 5662811 1 1024
7817 18364 5662821 1 1024
7817 18364 5662831 1 1024
7818 18363 5662841 1 1024
7818 18363 5662851 1 1024
7819 18362 5662861 1 1024
7819 18362 5662871 1 1024
7819 18362 5662881 1 1024
7820 18362 5662891 1 1024
7819 18361 5662901 1 1024
7819 18360 5662911 1 1024
7818 18359 5662921 1 1024
7818 18359 5662931 1 1024
7818 18358 5662941 1 1024
7818 18358 5662951 1 1024
7818 18357 5662961 1 1024
7818 18357 5662971 1 1024
7818 18356 5662981 1 1024
7819 18354 5662991 1 1024
7819 18353 5663001 1 1024
7819 18353 5663011 1 1024
7818 18353 5663021 1 1024
7818 18352 5663031 1 1024
7817 18351 5663041 1 1024
7816 18351 5663051 1 1024
7815 18350 5663061 1 1024
7815 18349 5663071 1 1024
7814 18348 5663081 1 1024
7814 18348 5663091 1 1024
7814 18347 5663101 1 1024
7814 18347 5663111 1 1024
7814 18346 5663121 1 1024
7814 18345 5663131 1 1024
7815 18345 5663141 1 1024
7816 18344 5663151 1 1024
7817 18343 5663161 1 1024
7819 18343 5663171 1 1024
7821 18342 5663181 1 1024
7823 18342 5663191 1 1024
7825 18341 5663201 1 1024
7827 18341 5663211 1 1024
7827 18341 5663221 1 1024
7828 18341 5663231 1 1024
7830 18340 5663241 1 1024
7831 18339 5663251 1 1024
7831 18339 5663261 1 1024
7831 18338 5663271 1 1024
7830 18338 5663281 1 1024
7830 18338 5663291 1 1024
7829 18338 5663301 1 1024
7828 18338 5663311 1 1024
7828 18338 5663321 1 1024
7827 18338 5663331 1 1024
7827 18338 5663341 1 1024
7827 18338 5663351 1 1024
7827 18338 5663361 1 1024
7828 18339 5663371 1 1024
7828 18339 5663381 1 1024
7829 18339 5663391 1 1024
7830 18339 5663401 1 1024
7831 18339 5663411 1 1024
7832 18339 5663421 1 1024
7832 18339 5663431 1 1024
7833 18339 5663441 1 1024
7834 18339 5663451 1 1024
7835 18339 5663461 1 1024
7836 18339 5663471 1 1024
7836 18340 5663481 1 1024
7836 18340 5663491 1 1024
7836 18340 5663501 1 1024
7836 18341 5663511 1 1024
7835 18341 5663521 1 1024
7835 18342 5663531 1 1024
7834 18342 5663541 1 1024
7834 18343 5663551 1 1024
7834 18345 5663561 1 1024
7833 18345 5663571 1 1024
7834 18346 5663581 1 1024
7834 18347 5663591 1 1024
7835 18348 5663601 1 1024
7835 18349 5663611 1 1024
7835 18351 5663621 1 1024
7835 18352 5663631 1 1024
7834 18353 5663641 1 1024
7833 18354 5663651 1 1024
7832 18355 5663661 1 1024
7829 18356 5663671 1 1024
7827 18357 5663681 1 1024
7824 18358 5663691 1 1024
7822 18359 5663701 1 1024
7821 18359 5663711 1 1024
7820 18360 5663721 1 1024
7818 18362 5663731 1 1024
7818 18362 5663741 1 1024
7817 18363 5663751 1 1024
7817 18364 5663761 1 1024
7818 18364 5663771 1 1024
7818 18365 5663781 1 1024
7819 18365 5663791 1 1024
7820 18366 5663801 1 1024
7821 18367 5663811 1 1024
7822 18367 5663821 1 1024
7823 18367 5663831 1 1024
7823 18368 5663841 1 1024
7824 18368 5663851 1 1024
7823 18368 5663861 1 1024
7823 18369 5663871 1 1024
7822 18369 5663881 1 1024
7821 18370 5663891 1 1024
7819 18370 5663901 1 1024
7817 18370 5663911 1 1024
7816 18370 5663921 1 1024
7815 18370 5663931 1 1024
7812 18371 5663941 1 1024
7810 18371 5663951 1 1024
7807 18371 5663961 1 1024
7805 18371 5663971 1 1024
7802 18371 5663981 1 1024
7801 18371 5663991 1 1024
7800 18371 5664001 1 1024
7798 18370 5664011 1 1024
7796 18370 5664021 1 1024
7794 18369 5664031 1 1024
7793 18369 5664041 1 1024
7792 18368 5664051 1 1024
7791 18367 5664061 1 1024
7791 18367 5664071 1 1024
7790 18366 5664081 1 1024
7790 18366 5664091 1 1024
7790 18365 5664101 1 1024
7789 18364 5664111 1 1024
7789 18364 5664121 1 1024
7789 18363 5664131 1 1024
7789 18363 5664141 1 1024
7789 18362 5664151 1 1024
7789 18362 5664161 1 1024
7789 18361 5664171 1 1024
7789 18361 5664181 1 1024
7790 18360 5664191 1 1024
7790 18360 5664201 1 1024
7791 18360 5664211 1 1024
7791 18360 5664221 1 1024
7793 18359 5664231 1 1024
7796 18359 5664241 1 1024
7799 18359 5664251 1 1024
7803 18359 5664261 1 1024
7805 18358 5664271 1 1024
7807 18358 5664281 1 1024
7812 18358 5664291 1 1024
7816 18358 5664301 1 1024
7820 18358 5664311 1 1024
7824 18358 5664321 1 1024
7827 18358 5664331 1 1024
7829 18358 5664341 1 1024
7830 18358 5664351 1 1024
7833 18358 5664361 1 1024
7835 18358 5664371 1 1024
7838 18359 5664381 1 1024
7841 18359 5664391 1 1024
7845 18359 5664401 1 1024
7846 18359 5664411 1 1024
7848 18359 5664421 1 1024
7852 18359 5664431 1 1024
7856 18360 5664441 1 1024
7859 18360 5664451 1 1024
7862 18361 5664461 1 1024
7865 18362 5664471 1 1024
7866 18362 5664481 1 1024
7866 18362 5664491 1 1024
7867 18363 5664501 1 1024
7866 18363 5664511 1 1024
7865 18364 5664521 1 1024
7863 18364 5664531 1 1024
7861 18365 5664541 1 1024
7860 18366 5664551 1 1024
7858 18366 5664561 1 1024
7855 18366 5664571 1 1024
7852 18367 5664581 1 1024
7848 18368 5664591 1 1024
7845 18368 5664601 1 1024
7842 18369 5664611 1 1024
7840 18370 5664621 1 1024
7839 18370 5664631 1 1024
7837 18371 5664641 1 1024
7834 18372 5664651 1 1024
7832 18372 5664661 1 1024
7830 18373 5664671 1 1024
7828 18374 5664681 1 1024
7827 18374 5664691 1 1024
7826 18374 5664701 1 1024
7825 18374 5664711 1 1024
7824 18375 5664721 1 1024
7824 18375 5664731 1 1024
7825 18375 5664741 1 1024
7826 18375 5664751 1 1024
7826 18375 5664761 1 1024
7827 18374 5664771 1 1024
7829 18374 5664781 1 1024
7832 18374 5664791 1 1024
7835 18373 5664801 1 1024
7837 18373 5664811 1 1024
7840 18372 5664821 1 1024
7841 18372 5664831 1 1024
7843 18371 5664841 1 1024
7846 18371 5664851 1 1024
7849 18370 5664861 1 1024
7853 18368 5664871 1 1024
7856 18367 5664881 1 1024
7860 18366 5664891 1 1024
7865 18366 5664901 1 1024
7864 18365 5664911 1 1024
7855 18365 5664921 1 1024
7845 18364 5664931 1 1024
7835 18363 5664941 1 1024
7811 18361 5664951 1 1024
7800 18361 5664961 1 1024
7795 18360 5664971 1 1024
7788 18360 5664981 1 1024
7776 18359 5664991 1 1024
7763 18359 5665001 1 1024
7750 18358 5665011 1 1024
7737 18358 5665021 1 1024
7710 18357 5665031 1 1024
7701 18357 5665041 1 1024
7696 18357 5665051 1 1024
7683 18357 5665061 1 1024
7684 18356 5665071 1 1024
7686 18356 5665081 1 1024
7688 18356 5665091 1 1024
7691 18356 5665101 1 1024
7692 18356 5665111 1 1024
7694 18356 5665121 1 1024
7696 18356 5665131 1 1024
7697 18356 5665141 1 1024
7699 18356 5665151 1 1024
7700 18356 5665161 1 1024
7700 18355 5665171 1 1024
7701 18355 5665181 1 1024
7701 18355 5665191 1 1024
7702 18355 5665201 1 1024
7702 18354 5665211 1 1024
7702 18354 5665221 1 1024
7701 18354 5665231 1 1024
7700 18354 5665241 1 1024
7700 18354 5665251 1 1024
7698 18354 5665261 1 1024
7696 18354 5665271 1 1024
7694 18354 5665281 1 1024
7692 18354 5665291 1 1024
7690 18355 5665301 1 1024
7689 18355 5665311 1 1024
7688 18355 5665321 1 1024
7689 18355 5665331 1 1024
7689 18355 5665341 1 1024
7691 18356 5665351 1 1024
7693 18356 5665361 1 1024
7695 18356 5665371 1 1024
7698 18355 5665381 1 1024
7699 18355 5665391 1 1024
7700 18355 5665401 1 1024
7702 18355 5665411 1 1024
7704 18355 5665421 1 1024
7705 18354 5665431 1 1024
7707 18354 5665441 1 1024
7708 18353 5665451 1 1024
7708 18353 5665461 1 1024
7709 18353 5665471 1 1024
7709 18352 5665481 1 1024
7709 18352 5665491 1 1024
7709 18351 5665501 1 1024
7710 18351 5665511 1 1024
7713 18350 5665521 1 1024
7714 18350 5665531 1 1024
7715 18350 5665541 1 1024
7718 18349 5665551 1 1024
7722 18348 5665561 1 1024
7725 18348 5665571 1 1024
7729 18347 5665581 1 1024
7732 18347 5665591 1 1024
7735 18346 5665601 1 1024
7737 18346 5665611 1 1024
7740 18345 5665621 1 1024
7741 18344 5665631 1 1024
7742 18344 5665641 1 1024
7742 18343 5665651 1 1024
7741 18343 5665661 1 1024
7740 18343 5665671 1 1024
7739 18343 5665681 1 1024
7738 18342 5665691 1 1024
7736 18342 5665701 1 1024
7733 18341 5665711 1 1024
7731 18341 5665721 1 1024
7730 18340 5665731 1 1024
7729 18340 5665741 1 1024
7729 18340 5665751 1 1024
7727 18339 5665761 1 1024
7727 18338 5665771 1 1024
7726 18337 5665781 1 1024
7725 18336 5665791 1 1024
7724 18336 5665801 1 1024
7723 18335 5665811 1 1024
7723 18335 5665821 1 1024
7722 18335 5665831 1 1024
7721 18334 5665841 1 1024
7720 18334 5665851 1 1024
7720 18334 5665861 1 1024
7721 18334 5665871 1 1024
7721 18334 5665881 1 1024
7722 18334 5665891 1 1024
7723 18334 5665901 1 1024
7724 18334 5665911 1 1024
7726 18334 5665921 1 1024
7728 18335 5665931 1 1024
7729 18336 5665941 1 1024
7730 18336 5665951 1 1024
7730 18337 5665961 1 1024
7731 18337 5665971 1 1024
7731 18338 5665981 1 1024
7729 18339 5665991 1 1024
7728 18340 5666001 1 1024
7726 18341 5666011 1 1024
7725 18342 5666021 1 1024
7723 18342 5666031 1 1024
7720 18343 5666041 1 1024
7717 18344 5666051 1 1024
7714 18345 5666061 1 1024
7712 18346 5666071 1 1024
7709 18347 5666081 1 1024
7708 18347 5666091 1 1024
7708 18348 5666101 1 1024
7706 18348 5666111 1 1024
7706 18348 5666121 1 1024
7706 18349 5666131 1 1024
7708 18349 5666141 1 1024
7711 18349 5666151 1 1024
7712 18349 5666161 1 1024
7714 18349 5666171 1 1024
7719 18349 5666181 1 1024
7724 18349 5666191 1 1024
7730 18349 5666201 1 1024
7736 18349 5666211 1 1024
7742 18349 5666221 1 1024
7745 18349 5666231 1 1024
7748 18348 5666241 1 1024
7754 18348 5666251 1 1024
7761 18348 5666261 1 1024
7766 18348 5666271 1 1024
7770 18348 5666281 1 1024
7774 18348 5666291 1 1024
7775 18348 5666301 1 1024
7777 18348 5666311 1 1024
7779 18348 5666321 1 1024
7780 18349 5666331 1 1024
7781 18349 5666341 1 1024
7781 18349 5666351 1 1024
7780 18349 5666361 1 1024
7779 18349 5666371 1 1024
7777 18349 5666381 1 1024
7773 18349 5666391 1 1024
7768 18349 5666401 1 1024
7763 18348 5666411 1 1024
7757 18348 5666421 1 1024
7751 18348 5666431 1 1024
7746 18348 5666441 1 1024
7740 18348 5666451 1 1024
7735 18347 5666461 1 1024
7731 18347 5666471 1 1024
7727 18346 5666481 1 1024
7724 18347 5666491 1 1024
7722 18347 5666501 1 1024
7720 18346 5666511 1 1024
7719 18347 5666521 1 1024
7718 18347 5666531 1 1024
7717 18347 5666541 1 1024
7717 18347 5666551 1 1024
7718 18348 5666561 1 1024
7718 18348 5666571 1 1024
7719 18349 5666581 1 1024
7721 18350 5666591 1 1024
7723 18351 5666601 1 1024
7725 18351 5666611 1 1024
7727 18352 5666621 1 1024
7731 18354 5666631 1 1024
7734 18355 5666641 1 1024
7736 18356 5666651 1 1024
7739 18357 5666661 1 1024
7742 18358 5666671 1 1024
7745 18359 5666681 1 1024
7748 18360 5666691 1 1024
7752 18360 5666701 1 1024
7755 18361 5666711 1 1024
7759 18361 5666721 1 1024
7763 18361 5666731 1 1024
7767 18361 5666741 1 1024
7771 18361 5666751 1 1024
7774 18360 5666761 1 1024
7777 18360 5666771 1 1024
7780 18360 5666781 1 1024
7781 18360 5666791 1 1024
7783 18359 5666801 1 1024
7784 18359 5666811 1 1024
7784 18359 5666821 1 1024
7785 18359 5666831 1 1024
7786 18358 5666841 1 1024
7786 18358 5666851 1 1024
7786 18357 5666861 1 1024
7787 18357 5666871 1 1024
7787 18356 5666881 1 1024
7788 18356 5666891 1 1024
7788 18355 5666901 1 1024
7789 18354 5666911 1 1024
7790 18354 5666921 1 1024
7791 18353 5666931 1 1024
7792 18353 5666941 1 1024
7792 18352 5666951 1 1024
7792 18352 5666961 1 1024
7792 18352 5666971 1 1024
7792 18352 5666981 1 1024
7790 18351 5666991 1 1024
7788 18351 5667001 1 1024
7786 18351 5667011 1 1024
7784 18351 5667021 1 1024
7782 18351 5667031 1 1024
7780 18351 5667041 1 1024
7780 18350 5667051 1 1024
7780 18350 5667061 1 1024
7781 18350 5667071 1 1024
7783 18350 5667081 1 1024
7787 18350 5667091 1 1024
7790 18350 5667101 1 1024
7794 18349 5667111 1 1024
7798 18349 5667121 1 1024
7801 18349 5667131 1 1024
7804 18349 5667141 1 1024
7807 18349 5667151 1 1024
7808 18349 5667161 1 1024
7809 18349 5667171 1 1024
7810 18349 5667181 1 1024
7811 18350 5667191 1 1024
7811 18350 5667201 1 1024
7811 18350 5667211 1 1024
7811 18351 5667221 1 1024
7812 18351 5667231 1 1024
7813 18351 5667241 1 1024
7814 18351 5667251 1 1024
7816 18352 5667261 1 1024
7817 18352 5667271 1 1024
7817 18352 5667281 1 1024
7818 18352 5667291 1 1024
7818 18352 5667301 1 1024
7818 18352 5667311 1 1024
7817 18352 5667321 1 1024
7818 18352 5667331 1 1024
7818 18352 5667341 1 1024
7818 18352 5667351 1 1024
7819 18352 5667361 1 1024
7819 18352 5667371 1 1024
7820 18352 5667381 1 1024
7822 18352 5667391 1 1024
7825 18352 5667401 1 1024
7827 18352 5667411 1 1024
7829 18351 5667421 1 1024
7832 18352 5667431 1 1024
7835 18352 5667441 1 1024
7838 18352 5667451 1 1024
7842 18352 5667461 1 1024
7847 18352 5667471 1 1024
7851 18352 5667481 1 1024
7853 18352 5667491 1 1024
7856 18353 5667501 1 1024
7858 18353 5667511 1 1024
7860 18353 5667521 1 1024
7862 18353 5667531 1 1024
7864 18354 5667541 1 1024
7864 18354 5667551 1 1024
7864 18354 5667561 1 1024
7863 18354 5667571 1 1024
7862 18354 5667581 1 1024
7862 18355 5667591 1 1024
7862 18355 5667601 1 1024
7864 18356 5667611 1 1024
7865 18356 5667621 1 1024
7866 18357 5667631 1 1024
7867 18357 5667641 1 1024
7869 18358 5667651 1 1024
7871 18359 5667661 1 1024
7873 18359 5667671 1 1024
7877 18360 5667681 1 1024
7879 18360 5667691 1 1024
7881 18360 5667701 1 1024
7884 18360 5667711 1 1024
7886 18360 5667721 1 1024
7888 18360 5667731 1 1024
7889 18360 5667741 1 1024
7891 18360 5667751 1 1024
7890 18359 5667761 1 1024
7890 18359 5667771 1 1024
7890 18359 5667781 1 1024
7890 18358 5667791 1 1024
7891 18358 5667801 1 1024
7891 18358 5667811 1 1024
7891 18357 5667821 1 1024
7891 18357 5667831 1 1024
7890 18357 5667841 1 1024
7890 18357 5667851 1 1024
7889 18357 5667861 1 1024
7889 18356 5667871 1 1024
7890 18356 5667881 1 1024
7891 18355 5667891 1 1024
7892 18355 5667901 1 1024
7893 18355 5667911 1 1024
7895 18354 5667921 1 1024
7896 18354 5667931 1 1024
7897 18353 5667941 1 1024
7897 18353 5667951 1 1024
7897 18353 5667961 1 1024
7897 18352 5667971 1 1024
7897 18352 5667981 1 1024
7898 18352 5667991 1 1024
7898 18352 5668001 1 1024
7899 18351 5668011 1 1024
7900 18351 5668021 1 1024
7902 18351 5668031 1 1024
7904 18351 5668041 1 1024
7907 18351 5668051 1 1024
7910 18351 5668061 1 1024
7914 18351 5668071 1 1024
7918 18351 5668081 1 1024
7923 18351 5668091 1 1024
7930 18351 5668101 1 1024
7935 18351 5668111 1 1024
7940 18351 5668121 1 1024
7945 18351 5668131 1 1024
7949 18351 5668141 1 1024
7953 18351 5668151 1 1024
7957 18352 5668161 1 1024
7963 18353 5668171 1 1024
7966 18354 5668181 1 1024
7969 18355 5668191 1 1024
7971 18356 5668201 1 1024
7972 18357 5668211 1 1024
7973 18358 5668221 1 1024
7972 18359 5668231 1 1024
7971 18360 5668241 1 1024
7968 18361 5668251 1 1024
7964 18362 5668261 1 1024
7961 18363 5668271 1 1024
7957 18363 5668281 1 1024
7954 18364 5668291 1 1024
7951 18364 5668301 1 1024
7951 18365 5668311 1 1024
7950 18365 5668321 1 1024
7951 18365 5668331 1 1024
7953 18365 5668341 1 1024
7957 18365 5668351 1 1024
7961 18365 5668361 1 1024
7965 18366 5668371 1 1024
