8297 17854 2982514 1 502
8276 17828 2982524 1 508
8263 17813 2982534 1 511
8257 17806 2982544 1 512
8254 17802 2982554 1 514
8244 17789 2982564 1 515
8245 17790 2982574 1 518
8246 17790 2982584 1 520
8246 17790 2982594 1 522
8247 17791 2982604 1 525
8247 17791 2982614 1 527
8247 17792 2982624 1 528
8247 17792 2982634 1 529
8246 17793 2982644 1 532
8246 17793 2982654 1 534
8243 17795 2982664 1 536
8241 17795 2982674 1 539
8240 17796 2982684 1 541
8238 17797 2982694 1 542
8238 17797 2982704 1 542
8236 17797 2982714 1 544
8234 17798 2982724 1 546
8231 17798 2982734 1 548
8226 17799 2982744 1 550
8222 17800 2982754 1 553
8218 17800 2982764 1 555
8215 17800 2982774 1 556
8211 17800 2982784 1 558
8209 17800 2982794 1 560
8207 17800 2982804 1 562
8205 17799 2982814 1 564
8203 17799 2982824 1 567
8202 17798 2982834 1 569
8201 17797 2982844 1 570
8200 17797 2982854 1 571
8198 17796 2982864 1 574
8197 17796 2982874 1 576
8197 17794 2982884 1 578
8196 17793 2982894 1 579
8197 17793 2982904 1 580
8197 17792 2982914 1 582
8199 17791 2982924 1 584
8202 17791 2982934 1 585
8205 17790 2982944 1 587
8209 17789 2982954 1 589
8215 17787 2982964 1 592
8219 17785 2982974 1 594
8224 17784 2982984 1 596
8228 17783 2982994 1 598
8233 17782 2983004 1 599
8238 17781 2983014 1 600
8241 17781 2983024 1 602
8246 17779 2983034 1 606
8249 17778 2983044 1 607
8252 17777 2983054 1 609
8254 17776 2983064 1 611
8255 17776 2983074 1 613
8256 17775 2983084 1 614
8257 17775 2983094 1 614
8257 17774 2983104 1 616
8258 17773 2983114 1 619
8257 17773 2983124 1 621
8256 17772 2983134 1 622
8254 17771 2983144 1 624
8252 17771 2983154 1 626
8251 17770 2983164 1 628
8249 17770 2983174 1 629
8249 17769 2983184 1 632
8249 17768 2983194 1 634
8249 17768 2983204 1 636
8250 17767 2983214 1 637
8252 17767 2983224 1 639
8253 17766 2983234 1 640
8256 17766 2983244 1 643
8258 17765 2983254 1 645
8261 17764 2983264 1 647
8262 17764 2983274 1 648
8263 17763 2983284 1 649
8264 17763 2983294 1 651
8266 17762 2983304 1 652
8267 17761 2983314 1 653
8267 17760 2983324 1 655
8268 17758 2983334 1 659
8268 17758 2983344 1 660
8267 17757 2983354 1 661
8267 17756 2983364 1 663
8266 17756 2983374 1 665
8265 17755 2983384 1 667
8264 17755 2983394 1 668
8264 17754 2983404 1 671
8263 17754 2983414 1 673
8262 17754 2983424 1 675
8261 17754 2983434 1 676
8261 17754 2983444 1 677
8261 17754 2983454 1 679
8261 17754 2983464 1 680
8262 17754 2983474 1 681
8264 17755 2983484 1 684
8265 17756 2983494 1 685
8267 17756 2983504 1 687
8269 17757 2983514 1 689
8270 17758 2983524 1 691
8271 17760 2983534 1 692
8271 17761 2983544 1 693
8271 17763 2983554 1 697
8271 17765 2983564 1 699
8270 17767 2983574 1 700
8269 17768 2983584 1 701
8268 17770 2983594 1 703
8267 17772 2983604 1 704
8266 17773 2983614 1 707
8263 17777 2983624 1 709
8262 17779 2983634 1 710
8262 17781 2983644 1 712
8261 17782 2983654 1 713
8261 17783 2983664 1 714
8260 17785 2983674 1 716
8260 17787 2983684 1 717
8259 17789 2983694 1 718
8256 17793 2983704 1 722
8255 17794 2983714 1 723
8254 17796 2983724 1 725
8252 17798 2983734 1 726
8250 17800 2983744 1 727
8248 17801 2983754 1 729
8245 17802 2983764 1 731
8238 17805 2983774 1 734
8235 17806 2983784 1 735
8231 17807 2983794 1 736
8227 17807 2983804 1 738
8223 17808 2983814 1 740
8219 17808 2983824 1 742
8215 17808 2983834 1 743
8211 17808 2983844 1 744
8208 17808 2983854 1 745
8205 17807 2983864 1 748
8202 17807 2983874 1 749
8200 17806 2983884 1 751
8197 17805 2983894 1 752
8194 17804 2983904 1 753
8191 17802 2983914 1 755
8185 17799 2983924 1 758
8182 17798 2983934 1 760
8179 17796 2983944 1 761
8177 17793 2983954 1 762
8174 17791 2983964 1 763
8172 17789 2983974 1 766
8170 17786 2983984 1 767
8167 17781 2983994 1 770
8166 17779 2984004 1 771
8165 17776 2984014 1 772
8165 17773 2984024 1 775
8165 17772 2984034 1 776
8165 17771 2984044 1 776
8165 17768 2984054 1 777
8166 17766 2984064 1 779
8167 17760 2984074 1 781
8168 17758 2984084 1 782
8170 17755 2984094 1 785
8171 17753 2984104 1 786
8172 17750 2984114 1 788
8174 17748 2984124 1 789
8175 17746 2984134 1 790
8179 17742 2984144 1 794
8181 17740 2984154 1 795
8184 17738 2984164 1 796
8188 17736 2984174 1 798
8192 17734 2984184 1 799
8196 17732 2984194 1 800
8201 17731 2984204 1 801
8208 17729 2984214 1 805
8210 17728 2984224 1 806
8212 17727 2984234 1 806
8217 17726 2984244 1 808
8221 17725 2984254 1 809
8224 17724 2984264 1 810
8227 17724 2984274 1 813
8230 17723 2984284 1 814
8233 17722 2984294 1 816
8234 17722 2984304 1 818
8234 17722 2984314 1 819
8233 17722 2984324 1 820
8231 17723 2984334 1 822
8229 17723 2984344 1 824
8227 17723 2984354 1 825
8225 17724 2984364 1 827
8223 17724 2984374 1 829
8221 17724 2984384 1 830
8219 17725 2984394 1 832
8218 17725 2984404 1 834
8217 17725 2984414 1 834
8217 17725 2984424 1 835
8216 17725 2984434 1 836
8216 17726 2984444 1 838
8216 17726 2984454 1 840
8217 17727 2984464 1 841
8217 17727 2984474 1 843
8218 17727 2984484 1 845
8219 17727 2984494 1 846
8220 17728 2984504 1 847
8220 17728 2984514 1 849
8221 17728 2984524 1 851
8222 17728 2984534 1 853
8224 17728 2984544 1 854
8226 17728 2984554 1 856
8229 17728 2984564 1 857
8232 17729 2984574 1 858
8234 17728 2984584 1 860
8237 17728 2984594 1 862
8238 17728 2984604 1 863
8240 17729 2984614 1 864
8242 17729 2984624 1 865
8244 17729 2984634 1 866
8245 17729 2984644 1 868
8246 17729 2984654 1 869
8246 17729 2984664 1 871
8245 17729 2984674 1 872
8244 17729 2984684 1 875
8242 17729 2984694 1 876
8240 17728 2984704 1 877
8237 17729 2984714 1 878
8234 17728 2984724 1 880
8232 17729 2984734 1 882
8230 17729 2984744 1 883
8227 17729 2984754 1 884
8225 17729 2984764 1 887
8222 17729 2984774 1 888
8219 17729 2984784 1 889
8218 17729 2984794 1 890
8217 17729 2984804 1 890
8216 17730 2984814 1 893
8215 17730 2984824 1 894
8214 17731 2984834 1 895
8213 17731 2984844 1 896
8212 17731 2984854 1 899
8212 17731 2984864 1 900
8211 17731 2984874 1 901
8211 17731 2984884 1 903
8211 17732 2984894 1 905
8210 17732 2984904 1 906
8210 17732 2984914 1 907
8210 17731 2984924 1 908
8209 17731 2984934 1 910
8209 17731 2984944 1 912
8211 17731 2984954 1 914
8212 17730 2984964 1 915
8214 17730 2984974 1 916
8215 17730 2984984 1 917
8215 17730 2984994 1 917
8217 17729 2985004 1 919
8219 17729 2985014 1 920
8220 17728 2985024 1 921
8223 17727 2985034 1 924
8224 17726 2985044 1 926
8226 17726 2985054 1 927
8228 17725 2985064 1 928
8231 17724 2985074 1 929
8234 17723 2985084 1 930
8238 17722 2985094 1 931
8242 17721 2985104 1 934
8247 17720 2985114 1 935
8251 17719 2985124 1 937
8255 17718 2985134 1 938
8260 17717 2985144 1 940
8264 17716 2985154 1 941
8267 17715 2985164 1 942
8270 17714 2985174 1 943
8271 17714 2985184 1 944
8273 17713 2985194 1 945
8275 17713 2985204 1 946
8277 17712 2985214 1 948
8279 17712 2985224 1 949
8281 17712 2985234 1 951
8282 17712 2985244 1 952
8285 17712 2985254 1 954
8285 17713 2985264 1 956
8285 17713 2985274 1 957
8284 17714 2985284 1 958
8283 17715 2985294 1 959
8282 17716 2985304 1 960
8280 17717 2985314 1 961
8278 17719 2985324 1 963
8275 17720 2985334 1 966
8272 17722 2985344 1 967
8268 17723 2985354 1 968
8267 17724 2985364 1 969
8265 17725 2985374 1 969
8261 17726 2985384 1 970
8257 17727 2985394 1 971
8253 17730 2985404 1 974
8250 17731 2985414 1 975
8246 17733 2985424 1 976
8242 17734 2985434 1 977
8239 17735 2985444 1 978
8236 17736 2985454 1 979
8234 17738 2985464 1 981
8233 17740 2985474 1 984
8231 17741 2985484 1 985
8231 17742 2985494 1 986
8231 17743 2985504 1 987
8231 17744 2985514 1 988
8233 17745 2985524 1 989
8234 17746 2985534 1 990
8237 17747 2985544 1 993
8238 17747 2985554 1 993
8240 17747 2985564 1 994
8243 17748 2985574 1 995
8247 17748 2985584 1 996
8251 17749 2985594 1 997
8256 17749 2985604 1 999
8261 17749 2985614 1 1000
8267 17750 2985624 1 1003
8272 17750 2985634 1 1004
8277 17751 2985644 1 1005
8282 17751 2985654 1 1006
8286 17751 2985664 1 1007
8290 17751 2985674 1 1008
8293 17752 2985684 1 1009
8296 17752 2985694 1 1011
8299 17752 2985704 1 1012
8301 17753 2985714 1 1013
8303 17753 2985724 1 1015
8304 17754 2985734 1 1016
8305 17754 2985744 1 1016
8305 17754 2985754 1 1017
8305 17754 2985764 1 1018
8305 17755 2985774 1 1021
8304 17755 2985784 1 1022
8303 17756 2985794 1 1023
8303 17756 2985804 1 1024
8302 17757 2985814 1 1024
8301 17758 2985824 1 1024
8301 17758 2985834 1 1024
8299 17760 2985844 1 1024
8298 17760 2985854 1 1024
8297 17761 2985864 1 1024
8295 17762 2985874 1 1024
8292 17763 2985884 1 1024
8289 17763 2985894 1 1024
8287 17764 2985904 1 1024
8284 17766 2985914 1 1024
8282 17766 2985924 1 1024
8281 17766 2985934 1 1024
8280 17767 2985944 1 1024
8279 17768 2985954 1 1024
8278 17768 2985964 1 1024
8278 17769 2985974 1 1024
8277 17770 2985984 1 1024
8276 17771 2985994 1 1024
8276 17772 2986004 1 1024
8275 17772 2986014 1 1024
8274 17773 2986024 1 1024
8273 17773 2986034 1 1024
8273 17774 2986044 1 1024
8272 17774 2986054 1 1024
8273 17774 2986064 1 1024
8274 17774 2986074 1 1024
8275 17774 2986084 1 1024
8277 17774 2986094 1 1024
8279 17773 2986104 1 1024
8282 17773 2986114 1 1024
8283 17773 2986124 1 1024
8284 17772 2986134 1 1024
8288 17771 2986144 1 1024
8291 17770 2986154 1 1024
8293 17769 2986164 1 1024
8294 17768 2986174 1 1024
8295 17767 2986184 1 1024
8295 17765 2986194 1 1024
8295 17764 2986204 1 1024
8294 17761 2986214 1 1024
8293 17760 2986224 1 1024
8291 17758 2986234 1 1024
8290 17756 2986244 1 1024
8290 17754 2986254 1 1024
8291 17753 2986264 1 1024
8292 17751 2986274 1 1024
8294 17748 2986284 1 1024
8297 17746 2986294 1 1024
8299 17745 2986304 1 1024
8300 17744 2986314 1 1024
8302 17743 2986324 1 1024
8304 17742 2986334 1 1024
8307 17740 2986344 1 1024
8310 17739 2986354 1 1024
8313 17736 2986364 1 1024
8316 17735 2986374 1 1024
8319 17734 2986384 1 1024
8321 17732 2986394 1 1024
8323 17731 2986404 1 1024
8324 17730 2986414 1 1024
8325 17729 2986424 1 1024
8325 17728 2986434 1 1024
8325 17727 2986444 1 1024
8324 17726 2986454 1 1024
8324 17725 2986464 1 1024
8322 17725 2986474 1 1024
8321 17724 2986484 1 1024
8319 17724 2986494 1 1024
8317 17724 2986504 1 1024
8315 17723 2986514 1 1024
8312 17723 2986524 1 1024
8308 17723 2986534 1 1024
8304 17723 2986544 1 1024
8298 17723 2986554 1 1024
8292 17723 2986564 1 1024
8286 17723 2986574 1 1024
8279 17723 2986584 1 1024
8273 17723 2986594 1 1024
8267 17723 2986604 1 1024
8261 17723 2986614 1 1024
8255 17723 2986624 1 1024
8250 17723 2986634 1 1024
8246 17723 2986644 1 1024
8242 17722 2986654 1 1024
8240 17722 2986664 1 1024
8238 17722 2986674 1 1024
8237 17722 2986684 1 1024
8236 17722 2986694 1 1024
8236 17721 2986704 1 1024
8236 17721 2986714 1 1024
8236 17720 2986724 1 1024
8236 17720 2986734 1 1024
8238 17720 2986744 1 1024
8239 17719 2986754 1 1024
8241 17719 2986764 1 1024
8243 17718 2986774 1 1024
8246 17718 2986784 1 1024
8249 17718 2986794 1 1024
8252 17718 2986804 1 1024
8254 17718 2986814 1 1024
8257 17718 2986824 1 1024
8259 17718 2986834 1 1024
8262 17718 2986844 1 1024
8265 17719 2986854 1 1024
8269 17719 2986864 1 1024
8274 17719 2986874 1 1024
8276 17719 2986884 1 1024
8279 17719 2986894 1 1024
8284 17720 2986904 1 1024
8289 17720 2986914 1 1024
8294 17720 2986924 1 1024
8298 17721 2986934 1 1024
8302 17721 2986944 1 1024
8305 17722 2986954 1 1024
8308 17722 2986964 1 1024
8309 17722 2986974 1 1024
8311 17723 2986984 1 1024
8311 17723 2986994 1 1024
8311 17723 2987004 1 1024
8311 17724 2987014 1 1024
8311 17725 2987024 1 1024
8310 17725 2987034 1 1024
8309 17726 2987044 1 1024
8308 17726 2987054 1 1024
8307 17727 2987064 1 1024
8306 17727 2987074 1 1024
8306 17727 2987084 1 1024
8305 17728 2987094 1 1024
8305 17729 2987104 1 1024
8304 17730 2987114 1 1024
8305 17730 2987124 1 1024
8305 17731 2987134 1 1024
8306 17731 2987144 1 1024
8308 17732 2987154 1 1024
8309 17732 2987164 1 1024
8311 17733 2987174 1 1024
8311 17734 2987184 1 1024
8312 17734 2987194 1 1024
8312 17734 2987204 1 1024
8312 17734 2987214 1 1024
8313 17734 2987224 1 1024
8314 17734 2987234 1 1024
8316 17735 2987244 1 1024
8317 17735 2987254 1 1024
8318 17735 2987264 1 1024
8318 17735 2987274 1 1024
8319 17735 2987284 1 1024
8319 17735 2987294 1 1024
8320 17735 2987304 1 1024
8320 17736 2987314 1 1024
8321 17736 2987324 1 1024
8320 17736 2987334 1 1024
8319 17736 2987344 1 1024
8318 17736 2987354 1 1024
8316 17736 2987364 1 1024
8314 17737 2987374 1 1024
8311 17737 2987384 1 1024
8308 17737 2987394 1 1024
8306 17737 2987404 1 1024
8304 17738 2987414 1 1024
8303 17738 2987424 1 1024
8302 17738 2987434 1 1024
8301 17738 2987444 1 1024
8301 17739 2987454 1 1024
8301 17739 2987464 1 1024
8302 17739 2987474 1 1024
8303 17739 2987484 1 1024
8304 17739 2987494 1 1024
8307 17739 2987504 1 1024
8309 17739 2987514 1 1024
8312 17740 2987524 1 1024
8314 17740 2987534 1 1024
8317 17740 2987544 1 1024
8319 17740 2987554 1 1024
8321 17740 2987564 1 1024
8322 17740 2987574 1 1024
8323 17740 2987584 1 1024
8323 17740 2987594 1 1024
8322 17740 2987604 1 1024
8321 17741 2987614 1 1024
8320 17741 2987624 1 1024
8318 17741 2987634 1 1024
8317 17741 2987644 1 1024
8316 17741 2987654 1 1024
8314 17741 2987664 1 1024
8312 17741 2987674 1 1024
8310 17741 2987684 1 1024
8307 17741 2987694 1 1024
8305 17741 2987704 1 1024
8302 17741 2987714 0 0
8300 17741 2987724 0 0
8298 17741 2987734 0 0
8296 17741 2987744 0 0
8295 17741 2987754 0 0
8293 17741 2987764 0 0
8293 17741 2987774 0 0
8293 17741 2987784 0 0
8293 17741 2987794 0 0
8294 17741 2987804 0 0
8296 17741 2987814 0 0
8298 17741 2987824 0 0
8300 17740 2987834 1 4
8301 17740 2987844 1 37
8304 17740 2987854 1 75
8307 17740 2987864 1 119
8311 17740 2987874 1 167
8313 17740 2987884 1 218
8315 17740 2987894 1 269
8316 17740 2987904 1 319
8315 17739 2987914 1 410
8315 17739 2987924 1 445
8313 17739 2987934 1 475
8310 17739 2987944 1 493
8307 17739 2987954 1 502
8303 17740 2987964 1 496
8299 17740 2987974 1 476
8295 17740 2987984 1 386
8292 17740 2987994 1 312
8290 17741 2988004 1 218
8288 17741 2988014 1 102
8287 17741 2988024 1 30
8287 17741 2988034 1 1
8286 17742 2988044 0 0
8286 17742 2988054 0 0
8286 17742 2988064 0 0
8287 17743 2988074 0 0
8289 17743 2988084 0 0
8291 17744 2988094 0 0
8293 17744 2988104 0 0
8295 17744 2988114 0 0
8297 17745 2988124 0 0
8300 17746 2988134 0 0
8303 17746 2988144 0 0
8305 17747 2988154 0 0
8307 17747 2988164 0 0
8309 17748 2988174 0 0
8311 17748 2988184 0 0
8312 17748 2988194 1 20
8314 17750 2988204 1 163
8314 17750 2988214 1 219
8314 17750 2988224 1 238
8315 17750 2988234 1 317
8317 17751 2988244 1 399
8318 17751 2988254 1 481
8320 17751 2988264 1 565
8321 17752 2988274 1 650
8324 17752 2988284 1 819
8326 17753 2988294 1 902
8326 17753 2988304 1 984
8327 17753 2988314 1 1024
8327 17753 2988324 1 1024
8326 17753 2988334 1 1024
8325 17753 2988344 1 1024
8326 17753 2988354 1 1024
8324 17753 2988364 1 1024
8324 17752 2988374 1 1024
8323 17752 2988384 1 1024
8323 17752 2988394 1 1024
8324 17752 2988404 1 1024
8324 17752 2988414 1 1024
8324 17751 2988424 1 1024
8326 17751 2988434 1 1024
8326 17750 2988444 1 1024
8327 17750 2988454 1 1024
8328 17749 2988464 1 1024
8329 17749 2988474 1 1024
8330 17748 2988484 1 1024
8330 17747 2988494 1 1024
8331 17745 2988504 1 1024
8332 17745 2988514 1 1024
8334 17744 2988524 1 1024
8335 17743 2988534 1 1024
8337 17742 2988544 1 1024
8338 17741 2988554 1 1024
8339 17740 2988564 1 1024
8339 17738 2988574 1 1024
8340 17737 2988584 1 1024
8340 17736 2988594 1 1024
8341 17735 2988604 1 1024
8342 17734 2988614 1 1024
8343 17733 2988624 1 1024
8345 17732 2988634 1 1024
8347 17731 2988644 1 1024
8351 17729 2988654 1 1024
8354 17728 2988664 1 1024
8358 17727 2988674 1 1024
8362 17726 2988684 1 1024
8365 17725 2988694 1 1024
8369 17724 2988704 1 1024
8372 17723 2988714 1 1024
8374 17722 2988724 1 1024
8376 17721 2988734 1 1024
8377 17721 2988744 1 1024
8378 17720 2988754 1 1024
8378 17719 2988764 1 1024
8378 17719 2988774 1 1024
8378 17718 2988784 1 1024
8377 17718 2988794 1 1024
8377 17717 2988804 1 1024
8375 17717 2988814 1 1024
8373 17717 2988824 1 1024
8371 17717 2988834 1 1024
8369 17717 2988844 1 1024
8367 17717 2988854 1 1024
8366 17717 2988864 1 1024
8365 17718 2988874 1 1024
8364 17718 2988884 1 1024
8364 17718 2988894 1 1024
8363 17719 2988904 1 1024
8363 17719 2988914 1 1024
8363 17720 2988924 1 1024
8364 17720 2988934 1 1024
8364 17721 2988944 1 1024
8364 17722 2988954 1 1024
8365 17722 2988964 1 1024
8365 17722 2988974 1 1024
8366 17722 2988984 1 1024
8367 17723 2988994 1 1024
8368 17723 2989004 1 1024
8368 17724 2989014 1 1024
8369 17725 2989024 1 1024
8368 17726 2989034 1 1024
8368 17726 2989044 1 1024
8366 17727 2989054 1 1024
8365 17728 2989064 1 1024
8364 17728 2989074 1 1024
8362 17729 2989084 1 1024
8359 17731 2989094 1 1024
8356 17732 2989104 1 1024
8354 17732 2989114 1 1024
8351 17733 2989124 1 1024
8349 17734 2989134 1 1024
8347 17735 2989144 1 1024
8345 17736 2989154 1 1024
8344 17737 2989164 1 1024
8344 17738 2989174 1 1024
8342 17739 2989184 1 1024
8341 17740 2989194 1 1024
8341 17741 2989204 1 1024
8340 17742 2989214 1 1024
8339 17743 2989224 1 1024
8338 17744 2989234 1 1024
8337 17746 2989244 1 1024
8336 17747 2989254 1 1024
8335 17748 2989264 1 1024
8334 17749 2989274 1 1024
8334 17750 2989284 1 1024
8333 17750 2989294 1 1024
8332 17751 2989304 1 1024
8332 17752 2989314 1 1024
8331 17752 2989324 1 1024
8331 17752 2989334 1 1024
8331 17753 2989344 1 1024
8332 17753 2989354 1 1024
8332 17753 2989364 1 1024
8333 17753 2989374 1 1024
8334 17753 2989384 1 1024
8335 17753 2989394 1 1024
8336 17753 2989404 1 1024
8337 17753 2989414 1 1024
8337 17753 2989424 1 1024
8338 17753 2989434 1 1024
8338 17753 2989444 1 1024
8339 17752 2989454 1 1024
8340 17752 2989464 1 1024
8342 17752 2989474 1 1024
8343 17752 2989484 1 1024
8344 17752 2989494 1 1024
8346 17751 2989504 1 1024
8347 17751 2989514 1 1024
8347 17751 2989524 1 1024
8348 17751 2989534 1 1024
8348 17750 2989544 1 1024
8348 17750 2989554 1 1024
8348 17750 2989564 1 1024
8349 17750 2989574 1 1024
8349 17750 2989584 1 1024
8349 17749 2989594 1 1024
8350 17749 2989604 1 1024
8351 17748 2989614 1 1024
8352 17748 2989624 1 1024
8353 17748 2989634 1 1024
8355 17748 2989644 1 1024
8356 17747 2989654 1 1024
8356 17747 2989664 1 1024
8356 17747 2989674 1 1024
8356 17746 2989684 1 1024
8355 17746 2989694 1 1024
8355 17746 2989704 1 1024
8354 17746 2989714 1 1024
8352 17746 2989724 1 1024
8351 17745 2989734 1 1024
8350 17745 2989744 1 1024
8349 17745 2989754 1 1024
8347 17745 2989764 1 1024
8345 17745 2989774 1 1024
8344 17745 2989784 1 1024
8343 17745 2989794 1 1024
8341 17745 2989804 1 1024
8340 17745 2989814 1 1024
8339 17746 2989824 1 1024
8337 17746 2989834 1 1024
8335 17747 2989844 1 1024
8333 17747 2989854 1 1024
8330 17747 2989864 1 1024
8328 17748 2989874 1 1024
8326 17749 2989884 1 1024
8324 17749 2989894 1 1024
8322 17750 2989904 1 1024
8320 17751 2989914 1 1024
8319 17751 2989924 1 1024
8318 17751 2989934 1 1024
8318 17752 2989944 1 1024
8317 17752 2989954 1 1024
8318 17753 2989964 1 1024
8318 17753 2989974 1 1024
8319 17754 2989984 1 1024
8320 17754 2989994 1 1024
8320 17754 2990004 1 1024
8322 17755 2990014 1 1024
8324 17755 2990024 1 1024
8326 17756 2990034 1 1024
8330 17756 2990044 1 1024
8334 17757 2990054 1 1024
8338 17757 2990064 1 1024
8343 17757 2990074 1 1024
8348 17757 2990084 1 1024
8354 17757 2990094 1 1024
8360 17758 2990104 1 1024
8363 17758 2990114 1 1024
8366 17758 2990124 1 1024
8371 17758 2990134 1 1024
8375 17758 2990144 1 1024
8378 17758 2990154 1 1024
8380 17758 2990164 1 1024
8381 17758 2990174 1 1024
8381 17758 2990184 1 1024
8381 17757 2990194 1 1024
8382 17757 2990204 1 1024
8381 17756 2990214 1 1024
8380 17756 2990224 1 1024
8380 17755 2990234 1 1024
8379 17754 2990244 1 1024
8379 17754 2990254 1 1024
8380 17753 2990264 1 1024
8382 17752 2990274 1 1024
8383 17751 2990284 1 1024
8384 17750 2990294 1 1024
8388 17750 2990304 1 1024
8386 17749 2990314 1 1024
8375 17749 2990324 1 1024
8364 17748 2990334 1 1024
8352 17747 2990344 1 1024
8328 17746 2990354 1 1024
8315 17745 2990364 1 1024
8302 17744 2990374 1 1024
8289 17743 2990384 1 1024
8276 17742 2990394 1 1024
8262 17741 2990404 1 1024
8248 17740 2990414 1 1024
8222 17739 2990424 1 1024
8208 17738 2990434 1 1024
8194 17738 2990444 1 1024
8192 17737 2990454 1 1024
8191 17737 2990464 1 1024
8190 17737 2990474 1 1024
8189 17737 2990484 1 1024
8189 17736 2990494 1 1024
8189 17736 2990504 1 1024
8187 17736 2990514 1 1024
8185 17736 2990524 1 1024
8184 17737 2990534 1 1024
8181 17737 2990544 1 1024
8179 17737 2990554 1 1024
8177 17737 2990564 1 1024
8176 17737 2990574 1 1024
8174 17737 2990584 1 1024
8174 17737 2990594 1 1024
8173 17737 2990604 1 1024
8174 17737 2990614 1 1024
8176 17737 2990624 1 1024
8178 17737 2990634 1 1024
8181 17737 2990644 1 1024
8184 17737 2990654 1 1024
8187 17737 2990664 1 1024
8190 17737 2990674 1 1024
8191 17737 2990684 1 1024
8193 17737 2990694 1 1024
8195 17737 2990704 1 1024
8197 17737 2990714 1 1024
8200 17737 2990724 1 1024
8202 17737 2990734 1 1024
8203 17737 2990744 1 1024
8205 17736 2990754 1 1024
8207 17736 2990764 1 1024
8210 17736 2990774 1 1024
8212 17736 2990784 1 1024
8216 17735 2990794 1 1024
8219 17735 2990804 1 1024
8222 17734 2990814 1 1024
8225 17733 2990824 1 1024
8228 17733 2990834 1 1024
8231 17732 2990844 1 1024
8233 17732 2990854 1 1024
8237 17730 2990864 1 1024
8238 17730 2990874 1 1024
8239 17730 2990884 1 1024
8240 17729 2990894 1 1024
8241 17728 2990904 1 1024
8241 17728 2990914 1 1024
8241 17727 2990924 1 1024
8240 17726 2990934 1 1024
8240 17724 2990944 1 1024
8240 17723 2990954 1 1024
8239 17722 2990964 1 1024
8239 17721 2990974 1 1024
8238 17720 2990984 1 1024
8237 17719 2990994 1 1024
8236 17719 2991004 1 1024
8237 17717 2991014 1 1024
8236 17716 2991024 1 1024
8237 17716 2991034 1 1024
8237 17715 2991044 1 1024
8238 17715 2991054 1 1024
8238 17715 2991064 1 1024
8239 17715 2991074 1 1024
8240 17714 2991084 1 1024
8243 17714 2991094 1 1024
8245 17714 2991104 1 1024
8247 17714 2991114 1 1024
8249 17714 2991124 1 1024
8251 17714 2991134 1 1024
8253 17714 2991144 1 1024
8254 17715 2991154 1 1024
8255 17715 2991164 1 1024
8256 17715 2991174 1 1024
8256 17716 2991184 1 1024
8256 17716 2991194 1 1024
8257 17717 2991204 1 1024
8257 17717 2991214 1 1024
8258 17718 2991224 1 1024
8258 17719 2991234 1 1024
8257 17719 2991244 1 1024
8257 17719 2991254 1 1024
8256 17720 2991264 1 1024
8255 17720 2991274 1 1024
8253 17721 2991284 1 1024
8250 17722 2991294 1 1024
8248 17723 2991304 1 1024
8246 17724 2991314 1 1024
8245 17725 2991324 1 1024
8244 17725 2991334 1 1024
8244 17726 2991344 1 1024
8245 17727 2991354 1 1024
8248 17728 2991364 1 1024
8251 17728 2991374 1 1024
8256 17729 2991384 1 1024
8260 17730 2991394 1 1024
8264 17730 2991404 1 1024
8269 17731 2991414 1 1024
8274 17732 2991424 1 1024
8278 17732 2991434 1 1024
8280 17732 2991444 1 1024
8282 17733 2991454 1 1024
8286 17733 2991464 1 1024
8288 17733 2991474 1 1024
8289 17734 2991484 1 1024
8289 17734 2991494 1 1024
8288 17734 2991504 1 1024
8286 17733 2991514 1 1024
8284 17733 2991524 1 1024
8282 17733 2991534 1 1024
8279 17732 2991544 1 1024
8276 17732 2991554 1 1024
8274 17732 2991564 1 1024
8271 17731 2991574 1 1024
8269 17731 2991584 1 1024
8267 17730 2991594 1 1024
8264 17730 2991604 1 1024
8262 17730 2991614 1 1024
8260 17729 2991624 1 1024
8259 17729 2991634 1 1024
8258 17729 2991644 1 1024
8256 17729 2991654 1 1024
8254 17729 2991664 1 1024
8253 17729 2991674 1 1024
8251 17729 2991684 1 1024
8250 17728 2991694 1 1024
8250 17728 2991704 1 1024
8251 17729 2991714 1 1024
8252 17728 2991724 1 1024
8253 17729 2991734 1 1024
8256 17729 2991744 1 1024
8258 17730 2991754 1 1024
8261 17731 2991764 1 1024
8264 17731 2991774 1 1024
8267 17732 2991784 1 1024
8270 17733 2991794 1 1024
8273 17734 2991804 1 1024
8277 17734 2991814 1 1024
8278 17735 2991824 1 1024
8280 17735 2991834 1 1024
8283 17736 2991844 1 1024
8285 17737 2991854 1 1024
8287 17737 2991864 1 1024
8288 17738 2991874 1 1024
8288 17738 2991884 1 1024
8287 17739 2991894 1 1024
8287 17740 2991904 1 1024
8286 17740 2991914 1 1024
8286 17741 2991924 1 1024
8287 17741 2991934 1 1024
8288 17741 2991944 1 1024
8289 17742 2991954 1 1024
8291 17742 2991964 1 1024
8293 17742 2991974 1 1024
8294 17743 2991984 1 1024
8295 17743 2991994 1 1024
8296 17743 2992004 1 1024
8297 17743 2992014 1 1024
8297 17743 2992024 1 1024
8297 17743 2992034 1 1024
8298 17743 2992044 1 1024
8299 17743 2992054 1 1024
8299 17743 2992064 1 1024
8298 17743 2992074 1 1024
8298 17743 2992084 1 1024
8297 17742 2992094 1 1024
8296 17742 2992104 1 1024
8296 17742 2992114 1 1024
8297 17741 2992124 1 1024
8298 17741 2992134 1 1024
8300 17740 2992144 1 1024
8301 17739 2992154 1 1024
8302 17739 2992164 1 1024
8303 17739 2992174 1 1024
8303 17738 2992184 1 1024
8304 17737 2992194 1 1024
8304 17737 2992204 1 1024
8304 17737 2992214 1 1024
8304 17736 2992224 1 1024
8304 17736 2992234 1 1024
8304 17735 2992244 1 1024
8305 17735 2992254 1 1024
8305 17734 2992264 1 1024
8306 17734 2992274 1 1024
8306 17733 2992284 1 1024
8306 17733 2992294 1 1024
8307 17733 2992304 1 1024
8307 17733 2992314 1 1024
8307 17732 2992324 1 1024
8307 17732 2992334 1 1024
8308 17732 2992344 1 1024
8308 17732 2992354 1 1024
8308 17731 2992364 1 1024
8309 17731 2992374 1 1024
8310 17731 2992384 1 1024
8310 17731 2992394 1 1024
8310 17731 2992404 1 1024
8312 17731 2992414 1 1024
8314 17731 2992424 1 1024
8316 17731 2992434 1 1024
8318 17731 2992444 1 1024
8321 17731 2992454 1 1024
8324 17731 2992464 1 1024
8328 17731 2992474 1 1024
8332 17731 2992484 1 1024
8337 17731 2992494 1 1024
8341 17731 2992504 1 1024
8344 17731 2992514 1 1024
8347 17731 2992524 1 1024
8349 17731 2992534 1 1024
8350 17731 2992544 1 1024
8351 17731 2992554 1 1024
8352 17731 2992564 1 1024
8353 17732 2992574 1 1024
8353 17732 2992584 1 1024
8353 17732 2992594 1 1024
8353 17732 2992604 1 1024
8353 17733 2992614 1 1024
8353 17733 2992624 1 1024
8354 17733 2992634 1 1024
8355 17734 2992644 1 1024
8356 17734 2992654 1 1024
8357 17735 2992664 1 1024
8358 17735 2992674 1 1024
8360 17735 2992684 1 1024
8361 17736 2992694 1 1024
8364 17736 2992704 1 1024
8367 17736 2992714 1 1024
8370 17736 2992724 1 1024
8372 17736 2992734 1 1024
8375 17736 2992744 1 1024
8376 17736 2992754 1 1024
8377 17736 2992764 1 1024
8377 17736 2992774 1 1024
8378 17736 2992784 1 1024
8380 17736 2992794 1 1024
8380 17736 2992804 1 1024
8380 17736 2992814 1 1024
8380 17736 2992824 1 1024
8380 17736 2992834 1 1024
8378 17736 2992844 1 1024
8377 17736 2992854 1 1024
8377 17737 2992864 1 1024
8376 17737 2992874 1 1024
8375 17737 2992884 1 1024
8374 17737 2992894 1 1024
8371 17738 2992904 1 1024
8369 17738 2992914 1 1024
8366 17739 2992924 1 1024
8363 17739 2992934 1 1024
8359 17739 2992944 1 1024
8354 17740 2992954 1 1024
8350 17740 2992964 1 1024
8345 17740 2992974 1 1024
8342 17740 2992984 1 1024
8338 17740 2992994 1 1024
8335 17740 2993004 1 1024
8332 17740 2993014 1 1024
8329 17740 2993024 1 1024
8327 17740 2993034 1 1024
8325 17739 2993044 1 1024
8324 17739 2993054 1 1024
8324 17739 2993064 1 1024
8327 17738 2993074 1 1024
8329 17738 2993084 1 1024
8332 17737 2993094 1 1024
8337 17737 2993104 1 1024
8341 17736 2993114 1 1024
8347 17736 2993124 1 1024
8352 17736 2993134 1 1024
8357 17735 2993144 1 1024
8362 17735 2993154 1 1024
8366 17735 2993164 1 1024
8371 17734 2993174 1 1024
8375 17734 2993184 1 1024
8378 17734 2993194 1 1024
8381 17734 2993204 1 1024
8384 17733 2993214 1 1024
8385 17733 2993224 1 1024
8386 17732 2993234 1 1024
8387 17732 2993244 1 1024
8387 17731 2993254 1 1024
8387 17731 2993264 1 1024
8386 17731 2993274 1 1024
8385 17730 2993284 1 1024
8385 17730 2993294 1 1024
8385 17730 2993304 1 1024
8385 17730 2993314 1 1024
8385 17730 2993324 1 1024
8385 17730 2993334 1 1024
8385 17730 2993344 1 1024
8385 17730 2993354 1 1024
8386 17730 2993364 1 1024
8386 17730 2993374 1 1024
8387 17730 2993384 1 1024
8388 17730 2993394 1 1024
8390 17730 2993404 1 1024
8392 17730 2993414 1 1024
8396 17731 2993424 1 1024
8399 17732 2993434 1 1024
8402 17732 2993444 1 1024
8404 17733 2993454 1 1024
8407 17733 2993464 1 1024
8410 17734 2993474 1 1024
8412 17735 2993484 1 1024
8415 17736 2993494 1 1024
8416 17737 2993504 1 1024
8416 17737 2993514 1 1024
8416 17738 2993524 1 1024
8416 17739 2993534 1 1024
8415 17740 2993544 1 1024
8415 17740 2993554 1 1024
8416 17741 2993564 1 1024
8415 17741 2993574 1 1024
8414 17742 2993584 1 1024
8413 17742 2993594 1 1024
8412 17742 2993604 1 1024
8411 17742 2993614 1 1024
8410 17742 2993624 1 1024
8412 17742 2993634 1 1024
8412 17742 2993644 1 1024
8413 17742 2993654 1 1024
8415 17742 2993664 1 1024
8417 17742 2993674 1 1024
8419 17742 2993684 1 1024
8421 17742 2993694 1 1024
