8025 18718 2910663 1 871
8024 18715 2910673 1 791
8025 18714 2910683 1 724
8023 18710 2910693 1 671
8027 18710 2910703 1 629
8032 18710 2910713 1 598
8038 18711 2910723 1 576
8046 18712 2910733 1 563
8055 18713 2910743 1 559
8065 18714 2910753 1 560
8075 18716 2910763 1 567
8085 18717 2910773 1 580
8094 18718 2910783 1 598
8100 18719 2910793 1 617
8105 18720 2910803 1 640
8108 18720 2910813 1 664
8107 18720 2910823 1 688
8104 18719 2910833 1 711
8099 18718 2910843 1 734
8092 18716 2910853 1 755
8084 18714 2910863 1 772
8076 18712 2910873 1 785
8068 18710 2910883 1 794
8061 18707 2910893 1 797
8056 18705 2910903 1 794
8054 18703 2910913 1 784
8053 18702 2910923 1 766
8055 18701 2910933 1 739
8059 18701 2910943 1 702
8065 18701 2910953 1 655
8071 18703 2910963 1 600
8078 18706 2910973 1 538
8085 18709 2910983 1 470
8091 18714 2910993 1 399
8096 18719 2911003 1 325
8099 18724 2911013 1 250
8100 18730 2911023 1 177
8100 18737 2911033 1 106
8098 18743 2911043 1 39
8093 18749 2911053 0 0
8087 18754 2911063 0 0
8080 18758 2911073 0 0
8071 18760 2911083 0 0
8061 18762 2911093 0 0
8051 18762 2911103 0 0
8040 18759 2911113 0 0
8029 18756 2911123 0 0
8018 18750 2911133 0 0
8008 18744 2911143 0 0
7998 18735 2911153 0 0
7979 18706 2911163 0 0
7974 18696 2911173 0 0
7970 18686 2911183 0 0
7967 18677 2911193 0 0
7967 18668 2911203 0 0
7968 18661 2911213 0 0
7971 18655 2911223 0 0
7975 18651 2911233 0 0
7981 18648 2911243 1 26
7988 18646 2911253 1 82
7996 18646 2911263 1 141
8004 18648 2911273 1 203
8011 18650 2911283 1 266
8019 18653 2911293 1 331
8026 18657 2911303 1 393
8032 18661 2911313 1 454
8036 18665 2911323 1 512
8040 18668 2911333 1 566
8042 18672 2911343 1 614
8042 18674 2911353 1 657
8042 18675 2911363 1 693
8041 18676 2911373 1 720
8039 18675 2911383 1 739
8037 18674 2911393 1 747
8035 18672 2911403 1 747
8034 18670 2911413 1 749
8034 18667 2911423 1 752
8035 18664 2911433 1 756
8037 18662 2911443 1 760
8040 18660 2911453 1 763
8045 18658 2911463 1 764
8050 18658 2911473 1 763
8056 18658 2911483 1 758
8062 18658 2911493 1 751
8068 18660 2911503 1 739
8074 18662 2911513 1 724
8079 18665 2911523 1 707
8084 18669 2911533 1 686
8088 18672 2911543 1 663
8090 18676 2911553 1 638
8092 18680 2911563 1 610
8093 18684 2911573 1 581
8094 18688 2911583 1 550
8094 18691 2911593 1 518
8094 18694 2911603 1 485
8094 18697 2911613 1 451
8094 18699 2911623 1 416
8095 18700 2911633 1 380
8097 18701 2911643 1 345
8099 18701 2911653 1 309
8109 18703 2911663 1 204
8112 18702 2911673 1 171
8117 18702 2911683 1 138
8121 18703 2911693 1 106
8125 18703 2911703 1 77
8130 18704 2911713 1 48
8133 18705 2911723 1 22
8137 18706 2911733 0 0
8139 18707 2911743 0 0
8140 18708 2911753 0 0
8141 18709 2911763 0 0
8141 18711 2911773 0 0
8140 18712 2911783 0 0
8138 18713 2911793 0 0
8136 18713 2911803 0 0
8133 18714 2911813 0 0
8130 18714 2911823 0 0
8127 18714 2911833 0 0
8125 18713 2911843 0 0
8122 18712 2911853 0 0
8121 18712 2911863 0 0
8119 18711 2911873 0 0
8118 18710 2911883 1 1
8117 18709 2911893 1 32
8117 18708 2911903 1 67
8117 18707 2911913 1 104
8117 18706 2911923 1 144
8117 18705 2911933 1 185
8117 18704 2911943 1 229
8117 18703 2911953 1 272
8117 18702 2911963 1 317
8117 18701 2911973 1 362
8116 18700 2911983 1 407
8115 18699 2911993 1 452
8113 18698 2912003 1 495
8112 18697 2912013 1 537
8110 18696 2912023 1 577
8109 18695 2912033 1 616
8107 18695 2912043 1 652
8106 18694 2912053 1 685
8106 18694 2912063 1 715
8106 18694 2912073 1 741
8106 18694 2912083 1 763
8107 18694 2912093 1 781
8109 18694 2912103 1 795
8110 18695 2912113 1 803
8113 18695 2912123 1 806
8115 18695 2912133 1 806
8117 18695 2912143 1 805
8119 18695 2912153 1 803
8119 18694 2912163 1 804
8120 18693 2912173 1 804
8119 18692 2912183 1 805
8119 18691 2912193 1 807
8118 18689 2912203 1 808
8117 18688 2912213 1 810
8116 18687 2912223 1 812
8115 18686 2912233 1 815
8114 18685 2912243 1 818
8114 18684 2912253 1 821
8114 18683 2912263 1 823
8115 18683 2912273 1 826
8117 18683 2912283 1 829
8120 18684 2912293 1 832
8122 18685 2912303 1 837
8126 18687 2912313 1 840
8129 18689 2912323 1 842
8133 18691 2912333 1 845
8136 18693 2912343 1 848
8139 18695 2912353 1 850
8142 18697 2912363 1 852
8144 18699 2912373 1 854
8145 18700 2912383 1 854
8146 18701 2912393 1 854
8146 18702 2912403 1 854
8145 18702 2912413 1 853
8145 18702 2912423 1 850
8144 18701 2912433 1 848
8143 18700 2912443 1 845
8142 18698 2912453 1 841
8142 18696 2912463 1 837
8142 18693 2912473 1 833
8142 18691 2912483 1 829
8143 18688 2912493 1 826
8144 18685 2912503 1 824
8146 18681 2912513 1 822
8148 18679 2912523 1 822
8151 18676 2912533 1 823
8153 18673 2912543 1 827
8156 18671 2912553 1 833
8159 18669 2912563 1 840
8162 18667 2912573 1 850
8165 18666 2912583 1 864
8167 18665 2912593 1 880
8169 18665 2912603 1 900
8171 18666 2912613 1 923
8172 18667 2912623 1 949
8172 18668 2912633 1 977
8171 18670 2912643 1 1007
8170 18673 2912653 1 1024
8162 18681 2912663 1 1024
8160 18683 2912673 1 1024
8157 18686 2912683 1 1024
8155 18689 2912693 1 1024
8154 18692 2912703 1 1024
8154 18694 2912713 1 1024
8155 18696 2912723 1 1024
8156 18698 2912733 1 1024
8158 18699 2912743 1 1024
8160 18700 2912753 1 1024
8162 18701 2912763 1 1024
8164 18702 2912773 1 1024
8164 18703 2912783 1 1024
8164 18704 2912793 1 1024
8163 18705 2912803 1 1024
8161 18706 2912813 1 1024
8159 18707 2912823 1 1024
8157 18708 2912833 1 1024
8155 18710 2912843 1 1024
8153 18711 2912853 1 1024
8153 18713 2912863 1 1024
8154 18715 2912873 1 1024
8157 18717 2912883 1 1024
8161 18718 2912893 1 1024
8167 18720 2912903 1 1024
8173 18721 2912913 1 1024
8180 18723 2912923 1 1024
8188 18724 2912933 1 1024
8195 18725 2912943 1 1024
8201 18726 2912953 1 1024
8207 18727 2912963 1 1024
8211 18728 2912973 1 1024
8214 18728 2912983 1 1024
8215 18728 2912993 1 961
8214 18728 2913003 1 844
8212 18728 2913013 1 720
8209 18727 2913023 1 590
8206 18725 2913033 1 456
8202 18723 2913043 1 322
8198 18721 2913053 1 188
8195 18719 2913063 1 58
8192 18716 2913073 0 0
8191 18712 2913083 0 0
8190 18709 2913093 0 0
8190 18705 2913103 0 0
8190 18702 2913113 0 0
8191 18698 2913123 0 0
8192 18695 2913133 0 0
8192 18692 2913143 0 0
8194 18690 2913153 0 0
8197 18685 2913163 0 0
8199 18684 2913173 0 0
8202 18684 2913183 0 0
8204 18684 2913193 1 197
8206 18684 2913203 1 415
8207 18684 2913213 1 633
8207 18685 2913223 1 838
8206 18685 2913233 1 1015
8194 18685 2913243 1 1024
8174 18686 2913253 1 1024
8148 18685 2913263 1 1024
8119 18686 2913273 1 1024
8088 18684 2913283 1 1024
8058 18679 2913293 1 1024
8030 18673 2913303 1 1024
8005 18666 2913313 1 1024
7985 18659 2913323 1 1024
7978 18652 2913333 1 1024
7984 18646 2913343 1 1024
8000 18642 2913353 1 1024
8023 18639 2913363 1 1024
8052 18641 2913373 1 1006
8084 18646 2913383 1 977
8118 18656 2913393 1 957
8150 18668 2913403 1 944
8179 18681 2913413 1 940
8204 18696 2913423 1 942
8222 18712 2913433 1 950
8234 18727 2913443 1 963
8238 18741 2913453 1 980
8234 18752 2913463 1 1000
8223 18762 2913473 1 1024
8205 18768 2913483 1 1024
8182 18771 2913493 1 1024
8155 18770 2913503 1 1024
8126 18765 2913513 1 1024
8097 18757 2913523 1 1024
8069 18747 2913533 1 1024
8045 18734 2913543 1 1024
8027 18719 2913553 1 1024
8016 18704 2913563 1 1024
8014 18690 2913573 1 1024
8024 18677 2913583 1 1024
8048 18666 2913593 1 1024
8063 18653 2913603 1 1024
8097 18644 2913613 1 1024
8156 18641 2913623 1 1024
8243 18646 2913633 1 1024
