8389 18618 6692540 1 236
8200 18433 6692550 1 279
8103 18338 6692560 1 332
8067 18302 6692570 1 397
8060 18294 6692580 1 473
8058 18292 6692590 1 557
8057 18291 6692600 1 643
8052 18286 6692610 1 729
8054 18286 6692620 1 814
8056 18288 6692630 1 892
8058 18289 6692640 1 961
8061 18291 6692650 1 1018
8063 18293 6692660 1 1024
8066 18296 6692670 1 1024
8067 18298 6692680 1 1024
8068 18300 6692690 1 1024
8068 18301 6692700 1 1024
8067 18302 6692710 1 1024
8066 18303 6692720 1 993
8063 18304 6692730 1 933
8059 18304 6692740 1 863
8054 18302 6692750 1 782
8048 18299 6692760 1 693
8043 18296 6692770 1 600
8038 18292 6692780 1 502
8033 18288 6692790 1 403
8030 18283 6692800 1 302
8028 18278 6692810 1 202
8028 18274 6692820 1 106
8030 18271 6692830 1 13
8033 18269 6692840 0 0
8037 18269 6692850 0 0
8040 18269 6692860 0 0
8043 18270 6692870 0 0
8051 18272 6692880 0 0
8059 18276 6692890 0 0
8068 18281 6692900 0 0
8077 18288 6692910 0 0
8086 18295 6692920 0 0
8095 18302 6692930 0 0
8104 18310 6692940 0 0
8113 18317 6692950 0 0
8121 18324 6692960 0 0
8128 18330 6692970 0 0
8135 18335 6692980 0 0
8141 18340 6692990 0 0
8146 18344 6693000 0 0
8150 18347 6693010 0 0
8152 18348 6693020 0 0
8154 18349 6693030 0 0
8158 18351 6693040 0 0
8161 18352 6693050 0 0
8165 18352 6693060 0 0
8168 18351 6693070 0 0
8173 18350 6693080 0 0
8178 18348 6693090 0 0
8184 18344 6693100 1 20
8190 18340 6693110 1 91
8196 18334 6693120 1 163
8203 18328 6693130 1 235
8210 18321 6693140 1 307
8216 18314 6693150 1 374
8221 18307 6693160 1 439
8225 18301 6693170 1 497
8226 18298 6693180 1 525
8227 18295 6693190 1 548
8227 18291 6693200 1 592
8225 18289 6693210 1 628
8221 18288 6693220 1 651
8215 18289 6693230 1 663
8207 18291 6693240 1 662
8197 18294 6693250 1 652
8186 18299 6693260 1 641
8174 18304 6693270 1 632
8162 18310 6693280 1 626
8150 18316 6693290 1 620
8139 18322 6693300 1 616
8130 18328 6693310 1 612
8123 18334 6693320 1 610
8119 18339 6693330 1 609
8118 18341 6693340 1 609
8118 18344 6693350 1 609
8121 18348 6693360 1 611
8126 18352 6693370 1 613
8134 18355 6693380 1 616
8144 18357 6693390 1 619
8155 18359 6693400 1 623
8167 18360 6693410 1 627
8179 18361 6693420 1 633
8186 18361 6693430 1 636
8192 18361 6693440 1 639
8202 18362 6693450 1 645
8210 18363 6693460 1 651
8215 18364 6693470 1 658
8219 18366 6693480 1 664
8220 18368 6693490 1 672
8220 18369 6693500 1 676
8219 18370 6693510 1 679
8215 18373 6693520 1 686
8210 18376 6693530 1 693
8203 18380 6693540 1 700
8195 18383 6693550 1 707
8185 18386 6693560 1 713
8174 18389 6693570 1 720
8164 18391 6693580 1 725
8153 18392 6693590 1 731
8143 18392 6693600 1 735
8134 18391 6693610 1 741
8126 18389 6693620 1 744
8121 18385 6693630 1 748
8118 18381 6693640 1 752
8117 18375 6693650 1 756
8118 18372 6693660 1 758
8119 18369 6693670 1 759
8123 18362 6693680 1 761
8128 18355 6693690 1 764
8134 18348 6693700 1 766
8140 18341 6693710 1 768
8146 18335 6693720 1 770
8152 18330 6693730 1 772
8156 18326 6693740 1 773
8159 18323 6693750 1 774
8161 18320 6693760 1 774
8163 18319 6693770 1 776
8164 18317 6693780 1 776
8164 18316 6693790 1 777
8165 18314 6693800 1 777
8165 18312 6693810 1 777
8166 18311 6693820 1 777
8166 18310 6693830 1 777
8167 18307 6693840 1 777
8168 18304 6693850 1 777
8169 18300 6693860 1 777
8169 18297 6693870 1 777
8170 18294 6693880 1 778
8171 18291 6693890 1 776
8172 18289 6693900 1 776
8173 18287 6693910 1 777
8174 18286 6693920 1 777
8176 18286 6693930 1 777
8178 18286 6693940 1 777
8180 18286 6693950 1 777
8183 18286 6693960 1 777
8185 18287 6693970 1 777
8186 18288 6693980 1 777
8188 18289 6693990 1 777
8191 18290 6694000 1 777
8194 18292 6694010 1 778
8197 18295 6694020 1 778
8201 18298 6694030 1 780
8205 18301 6694040 1 781
8209 18305 6694050 1 781
8213 18309 6694060 1 782
8217 18314 6694070 1 783
8221 18319 6694080 1 785
8224 18324 6694090 1 786
8226 18329 6694100 1 787
8227 18334 6694110 1 788
8227 18339 6694120 1 789
8226 18344 6694130 1 791
8225 18346 6694140 1 791
8224 18349 6694150 1 792
8222 18354 6694160 1 793
8219 18358 6694170 1 795
8216 18363 6694180 1 797
8214 18367 6694190 1 798
8211 18372 6694200 1 799
8210 18376 6694210 1 801
8209 18380 6694220 1 802
8208 18383 6694230 1 803
8209 18386 6694240 1 805
8209 18388 6694250 1 807
8210 18390 6694260 1 808
8210 18390 6694270 1 809
8210 18388 6694280 1 810
8208 18386 6694290 1 812
8207 18385 6694300 1 814
8206 18383 6694310 1 814
8203 18378 6694320 1 814
8200 18373 6694330 1 815
8195 18367 6694340 1 816
8191 18359 6694350 1 817
8187 18352 6694360 1 818
8184 18344 6694370 1 819
8182 18337 6694380 1 820
8182 18330 6694390 1 822
8184 18325 6694400 1 823
8187 18320 6694410 1 824
8191 18317 6694420 1 825
8195 18316 6694430 1 826
8200 18315 6694440 1 826
8205 18316 6694450 1 827
8207 18317 6694460 1 828
8209 18318 6694470 1 828
8212 18321 6694480 1 830
8215 18323 6694490 1 831
8216 18326 6694500 1 832
8217 18327 6694510 1 833
8216 18328 6694520 1 834
8215 18328 6694530 1 835
8214 18327 6694540 1 836
8212 18325 6694550 1 837
8211 18322 6694560 1 838
8209 18319 6694570 1 839
8208 18315 6694580 1 840
8206 18311 6694590 1 841
8205 18307 6694600 1 842
8204 18303 6694610 1 843
8204 18302 6694620 1 843
8203 18301 6694630 1 842
8202 18299 6694640 1 843
8201 18299 6694650 1 844
8200 18300 6694660 1 845
8198 18302 6694670 1 846
8197 18305 6694680 1 847
8195 18309 6694690 1 848
8193 18314 6694700 1 849
8192 18319 6694710 1 850
8192 18325 6694720 1 851
8191 18330 6694730 1 852
8192 18335 6694740 1 853
8193 18340 6694750 1 854
8194 18344 6694760 1 855
8197 18348 6694770 1 856
8198 18350 6694780 1 856
8200 18351 6694790 1 857
8204 18353 6694800 1 858
8208 18355 6694810 1 859
8212 18356 6694820 1 860
8216 18357 6694830 1 861
8220 18358 6694840 1 863
8223 18358 6694850 1 864
8226 18358 6694860 1 865
8228 18357 6694870 1 866
8228 18356 6694880 1 868
8227 18355 6694890 1 869
8225 18353 6694900 1 870
8223 18351 6694910 1 871
8219 18348 6694920 1 872
8214 18345 6694930 1 873
8212 18343 6694940 1 874
8210 18342 6694950 1 875
8205 18338 6694960 1 876
8200 18336 6694970 1 877
8195 18333 6694980 1 878
8191 18331 6694990 1 879
8188 18330 6695000 1 881
8186 18329 6695010 1 882
8184 18329 6695020 1 883
8184 18329 6695030 1 884
8184 18329 6695040 1 885
8185 18330 6695050 1 887
8187 18331 6695060 1 888
8189 18331 6695070 1 889
8192 18332 6695080 1 890
8195 18333 6695090 1 891
8197 18333 6695100 1 892
8198 18333 6695110 1 893
8201 18334 6695120 1 894
8203 18334 6695130 1 895
8205 18334 6695140 1 896
8206 18333 6695150 1 898
8206 18332 6695160 1 899
8206 18331 6695170 1 900
8205 18330 6695180 1 902
8203 18328 6695190 1 903
8201 18327 6695200 1 903
8198 18325 6695210 1 904
8196 18323 6695220 1 906
8195 18322 6695230 1 907
8194 18320 6695240 1 908
8194 18319 6695250 1 910
8194 18319 6695260 1 910
8194 18319 6695270 1 911
8196 18319 6695280 1 912
8199 18319 6695290 1 913
8202 18320 6695300 1 915
8205 18322 6695310 1 916
8210 18324 6695320 1 917
8214 18327 6695330 1 919
8218 18330 6695340 1 920
8222 18332 6695350 1 921
8226 18335 6695360 1 923
8229 18337 6695370 1 924
8233 18339 6695380 1 926
8236 18340 6695390 1 927
8239 18340 6695400 1 928
8242 18340 6695410 1 930
8244 18340 6695420 1 930
8245 18339 6695430 1 931
8248 18338 6695440 1 932
8251 18336 6695450 1 934
8253 18334 6695460 1 935
8254 18332 6695470 1 937
8255 18331 6695480 1 939
8254 18331 6695490 1 941
8252 18331 6695500 1 942
8249 18332 6695510 1 943
8245 18334 6695520 1 945
8240 18337 6695530 1 946
8234 18340 6695540 1 948
8228 18344 6695550 1 949
8221 18348 6695560 1 951
8215 18352 6695570 1 952
8211 18353 6695580 1 953
8208 18355 6695590 1 953
8202 18359 6695600 1 955
8197 18362 6695610 1 956
8192 18365 6695620 1 958
8188 18367 6695630 1 959
8184 18369 6695640 1 961
8182 18370 6695650 1 962
8181 18371 6695660 1 964
8181 18372 6695670 1 965
8183 18372 6695680 1 967
8187 18371 6695690 1 968
8193 18370 6695700 1 970
8200 18367 6695710 1 971
8209 18365 6695720 1 973
8218 18362 6695730 1 974
8223 18361 6695740 1 975
8228 18359 6695750 1 976
8238 18356 6695760 1 977
8246 18353 6695770 1 979
8254 18350 6695780 1 980
8259 18348 6695790 1 982
8263 18346 6695800 1 984
8265 18344 6695810 1 985
8265 18342 6695820 1 987
8263 18341 6695830 1 989
8259 18341 6695840 1 991
8253 18341 6695850 1 993
8247 18342 6695860 1 994
8241 18342 6695870 1 996
8235 18344 6695880 1 997
8229 18345 6695890 1 999
8227 18346 6695900 1 1000
8225 18347 6695910 1 1001
8221 18350 6695920 1 1002
8218 18352 6695930 1 1004
8217 18354 6695940 1 1005
8217 18356 6695950 1 1007
8217 18358 6695960 1 1009
8217 18359 6695970 1 1010
8218 18359 6695980 1 1012
8218 18359 6695990 1 1013
8218 18357 6696000 1 1015
8217 18355 6696010 1 1017
8216 18352 6696020 1 1018
8214 18349 6696030 1 1020
8212 18344 6696040 1 1022
8210 18340 6696050 1 1023
8209 18337 6696060 1 1024
8208 18335 6696070 1 1024
8206 18331 6696080 1 1024
8205 18328 6696090 1 1024
8204 18327 6696100 1 1024
8203 18324 6696110 1 1024
8204 18321 6696120 1 1024
8206 18320 6696130 1 1024
8209 18319 6696140 1 1024
8214 18318 6696150 1 1024
8220 18317 6696160 1 1024
8227 18317 6696170 1 1024
8235 18317 6696180 1 1024
8243 18318 6696190 1 1024
8252 18319 6696200 1 1024
8260 18320 6696210 1 1024
8265 18320 6696220 1 1024
8268 18321 6696230 1 1024
8276 18323 6696240 1 1024
8282 18325 6696250 1 1024
8287 18327 6696260 1 1024
8291 18329 6696270 1 1024
8293 18332 6696280 1 1024
8294 18334 6696290 1 1024
8293 18336 6696300 1 1024
8291 18337 6696310 1 1024
8288 18338 6696320 1 1024
8285 18338 6696330 1 1024
8281 18337 6696340 1 1024
8278 18335 6696350 1 1024
8274 18332 6696360 1 1024
8271 18329 6696370 1 1024
8270 18327 6696380 1 1024
8268 18325 6696390 1 1024
8265 18321 6696400 1 1024
8262 18318 6696410 1 1024
8259 18315 6696420 1 1024
8256 18312 6696430 1 1024
8252 18310 6696440 1 1024
8249 18309 6696450 1 1024
8245 18309 6696460 1 1024
8241 18310 6696470 1 1024
8237 18312 6696480 1 1024
8234 18315 6696490 1 1024
8230 18318 6696500 1 1024
8228 18323 6696510 1 1024
8227 18328 6696520 1 1024
8227 18334 6696530 1 1024
8227 18337 6696540 1 1024
8228 18340 6696550 1 1024
8232 18347 6696560 1 1024
8237 18354 6696570 1 1024
8243 18360 6696580 1 1024
8251 18367 6696590 1 1024
8258 18372 6696600 1 1024
8266 18377 6696610 1 1024
8272 18380 6696620 1 1024
8276 18383 6696630 1 1024
8277 18384 6696640 1 1024
8277 18383 6696650 1 1024
8273 18382 6696660 1 1024
8267 18379 6696670 1 1024
8258 18376 6696680 1 1024
8248 18372 6696690 1 1024
8243 18370 6696700 1 1024
8237 18368 6696710 1 1024
8226 18365 6696720 1 1024
8215 18362 6696730 1 1024
8206 18360 6696740 1 1024
8199 18358 6696750 1 1024
8194 18357 6696760 1 1024
8192 18357 6696770 1 1024
8193 18357 6696780 1 1024
8197 18357 6696790 1 1024
8204 18356 6696800 1 1024
8213 18355 6696810 1 1024
8224 18354 6696820 1 1024
8236 18351 6696830 1 1024
8250 18349 6696840 1 1024
8263 18346 6696850 1 1024
8277 18343 6696860 1 1024
8289 18341 6696870 1 1024
8300 18340 6696880 1 1024
8308 18340 6696890 1 1024
8314 18341 6696900 1 1024
8316 18343 6696910 1 1024
8316 18346 6696920 1 1024
8312 18350 6696930 1 1024
8306 18354 6696940 1 1024
8299 18358 6696950 1 1024
8290 18362 6696960 1 1024
8280 18366 6696970 1 1024
8271 18370 6696980 1 1024
8264 18373 6696990 1 1024
8259 18376 6697000 1 1024
