7920 18604 2398077 1 813
7919 18604 2398087 1 816
7919 18605 2398097 1 819
7919 18606 2398107 1 822
7918 18607 2398117 1 826
7918 18609 2398127 1 829
7918 18611 2398137 1 832
7919 18613 2398147 1 835
7920 18613 2398157 1 837
7921 18612 2398167 1 839
7922 18609 2398177 1 842
7919 18603 2398187 1 845
7911 18597 2398197 1 848
7900 18592 2398207 1 852
7888 18589 2398217 1 651
7872 18590 2398227 1 376
7864 18591 2398237 1 252
7856 18593 2398247 1 234
7839 18596 2398257 1 229
7820 18599 2398267 1 224
7802 18600 2398277 1 220
7786 18599 2398287 1 215
7774 18597 2398297 1 210
7765 18593 2398307 1 206
7762 18591 2398317 1 203
7761 18589 2398327 1 201
7760 18587 2398337 1 196
7763 18588 2398347 1 191
7769 18592 2398357 1 187
7776 18600 2398367 1 182
7782 18611 2398377 1 177
7787 18624 2398387 1 173
7790 18630 2398397 1 170
7793 18637 2398407 1 168
7800 18651 2398417 1 163
7810 18665 2398427 1 159
7821 18678 2398437 1 154
7836 18691 2398447 1 149
7851 18702 2398457 1 145
7866 18711 2398467 1 140
7873 18715 2398477 1 143
7878 18718 2398487 1 161
7887 18724 2398497 1 196
7892 18729 2398507 1 233
7893 18733 2398517 1 272
7890 18735 2398527 1 313
7885 18735 2398537 1 356
7879 18733 2398547 1 376
7875 18731 2398557 1 380
7873 18728 2398567 1 396
7868 18720 2398577 1 440
7867 18710 2398587 1 481
7868 18699 2398597 1 522
7873 18688 2398607 1 559
7880 18677 2398617 1 594
7890 18668 2398627 1 625
7894 18665 2398637 1 641
7899 18662 2398647 1 650
7908 18659 2398657 1 663
7913 18658 2398667 1 672
7916 18660 2398677 1 687
7913 18664 2398687 1 696
7907 18669 2398697 1 702
7897 18675 2398707 1 706
7892 18678 2398717 1 707
7886 18681 2398727 1 708
7876 18686 2398737 1 710
7868 18690 2398747 1 711
7864 18693 2398757 1 711
7864 18694 2398767 1 710
7865 18694 2398777 1 709
7868 18693 2398787 1 707
7870 18692 2398797 1 706
7871 18690 2398807 1 706
7873 18687 2398817 1 705
7874 18684 2398827 1 703
7872 18680 2398837 1 703
7869 18676 2398847 1 704
7864 18671 2398857 1 704
7858 18667 2398867 1 704
7855 18664 2398877 1 705
7852 18662 2398887 1 706
7848 18658 2398897 1 707
7845 18655 2398907 1 709
7843 18654 2398917 1 710
7842 18654 2398927 1 712
7841 18655 2398937 1 712
7840 18657 2398947 1 712
7839 18658 2398957 1 713
7839 18660 2398967 1 714
7839 18663 2398977 1 715
7839 18668 2398987 1 717
7840 18672 2398997 1 718
7842 18677 2399007 1 718
7844 18681 2399017 1 718
7846 18686 2399027 1 718
7847 18688 2399037 1 719
7846 18690 2399047 1 719
7842 18695 2399057 1 720
7835 18700 2399067 1 721
7822 18705 2399077 1 721
7807 18710 2399087 1 722
7789 18713 2399097 1 721
7770 18715 2399107 1 722
7761 18715 2399117 1 722
7752 18714 2399127 1 722
7737 18711 2399137 1 723
7727 18704 2399147 1 723
7723 18692 2399157 1 723
7725 18678 2399167 1 723
7734 18660 2399177 1 723
7748 18641 2399187 1 723
7756 18631 2399197 1 723
7765 18623 2399207 1 723
7782 18606 2399217 1 724
7797 18593 2399227 1 724
7808 18583 2399237 1 723
7816 18578 2399247 1 723
7821 18576 2399257 1 724
7826 18578 2399267 1 724
7828 18581 2399277 1 724
7831 18585 2399287 1 724
7839 18595 2399297 1 725
7851 18606 2399307 1 725
7867 18619 2399317 1 725
7885 18632 2399327 1 724
7902 18647 2399337 1 724
7916 18662 2399347 1 724
7922 18670 2399357 1 724
7926 18676 2399367 1 724
7931 18690 2399377 1 724
7932 18703 2399387 1 725
7928 18715 2399397 1 724
7904 18725 2399407 1 725
7917 18719 2399417 1 724
7917 18728 2399427 1 724
7918 18730 2399437 1 724
7921 18733 2399447 1 724
7924 18735 2399457 1 723
7923 18737 2399467 1 723
7918 18738 2399477 1 723
7908 18739 2399487 1 723
7892 18740 2399497 1 722
7872 18740 2399507 1 721
7852 18740 2399517 1 721
