7809 18429 3993976 1 837
7685 18299 3993986 1 646
7620 18234 3993996 1 491
7593 18211 3994006 1 365
7584 18209 3994016 1 264
7577 18210 3994026 1 186
7572 18213 3994036 1 128
7565 18212 3994046 1 87
7563 18216 3994056 1 59
7562 18220 3994066 1 43
7563 18223 3994076 1 35
7566 18227 3994086 1 33
7570 18229 3994096 1 33
7576 18232 3994106 1 33
7579 18233 3994116 1 33
7583 18234 3994126 1 33
7590 18237 3994136 1 32
7597 18239 3994146 1 32
7604 18241 3994156 1 32
7610 18243 3994166 1 32
7614 18245 3994176 1 31
7617 18247 3994186 1 31
7618 18249 3994196 1 31
7618 18250 3994206 1 31
7617 18251 3994216 1 31
7616 18251 3994226 1 30
7616 18251 3994236 1 30
7612 18252 3994246 1 30
7610 18252 3994256 1 30
7608 18252 3994266 1 30
7604 18251 3994276 1 29
7600 18251 3994286 1 29
7596 18251 3994296 1 29
7592 18251 3994306 1 29
7590 18252 3994316 1 28
7588 18254 3994326 1 28
7588 18256 3994336 1 28
7590 18260 3994346 1 28
7594 18265 3994356 1 27
7601 18271 3994366 1 27
7610 18278 3994376 1 27
7621 18286 3994386 1 27
7628 18290 3994396 1 31
7636 18295 3994406 1 27
7651 18303 3994416 1 26
7668 18311 3994426 1 122
7685 18318 3994436 1 288
7701 18324 3994446 1 430
7715 18328 3994456 1 547
7727 18330 3994466 1 637
7732 18330 3994476 1 675
7734 18330 3994486 1 694
7736 18328 3994496 1 720
7734 18323 3994506 1 716
7727 18317 3994516 1 687
7717 18308 3994526 1 639
7711 18303 3994536 1 610
7703 18298 3994546 1 573
7688 18287 3994556 1 496
7673 18276 3994566 1 410
7658 18265 3994576 1 321
7645 18253 3994586 1 233
7635 18243 3994596 1 150
7627 18234 3994606 1 76
7622 18227 3994616 1 22
7620 18221 3994626 1 22
7621 18217 3994636 1 21
7624 18214 3994646 1 21
7628 18212 3994656 1 21
7633 18212 3994666 1 21
7635 18212 3994676 1 21
7638 18212 3994686 1 20
7643 18213 3994696 1 20
7648 18213 3994706 1 20
7653 18214 3994716 1 20
7657 18215 3994726 1 19
7660 18215 3994736 1 19
7663 18215 3994746 1 19
7666 18214 3994756 1 21
7669 18213 3994766 1 43
7670 18211 3994776 1 72
7671 18210 3994786 1 107
7670 18208 3994796 1 146
7670 18207 3994806 1 190
7669 18206 3994816 1 213
7668 18206 3994826 1 237
7666 18205 3994836 1 286
7663 18206 3994846 1 336
7661 18206 3994856 1 387
7659 18207 3994866 1 438
7657 18209 3994876 1 489
7656 18211 3994886 1 536
7655 18213 3994896 1 582
7655 18215 3994906 1 623
7656 18216 3994916 1 660
7657 18218 3994926 1 692
7659 18219 3994936 1 718
7661 18219 3994946 1 736
7662 18219 3994956 1 745
7664 18219 3994966 1 748
7667 18219 3994976 1 751
7671 18219 3994986 1 752
7674 18218 3994996 1 755
7676 18216 3995006 1 756
7678 18215 3995016 1 757
7679 18213 3995026 1 758
7680 18211 3995036 1 757
7680 18209 3995046 1 757
7679 18207 3995056 1 756
7677 18206 3995066 1 754
7675 18205 3995076 1 752
7673 18205 3995086 1 750
7672 18204 3995096 1 750
7670 18204 3995106 1 749
7667 18205 3995116 1 748
7663 18205 3995126 1 748
7659 18206 3995136 1 747
7655 18206 3995146 1 747
7652 18207 3995156 1 747
7649 18208 3995166 1 747
7648 18209 3995176 1 748
7647 18210 3995186 1 749
7648 18211 3995196 1 749
7650 18213 3995206 1 750
7652 18214 3995216 1 751
7655 18215 3995226 1 753
7657 18215 3995236 1 753
7660 18217 3995246 1 754
7666 18219 3995256 1 755
7673 18221 3995266 1 757
7680 18223 3995276 1 758
7686 18226 3995286 1 760
7692 18228 3995296 1 761
7696 18230 3995306 1 763
7699 18231 3995316 1 765
7700 18233 3995326 1 766
7701 18233 3995336 1 768
7700 18233 3995346 1 769
7698 18233 3995356 1 772
7696 18232 3995366 1 773
7695 18231 3995376 1 773
7694 18231 3995386 1 774
7692 18229 3995396 1 776
7692 18227 3995406 1 777
7692 18225 3995416 1 777
7694 18223 3995426 1 778
7696 18222 3995436 1 779
7700 18221 3995446 1 780
7704 18221 3995456 1 782
7708 18221 3995466 1 782
7712 18222 3995476 1 782
7716 18224 3995486 1 783
7720 18226 3995496 1 784
7723 18229 3995506 1 785
7725 18231 3995516 1 786
7725 18233 3995526 1 786
7726 18237 3995536 1 787
7725 18241 3995546 1 787
7723 18245 3995556 1 789
7720 18249 3995566 1 790
7716 18252 3995576 1 791
7712 18255 3995586 1 792
7707 18257 3995596 1 793
7703 18258 3995606 1 794
7700 18259 3995616 1 795
7698 18259 3995626 1 796
7696 18258 3995636 1 798
7696 18256 3995646 1 798
7697 18255 3995656 1 799
7697 18254 3995666 1 799
7700 18252 3995676 1 800
7702 18249 3995686 1 801
7706 18246 3995696 1 802
7709 18244 3995706 1 803
7711 18242 3995716 1 804
7713 18241 3995726 1 804
7715 18239 3995736 1 805
7716 18238 3995746 1 806
7716 18237 3995756 1 807
7715 18236 3995766 1 808
7713 18237 3995776 1 809
7710 18237 3995786 1 810
7709 18237 3995796 1 811
7707 18237 3995806 1 812
7703 18238 3995816 1 812
7700 18239 3995826 1 813
7696 18239 3995836 1 814
7694 18240 3995846 1 815
7692 18240 3995856 1 816
7691 18240 3995866 1 817
7691 18240 3995876 1 819
7692 18240 3995886 1 819
7693 18240 3995896 1 820
7696 18240 3995906 1 821
7699 18239 3995916 1 822
7702 18239 3995926 1 823
7703 18239 3995936 1 824
7705 18238 3995946 1 825
7707 18238 3995956 1 826
7710 18238 3995966 1 825
7712 18238 3995976 1 826
7713 18237 3995986 1 827
7713 18236 3995996 1 828
7713 18235 3996006 1 829
7711 18235 3996016 1 831
7709 18234 3996026 1 831
7706 18234 3996036 1 832
7703 18234 3996046 1 833
7700 18234 3996056 1 834
7698 18234 3996066 1 836
7697 18234 3996076 1 836
7696 18234 3996086 1 837
7696 18234 3996096 1 837
7697 18234 3996106 1 838
7699 18235 3996116 1 839
7702 18235 3996126 1 840
7706 18234 3996136 1 842
7712 18234 3996146 1 843
7717 18233 3996156 1 843
7723 18232 3996166 1 844
7729 18231 3996176 1 845
7734 18229 3996186 1 847
7739 18228 3996196 1 848
7742 18227 3996206 1 849
7743 18227 3996216 1 849
7745 18226 3996226 1 848
7747 18225 3996236 1 849
7748 18224 3996246 1 851
7749 18223 3996256 1 852
7750 18222 3996266 1 853
7750 18221 3996276 1 854
7749 18220 3996286 1 854
7749 18219 3996296 1 856
7750 18218 3996306 1 857
7750 18217 3996316 1 858
7752 18216 3996326 1 859
7754 18215 3996336 1 859
7758 18213 3996346 1 860
7760 18213 3996356 1 861
7762 18212 3996366 1 862
7768 18211 3996376 1 864
7773 18210 3996386 1 865
7780 18210 3996396 1 864
7786 18210 3996406 1 863
7792 18210 3996416 1 860
7796 18211 3996426 1 857
7800 18213 3996436 1 853
7801 18215 3996446 1 851
7801 18218 3996456 1 849
7800 18220 3996466 1 849
7797 18223 3996476 1 849
7792 18226 3996486 1 850
7789 18227 3996496 1 852
7786 18228 3996506 1 855
7779 18229 3996516 1 864
7771 18230 3996526 1 875
7764 18230 3996536 1 891
7757 18229 3996546 1 910
7750 18226 3996556 1 929
7746 18223 3996566 1 948
7742 18220 3996576 1 966
7740 18216 3996586 1 979
7740 18211 3996596 1 987
7742 18207 3996606 1 988
7744 18204 3996616 1 980
7748 18201 3996626 1 962
7749 18200 3996636 1 951
7752 18199 3996646 1 932
7756 18199 3996656 1 887
7760 18200 3996666 1 830
7764 18202 3996676 1 759
7767 18205 3996686 1 679
7769 18208 3996696 1 592
7769 18211 3996706 1 548
7768 18214 3996716 1 502
7767 18219 3996726 1 411
7767 18223 3996736 1 322
7765 18226 3996746 1 238
7763 18229 3996756 1 162
7760 18231 3996766 1 97
7759 18232 3996776 1 63
7758 18232 3996786 1 44
7755 18232 3996796 1 25
7753 18231 3996806 1 25
7751 18229 3996816 1 25
7749 18227 3996826 1 25
7748 18225 3996836 1 26
7747 18223 3996846 1 26
7747 18220 3996856 1 26
7748 18219 3996866 1 26
7749 18217 3996876 1 27
7751 18217 3996886 1 27
7753 18216 3996896 1 27
7755 18217 3996906 1 27
7757 18217 3996916 1 28
7758 18217 3996926 1 27
7760 18218 3996936 1 31
7762 18219 3996946 1 62
7763 18220 3996956 1 79
7763 18221 3996966 1 101
7765 18221 3996976 1 147
7767 18222 3996986 1 198
7769 18223 3996996 1 251
7771 18224 3997006 1 305
7773 18224 3997016 1 359
7775 18225 3997026 1 410
7777 18226 3997036 1 458
7779 18227 3997046 1 499
7781 18228 3997056 1 534
7783 18228 3997066 1 558
7784 18229 3997076 1 572
7785 18230 3997086 1 574
7786 18230 3997096 1 561
7785 18229 3997106 1 532
7785 18228 3997116 1 485
7784 18227 3997126 1 418
7783 18226 3997136 1 330
7783 18225 3997146 1 224
7783 18223 3997156 1 112
7784 18222 3997166 1 33
7786 18221 3997176 1 33
7789 18220 3997186 1 34
7793 18220 3997196 1 34
7798 18220 3997206 1 34
7804 18221 3997216 1 34
7809 18222 3997226 1 35
7815 18223 3997236 1 35
7821 18225 3997246 1 136
7825 18227 3997256 1 378
7828 18229 3997266 1 694
