7628 18336 7889579 1 611
7628 18336 7889589 1 613
7628 18336 7889599 1 614
7628 18336 7889609 1 616
7629 18336 7889619 1 617
7630 18336 7889629 1 618
7633 18339 7889639 1 618
7638 18342 7889649 1 619
7641 18344 7889659 1 620
7642 18344 7889669 1 622
7642 18342 7889679 1 623
7640 18338 7889689 1 626
7640 18338 7889699 1 626
7642 18340 7889709 1 626
7644 18341 7889719 1 628
7646 18343 7889729 1 629
7646 18344 7889739 1 631
7646 18344 7889749 1 632
7645 18343 7889759 1 634
7643 18342 7889769 1 634
7642 18342 7889779 1 634
7640 18342 7889789 1 635
7639 18343 7889799 1 638
7638 18344 7889809 1 640
7637 18344 7889819 1 641
7636 18344 7889829 1 642
7635 18344 7889839 1 641
7633 18344 7889849 1 643
7632 18344 7889859 1 644
7630 18344 7889869 1 646
7629 18345 7889879 1 647
7629 18345 7889889 1 648
7628 18345 7889899 1 649
7625 18346 7889909 1 649
7624 18346 7889919 1 650
7622 18346 7889929 1 651
7621 18346 7889939 1 653
7620 18347 7889949 1 654
7619 18347 7889959 1 656
7618 18348 7889969 1 656
7618 18348 7889979 1 657
7618 18349 7889989 1 657
7618 18349 7889999 1 659
7618 18350 7890009 1 660
7618 18350 7890019 1 663
7618 18351 7890029 1 664
7618 18351 7890039 1 664
7619 18351 7890049 1 666
7620 18352 7890059 1 666
7621 18352 7890069 1 667
7622 18353 7890079 1 669
7624 18353 7890089 1 670
7626 18353 7890099 1 671
7628 18354 7890109 1 671
7631 18354 7890119 1 673
7635 18356 7890129 1 675
7637 18356 7890139 1 676
7639 18357 7890149 1 677
7641 18358 7890159 1 678
7643 18358 7890169 1 678
7644 18359 7890179 1 680
7645 18360 7890189 1 681
7646 18360 7890199 1 683
7646 18361 7890209 1 684
7646 18361 7890219 1 684
7646 18362 7890229 1 685
7644 18363 7890239 1 686
7643 18363 7890249 1 687
7642 18364 7890259 1 688
7641 18364 7890269 1 690
7640 18365 7890279 1 691
7638 18365 7890289 1 692
7636 18366 7890299 1 693
7635 18366 7890309 1 693
7633 18367 7890319 1 694
7631 18367 7890329 1 695
7630 18367 7890339 1 697
7627 18368 7890349 1 700
7625 18369 7890359 1 700
7624 18369 7890369 1 701
7623 18370 7890379 1 702
7623 18370 7890389 1 703
7623 18371 7890399 1 704
7623 18371 7890409 1 705
7623 18372 7890419 1 707
7624 18372 7890429 1 707
7626 18372 7890439 1 708
7628 18372 7890449 1 710
7633 18373 7890459 1 712
7637 18373 7890469 1 714
7641 18373 7890479 1 714
7645 18373 7890489 1 715
7650 18373 7890499 1 715
7655 18373 7890509 1 717
7661 18373 7890519 1 718
7667 18372 7890529 1 720
7673 18372 7890539 1 721
7680 18372 7890549 1 722
7687 18371 7890559 1 723
7701 18371 7890569 1 724
7708 18370 7890579 1 724
7715 18370 7890589 1 725
7721 18369 7890599 1 727
7728 18369 7890609 1 728
7734 18369 7890619 1 730
7741 18368 7890629 1 730
7746 18368 7890639 1 731
7751 18367 7890649 1 732
7756 18367 7890659 1 734
7760 18366 7890669 1 735
7766 18364 7890679 1 737
7769 18363 7890689 1 738
7771 18362 7890699 1 738
7772 18361 7890709 1 740
7773 18360 7890719 1 741
7774 18359 7890729 1 742
7774 18357 7890739 1 744
7774 18356 7890749 1 745
7774 18355 7890759 1 746
7774 18353 7890769 1 747
7773 18352 7890779 1 748
7772 18349 7890789 1 750
7771 18347 7890799 1 751
7770 18346 7890809 1 752
7768 18344 7890819 1 753
7767 18343 7890829 1 754
7765 18341 7890839 1 755
7763 18340 7890849 1 756
7760 18338 7890859 1 758
7757 18337 7890869 1 759
7754 18335 7890879 1 760
7751 18333 7890889 1 761
7744 18329 7890899 1 761
7741 18327 7890909 1 762
7737 18325 7890919 1 763
7734 18323 7890929 1 765
7730 18321 7890939 1 766
7727 18319 7890949 1 767
7723 18317 7890959 1 768
7720 18315 7890969 1 769
7716 18313 7890979 1 770
7713 18311 7890989 1 771
7710 18310 7890999 1 772
7706 18306 7891009 1 775
7704 18304 7891019 1 775
7703 18303 7891029 1 775
7701 18301 7891039 1 777
7700 18300 7891049 1 778
7700 18298 7891059 1 779
7700 18297 7891069 1 780
7700 18295 7891079 1 781
7700 18294 7891089 1 782
7700 18293 7891099 1 783
7701 18291 7891109 1 784
7703 18289 7891119 1 786
7704 18288 7891129 1 787
7704 18287 7891139 1 789
7705 18286 7891149 1 789
7706 18285 7891159 1 790
7706 18285 7891169 1 790
7707 18284 7891179 1 791
7708 18284 7891189 1 792
7708 18283 7891199 1 793
7709 18283 7891209 1 794
7709 18282 7891219 1 795
7711 18282 7891229 1 796
7712 18281 7891239 1 797
7712 18281 7891249 1 798
7713 18280 7891259 1 799
7713 18280 7891269 1 800
7713 18279 7891279 1 801
7712 18279 7891289 1 802
7711 18278 7891299 1 802
7710 18278 7891309 1 803
7708 18278 7891319 1 804
7707 18277 7891329 1 805
7704 18277 7891339 1 806
7702 18277 7891349 1 807
7701 18277 7891359 1 807
7699 18278 7891369 1 808
7698 18278 7891379 1 809
7697 18278 7891389 1 810
7697 18279 7891399 1 811
7696 18280 7891409 1 812
7696 18280 7891419 1 812
7696 18281 7891429 1 813
7696 18282 7891439 1 814
7697 18283 7891449 1 816
7698 18284 7891459 1 816
7698 18285 7891469 1 817
7699 18286 7891479 1 818
7700 18287 7891489 1 818
7701 18288 7891499 1 819
7701 18289 7891509 1 820
7702 18290 7891519 1 821
7703 18291 7891529 1 822
7704 18292 7891539 1 822
7705 18293 7891549 1 823
7707 18295 7891559 1 823
7708 18296 7891569 1 824
7709 18297 7891579 1 824
7710 18298 7891589 1 825
7711 18299 7891599 1 826
7711 18300 7891609 1 827
7712 18301 7891619 1 827
7712 18302 7891629 1 827
7713 18303 7891639 1 828
7713 18304 7891649 1 829
7714 18305 7891659 1 830
7714 18307 7891669 1 832
7714 18308 7891679 1 832
7714 18309 7891689 1 833
7714 18311 7891699 1 833
7714 18312 7891709 1 834
7715 18313 7891719 1 835
7715 18314 7891729 1 836
7715 18315 7891739 1 837
7715 18316 7891749 1 838
7715 18317 7891759 1 838
7715 18318 7891769 1 839
7714 18321 7891779 1 841
7714 18322 7891789 1 842
7714 18323 7891799 1 843
7714 18324 7891809 1 843
7714 18326 7891819 1 844
7714 18327 7891829 1 845
7714 18328 7891839 1 846
7714 18329 7891849 1 847
7714 18330 7891859 1 848
7713 18332 7891869 1 849
7713 18333 7891879 1 849
7713 18335 7891889 1 850
7712 18336 7891899 1 851
7712 18337 7891909 1 852
7712 18338 7891919 1 853
7713 18339 7891929 1 854
7713 18340 7891939 1 856
7713 18340 7891949 1 856
7714 18341 7891959 1 857
7716 18341 7891969 1 858
7717 18342 7891979 1 859
7719 18342 7891989 1 861
7723 18342 7891999 1 864
7725 18342 7892009 1 864
7727 18341 7892019 1 865
7729 18341 7892029 1 866
7732 18340 7892039 1 868
7734 18340 7892049 1 869
7737 18339 7892059 1 871
7739 18339 7892069 1 873
7741 18338 7892079 1 873
7743 18337 7892089 1 874
7744 18337 7892099 1 876
7748 18335 7892109 1 879
7749 18334 7892119 1 881
7751 18334 7892129 1 883
7752 18333 7892139 1 884
7753 18333 7892149 1 884
7754 18332 7892159 1 885
7754 18332 7892169 1 887
7755 18331 7892179 1 889
7756 18331 7892189 1 891
7756 18330 7892199 1 893
7756 18330 7892209 1 894
7757 18330 7892219 1 895
7757 18329 7892229 1 897
7758 18329 7892239 1 899
7758 18328 7892249 1 901
7759 18328 7892259 1 903
7759 18328 7892269 1 905
7760 18327 7892279 1 906
7760 18327 7892289 1 907
7760 18327 7892299 1 910
7761 18326 7892309 1 912
7761 18326 7892319 1 914
7761 18325 7892329 1 918
7762 18325 7892339 1 919
7762 18325 7892349 1 920
7763 18325 7892359 1 921
7764 18325 7892369 1 923
7765 18325 7892379 1 925
7766 18325 7892389 1 927
7767 18325 7892399 1 929
7768 18324 7892409 1 930
7769 18324 7892419 1 930
7770 18324 7892429 1 932
7770 18323 7892439 1 935
7770 18323 7892449 1 936
7770 18322 7892459 1 938
7770 18322 7892469 1 938
7769 18321 7892479 1 939
7768 18321 7892489 1 940
7767 18320 7892499 1 941
7766 18320 7892509 1 942
7764 18319 7892519 1 943
7763 18319 7892529 1 944
7762 18318 7892539 1 944
7759 18318 7892549 1 944
7757 18318 7892559 1 945
7756 18318 7892569 1 945
7754 18318 7892579 1 946
7753 18319 7892589 1 946
7751 18319 7892599 1 946
7749 18320 7892609 1 946
7748 18320 7892619 1 946
7746 18321 7892629 1 945
7745 18321 7892639 1 945
7744 18322 7892649 1 945
7743 18323 7892659 1 943
7742 18323 7892669 1 943
7742 18324 7892679 1 942
7743 18324 7892689 1 941
7743 18325 7892699 1 940
7744 18325 7892709 1 938
7746 18325 7892719 1 939
7747 18326 7892729 1 948
7749 18326 7892739 1 954
7751 18326 7892749 1 941
7752 18327 7892759 1 894
7756 18327 7892769 1 670
7758 18327 7892779 1 501
7759 18327 7892789 1 295
7761 18327 7892799 1 156
7763 18327 7892809 1 57
7764 18327 7892819 1 11
7766 18327 7892829 1 11
7768 18327 7892839 1 11
7770 18327 7892849 1 11
7771 18327 7892859 1 11
7773 18327 7892869 1 10
7776 18327 7892879 1 10
7776 18327 7892889 1 10
7777 18327 7892899 1 10
7778 18328 7892909 1 10
7778 18328 7892919 1 9
7778 18328 7892929 1 9
7778 18329 7892939 1 9
7777 18329 7892949 1 9
7776 18329 7892959 1 9
7775 18330 7892969 1 9
7774 18330 7892979 1 8
7771 18331 7892989 1 8
7769 18332 7892999 1 8
7767 18333 7893009 1 8
7765 18333 7893019 1 8
7763 18334 7893029 1 7
7761 18334 7893039 1 7
7759 18335 7893049 1 7
7757 18336 7893059 1 7
7756 18336 7893069 1 7
7754 18337 7893079 1 7
7753 18337 7893089 1 6
7751 18338 7893099 1 6
7750 18338 7893109 1 6
7750 18338 7893119 1 6
7749 18338 7893129 1 6
7749 18338 7893139 1 5
7749 18338 7893149 1 5
7748 18338 7893159 1 5
7748 18338 7893169 1 5
7749 18338 7893179 1 5
7749 18338 7893189 1 5
7749 18338 7893199 1 5
7750 18337 7893209 1 4
7750 18337 7893219 1 4
7751 18337 7893229 1 4
7752 18337 7893239 1 4
7752 18336 7893249 1 4
7753 18336 7893259 1 3
7754 18336 7893269 1 3
7754 18336 7893279 1 3
7755 18336 7893289 1 3
7756 18336 7893299 1 3
7757 18336 7893309 1 3
7759 18336 7893319 1 993
7759 18336 7893329 1 1023
7760 18336 7893339 1 1023
7761 18336 7893349 1 995
7761 18336 7893359 1 995
7761 18335 7893369 1 996
7762 18335 7893379 1 982
7761 18335 7893389 1 968
7761 18334 7893399 1 962
7761 18334 7893409 1 957
7761 18333 7893419 1 946
7761 18333 7893429 1 928
7761 18332 7893439 1 922
7760 18332 7893449 1 916
7760 18332 7893459 1 913
7760 18331 7893469 1 911
7760 18331 7893479 1 908
7760 18331 7893489 1 904
7760 18330 7893499 1 902
7760 18330 7893509 1 901
7760 18330 7893519 1 901
7760 18330 7893529 1 901
7760 18329 7893539 1 902
7759 18329 7893549 1 903
7759 18328 7893559 1 905
7759 18328 7893569 1 907
7758 18328 7893579 1 911
7758 18328 7893589 1 914
7757 18328 7893599 1 916
7757 18328 7893609 1 919
7756 18327 7893619 1 923
7756 18327 7893629 1 928
7755 18327 7893639 1 934
7754 18327 7893649 1 945
7754 18327 7893659 1 948
7754 18327 7893669 1 951
7754 18327 7893679 1 958
7754 18326 7893689 1 964
7754 18326 7893699 1 971
7754 18326 7893709 1 977
7754 18326 7893719 1 984
7754 18326 7893729 1 987
7754 18326 7893739 1 990
7755 18326 7893749 1 996
7755 18326 7893759 1 1008
7756 18327 7893769 1 1013
7756 18327 7893779 1 1018
7756 18327 7893789 1 1021
7756 18327 7893799 1 1022
7756 18328 7893809 1 1022
7757 18328 7893819 1 1022
7757 18328 7893829 1 1022
7757 18328 7893839 1 1022
7757 18328 7893849 1 1022
7757 18328 7893859 1 1022
7757 18328 7893869 1 1022
7757 18328 7893879 1 1022
7756 18328 7893889 1 1022
7756 18328 7893899 1 1022
7756 18328 7893909 1 1022
7756 18328 7893919 1 1022
7755 18328 7893929 1 1022
7755 18328 7893939 1 1022
7754 18328 7893949 1 1022
7753 18329 7893959 1 1022
7752 18329 7893969 1 1022
7750 18329 7893979 1 1022
7749 18329 7893989 1 1022
7748 18330 7893999 1 1022
7746 18330 7894009 1 1022
7745 18330 7894019 1 1022
7744 18331 7894029 1 1022
7743 18331 7894039 1 1021
7742 18332 7894049 1 1021
7742 18332 7894059 1 1021
7741 18332 7894069 1 1021
7741 18332 7894079 1 1021
7740 18333 7894089 1 1021
7740 18333 7894099 1 1021
7740 18333 7894109 1 1021
7740 18333 7894119 1 1021
7740 18334 7894129 1 1021
7741 18334 7894139 1 1021
7741 18334 7894149 1 1021
7742 18335 7894159 1 1021
7742 18335 7894169 1 1021
7743 18335 7894179 1 1021
7744 18336 7894189 1 1021
7745 18337 7894199 1 1021
7746 18337 7894209 1 1021
7747 18337 7894219 1 1021
7748 18338 7894229 1 1021
7750 18338 7894239 1 1021
7751 18338 7894249 1 1021
7752 18339 7894259 1 1021
7753 18339 7894269 1 1021
7755 18339 7894279 1 1021
7756 18339 7894289 1 1021
7757 18339 7894299 1 1021
7760 18339 7894309 1 1020
7761 18339 7894319 1 1020
7762 18339 7894329 1 1020
7764 18339 7894339 1 1020
7765 18339 7894349 1 1020
7766 18339 7894359 1 1020
7767 18339 7894369 1 1020
7768 18339 7894379 1 1020
7769 18340 7894389 1 1020
7770 18340 7894399 1 1020
7771 18340 7894409 1 1020
7774 18340 7894419 1 1020
7776 18340 7894429 1 1020
7778 18340 7894439 1 1020
7779 18341 7894449 1 1020
7781 18341 7894459 1 1020
7782 18341 7894469 1 1020
7784 18341 7894479 1 1020
7785 18341 7894489 1 1020
7787 18341 7894499 1 1020
7788 18341 7894509 1 1020
7790 18341 7894519 1 1020
7793 18341 7894529 1 1020
7795 18341 7894539 1 1020
7797 18340 7894549 1 1020
7798 18340 7894559 1 1020
7800 18340 7894569 1 1020
7802 18340 7894579 1 1020
7803 18340 7894589 1 1019
7804 18339 7894599 1 1019
7805 18339 7894609 1 1019
7806 18339 7894619 1 1019
7806 18339 7894629 1 1019
7806 18338 7894639 1 1019
7805 18338 7894649 1 1019
7805 18337 7894659 1 1019
7804 18337 7894669 1 1019
7803 18336 7894679 1 1019
7802 18336 7894689 1 1019
7800 18336 7894699 1 1019
7798 18335 7894709 1 1019
7797 18335 7894719 1 1019
7795 18335 7894729 1 1019
7792 18335 7894739 1 1019
7788 18334 7894749 1 1019
7786 18334 7894759 1 1019
7784 18334 7894769 1 1019
7783 18334 7894779 1 1019
7781 18334 7894789 1 1019
7780 18334 7894799 1 1019
7779 18334 7894809 1 1019
7779 18334 7894819 1 1019
7779 18334 7894829 1 1019
7778 18334 7894839 1 1019
7779 18334 7894849 1 1019
7780 18334 7894859 1 1018
7781 18334 7894869 1 1018
7782 18334 7894879 1 1018
7784 18334 7894889 1 1018
7785 18334 7894899 1 1018
7787 18334 7894909 1 1018
7788 18334 7894919 1 1018
7790 18334 7894929 1 1018
7791 18334 7894939 1 1018
7792 18334 7894949 1 1018
7793 18333 7894959 1 1018
7795 18332 7894969 1 1018
7796 18332 7894979 1 1018
7797 18332 7894989 1 1018
7797 18332 7894999 1 1018
7798 18332 7895009 1 1018
7798 18332 7895019 1 1018
7799 18332 7895029 1 1018
7800 18332 7895039 1 1018
7800 18332 7895049 1 1018
7801 18331 7895059 1 1018
7801 18332 7895069 1 1018
7803 18332 7895079 1 1018
7803 18332 7895089 1 1018
7804 18332 7895099 1 1018
7804 18332 7895109 1 1018
7804 18332 7895119 1 1018
7805 18333 7895129 1 1018
7805 18333 7895139 1 1017
7805 18333 7895149 1 1017
7805 18334 7895159 1 1017
7805 18334 7895169 1 1017
7804 18334 7895179 1 1017
7804 18335 7895189 1 1017
7804 18335 7895199 1 1017
7803 18335 7895209 1 1017
7803 18336 7895219 1 1017
7802 18336 7895229 1 1017
7801 18336 7895239 1 1017
7801 18336 7895249 1 1017
7800 18336 7895259 1 1017
7799 18336 7895269 1 1017
7798 18335 7895279 1 1017
7796 18335 7895289 1 1017
7793 18335 7895299 1 1017
7791 18334 7895309 1 1017
7789 18334 7895319 1 1017
7787 18334 7895329 1 1017
7785 18335 7895339 1 1017
7782 18335 7895349 1 1017
7780 18335 7895359 1 1017
7777 18335 7895369 1 1017
7775 18335 7895379 1 1017
7773 18336 7895389 1 1017
7770 18336 7895399 1 1017
7766 18336 7895409 1 1016
7764 18336 7895419 1 1016
7763 18336 7895429 1 1016
7761 18336 7895439 1 1016
7760 18336 7895449 1 1016
7758 18336 7895459 1 1016
7757 18336 7895469 1 1016
7757 18336 7895479 1 1016
7756 18336 7895489 1 1016
7756 18336 7895499 1 1016
7756 18336 7895509 1 1016
7756 18335 7895519 1 1016
7757 18335 7895529 1 1016
7758 18335 7895539 1 1016
7759 18335 7895549 1 1016
7761 18334 7895559 1 1016
7762 18334 7895569 1 1016
7764 18333 7895579 1 1016
7766 18333 7895589 1 1016
7767 18332 7895599 1 1016
7769 18331 7895609 1 1016
7770 18330 7895619 1 1016
7773 18328 7895629 1 1016
7775 18327 7895639 1 1016
7776 18326 7895649 1 1016
7778 18325 7895659 1 1016
7780 18324 7895669 1 1016
7782 18323 7895679 1 1016
7783 18322 7895689 1 1015
7785 18321 7895699 1 1015
7787 18320 7895709 1 1015
7789 18319 7895719 1 1015
7790 18318 7895729 1 1015
7793 18317 7895739 1 1015
7794 18317 7895749 1 1015
7794 18316 7895759 1 1015
7794 18316 7895769 1 1015
7794 18315 7895779 1 1015
7794 18315 7895789 1 1015
7794 18314 7895799 1 1015
7794 18314 7895809 1 1015
7793 18313 7895819 1 1015
7793 18313 7895829 1 1015
7792 18312 7895839 1 1015
7791 18311 7895849 1 1015
7790 18311 7895859 1 1015
7789 18310 7895869 1 1015
7788 18310 7895879 1 1015
7787 18309 7895889 1 1015
7786 18309 7895899 1 1015
7785 18308 7895909 1 1015
7784 18308 7895919 1 1015
7783 18307 7895929 1 1015
7783 18307 7895939 1 1015
7783 18306 7895949 1 1015
7783 18305 7895959 1 1014
7783 18305 7895969 1 1014
7784 18304 7895979 1 1014
7784 18304 7895989 1 1014
7784 18304 7895999 1 1014
7784 18304 7896009 1 1014
7785 18303 7896019 1 1014
7785 18303 7896029 1 1014
7786 18303 7896039 1 1014
7786 18303 7896049 1 1014
7787 18303 7896059 1 1014
7789 18303 7896069 1 1014
7789 18303 7896079 1 1014
7790 18303 7896089 1 1014
7791 18303 7896099 1 1014
7791 18303 7896109 1 1014
7791 18303 7896119 1 1014
7791 18303 7896129 1 1014
7791 18303 7896139 1 1014
7791 18303 7896149 1 1014
7791 18304 7896159 1 1014
7790 18304 7896169 1 1014
7789 18304 7896179 1 1014
7789 18304 7896189 1 1014
7788 18305 7896199 1 1014
7788 18305 7896209 1 1014
7787 18306 7896219 1 1014
7787 18307 7896229 1 1014
7787 18307 7896239 1 1013
7787 18308 7896249 1 1013
7787 18309 7896259 1 1013
7787 18310 7896269 1 1013
7787 18310 7896279 1 1013
7789 18312 7896289 1 1013
7790 18313 7896299 1 1013
7791 18313 7896309 1 1013
7792 18314 7896319 1 1013
7794 18315 7896329 1 1013
7795 18316 7896339 1 1013
7797 18317 7896349 1 1013
7799 18318 7896359 1 1013
7801 18319 7896369 1 1013
7803 18319 7896379 1 1013
7804 18320 7896389 1 1013
7808 18322 7896399 1 1013
7809 18323 7896409 1 1013
7811 18324 7896419 1 1013
7813 18325 7896429 1 1013
7814 18326 7896439 1 1013
7816 18327 7896449 1 1013
7818 18328 7896459 1 1013
7820 18329 7896469 1 1013
7821 18330 7896479 1 1013
7823 18331 7896489 1 1013
7824 18332 7896499 1 1013
7827 18334 7896509 1 1012
7828 18334 7896519 1 1012
7828 18335 7896529 1 1012
7829 18336 7896539 1 1012
7830 18337 7896549 1 1012
7830 18337 7896559 1 1012
7831 18337 7896569 1 1012
7832 18338 7896579 1 1012
7832 18338 7896589 1 1012
7833 18339 7896599 1 1012
7834 18339 7896609 1 1012
7836 18340 7896619 1 1012
7837 18341 7896629 1 1012
7838 18341 7896639 1 1012
7838 18342 7896649 1 1012
7839 18342 7896659 1 1012
7840 18342 7896669 1 1012
7840 18343 7896679 1 1012
7840 18343 7896689 1 1012
7841 18343 7896699 1 1012
7841 18343 7896709 1 1012
7841 18344 7896719 1 1012
7841 18344 7896729 1 1012
7840 18344 7896739 1 1012
7840 18344 7896749 1 1012
7839 18345 7896759 1 1012
7838 18345 7896769 1 1012
7836 18346 7896779 1 1012
7835 18346 7896789 1 1011
7833 18347 7896799 1 1011
7831 18347 7896809 1 1011
7829 18348 7896819 1 1011
7827 18348 7896829 1 1011
7822 18349 7896839 1 1011
7820 18350 7896849 1 1011
7818 18350 7896859 1 1011
7816 18351 7896869 1 1011
7814 18352 7896879 1 1011
7812 18352 7896889 1 1011
7810 18353 7896899 1 1011
7809 18353 7896909 1 1011
7807 18354 7896919 1 1011
7805 18355 7896929 1 1011
7804 18355 7896939 1 1011
7801 18356 7896949 1 1011
7800 18356 7896959 1 1011
7799 18357 7896969 1 1011
7798 18357 7896979 1 1011
7797 18357 7896989 1 1011
7796 18357 7896999 1 1011
7796 18358 7897009 1 1011
7795 18358 7897019 1 1011
7794 18358 7897029 1 1011
7794 18358 7897039 1 1011
7793 18358 7897049 1 1011
7793 18357 7897059 1 1010
7793 18357 7897069 1 1010
7794 18357 7897079 1 1010
7794 18357 7897089 1 1010
7794 18357 7897099 1 1010
7795 18357 7897109 1 1010
7795 18356 7897119 1 1010
7795 18356 7897129 1 1010
7795 18356 7897139 1 1010
7795 18356 7897149 1 1010
7794 18356 7897159 1 1010
7793 18356 7897169 1 1010
7793 18356 7897179 1 1010
7793 18355 7897189 1 1010
7792 18355 7897199 1 1010
7792 18355 7897209 1 1010
7792 18355 7897219 1 1010
7792 18355 7897229 1 1010
7792 18355 7897239 1 1010
7792 18355 7897249 1 1010
7793 18355 7897259 1 1010
7794 18355 7897269 1 1010
7796 18355 7897279 1 1010
7797 18356 7897289 1 1010
7798 18356 7897299 1 1010
7799 18357 7897309 1 1010
7799 18357 7897319 1 1010
7800 18357 7897329 1 1010
7800 18358 7897339 1 1009
7801 18358 7897349 1 1009
7802 18358 7897359 1 990
7802 18359 7897369 1 967
7802 18359 7897379 1 939
