8194 18213 7685828 1 543
8194 18213 7685838 1 545
8196 18213 7685848 1 547
8197 18213 7685858 1 549
8199 18213 7685868 1 552
8202 18214 7685878 1 553
8205 18217 7685888 1 556
8209 18221 7685898 1 557
8210 18224 7685908 1 560
8200 18221 7685918 1 564
8193 18219 7685928 1 565
8189 18218 7685938 1 566
8185 18218 7685948 1 568
8183 18219 7685958 1 570
8181 18221 7685968 1 572
8178 18223 7685978 1 574
8174 18224 7685988 1 577
8169 18224 7685998 1 578
8156 18221 7686008 1 582
8152 18221 7686018 1 585
8148 18221 7686028 1 586
8145 18222 7686038 1 587
8142 18223 7686048 1 589
8140 18225 7686058 1 590
8137 18226 7686068 1 593
8134 18226 7686078 1 593
8129 18226 7686088 1 594
8116 18227 7686098 1 598
8110 18227 7686108 1 601
8104 18227 7686118 1 602
8099 18227 7686128 1 604
8093 18227 7686138 1 606
8088 18226 7686148 1 608
8082 18225 7686158 1 610
8077 18223 7686168 1 610
8071 18220 7686178 1 612
8061 18215 7686188 1 616
8057 18213 7686198 1 617
8054 18211 7686208 1 620
8053 18209 7686218 1 621
8052 18207 7686228 1 624
8054 18205 7686238 1 625
8056 18204 7686248 1 628
8060 18202 7686258 1 629
8065 18201 7686268 1 630
8076 18200 7686278 1 634
8081 18200 7686288 1 635
8085 18199 7686298 1 638
8088 18199 7686308 1 639
8091 18200 7686318 1 642
8092 18201 7686328 1 642
8092 18202 7686338 1 643
8092 18204 7686348 1 646
8091 18207 7686358 1 647
8085 18213 7686368 1 651
8082 18217 7686378 1 652
8079 18221 7686388 1 653
8077 18225 7686398 1 655
8075 18229 7686408 1 657
8074 18234 7686418 1 658
8073 18238 7686428 1 661
8073 18242 7686438 1 662
8073 18246 7686448 1 665
8078 18252 7686458 1 668
8082 18256 7686468 1 670
8087 18259 7686478 1 672
8092 18262 7686488 1 672
8097 18266 7686498 1 674
8100 18269 7686508 1 676
8103 18273 7686518 1 677
8104 18276 7686528 1 679
8105 18278 7686538 1 681
8106 18281 7686548 1 685
8106 18282 7686558 1 686
8107 18282 7686568 1 687
8107 18282 7686578 1 689
8108 18281 7686588 1 690
8108 18281 7686598 1 691
8110 18280 7686608 1 692
8111 18278 7686618 1 692
8112 18277 7686628 1 695
8110 18273 7686638 1 697
8107 18271 7686648 1 700
8104 18268 7686658 1 701
8100 18265 7686668 1 702
8095 18262 7686678 1 704
8089 18259 7686688 1 705
8082 18255 7686698 1 707
8074 18250 7686708 1 708
8067 18245 7686718 1 709
8056 18235 7686728 1 711
8052 18229 7686738 1 713
8050 18224 7686748 1 715
8049 18219 7686758 1 716
8048 18215 7686768 1 717
8048 18212 7686778 1 718
8049 18209 7686788 1 721
8051 18207 7686798 1 722
8054 18205 7686808 1 723
8060 18200 7686818 1 726
8064 18197 7686828 1 726
8067 18194 7686838 1 727
8071 18192 7686848 1 728
8075 18190 7686858 1 731
8080 18188 7686868 1 732
8085 18187 7686878 1 733
8091 18186 7686888 1 736
8096 18185 7686898 1 737
8107 18183 7686908 1 740
8113 18183 7686918 1 743
8119 18182 7686928 1 745
8126 18182 7686938 1 745
8133 18183 7686948 1 746
8139 18184 7686958 1 749
8146 18185 7686968 1 751
8152 18187 7686978 1 754
8157 18189 7686988 1 755
8164 18193 7686998 1 760
8167 18195 7687008 1 762
8170 18198 7687018 1 764
8174 18200 7687028 1 767
8179 18203 7687038 1 769
8183 18205 7687048 1 770
8189 18208 7687058 1 772
8195 18211 7687068 1 775
8201 18214 7687078 1 777
8212 18220 7687088 1 780
8217 18223 7687098 1 782
8222 18225 7687108 1 785
8227 18227 7687118 1 788
8232 18230 7687128 1 791
8237 18234 7687138 1 793
8241 18238 7687148 1 795
8245 18242 7687158 1 799
8247 18247 7687168 1 800
8248 18257 7687178 1 803
8249 18262 7687188 1 806
8249 18267 7687198 1 809
8249 18271 7687208 1 812
8249 18275 7687218 1 814
8249 18279 7687228 1 816
8250 18283 7687238 1 819
8252 18287 7687248 1 821
8255 18292 7687258 1 823
8263 18301 7687268 1 828
8267 18305 7687278 1 829
8271 18310 7687288 1 830
8274 18314 7687298 1 833
8278 18318 7687308 1 835
8281 18321 7687318 1 837
8283 18324 7687328 1 840
8285 18327 7687338 1 841
8286 18330 7687348 1 842
8287 18336 7687358 1 845
8286 18339 7687368 1 848
8285 18342 7687378 1 849
8285 18344 7687388 1 850
8284 18346 7687398 1 851
8284 18348 7687408 1 852
8283 18350 7687418 1 853
8281 18351 7687428 1 856
8278 18352 7687438 1 857
8271 18354 7687448 1 859
8265 18355 7687458 1 860
8260 18356 7687468 1 860
8253 18357 7687478 1 861
8247 18358 7687488 1 862
8240 18359 7687498 1 862
8233 18360 7687508 1 862
8227 18361 7687518 1 863
8220 18361 7687528 1 863
8209 18361 7687538 1 864
8203 18360 7687548 1 864
8197 18360 7687558 1 864
8190 18359 7687568 1 863
8184 18358 7687578 1 863
8179 18357 7687588 1 864
8174 18355 7687598 1 863
8169 18354 7687608 1 862
8165 18352 7687618 1 862
8156 18349 7687628 1 861
8151 18347 7687638 1 859
8146 18346 7687648 1 858
8140 18344 7687658 1 856
8136 18343 7687668 1 855
8131 18341 7687678 1 854
8127 18339 7687688 1 851
8124 18338 7687698 1 849
8121 18335 7687708 1 847
8118 18331 7687718 1 844
8117 18329 7687728 1 842
8118 18327 7687738 1 839
8119 18326 7687748 1 837
8121 18324 7687758 1 835
8124 18323 7687768 1 833
8128 18321 7687778 1 829
8133 18320 7687788 1 827
8138 18318 7687798 1 823
8151 18313 7687808 1 818
8158 18311 7687818 1 815
8166 18308 7687828 1 813
8174 18305 7687838 1 812
8181 18302 7687848 1 812
8188 18299 7687858 1 809
8194 18296 7687868 1 806
8199 18293 7687878 1 804
8204 18291 7687888 1 800
8211 18286 7687898 1 795
8214 18284 7687908 1 792
8217 18281 7687918 1 790
8218 18279 7687928 1 787
8219 18276 7687938 1 784
8219 18274 7687948 1 783
8220 18271 7687958 1 782
8220 18269 7687968 1 780
8220 18268 7687978 1 777
8220 18265 7687988 1 774
8221 18264 7687998 1 773
8223 18264 7688008 1 771
8225 18263 7688018 1 770
8228 18263 7688028 1 768
8232 18263 7688038 1 767
8235 18263 7688048 1 766
8236 18264 7688058 1 766
8237 18264 7688068 1 765
8236 18264 7688078 1 765
8234 18265 7688088 1 765
8232 18265 7688098 1 765
8230 18266 7688108 1 765
8229 18266 7688118 1 765
8229 18267 7688128 1 766
8230 18267 7688138 1 767
8231 18267 7688148 1 768
8231 18267 7688158 1 770
8232 18267 7688168 1 772
8233 18266 7688178 1 773
8234 18265 7688188 1 775
8237 18265 7688198 1 777
8240 18264 7688208 1 781
8244 18264 7688218 1 784
8249 18263 7688228 1 788
8255 18263 7688238 1 791
8259 18262 7688248 1 795
8266 18261 7688258 1 804
8269 18261 7688268 1 810
8271 18260 7688278 1 812
8272 18259 7688288 1 815
8272 18258 7688298 1 821
8272 18257 7688308 1 828
8270 18257 7688318 1 834
8268 18256 7688328 1 841
8265 18255 7688338 1 849
8257 18253 7688348 1 856
8254 18253 7688358 1 865
8250 18252 7688368 1 873
8248 18252 7688378 1 883
8247 18252 7688388 1 892
8247 18252 7688398 1 897
8247 18253 7688408 1 903
8248 18253 7688418 1 913
8249 18254 7688428 1 924
8249 18256 7688438 1 947
8249 18258 7688448 1 959
8249 18259 7688458 1 972
8249 18261 7688468 1 984
8249 18263 7688478 1 997
8249 18264 7688488 1 1010
8249 18266 7688498 1 1023
8250 18267 7688508 1 1024
8251 18268 7688518 1 1024
8255 18270 7688528 1 1024
8256 18271 7688538 1 1024
8257 18272 7688548 1 1024
8258 18272 7688558 1 1024
8259 18272 7688568 1 1024
8260 18273 7688578 1 1024
8260 18273 7688588 1 1024
8260 18273 7688598 1 1024
8260 18273 7688608 1 1024
8258 18273 7688618 1 1024
8257 18273 7688628 1 1024
8255 18274 7688638 1 1024
8253 18275 7688648 1 1024
8252 18275 7688658 1 1024
8251 18276 7688668 1 1024
8250 18277 7688678 1 1024
8249 18277 7688688 1 1024
8249 18278 7688698 1 1024
8250 18278 7688708 1 1024
8250 18278 7688718 1 1024
8250 18278 7688728 1 1024
8250 18277 7688738 1 1024
8249 18276 7688748 1 1024
8247 18276 7688758 1 1024
8245 18275 7688768 1 1024
8244 18274 7688778 1 1008
8243 18273 7688788 1 982
8242 18272 7688798 1 920
8242 18271 7688808 1 885
8242 18270 7688818 1 849
8243 18269 7688828 1 811
8245 18268 7688838 1 792
8246 18267 7688848 1 786
8249 18266 7688858 1 771
8252 18266 7688868 1 730
8256 18265 7688878 1 688
8264 18265 7688888 1 599
8269 18264 7688898 1 555
8273 18264 7688908 1 510
8276 18263 7688918 1 465
8279 18263 7688928 1 420
8280 18263 7688938 1 375
8280 18262 7688948 1 331
8280 18262 7688958 1 309
8279 18262 7688968 1 287
8279 18261 7688978 1 203
8279 18260 7688988 1 163
8279 18260 7688998 1 123
8278 18260 7689008 1 86
8276 18260 7689018 1 51
8273 18260 7689028 1 18
8271 18260 7689038 0 0
8268 18260 7689048 0 0
8264 18260 7689058 0 0
8256 18259 7689068 0 0
8250 18259 7689078 0 0
8245 18260 7689088 0 0
8239 18260 7689098 0 0
8233 18261 7689108 0 0
8227 18262 7689118 0 0
8222 18263 7689128 0 0
8218 18264 7689138 0 0
8215 18265 7689148 0 0
8214 18268 7689158 0 0
8215 18270 7689168 0 0
8216 18271 7689178 0 0
8217 18273 7689188 0 0
8218 18275 7689198 0 0
8221 18276 7689208 0 0
8223 18277 7689218 0 0
8227 18278 7689228 0 0
8231 18279 7689238 0 0
8237 18280 7689248 1 47
8239 18280 7689258 1 78
8240 18280 7689268 1 111
8242 18281 7689278 1 145
8243 18281 7689288 1 162
8244 18281 7689298 1 181
8245 18281 7689308 1 218
8246 18281 7689318 1 255
8247 18282 7689328 1 293
8251 18283 7689338 1 371
8254 18283 7689348 1 391
8258 18283 7689358 1 412
8261 18283 7689368 1 452
8265 18283 7689378 1 492
8269 18284 7689388 1 532
8272 18284 7689398 1 572
8274 18284 7689408 1 592
8275 18285 7689418 1 612
8274 18286 7689428 1 691
8271 18287 7689438 1 728
8268 18287 7689448 1 766
8265 18288 7689458 1 802
8261 18289 7689468 1 837
8257 18289 7689478 1 871
8253 18289 7689488 1 904
8248 18288 7689498 1 935
8243 18287 7689508 1 964
8234 18285 7689518 1 992
8230 18283 7689528 1 1018
8227 18281 7689538 1 1024
8224 18278 7689548 1 1024
8222 18276 7689558 1 1024
8222 18273 7689568 1 1024
8222 18271 7689578 1 1024
8222 18269 7689588 1 1024
8224 18267 7689598 1 1024
8228 18263 7689608 1 1024
8229 18262 7689618 1 1024
8231 18260 7689628 1 1024
8232 18259 7689638 1 1024
8233 18258 7689648 1 1024
8234 18256 7689658 1 1024
8234 18255 7689668 1 1024
8234 18255 7689678 1 1024
8234 18254 7689688 1 1024
8233 18254 7689698 1 1024
8233 18253 7689708 1 1024
8233 18253 7689718 1 1024
8233 18253 7689728 1 1024
8233 18253 7689738 1 1024
8234 18253 7689748 1 1024
8234 18252 7689758 1 1024
8234 18252 7689768 1 1024
8234 18251 7689778 1 1024
8234 18250 7689788 1 1024
8232 18249 7689798 1 1024
8230 18248 7689808 1 1024
8228 18248 7689818 1 1024
8226 18247 7689828 1 1024
8223 18246 7689838 1 1024
8221 18246 7689848 1 1024
8218 18247 7689858 1 1024
8216 18248 7689868 1 1024
8211 18250 7689878 1 1024
8209 18252 7689888 1 1024
8208 18254 7689898 1 1024
8207 18257 7689908 1 1024
8207 18259 7689918 1 1024
8207 18261 7689928 1 1024
8208 18264 7689938 1 1024
8210 18266 7689948 1 1024
8212 18269 7689958 1 1024
8216 18274 7689968 1 1024
8218 18276 7689978 1 1024
8219 18278 7689988 1 1024
8220 18279 7689998 1 1024
8221 18281 7690008 1 1024
8223 18282 7690018 1 1024
8224 18283 7690028 1 1024
8225 18283 7690038 1 1024
8226 18284 7690048 1 1024
8226 18286 7690058 1 1024
8226 18287 7690068 1 1024
8226 18288 7690078 1 1024
8226 18289 7690088 1 1024
8225 18290 7690098 1 1024
8224 18291 7690108 1 1024
8223 18291 7690118 1 1024
8220 18291 7690128 1 1024
8218 18291 7690138 1 1024
8211 18289 7690148 1 1024
8208 18288 7690158 1 1024
8206 18288 7690168 1 1024
8203 18287 7690178 1 1024
8200 18286 7690188 1 1024
8197 18285 7690198 1 1024
8194 18284 7690208 1 1024
8192 18283 7690218 1 1024
8190 18283 7690228 1 1024
8189 18281 7690238 1 1024
8190 18281 7690248 1 1024
8192 18280 7690258 1 1024
8195 18279 7690268 1 1024
8197 18279 7690278 1 1024
8200 18278 7690288 1 1024
8204 18278 7690298 1 1024
8207 18278 7690308 1 1024
8210 18279 7690318 1 1024
8215 18280 7690328 1 1024
8217 18281 7690338 1 1024
8219 18282 7690348 1 1024
8220 18284 7690358 1 1024
8222 18285 7690368 1 1024
8224 18286 7690378 1 1024
8227 18287 7690388 1 1024
8229 18288 7690398 1 1024
8230 18289 7690408 1 1024
8233 18290 7690418 1 1024
8235 18291 7690428 1 1024
8237 18291 7690438 1 1024
8239 18291 7690448 1 1024
8240 18291 7690458 1 1024
8242 18292 7690468 1 1024
8243 18292 7690478 1 1024
8245 18292 7690488 1 1024
8246 18292 7690498 1 1024
8250 18292 7690508 1 1024
8253 18292 7690518 1 1024
8255 18292 7690528 1 1024
8257 18292 7690538 1 1024
8259 18292 7690548 1 1024
8260 18291 7690558 1 1024
8261 18291 7690568 1 1024
8262 18291 7690578 1 1024
8262 18291 7690588 1 1024
8263 18291 7690598 1 1024
8265 18291 7690608 1 1024
8266 18290 7690618 1 1024
8268 18290 7690628 1 1024
8270 18289 7690638 1 1024
8272 18288 7690648 1 1024
8272 18288 7690658 1 1024
8271 18287 7690668 1 1024
8269 18286 7690678 1 1024
8262 18285 7690688 1 1024
8259 18284 7690698 1 1024
8256 18284 7690708 1 1024
8254 18283 7690718 1 1024
8252 18283 7690728 1 1024
8251 18282 7690738 1 1024
8250 18281 7690748 1 1024
8250 18279 7690758 1 1024
8251 18277 7690768 1 1024
8256 18274 7690778 1 1024
8260 18272 7690788 1 1024
8265 18269 7690798 1 1024
8270 18267 7690808 1 1024
8276 18264 7690818 1 1024
8281 18262 7690828 1 1024
8287 18260 7690838 1 1024
8292 18258 7690848 1 1024
8297 18256 7690858 1 1024
8307 18254 7690868 1 1024
8311 18253 7690878 1 1024
8314 18253 7690888 1 1024
8317 18253 7690898 1 1024
8320 18254 7690908 1 1024
8323 18254 7690918 1 1024
8326 18255 7690928 1 1024
8328 18255 7690938 1 1024
8331 18256 7690948 1 1024
8337 18257 7690958 1 1024
8340 18257 7690968 1 1024
8343 18257 7690978 1 1024
8344 18258 7690988 1 1024
8343 18258 7690998 1 1024
8342 18259 7691008 1 1024
8340 18260 7691018 1 1024
8338 18261 7691028 1 1024
8335 18262 7691038 1 1024
8329 18266 7691048 1 1024
8324 18267 7691058 1 1024
8320 18269 7691068 1 1024
8315 18270 7691078 1 1024
8311 18272 7691088 1 1024
8306 18273 7691098 1 1024
8303 18274 7691108 1 1024
8299 18275 7691118 1 1024
8296 18276 7691128 1 1024
8291 18278 7691138 1 1024
8290 18279 7691148 1 1024
8290 18280 7691158 1 1024
8290 18280 7691168 1 1024
8291 18281 7691178 1 1024
8292 18281 7691188 1 1024
8293 18280 7691198 1 1024
8296 18280 7691208 1 1024
8299 18280 7691218 1 1024
8308 18278 7691228 1 1024
8312 18278 7691238 1 1024
8316 18277 7691248 1 1024
8320 18276 7691258 1 1024
8322 18276 7691268 1 1024
8324 18276 7691278 1 1024
8325 18276 7691288 1 1024
8325 18276 7691298 1 1024
8324 18277 7691308 1 1024
8320 18278 7691318 1 1024
8318 18278 7691328 1 1024
8316 18279 7691338 1 1024
8314 18279 7691348 1 1024
8312 18280 7691358 1 1024
8310 18281 7691368 1 1024
8309 18282 7691378 1 1024
8309 18283 7691388 1 1024
8310 18284 7691398 1 1024
8315 18285 7691408 1 1024
8317 18285 7691418 1 1024
8320 18284 7691428 1 1024
8322 18284 7691438 1 1024
8323 18283 7691448 1 1024
8324 18282 7691458 1 1024
8325 18280 7691468 1 1024
8325 18279 7691478 1 1024
8326 18278 7691488 1 1024
8325 18275 7691498 1 1024
8325 18273 7691508 1 1024
8326 18272 7691518 1 1024
8326 18271 7691528 1 1024
8326 18271 7691538 1 1024
8325 18270 7691548 1 1024
8325 18270 7691558 1 1024
8324 18271 7691568 1 1024
8322 18271 7691578 1 1024
8317 18273 7691588 1 1024
8313 18273 7691598 1 1024
8308 18274 7691608 1 1024
8303 18274 7691618 1 1024
8297 18275 7691628 1 1024
8292 18276 7691638 1 1024
8288 18276 7691648 1 1024
8284 18277 7691658 1 1024
8280 18277 7691668 1 1024
8277 18278 7691678 1 1024
8278 18278 7691688 1 1024
8280 18278 7691698 1 1024
8284 18279 7691708 1 1024
8289 18279 7691718 1 1024
8294 18279 7691728 1 1024
8301 18280 7691738 1 1024
8307 18280 7691748 1 1024
8314 18280 7691758 1 1024
8326 18282 7691768 1 1024
8332 18282 7691778 1 1024
8338 18283 7691788 1 1024
8342 18284 7691798 1 1024
8346 18285 7691808 1 1024
8350 18286 7691818 1 1024
8352 18287 7691828 1 1024
8355 18288 7691838 1 1024
8356 18290 7691848 1 1024
8358 18292 7691858 1 1024
8358 18293 7691868 1 1024
8358 18293 7691878 1 1024
8358 18294 7691888 1 1024
8358 18294 7691898 1 1024
8358 18295 7691908 1 1024
8357 18295 7691918 1 1024
8357 18295 7691928 1 1024
8355 18294 7691938 1 1024
8353 18293 7691948 1 1024
8353 18292 7691958 1 1024
8353 18290 7691968 1 1024
8352 18289 7691978 1 1024
8351 18289 7691988 1 1024
8350 18288 7691998 1 1024
8349 18288 7692008 1 1024
8347 18288 7692018 1 1024
8346 18289 7692028 1 1024
8343 18291 7692038 1 1024
8341 18292 7692048 1 1024
8338 18294 7692058 1 1024
8336 18295 7692068 1 1024
8333 18297 7692078 1 1024
8329 18299 7692088 1 1024
8324 18300 7692098 1 1024
8320 18302 7692108 1 1024
8314 18304 7692118 1 1024
8303 18308 7692128 1 1024
8298 18309 7692138 1 1024
8293 18310 7692148 1 1024
8289 18311 7692158 1 1024
8285 18311 7692168 1 1024
8283 18312 7692178 1 1024
8281 18312 7692188 1 1024
8281 18312 7692198 1 1024
8282 18312 7692208 1 1024
8288 18310 7692218 1 1024
8292 18309 7692228 1 1024
8297 18308 7692238 1 1024
8302 18307 7692248 1 1024
8308 18305 7692258 1 1024
8314 18303 7692268 1 1024
8320 18301 7692278 1 1024
8325 18300 7692288 1 1024
8330 18298 7692298 1 1024
8336 18296 7692308 1 1024
8338 18295 7692318 1 1024
8339 18294 7692328 1 1024
8338 18293 7692338 1 1024
8335 18293 7692348 1 1024
8331 18292 7692358 1 1024
8327 18291 7692368 1 1024
8322 18290 7692378 1 1024
8317 18290 7692388 1 1024
8307 18289 7692398 1 1024
8302 18289 7692408 1 1024
8298 18288 7692418 1 1024
8293 18288 7692428 1 1024
8290 18287 7692438 1 1024
8287 18286 7692448 1 1024
8284 18286 7692458 1 1024
8281 18285 7692468 1 1024
8279 18284 7692478 1 1024
8278 18282 7692488 1 1024
8278 18281 7692498 1 1024
8280 18280 7692508 1 1024
8282 18279 7692518 1 1024
8285 18278 7692528 1 1024
8289 18277 7692538 1 1024
8294 18277 7692548 1 1024
8298 18276 7692558 1 1024
8303 18275 7692568 1 1024
8314 18273 7692578 1 1024
8320 18272 7692588 1 1024
8325 18271 7692598 1 1024
8330 18271 7692608 1 1024
8333 18270 7692618 1 1024
8336 18270 7692628 1 1024
8338 18270 7692638 1 1024
8340 18270 7692648 1 1024
8341 18269 7692658 1 1024
8341 18270 7692668 1 1024
8341 18270 7692678 1 1024
8339 18271 7692688 1 1024
8337 18272 7692698 1 1024
8334 18273 7692708 1 1024
8332 18274 7692718 1 1024
8330 18276 7692728 1 1024
8329 18277 7692738 1 1024
8328 18279 7692748 1 1024
8329 18283 7692758 1 1024
8330 18284 7692768 1 1024
8333 18286 7692778 1 1024
8338 18287 7692788 1 1024
8342 18288 7692798 1 1024
8348 18289 7692808 1 1024
8353 18290 7692818 1 1024
8359 18290 7692828 1 1024
8364 18290 7692838 1 1024
8373 18289 7692848 1 1024
8376 18288 7692858 1 1024
8379 18286 7692868 1 1024
8381 18285 7692878 1 1024
8383 18282 7692888 1 1024
8384 18280 7692898 1 1024
8385 18278 7692908 1 1024
8385 18276 7692918 1 1024
8385 18273 7692928 1 1024
8384 18269 7692938 1 1024
8383 18268 7692948 1 1024
8383 18266 7692958 1 1024
8383 18265 7692968 1 1024
8384 18264 7692978 1 1024
8384 18263 7692988 1 1024
8384 18263 7692998 1 1024
8383 18262 7693008 1 1024
8381 18261 7693018 1 1024
8376 18259 7693028 1 741
8374 18258 7693038 1 518
8371 18257 7693048 1 285
8369 18256 7693058 1 43
8367 18255 7693068 0 0
8366 18254 7693078 0 0
8365 18253 7693088 0 0
8364 18252 7693098 0 0
8362 18251 7693108 0 0
8359 18251 7693118 0 0
8357 18250 7693128 0 0
8356 18251 7693138 0 0
8355 18251 7693148 0 0
8354 18252 7693158 0 0
8353 18253 7693168 0 0
8353 18255 7693178 0 0
8354 18256 7693188 0 0
8354 18257 7693198 0 0
8356 18259 7693208 0 0
8356 18260 7693218 0 0
8356 18260 7693228 0 0
8356 18260 7693238 0 0
8357 18261 7693248 0 0
8358 18261 7693258 0 0
8358 18262 7693268 0 0
8359 18262 7693278 0 0
8359 18263 7693288 0 0
8363 18264 7693298 0 0
8365 18264 7693308 0 0
8368 18265 7693318 0 0
8370 18266 7693328 0 0
8373 18268 7693338 0 0
8375 18270 7693348 0 0
8378 18272 7693358 0 0
8381 18274 7693368 1 374
8385 18277 7693378 1 1024
8390 18282 7693388 1 1024
8393 18285 7693398 1 1024
8395 18287 7693408 1 1024
8397 18288 7693418 1 1024
8399 18289 7693428 1 1024
8401 18290 7693438 1 1024
8403 18290 7693448 1 1024
8406 18290 7693458 1 1024
8409 18290 7693468 1 1024
8417 18289 7693478 1 1024
8420 18289 7693488 1 1024
8424 18289 7693498 1 1024
8428 18288 7693508 1 1024
8432 18288 7693518 1 1024
8435 18288 7693528 1 1024
8438 18288 7693538 1 1024
8441 18287 7693548 1 1024
8443 18287 7693558 1 1024
8446 18285 7693568 1 1024
8447 18284 7693578 1 1024
8447 18283 7693588 1 1024
8447 18282 7693598 1 1024
8447 18281 7693608 1 1024
8445 18280 7693618 1 1024
8443 18279 7693628 1 1024
8442 18278 7693638 1 1024
8441 18278 7693648 1 1024
8440 18279 7693658 1 1024
8441 18280 7693668 1 1024
8441 18281 7693678 1 1024
8442 18283 7693688 1 1024
8442 18284 7693698 1 1024
8441 18285 7693708 1 1024
8439 18286 7693718 1 1024
8437 18288 7693728 1 1024
8434 18288 7693738 1 1024
8426 18289 7693748 1 1024
8420 18290 7693758 1 1024
8414 18289 7693768 1 1024
8407 18289 7693778 1 1024
8400 18289 7693788 1 1024
8393 18288 7693798 1 1024
8385 18288 7693808 1 1024
8377 18288 7693818 1 1024
8369 18288 7693828 1 1024
8355 18288 7693838 1 1024
8349 18289 7693848 1 1024
8344 18289 7693858 1 1024
8340 18289 7693868 1 1024
8337 18289 7693878 1 1024
8334 18290 7693888 1 1024
8331 18290 7693898 1 1024
8329 18290 7693908 1 1024
8327 18290 7693918 1 1024
8325 18291 7693928 0 0
8325 18291 7693938 0 0
8328 18291 7693948 0 0
8331 18291 7693958 0 0
8336 18290 7693968 0 0
8342 18290 7693978 0 0
8349 18290 7693988 0 0
8355 18290 7693998 0 0
8362 18291 7694008 0 0
8373 18292 7694018 0 0
8378 18293 7694028 0 0
8383 18294 7694038 0 0
8388 18296 7694048 0 0
8393 18297 7694058 0 0
8397 18299 7694068 0 0
8400 18301 7694078 0 0
8403 18304 7694088 0 0
8404 18306 7694098 0 0
8404 18310 7694108 1 108
8404 18312 7694118 1 159
8402 18314 7694128 1 194
8401 18315 7694138 1 209
8400 18316 7694148 1 212
8400 18317 7694158 1 210
8400 18317 7694168 1 183
8400 18318 7694178 1 131
8400 18318 7694188 1 49
8400 18320 7694198 0 0
8399 18321 7694208 0 0
8399 18321 7694218 0 0
8398 18322 7694228 0 0
8396 18322 7694238 0 0
8395 18321 7694248 0 0
8393 18321 7694258 0 0
8392 18320 7694268 0 0
8391 18319 7694278 0 0
8394 18316 7694288 0 0
8396 18314 7694298 0 0
8398 18313 7694308 0 0
8400 18311 7694318 0 0
8403 18310 7694328 0 0
8405 18309 7694338 0 0
8406 18308 7694348 0 0
8407 18307 7694358 0 0
8408 18306 7694368 0 0
8411 18306 7694378 0 0
8413 18306 7694388 0 0
8415 18306 7694398 0 0
8417 18307 7694408 0 0
8420 18307 7694418 0 0
8423 18308 7694428 0 0
8426 18308 7694438 0 0
8430 18309 7694448 0 0
8435 18309 7694458 0 0
8444 18308 7694468 0 0
8449 18308 7694478 1 1
8454 18307 7694488 1 8
8460 18307 7694498 1 21
8464 18307 7694508 1 44
8468 18306 7694518 1 78
8471 18306 7694528 1 127
8473 18306 7694538 1 193
8476 18305 7694548 1 278
8483 18305 7694558 1 385
8486 18305 7694568 1 516
8490 18305 7694578 1 674
