7791 17764 3240306 1 1024
7791 17764 3240316 1 953
7792 17764 3240326 1 787
7792 17764 3240336 1 656
7792 17763 3240346 1 547
7792 17763 3240356 1 460
7792 17763 3240366 1 420
7792 17762 3240376 1 411
7792 17762 3240386 1 391
7792 17761 3240396 1 338
7793 17760 3240406 1 301
7794 17758 3240416 1 275
7795 17755 3240426 1 264
7798 17753 3240436 1 258
7800 17751 3240446 1 253
7804 17749 3240456 1 249
7813 17745 3240466 1 245
7825 17741 3240476 1 244
7841 17737 3240486 1 242
7858 17734 3240496 1 240
7876 17731 3240506 1 238
7885 17730 3240516 1 238
7894 17730 3240526 1 237
7909 17730 3240536 1 235
7922 17731 3240546 1 237
7931 17731 3240556 1 263
7935 17732 3240566 1 318
7936 17732 3240576 1 370
7935 17732 3240586 1 399
7931 17732 3240596 1 418
7922 17730 3240606 1 442
7909 17728 3240616 1 463
7893 17725 3240626 1 505
7874 17722 3240636 1 544
7854 17720 3240646 1 579
7844 17720 3240656 1 596
7834 17719 3240666 1 611
7816 17720 3240676 1 640
7801 17722 3240686 1 666
7789 17725 3240696 1 689
7781 17729 3240706 1 709
7776 17735 3240716 1 718
7774 17738 3240726 1 721
7774 17741 3240736 1 727
7776 17747 3240746 1 741
7780 17753 3240756 1 753
7786 17758 3240766 1 762
7792 17763 3240776 1 769
7800 17766 3240786 1 773
7804 17767 3240796 1 774
7807 17767 3240806 1 774
7814 17766 3240816 1 774
7819 17764 3240826 1 771
7823 17760 3240836 1 770
7824 17755 3240846 1 768
7824 17749 3240856 1 761
7824 17746 3240866 1 757
7822 17742 3240876 1 752
7818 17734 3240886 1 741
7813 17726 3240896 1 729
7807 17718 3240906 1 716
7801 17708 3240916 1 700
7796 17698 3240926 1 683
7793 17693 3240936 1 673
7792 17687 3240946 1 665
7791 17676 3240956 1 656
7791 17666 3240966 1 646
7795 17655 3240976 1 625
7802 17645 3240986 1 603
7811 17637 3240996 1 581
7816 17633 3241006 1 569
7822 17630 3241016 1 557
7834 17625 3241026 1 533
7847 17621 3241036 1 509
7860 17620 3241046 1 484
7871 17620 3241056 1 458
7880 17622 3241066 1 445
7884 17623 3241076 1 442
7887 17626 3241086 1 432
7890 17631 3241096 1 406
7890 17637 3241106 1 381
7887 17644 3241116 1 355
7881 17652 3241126 1 329
7874 17659 3241136 1 305
7870 17663 3241146 1 292
7866 17667 3241156 1 280
7857 17674 3241166 1 257
7849 17680 3241176 1 233
7842 17684 3241186 1 221
7838 17688 3241196 1 210
7835 17691 3241206 1 189
7834 17691 3241216 1 178
7835 17692 3241226 1 169
7837 17691 3241236 1 151
7841 17690 3241246 1 136
7845 17687 3241256 1 127
7849 17683 3241266 1 125
7853 17679 3241276 1 123
7854 17676 3241286 1 122
7855 17673 3241296 1 122
7856 17668 3241306 1 120
7855 17663 3241316 1 118
7852 17659 3241326 1 116
7848 17656 3241336 1 115
7843 17656 3241346 1 113
7841 17655 3241356 1 112
7838 17656 3241366 1 111
7831 17659 3241376 1 109
7825 17664 3241386 1 108
7818 17670 3241396 1 106
7812 17677 3241406 1 104
7807 17684 3241416 1 102
7804 17688 3241426 1 102
7802 17691 3241436 1 101
7799 17698 3241446 1 99
7797 17703 3241456 1 97
7797 17707 3241466 1 97
7798 17711 3241476 1 106
7800 17714 3241486 1 120
7802 17716 3241496 1 127
7804 17718 3241506 1 133
7809 17721 3241516 1 147
7816 17725 3241526 1 163
7823 17729 3241536 1 170
7831 17734 3241546 1 177
7840 17739 3241556 1 194
7844 17742 3241566 1 202
7849 17744 3241576 1 211
7858 17749 3241586 1 230
7866 17752 3241596 1 249
7874 17754 3241606 1 268
7881 17754 3241616 1 288
7886 17752 3241626 1 309
7889 17750 3241636 1 321
7890 17748 3241646 1 329
7893 17741 3241656 1 339
7894 17734 3241666 1 350
7894 17725 3241676 1 371
7892 17717 3241686 1 393
7890 17709 3241696 1 415
7889 17705 3241706 1 426
7887 17702 3241716 1 437
7884 17698 3241726 1 459
7880 17695 3241736 1 480
7877 17695 3241746 1 503
7874 17697 3241756 1 523
7871 17701 3241766 1 534
7869 17704 3241776 1 537
7868 17707 3241786 1 545
7866 17713 3241796 1 566
7864 17720 3241806 1 586
7862 17726 3241816 1 607
7860 17731 3241826 1 626
7859 17735 3241836 1 645
7858 17737 3241846 1 654
7858 17738 3241856 1 663
7857 17740 3241866 1 680
7857 17740 3241876 1 697
7858 17740 3241886 1 705
7858 17738 3241896 1 712
7859 17736 3241906 1 727
7860 17735 3241916 1 735
7861 17733 3241926 1 741
7862 17730 3241936 1 752
7863 17726 3241946 1 764
7863 17722 3241956 1 773
7862 17717 3241966 1 782
7860 17712 3241976 1 789
7859 17710 3241986 1 792
7857 17707 3241996 1 794
7853 17702 3242006 1 797
7849 17697 3242016 1 799
7844 17693 3242026 1 802
7838 17690 3242036 1 805
7834 17689 3242046 1 807
7832 17689 3242056 1 808
7830 17690 3242066 1 808
7828 17692 3242076 1 808
7827 17696 3242086 1 808
7828 17703 3242096 1 807
7831 17711 3242106 1 806
7834 17720 3242116 1 804
7837 17724 3242126 1 803
7839 17729 3242136 1 803
7845 17739 3242146 1 800
7852 17748 3242156 1 798
7858 17756 3242166 1 796
7865 17762 3242176 1 794
7871 17766 3242186 1 792
7873 17767 3242196 1 792
7875 17767 3242206 1 791
7879 17767 3242216 1 790
7881 17764 3242226 1 789
7882 17760 3242236 1 789
7880 17755 3242246 1 788
7876 17750 3242256 1 789
7874 17747 3242266 1 789
7870 17745 3242276 1 788
7864 17739 3242286 1 789
7856 17733 3242296 1 789
7849 17727 3242306 1 790
7842 17720 3242316 1 791
7834 17712 3242326 1 792
7831 17708 3242336 1 792
7828 17704 3242346 1 793
7822 17694 3242356 1 794
7817 17684 3242366 1 794
7813 17674 3242376 1 796
7808 17665 3242386 1 797
7803 17657 3242396 1 798
7801 17654 3242406 1 799
7799 17651 3242416 1 799
7794 17646 3242426 1 800
7788 17643 3242436 1 802
7781 17641 3242446 1 803
7774 17641 3242456 1 804
7767 17642 3242466 1 804
7763 17643 3242476 1 804
7760 17646 3242486 1 804
7755 17652 3242496 1 805
7751 17661 3242506 1 806
7747 17673 3242516 1 806
7744 17687 3242526 1 807
7741 17704 3242536 1 808
7739 17713 3242546 1 808
7739 17722 3242556 1 808
7738 17740 3242566 1 809
7738 17757 3242576 1 809
7739 17773 3242586 1 809
7742 17787 3242596 1 809
7746 17798 3242606 1 809
7748 17803 3242616 1 809
7752 17806 3242626 1 809
7760 17812 3242636 1 810
7769 17815 3242646 1 810
7779 17815 3242656 1 810
7790 17813 3242666 1 810
7801 17808 3242676 1 810
7807 17805 3242686 1 811
7812 17801 3242696 1 811
7822 17793 3242706 1 810
7832 17783 3242716 1 810
7841 17774 3242726 1 811
7851 17765 3242736 1 812
7860 17758 3242746 1 812
7864 17755 3242756 1 812
7868 17753 3242766 1 812
7875 17751 3242776 1 813
7880 17751 3242786 1 813
7884 17753 3242796 1 814
7888 17756 3242806 1 814
7892 17759 3242816 1 814
7894 17761 3242826 1 814
7897 17763 3242836 1 814
7904 17767 3242846 1 814
7912 17771 3242856 1 814
7922 17774 3242866 1 814
7932 17778 3242876 1 815
7944 17781 3242886 1 816
7949 17782 3242896 1 816
7955 17784 3242906 1 816
7964 17787 3242916 1 816
7972 17789 3242926 1 816
7978 17790 3242936 1 816
7982 17790 3242946 1 816
7986 17789 3242956 1 816
7988 17789 3242966 1 817
7989 17788 3242976 1 817
7989 17786 3242986 1 817
7987 17783 3242996 1 817
7984 17780 3243006 1 818
7978 17777 3243016 1 818
7971 17774 3243026 1 818
7968 17772 3243036 1 818
7963 17771 3243046 1 818
7955 17769 3243056 1 818
7946 17767 3243066 1 818
7938 17767 3243076 1 818
7930 17768 3243086 1 818
7924 17770 3243096 1 819
7921 17771 3243106 1 819
7919 17772 3243116 1 819
7916 17774 3243126 1 820
7916 17776 3243136 1 820
7917 17775 3243146 1 820
7923 17769 3243156 1 820
7948 17780 3243166 1 820
7943 17794 3243176 1 819
7927 17792 3243186 1 819
7931 17768 3243196 1 819
7951 17765 3243206 1 820
7965 17770 3243216 1 820
7974 17776 3243226 1 820
7980 17781 3243236 1 820
7986 17785 3243246 1 820
7989 17790 3243256 1 821
7991 17796 3243266 1 821
7992 17802 3243276 1 821
7992 17809 3243286 1 820
7990 17816 3243296 1 820
7988 17824 3243306 1 820
7984 17832 3243316 1 821
7981 17840 3243326 1 821
7977 17848 3243336 1 821
7972 17854 3243346 1 821
7966 17859 3243356 1 821
7960 17862 3243366 1 822
7953 17864 3243376 1 821
7945 17864 3243386 1 821
7937 17862 3243396 1 821
7929 17860 3243406 1 821
7921 17856 3243416 1 821
7915 17853 3243426 1 821
7910 17849 3243436 1 821
7907 17847 3243446 1 821
7908 17846 3243456 1 821
7911 17847 3243466 1 821
7918 17849 3243476 1 821
7928 17853 3243486 1 821
7941 17857 3243496 1 821
7955 17862 3243506 1 821
7970 17867 3243516 1 820
7985 17870 3243526 1 822
7998 17872 3243536 1 822
8009 17872 3243546 1 821
8017 17869 3243556 1 821
8021 17865 3243566 1 822
8021 17859 3243576 1 822
8018 17852 3243586 1 821
8012 17844 3243596 1 821
8004 17835 3243606 1 822
7995 17827 3243616 1 822
7986 17820 3243626 1 822
7978 17814 3243636 1 822
7971 17811 3243646 1 822
7966 17809 3243656 1 822
7963 17811 3243666 1 822
7963 17815 3243676 1 822
7964 17821 3243686 1 823
7967 17829 3243696 1 822
7971 17838 3243706 1 822
7976 17848 3243716 1 822
7982 17857 3243726 1 822
7988 17864 3243736 1 822
7994 17870 3243746 1 822
8000 17872 3243756 1 822
8005 17872 3243766 1 822
8009 17870 3243776 1 822
8012 17865 3243786 1 822
8014 17859 3243796 1 822
