8460 17949 2097401 1 839
8472 17939 2097411 1 625
8489 17930 2097421 1 471
8510 17925 2097431 1 372
8531 17927 2097441 1 320
8550 17934 2097451 1 311
8567 17946 2097461 1 338
8579 17963 2097471 1 357
8583 18008 2097481 1 468
8566 18026 2097491 1 560
8532 18032 2097501 1 609
8484 18021 2097511 1 659
8422 17991 2097521 1 758
8351 17939 2097531 1 847
8281 17865 2097541 1 897
8223 17777 2097551 1 916
8158 17606 2097561 1 924
8159 17535 2097571 1 927
8179 17490 2097581 1 926
8216 17468 2097591 1 863
8260 17466 2097601 1 826
8305 17483 2097611 1 817
8344 17512 2097621 1 776
8376 17550 2097631 1 658
8417 17634 2097641 1 347
8429 17674 2097651 1 170
8437 17710 2097661 1 98
8441 17739 2097671 1 95
8442 17761 2097681 1 93
8441 17774 2097691 1 87
8439 17780 2097701 1 83
8436 17780 2097711 1 79
8430 17766 2097721 1 72
8428 17759 2097731 1 68
8427 17755 2097741 1 64
8424 17754 2097751 1 55
8421 17756 2097761 1 57
8416 17760 2097771 1 53
8410 17762 2097781 1 49
8403 17762 2097791 1 422
8387 17747 2097801 1 729
8377 17733 2097811 1 682
8367 17719 2097821 1 654
8356 17705 2097831 1 638
8343 17694 2097841 1 608
8330 17687 2097851 1 592
8317 17686 2097861 1 588
8303 17691 2097871 1 593
8281 17715 2097881 1 623
8275 17728 2097891 1 635
8274 17739 2097901 1 643
8277 17743 2097911 1 654
8283 17741 2097921 1 663
8292 17731 2097931 1 680
8302 17715 2097941 1 694
8313 17695 2097951 1 701
8332 17649 2097961 1 704
8339 17628 2097971 1 702
8344 17610 2097981 1 699
8346 17596 2097991 1 695
8346 17584 2098001 1 693
8343 17574 2098011 1 691
8336 17565 2098021 1 690
8326 17555 2098031 1 689
8294 17538 2098041 1 688
8275 17535 2098051 1 687
8255 17538 2098061 1 687
8238 17547 2098071 1 689
8224 17563 2098081 1 691
8214 17584 2098091 1 692
8207 17607 2098101 1 693
8203 17631 2098111 1 694
8205 17684 2098121 1 695
8212 17713 2098131 1 697
8224 17743 2098141 1 699
8244 17773 2098151 1 701
8270 17802 2098161 1 703
8302 17829 2098171 1 705
8338 17851 2098181 1 706
8375 17869 2098191 1 706
8446 17897 2098201 1 709
8473 17905 2098211 1 709
8486 17905 2098221 1 709
8484 17910 2098231 1 710
8482 17925 2098241 1 710
8485 17940 2098251 1 710
8490 17950 2098261 1 709
8496 17952 2098271 1 708
8509 17938 2098281 1 703
8514 17927 2098291 1 700
8519 17915 2098301 1 697
8522 17907 2098311 1 692
8525 17902 2098321 1 687
8527 17903 2098331 1 681
8528 17909 2098341 1 674
8527 17919 2098351 1 666
8527 17944 2098361 1 648
8526 17955 2098371 1 638
8527 17963 2098381 1 626
8528 17967 2098391 1 614
