7693 18236 6508364 1 634
7692 18233 6508374 1 636
7691 18231 6508384 1 637
7688 18227 6508394 1 639
7687 18225 6508404 1 640
7685 18224 6508414 1 641
7682 18220 6508424 1 644
7680 18218 6508434 1 647
7678 18216 6508444 1 648
7676 18214 6508454 1 650
7674 18212 6508464 1 651
7672 18211 6508474 1 652
7670 18210 6508484 1 654
7668 18209 6508494 1 656
7668 18209 6508504 1 658
7668 18209 6508514 1 659
7668 18211 6508524 1 661
7669 18212 6508534 1 663
7671 18214 6508544 1 664
7678 18216 6508554 1 668
7680 18217 6508564 1 669
7683 18217 6508574 1 670
7686 18216 6508584 1 671
7689 18215 6508594 1 673
7692 18212 6508604 1 674
7696 18209 6508614 1 675
7701 18203 6508624 1 678
7705 18200 6508634 1 680
7708 18196 6508644 1 681
7712 18192 6508654 1 682
7715 18188 6508664 1 683
7717 18185 6508674 1 684
7720 18183 6508684 1 685
7725 18182 6508694 1 688
7726 18182 6508704 1 689
7727 18183 6508714 1 690
7727 18185 6508724 1 691
7728 18187 6508734 1 692
7730 18194 6508744 1 695
7732 18203 6508754 1 697
7734 18208 6508764 1 699
7736 18214 6508774 1 700
7739 18219 6508784 1 701
7742 18224 6508794 1 702
7746 18229 6508804 1 703
7749 18234 6508814 1 704
7754 18242 6508824 1 706
7756 18244 6508834 1 707
7758 18247 6508844 1 708
7758 18248 6508854 1 709
7757 18249 6508864 1 710
7755 18249 6508874 1 711
7752 18249 6508884 1 712
7744 18247 6508894 1 714
7738 18245 6508904 1 716
7732 18243 6508914 1 718
7727 18241 6508924 1 719
7718 18237 6508934 1 721
7715 18235 6508944 1 722
7712 18229 6508954 1 724
7713 18227 6508964 1 725
7715 18225 6508974 1 726
7719 18223 6508984 1 727
7723 18221 6508994 1 728
7728 18220 6509004 1 729
7733 18219 6509014 1 730
7742 18218 6509024 1 732
7746 18218 6509034 1 734
7750 18220 6509044 1 735
7752 18221 6509054 1 736
7753 18224 6509064 1 737
7753 18226 6509074 1 738
7752 18229 6509084 1 739
7750 18234 6509094 1 741
7748 18236 6509104 1 742
7746 18239 6509114 1 743
7742 18242 6509124 1 745
7741 18243 6509134 1 748
7740 18244 6509144 1 749
7737 18245 6509154 1 751
7737 18244 6509164 1 752
7736 18243 6509174 1 753
7735 18241 6509184 1 754
7733 18239 6509194 1 755
7731 18238 6509204 1 756
7729 18236 6509214 1 757
7725 18235 6509224 1 758
7722 18235 6509234 1 759
7719 18234 6509244 1 760
7717 18234 6509254 1 761
7714 18234 6509264 1 762
7712 18235 6509274 1 763
7711 18236 6509284 1 764
7710 18237 6509294 1 765
7711 18238 6509304 1 766
7715 18240 6509314 1 768
7718 18241 6509324 1 769
7722 18241 6509334 1 769
7726 18241 6509344 1 770
7733 18239 6509354 1 772
7738 18237 6509364 1 773
7743 18235 6509374 1 773
7748 18232 6509384 1 774
7751 18229 6509394 1 775
7755 18225 6509404 1 776
7757 18222 6509414 1 777
7760 18218 6509424 1 778
7761 18215 6509434 1 779
7761 18213 6509444 1 780
7760 18212 6509454 1 781
7758 18211 6509464 1 782
7756 18211 6509474 1 783
7754 18213 6509484 1 784
7750 18214 6509494 1 786
7742 18220 6509504 1 788
7738 18223 6509514 1 789
7734 18226 6509524 1 790
7731 18228 6509534 1 791
7727 18230 6509544 1 792
7723 18231 6509554 1 795
7721 18232 6509564 1 796
7719 18232 6509574 1 797
7718 18232 6509584 1 799
7717 18231 6509594 1 800
7718 18229 6509604 1 802
7719 18228 6509614 1 803
7720 18225 6509624 1 806
7723 18223 6509634 1 808
7726 18222 6509644 1 809
7729 18220 6509654 1 811
7732 18219 6509664 1 813
7735 18219 6509674 1 814
7738 18219 6509684 1 816
7744 18223 6509694 1 820
7746 18224 6509704 1 822
7748 18226 6509714 1 823
7749 18228 6509724 1 824
7750 18230 6509734 1 825
7750 18232 6509744 1 826
7751 18235 6509754 1 828
7751 18236 6509764 1 828
7750 18237 6509774 1 828
7750 18238 6509784 1 828
7749 18238 6509794 1 828
7748 18238 6509804 1 826
7747 18238 6509814 1 825
7745 18237 6509824 1 823
7744 18237 6509834 1 823
7743 18237 6509844 1 823
7742 18238 6509854 1 823
7742 18239 6509864 1 825
7742 18240 6509874 1 827
7744 18244 6509884 1 842
7745 18247 6509894 1 850
7746 18250 6509904 1 858
7748 18252 6509914 1 868
7750 18254 6509924 1 877
7752 18256 6509934 1 887
7754 18256 6509944 1 896
7757 18258 6509954 1 913
7759 18257 6509964 1 920
7761 18256 6509974 1 925
7763 18255 6509984 1 928
7765 18253 6509994 1 930
7767 18251 6510004 1 929
7769 18250 6510014 1 925
7770 18250 6510024 1 908
7771 18250 6510034 1 894
7772 18251 6510044 1 876
7772 18252 6510054 1 855
7772 18253 6510064 1 828
7770 18258 6510074 1 764
7768 18259 6510084 1 686
7767 18261 6510094 1 643
7765 18262 6510104 1 599
7764 18262 6510114 1 553
7763 18261 6510124 1 506
7762 18260 6510134 1 458
7762 18258 6510144 1 409
7762 18254 6510154 1 315
7763 18251 6510164 1 269
7763 18249 6510174 1 225
7764 18246 6510184 1 183
7765 18243 6510194 1 142
7766 18241 6510204 1 106
7767 18240 6510214 1 72
7767 18238 6510224 1 18
7767 18238 6510234 0 0
7766 18237 6510244 0 0
7765 18237 6510254 0 0
7762 18235 6510264 0 0
7761 18234 6510274 0 0
7760 18233 6510284 0 0
7759 18231 6510294 0 0
7759 18229 6510304 0 0
7760 18226 6510314 0 0
7760 18224 6510324 0 0
7762 18222 6510334 0 0
7763 18221 6510344 1 10
7765 18220 6510354 1 83
7766 18220 6510364 1 133
7767 18221 6510374 1 188
7768 18222 6510384 1 251
7769 18224 6510394 1 316
7770 18226 6510404 1 386
7771 18228 6510414 1 458
7773 18231 6510424 1 603
7774 18233 6510434 1 674
7775 18235 6510444 1 742
7777 18238 6510454 1 863
7779 18239 6510464 1 915
7780 18240 6510474 1 958
7781 18239 6510484 1 1016
7782 18238 6510494 1 1024
7782 18237 6510504 1 1024
7783 18236 6510514 1 1024
7782 18234 6510524 1 1024
7782 18232 6510534 1 1019
7781 18230 6510544 1 1011
7779 18227 6510554 1 993
7778 18225 6510564 1 982
7777 18223 6510574 1 970
7777 18221 6510584 1 960
7777 18220 6510594 1 950
7776 18219 6510604 1 940
7777 18219 6510614 1 932
7776 18219 6510624 1 921
7777 18219 6510634 1 917
7778 18221 6510644 1 914
7777 18222 6510654 1 913
7776 18224 6510664 1 914
7775 18226 6510674 1 916
7774 18229 6510684 1 921
7771 18231 6510694 1 924
7769 18233 6510704 1 929
7765 18236 6510714 1 933
7762 18238 6510724 1 937
7760 18239 6510734 1 942
7758 18241 6510744 1 946
7757 18242 6510754 1 955
7757 18242 6510764 1 958
7759 18241 6510774 1 962
7761 18240 6510784 1 964
7764 18239 6510794 1 967
7769 18237 6510804 1 970
7773 18234 6510814 1 971
7778 18231 6510824 1 973
7787 18225 6510834 1 974
7790 18223 6510844 1 974
7792 18221 6510854 1 974
7794 18220 6510864 1 973
7794 18219 6510874 1 972
7794 18219 6510884 1 969
7792 18219 6510894 1 968
7790 18221 6510904 1 966
7788 18222 6510914 1 964
7785 18225 6510924 1 963
7783 18227 6510934 1 962
7780 18230 6510944 1 962
7775 18234 6510954 1 961
7773 18237 6510964 1 961
7770 18240 6510974 1 962
7768 18243 6510984 1 964
7766 18246 6510994 1 967
7765 18249 6511004 1 970
7763 18251 6511014 1 976
7763 18255 6511024 1 998
7763 18256 6511034 1 1007
7764 18257 6511044 1 1017
7765 18257 6511054 1 1024
7767 18257 6511064 1 1024
7769 18256 6511074 1 1024
7774 18254 6511084 1 1024
7777 18253 6511094 1 1024
7779 18250 6511104 1 1024
7782 18247 6511114 1 1024
7784 18244 6511124 1 1024
7786 18241 6511134 1 1024
7787 18238 6511144 1 1024
7789 18234 6511154 1 1024
7790 18230 6511164 1 1024
7790 18221 6511174 1 1024
7790 18213 6511184 1 1024
7787 18206 6511194 1 1024
7780 18198 6511204 1 1024
7747 18175 6511214 1 1024
7733 18170 6511224 1 1024
7718 18166 6511234 1 1024
7703 18165 6511244 1 1024
7687 18165 6511254 1 1024
7675 18166 6511264 1 1024
7666 18169 6511274 1 998
7655 18176 6511284 1 911
7654 18181 6511294 1 863
7654 18187 6511304 1 812
7656 18192 6511314 1 758
7660 18198 6511324 1 703
7664 18204 6511334 1 645
7669 18210 6511344 1 587
7685 18223 6511354 1 466
7693 18229 6511364 1 406
7701 18235 6511374 1 346
7710 18241 6511384 1 287
7720 18247 6511394 1 230
7740 18257 6511404 1 121
7761 18265 6511414 1 21
7770 18268 6511424 0 0
7779 18270 6511434 0 0
7787 18270 6511444 0 0
7793 18270 6511454 0 0
7799 18268 6511464 0 0
7802 18266 6511474 0 0
7805 18258 6511484 0 0
7804 18253 6511494 0 0
7801 18247 6511504 0 0
7797 18241 6511514 0 0
7793 18234 6511524 0 0
7786 18227 6511534 0 0
7779 18219 6511544 0 0
7761 18206 6511554 1 20
7752 18199 6511564 1 92
7743 18193 6511574 1 173
7734 18188 6511584 1 267
7714 18180 6511594 1 490
7705 18178 6511604 1 621
7688 18175 6511614 1 924
7681 18176 6511624 1 1024
7675 18178 6511634 1 1024
7671 18181 6511644 1 1024
7669 18186 6511654 1 1024
7668 18192 6511664 1 1024
7670 18199 6511674 1 1024
7680 18216 6511684 1 1024
7689 18226 6511694 1 1024
7701 18239 6511704 1 1024
7716 18255 6511714 1 1024
