7596 18424 2480654 1 641
7596 18424 2480664 1 645
7597 18424 2480674 1 647
7599 18424 2480684 1 650
7601 18423 2480694 1 652
7605 18423 2480704 1 654
7609 18422 2480714 1 655
7615 18421 2480724 1 656
7622 18420 2480734 1 658
7628 18420 2480744 1 660
7634 18419 2480754 1 661
7638 18419 2480764 1 662
7644 18418 2480774 1 667
7645 18418 2480784 1 667
7646 18417 2480794 1 668
7647 18416 2480804 1 668
7648 18416 2480814 1 669
7649 18415 2480824 1 671
7652 18415 2480834 1 672
7657 18415 2480844 1 673
7664 18415 2480854 1 673
7672 18415 2480864 1 673
7681 18416 2480874 1 674
7688 18416 2480884 1 675
7698 18417 2480894 1 677
7700 18418 2480904 1 678
7700 18419 2480914 1 678
7698 18419 2480924 1 679
7691 18420 2480934 1 679
7680 18421 2480944 1 681
7668 18424 2480954 1 682
7655 18427 2480964 1 683
7643 18430 2480974 1 683
7633 18434 2480984 1 684
7625 18438 2480994 1 686
7618 18442 2481004 1 687
7610 18451 2481014 1 692
7611 18458 2481024 1 693
7612 18466 2481034 1 693
7614 18474 2481044 1 694
7616 18484 2481054 1 695
7618 18493 2481064 1 697
7619 18501 2481074 1 698
7619 18509 2481084 1 699
7620 18516 2481094 1 700
7619 18522 2481104 1 700
7617 18527 2481114 1 701
7615 18531 2481124 1 703
7611 18534 2481134 1 706
7610 18534 2481144 1 707
7611 18533 2481154 1 708
7612 18530 2481164 1 708
7615 18526 2481174 1 708
7619 18520 2481184 1 707
7624 18514 2481194 1 709
7629 18506 2481204 1 708
7635 18498 2481214 1 708
7640 18490 2481224 1 707
7645 18482 2481234 1 707
7650 18475 2481244 1 707
7656 18462 2481254 1 705
7656 18458 2481264 1 704
7656 18455 2481274 1 702
7654 18452 2481284 1 701
7651 18451 2481294 1 701
7648 18450 2481304 1 701
7644 18451 2481314 1 700
7640 18451 2481324 1 700
7637 18452 2481334 1 700
7633 18454 2481344 1 700
7631 18455 2481354 1 700
7630 18457 2481364 1 701
7629 18460 2481374 1 703
7629 18461 2481384 1 705
7630 18461 2481394 1 708
7630 18462 2481404 1 711
7631 18462 2481414 1 715
7632 18461 2481424 1 716
7633 18460 2481434 1 719
7635 18458 2481444 1 724
7636 18455 2481454 1 730
7639 18452 2481464 1 737
7642 18449 2481474 1 743
7645 18446 2481484 1 753
7654 18440 2481494 1 754
7658 18438 2481504 1 753
7662 18436 2481514 1 748
7666 18435 2481524 1 738
7669 18434 2481534 1 723
7671 18434 2481544 1 702
7672 18433 2481554 1 691
7672 18433 2481564 1 678
7671 18434 2481574 1 648
7670 18435 2481584 1 616
7669 18436 2481594 1 579
7667 18438 2481604 1 499
7666 18443 2481614 1 437
7666 18445 2481624 1 412
7667 18447 2481634 1 368
7670 18451 2481644 1 323
7674 18455 2481654 1 278
7679 18459 2481664 1 233
7683 18463 2481674 1 190
7687 18467 2481684 1 170
7690 18470 2481694 1 150
7691 18473 2481704 1 110
7692 18475 2481714 1 73
7692 18477 2481724 1 9
7689 18480 2481734 1 7
7688 18481 2481744 1 7
7688 18482 2481754 1 8
7688 18483 2481764 1 8
7688 18483 2481774 1 6
7690 18483 2481784 1 6
7692 18483 2481794 1 6
7694 18483 2481804 1 6
7696 18482 2481814 1 6
7699 18481 2481824 1 6
7700 18480 2481834 1 5
7702 18478 2481844 1 4
7702 18473 2481854 1 3
7702 18470 2481864 1 3
7702 18467 2481874 1 3
7703 18465 2481884 1 3
7703 18462 2481894 1 7
7704 18459 2481904 1 30
7705 18457 2481914 1 54
7706 18455 2481924 1 80
7707 18454 2481934 1 107
7708 18453 2481944 1 111
7708 18454 2481954 1 132
7708 18454 2481964 1 192
7704 18458 2481974 1 256
7701 18460 2481984 1 289
7697 18462 2481994 1 322
7693 18464 2482004 1 339
7689 18467 2482014 1 355
7685 18469 2482024 1 388
7682 18471 2482034 1 422
7680 18473 2482044 1 455
7679 18475 2482054 1 488
7679 18475 2482064 1 520
7681 18476 2482074 1 552
7683 18476 2482084 1 583
7687 18474 2482094 1 641
7690 18473 2482104 1 670
7692 18472 2482114 1 696
7694 18471 2482124 1 721
7695 18470 2482134 1 733
7697 18469 2482144 1 744
7698 18468 2482154 1 766
7699 18467 2482164 1 786
7700 18466 2482174 1 803
7701 18465 2482184 1 819
7702 18465 2482194 1 844
7702 18464 2482204 1 853
7700 18465 2482214 1 863
7697 18466 2482224 1 869
7694 18467 2482234 1 875
7691 18468 2482244 1 878
7687 18470 2482254 1 880
7683 18472 2482264 1 881
7680 18474 2482274 1 882
7677 18475 2482284 1 882
7676 18477 2482294 1 881
7676 18479 2482304 1 880
7677 18480 2482314 1 874
7680 18482 2482324 1 870
7684 18483 2482334 1 866
7683 18483 2482344 1 862
7679 18482 2482354 1 857
7673 18481 2482364 1 852
7663 18478 2482374 1 848
7651 18473 2482384 1 843
7638 18466 2482394 1 841
7624 18456 2482404 1 839
7610 18444 2482414 1 835
7599 18430 2482424 1 831
7591 18415 2482434 1 825
7586 18401 2482444 1 822
7587 18379 2482454 1 820
7591 18372 2482464 1 819
7598 18369 2482474 1 818
7606 18369 2482484 1 818
7617 18372 2482494 1 819
7628 18377 2482504 1 819
7640 18385 2482514 1 820
7651 18394 2482524 1 820
7663 18404 2482534 1 820
7675 18416 2482544 1 822
7688 18428 2482554 1 825
7701 18441 2482564 1 828
7724 18468 2482574 1 831
7733 18479 2482584 1 833
7740 18490 2482594 1 834
7746 18500 2482604 1 836
7750 18508 2482614 1 838
7752 18514 2482624 1 840
7752 18519 2482634 1 842
7749 18523 2482644 1 844
7745 18526 2482654 1 845
7739 18527 2482664 1 846
7732 18527 2482674 1 849
7722 18525 2482684 1 850
7700 18518 2482694 1 853
7688 18512 2482704 1 853
7676 18505 2482714 1 854
7664 18497 2482724 1 855
7653 18488 2482734 1 855
7641 18479 2482744 1 856
7631 18469 2482754 1 856
7621 18459 2482764 1 857
7612 18449 2482774 1 857
7605 18438 2482784 1 858
7601 18429 2482794 1 858
7600 18422 2482804 1 859
7602 18410 2482814 1 860
7601 18404 2482824 1 861
7599 18401 2482834 1 861
7594 18397 2482844 1 862
7592 18398 2482854 1 862
7587 18398 2482864 1 863
7586 18397 2482874 1 864
7583 18396 2482884 1 864
7581 18395 2482894 1 866
7579 18393 2482904 1 867
7578 18392 2482914 1 867
7578 18390 2482924 1 867
7578 18386 2482934 1 869
7578 18385 2482944 1 871
7579 18384 2482954 1 871
7579 18383 2482964 1 872
7580 18383 2482974 1 872
7580 18383 2482984 1 873
7579 18384 2482994 1 874
7578 18386 2483004 1 874
7577 18387 2483014 1 876
7575 18389 2483024 1 877
7573 18391 2483034 1 877
7571 18392 2483044 1 879
7567 18393 2483054 1 880
7566 18392 2483064 1 881
7565 18390 2483074 1 881
7564 18388 2483084 1 882
7565 18385 2483094 1 883
7566 18382 2483104 1 884
7567 18379 2483114 1 884
7569 18376 2483124 1 886
7570 18374 2483134 1 886
7572 18372 2483144 1 886
7573 18371 2483154 1 886
7574 18371 2483164 1 887
7575 18374 2483174 1 888
7574 18377 2483184 1 889
7573 18380 2483194 1 889
7571 18384 2483204 1 889
7569 18388 2483214 1 889
