7767 18227 7286112 1 672
7767 18227 7286122 1 669
7767 18227 7286132 1 667
7767 18227 7286142 1 666
7767 18227 7286152 1 665
7767 18227 7286162 1 664
7767 18227 7286172 1 663
7767 18226 7286182 1 662
7766 18224 7286192 1 660
7766 18222 7286202 1 660
7765 18221 7286212 1 660
7765 18221 7286222 1 659
7767 18222 7286232 1 659
7768 18226 7286242 1 659
7770 18232 7286252 1 659
7772 18240 7286262 1 660
7771 18260 7286272 1 661
7770 18271 7286282 1 661
7769 18281 7286292 1 661
7767 18291 7286302 1 662
7765 18301 7286312 1 662
7761 18308 7286322 1 662
7757 18312 7286332 1 663
7751 18313 7286342 1 664
7739 18307 7286352 1 665
7732 18301 7286362 1 666
7726 18293 7286372 1 667
7720 18284 7286382 1 669
7716 18274 7286392 1 669
7712 18265 7286402 1 670
7710 18256 7286412 1 672
7709 18247 7286422 1 673
7712 18230 7286432 1 674
7716 18223 7286442 1 676
7722 18217 7286452 1 677
7730 18212 7286462 1 678
7740 18210 7286472 1 679
7751 18209 7286482 1 680
7761 18209 7286492 1 681
7771 18210 7286502 1 681
7785 18214 7286512 1 683
7790 18217 7286522 1 684
7793 18219 7286532 1 685
7794 18221 7286542 1 685
7795 18223 7286552 1 686
7794 18226 7286562 1 687
7792 18228 7286572 1 688
7789 18229 7286582 1 688
7782 18233 7286592 1 690
7778 18235 7286602 1 690
7774 18236 7286612 1 690
7771 18238 7286622 1 691
7768 18239 7286632 1 691
7766 18240 7286642 1 691
7764 18241 7286652 1 691
7764 18241 7286662 1 690
7767 18241 7286672 1 690
7770 18241 7286682 1 690
7773 18240 7286692 1 690
7777 18240 7286702 1 689
7780 18239 7286712 1 689
7784 18238 7286722 1 689
7788 18236 7286732 1 687
7791 18235 7286742 1 687
7795 18231 7286752 1 687
7796 18229 7286762 1 687
7797 18227 7286772 1 687
7796 18226 7286782 1 687
7795 18226 7286792 1 687
7793 18226 7286802 1 688
7791 18227 7286812 1 688
7788 18227 7286822 1 688
7785 18230 7286832 1 690
7785 18232 7286842 1 692
7785 18233 7286852 1 694
7787 18235 7286862 1 695
7790 18236 7286872 1 696
7793 18238 7286882 1 698
7796 18239 7286892 1 700
7799 18239 7286902 1 702
7803 18239 7286912 1 712
7804 18238 7286922 1 714
7804 18237 7286932 1 717
7803 18235 7286942 1 723
7802 18234 7286952 1 729
7801 18232 7286962 1 733
7799 18231 7286972 1 735
7797 18231 7286982 1 741
7794 18231 7286992 1 748
7792 18232 7287002 1 748
7791 18234 7287012 1 750
7791 18235 7287022 1 750
7790 18237 7287032 1 750
7790 18238 7287042 1 748
7790 18239 7287052 1 743
7791 18239 7287062 1 740
7792 18237 7287072 1 735
7792 18235 7287082 1 724
7792 18233 7287092 1 710
7792 18231 7287102 1 702
7792 18230 7287112 1 693
7792 18228 7287122 1 675
7792 18227 7287132 1 657
7792 18227 7287142 1 647
7793 18226 7287152 1 621
7793 18227 7287162 1 607
7793 18227 7287172 1 600
7793 18228 7287182 1 595
7793 18229 7287192 1 588
7793 18230 7287202 1 586
7793 18230 7287212 1 586
7793 18230 7287222 1 590
7792 18230 7287232 1 622
7791 18229 7287242 1 629
7791 18228 7287252 1 633
7790 18228 7287262 1 650
7790 18227 7287272 1 690
7791 18227 7287282 1 713
7792 18228 7287292 1 740
7794 18229 7287302 1 802
7798 18234 7287312 1 910
7801 18236 7287322 1 952
7803 18239 7287332 1 1016
7805 18242 7287342 1 1017
7807 18245 7287352 1 1013
7808 18247 7287362 1 1016
7809 18249 7287372 1 1017
7809 18250 7287382 1 1017
7809 18252 7287392 1 1016
7808 18252 7287402 1 1017
7808 18252 7287412 1 1017
7807 18251 7287422 1 1017
7807 18249 7287432 1 1016
7806 18247 7287442 1 1017
7806 18244 7287452 1 1016
7805 18239 7287462 1 1016
7804 18226 7287472 1 1017
7805 18218 7287482 1 1018
7805 18210 7287492 1 1018
7806 18203 7287502 1 1019
7808 18196 7287512 1 1021
7810 18190 7287522 1 1022
7812 18185 7287532 1 1024
7814 18181 7287542 1 1023
7815 18176 7287552 1 618
7814 18176 7287562 1 505
7811 18176 7287572 0 0
7806 18178 7287582 0 0
7798 18181 7287592 0 0
7788 18184 7287602 0 0
7776 18189 7287612 0 0
7763 18194 7287622 0 0
7738 18204 7287632 0 0
7727 18209 7287642 0 0
7717 18214 7287652 0 0
7710 18217 7287662 0 0
7704 18220 7287672 0 0
7699 18223 7287682 1 9
7697 18226 7287692 1 28
7695 18230 7287702 1 57
7694 18238 7287712 1 92
7696 18243 7287722 1 133
7698 18249 7287732 1 177
7701 18255 7287742 1 223
7706 18261 7287752 1 269
7711 18268 7287762 1 313
7718 18274 7287772 1 355
7725 18280 7287782 1 391
7740 18289 7287792 1 420
7748 18293 7287802 1 441
7755 18296 7287812 1 452
7763 18298 7287822 1 451
7771 18299 7287832 1 436
7779 18299 7287842 1 406
7788 18298 7287852 1 360
7798 18296 7287862 1 294
7816 18287 7287872 1 208
7824 18281 7287882 1 100
7830 18274 7287892 0 0
7834 18268 7287902 0 0
7836 18262 7287912 0 0
7838 18257 7287922 0 0
7838 18253 7287932 0 0
7837 18250 7287942 0 0
7833 18245 7287952 0 0
7830 18243 7287962 0 0
7827 18241 7287972 0 0
7823 18239 7287982 0 0
7818 18237 7287992 0 0
7813 18236 7288002 0 0
7808 18235 7288012 0 0
7803 18234 7288022 0 0
7793 18236 7288032 0 0
7788 18238 7288042 0 0
7784 18241 7288052 0 0
7779 18244 7288062 0 0
7775 18247 7288072 0 0
7772 18251 7288082 0 0
7768 18255 7288092 0 0
7765 18259 7288102 0 0
7759 18268 7288112 0 0
7758 18273 7288122 0 0
7757 18278 7288132 0 0
7757 18282 7288142 1 23
7758 18286 7288152 1 72
7759 18290 7288162 1 143
7762 18293 7288172 1 233
7765 18295 7288182 1 337
7773 18297 7288192 1 452
7777 18297 7288202 1 572
7782 18296 7288212 1 695
7786 18294 7288222 1 817
7790 18291 7288232 1 933
7794 18287 7288242 1 1024
7797 18281 7288252 1 1024
7799 18275 7288262 1 1024
7801 18265 7288272 1 1024
7801 18260 7288282 1 1024
7801 18256 7288292 1 1024
7801 18253 7288302 1 1024
7802 18251 7288312 1 1024
7802 18249 7288322 1 1024
7803 18248 7288332 1 914
7803 18248 7288342 1 707
7805 18247 7288352 1 491
7805 18247 7288362 1 399
7806 18246 7288372 1 316
7806 18245 7288382 1 242
7806 18244 7288392 1 178
7805 18243 7288402 1 124
7805 18241 7288412 1 76
7803 18239 7288422 1 37
7800 18236 7288432 1 5
7798 18234 7288442 1 5
7795 18234 7288452 1 6
7793 18233 7288462 1 5
7791 18233 7288472 1 5
7790 18233 7288482 1 5
7789 18233 7288492 1 6
7788 18233 7288502 1 6
7790 18233 7288512 1 8
7791 18233 7288522 1 33
7793 18232 7288532 1 62
7795 18231 7288542 1 93
7796 18230 7288552 1 129
7798 18228 7288562 1 166
7798 18227 7288572 1 206
7798 18225 7288582 1 248
7795 18222 7288592 1 335
7792 18221 7288602 1 358
7788 18220 7288612 1 381
7784 18221 7288622 1 427
7780 18221 7288632 1 473
7777 18223 7288642 1 519
7773 18224 7288652 1 564
7771 18227 7288662 1 608
7768 18232 7288672 1 693
7768 18234 7288682 1 733
7768 18236 7288692 1 770
7769 18237 7288702 1 805
7771 18238 7288712 1 837
7773 18237 7288722 1 866
7775 18236 7288732 1 891
7777 18233 7288742 1 912
7779 18227 7288752 1 941
7780 18223 7288762 1 949
7780 18220 7288772 1 951
7779 18217 7288782 1 947
7778 18215 7288792 1 938
7776 18214 7288802 1 922
7775 18213 7288812 1 900
7773 18213 7288822 1 872
