7901 17466 3270087 1 863
7918 17423 3270097 1 828
7901 17412 3270107 1 799
7883 17389 3270117 1 773
7867 17364 3270127 1 752
7849 17337 3270137 1 735
7824 17319 3270147 1 721
7752 17320 3270157 1 702
7721 17330 3270167 1 698
7709 17342 3270177 1 694
7756 17393 3270187 1 693
7798 17432 3270197 1 695
7841 17467 3270207 1 697
7882 17490 3270217 1 700
7965 17510 3270227 1 705
8004 17515 3270237 1 709
8028 17516 3270247 1 711
8033 17508 3270257 1 713
8021 17494 3270267 1 713
7999 17479 3270277 1 713
7977 17470 3270287 1 710
7936 17489 3270297 1 702
7924 17497 3270307 1 703
7914 17499 3270317 1 710
7910 17493 3270327 1 722
7914 17482 3270337 1 739
7921 17470 3270347 1 755
7927 17460 3270357 1 770
7925 17448 3270367 1 788
7918 17441 3270377 1 785
7909 17433 3270387 1 773
7887 17427 3270397 1 708
7875 17433 3270407 1 651
7867 17438 3270417 1 582
7859 17441 3270427 1 504
7847 17450 3270437 1 336
7839 17454 3270447 1 254
7827 17457 3270457 1 177
7814 17459 3270467 1 111
7800 17460 3270477 1 55
7786 17461 3270487 0 0
7771 17462 3270497 0 0
7718 17441 3270507 0 0
7705 17428 3270517 0 0
7696 17413 3270527 0 0
7692 17397 3270537 0 0
7691 17380 3270547 0 0
7693 17363 3270557 0 0
7700 17346 3270567 0 0
7724 17323 3270577 0 0
7742 17316 3270587 0 0
7764 17312 3270597 1 14
7812 17316 3270607 1 99
7839 17321 3270617 1 151
7868 17328 3270627 1 208
7896 17337 3270637 1 270
7946 17364 3270647 1 400
7966 17380 3270657 1 466
7981 17398 3270667 1 531
7991 17416 3270677 1 593
7996 17433 3270687 1 650
7996 17450 3270697 1 701
7991 17465 3270707 1 745
7957 17498 3270717 1 810
7939 17504 3270727 1 805
7919 17507 3270737 1 783
7897 17507 3270747 1 747
7874 17504 3270757 1 710
7849 17498 3270767 1 674
7823 17490 3270777 1 639
7765 17467 3270787 1 571
7735 17452 3270797 1 542
7707 17436 3270807 1 516
7660 17400 3270817 1 477
7641 17381 3270827 1 466
7627 17362 3270837 1 462
7619 17344 3270847 1 465
7627 17313 3270857 1 496
7644 17300 3270867 1 525
7671 17290 3270877 1 565
7708 17282 3270887 1 618
7756 17279 3270897 1 682
7801 17273 3270907 1 760
7860 17271 3270917 1 852
