7721 17288 8764557 1 654
7721 17288 8764567 1 655
7721 17288 8764577 1 655
7721 17288 8764587 1 656
7720 17288 8764597 1 657
7720 17288 8764607 1 658
7719 17289 8764617 1 660
7718 17289 8764627 1 661
7716 17289 8764637 1 662
7713 17289 8764647 1 662
7706 17291 8764657 1 664
7701 17292 8764667 1 665
7697 17293 8764677 1 667
7693 17294 8764687 1 668
7689 17295 8764697 1 669
7686 17297 8764707 1 670
7684 17299 8764717 1 670
7682 17301 8764727 1 671
7682 17304 8764737 1 672
7681 17307 8764747 1 673
7684 17312 8764757 1 675
7687 17313 8764767 1 676
7690 17314 8764777 1 677
7695 17313 8764787 1 678
7700 17312 8764797 1 679
7705 17310 8764807 1 680
7709 17308 8764817 1 680
7714 17304 8764827 1 682
7718 17299 8764837 1 683
7722 17294 8764847 1 684
7730 17282 8764857 1 686
7733 17277 8764867 1 687
7737 17273 8764877 1 688
7739 17270 8764887 1 689
7741 17268 8764897 1 690
7742 17268 8764907 1 691
7742 17267 8764917 1 692
7742 17268 8764927 1 693
7741 17269 8764937 1 694
7740 17271 8764947 1 694
7738 17275 8764957 1 696
7738 17276 8764967 1 697
7739 17277 8764977 1 698
7739 17278 8764987 1 699
7740 17279 8764997 1 700
7741 17279 8765007 1 701
7741 17280 8765017 1 702
7741 17281 8765027 1 703
7739 17283 8765037 1 704
7737 17285 8765047 1 705
7731 17289 8765057 1 707
7729 17292 8765067 1 708
7727 17294 8765077 1 709
7727 17296 8765087 1 710
7727 17298 8765097 1 712
7729 17300 8765107 1 713
7733 17301 8765117 1 714
7738 17303 8765127 1 714
7743 17303 8765137 1 715
7749 17304 8765147 1 716
7760 17303 8765157 1 718
7764 17303 8765167 1 719
7766 17303 8765177 1 720
7767 17302 8765187 1 721
7767 17302 8765197 1 722
7765 17302 8765207 1 723
7763 17303 8765217 1 724
7759 17303 8765227 1 725
7756 17304 8765237 1 726
7752 17305 8765247 1 727
7746 17306 8765257 1 729
7744 17307 8765267 1 730
7743 17308 8765277 1 731
7743 17309 8765287 1 732
7744 17309 8765297 1 733
7745 17310 8765307 1 734
7748 17311 8765317 1 734
7751 17311 8765327 1 735
7754 17310 8765337 1 736
7757 17310 8765347 1 737
7763 17308 8765357 1 739
7764 17307 8765367 1 739
7765 17305 8765377 1 740
7764 17304 8765387 1 741
7763 17302 8765397 1 742
7761 17301 8765407 1 743
7758 17299 8765417 1 744
7755 17298 8765427 1 745
7753 17297 8765437 1 746
7751 17296 8765447 1 746
7749 17294 8765457 1 748
7750 17294 8765467 1 749
7751 17293 8765477 1 750
7753 17294 8765487 1 752
7755 17294 8765497 1 752
7757 17295 8765507 1 752
7758 17295 8765517 1 753
7758 17296 8765527 1 754
7756 17297 8765537 1 755
7754 17298 8765547 1 756
7745 17301 8765557 1 758
7739 17303 8765567 1 759
7734 17305 8765577 1 760
7730 17307 8765587 1 762
7727 17309 8765597 1 763
7725 17311 8765607 1 764
7726 17313 8765617 1 766
7729 17314 8765627 1 768
7734 17315 8765637 1 769
7740 17315 8765647 1 770
7756 17315 8765657 1 772
7765 17314 8765667 1 773
7773 17313 8765677 1 773
7781 17311 8765687 1 773
7789 17310 8765697 1 773
7796 17309 8765707 1 773
7801 17308 8765717 1 774
7805 17307 8765727 1 774
7808 17308 8765737 1 774
7809 17309 8765747 1 774
7807 17312 8765757 1 779
7804 17314 8765767 1 784
7800 17317 8765777 1 790
7795 17319 8765787 1 797
7790 17322 8765797 1 803
7785 17325 8765807 1 810
7780 17327 8765817 1 816
7775 17328 8765827 1 822
7771 17329 8765837 1 825
7767 17330 8765847 1 827
7761 17329 8765857 1 823
7759 17328 8765867 1 817
7758 17327 8765877 1 807
7757 17325 8765887 1 801
7756 17323 8765897 1 793
7756 17321 8765907 1 774
7755 17319 8765917 1 752
7755 17316 8765927 1 726
7755 17314 8765937 1 695
7755 17313 8765947 1 662
7758 17310 8765957 1 587
7759 17310 8765967 1 547
7761 17310 8765977 1 503
7763 17310 8765987 1 459
7766 17310 8765997 1 413
7768 17311 8766007 1 366
7770 17311 8766017 1 319
7772 17312 8766027 1 270
7774 17312 8766037 1 222
7776 17312 8766047 1 174
7779 17311 8766057 1 80
7780 17310 8766067 1 35
7781 17308 8766077 1 10
7782 17306 8766087 1 2
7783 17304 8766097 1 1
7783 17302 8766107 1 1
7784 17299 8766117 0 0
7784 17297 8766127 0 0
7784 17295 8766137 0 0
7784 17293 8766147 0 0
7782 17291 8766157 0 0
7781 17291 8766167 0 0
7779 17291 8766177 0 0
7778 17291 8766187 0 0
7776 17291 8766197 0 0
7775 17292 8766207 0 0
7773 17293 8766217 0 0
7772 17294 8766227 0 0
7771 17295 8766237 1 8
7770 17297 8766247 1 28
7769 17301 8766257 1 56
7769 17303 8766267 1 93
7770 17304 8766277 1 137
7770 17305 8766287 1 187
7771 17306 8766297 1 242
7773 17306 8766307 1 301
7774 17306 8766317 1 363
7776 17306 8766327 1 427
7777 17305 8766337 1 491
7779 17304 8766347 1 556
7780 17301 8766357 1 619
7781 17300 8766367 1 679
7780 17298 8766377 1 736
7780 17297 8766387 1 788
7779 17296 8766397 1 835
7778 17295 8766407 1 874
7778 17295 8766417 1 906
7778 17296 8766427 1 930
7778 17297 8766437 1 943
7779 17298 8766447 1 943
7782 17303 8766457 1 931
7784 17305 8766467 1 922
7786 17308 8766477 1 905
7788 17310 8766487 1 882
7789 17312 8766497 1 857
7789 17314 8766507 1 830
7789 17314 8766517 1 801
7788 17315 8766527 1 770
7787 17314 8766537 1 738
7786 17314 8766547 1 705
7786 17311 8766557 1 635
7786 17310 8766567 1 599
7787 17309 8766577 1 563
7787 17308 8766587 1 525
7787 17308 8766597 1 488
7784 17308 8766607 1 450
7780 17309 8766617 1 412
7772 17310 8766627 1 374
7762 17311 8766637 1 337
7750 17312 8766647 1 300
7720 17309 8766657 1 264
7705 17307 8766667 1 229
7691 17303 8766677 1 193
7678 17298 8766687 1 159
7667 17294 8766697 1 127
7659 17289 8766707 1 96
7653 17285 8766717 1 67
7649 17281 8766727 1 39
7648 17277 8766737 1 38
7649 17274 8766747 1 38
7656 17270 8766757 1 39
7662 17269 8766767 1 40
7669 17269 8766777 1 41
7676 17269 8766787 1 41
7684 17271 8766797 1 42
7691 17274 8766807 1 42
7698 17277 8766817 1 43
7705 17281 8766827 1 43
7712 17285 8766837 1 44
7719 17290 8766847 1 45
7734 17298 8766857 1 46
7742 17302 8766867 1 46
7751 17305 8766877 1 47
7760 17308 8766887 1 47
7769 17310 8766897 1 48
7777 17311 8766907 1 49
7785 17312 8766917 1 52
7791 17312 8766927 1 90
7796 17312 8766937 1 131
7799 17312 8766947 1 175
7799 17311 8766957 1 268
7796 17310 8766967 1 317
7791 17309 8766977 1 368
7784 17309 8766987 1 419
7777 17308 8766997 1 470
7768 17307 8767007 1 520
7760 17306 8767017 1 571
7752 17305 8767027 1 620
7744 17304 8767037 1 645
7738 17303 8767047 1 668
7729 17301 8767057 1 757
7727 17300 8767067 1 798
7727 17298 8767077 1 835
7728 17297 8767087 1 870
7732 17295 8767097 1 900
7737 17293 8767107 1 926
7743 17291 8767117 1 947
7749 17289 8767127 1 964
7756 17286 8767137 1 977
7762 17285 8767147 1 984
7770 17283 8767157 1 983
7773 17284 8767167 1 983
7774 17285 8767177 1 983
7775 17287 8767187 1 982
7775 17290 8767197 1 982
7774 17293 8767207 1 978
7775 17296 8767217 1 972
7776 17299 8767227 1 968
7778 17302 8767237 1 964
7780 17305 8767247 1 956
7788 17311 8767257 1 943
7792 17313 8767267 1 938
7795 17315 8767277 1 933
7798 17317 8767287 1 930
7799 17318 8767297 1 927
7799 17319 8767307 1 926
7797 17320 8767317 1 925
7793 17320 8767327 1 924
7787 17320 8767337 1 926
7780 17319 8767347 1 926
7761 17314 8767357 1 931
7750 17311 8767367 1 934
7738 17308 8767377 1 937
7725 17304 8767387 1 941
7712 17299 8767397 1 945
7699 17295 8767407 1 950
7687 17290 8767417 1 951
7676 17287 8767427 1 953
7667 17283 8767437 1 958
7661 17281 8767447 1 963
7656 17279 8767457 1 972
7656 17280 8767467 1 972
7657 17281 8767477 1 971
7658 17283 8767487 1 971
7660 17285 8767497 1 970
7663 17286 8767507 1 970
7665 17287 8767517 1 970
7667 17287 8767527 1 969
7668 17286 8767537 1 969
7668 17284 8767547 1 969
7667 17277 8767557 1 968
7665 17272 8767567 1 968
7664 17267 8767577 1 967
7662 17262 8767587 1 967
7661 17257 8767597 1 967
7660 17253 8767607 1 966
7659 17249 8767617 1 966
7659 17247 8767627 1 966
7659 17245 8767637 1 965
7659 17245 8767647 1 965
7661 17249 8767657 1 964
7663 17252 8767667 1 960
7664 17256 8767677 1 948
7666 17260 8767687 1 935
7668 17264 8767697 1 921
