8227 17694 2849576 1 785
8221 17673 2849586 1 789
8235 17662 2849596 1 761
8254 17660 2849606 1 690
8272 17659 2849616 1 642
8284 17655 2849626 1 614
8297 17656 2849636 1 603
8304 17657 2849646 1 600
8308 17660 2849656 1 604
8314 17664 2849666 1 612
8315 17664 2849676 1 623
8313 17659 2849686 1 632
8309 17652 2849696 1 635
8303 17649 2849706 1 628
8299 17653 2849716 1 605
8296 17656 2849726 1 592
8296 17662 2849736 1 570
8299 17675 2849746 1 523
8307 17688 2849756 1 466
8320 17703 2849766 1 402
8335 17720 2849776 1 335
8350 17740 2849786 1 265
8365 17760 2849796 1 197
8373 17771 2849806 1 163
8378 17777 2849816 1 141
8385 17784 2849826 1 138
8386 17783 2849836 1 135
8382 17775 2849846 1 132
8375 17765 2849856 1 128
8364 17753 2849866 1 125
8352 17742 2849876 1 122
8345 17735 2849886 1 119
8337 17729 2849896 1 116
8327 17721 2849906 1 113
8319 17715 2849916 1 110
8315 17712 2849926 1 106
8314 17711 2849936 1 103
8315 17712 2849946 1 100
8320 17715 2849956 1 106
8325 17719 2849966 1 141
8330 17723 2849976 1 174
8338 17727 2849986 1 250
8345 17730 2849996 1 328
8352 17730 2850006 1 407
8358 17730 2850016 1 482
8362 17729 2850026 1 549
8366 17730 2850036 1 608
8365 17730 2850046 1 636
8363 17729 2850056 1 654
8364 17728 2850066 1 684
8365 17726 2850076 1 695
8364 17723 2850086 1 695
8362 17721 2850096 1 691
8358 17721 2850106 1 689
8353 17723 2850116 1 692
8350 17725 2850126 1 688
8346 17725 2850136 1 672
8338 17722 2850146 1 645
8329 17718 2850156 1 644
8321 17715 2850166 1 698
8313 17714 2850176 1 818
8306 17715 2850186 1 927
8300 17714 2850196 1 922
8299 17712 2850206 1 979
8298 17709 2850216 1 705
8298 17706 2850226 1 12
8298 17704 2850236 1 9
8300 17704 2850246 1 6
8303 17705 2850256 0 0
8306 17706 2850266 0 0
8310 17706 2850276 0 0
8312 17707 2850286 0 0
8313 17709 2850296 0 0
8314 17709 2850306 0 0
8315 17711 2850316 0 0
8316 17713 2850326 0 0
8317 17715 2850336 0 0
8318 17717 2850346 0 0
8319 17718 2850356 0 0
8320 17719 2850366 0 0
8322 17719 2850376 1 9
8326 17720 2850386 1 30
8329 17720 2850396 1 61
8332 17719 2850406 1 100
8335 17718 2850416 1 147
8336 17718 2850426 1 200
8337 17719 2850436 1 258
8338 17720 2850446 1 319
8338 17720 2850456 1 383
8337 17719 2850466 1 447
8335 17716 2850476 1 512
8334 17713 2850486 1 575
8332 17712 2850496 1 635
8330 17703 2850506 1 690
8330 17695 2850516 1 741
8331 17691 2850526 1 785
8333 17687 2850536 1 820
8334 17677 2850546 1 847
8330 17668 2850556 1 863
8322 17658 2850566 1 868
8310 17648 2850576 1 859
8296 17637 2850586 1 834
8279 17629 2850596 1 797
8269 17625 2850606 1 776
8259 17622 2850616 1 755
8242 17618 2850626 1 713
8227 17617 2850636 1 670
8214 17619 2850646 1 626
8207 17622 2850656 1 582
8204 17629 2850666 1 539
8206 17637 2850676 1 499
8209 17641 2850686 1 479
8213 17647 2850696 1 461
8217 17659 2850706 1 428
8220 17671 2850716 1 399
8223 17684 2850726 1 374
8225 17697 2850736 1 355
8226 17710 2850746 1 342
8228 17722 2850756 1 337
8225 17727 2850766 1 336
8223 17732 2850776 1 340
8231 17742 2850786 1 351
8244 17751 2850796 1 370
8260 17759 2850806 1 399
8280 17766 2850816 1 437
8302 17772 2850826 1 486
8326 17777 2850836 1 547
8349 17781 2850846 1 618
8370 17783 2850856 1 703
8388 17784 2850866 1 799
8402 17781 2850876 1 813
8410 17775 2850886 1 809
8413 17766 2850896 1 806
8411 17751 2850906 1 803
8405 17732 2850916 1 799
8395 17714 2850926 1 796
8382 17689 2850936 1 792
8367 17658 2850946 1 789
8349 17621 2850956 1 785
