7757 17589 8142909 1 861
7751 17562 8142919 1 864
7768 17549 8142929 1 827
7790 17547 8142939 1 738
7811 17545 8142949 1 678
7826 17541 8142959 1 643
7841 17542 8142969 1 628
7848 17544 8142979 1 624
7858 17551 8142989 1 637
7859 17550 8142999 1 649
7856 17543 8143009 1 660
7850 17535 8143019 1 662
7844 17531 8143029 1 653
7839 17536 8143039 1 626
7837 17541 8143049 1 610
7839 17550 8143059 1 584
7854 17585 8143069 1 463
7868 17603 8143079 1 389
7886 17624 8143089 1 312
7903 17645 8143099 1 233
7919 17665 8143109 1 156
7928 17672 8143119 1 120
7933 17674 8143129 1 96
7941 17676 8143139 1 94
7940 17659 8143149 1 89
7934 17648 8143159 1 87
7926 17639 8143169 1 85
7916 17632 8143179 1 83
7911 17632 8143189 1 81
7905 17633 8143199 1 79
7894 17629 8143209 1 77
7884 17626 8143219 1 74
7869 17620 8143229 1 70
7863 17617 8143239 1 68
7860 17614 8143249 1 75
7858 17612 8143259 1 114
7857 17611 8143269 1 151
7861 17613 8143279 1 233
7867 17614 8143289 1 317
7875 17615 8143299 1 402
7897 17616 8143309 1 553
7908 17618 8143319 1 614
7914 17617 8143329 1 644
7920 17614 8143339 1 663
7927 17612 8143349 1 693
7932 17607 8143359 1 705
7934 17603 8143369 1 704
7932 17601 8143379 1 699
7921 17608 8143389 1 699
7916 17613 8143399 1 694
7910 17617 8143409 1 677
7899 17619 8143419 1 650
7888 17617 8143429 1 647
7878 17616 8143439 1 703
7868 17616 8143449 1 825
7860 17617 8143459 1 934
7851 17613 8143469 1 985
7849 17610 8143479 1 708
7847 17607 8143489 1 8
7846 17605 8143499 1 6
7847 17605 8143509 1 4
7848 17607 8143519 0 0
7850 17609 8143529 0 0
7854 17611 8143539 0 0
7859 17616 8143549 0 0
7862 17617 8143559 0 0
7866 17618 8143569 0 0
7869 17620 8143579 0 0
7871 17621 8143589 0 0
7872 17621 8143599 0 0
7871 17621 8143609 0 0
7868 17621 8143619 0 0
7864 17621 8143629 0 0
7862 17623 8143639 1 10
7860 17623 8143649 1 34
7860 17624 8143659 1 68
7861 17626 8143669 1 111
7863 17628 8143679 1 163
7866 17629 8143689 1 221
7870 17629 8143699 1 283
7875 17621 8143709 1 348
7874 17614 8143719 1 416
7871 17608 8143729 1 483
7867 17595 8143739 1 548
7861 17582 8143749 1 611
7857 17574 8143759 1 669
7852 17567 8143769 1 721
7848 17557 8143779 1 765
7831 17539 8143789 1 800
7820 17532 8143799 1 824
7809 17524 8143809 1 835
7797 17518 8143819 1 833
7794 17517 8143829 1 815
7790 17515 8143839 1 780
7778 17511 8143849 1 734
7765 17509 8143859 1 688
7739 17510 8143869 1 592
7730 17514 8143879 1 545
7722 17521 8143889 1 501
7716 17525 8143899 1 479
7710 17530 8143909 1 458
7706 17542 8143919 1 421
7705 17555 8143929 1 387
7707 17569 8143939 1 358
7725 17598 8143949 1 322
7739 17613 8143959 1 315
7748 17621 8143969 1 313
7758 17630 8143979 1 317
7778 17647 8143989 1 328
7798 17665 8143999 1 350
7818 17683 8144009 1 384
7837 17700 8144019 1 428
7873 17726 8144029 1 558
7890 17734 8144039 1 643
7906 17735 8144049 1 745
7920 17731 8144059 1 861
7934 17721 8144069 1 880
7945 17705 8144079 1 878
7953 17685 8144089 1 875
7957 17660 8144099 1 873
7953 17606 8144109 1 868
7942 17576 8144119 1 866
7926 17540 8144129 1 864
7904 17498 8144139 1 861
