7798 17629 5868409 1 654
7798 17629 5868419 1 654
7799 17629 5868429 1 655
7799 17629 5868439 1 656
7799 17629 5868449 1 657
7799 17629 5868459 1 657
7799 17629 5868469 1 658
7798 17628 5868479 1 659
7797 17627 5868489 1 661
7795 17623 5868499 1 661
7792 17616 5868509 1 662
7785 17605 5868519 1 663
7775 17594 5868529 1 664
7765 17585 5868539 1 665
7755 17580 5868549 1 665
7748 17579 5868559 1 666
7742 17580 5868569 1 667
7737 17583 5868579 1 668
7733 17585 5868589 1 668
7728 17587 5868599 1 669
7722 17587 5868609 1 669
7715 17585 5868619 1 670
7708 17583 5868629 1 671
7705 17582 5868639 1 671
7702 17581 5868649 1 672
7697 17581 5868659 1 673
7694 17581 5868669 1 674
7692 17582 5868679 1 674
7690 17584 5868689 1 675
7688 17586 5868699 1 676
7686 17588 5868709 1 677
7686 17588 5868719 1 678
7687 17585 5868729 1 679
7691 17578 5868739 1 679
7697 17569 5868749 1 679
7708 17557 5868759 1 680
7724 17543 5868769 1 680
7744 17529 5868779 1 681
7770 17517 5868789 1 682
7801 17507 5868799 1 683
7833 17503 5868809 1 684
7866 17504 5868819 1 685
7898 17511 5868829 1 685
7926 17522 5868839 1 686
7950 17539 5868849 1 687
7970 17559 5868859 1 688
7979 17569 5868869 1 689
7984 17579 5868879 1 690
7992 17599 5868889 1 691
7996 17618 5868899 1 692
7993 17635 5868909 1 692
7985 17652 5868919 1 692
7972 17667 5868929 1 693
7954 17679 5868939 1 694
7935 17687 5868949 1 695
7917 17691 5868959 1 696
7900 17692 5868969 1 697
7885 17689 5868979 1 698
7875 17682 5868989 1 699
7867 17673 5868999 1 699
7864 17661 5869009 1 700
7865 17648 5869019 1 701
7869 17635 5869029 1 702
7875 17622 5869039 1 702
7882 17610 5869049 1 703
7890 17600 5869059 1 704
7898 17593 5869069 1 704
7905 17589 5869079 1 705
7910 17587 5869089 1 706
7913 17587 5869099 1 706
7915 17587 5869109 1 707
7917 17590 5869119 1 707
7918 17593 5869129 1 708
7916 17597 5869139 1 709
7911 17602 5869149 1 711
7904 17607 5869159 1 712
7897 17612 5869169 1 713
7891 17615 5869179 1 714
7884 17617 5869189 1 715
7879 17619 5869199 1 716
7875 17619 5869209 1 717
7872 17620 5869219 1 718
7870 17621 5869229 1 719
7870 17624 5869239 1 719
7871 17627 5869249 1 720
7872 17630 5869259 1 722
7874 17634 5869269 1 723
7876 17638 5869279 1 724
7879 17641 5869289 1 725
7882 17645 5869299 1 726
7886 17648 5869309 1 727
7890 17651 5869319 1 728
7892 17653 5869329 1 729
7894 17654 5869339 1 729
7898 17655 5869349 1 730
7902 17656 5869359 1 730
7905 17657 5869369 1 731
7908 17656 5869379 1 732
7909 17653 5869389 1 732
7910 17649 5869399 1 732
7909 17644 5869409 1 733
7906 17636 5869419 1 733
7903 17627 5869429 1 733
7899 17616 5869439 1 733
7893 17604 5869449 1 734
7888 17592 5869459 1 735
7882 17581 5869469 1 735
7877 17570 5869479 1 735
7872 17562 5869489 1 736
7867 17556 5869499 1 736
7863 17553 5869509 1 737
7859 17552 5869519 1 738
7856 17554 5869529 1 739
7855 17558 5869539 1 741
7855 17564 5869549 1 741
7855 17567 5869559 1 741
7856 17572 5869569 1 742
7860 17580 5869579 1 744
7865 17590 5869589 1 747
7871 17599 5869599 1 750
7877 17608 5869609 1 753
7883 17616 5869619 1 756
7889 17622 5869629 1 760
7894 17626 5869639 1 763
7898 17628 5869649 1 766
7902 17629 5869659 1 769
7905 17629 5869669 1 771
7906 17630 5869679 1 773
7906 17631 5869689 1 773
7903 17632 5869699 1 773
7899 17633 5869709 1 772
7893 17633 5869719 1 771
7887 17633 5869729 1 767
7881 17633 5869739 1 764
7876 17632 5869749 1 757
7872 17631 5869759 1 750
7868 17629 5869769 1 744
7866 17627 5869779 1 740
7865 17625 5869789 1 739
7865 17623 5869799 1 739
7866 17619 5869809 1 740
7868 17614 5869819 1 744
7872 17608 5869829 1 754
7877 17602 5869839 1 772
7882 17596 5869849 1 797
7887 17590 5869859 1 824
7892 17585 5869869 1 847
7895 17581 5869879 1 858
7897 17578 5869889 1 861
7898 17577 5869899 1 857
7898 17577 5869909 1 832
7897 17579 5869919 1 779
7896 17583 5869929 1 692
7896 17587 5869939 1 583
7896 17592 5869949 1 460
7897 17598 5869959 1 334
7899 17603 5869969 1 216
7904 17609 5869979 1 116
7910 17614 5869989 1 11
7918 17618 5869999 1 12
7927 17621 5870009 1 13
7932 17622 5870019 1 12
7938 17623 5870029 1 14
7948 17622 5870039 1 15
7958 17619 5870049 1 16
7966 17615 5870059 1 16
7973 17609 5870069 1 17
7978 17603 5870079 1 18
7980 17597 5870089 1 19
7981 17591 5870099 1 20
7980 17585 5870109 1 21
7977 17581 5870119 1 21
7973 17579 5870129 1 28
7967 17579 5870139 1 34
7960 17582 5870149 1 44
7952 17587 5870159 1 67
7943 17594 5870169 1 97
7935 17603 5870179 1 131
7928 17612 5870189 1 171
7923 17621 5870199 1 192
7921 17630 5870209 1 215
7922 17637 5870219 1 261
7926 17643 5870229 1 311
7931 17646 5870239 1 361
7934 17648 5870249 1 386
7938 17648 5870259 1 412
7945 17648 5870269 1 462
7951 17647 5870279 1 513
7956 17645 5870289 1 561
7959 17642 5870299 1 607
7961 17639 5870309 1 649
7961 17636 5870319 1 688
7959 17632 5870329 1 722
7955 17628 5870339 1 749
7950 17625 5870349 1 772
7944 17621 5870359 1 781
7938 17617 5870369 1 785
7932 17614 5870379 1 794
7927 17612 5870389 1 801
7923 17610 5870399 1 808
7921 17608 5870409 1 814
7920 17607 5870419 1 818
7922 17607 5870429 1 821
7926 17608 5870439 1 823
7932 17609 5870449 1 824
7939 17611 5870459 1 823
7947 17614 5870469 1 823
7951 17616 5870479 1 823
7955 17618 5870489 1 822
7962 17624 5870499 1 822
7968 17630 5870509 1 822
7972 17637 5870519 1 821
7975 17644 5870529 1 820
7976 17652 5870539 1 820
7976 17659 5870549 1 820
7974 17666 5870559 1 820
7972 17672 5870569 1 821
7968 17677 5870579 1 821
7963 17681 5870589 1 821
7956 17683 5870599 1 822
7950 17684 5870609 1 824
7943 17682 5870619 1 824
7936 17679 5870629 1 825
7931 17674 5870639 1 827
7927 17667 5870649 1 828
7925 17658 5870659 1 829
7925 17648 5870669 1 831
7925 17638 5870679 1 831
7927 17628 5870689 1 831
7929 17619 5870699 1 833
7930 17616 5870709 1 833
7932 17613 5870719 1 834
7936 17609 5870729 1 835
7940 17607 5870739 1 836
7943 17607 5870749 1 837
7947 17609 5870759 1 837
7950 17612 5870769 1 839
7952 17617 5870779 1 840
7955 17621 5870789 1 840
7957 17626 5870799 1 841
7960 17629 5870809 1 842
7963 17632 5870819 1 842
7967 17633 5870829 1 843
7972 17633 5870839 1 843
7978 17631 5870849 1 843
7985 17627 5870859 1 843
7992 17622 5870869 1 844
7999 17617 5870879 1 845
8006 17610 5870889 1 845
8012 17604 5870899 1 846
8017 17597 5870909 1 847
8021 17590 5870919 1 847
8023 17584 5870929 1 848
8024 17581 5870939 1 848
8024 17579 5870949 1 848
8022 17573 5870959 1 848
8017 17569 5870969 1 849
8009 17565 5870979 1 850
7999 17563 5870989 1 850
7987 17561 5870999 1 851
7974 17561 5871009 1 851
7962 17561 5871019 1 851
7950 17562 5871029 1 851
7941 17563 5871039 1 852
7934 17565 5871049 1 852
7932 17567 5871059 1 853
7933 17570 5871069 1 854
7938 17572 5871079 1 854
7946 17575 5871089 1 855
7956 17578 5871099 1 856
7969 17581 5871109 1 856
7982 17584 5871119 1 857
7997 17587 5871129 1 857
8011 17589 5871139 1 858
8024 17590 5871149 1 859
8037 17589 5871159 1 859
8048 17586 5871169 1 860
8057 17581 5871179 1 860
8065 17575 5871189 1 861
8070 17567 5871199 1 862
8072 17557 5871209 1 862
8072 17548 5871219 1 863
8070 17538 5871229 1 863
8067 17529 5871239 1 864
8061 17521 5871249 1 865
8055 17515 5871259 1 865
8047 17511 5871269 1 866
