8161 17501 6041014 1 637
8161 17501 6041024 1 638
8161 17501 6041034 1 639
8161 17501 6041044 1 641
8161 17501 6041054 1 642
8161 17501 6041064 1 643
8162 17501 6041074 1 644
8162 17501 6041084 1 646
8162 17500 6041094 1 647
8162 17500 6041104 1 648
8161 17497 6041114 1 649
8160 17490 6041124 1 650
8156 17480 6041134 1 652
8150 17470 6041144 1 653
8144 17462 6041154 1 654
8139 17458 6041164 1 655
8137 17457 6041174 1 656
8137 17458 6041184 1 657
8136 17459 6041194 1 658
8136 17461 6041204 1 659
8136 17463 6041214 1 659
8135 17464 6041224 1 660
8132 17462 6041234 1 661
8127 17458 6041244 1 663
8124 17456 6041254 1 663
8120 17454 6041264 1 664
8113 17449 6041274 1 665
8106 17445 6041284 1 666
8100 17442 6041294 1 667
8094 17439 6041304 1 668
8088 17436 6041314 1 670
8082 17434 6041324 1 671
8080 17432 6041334 1 671
8078 17430 6041344 1 672
8074 17424 6041354 1 673
8074 17417 6041364 1 674
8076 17406 6041374 1 675
8081 17393 6041384 1 675
8090 17379 6041394 1 676
8104 17364 6041404 1 677
8112 17357 6041414 1 677
8122 17350 6041424 1 678
8145 17339 6041434 1 679
8172 17332 6041444 1 680
8200 17331 6041454 1 681
8229 17335 6041464 1 682
8255 17344 6041474 1 683
8279 17358 6041484 1 685
8291 17366 6041494 1 685
8301 17376 6041504 1 686
8318 17396 6041514 1 687
8330 17417 6041524 1 689
8338 17435 6041534 1 690
8343 17451 6041544 1 691
8342 17466 6041554 1 691
8336 17480 6041564 1 693
8332 17488 6041574 1 693
8326 17494 6041584 1 694
8311 17506 6041594 1 695
8295 17517 6041604 1 696
8279 17525 6041614 1 697
8264 17532 6041624 1 698
8251 17537 6041634 1 699
8240 17540 6041644 1 700
8235 17541 6041654 1 700
8232 17541 6041664 1 700
8227 17539 6041674 1 701
8225 17536 6041684 1 702
8226 17531 6041694 1 704
8230 17524 6041704 1 705
8235 17516 6041714 1 706
8242 17508 6041724 1 707
8246 17504 6041734 1 707
8250 17500 6041744 1 707
8257 17493 6041754 1 708
8264 17487 6041764 1 709
8270 17482 6041774 1 709
8276 17480 6041784 1 710
8280 17479 6041794 1 711
8281 17480 6041804 1 712
8281 17481 6041814 1 713
8280 17483 6041824 1 714
8278 17489 6041834 1 715
8275 17495 6041844 1 716
8272 17502 6041854 1 717
8270 17509 6041864 1 719
8267 17515 6041874 1 720
8265 17519 6041884 1 722
8264 17522 6041894 1 722
8263 17523 6041904 1 723
8261 17527 6041914 1 724
8258 17529 6041924 1 724
8255 17531 6041934 1 725
8251 17531 6041944 1 727
8246 17531 6041954 1 728
8240 17529 6041964 1 729
8237 17528 6041974 1 729
8234 17527 6041984 1 730
8228 17525 6041994 1 731
8222 17524 6042004 1 732
8217 17522 6042014 1 733
8213 17522 6042024 1 734
8212 17523 6042034 1 735
8211 17524 6042044 1 735
8212 17525 6042054 1 735
8213 17526 6042064 1 736
8217 17529 6042074 1 737
8221 17531 6042084 1 737
8227 17532 6042094 1 737
8234 17532 6042104 1 738
8240 17530 6042114 1 738
8246 17527 6042124 1 738
8249 17524 6042134 1 738
8251 17521 6042144 1 738
8254 17514 6042154 1 738
8256 17505 6042164 1 739
8255 17496 6042174 1 739
8253 17487 6042184 1 739
8250 17479 6042194 1 740
8245 17471 6042204 1 739
8242 17467 6042214 1 740
8239 17464 6042224 1 740
8233 17459 6042234 1 741
8228 17454 6042244 1 742
8223 17451 6042254 1 744
8220 17448 6042264 1 744
8219 17446 6042274 1 745
8221 17445 6042284 1 747
8222 17444 6042294 1 749
8224 17444 6042304 1 750
8230 17445 6042314 1 753
8236 17446 6042324 1 756
8242 17447 6042334 1 759
8248 17448 6042344 1 763
8253 17449 6042354 1 766
8258 17450 6042364 1 769
8260 17450 6042374 1 771
8262 17451 6042384 1 772
8265 17453 6042394 1 774
8266 17455 6042404 1 776
8266 17458 6042414 1 776
8263 17461 6042424 1 776
8259 17464 6042434 1 775
8254 17466 6042444 1 774
8251 17467 6042454 1 772
8249 17468 6042464 1 770
8244 17469 6042474 1 765
8240 17470 6042484 1 758
8237 17471 6042494 1 751
8235 17473 6042504 1 745
8234 17475 6042514 1 741
8234 17476 6042524 1 740
8234 17477 6042534 1 739
8235 17477 6042544 1 741
8238 17477 6042554 1 745
8243 17476 6042564 1 755
8249 17474 6042574 1 773
8257 17470 6042584 1 797
8265 17466 6042594 1 825
8275 17461 6042604 1 848
8280 17458 6042614 1 857
8284 17455 6042624 1 859
8293 17449 6042634 1 862
8301 17444 6042644 1 860
8307 17439 6042654 1 835
8312 17436 6042664 1 780
8314 17434 6042674 1 693
8315 17433 6042684 1 580
8315 17433 6042694 1 520
8314 17434 6042704 1 454
8311 17435 6042714 1 324
8306 17438 6042724 1 201
8301 17441 6042734 1 96
8296 17444 6042744 0 0
8292 17447 6042754 0 0
8289 17449 6042764 0 0
8287 17450 6042774 0 0
8287 17451 6042784 0 0
8287 17451 6042794 0 0
8289 17450 6042804 0 0
8291 17448 6042814 0 0
8295 17447 6042824 0 0
8299 17446 6042834 0 0
8303 17446 6042844 0 0
8305 17446 6042854 0 0
8307 17447 6042864 0 0
8311 17450 6042874 0 0
8314 17454 6042884 0 0
8317 17460 6042894 0 0
8318 17468 6042904 0 0
8317 17477 6042914 0 0
8315 17487 6042924 1 18
8313 17493 6042934 1 32
8311 17498 6042944 1 48
8307 17509 6042954 1 84
8302 17519 6042964 1 126
8297 17528 6042974 1 147
8294 17534 6042984 1 171
8293 17538 6042994 1 220
8293 17540 6043004 1 273
8293 17540 6043014 1 299
8295 17539 6043024 1 327
8297 17536 6043034 1 382
8301 17532 6043044 1 438
8305 17527 6043054 1 493
8308 17522 6043064 1 546
8312 17515 6043074 1 597
8316 17509 6043084 1 644
8318 17505 6043094 1 667
8320 17501 6043104 1 687
8324 17494 6043114 1 725
8328 17486 6043124 1 756
8332 17477 6043134 1 782
8335 17469 6043144 1 793
8338 17460 6043154 1 798
8340 17452 6043164 1 808
8341 17449 6043174 1 812
8341 17445 6043184 1 816
8342 17439 6043194 1 825
8341 17435 6043204 1 832
8341 17432 6043214 1 836
8339 17431 6043224 1 841
8337 17432 6043234 1 843
8334 17436 6043244 1 844
8333 17438 6043254 1 845
8332 17441 6043264 1 844
8329 17449 6043274 1 845
8326 17457 6043284 1 844
8323 17467 6043294 1 844
8320 17477 6043304 1 844
8317 17487 6043314 1 843
8314 17496 6043324 1 843
8312 17501 6043334 1 844
8311 17505 6043344 1 844
8308 17513 6043354 1 844
8306 17521 6043364 1 844
8303 17527 6043374 1 845
8302 17533 6043384 1 845
8301 17539 6043394 1 847
8300 17545 6043404 1 848
8300 17548 6043414 1 849
8301 17550 6043424 1 850
8303 17555 6043434 1 852
8306 17559 6043444 1 853
8312 17561 6043454 1 855
8319 17561 6043464 1 857
8327 17559 6043474 1 859
8335 17554 6043484 1 861
8339 17551 6043494 1 862
8342 17547 6043504 1 862
8349 17538 6043514 1 863
8353 17529 6043524 1 865
8356 17519 6043534 1 867
8357 17509 6043544 1 869
8356 17499 6043554 1 870
8353 17491 6043564 1 872
8351 17487 6043574 1 872
8349 17484 6043584 1 873
8343 17479 6043594 1 876
8336 17476 6043604 1 877
8330 17476 6043614 1 878
8325 17478 6043624 1 880
8321 17483 6043634 1 881
8319 17489 6043644 1 882
8318 17492 6043654 1 883
8319 17496 6043664 1 883
8321 17503 6043674 1 884
8326 17510 6043684 1 885
8332 17516 6043694 1 885
8340 17521 6043704 1 887
8347 17525 6043714 1 888
8355 17526 6043724 1 889
8358 17526 6043734 1 890
8361 17526 6043744 1 891
8366 17523 6043754 1 892
8369 17519 6043764 1 894
8372 17513 6043774 1 895
8373 17506 6043784 1 895
8372 17498 6043794 1 896
8370 17489 6043804 1 898
8366 17481 6043814 1 899
8362 17474 6043824 1 901
8357 17469 6043834 1 902
8353 17465 6043844 1 902
8350 17463 6043854 1 904
8348 17462 6043864 1 904
8347 17463 6043874 1 905
8348 17465 6043884 1 907
8351 17467 6043894 1 908
8354 17468 6043904 1 909
8359 17469 6043914 1 911
8364 17468 6043924 1 912
8368 17465 6043934 1 914
8373 17461 6043944 1 915
8376 17455 6043954 1 917
8379 17448 6043964 1 918
8382 17441 6043974 1 919
8385 17434 6043984 1 921
8388 17427 6043994 1 922
8392 17422 6044004 1 924
8396 17420 6044014 1 925
8400 17419 6044024 1 926
8405 17421 6044034 1 928
8410 17426 6044044 1 929
8415 17432 6044054 1 931
8419 17439 6044064 1 932
8421 17446 6044074 1 934
8422 17454 6044084 1 935
8422 17460 6044094 1 937
8419 17465 6044104 1 938
