7764 18524 4398072 1 605
7764 18524 4398082 1 605
7764 18524 4398092 1 607
7764 18524 4398102 1 608
7763 18525 4398112 1 610
7762 18525 4398122 1 610
7761 18525 4398132 1 613
7761 18525 4398142 1 613
7761 18525 4398152 1 614
7761 18525 4398162 1 616
7761 18525 4398172 1 617
7761 18524 4398182 1 617
7761 18523 4398192 1 620
7762 18522 4398202 1 621
7763 18522 4398212 1 621
7764 18521 4398222 1 623
7764 18521 4398232 1 623
7765 18521 4398242 1 624
7766 18520 4398252 1 626
7767 18519 4398262 1 627
7768 18518 4398272 1 629
7769 18518 4398282 1 630
7769 18517 4398292 1 631
7770 18516 4398302 1 633
7770 18516 4398312 1 633
7770 18515 4398322 1 636
7770 18514 4398332 1 637
7770 18513 4398342 1 637
7769 18512 4398352 1 637
7769 18511 4398362 1 639
7769 18510 4398372 1 640
7768 18510 4398382 1 641
7768 18509 4398392 1 643
7767 18508 4398402 1 644
7767 18508 4398412 1 646
7766 18507 4398422 1 647
7767 18507 4398432 1 648
7767 18507 4398442 1 650
7768 18506 4398452 1 651
7768 18506 4398462 1 653
7769 18506 4398472 1 654
7770 18505 4398482 1 655
7770 18505 4398492 1 656
7770 18505 4398502 1 656
7770 18505 4398512 1 657
7770 18504 4398522 1 660
7770 18504 4398532 1 661
7769 18504 4398542 1 663
7769 18503 4398552 1 663
7768 18503 4398562 1 664
7768 18502 4398572 1 665
7767 18501 4398582 1 668
7767 18501 4398592 1 669
7767 18500 4398602 1 670
7767 18500 4398612 1 671
7767 18500 4398622 1 672
7767 18500 4398632 1 672
7767 18500 4398642 1 674
7766 18500 4398652 1 677
7765 18500 4398662 1 678
7764 18501 4398672 1 678
7762 18501 4398682 1 679
7760 18502 4398692 1 681
7758 18503 4398702 1 682
7755 18504 4398712 1 685
7752 18505 4398722 1 686
7747 18507 4398732 1 688
7743 18508 4398742 1 689
7740 18509 4398752 1 689
7737 18510 4398762 1 690
7734 18511 4398772 1 693
7731 18512 4398782 1 694
7729 18513 4398792 1 696
7727 18515 4398802 1 696
7725 18516 4398812 1 697
7724 18517 4398822 1 699
7723 18519 4398832 1 701
7722 18520 4398842 1 703
7722 18522 4398852 1 704
7723 18523 4398862 1 705
7724 18525 4398872 1 705
7725 18527 4398882 1 707
7727 18528 4398892 1 708
7728 18530 4398902 1 710
7730 18532 4398912 1 711
7732 18534 4398922 1 712
7733 18536 4398932 1 714
7735 18538 4398942 1 715
7736 18539 4398952 1 716
7737 18541 4398962 1 718
7739 18543 4398972 1 719
7741 18545 4398982 1 720
7743 18546 4398992 1 722
7745 18548 4399002 1 723
7748 18550 4399012 1 724
7750 18551 4399022 1 727
7753 18553 4399032 1 728
7755 18554 4399042 1 728
7757 18556 4399052 1 729
7759 18558 4399062 1 730
7761 18559 4399072 1 731
7763 18561 4399082 1 733
7766 18562 4399092 1 735
7768 18564 4399102 1 737
7771 18565 4399112 1 738
7774 18567 4399122 1 739
7777 18568 4399132 1 741
7780 18570 4399142 1 741
7783 18572 4399152 1 743
7787 18573 4399162 1 745
7789 18575 4399172 1 745
7792 18576 4399182 1 746
7794 18577 4399192 1 747
7796 18579 4399202 1 749
7798 18580 4399212 1 750
7800 18581 4399222 1 753
7802 18582 4399232 1 753
7804 18582 4399242 1 754
7806 18583 4399252 1 755
7807 18583 4399262 1 757
7808 18584 4399272 1 758
7809 18584 4399282 1 760
7809 18584 4399292 1 762
7810 18584 4399302 1 763
7810 18585 4399312 1 764
7811 18584 4399322 1 765
7811 18584 4399332 1 765
7812 18584 4399342 1 766
7813 18584 4399352 1 768
7815 18583 4399362 1 770
7816 18582 4399372 1 771
7817 18582 4399382 1 772
7820 18580 4399392 1 775
7821 18579 4399402 1 778
7823 18578 4399412 1 778
7824 18578 4399422 1 779
7826 18577 4399432 1 780
7827 18576 4399442 1 781
7829 18575 4399452 1 782
7830 18574 4399462 1 783
7832 18573 4399472 1 785
7833 18572 4399482 1 787
7835 18571 4399492 1 788
7836 18570 4399502 1 789
7838 18569 4399512 1 791
7840 18568 4399522 1 791
7843 18567 4399532 1 793
7846 18566 4399542 1 795
7848 18565 4399552 1 796
7851 18563 4399562 1 797
7853 18562 4399572 1 798
7855 18561 4399582 1 799
7857 18559 4399592 1 800
7859 18558 4399602 1 802
7860 18557 4399612 1 804
7860 18555 4399622 1 805
7860 18554 4399632 1 806
7859 18552 4399642 1 808
7859 18551 4399652 1 809
7858 18550 4399662 1 811
7858 18548 4399672 1 811
7857 18547 4399682 1 813
7856 18546 4399692 1 814
7855 18544 4399702 1 815
7855 18543 4399712 1 817
7855 18542 4399722 1 818
7854 18540 4399732 1 819
7855 18539 4399742 1 820
7855 18537 4399752 1 822
7856 18536 4399762 1 823
7856 18535 4399772 1 824
7857 18533 4399782 1 825
7858 18532 4399792 1 828
7859 18531 4399802 1 829
7860 18530 4399812 1 831
7861 18529 4399822 1 832
7862 18528 4399832 1 833
7864 18527 4399842 1 834
7865 18526 4399852 1 837
7865 18525 4399862 1 838
7866 18524 4399872 1 838
7866 18523 4399882 1 839
7867 18522 4399892 1 841
7867 18521 4399902 1 842
7866 18520 4399912 1 842
7866 18519 4399922 1 844
7865 18518 4399932 1 846
7865 18517 4399942 1 847
7864 18517 4399952 1 848
7862 18516 4399962 1 849
7861 18516 4399972 1 851
7859 18515 4399982 1 853
7858 18515 4399992 1 854
7855 18514 4400002 1 855
7853 18514 4400012 1 856
7851 18513 4400022 1 857
7848 18513 4400032 1 858
7846 18512 4400042 1 860
7842 18512 4400052 1 862
7840 18511 4400062 1 863
7838 18511 4400072 1 865
7837 18511 4400082 1 866
7835 18511 4400092 1 867
7834 18510 4400102 1 869
7832 18510 4400112 1 871
7831 18510 4400122 1 872
7829 18510 4400132 1 872
7828 18511 4400142 1 872
7827 18511 4400152 1 873
7825 18511 4400162 1 874
7824 18511 4400172 1 877
7823 18510 4400182 1 878
7822 18510 4400192 1 879
7821 18510 4400202 1 881
7820 18510 4400212 1 881
7820 18509 4400222 1 882
7820 18509 4400232 1 884
7821 18509 4400242 1 886
7822 18508 4400252 1 887
7823 18508 4400262 1 887
7824 18508 4400272 1 887
7825 18507 4400282 1 888
7827 18507 4400292 1 889
7828 18507 4400302 1 892
7829 18507 4400312 1 892
7830 18507 4400322 1 893
7831 18507 4400332 1 894
7832 18507 4400342 1 895
7834 18507 4400352 1 897
7835 18507 4400362 1 899
7836 18507 4400372 1 900
7837 18507 4400382 1 847
7838 18507 4400392 1 729
7839 18508 4400402 1 555
7840 18508 4400412 1 515
7840 18509 4400422 1 328
7841 18509 4400432 0 0
7840 18510 4400442 0 0
7840 18510 4400452 0 0
7840 18510 4400462 0 0
7839 18511 4400472 0 0
7838 18511 4400482 0 0
7838 18511 4400492 0 0
7836 18511 4400502 0 0
7835 18511 4400512 0 0
7834 18511 4400522 0 0
7833 18511 4400532 0 0
7833 18511 4400542 0 0
7832 18511 4400552 0 0
7832 18510 4400562 0 0
7831 18510 4400572 0 0
7831 18510 4400582 0 0
7831 18509 4400592 0 0
7830 18509 4400602 0 0
7830 18508 4400612 0 0
7830 18508 4400622 0 0
7829 18508 4400632 0 0
7829 18507 4400642 0 0
7829 18507 4400652 0 0
7829 18507 4400662 0 0
7828 18506 4400672 0 0
7828 18506 4400682 0 0
7827 18506 4400692 0 0
7827 18505 4400702 0 0
7827 18505 4400712 1 941
7827 18505 4400722 1 1024
7827 18505 4400732 1 944
7827 18505 4400742 1 884
7827 18505 4400752 1 947
7828 18505 4400762 1 948
7828 18505 4400772 1 934
7828 18505 4400782 1 920
7828 18504 4400792 1 907
7829 18504 4400802 1 884
7828 18504 4400812 1 875
7828 18504 4400822 1 871
7828 18504 4400832 1 865
7827 18504 4400842 1 856
7826 18503 4400852 1 849
7825 18503 4400862 1 842
7823 18503 4400872 1 829
7822 18502 4400882 1 824
7820 18502 4400892 1 820
7819 18501 4400902 1 816
7818 18500 4400912 1 814
7817 18500 4400922 1 812
7816 18499 4400932 1 808
7816 18499 4400942 1 807
7816 18498 4400952 1 807
7816 18498 4400962 1 807
7817 18498 4400972 1 807
7817 18497 4400982 1 808
7818 18497 4400992 1 810
7819 18497 4401002 1 813
7820 18497 4401012 1 815
7821 18497 4401022 1 819
7822 18497 4401032 1 823
7824 18497 4401042 1 826
7826 18497 4401052 1 830
7828 18497 4401062 1 839
7830 18497 4401072 1 844
7833 18497 4401082 1 850
7835 18496 4401092 1 855
7837 18496 4401102 1 858
7839 18496 4401112 1 860
7840 18496 4401122 1 866
7842 18496 4401132 1 879
7843 18496 4401142 1 885
7845 18496 4401152 1 892
7847 18496 4401162 1 898
7849 18496 4401172 1 905
7851 18496 4401182 1 912
7854 18496 4401192 1 926
7856 18497 4401202 1 932
7858 18497 4401212 1 939
7860 18497 4401222 1 946
7862 18497 4401232 1 953
7864 18498 4401242 1 955
7865 18498 4401252 1 960
7867 18498 4401262 1 972
7868 18499 4401272 1 979
7869 18500 4401282 1 986
7870 18500 4401292 1 992
7870 18501 4401302 1 998
7870 18502 4401312 1 1004
7869 18502 4401322 1 1015
7869 18503 4401332 1 1020
7869 18504 4401342 1 1024
7869 18505 4401352 1 1024
7869 18506 4401362 1 1024
7869 18507 4401372 1 1024
7868 18508 4401382 1 1024
7868 18509 4401392 1 1024
7868 18510 4401402 1 1024
7868 18510 4401412 1 1024
7867 18511 4401422 1 1024
7866 18512 4401432 1 1024
7865 18512 4401442 1 1024
7864 18513 4401452 1 1024
7863 18513 4401462 1 1024
7861 18513 4401472 1 1024
7860 18514 4401482 1 1024
7859 18514 4401492 1 1024
7858 18514 4401502 1 1024
7858 18514 4401512 1 1024
7858 18515 4401522 1 1024
7858 18515 4401532 1 1024
7858 18515 4401542 1 1024
7859 18515 4401552 1 1024
7859 18515 4401562 1 1024
7860 18515 4401572 1 1024
7861 18515 4401582 1 1024
7862 18515 4401592 1 1024
7863 18515 4401602 1 1024
7864 18514 4401612 1 1024
7866 18514 4401622 1 1024
7867 18514 4401632 1 1024
7868 18513 4401642 1 1024
7870 18513 4401652 1 1024
7871 18513 4401662 1 1024
7872 18513 4401672 1 1024
7873 18513 4401682 1 1024
7874 18512 4401692 1 1024
7875 18512 4401702 1 1024
7875 18512 4401712 1 1024
7874 18512 4401722 1 1024
7873 18512 4401732 1 1024
7872 18512 4401742 1 1024
7870 18512 4401752 1 1024
7867 18512 4401762 1 1024
7865 18512 4401772 1 1024
7862 18512 4401782 1 1024
7859 18512 4401792 1 1024
7857 18511 4401802 1 1024
7855 18511 4401812 1 1024
7853 18510 4401822 1 1024
7850 18510 4401832 1 1024
7848 18509 4401842 1 1024
7847 18509 4401852 1 1024
7845 18508 4401862 1 1024
7844 18508 4401872 1 1024
7843 18507 4401882 1 1024
7842 18507 4401892 1 1024
7841 18506 4401902 1 1024
7840 18506 4401912 1 1024
7840 18505 4401922 1 1024
7839 18504 4401932 1 1024
7838 18504 4401942 1 1024
7838 18503 4401952 1 1024
7837 18503 4401962 1 1024
7837 18502 4401972 1 1024
7836 18502 4401982 1 1024
7836 18501 4401992 1 1024
7836 18500 4402002 1 1024
7836 18500 4402012 1 1024
7837 18499 4402022 1 1024
7838 18498 4402032 1 1024
7839 18498 4402042 1 1024
7841 18497 4402052 1 1024
7842 18496 4402062 1 1024
7843 18496 4402072 1 1024
7845 18495 4402082 1 1024
7845 18495 4402092 1 1024
7846 18494 4402102 1 1024
7847 18493 4402112 1 1024
7847 18493 4402122 1 1024
7848 18492 4402132 1 1024
7848 18492 4402142 1 1024
7849 18491 4402152 1 1024
7849 18491 4402162 1 1024
7850 18491 4402172 1 1024
7851 18490 4402182 1 1024
7852 18490 4402192 1 1024
7853 18489 4402202 1 1024
7854 18489 4402212 1 1024
7855 18489 4402222 1 1024
7856 18489 4402232 1 1024
7856 18488 4402242 1 1024
7857 18488 4402252 1 1024
7858 18488 4402262 1 1024
7859 18488 4402272 1 1024
7860 18488 4402282 1 1024
7861 18489 4402292 1 1024
7863 18489 4402302 1 1024
7865 18489 4402312 1 1024
7867 18489 4402322 1 1024
7869 18490 4402332 1 1024
7871 18490 4402342 1 1024
7873 18490 4402352 1 1024
7875 18490 4402362 1 1024
7878 18491 4402372 1 1024
7879 18491 4402382 1 1024
7881 18491 4402392 1 1024
7882 18491 4402402 1 1024
7883 18492 4402412 1 1024
7884 18492 4402422 1 1024
7885 18492 4402432 1 1024
7886 18492 4402442 1 1024
7886 18493 4402452 1 1024
7887 18493 4402462 1 1024
7887 18493 4402472 1 1024
7887 18494 4402482 1 1024
7887 18494 4402492 1 1024
7887 18495 4402502 1 1024
7887 18495 4402512 1 1024
7886 18496 4402522 1 1024
7886 18496 4402532 1 1024
7886 18497 4402542 1 1024
7886 18498 4402552 1 1024
7886 18498 4402562 1 1024
7887 18499 4402572 1 1024
7887 18500 4402582 1 1024
7888 18500 4402592 1 1024
7889 18501 4402602 1 1024
7890 18502 4402612 1 1024
7890 18503 4402622 1 1024
7891 18503 4402632 1 1024
7892 18504 4402642 1 1024
7892 18505 4402652 1 1024
7892 18506 4402662 1 1024
7892 18506 4402672 1 1024
7892 18507 4402682 1 1024
7890 18508 4402692 1 1024
7888 18508 4402702 1 1024
7887 18509 4402712 1 1024
7885 18510 4402722 1 1024
7884 18510 4402732 1 1024
7882 18511 4402742 1 1024
7881 18511 4402752 1 1024
7880 18512 4402762 1 1024
7879 18513 4402772 1 1024
7879 18514 4402782 1 1024
7879 18514 4402792 1 1024
7879 18515 4402802 1 1024
7880 18516 4402812 1 1024
7880 18516 4402822 1 1024
7881 18517 4402832 1 1024
7882 18518 4402842 1 1024
7882 18518 4402852 1 1024
7883 18519 4402862 1 1024
7884 18520 4402872 1 1024
7885 18520 4402882 1 1024
7885 18521 4402892 1 1024
7886 18522 4402902 1 1024
7887 18522 4402912 1 1024
7888 18523 4402922 1 1024
7888 18524 4402932 1 1024
7889 18524 4402942 1 1024
7890 18525 4402952 1 1024
7891 18525 4402962 1 1024
7891 18526 4402972 1 1024
7892 18527 4402982 1 1024
7892 18527 4402992 1 1024
7892 18528 4403002 1 1024
7892 18529 4403012 1 1024
7892 18529 4403022 1 1024
7892 18530 4403032 1 1024
7892 18530 4403042 1 1024
7892 18531 4403052 1 1024
7892 18531 4403062 1 1024
7891 18531 4403072 1 1024
7891 18531 4403082 1 1024
7890 18531 4403092 1 1024
7889 18532 4403102 1 1024
7888 18532 4403112 1 1024
7887 18532 4403122 1 1024
7886 18532 4403132 1 1024
7884 18532 4403142 1 1024
7883 18532 4403152 1 1024
7882 18532 4403162 1 1024
7881 18533 4403172 1 1024
7881 18533 4403182 1 1024
7880 18533 4403192 1 1024
7881 18533 4403202 1 1024
7881 18533 4403212 1 1024
7883 18532 4403222 1 1024
7884 18532 4403232 1 1024
7886 18532 4403242 1 1024
7888 18532 4403252 1 1024
7890 18531 4403262 1 1024
7892 18531 4403272 1 1024
7894 18531 4403282 1 1024
7895 18530 4403292 1 1024
7896 18530 4403302 1 1024
7897 18530 4403312 1 1024
7898 18529 4403322 1 1024
7898 18529 4403332 1 1024
7899 18529 4403342 1 1024
7898 18528 4403352 1 1024
7898 18527 4403362 1 1024
7898 18527 4403372 1 1024
7898 18527 4403382 1 1024
7897 18526 4403392 1 1024
7896 18526 4403402 1 1024
7895 18525 4403412 1 1024
7893 18525 4403422 1 1024
7891 18525 4403432 1 1024
7889 18524 4403442 1 1024
7887 18524 4403452 1 1024
7885 18523 4403462 1 1024
7883 18523 4403472 1 1024
7882 18523 4403482 1 1024
7880 18522 4403492 1 1024
7879 18522 4403502 1 1024
7878 18522 4403512 1 1024
7877 18522 4403522 1 1024
7876 18521 4403532 1 1024
7875 18521 4403542 1 1024
7874 18521 4403552 1 1024
7874 18521 4403562 1 1024
7874 18521 4403572 1 1024
7874 18521 4403582 1 1024
7874 18521 4403592 1 1024
7874 18521 4403602 1 1024
7875 18521 4403612 1 1024
7875 18521 4403622 1 1024
7876 18520 4403632 1 1024
7878 18520 4403642 1 1024
7880 18520 4403652 1 1024
7883 18520 4403662 1 1024
7886 18519 4403672 1 1024
7888 18519 4403682 1 1024
7891 18519 4403692 1 1024
7894 18518 4403702 1 1024
7897 18518 4403712 1 1024
7900 18518 4403722 1 1024
7903 18518 4403732 1 1024
7906 18517 4403742 1 1024
7908 18517 4403752 1 1024
7910 18517 4403762 1 1024
7912 18516 4403772 1 1024
7913 18516 4403782 1 1024
7915 18516 4403792 1 1024
7916 18516 4403802 1 1024
7916 18516 4403812 1 1024
7917 18516 4403822 1 1024
7917 18516 4403832 1 1024
7917 18516 4403842 1 1024
7917 18516 4403852 1 1024
7918 18515 4403862 1 1024
7918 18515 4403872 1 1024
7919 18515 4403882 1 1024
7919 18515 4403892 1 1024
7919 18515 4403902 1 1024
7920 18515 4403912 1 1024
7920 18514 4403922 1 1024
7919 18514 4403932 1 1024
7919 18514 4403942 1 1024
7918 18514 4403952 1 1024
7917 18514 4403962 1 1024
7916 18514 4403972 1 1024
7914 18514 4403982 1 1024
7912 18513 4403992 1 1024
7910 18513 4404002 1 1024
7907 18513 4404012 1 1024
7905 18513 4404022 1 1024
7904 18513 4404032 1 1024
7902 18512 4404042 1 1024
7901 18512 4404052 1 1024
7900 18512 4404062 1 1024
7899 18512 4404072 1 1024
7898 18511 4404082 1 1024
7897 18511 4404092 1 1024
7896 18511 4404102 1 1024
7896 18510 4404112 1 1024
7895 18510 4404122 1 1024
7895 18510 4404132 1 1024
7894 18509 4404142 1 1024
7893 18509 4404152 1 1024
7893 18508 4404162 1 1024
7892 18507 4404172 1 1024
7891 18507 4404182 1 1024
7891 18506 4404192 1 1024
7890 18506 4404202 1 1024
7890 18505 4404212 1 1024
7890 18504 4404222 1 1024
7889 18504 4404232 1 1024
7889 18503 4404242 1 1024
7889 18503 4404252 1 1024
7890 18503 4404262 1 1024
7890 18502 4404272 1 1024
7891 18502 4404282 1 1024
7892 18502 4404292 1 1024
7893 18502 4404302 1 1024
7894 18501 4404312 1 1024
7895 18501 4404322 1 1024
7896 18501 4404332 1 1024
7897 18501 4404342 1 1024
7897 18500 4404352 1 1024
7898 18500 4404362 1 1024
7897 18500 4404372 1 1024
7897 18500 4404382 1 1024
7896 18500 4404392 1 1024
7896 18500 4404402 1 1024
7895 18500 4404412 1 1024
7894 18500 4404422 1 1024
7893 18500 4404432 1 1024
7892 18500 4404442 1 1023
7891 18500 4404452 1 1023
7890 18500 4404462 1 1023
7889 18500 4404472 1 1023
7888 18500 4404482 1 1023
7887 18500 4404492 1 1023
7887 18500 4404502 1 1023
7886 18500 4404512 1 1023
7886 18500 4404522 1 1023
7885 18500 4404532 1 1023
7885 18500 4404542 1 1023
7885 18500 4404552 1 1023
7886 18500 4404562 1 1023
7886 18500 4404572 1 1023
7886 18501 4404582 1 1023
7886 18501 4404592 1 1023
7886 18501 4404602 1 1023
7886 18501 4404612 1 1023
7886 18501 4404622 1 1023
7887 18502 4404632 1 1023
7887 18502 4404642 1 1023
7887 18502 4404652 1 1023
7886 18502 4404662 1 1023
7886 18503 4404672 1 1023
7886 18503 4404682 1 1023
7886 18504 4404692 1 1023
7887 18504 4404702 1 1023
7887 18504 4404712 1 1024
7888 18504 4404722 1 1023
7889 18505 4404732 1 1023
7890 18505 4404742 1 1023
7891 18505 4404752 1 1023
7892 18506 4404762 1 1023
7893 18506 4404772 1 1023
7895 18507 4404782 1 1023
7896 18507 4404792 1 1023
7898 18507 4404802 1 1023
7900 18508 4404812 1 1023
7902 18508 4404822 1 1023
7905 18508 4404832 1 1023
7907 18509 4404842 1 1023
7909 18509 4404852 1 1023
7911 18509 4404862 1 1023
7913 18510 4404872 1 1023
7914 18510 4404882 1 1023
7915 18510 4404892 1 1023
7915 18511 4404902 1 1023
7916 18511 4404912 1 1023
7916 18512 4404922 1 1024
7916 18512 4404932 1 1024
7915 18513 4404942 1 1024
7915 18513 4404952 1 1024
7915 18514 4404962 1 1024
7914 18514 4404972 1 1024
7913 18515 4404982 1 1024
7913 18515 4404992 1 1024
7912 18516 4405002 1 1024
7912 18516 4405012 1 1024
7912 18517 4405022 1 1024
7911 18517 4405032 1 1024
7911 18518 4405042 1 1024
7911 18518 4405052 1 1024
7911 18519 4405062 1 1024
7911 18519 4405072 1 1024
7911 18520 4405082 1 1024
7911 18520 4405092 1 1024
7911 18520 4405102 1 1024
7911 18520 4405112 1 1024
7911 18521 4405122 1 1024
7912 18521 4405132 1 1024
7912 18521 4405142 1 1024
7913 18521 4405152 1 1024
7914 18521 4405162 1 1024
7915 18521 4405172 1 1024
7916 18521 4405182 1 1024
7916 18521 4405192 1 1024
7917 18521 4405202 1 1024
7917 18521 4405212 1 1024
7918 18521 4405222 1 1024
7918 18520 4405232 1 1024
7919 18520 4405242 1 1024
7920 18520 4405252 1 1024
7920 18520 4405262 1 1024
7921 18520 4405272 1 1024
7922 18520 4405282 1 1024
7922 18519 4405292 1 1024
7922 18519 4405302 1 1024
7922 18519 4405312 1 1024
7922 18519 4405322 1 1024
7922 18519 4405332 1 1024
7921 18519 4405342 1 1024
7921 18519 4405352 1 1024
7921 18518 4405362 1 1024
7921 18518 4405372 1 1024
7921 18518 4405382 1 1024
7921 18518 4405392 1 1024
7921 18518 4405402 1 1024
7921 18518 4405412 1 1024
7921 18518 4405422 1 1024
7921 18518 4405432 1 1024
7920 18518 4405442 1 1024
7919 18518 4405452 1 1024
7918 18518 4405462 1 1024
7917 18518 4405472 1 1024
7917 18518 4405482 1 1024
7916 18518 4405492 1 1024
7915 18518 4405502 1 1024
7915 18518 4405512 1 1024
7915 18518 4405522 1 1024
7915 18518 4405532 1 1024
7915 18518 4405542 1 1024
7915 18518 4405552 1 1024
7915 18518 4405562 1 1024
7914 18517 4405572 1 1024
7914 18517 4405582 1 1024
7914 18517 4405592 1 1024
7914 18516 4405602 1 1024
7914 18516 4405612 1 1024
7915 18515 4405622 1 1024
7915 18514 4405632 1 1024
7915 18514 4405642 1 1024
7915 18513 4405652 1 1024
7916 18513 4405662 1 1024
7916 18512 4405672 1 1024
7915 18512 4405682 1 1024
7915 18512 4405692 1 1024
7915 18511 4405702 1 1024
7915 18511 4405712 1 1024
7915 18511 4405722 1 1024
7914 18511 4405732 1 1024
7914 18510 4405742 1 1024
7915 18510 4405752 1 1024
7915 18510 4405762 1 1024
7916 18509 4405772 1 1024
7916 18509 4405782 1 1024
7917 18509 4405792 1 1024
7918 18508 4405802 1 1024
7918 18508 4405812 1 1024
7919 18508 4405822 1 1024
7920 18508 4405832 1 1024
7920 18508 4405842 1 1024
7921 18507 4405852 1 1024
7922 18507 4405862 1 1024
7923 18507 4405872 1 1024
7924 18507 4405882 1 1024
7925 18507 4405892 1 1024
7925 18506 4405902 1 1024
7926 18506 4405912 1 1024
7926 18506 4405922 1 1024
7926 18506 4405932 1 1024
7926 18506 4405942 1 1024
7925 18506 4405952 1 1024
7924 18505 4405962 1 1024
7922 18505 4405972 1 1024
7921 18505 4405982 1 1024
7918 18505 4405992 1 1024
7916 18505 4406002 1 1024
7914 18505 4406012 1 1024
7912 18505 4406022 1 1024
7911 18505 4406032 1 1024
7909 18505 4406042 1 1024
7907 18506 4406052 1 1024
7906 18506 4406062 1 1024
7904 18506 4406072 1 1024
7902 18507 4406082 1 1024
7901 18507 4406092 1 1024
7900 18507 4406102 1 1024
7899 18508 4406112 1 1024
7899 18508 4406122 1 1024
7899 18508 4406132 1 1024
7899 18509 4406142 1 1024
7900 18509 4406152 1 1024
7900 18509 4406162 1 1024
7901 18510 4406172 1 1024
7901 18510 4406182 1 1024
7902 18510 4406192 1 1024
7902 18510 4406202 1 1024
7903 18510 4406212 1 1024
7904 18510 4406222 1 1024
7904 18511 4406232 1 1024
7905 18511 4406242 1 1024
7906 18511 4406252 1 1024
7907 18511 4406262 1 1024
7908 18511 4406272 1 1024
7909 18511 4406282 1 1024
7911 18511 4406292 1 1024
7913 18511 4406302 1 1024
7916 18511 4406312 1 1024
7918 18511 4406322 1 1024
7921 18511 4406332 1 1024
7924 18511 4406342 1 1024
7926 18511 4406352 1 1024
7929 18511 4406362 1 1024
7931 18511 4406372 1 1024
7933 18512 4406382 1 1024
7936 18512 4406392 1 1024
7937 18512 4406402 1 1024
7939 18512 4406412 1 1024
7940 18512 4406422 1 1024
7941 18512 4406432 1 1024
7941 18512 4406442 1 1024
7941 18512 4406452 1 1024
7941 18512 4406462 1 1024
7941 18512 4406472 1 1024
7940 18512 4406482 1 1024
7939 18512 4406492 1 1024
7938 18512 4406502 1 1024
7937 18512 4406512 1 1024
7936 18513 4406522 1 1024
7935 18513 4406532 1 1024
7934 18513 4406542 1 1024
7933 18513 4406552 1 1024
7932 18514 4406562 1 1024
7932 18514 4406572 1 1024
7932 18515 4406582 1 1024
7932 18515 4406592 1 1024
7932 18515 4406602 1 1024
7932 18516 4406612 1 1024
7932 18516 4406622 1 1024
7932 18516 4406632 1 1024
7933 18516 4406642 1 1024
7934 18517 4406652 1 1024
7935 18517 4406662 1 1024
7936 18516 4406672 1 1024
7938 18516 4406682 1 1024
7939 18516 4406692 1 1024
7940 18516 4406702 1 1024
7941 18516 4406712 1 1024
7943 18516 4406722 1 1024
7943 18516 4406732 1 1024
7944 18516 4406742 1 1024
7945 18517 4406752 1 1024
7945 18517 4406762 1 1024
7946 18517 4406772 1 1024
7946 18517 4406782 1 1024
7947 18517 4406792 1 1024
7947 18517 4406802 1 1024
7947 18518 4406812 1 1024
7947 18518 4406822 1 1024
7946 18518 4406832 1 1024
7945 18518 4406842 1 1024
7945 18518 4406852 1 1024
7944 18518 4406862 1 1024
7943 18518 4406872 1 1024
7942 18518 4406882 1 1024
7941 18518 4406892 1 1024
7939 18518 4406902 1 1024
7938 18518 4406912 1 1024
7937 18518 4406922 1 1024
7936 18519 4406932 1 1024
7936 18519 4406942 1 1024
7935 18519 4406952 1 1024
7935 18519 4406962 1 1024
7935 18519 4406972 1 1024
7935 18519 4406982 1 1024
7935 18519 4406992 1 1024
7936 18519 4407002 1 1024
7936 18519 4407012 1 1024
7936 18519 4407022 1 1024
7936 18519 4407032 1 1024
7936 18519 4407042 1 1024
7935 18519 4407052 1 1024
7934 18519 4407062 1 1024
7934 18519 4407072 1 1024
7933 18519 4407082 1 1024
7931 18518 4407092 1 1024
7930 18518 4407102 1 1024
7928 18518 4407112 1 1024
7927 18518 4407122 1 1024
7925 18518 4407132 1 1024
7924 18517 4407142 1 1024
7923 18517 4407152 1 1024
7922 18517 4407162 1 1024
7922 18517 4407172 1 1024
7922 18517 4407182 1 1024
7922 18517 4407192 1 1024
7922 18517 4407202 1 1024
7923 18517 4407212 1 1024
7924 18517 4407222 1 1024
7925 18517 4407232 1 1024
7926 18518 4407242 1 1024
7928 18518 4407252 1 1024
7930 18518 4407262 1 1024
7932 18517 4407272 1 1024
7934 18517 4407282 1 1024
7937 18517 4407292 1 1024
7939 18517 4407302 1 1024
7943 18516 4407312 1 1024
7945 18516 4407322 1 1024
7946 18515 4407332 1 1024
7946 18515 4407342 1 1024
7946 18515 4407352 1 1024
7946 18514 4407362 1 1024
7946 18514 4407372 1 1024
7945 18514 4407382 1 1024
7944 18514 4407392 1 1024
7942 18513 4407402 1 1024
7941 18513 4407412 1 1024
7939 18513 4407422 1 1024
7938 18513 4407432 1 1024
7937 18513 4407442 1 1024
7935 18512 4407452 1 1024
7935 18512 4407462 1 1024
7934 18512 4407472 1 1024
7934 18512 4407482 1 1024
7934 18512 4407492 1 1024
7934 18511 4407502 1 1024
7935 18511 4407512 1 1024
7935 18511 4407522 1 1024
7935 18511 4407532 1 1024
7935 18511 4407542 1 1024
7936 18510 4407552 0 0
7936 18510 4407562 0 0
7936 18510 4407572 0 0
7936 18509 4407582 0 0
7937 18509 4407592 0 0
7937 18509 4407602 0 0
7938 18508 4407612 0 0
7938 18508 4407622 0 0
7939 18507 4407632 0 0
7940 18507 4407642 0 0
7941 18507 4407652 0 0
7942 18507 4407662 0 0
7943 18506 4407672 0 0
7944 18506 4407682 1 28
7946 18506 4407692 1 81
7947 18506 4407702 1 142
7948 18506 4407712 1 209
7949 18505 4407722 1 248
7950 18505 4407732 1 280
7950 18505 4407742 1 356
7951 18505 4407752 1 510
7951 18504 4407762 1 587
7951 18504 4407772 1 662
7950 18504 4407782 1 734
7950 18503 4407792 1 801
7950 18503 4407802 1 863
7950 18502 4407812 1 962
7949 18502 4407822 1 996
7949 18501 4407832 1 1020
7949 18501 4407842 1 1024
7949 18500 4407852 1 1024
7948 18499 4407862 1 1024
7947 18499 4407872 1 1024
7946 18498 4407882 1 1024
7945 18498 4407892 1 1024
7944 18498 4407902 1 1024
7942 18497 4407912 1 1024
7941 18497 4407922 1 1024
7940 18497 4407932 1 1024
7938 18497 4407942 1 1024
7937 18497 4407952 1 1024
7935 18497 4407962 1 1024
7933 18497 4407972 1 1024
7932 18497 4407982 1 1024
7932 18497 4407992 1 1024
7932 18497 4408002 1 1024
7932 18498 4408012 1 1024
7932 18498 4408022 1 1024
7932 18498 4408032 1 1024
7932 18498 4408042 1 1024
7932 18498 4408052 1 1024
7932 18498 4408062 1 1024
7932 18498 4408072 1 1024
7932 18498 4408082 1 1024
7932 18498 4408092 1 1024
7933 18498 4408102 1 1024
7933 18497 4408112 1 1024
7934 18497 4408122 1 1024
7934 18497 4408132 1 1024
7935 18496 4408142 1 1024
7935 18496 4408152 1 1024
7935 18496 4408162 1 1024
7935 18495 4408172 1 1024
7935 18495 4408182 1 1024
7935 18495 4408192 1 1024
7935 18495 4408202 1 1024
7935 18496 4408212 1 1024
7935 18496 4408222 1 1024
7935 18496 4408232 1 1024
7935 18496 4408242 1 1024
7936 18497 4408252 1 1024
7936 18497 4408262 1 1024
7936 18497 4408272 1 1024
7937 18498 4408282 1 1024
7937 18498 4408292 1 1024
7936 18498 4408302 1 1024
7936 18499 4408312 1 1024
7935 18499 4408322 1 1024
7934 18500 4408332 1 1024
7933 18500 4408342 1 1024
7932 18501 4408352 1 1024
7932 18501 4408362 1 1024
7931 18502 4408372 1 1024
7931 18502 4408382 1 1024
7931 18503 4408392 1 1024
7931 18503 4408402 1 1024
7931 18504 4408412 1 1024
7931 18504 4408422 1 1024
7931 18505 4408432 1 1024
7932 18505 4408442 1 1024
7932 18505 4408452 1 1024
7932 18506 4408462 1 1024
7933 18506 4408472 1 1024
7934 18506 4408482 1 1024
7935 18507 4408492 1 1024
7937 18507 4408502 1 1024
7938 18508 4408512 1 1024
7941 18508 4408522 1 1024
7943 18508 4408532 1 1024
7945 18509 4408542 1 1024
7948 18509 4408552 1 1024
7950 18509 4408562 1 1024
7952 18509 4408572 1 1024
7955 18510 4408582 1 1024
7957 18510 4408592 1 1024
7959 18510 4408602 1 1024
7960 18510 4408612 1 1024
7961 18511 4408622 1 1024
7962 18511 4408632 1 1024
7962 18512 4408642 1 1024
7961 18512 4408652 1 1024
7960 18512 4408662 1 1024
7958 18513 4408672 1 1024
7956 18513 4408682 1 1024
7953 18514 4408692 1 1024
7951 18514 4408702 1 1024
7948 18514 4408712 1 1024
7945 18515 4408722 1 1024
7943 18515 4408732 1 1024
7941 18515 4408742 1 1024
7939 18516 4408752 1 1024
7938 18516 4408762 1 1024
7937 18516 4408772 1 1024
7936 18517 4408782 1 1024
7935 18517 4408792 1 1024
7934 18517 4408802 1 1024
7934 18517 4408812 1 1024
7934 18518 4408822 1 1024
7934 18518 4408832 1 1024
7934 18518 4408842 1 1024
7935 18518 4408852 1 1024
7935 18518 4408862 1 1024
7936 18518 4408872 1 1024
7936 18517 4408882 1 1024
7937 18517 4408892 1 1024
7938 18517 4408902 1 1024
7938 18516 4408912 1 1024
7939 18516 4408922 1 1024
7939 18515 4408932 1 1024
7940 18515 4408942 1 1024
7940 18514 4408952 1 1024
7941 18514 4408962 1 1024
7941 18513 4408972 1 1024
7942 18513 4408982 1 1024
7943 18512 4408992 1 1024
7944 18512 4409002 1 1024
7945 18511 4409012 1 1024
7946 18511 4409022 1 1024
7947 18511 4409032 1 1024
7948 18510 4409042 1 1024
7949 18510 4409052 1 1024
7950 18510 4409062 1 1024
7951 18510 4409072 1 1024
7952 18510 4409082 1 1024
7953 18510 4409092 1 1024
7955 18510 4409102 1 1024
7956 18510 4409112 1 1024
7957 18510 4409122 1 1024
7957 18510 4409132 1 1024
7958 18510 4409142 1 1024
7958 18510 4409152 1 1024
7958 18510 4409162 1 1024
7958 18510 4409172 1 1024
7959 18510 4409182 1 1024
7959 18510 4409192 1 1024
7960 18510 4409202 1 1024
7961 18510 4409212 1 1024
7962 18509 4409222 1 1024
7963 18509 4409232 1 1024
7965 18509 4409242 1 1024
7966 18509 4409252 1 1024
7968 18509 4409262 1 1024
7970 18509 4409272 1 1024
7971 18509 4409282 1 1024
7973 18509 4409292 1 1024
7974 18509 4409302 1 1024
7974 18508 4409312 1 1024
7973 18508 4409322 1 1024
7973 18508 4409332 1 1024
7972 18508 4409342 1 1024
7971 18507 4409352 1 1024
7970 18507 4409362 1 1024
7969 18507 4409372 1 1024
7968 18506 4409382 1 1024
7967 18506 4409392 1 1024
7967 18506 4409402 1 1024
7966 18506 4409412 1 1024
7966 18505 4409422 1 1024
7966 18505 4409432 1 1024
7966 18505 4409442 1 1024
7966 18505 4409452 1 1024
7966 18505 4409462 1 1024
7966 18505 4409472 1 1024
7967 18505 4409482 1 1024
7968 18504 4409492 1 1024
7970 18504 4409502 1 1024
7971 18504 4409512 1 1024
7973 18504 4409522 1 1024
7975 18504 4409532 1 1024
7978 18504 4409542 1 1024
7980 18503 4409552 1 1024
7982 18503 4409562 1 1024
7985 18503 4409572 1 1024
7987 18503 4409582 1 1024
7989 18502 4409592 1 1024
7991 18502 4409602 1 1024
7993 18501 4409612 1 1024
7995 18500 4409622 1 1024
7996 18500 4409632 1 1024
7998 18499 4409642 1 1024
7999 18499 4409652 1 1024
8001 18498 4409662 1 1024
8002 18497 4409672 1 1024
8003 18497 4409682 1 1024
8004 18496 4409692 1 1024
8005 18496 4409702 1 1024
8005 18495 4409712 1 1024
8005 18495 4409722 1 1024
8005 18495 4409732 1 1024
8005 18495 4409742 1 1024
8004 18495 4409752 1 1024
8002 18495 4409762 1 1024
8000 18495 4409772 1 1024
7999 18495 4409782 1 1024
7996 18495 4409792 1 1024
7994 18495 4409802 1 1024
7993 18496 4409812 1 1024
7991 18496 4409822 1 1024
7990 18496 4409832 1 1024
7989 18496 4409842 1 1024
7988 18496 4409852 1 1024
7987 18496 4409862 1 1024
7987 18496 4409872 1 1024
7987 18496 4409882 1 1024
7987 18496 4409892 1 1024
7987 18496 4409902 1 1024
7988 18496 4409912 1 1024
7990 18496 4409922 1 1024
7991 18496 4409932 1 1024
7993 18496 4409942 1 1024
7996 18496 4409952 1 1024
7998 18496 4409962 1 1024
7999 18496 4409972 1 1024
8001 18496 4409982 1 1024
8002 18496 4409992 1 1024
8003 18496 4410002 1 1024
8004 18496 4410012 1 1024
8005 18496 4410022 1 1024
8006 18496 4410032 1 1024
8007 18496 4410042 1 1024
8008 18496 4410052 1 1024
8008 18496 4410062 1 1024
8008 18496 4410072 1 1024
8009 18496 4410082 1 1024
8008 18496 4410092 1 1024
8008 18496 4410102 1 1024
8008 18496 4410112 1 1024
8008 18496 4410122 1 1024
8008 18496 4410132 1 1024
8008 18496 4410142 1 1024
8007 18496 4410152 1 1024
8007 18496 4410162 1 1024
8007 18496 4410172 1 1024
8007 18496 4410182 1 1024
8007 18496 4410192 1 1024
8007 18496 4410202 1 1024
8007 18496 4410212 1 1024
8007 18496 4410222 1 1024
8007 18496 4410232 1 1024
8007 18496 4410242 1 1024
8007 18496 4410252 1 1024
8008 18496 4410262 1 1024
8008 18496 4410272 1 1024
8009 18496 4410282 1 1024
8009 18496 4410292 1 1024
8009 18496 4410302 1 1024
8010 18496 4410312 1 1024
8010 18496 4410322 1 1024
8010 18496 4410332 1 1024
8009 18495 4410342 1 1024
8009 18495 4410352 1 1024
8010 18495 4410362 1 1024
8010 18494 4410372 1 1024
8010 18494 4410382 1 1024
8011 18494 4410392 1 1024
8011 18494 4410402 1 1024
8011 18493 4410412 1 1024
8011 18493 4410422 1 1024
8010 18493 4410432 1 1024
8010 18493 4410442 1 1024
8009 18493 4410452 1 1024
8009 18493 4410462 1 1024
8008 18493 4410472 1 1024
8007 18493 4410482 1 1024
8006 18493 4410492 1 1024
8006 18493 4410502 1 1024
8005 18493 4410512 1 1024
8004 18493 4410522 1 1024
8002 18493 4410532 1 1024
8001 18493 4410542 1 1024
8001 18493 4410552 1 1024
8000 18493 4410562 1 1024
8000 18493 4410572 1 1024
8000 18494 4410582 1 1024
8000 18494 4410592 1 1024
8000 18494 4410602 1 1024
8000 18494 4410612 1 1024
8001 18494 4410622 1 1024
8001 18494 4410632 1 1024
8001 18493 4410642 1 1024
8000 18493 4410652 1 1024
8000 18493 4410662 1 1024
8000 18493 4410672 1 1024
8001 18493 4410682 1 1024
8001 18493 4410692 1 1024
8002 18493 4410702 1 1024
8003 18492 4410712 1 1024
8004 18492 4410722 1 1024
8005 18492 4410732 1 1024
8006 18493 4410742 1 1024
8007 18493 4410752 1 1024
8007 18493 4410762 1 1024
8008 18493 4410772 1 1024
8007 18493 4410782 1 1024
8007 18493 4410792 1 1024
8006 18493 4410802 1 1024
8004 18493 4410812 1 1024
8003 18493 4410822 1 1024
8000 18493 4410832 1 1024
7998 18493 4410842 1 1024
7996 18493 4410852 1 1024
7993 18493 4410862 1 1024
7992 18493 4410872 1 1024
7991 18493 4410882 1 1024
7991 18493 4410892 1 1024
7991 18492 4410902 1 1024
7993 18492 4410912 1 1024
7995 18493 4410922 1 1024
7998 18493 4410932 1 1024
8001 18493 4410942 1 1024
8004 18493 4410952 1 1024
8008 18493 4410962 1 1024
8011 18493 4410972 1 1024
8013 18493 4410982 1 1024
8016 18493 4410992 1 1024
8018 18493 4411002 1 1024
8021 18493 4411012 1 1024
8023 18493 4411022 1 1024
8025 18493 4411032 1 1024
8027 18493 4411042 1 1024
8029 18493 4411052 1 1024
8031 18493 4411062 1 1024
8032 18493 4411072 1 1024
8033 18493 4411082 1 1024
8034 18493 4411092 1 1024
8034 18492 4411102 1 1024
8034 18492 4411112 1 1024
8034 18492 4411122 1 1024
8033 18492 4411132 1 1024
8032 18492 4411142 1 1024
8031 18492 4411152 1 1024
8030 18492 4411162 1 1024
8028 18492 4411172 1 1024
8027 18492 4411182 1 1024
8025 18492 4411192 1 1024
8023 18492 4411202 1 1024
8021 18491 4411212 1 1024
8019 18491 4411222 1 1024
8017 18491 4411232 1 1024
8015 18491 4411242 1 1024
8013 18491 4411252 1 1024
8012 18490 4411262 1 1024
8011 18490 4411272 1 1024
8011 18490 4411282 1 1024
