7658 17288 3030543 1 623
7658 17288 3030553 1 636
7658 17288 3030563 1 642
7658 17288 3030573 1 643
7658 17288 3030583 1 643
7658 17289 3030593 1 644
7662 17294 3030603 1 645
7669 17306 3030613 1 646
7679 17320 3030623 1 646
7688 17333 3030633 1 646
7692 17342 3030643 1 647
7692 17347 3030653 1 649
7687 17346 3030663 1 650
7683 17345 3030673 1 650
7680 17343 3030683 1 650
7675 17339 3030693 1 650
7672 17335 3030703 1 651
7669 17331 3030713 1 652
7669 17327 3030723 1 653
7670 17321 3030733 1 654
7673 17314 3030743 1 654
7677 17307 3030753 1 654
7680 17301 3030763 1 655
7684 17296 3030773 1 656
7690 17294 3030783 1 657
7697 17294 3030793 1 658
7701 17294 3030803 1 659
7706 17295 3030813 1 658
7715 17298 3030823 1 658
7723 17301 3030833 1 660
7729 17302 3030843 1 661
7732 17302 3030853 1 662
7733 17301 3030863 1 662
7733 17299 3030873 1 662
7731 17295 3030883 1 663
7727 17291 3030893 1 664
7722 17287 3030903 1 664
7716 17282 3030913 1 665
7710 17276 3030923 1 666
7706 17273 3030933 1 666
7703 17270 3030943 1 667
7696 17265 3030953 1 667
7691 17259 3030963 1 668
7686 17255 3030973 1 669
7683 17252 3030983 1 670
7681 17250 3030993 1 671
7679 17248 3031003 1 671
7678 17248 3031013 1 671
7676 17247 3031023 1 672
7675 17247 3031033 1 674
7673 17248 3031043 1 675
7670 17249 3031053 1 676
7669 17250 3031063 1 676
7667 17251 3031073 1 676
7664 17254 3031083 1 677
7660 17258 3031093 1 678
7656 17263 3031103 1 679
7653 17269 3031113 1 680
7650 17276 3031123 1 681
7648 17284 3031133 1 681
7646 17292 3031143 1 681
7646 17301 3031153 1 682
7648 17311 3031163 1 682
7650 17321 3031173 1 683
7654 17332 3031183 1 684
7656 17337 3031193 1 684
7659 17343 3031203 1 685
7664 17354 3031213 1 685
7671 17365 3031223 1 686
7677 17375 3031233 1 687
7684 17383 3031243 1 688
7690 17390 3031253 1 689
7696 17395 3031263 1 690
7701 17398 3031273 1 690
7705 17399 3031283 1 691
7708 17400 3031293 1 692
7711 17400 3031303 1 693
7712 17400 3031313 1 694
7713 17400 3031323 1 695
7713 17400 3031333 1 695
7715 17400 3031343 1 695
7716 17400 3031353 1 696
7717 17400 3031363 1 698
7718 17400 3031373 1 699
7719 17399 3031383 1 700
7720 17396 3031393 1 700
7721 17392 3031403 1 701
7721 17386 3031413 1 702
7721 17379 3031423 1 703
7720 17369 3031433 1 704
7717 17359 3031443 1 705
7716 17354 3031453 1 705
7714 17349 3031463 1 705
7710 17339 3031473 1 705
7705 17330 3031483 1 706
7700 17323 3031493 1 707
7695 17320 3031503 1 708
7689 17319 3031513 1 709
7684 17321 3031523 1 709
7679 17327 3031533 1 710
7675 17336 3031543 1 711
7672 17346 3031553 1 713
7671 17358 3031563 1 714
7671 17369 3031573 1 715
7671 17375 3031583 1 715
7673 17380 3031593 1 715
7676 17388 3031603 1 716
7680 17395 3031613 1 717
7685 17399 3031623 1 718
7691 17400 3031633 1 719
7696 17398 3031643 1 720
7700 17395 3031653 1 720
7703 17389 3031663 1 720
7704 17383 3031673 1 721
7703 17377 3031683 1 724
7701 17371 3031693 1 725
7696 17366 3031703 1 725
7694 17364 3031713 1 726
7690 17362 3031723 1 726
7683 17359 3031733 1 726
7676 17358 3031743 1 727
7669 17357 3031753 1 727
7663 17358 3031763 1 728
7658 17359 3031773 1 729
7655 17362 3031783 1 730
7654 17364 3031793 1 730
7656 17368 3031803 1 731
7660 17371 3031813 1 732
7666 17375 3031823 1 734
7674 17379 3031833 1 735
7679 17381 3031843 1 735
7683 17382 3031853 1 735
7693 17386 3031863 1 736
7701 17388 3031873 1 738
7709 17390 3031883 1 739
7714 17392 3031893 1 741
7717 17392 3031903 1 742
7717 17391 3031913 1 742
7715 17388 3031923 1 743
7710 17384 3031933 1 744
7704 17378 3031943 1 745
7697 17371 3031953 1 746
7690 17362 3031963 1 746
7686 17357 3031973 1 745
7683 17352 3031983 1 745
7676 17342 3031993 1 745
7670 17333 3032003 1 745
7666 17325 3032013 1 745
7663 17318 3032023 1 744
7662 17314 3032033 1 744
7662 17313 3032043 1 744
7664 17315 3032053 1 744
7668 17320 3032063 1 743
7673 17329 3032073 1 743
7678 17339 3032083 1 742
7684 17352 3032093 1 741
7687 17359 3032103 1 742
7690 17366 3032113 1 741
7696 17380 3032123 1 741
7702 17394 3032133 1 741
7706 17406 3032143 1 741
7709 17414 3032153 1 742
7711 17419 3032163 1 743
7711 17420 3032173 1 743
7711 17416 3032183 1 744
7710 17409 3032193 1 746
7708 17399 3032203 1 748
7705 17386 3032213 1 751
7702 17371 3032223 1 754
7700 17363 3032233 1 755
7698 17356 3032243 1 755
7694 17341 3032253 1 758
7691 17328 3032263 1 762
7689 17317 3032273 1 767
7687 17309 3032283 1 773
7687 17305 3032293 1 780
7687 17305 3032303 1 784
7690 17308 3032313 1 788
7693 17315 3032323 1 795
7698 17324 3032333 1 802
7704 17335 3032343 1 805
7711 17346 3032353 1 807
7714 17352 3032363 1 807
7718 17357 3032373 1 808
7725 17367 3032383 1 811
7732 17375 3032393 1 813
7739 17381 3032403 1 812
7744 17385 3032413 1 808
7749 17386 3032423 1 800
7751 17386 3032433 1 795
7752 17385 3032443 1 788
7752 17382 3032453 1 772
7750 17379 3032463 1 751
7747 17375 3032473 1 728
7742 17372 3032483 1 704
7739 17371 3032493 1 695
7736 17370 3032503 1 692
7728 17368 3032513 1 680
7718 17367 3032523 1 657
7705 17368 3032533 1 635
7690 17369 3032543 1 618
7673 17372 3032553 1 606
7655 17375 3032563 1 601
7635 17379 3032573 1 599
7616 17383 3032583 1 598
7597 17386 3032593 1 606
7580 17389 3032603 1 622
7566 17390 3032613 1 650
7559 17391 3032623 1 663
7555 17390 3032633 1 670
7548 17386 3032643 1 687
7545 17379 3032653 1 709
7548 17368 3032663 1 738
7553 17353 3032673 1 802
7561 17334 3032683 1 880
7572 17312 3032693 1 928
7585 17289 3032703 1 968
7600 17267 3032713 1 1015
7616 17247 3032723 1 1014
7632 17230 3032733 1 1013
7647 17217 3032743 1 1013
7655 17212 3032753 1 1012
7661 17209 3032763 1 1012
7673 17204 3032773 1 1012
7684 17204 3032783 1 1011
7692 17207 3032793 1 1011
7700 17214 3032803 1 1010
7708 17222 3032813 1 1010
7716 17231 3032823 1 1010
7724 17240 3032833 1 1010
7734 17249 3032843 1 1009
7744 17258 3032853 1 1008
7755 17266 3032863 1 1008
7765 17273 3032873 1 1007
7770 17277 3032883 1 1006
7775 17280 3032893 1 1006
7784 17287 3032903 1 1006
7792 17293 3032913 1 1006
7797 17300 3032923 1 1005
7799 17307 3032933 1 1004
7798 17314 3032943 1 969
7794 17323 3032953 1 942
7787 17332 3032963 1 816
7776 17343 3032973 1 519
7763 17354 3032983 1 243
7748 17365 3032993 1 31
7732 17376 3033003 1 31
7724 17381 3033013 1 50
7716 17386 3033023 1 42
7699 17396 3033033 1 32
7683 17405 3033043 1 33
7668 17411 3033053 1 35
7653 17416 3033063 1 35
7640 17418 3033073 1 37
7628 17416 3033083 1 37
7617 17411 3033093 1 37
7608 17403 3033103 1 39
7603 17391 3033113 1 39
7601 17377 3033123 1 41
7605 17361 3033133 1 41
7607 17353 3033143 1 41
7612 17344 3033153 1 42
7622 17325 3033163 1 45
7635 17306 3033173 1 53
7650 17288 3033183 1 64
7666 17270 3033193 1 78
7682 17255 3033203 1 96
7698 17242 3033213 1 105
7713 17233 3033223 1 115
7726 17227 3033233 1 137
7736 17224 3033243 1 149
7744 17225 3033253 1 161
7749 17230 3033263 1 189
7751 17233 3033273 1 200
7752 17238 3033283 1 202
7754 17249 3033293 1 216
7753 17264 3033303 1 245
7751 17281 3033313 1 276
7747 17301 3033323 1 308
7741 17322 3033333 1 341
7735 17343 3033343 1 357
7727 17364 3033353 1 374
7718 17383 3033363 1 408
7708 17398 3033373 1 441
7697 17409 3033383 1 474
7687 17415 3033393 1 507
7682 17417 3033403 1 520
7677 17417 3033413 1 524
7667 17413 3033423 1 540
7659 17405 3033433 1 572
7651 17394 3033443 1 603
7644 17380 3033453 1 637
7637 17365 3033463 1 672
7630 17350 3033473 1 689
7623 17336 3033483 1 708
7616 17323 3033493 1 743
7610 17312 3033503 1 777
7605 17304 3033513 1 810
7600 17297 3033523 1 839
7598 17295 3033533 1 850
7597 17294 3033543 1 850
7596 17292 3033553 1 854
7598 17293 3033563 1 866
7601 17297 3033573 1 890
7606 17302 3033583 1 910
7610 17307 3033593 1 926
7615 17310 3033603 1 940
7620 17312 3033613 1 951
7625 17311 3033623 1 959
7630 17309 3033633 1 963
7635 17307 3033643 1 966
7640 17303 3033653 1 965
7642 17302 3033663 1 963
7644 17300 3033673 1 961
7647 17298 3033683 1 955
7649 17297 3033693 1 947
7650 17296 3033703 1 936
7651 17297 3033713 1 922
7652 17299 3033723 1 907
7652 17301 3033733 1 889
7652 17302 3033743 1 869
7653 17303 3033753 1 847
7655 17302 3033763 1 823
7658 17300 3033773 1 796
7662 17295 3033783 1 769
7667 17288 3033793 1 754
7673 17279 3033803 1 739
7680 17269 3033813 1 707
7687 17258 3033823 1 674
7694 17247 3033833 1 638
7701 17237 3033843 1 602
7708 17229 3033853 1 564
7715 17224 3033863 1 525
7721 17221 3033873 1 484
7727 17222 3033883 1 443
7732 17225 3033893 1 399
7735 17231 3033903 1 354
7739 17239 3033913 1 308
7741 17248 3033923 1 262
7742 17257 3033933 1 214
7742 17264 3033943 1 166
7740 17270 3033953 1 116
7738 17274 3033963 1 117
7735 17275 3033973 1 119
7730 17275 3033983 1 120
7725 17273 3033993 1 122
7719 17270 3034003 1 122
7713 17267 3034013 1 124
7707 17264 3034023 1 125
7702 17262 3034033 1 127
7698 17261 3034043 1 128
7695 17262 3034053 1 131
7694 17263 3034063 1 137
7695 17266 3034073 1 149
7698 17269 3034083 1 169
7702 17272 3034093 1 199
7706 17275 3034103 1 239
7712 17278 3034113 1 295
7717 17280 3034123 1 365
7721 17282 3034133 1 452
7725 17283 3034143 1 558
7726 17284 3034153 1 685
