8134 17515 6701914 1 627
8134 17516 6701924 1 637
8134 17516 6701934 1 641
8134 17516 6701944 1 642
8134 17516 6701954 1 642
8135 17516 6701964 1 643
8138 17521 6701974 1 644
8146 17533 6701984 1 645
8156 17547 6701994 1 645
8166 17560 6702004 1 645
8173 17569 6702014 1 646
8175 17575 6702024 1 647
8173 17577 6702034 1 647
8170 17576 6702044 1 647
8168 17577 6702054 1 647
8167 17577 6702064 1 648
8166 17578 6702074 1 648
8164 17581 6702084 1 649
8162 17583 6702094 1 650
8161 17584 6702104 1 651
8159 17581 6702114 1 651
8157 17576 6702124 1 651
8154 17569 6702134 1 652
8152 17562 6702144 1 653
8150 17554 6702154 1 654
8151 17547 6702164 1 655
8155 17539 6702174 1 655
8160 17533 6702184 1 655
8166 17528 6702194 1 656
8171 17523 6702204 1 657
8173 17521 6702214 1 657
8175 17519 6702224 1 657
8180 17516 6702234 1 658
8183 17515 6702244 1 658
8187 17515 6702254 1 658
8188 17515 6702264 1 659
8189 17516 6702274 1 659
8187 17515 6702284 1 660
8184 17512 6702294 1 661
8180 17508 6702304 1 662
8175 17501 6702314 1 662
8169 17493 6702324 1 663
8163 17484 6702334 1 664
8157 17475 6702344 1 665
8152 17467 6702354 1 666
8149 17463 6702364 1 666
8147 17460 6702374 1 666
8142 17455 6702384 1 666
8138 17451 6702394 1 667
8134 17449 6702404 1 668
8130 17448 6702414 1 669
8127 17450 6702424 1 670
8124 17453 6702434 1 670
8120 17459 6702444 1 671
8116 17467 6702454 1 672
8112 17477 6702464 1 672
8107 17489 6702474 1 673
8102 17502 6702484 1 674
8098 17516 6702494 1 674
8093 17529 6702504 1 674
8091 17536 6702514 1 675
8090 17542 6702524 1 675
8089 17553 6702534 1 675
8089 17563 6702544 1 676
8092 17572 6702554 1 677
8098 17579 6702564 1 678
8106 17585 6702574 1 678
8116 17590 6702584 1 679
8129 17593 6702594 1 680
8143 17596 6702604 1 681
8156 17598 6702614 1 682
8170 17599 6702624 1 683
8182 17601 6702634 1 683
8191 17602 6702644 1 684
8198 17604 6702654 1 685
8201 17605 6702664 1 685
8203 17606 6702674 1 686
8205 17609 6702684 1 687
8205 17612 6702694 1 687
8203 17615 6702704 1 688
8200 17619 6702714 1 689
8196 17622 6702724 1 690
8192 17624 6702734 1 691
8188 17624 6702744 1 692
8184 17624 6702754 1 692
8182 17621 6702764 1 693
8179 17617 6702774 1 694
8178 17612 6702784 1 695
8176 17606 6702794 1 696
8175 17599 6702804 1 697
8175 17596 6702814 1 697
8174 17593 6702824 1 697
8172 17588 6702834 1 697
8170 17584 6702844 1 698
8168 17583 6702854 1 699
8165 17583 6702864 1 700
8163 17585 6702874 1 701
8160 17589 6702884 1 701
8158 17594 6702894 1 702
8157 17600 6702904 1 703
8156 17606 6702914 1 705
8155 17612 6702924 1 706
8156 17617 6702934 1 707
8156 17620 6702944 1 707
8157 17622 6702954 1 708
8158 17623 6702964 1 708
8158 17623 6702974 1 709
8159 17622 6702984 1 710
8159 17620 6702994 1 711
8158 17617 6703004 1 712
8157 17614 6703014 1 712
8155 17610 6703024 1 713
8152 17606 6703034 1 714
8149 17603 6703044 1 716
8145 17600 6703054 1 717
8141 17597 6703064 1 718
8138 17595 6703074 1 718
8134 17593 6703084 1 719
8132 17591 6703094 1 720
8130 17590 6703104 1 720
8130 17589 6703114 1 720
8130 17588 6703124 1 721
8131 17587 6703134 1 722
8132 17587 6703144 1 723
8135 17586 6703154 1 723
8139 17586 6703164 1 724
8144 17586 6703174 1 725
8149 17587 6703184 1 727
8155 17587 6703194 1 728
8162 17587 6703204 1 729
8169 17587 6703214 1 729
8176 17586 6703224 1 731
8182 17585 6703234 1 732
8189 17583 6703244 1 734
8195 17581 6703254 1 735
8198 17579 6703264 1 736
8200 17578 6703274 1 736
8204 17574 6703284 1 737
8206 17571 6703294 1 738
8208 17568 6703304 1 739
8207 17565 6703314 1 740
8204 17563 6703324 1 740
8200 17562 6703334 1 740
8195 17562 6703344 1 740
8188 17563 6703354 1 740
8180 17565 6703364 1 740
8173 17568 6703374 1 739
8166 17572 6703384 1 739
8160 17575 6703394 1 740
8156 17578 6703404 1 739
8154 17579 6703414 1 739
8153 17580 6703424 1 738
8152 17582 6703434 1 739
8153 17583 6703444 1 738
8155 17584 6703454 1 738
8157 17585 6703464 1 738
8160 17586 6703474 1 738
8162 17587 6703484 1 738
8164 17588 6703494 1 738
8164 17587 6703504 1 739
8164 17586 6703514 1 740
8163 17585 6703524 1 740
8161 17583 6703534 1 741
8158 17581 6703544 1 743
8156 17579 6703554 1 745
8154 17578 6703564 1 747
8153 17577 6703574 1 748
8150 17576 6703584 1 751
8148 17575 6703594 1 753
8145 17575 6703604 1 756
8143 17576 6703614 1 761
8142 17576 6703624 1 766
8141 17577 6703634 1 772
8141 17578 6703644 1 779
8142 17578 6703654 1 783
8144 17579 6703664 1 787
8147 17578 6703674 1 794
8151 17578 6703684 1 801
8156 17576 6703694 1 804
8161 17575 6703704 1 806
8164 17574 6703714 1 807
8166 17573 6703724 1 808
8171 17572 6703734 1 810
8176 17571 6703744 1 812
8179 17571 6703754 1 811
8181 17571 6703764 1 807
8182 17573 6703774 1 799
8181 17575 6703784 1 794
8179 17578 6703794 1 787
8176 17581 6703804 1 771
8172 17585 6703814 1 750
8168 17588 6703824 1 727
8163 17591 6703834 1 703
8158 17594 6703844 1 691
8153 17595 6703854 1 679
8150 17596 6703864 1 669
8146 17596 6703874 1 656
8138 17597 6703884 1 636
8129 17596 6703894 1 619
8119 17596 6703904 1 607
8107 17595 6703914 1 602
8095 17594 6703924 1 600
8083 17592 6703934 1 599
8072 17591 6703944 1 607
8061 17590 6703954 1 623
8053 17588 6703964 1 649
8047 17587 6703974 1 669
8044 17584 6703984 1 686
8045 17578 6703994 1 706
8049 17570 6704004 1 734
8051 17566 6704014 1 754
8055 17560 6704024 1 795
8062 17546 6704034 1 870
8070 17530 6704044 1 915
8080 17513 6704054 1 953
8091 17496 6704064 1 997
8103 17480 6704074 1 996
8115 17466 6704084 1 995
8127 17454 6704094 1 993
8137 17444 6704104 1 993
8146 17436 6704114 1 992
8154 17431 6704124 1 991
8161 17428 6704134 1 990
8167 17427 6704144 1 988
8174 17428 6704154 1 988
8177 17429 6704164 1 988
8180 17430 6704174 1 988
8187 17435 6704184 1 987
8194 17440 6704194 1 985
8200 17448 6704204 1 984
8206 17458 6704214 1 983
8211 17470 6704224 1 982
8214 17484 6704234 1 981
8216 17499 6704244 1 980
8216 17515 6704254 1 979
8214 17531 6704264 1 978
8211 17547 6704274 1 977
8205 17563 6704284 1 944
8198 17578 6704294 1 919
8189 17592 6704304 1 802
8184 17599 6704314 1 687
8179 17606 6704324 1 529
8168 17618 6704334 1 276
8156 17628 6704344 1 82
8145 17637 6704354 1 83
8134 17643 6704364 1 94
8124 17647 6704374 1 86
8115 17648 6704384 1 87
8106 17647 6704394 1 89
8097 17642 6704404 1 91
8089 17635 6704414 1 93
8081 17626 6704424 1 94
8074 17613 6704434 1 95
8068 17598 6704444 1 97
8064 17580 6704454 1 98
8063 17571 6704464 1 99
8064 17562 6704474 1 101
8068 17543 6704484 1 102
8075 17525 6704494 1 103
8085 17509 6704504 1 107
8098 17493 6704514 1 115
8112 17480 6704524 1 125
8127 17469 6704534 1 139
8143 17461 6704544 1 156
8159 17457 6704554 1 164
8174 17455 6704564 1 174
8189 17456 6704574 1 194
8202 17458 6704584 1 205
8214 17462 6704594 1 217
8225 17468 6704604 1 241
8230 17470 6704614 1 252
8235 17474 6704624 1 254
8243 17481 6704634 1 267
8251 17490 6704644 1 293
8258 17499 6704654 1 321
8263 17510 6704664 1 349
8266 17523 6704674 1 378
8268 17536 6704684 1 393
8267 17551 6704694 1 408
8264 17565 6704704 1 438
8257 17580 6704714 1 467
8249 17593 6704724 1 496
8238 17605 6704734 1 525
8225 17615 6704744 1 540
8211 17621 6704754 1 554
8204 17624 6704764 1 565
8196 17625 6704774 1 581
8180 17625 6704784 1 608
8164 17622 6704794 1 638
8148 17617 6704804 1 667
8131 17609 6704814 1 682
8115 17600 6704824 1 698
8100 17590 6704834 1 728
8087 17579 6704844 1 757
8074 17568 6704854 1 785
8064 17557 6704864 1 809
8056 17547 6704874 1 819
8050 17539 6704884 1 821
8046 17533 6704894 1 831
8044 17529 6704904 1 851
8044 17528 6704914 1 861
8044 17528 6704924 1 868
8043 17527 6704934 1 881
8043 17527 6704944 1 892
8044 17526 6704954 1 901
8046 17524 6704964 1 907
8050 17522 6704974 1 911
8056 17518 6704984 1 912
8064 17513 6704994 1 911
8073 17508 6705004 1 907
8084 17501 6705014 1 903
8096 17494 6705024 1 895
8108 17486 6705034 1 886
8121 17478 6705044 1 874
8132 17470 6705054 1 861
8138 17466 6705064 1 854
8142 17462 6705074 1 846
8151 17455 6705084 1 829
8158 17449 6705094 1 810
8163 17444 6705104 1 790
8167 17440 6705114 1 768
8169 17438 6705124 1 746
8169 17437 6705134 1 734
8169 17436 6705144 1 721
8168 17437 6705154 1 695
8167 17438 6705164 1 668
8165 17440 6705174 1 639
8164 17442 6705184 1 609
8163 17444 6705194 1 578
8163 17446 6705204 1 547
8163 17447 6705214 1 530
8164 17448 6705224 1 513
8165 17451 6705234 1 480
8167 17453 6705244 1 445
8170 17456 6705254 1 410
8174 17459 6705264 1 373
8178 17462 6705274 1 336
8183 17465 6705284 1 298
8188 17468 6705294 1 260
8192 17470 6705304 1 221
8196 17472 6705314 1 222
8200 17473 6705324 1 224
8202 17473 6705334 1 225
8203 17473 6705344 1 227
8202 17473 6705354 1 229
8201 17473 6705364 1 231
8199 17473 6705374 1 232
8195 17473 6705384 1 234
8191 17474 6705394 1 235
8187 17475 6705404 1 238
8183 17477 6705414 1 244
8178 17480 6705424 1 254
8174 17483 6705434 1 270
8171 17488 6705444 1 294
8168 17492 6705454 1 327
8167 17496 6705464 1 370
8165 17501 6705474 1 425
8165 17504 6705484 1 493
8165 17507 6705494 1 576
8165 17509 6705504 1 675
