7857 17695 6635832 1 641
7857 17696 6635842 1 641
7857 17696 6635852 1 641
7858 17696 6635862 1 642
7861 17701 6635872 1 643
7869 17713 6635882 1 643
7889 17739 6635892 1 644
7896 17748 6635902 1 644
7898 17752 6635912 1 645
7896 17751 6635922 1 646
7893 17748 6635932 1 646
7891 17744 6635942 1 646
7889 17738 6635952 1 647
7889 17735 6635962 1 648
7890 17730 6635972 1 648
7890 17724 6635982 1 648
7889 17716 6635992 1 649
7887 17708 6636002 1 649
7882 17697 6636012 1 651
7881 17694 6636022 1 651
7881 17694 6636032 1 651
7882 17695 6636042 1 652
7882 17697 6636052 1 652
7881 17699 6636062 1 653
7878 17701 6636072 1 654
7877 17702 6636082 1 654
7876 17703 6636092 1 655
7875 17703 6636102 1 655
7874 17702 6636112 1 655
7874 17700 6636122 1 656
7874 17691 6636132 1 657
7875 17684 6636142 1 658
7877 17676 6636152 1 659
7879 17668 6636162 1 659
7882 17660 6636172 1 660
7885 17653 6636182 1 661
7888 17643 6636192 1 661
7888 17639 6636202 1 662
7886 17638 6636212 1 663
7883 17638 6636222 1 664
7879 17639 6636232 1 664
7873 17643 6636242 1 665
7859 17655 6636252 1 666
7850 17664 6636262 1 667
7841 17674 6636272 1 668
7832 17685 6636282 1 669
7824 17696 6636292 1 669
7816 17707 6636302 1 669
7806 17726 6636312 1 670
7804 17734 6636322 1 671
7804 17742 6636332 1 671
7807 17749 6636342 1 672
7811 17755 6636352 1 672
7817 17760 6636362 1 673
7834 17769 6636372 1 675
7844 17772 6636382 1 676
7854 17774 6636392 1 676
7864 17775 6636402 1 677
7873 17776 6636412 1 678
7881 17776 6636422 1 679
7896 17778 6636432 1 680
7903 17779 6636442 1 681
7909 17781 6636452 1 681
7914 17782 6636462 1 682
7919 17784 6636472 1 683
7924 17785 6636482 1 684
7931 17787 6636492 1 686
7933 17787 6636502 1 686
7933 17787 6636512 1 687
7932 17787 6636522 1 688
7929 17786 6636532 1 689
7924 17785 6636542 1 690
7909 17783 6636552 1 690
7899 17782 6636562 1 691
7890 17781 6636572 1 692
7880 17781 6636582 1 693
7871 17781 6636592 1 694
7862 17781 6636602 1 695
7851 17782 6636612 1 696
7848 17782 6636622 1 698
7847 17781 6636632 1 699
7848 17781 6636642 1 700
7849 17780 6636652 1 701
7852 17778 6636662 1 701
7856 17775 6636672 1 703
7858 17774 6636682 1 704
7859 17773 6636692 1 705
7858 17772 6636702 1 706
7857 17772 6636712 1 706
7854 17773 6636722 1 707
7847 17775 6636732 1 710
7844 17777 6636742 1 711
7840 17778 6636752 1 712
7838 17779 6636762 1 713
7836 17780 6636772 1 714
7837 17781 6636782 1 714
7842 17781 6636792 1 716
7848 17780 6636802 1 716
7854 17779 6636812 1 717
7862 17778 6636822 1 718
7870 17777 6636832 1 719
7878 17776 6636842 1 721
7893 17773 6636852 1 723
7899 17771 6636862 1 724
7903 17769 6636872 1 726
7906 17767 6636882 1 727
7908 17765 6636892 1 729
7910 17762 6636902 1 730
7910 17756 6636912 1 731
7910 17753 6636922 1 732
7910 17750 6636932 1 733
7909 17747 6636942 1 735
7909 17744 6636952 1 735
7909 17742 6636962 1 735
7908 17739 6636972 1 735
7907 17738 6636982 1 736
7906 17739 6636992 1 735
7905 17740 6637002 1 735
7904 17741 6637012 1 736
7902 17743 6637022 1 735
7899 17748 6637032 1 735
7897 17750 6637042 1 734
7896 17753 6637052 1 734
7894 17755 6637062 1 735
7892 17757 6637072 1 735
7891 17759 6637082 1 735
7889 17760 6637092 1 736
7888 17758 6637102 1 738
7887 17756 6637112 1 738
7886 17752 6637122 1 739
7886 17749 6637132 1 741
7885 17746 6637142 1 743
7885 17741 6637152 1 750
7885 17740 6637162 1 751
7885 17739 6637172 1 754
7885 17738 6637182 1 759
7885 17738 6637192 1 764
7885 17737 6637202 1 770
7887 17737 6637212 1 782
7888 17737 6637222 1 786
7889 17736 6637232 1 793
7891 17736 6637242 1 801
7893 17737 6637252 1 804
7894 17737 6637262 1 806
7896 17739 6637272 1 810
7896 17740 6637282 1 812
7895 17741 6637292 1 810
7894 17743 6637302 1 806
7893 17745 6637312 1 798
7891 17747 6637322 1 793
7889 17751 6637332 1 769
7888 17752 6637342 1 748
7888 17754 6637352 1 726
7888 17756 6637362 1 702
7887 17758 6637372 1 690
7886 17759 6637382 1 678
7880 17762 6637392 1 636
7874 17764 6637402 1 619
7866 17765 6637412 1 608
7855 17766 6637422 1 603
7843 17768 6637432 1 601
7830 17769 6637442 1 600
7803 17772 6637452 1 623
7790 17773 6637462 1 649
7779 17773 6637472 1 668
7770 17771 6637482 1 684
7765 17767 6637492 1 704
7764 17759 6637502 1 730
7769 17734 6637512 1 861
7775 17716 6637522 1 904
7785 17698 6637532 1 940
7797 17680 6637542 1 982
7812 17663 6637552 1 980
7829 17649 6637562 1 978
7864 17628 6637572 1 975
7880 17622 6637582 1 974
7895 17619 6637592 1 973
7907 17619 6637602 1 971
7918 17622 6637612 1 969
7928 17626 6637622 1 968
7944 17639 6637632 1 966
7951 17647 6637642 1 964
7956 17657 6637652 1 963
7960 17667 6637662 1 961
7964 17679 6637672 1 960
7966 17691 6637682 1 958
7967 17715 6637692 1 956
7965 17726 6637702 1 954
7961 17738 6637712 1 952
7955 17748 6637722 1 921
7948 17759 6637732 1 898
7938 17769 6637742 1 790
7914 17788 6637752 1 305
7900 17796 6637762 1 126
7886 17803 6637772 1 128
7872 17809 6637782 1 139
7859 17814 6637792 1 132
7848 17818 6637802 1 135
7828 17820 6637812 1 139
7821 17818 6637822 1 142
7815 17814 6637832 1 144
7811 17808 6637842 1 146
7809 17800 6637852 1 148
7809 17789 6637862 1 151
7818 17764 6637872 1 155
7827 17750 6637882 1 157
7838 17736 6637892 1 161
7850 17721 6637902 1 169
7862 17707 6637912 1 179
7875 17694 6637922 1 192
7900 17672 6637932 1 216
7910 17665 6637942 1 226
7920 17659 6637952 1 244
7927 17656 6637962 1 255
7933 17654 6637972 1 266
7938 17655 6637982 1 288
7944 17662 6637992 1 311
7946 17668 6638002 1 335
7947 17676 6638012 1 360
7947 17686 6638022 1 385
7946 17697 6638032 1 411
7944 17710 6638042 1 424
7935 17738 6638052 1 464
7928 17752 6638062 1 490
7919 17765 6638072 1 515
7909 17777 6638082 1 540
7899 17788 6638092 1 553
7888 17797 6638102 1 566
7868 17810 6638112 1 612
7858 17813 6638122 1 638
7850 17815 6638132 1 663
7842 17814 6638142 1 676
7834 17812 6638152 1 689
7828 17807 6638162 1 715
7819 17792 6638172 1 763
7816 17781 6638182 1 783
7814 17770 6638192 1 791
7813 17759 6638202 1 793
7814 17748 6638212 1 801
7816 17739 6638222 1 817
7819 17725 6638232 1 842
7820 17719 6638242 1 851
7820 17712 6638252 1 858
7821 17706 6638262 1 862
7822 17700 6638272 1 865
7825 17695 6638282 1 866
7833 17685 6638292 1 861
7839 17681 6638302 1 856
7845 17678 6638312 1 850
7851 17675 6638322 1 842
7857 17673 6638332 1 832
7862 17671 6638342 1 821
7871 17669 6638352 1 794
7874 17668 6638362 1 778
7876 17668 6638372 1 762
7877 17668 6638382 1 744
7878 17668 6638392 1 725
7878 17668 6638402 1 715
7878 17667 6638412 1 684
7879 17666 6638422 1 662
7880 17665 6638432 1 639
7882 17664 6638442 1 615
7885 17662 6638452 1 591
7888 17660 6638462 1 566
7896 17657 6638472 1 513
7900 17655 6638482 1 486
7904 17654 6638492 1 458
7908 17654 6638502 1 430
7911 17653 6638512 1 401
7913 17653 6638522 1 372
7916 17654 6638532 1 313
7916 17655 6638542 1 314
7915 17655 6638552 1 317
7914 17656 6638562 1 318
7913 17656 6638572 1 321
7911 17656 6638582 1 322
7907 17655 6638592 1 326
7905 17654 6638602 1 328
7903 17653 6638612 1 330
7901 17652 6638622 1 333
7899 17650 6638632 1 338
7897 17649 6638642 1 346
7893 17648 6638652 1 378
7891 17648 6638662 1 403
7890 17649 6638672 1 436
7889 17651 6638682 1 478
7888 17653 6638692 1 530
7887 17656 6638702 1 592
