7747 18578 2809902 1 808
7748 18578 2809912 1 603
7748 18578 2809922 1 436
7748 18577 2809932 1 303
7749 18577 2809942 1 200
7749 18576 2809952 1 123
7750 18574 2809962 1 69
7751 18573 2809972 1 33
7751 18572 2809982 1 13
7752 18572 2809992 1 3
7754 18572 2810002 0 0
7755 18571 2810012 0 0
7755 18570 2810022 0 0
7756 18569 2810032 0 0
7756 18568 2810042 0 0
7756 18567 2810052 0 0
7757 18566 2810062 0 0
7757 18565 2810072 0 0
7758 18563 2810082 0 0
7759 18561 2810092 0 0
7761 18560 2810102 0 0
7762 18558 2810112 0 0
7762 18557 2810122 1 4
7762 18555 2810132 1 15
7762 18553 2810142 1 31
7762 18551 2810152 1 51
7761 18549 2810162 1 75
7761 18547 2810172 1 103
7760 18546 2810182 1 133
7759 18546 2810192 1 166
7758 18545 2810202 1 200
7756 18544 2810212 1 235
7754 18543 2810222 1 271
7752 18542 2810232 1 307
7749 18541 2810242 1 343
7746 18540 2810252 1 377
7744 18539 2810262 1 409
7741 18538 2810272 1 439
7739 18537 2810282 1 466
7737 18536 2810292 1 489
7736 18536 2810302 1 509
7735 18535 2810312 1 523
7734 18535 2810322 1 533
7734 18535 2810332 1 540
7734 18534 2810342 1 554
7735 18534 2810352 1 562
7736 18533 2810362 1 567
7738 18533 2810372 1 581
7740 18533 2810382 1 594
7743 18532 2810392 1 607
7747 18532 2810402 1 617
7750 18532 2810412 1 630
7753 18531 2810422 1 636
7757 18531 2810432 1 640
7760 18531 2810442 1 650
7763 18531 2810452 1 661
7765 18532 2810462 1 664
7767 18532 2810472 1 665
7770 18532 2810482 1 670
7773 18533 2810492 1 678
7776 18534 2810502 1 688
7780 18535 2810512 1 696
7783 18536 2810522 1 702
7786 18537 2810532 1 710
7789 18538 2810542 1 717
7792 18540 2810552 1 724
7795 18541 2810562 1 730
7798 18543 2810572 1 733
7802 18545 2810582 1 736
7805 18547 2810592 1 738
7807 18548 2810602 1 739
7808 18548 2810612 1 741
7811 18550 2810622 1 746
7812 18552 2810632 1 750
7814 18553 2810642 1 754
7814 18555 2810652 1 758
7815 18557 2810662 1 762
7816 18558 2810672 1 766
7817 18561 2810682 1 769
7817 18563 2810692 1 770
7818 18566 2810702 1 771
7818 18568 2810712 1 774
7818 18570 2810722 1 777
7818 18572 2810732 1 778
7818 18573 2810742 1 779
7817 18574 2810752 1 780
7817 18576 2810762 1 782
7817 18578 2810772 1 783
7817 18580 2810782 1 783
7816 18582 2810792 1 783
7816 18584 2810802 1 784
7816 18586 2810812 1 784
7816 18588 2810822 1 784
7817 18590 2810832 1 786
7817 18591 2810842 1 786
7818 18593 2810852 1 786
7818 18594 2810862 1 784
7818 18595 2810872 1 784
7818 18596 2810882 1 784
7817 18597 2810892 1 784
7815 18599 2810902 1 783
7813 18601 2810912 1 782
7809 18603 2810922 1 781
7805 18605 2810932 1 780
7801 18606 2810942 1 779
7797 18608 2810952 1 779
7792 18609 2810962 1 778
7787 18611 2810972 1 776
7782 18612 2810982 1 775
7777 18613 2810992 1 774
7771 18614 2811002 1 771
7765 18615 2811012 1 770
7762 18615 2811022 1 768
7759 18616 2811032 1 767
7754 18616 2811042 1 767
7749 18616 2811052 1 766
7746 18616 2811062 1 763
7743 18616 2811072 1 761
7741 18615 2811082 1 759
7740 18615 2811092 1 757
7739 18614 2811102 1 754
7738 18613 2811112 1 753
7738 18612 2811122 1 752
7738 18611 2811132 1 749
7739 18610 2811142 1 748
7740 18609 2811152 1 747
7740 18608 2811162 1 746
7740 18608 2811172 1 745
7741 18607 2811182 1 743
7743 18605 2811192 1 740
7746 18604 2811202 1 738
7749 18603 2811212 1 735
7753 18601 2811222 1 733
7757 18599 2811232 1 731
7762 18597 2811242 1 729
7767 18595 2811252 1 726
7772 18593 2811262 1 725
7777 18591 2811272 1 724
7782 18589 2811282 1 723
7787 18587 2811292 1 723
7790 18586 2811302 1 722
7792 18585 2811312 1 720
7798 18583 2811322 1 718
7804 18580 2811332 1 716
7809 18578 2811342 1 714
7815 18576 2811352 1 713
7819 18573 2811362 1 711
7823 18571 2811372 1 710
7826 18569 2811382 1 709
7829 18568 2811392 1 709
7831 18566 2811402 1 708
7832 18565 2811412 1 706
7833 18563 2811422 1 705
7834 18562 2811432 1 704
7835 18561 2811442 1 704
7835 18560 2811452 1 704
7836 18558 2811462 1 704
7837 18556 2811472 1 703
7838 18554 2811482 1 703
7838 18552 2811492 1 703
7838 18551 2811502 1 703
7838 18550 2811512 1 703
7838 18548 2811522 1 703
7838 18547 2811532 1 703
7839 18545 2811542 1 703
7840 18544 2811552 1 704
7841 18542 2811562 1 706
7842 18541 2811572 1 707
7843 18540 2811582 1 708
7843 18539 2811592 1 708
7844 18539 2811602 1 710
7846 18538 2811612 1 711
7848 18537 2811622 1 712
7850 18537 2811632 1 713
7852 18536 2811642 1 713
7855 18535 2811652 1 716
7857 18534 2811662 1 718
7860 18532 2811672 1 721
7862 18531 2811682 1 725
7864 18530 2811692 1 728
7866 18530 2811702 1 732
7867 18529 2811712 1 736
7868 18529 2811722 1 737
7869 18528 2811732 1 737
7871 18528 2811742 1 740
7873 18527 2811752 1 744
7875 18526 2811762 1 749
7878 18526 2811772 1 754
7880 18526 2811782 1 759
7882 18526 2811792 1 765
7884 18526 2811802 1 769
7886 18526 2811812 1 771
7887 18526 2811822 1 778
7888 18525 2811832 1 785
7889 18525 2811842 1 787
7889 18525 2811852 1 791
7890 18525 2811862 1 794
7890 18525 2811872 1 798
7890 18526 2811882 1 807
7890 18526 2811892 1 814
7890 18526 2811902 1 823
7891 18526 2811912 1 832
7891 18527 2811922 1 841
7891 18527 2811932 1 850
7891 18527 2811942 1 860
7891 18528 2811952 1 865
7890 18529 2811962 1 869
7889 18529 2811972 1 873
7888 18530 2811982 1 879
7886 18531 2811992 1 889
7885 18532 2812002 1 894
7884 18532 2812012 1 899
7881 18533 2812022 1 909
7879 18534 2812032 1 919
7877 18535 2812042 1 928
7874 18536 2812052 1 938
7872 18536 2812062 1 947
7869 18537 2812072 1 952
7866 18538 2812082 1 956
7863 18538 2812092 1 965
7861 18539 2812102 1 973
7858 18540 2812112 1 981
7856 18541 2812122 1 988
7855 18541 2812132 1 995
7854 18542 2812142 1 998
7854 18542 2812152 1 999
7853 18543 2812162 1 1002
7852 18544 2812172 1 1008
7851 18545 2812182 1 1012
7849 18546 2812192 1 1016
7846 18547 2812202 1 1017
7844 18549 2812212 1 1021
7842 18550 2812222 1 1024
7840 18551 2812232 1 1024
7838 18551 2812242 1 1024
7836 18552 2812252 1 1024
7835 18552 2812262 1 1024
7833 18553 2812272 1 1024
7833 18553 2812282 1 1024
7832 18553 2812292 1 1024
7831 18553 2812302 1 1021
7829 18553 2812312 1 1020
7828 18553 2812322 1 1018
7827 18553 2812332 1 1015
7826 18553 2812342 1 1008
7825 18553 2812352 1 1001
7824 18553 2812362 1 993
7823 18553 2812372 1 983
7823 18553 2812382 1 972
7823 18552 2812392 1 959
7823 18552 2812402 1 945
7823 18552 2812412 1 938
7823 18551 2812422 1 937
7824 18551 2812432 1 931
7824 18551 2812442 1 913
7825 18550 2812452 1 895
7825 18549 2812462 1 875
7826 18549 2812472 1 853
7826 18548 2812482 1 830
7826 18547 2812492 1 819
7826 18546 2812502 1 806
7826 18545 2812512 1 780
7827 18544 2812522 1 753
7827 18543 2812532 1 739
7827 18542 2812542 1 724
7827 18542 2812552 1 695
7827 18541 2812562 1 680
7827 18541 2812572 1 666
7828 18540 2812582 1 635
7828 18540 2812592 1 603
7828 18539 2812602 1 572
7829 18538 2812612 1 539
7830 18538 2812622 1 506
7832 18537 2812632 1 473
7835 18537 2812642 1 457
7837 18536 2812652 1 441
7839 18536 2812662 1 428
7841 18536 2812672 1 408
7843 18535 2812682 1 375
7845 18535 2812692 1 342
7846 18535 2812702 1 325
7847 18535 2812712 1 309
7849 18535 2812722 1 277
7851 18534 2812732 1 245
7853 18534 2812742 1 213
7855 18533 2812752 1 183
7856 18533 2812762 1 168
7857 18532 2812772 1 154
7858 18532 2812782 1 124
7859 18532 2812792 1 96
7859 18531 2812802 1 69
7860 18531 2812812 1 43
7861 18531 2812822 1 19
7862 18532 2812832 1 7
7862 18532 2812842 1 4
7863 18532 2812852 0 0
7864 18533 2812862 0 0
7865 18533 2812872 0 0
7865 18534 2812882 0 0
7866 18535 2812892 0 0
7866 18536 2812902 0 0
7866 18537 2812912 0 0
7866 18537 2812922 0 0
7866 18538 2812932 0 0
7865 18539 2812942 0 0
7864 18540 2812952 0 0
7863 18540 2812962 0 0
7862 18541 2812972 0 0
7862 18541 2812982 0 0
7861 18541 2812992 0 0
7860 18542 2813002 0 0
7859 18542 2813012 0 0
7858 18543 2813022 0 0
7857 18543 2813032 0 0
7856 18544 2813042 0 0
7856 18544 2813052 0 0
7855 18545 2813062 0 0
7854 18546 2813072 0 0
7853 18546 2813082 0 0
7852 18547 2813092 0 0
7851 18548 2813102 0 0
7850 18549 2813112 0 0
7849 18549 2813122 0 0
7849 18549 2813132 0 0
7848 18550 2813142 0 0
7847 18551 2813152 0 0
7847 18552 2813162 0 0
7846 18553 2813172 0 0
7846 18554 2813182 0 0
7846 18556 2813192 0 0
7846 18557 2813202 0 0
7846 18558 2813212 1 31
7846 18559 2813222 1 47
7847 18560 2813232 1 66
7848 18561 2813242 1 102
7849 18562 2813252 1 140
7849 18562 2813262 1 159
7850 18563 2813272 1 179
7851 18564 2813282 1 220
7853 18564 2813292 1 261
7854 18565 2813302 1 301
7855 18566 2813312 1 341
7856 18566 2813322 1 380
7857 18566 2813332 1 399
7858 18567 2813342 1 418
7859 18567 2813352 1 434
7860 18567 2813362 1 455
7861 18568 2813372 1 489
7861 18568 2813382 1 521
7862 18568 2813392 1 551
7862 18568 2813402 1 566
7862 18568 2813412 1 580
7862 18568 2813422 1 609
7862 18568 2813432 1 638
7861 18568 2813442 1 666
7861 18569 2813452 1 679
7860 18569 2813462 1 692
7859 18569 2813472 1 718
7858 18568 2813482 1 745
7857 18568 2813492 1 769
7856 18568 2813502 1 792
7856 18568 2813512 1 814
7856 18567 2813522 1 825
7855 18566 2813532 1 836
7855 18566 2813542 1 844
7855 18566 2813552 1 855
7855 18565 2813562 1 873
7856 18564 2813572 1 882
7857 18564 2813582 1 891
7857 18563 2813592 1 906
7858 18562 2813602 1 919
7859 18561 2813612 1 932
7860 18560 2813622 1 943
7860 18559 2813632 1 951
7860 18559 2813642 1 959
7860 18558 2813652 1 963
7860 18557 2813662 1 966
7860 18556 2813672 1 967
7860 18556 2813682 1 967
7860 18555 2813692 1 968
7861 18555 2813702 1 967
7861 18554 2813712 1 967
7861 18553 2813722 1 968
7861 18552 2813732 1 968
7861 18552 2813742 1 965
7862 18551 2813752 1 959
7862 18551 2813762 1 953
7862 18551 2813772 1 944
7862 18551 2813782 1 934
7862 18551 2813792 1 929
7863 18551 2813802 1 922
7863 18551 2813812 1 910
7863 18551 2813822 1 904
7864 18551 2813832 1 898
7864 18551 2813842 1 883
7865 18552 2813852 1 869
7866 18552 2813862 1 853
7867 18553 2813872 1 845
7867 18553 2813882 1 838
7868 18554 2813892 1 822
7868 18555 2813902 1 807
7869 18555 2813912 1 800
7870 18556 2813922 1 791
7871 18556 2813932 1 777
7871 18557 2813942 1 763
7872 18557 2813952 1 749
7872 18557 2813962 1 742
7872 18557 2813972 1 737
7873 18557 2813982 1 725
7873 18557 2813992 1 715
7873 18557 2814002 1 706
7873 18557 2814012 1 698
7873 18557 2814022 1 695
7873 18556 2814032 1 693
7873 18556 2814042 1 691
7873 18555 2814052 1 689
7873 18555 2814062 1 687
7873 18555 2814072 1 687
7873 18554 2814082 1 690
7873 18554 2814092 1 694
7873 18554 2814102 1 697
7873 18554 2814112 1 703
7872 18554 2814122 1 713
7872 18554 2814132 1 725
7871 18554 2814142 1 733
7870 18555 2814152 1 742
7868 18555 2814162 1 762
7867 18555 2814172 1 784
7865 18555 2814182 1 811
7863 18556 2814192 1 841
7862 18556 2814202 1 875
7860 18557 2814212 1 893
7859 18557 2814222 1 913
7859 18558 2814232 1 954
7858 18559 2814242 1 979
7858 18559 2814252 1 1000
7858 18560 2814262 1 1024
7859 18561 2814272 1 1024
7859 18562 2814282 1 1024
7861 18562 2814292 1 1024
7862 18563 2814302 1 1024
7864 18564 2814312 1 1024
7866 18564 2814322 1 1024
7868 18565 2814332 1 1024
7870 18566 2814342 1 1024
7873 18566 2814352 1 1024
7875 18567 2814362 1 1024
7877 18567 2814372 1 1024
7878 18567 2814382 1 1024
7879 18568 2814392 1 1024
7881 18568 2814402 1 1024
7882 18568 2814412 1 1024
7883 18568 2814422 1 1024
7884 18569 2814432 1 1024
7885 18569 2814442 1 1024
7885 18569 2814452 1 1024
7885 18570 2814462 1 1024
7885 18570 2814472 1 1024
7885 18571 2814482 1 1024
7885 18571 2814492 1 1024
7884 18571 2814502 1 1024
7883 18572 2814512 1 1024
7883 18572 2814522 1 1024
7883 18572 2814532 1 1024
7882 18572 2814542 1 1024
7881 18572 2814552 1 1024
7880 18572 2814562 1 1024
7879 18572 2814572 1 1024
7878 18572 2814582 1 1024
7877 18572 2814592 1 1024
7876 18571 2814602 1 1024
7875 18571 2814612 1 1024
7874 18571 2814622 1 1024
7873 18571 2814632 1 1024
7872 18571 2814642 1 1024
7871 18571 2814652 1 1024
7870 18571 2814662 1 1024
7870 18571 2814672 1 1024
7869 18570 2814682 1 1024
7867 18570 2814692 1 1024
7866 18570 2814702 1 1024
7865 18570 2814712 1 1024
7864 18571 2814722 1 1024
7864 18571 2814732 1 1024
7863 18571 2814742 1 1024
7863 18571 2814752 1 1024
7863 18571 2814762 1 1024
7863 18571 2814772 1 1024
7863 18571 2814782 1 1024
7863 18571 2814792 1 1024
7864 18571 2814802 1 1024
7864 18571 2814812 1 1024
7864 18571 2814822 1 1024
7865 18570 2814832 1 1024
7865 18570 2814842 1 1024
7866 18570 2814852 1 1024
7867 18570 2814862 1 1024
7868 18570 2814872 1 1024
7869 18570 2814882 1 943
7871 18569 2814892 1 724
7872 18569 2814902 1 303
7873 18569 2814912 0 0
7875 18569 2814922 0 0
7877 18569 2814932 0 0
7878 18569 2814942 0 0
7879 18569 2814952 0 0
7881 18569 2814962 0 0
7883 18569 2814972 0 0
7885 18569 2814982 0 0
7887 18569 2814992 0 0
7889 18569 2815002 0 0
7890 18569 2815012 0 0
7891 18569 2815022 0 0
7892 18569 2815032 0 0
7892 18568 2815042 0 0
7892 18568 2815052 0 0
7891 18568 2815062 0 0
7891 18568 2815072 0 0
7891 18568 2815082 0 0
7890 18568 2815092 0 0
7890 18568 2815102 1 20
7890 18567 2815112 1 45
7890 18567 2815122 1 74
7890 18567 2815132 1 103
7890 18567 2815142 1 135
7890 18567 2815152 1 168
7891 18566 2815162 1 201
7892 18566 2815172 1 235
7893 18567 2815182 1 266
7894 18567 2815192 1 295
7895 18567 2815202 1 321
7896 18568 2815212 1 343
7897 18568 2815222 1 354
7897 18568 2815232 1 362
7898 18569 2815242 1 374
7900 18569 2815252 1 380
7901 18569 2815262 1 381
7902 18570 2815272 1 382
7902 18570 2815282 1 375
7903 18570 2815292 1 360
7904 18571 2815302 1 328
7904 18571 2815312 1 255
7905 18571 2815322 1 160
7906 18571 2815332 0 0
7907 18570 2815342 0 0
7908 18570 2815352 0 0
7908 18570 2815362 0 0
7908 18570 2815372 0 0
7909 18570 2815382 0 0
7910 18569 2815392 0 0
7911 18569 2815402 0 0
7912 18569 2815412 0 0
7913 18569 2815422 0 0
7914 18569 2815432 0 0
7915 18568 2815442 0 0
7917 18568 2815452 0 0
7918 18568 2815462 0 0
7920 18568 2815472 0 0
7922 18568 2815482 0 0
7923 18568 2815492 0 0
7924 18569 2815502 0 0
7925 18569 2815512 0 0
7926 18569 2815522 0 0
7927 18569 2815532 0 0
7928 18569 2815542 0 0
7929 18569 2815552 0 0
7929 18569 2815562 0 0
7930 18570 2815572 0 0
7930 18570 2815582 0 0
7929 18569 2815592 0 0
7928 18569 2815602 0 0
7927 18569 2815612 0 0
7926 18569 2815622 0 0
7925 18569 2815632 0 0
7925 18568 2815642 0 0
7924 18568 2815652 0 0
7923 18568 2815662 0 0
7922 18567 2815672 0 0
7920 18567 2815682 0 0
7919 18566 2815692 0 0
7917 18566 2815702 1 17
7916 18565 2815712 1 73
7914 18565 2815722 1 134
7913 18564 2815732 1 204
7911 18563 2815742 1 240
7910 18563 2815752 1 278
7909 18562 2815762 1 309
7908 18561 2815772 1 355
7908 18561 2815782 1 389
7907 18561 2815792 1 435
7907 18560 2815802 1 516
7907 18559 2815812 1 597
7907 18559 2815822 1 675
7907 18558 2815832 1 751
7907 18557 2815842 1 822
7908 18556 2815852 1 886
7908 18556 2815862 1 917
7909 18555 2815872 1 943
7910 18554 2815882 1 991
7912 18554 2815892 1 1024
7913 18554 2815902 1 1024
7915 18553 2815912 1 1024
7916 18553 2815922 1 1024
7916 18553 2815932 1 1024
7918 18553 2815942 1 1024
7919 18552 2815952 1 1024
7920 18552 2815962 1 1024
7920 18551 2815972 1 1024
7921 18551 2815982 1 1024
7920 18550 2815992 1 1024
7920 18550 2816002 1 1024
7919 18549 2816012 1 1024
7918 18549 2816022 1 1024
7916 18549 2816032 1 1024
7915 18549 2816042 1 1024
7914 18549 2816052 1 1024
7914 18548 2816062 1 1024
7913 18548 2816072 1 1024
7912 18548 2816082 1 1024
7911 18548 2816092 1 1024
7910 18548 2816102 1 1024
7909 18548 2816112 1 1024
7908 18548 2816122 1 1024
7907 18548 2816132 1 1024
7906 18548 2816142 1 1024
7906 18548 2816152 1 1024
7906 18547 2816162 1 1024
7906 18547 2816172 1 1024
7907 18547 2816182 1 1024
7907 18546 2816192 1 1024
7908 18546 2816202 1 1024
7908 18545 2816212 1 1024
7909 18545 2816222 1 1024
7911 18544 2816232 1 1024
7913 18543 2816242 1 1024
7915 18543 2816252 1 1024
7917 18542 2816262 1 1024
7920 18541 2816272 1 1024
7923 18541 2816282 1 1024
7925 18540 2816292 1 1024
7928 18540 2816302 1 1024
7930 18540 2816312 1 1024
7931 18539 2816322 1 1024
7933 18539 2816332 1 1024
7933 18539 2816342 1 1024
7934 18539 2816352 1 1024
7934 18539 2816362 1 1024
7934 18538 2816372 1 1024
7934 18538 2816382 1 1024
7934 18537 2816392 1 1024
7933 18537 2816402 1 1024
7932 18537 2816412 1 1024
7931 18536 2816422 1 1024
7929 18536 2816432 1 1024
7928 18535 2816442 1 1024
7926 18535 2816452 1 1024
7924 18535 2816462 1 1024
7922 18535 2816472 1 1024
7921 18535 2816482 1 1024
7920 18534 2816492 1 1024
7918 18534 2816502 1 1024
7916 18534 2816512 1 1024
7914 18534 2816522 1 1024
7913 18533 2816532 1 1024
7911 18533 2816542 1 1024
7910 18532 2816552 1 1024
7909 18532 2816562 1 1024
7909 18531 2816572 1 1024
7909 18531 2816582 1 1024
7910 18530 2816592 1 1024
7911 18529 2816602 1 1024
7912 18529 2816612 1 1024
7913 18528 2816622 1 1024
7913 18528 2816632 1 1024
7915 18527 2816642 1 1024
7917 18527 2816652 1 1024
7919 18526 2816662 1 1024
7921 18526 2816672 1 1024
7923 18526 2816682 1 1024
7926 18525 2816692 1 1024
7928 18525 2816702 1 1024
7930 18525 2816712 1 1024
7932 18525 2816722 1 1024
7934 18524 2816732 1 1024
7936 18524 2816742 1 1024
7938 18524 2816752 1 1024
7938 18524 2816762 1 1024
7939 18523 2816772 1 1024
7940 18523 2816782 1 1024
7941 18523 2816792 1 1024
7941 18522 2816802 1 1024
7941 18522 2816812 1 1024
7941 18522 2816822 1 1024
7941 18521 2816832 1 1024
7940 18521 2816842 1 1024
7940 18521 2816852 1 1024
7939 18520 2816862 1 1024
7939 18520 2816872 1 1024
7938 18520 2816882 1 1024
7937 18520 2816892 1 1024
7937 18520 2816902 1 1024
7937 18519 2816912 1 1024
7936 18519 2816922 1 1024
7935 18519 2816932 1 1024
7934 18519 2816942 1 1024
7933 18519 2816952 1 1024
7933 18520 2816962 1 1024
7932 18520 2816972 1 1024
7931 18520 2816982 1 1024
7931 18521 2816992 1 1024
7931 18521 2817002 1 1024
7931 18521 2817012 1 1024
7931 18521 2817022 1 1024
7931 18521 2817032 1 1024
7931 18521 2817042 1 1024
7931 18521 2817052 1 1024
7930 18520 2817062 1 1024
7929 18520 2817072 1 1024
7928 18520 2817082 1 1024
7928 18520 2817092 1 1024
7927 18520 2817102 1 1024
7926 18521 2817112 1 1024
7926 18521 2817122 1 1024
7925 18521 2817132 1 1024
7925 18522 2817142 1 1024
7925 18523 2817152 1 1024
7925 18523 2817162 1 1024
7925 18524 2817172 1 1024
7925 18524 2817182 1 1024
7925 18525 2817192 1 1024
7925 18526 2817202 1 1024
7925 18526 2817212 1 1024
7926 18527 2817222 1 1024
7926 18528 2817232 1 1024
7927 18529 2817242 1 1024
7927 18530 2817252 1 1024
7928 18532 2817262 1 1024
7929 18533 2817272 1 1024
7930 18534 2817282 1 1024
7930 18535 2817292 1 1024
7931 18536 2817302 1 1024
7933 18536 2817312 1 1024
7933 18537 2817322 1 1024
7934 18537 2817332 1 1024
7935 18538 2817342 1 1024
7937 18539 2817352 1 1024
7938 18540 2817362 1 1024
7940 18541 2817372 1 1024
7941 18542 2817382 1 1024
7943 18543 2817392 1 1024
7944 18545 2817402 1 1024
7945 18546 2817412 1 1024
7945 18547 2817422 1 1024
7945 18548 2817432 1 1024
7946 18549 2817442 1 1024
7946 18549 2817452 1 1024
7946 18550 2817462 1 1024
7947 18550 2817472 1 1024
7947 18551 2817482 1 1024
7948 18552 2817492 1 1024
7949 18553 2817502 1 1024
7949 18553 2817512 1 1024
7950 18554 2817522 1 1024
7950 18554 2817532 1 1024
7950 18554 2817542 1 1024
7950 18554 2817552 1 1024
7950 18554 2817562 1 1024
7950 18553 2817572 1 1024
7950 18553 2817582 1 1024
7949 18553 2817592 1 1024
7949 18552 2817602 1 1024
7949 18552 2817612 1 1024
7948 18552 2817622 1 1024
7948 18552 2817632 1 1024
7947 18552 2817642 1 1024
7946 18552 2817652 1 1024
7945 18552 2817662 1 1024
7943 18553 2817672 1 1024
7942 18553 2817682 1 1024
7941 18553 2817692 1 1024
7940 18553 2817702 1 1024
7939 18554 2817712 1 1024
7938 18554 2817722 1 1024
7938 18554 2817732 1 1024
7938 18554 2817742 1 1024
7937 18554 2817752 1 1024
7937 18555 2817762 1 1024
7936 18555 2817772 1 1024
7935 18555 2817782 1 1024
7934 18555 2817792 1 1024
7933 18555 2817802 1 1024
7932 18555 2817812 1 1024
7930 18555 2817822 1 1024
7929 18555 2817832 1 1024
7927 18555 2817842 1 1024
7925 18555 2817852 1 1024
7924 18554 2817862 1 1024
7922 18554 2817872 1 1024
7922 18554 2817882 1 1024
7921 18554 2817892 1 1024
7920 18553 2817902 1 1024
7920 18553 2817912 1 1024
7919 18552 2817922 1 1024
7919 18552 2817932 1 1024
7919 18552 2817942 1 1024
7919 18552 2817952 1 1024
7919 18552 2817962 1 1024
7920 18552 2817972 1 1024
7920 18552 2817982 1 1024
7921 18552 2817992 1 1024
7922 18552 2818002 1 1024
7922 18552 2818012 1 1024
7923 18552 2818022 1 1024
7923 18552 2818032 1 1024
7924 18552 2818042 1 1024
7925 18552 2818052 1 1024
7926 18552 2818062 1 1024
7926 18552 2818072 1 1024
7927 18552 2818082 1 1024
7927 18552 2818092 1 1024
7928 18553 2818102 1 1024
7929 18553 2818112 1 1024
7930 18553 2818122 1 1024
7932 18553 2818132 1 1024
7933 18553 2818142 1 1024
7935 18554 2818152 1 1024
7935 18554 2818162 1 1024
7936 18554 2818172 1 1024
7938 18554 2818182 1 1024
7940 18555 2818192 1 1024
7942 18555 2818202 1 1024
7944 18556 2818212 1 1024
7946 18557 2818222 1 1024
7948 18558 2818232 1 1024
7950 18559 2818242 1 1024
7953 18560 2818252 1 1024
7955 18561 2818262 1 1024
7956 18562 2818272 1 1024
7958 18563 2818282 1 1024
7960 18564 2818292 1 1024
7961 18564 2818302 1 1024
7961 18565 2818312 1 1024
7962 18565 2818322 1 1024
7963 18566 2818332 1 1024
7964 18566 2818342 1 1024
7965 18567 2818352 1 1024
7966 18568 2818362 1 1024
7967 18568 2818372 1 1024
7968 18569 2818382 1 1024
7969 18569 2818392 1 1024
7969 18570 2818402 1 1024
7968 18571 2818412 1 1024
7968 18571 2818422 1 1024
7967 18572 2818432 1 1024
7966 18573 2818442 1 1024
7966 18573 2818452 1 1024
7964 18574 2818462 1 1024
7963 18575 2818472 1 1024
7961 18576 2818482 1 1024
7959 18577 2818492 1 1024
7957 18577 2818502 1 1024
7954 18578 2818512 1 1024
7952 18579 2818522 1 1024
7950 18580 2818532 1 1024
7948 18580 2818542 1 1024
7946 18581 2818552 1 1024
7944 18582 2818562 1 1024
7942 18582 2818572 1 1024
7942 18583 2818582 1 1024
7941 18583 2818592 1 1024
7940 18584 2818602 1 1024
7938 18585 2818612 1 1024
7937 18585 2818622 1 1024
7936 18586 2818632 1 1024
7935 18586 2818642 1 1024
7934 18586 2818652 1 1024
7933 18586 2818662 1 1024
7933 18586 2818672 1 1024
7932 18586 2818682 1 1024
7932 18586 2818692 1 1024
7932 18585 2818702 1 1024
7932 18585 2818712 1 1024
7931 18584 2818722 1 1024
7931 18584 2818732 1 1024
7931 18583 2818742 1 1024
7931 18583 2818752 1 1024
7931 18582 2818762 1 1024
7931 18581 2818772 1 1024
7931 18580 2818782 1 1024
7931 18580 2818792 1 1024
7931 18580 2818802 1 1024
7932 18579 2818812 1 1024
7932 18579 2818822 1 1024
7933 18579 2818832 1 1024
7933 18579 2818842 1 1024
7933 18579 2818852 1 1024
7932 18579 2818862 1 1024
7932 18580 2818872 1 1024
7932 18580 2818882 1 1024
7932 18580 2818892 1 1024
7933 18580 2818902 1 1024
7933 18580 2818912 1 1024
7934 18579 2818922 1 1024
7935 18579 2818932 1 1024
7936 18580 2818942 1 1024
7937 18580 2818952 1 1024
7939 18580 2818962 1 1024
7940 18580 2818972 1 1024
7941 18581 2818982 1 1024
7943 18581 2818992 1 1024
7944 18582 2819002 1 1024
7944 18582 2819012 1 1024
7945 18583 2819022 1 1024
7946 18583 2819032 1 1024
7946 18583 2819042 1 1024
7947 18584 2819052 1 1024
7948 18584 2819062 1 1024
7949 18584 2819072 1 1024
7949 18584 2819082 1 1024
7950 18584 2819092 1 1024
7951 18584 2819102 1 1024
7951 18584 2819112 1 1024
7951 18584 2819122 1 1024
7952 18584 2819132 1 1024
7952 18583 2819142 1 1024
7951 18583 2819152 1 1024
7951 18582 2819162 1 1024
7950 18582 2819172 1 1024
7949 18581 2819182 1 1024
