7615 17786 3409306 1 649
7618 17790 3409316 1 657
7622 17809 3409326 1 658
7624 17831 3409336 1 658
7620 17849 3409346 1 660
7616 17860 3409356 1 660
7615 17872 3409366 1 661
7613 17879 3409376 1 662
7611 17882 3409386 1 662
7610 17881 3409396 1 664
7610 17876 3409406 1 664
7612 17868 3409416 1 665
7614 17859 3409426 1 666
7618 17850 3409436 1 666
7620 17846 3409446 1 667
7621 17842 3409456 1 667
7624 17835 3409466 1 667
7624 17829 3409476 1 669
7620 17817 3409486 1 670
7615 17809 3409496 1 671
7609 17799 3409506 1 672
7605 17788 3409516 1 674
7604 17776 3409526 1 673
7608 17765 3409536 1 675
7617 17754 3409546 1 676
7631 17745 3409556 1 677
7649 17739 3409566 1 678
7670 17736 3409576 1 679
7680 17735 3409586 1 680
7690 17736 3409596 1 681
7709 17739 3409606 1 683
7724 17744 3409616 1 684
7735 17751 3409626 1 685
7740 17760 3409636 1 686
7740 17770 3409646 1 689
7729 17791 3409656 1 691
7720 17801 3409666 1 692
7709 17810 3409676 1 693
7698 17818 3409686 1 694
7687 17825 3409696 1 694
7677 17831 3409706 1 695
7668 17835 3409716 1 695
7663 17836 3409726 1 694
7660 17837 3409736 1 694
7653 17837 3409746 1 694
7649 17835 3409756 1 693
7646 17832 3409766 1 693
7645 17829 3409776 1 691
7644 17826 3409786 1 690
7645 17823 3409796 1 688
7646 17822 3409806 1 687
7646 17822 3409816 1 686
7650 17821 3409826 1 683
7651 17822 3409836 1 683
7652 17823 3409846 1 683
7654 17823 3409856 1 683
7655 17823 3409866 1 683
7657 17822 3409876 1 684
7663 17818 3409886 1 685
7669 17812 3409896 1 686
7676 17804 3409906 1 688
7683 17796 3409916 1 691
7688 17786 3409926 1 694
7691 17778 3409936 1 698
7693 17770 3409946 1 703
7693 17766 3409956 1 709
7692 17764 3409966 1 716
7691 17765 3409976 1 723
7691 17769 3409986 1 731
7695 17781 3409996 1 748
7697 17786 3410006 1 753
7697 17789 3410016 1 754
7701 17797 3410026 1 757
7705 17805 3410036 1 759
7709 17810 3410046 1 757
7714 17813 3410056 1 751
7718 17814 3410066 1 741
7722 17813 3410076 1 726
7726 17810 3410086 1 706
7730 17806 3410096 1 681
7733 17803 3410106 1 650
7735 17801 3410116 1 614
7737 17800 3410126 1 574
7738 17801 3410136 1 527
7738 17802 3410146 1 499
7738 17803 3410156 1 476
7738 17806 3410166 1 420
7738 17807 3410176 1 296
7736 17809 3410186 1 228
7736 17810 3410196 1 154
7735 17810 3410206 1 76
7735 17810 3410216 0 0
7735 17810 3410226 0 0
7733 17809 3410236 0 0
7730 17808 3410246 0 0
7726 17809 3410256 0 0
7718 17809 3410266 0 0
7707 17811 3410276 0 0
7700 17812 3410286 0 0
7693 17812 3410296 0 0
7680 17813 3410306 1 204
7666 17813 3410316 1 439
7653 17813 3410326 1 641
7640 17811 3410336 1 754
7614 17808 3410346 1 737
7608 17802 3410356 1 726
7606 17792 3410366 1 721
7608 17782 3410376 1 720
7611 17770 3410386 1 724
7618 17758 3410396 1 730
7629 17748 3410406 1 737
7642 17739 3410416 1 746
7650 17732 3410426 1 751
7659 17726 3410436 1 756
7679 17720 3410446 1 765
7702 17719 3410456 1 773
7724 17723 3410466 1 778
7746 17731 3410476 1 783
7764 17742 3410486 1 787
7776 17755 3410496 1 790
7783 17771 3410506 1 792
7780 17807 3410516 1 791
7768 17825 3410526 1 790
7752 17843 3410536 1 790
7731 17860 3410546 1 788
7709 17875 3410556 1 786
7698 17882 3410566 1 785
7688 17887 3410576 1 784
7668 17895 3410586 1 781
7652 17899 3410596 1 779
7640 17898 3410606 1 777
7631 17892 3410616 1 775
7627 17881 3410626 1 773
7626 17865 3410636 1 771
7628 17846 3410646 1 770
7633 17824 3410656 1 769
7641 17801 3410666 1 770
7651 17778 3410676 1 770
7683 17742 3410686 1 775
7701 17727 3410696 1 778
7720 17717 3410706 1 784
7740 17713 3410716 1 790
7760 17715 3410726 1 797
7778 17724 3410736 1 806
7794 17738 3410746 1 816
7805 17757 3410756 1 828
7811 17780 3410766 1 841
7810 17805 3410776 1 857
7801 17830 3410786 1 875
7784 17855 3410796 1 894
7757 17877 3410806 1 915
7736 17899 3410816 1 938
7702 17918 3410826 1 964
7655 17932 3410836 1 990
