8014 18599 4660971 1 656
8016 18620 4660981 1 656
8011 18636 4660991 1 657
8007 18646 4661001 1 657
8005 18657 4661011 1 658
8003 18664 4661021 1 659
8002 18667 4661031 1 659
8002 18666 4661041 1 660
8005 18662 4661051 1 660
8010 18656 4661061 1 661
8017 18650 4661071 1 662
8035 18640 4661081 1 663
8043 18638 4661091 1 663
8047 18637 4661101 1 664
8044 18630 4661111 1 664
8036 18624 4661121 1 665
8026 18616 4661131 1 666
8017 18605 4661141 1 667
8011 18591 4661151 1 667
8012 18576 4661161 1 668
8020 18560 4661171 1 669
8036 18547 4661181 1 670
8086 18530 4661191 1 672
8114 18529 4661201 1 673
8140 18532 4661211 1 675
8159 18540 4661221 1 676
8169 18550 4661231 1 677
8169 18563 4661241 1 678
8161 18576 4661251 1 680
8137 18598 4661261 1 682
8116 18607 4661271 1 683
8094 18614 4661281 1 684
8074 18617 4661291 1 685
8047 18617 4661301 1 686
8040 18614 4661311 1 686
8036 18610 4661321 1 686
8035 18606 4661331 1 686
8035 18603 4661341 1 685
8035 18600 4661351 1 685
8035 18598 4661361 1 684
8035 18598 4661371 1 683
8035 18598 4661381 1 682
8036 18600 4661391 1 681
8036 18602 4661401 1 680
8045 18603 4661411 1 679
8050 18603 4661421 1 679
8056 18603 4661431 1 679
8064 18602 4661441 1 680
8072 18600 4661451 1 681
8079 18597 4661461 1 682
8085 18594 4661471 1 684
8088 18590 4661481 1 687
8090 18587 4661491 1 690
8089 18584 4661501 1 694
8087 18581 4661511 1 699
8085 18579 4661521 1 712
8086 18580 4661531 1 719
8089 18583 4661541 1 727
8098 18593 4661551 1 742
8104 18599 4661561 1 749
8111 18606 4661571 1 753
8117 18613 4661581 1 755
8121 18619 4661591 1 754
8123 18624 4661601 1 749
8123 18626 4661611 1 739
8122 18626 4661621 1 725
8119 18619 4661631 1 680
8120 18614 4661641 1 651
8122 18608 4661651 1 615
8125 18602 4661661 1 576
8131 18597 4661671 1 531
8136 18594 4661681 1 484
8142 18591 4661691 1 432
8146 18589 4661701 1 316
8149 18588 4661711 1 255
8149 18588 4661721 1 188
8149 18588 4661731 1 120
8148 18589 4661741 1 52
8146 18589 4661751 1 55
8145 18589 4661761 1 59
8144 18589 4661771 1 63
8140 18589 4661781 1 67
8132 18588 4661791 1 70
8122 18587 4661801 1 74
8109 18585 4661811 1 263
8094 18583 4661821 1 468
8078 18580 4661831 1 643
8059 18576 4661841 1 739
8012 18566 4661851 1 714
8005 18558 4661861 1 709
8004 18549 4661871 1 708
8008 18540 4661881 1 711
8016 18531 4661891 1 716
8030 18524 4661901 1 721
8047 18518 4661911 1 728
8067 18508 4661921 1 736
8090 18504 4661931 1 742
8113 18504 4661941 1 748
8136 18509 4661951 1 751
8178 18528 4661961 1 757
8193 18542 4661971 1 759
8205 18559 4661981 1 759
8208 18596 4661991 1 758
8202 18616 4662001 1 757
8190 18634 4662011 1 756
8173 18651 4662021 1 754
8149 18664 4662031 1 752
8122 18672 4662041 1 750
8093 18676 4662051 1 747
8064 18675 4662061 1 745
8015 18658 4662071 1 741
7999 18644 4662081 1 739
7992 18628 4662091 1 737
7993 18611 4662101 1 736
8003 18593 4662111 1 735
8020 18577 4662121 1 735
8042 18562 4662131 1 735
8090 18537 4662141 1 737
8119 18531 4662151 1 739
8145 18529 4662161 1 743
8168 18529 4662171 1 746
8201 18540 4662181 1 756
8211 18549 4662191 1 762
8218 18560 4662201 1 769
8221 18573 4662211 1 777
8219 18587 4662221 1 787
8214 18602 4662231 1 798
8201 18618 4662241 1 809
8181 18633 4662251 1 822
8167 18652 4662261 1 836
8136 18670 4662271 1 851
8086 18686 4662281 1 867
