8228 17569 7496652 1 654
8229 17588 7496662 1 655
8225 17603 7496672 1 655
8222 17612 7496682 1 655
8220 17622 7496692 1 656
8219 17629 7496702 1 656
8217 17632 7496712 1 656
8217 17632 7496722 1 657
8218 17630 7496732 1 657
8226 17622 7496742 1 658
8231 17620 7496752 1 658
8236 17618 7496762 1 659
8240 17618 7496772 1 659
8241 17618 7496782 1 660
8237 17612 7496792 1 660
8231 17607 7496802 1 661
8225 17598 7496812 1 662
8219 17586 7496822 1 663
8222 17554 7496832 1 664
8231 17537 7496842 1 664
8246 17520 7496852 1 665
8265 17507 7496862 1 666
8286 17496 7496872 1 667
8308 17490 7496882 1 668
8326 17488 7496892 1 669
8340 17490 7496902 1 670
8348 17496 7496912 1 671
8347 17518 7496922 1 673
8334 17541 7496932 1 675
8323 17553 7496942 1 676
8312 17565 7496952 1 677
8301 17575 7496962 1 678
8293 17583 7496972 1 678
8285 17589 7496982 1 679
8279 17592 7496992 1 679
8274 17594 7497002 1 680
8264 17592 7497012 1 679
8259 17590 7497022 1 680
8255 17587 7497032 1 679
8250 17583 7497042 1 678
8247 17579 7497052 1 678
8244 17574 7497062 1 677
8242 17568 7497072 1 677
8245 17559 7497082 1 675
8247 17550 7497092 1 675
8258 17534 7497102 1 676
8266 17528 7497112 1 677
8276 17524 7497122 1 678
8286 17524 7497132 1 679
8294 17527 7497142 1 681
8300 17533 7497152 1 684
8302 17540 7497162 1 687
8301 17548 7497172 1 690
8297 17555 7497182 1 695
8287 17561 7497192 1 708
8282 17561 7497202 1 715
8281 17560 7497212 1 723
8285 17564 7497222 1 739
8289 17564 7497232 1 745
8295 17565 7497242 1 749
8301 17567 7497252 1 752
8307 17570 7497262 1 752
8311 17573 7497272 1 748
8316 17577 7497282 1 725
8316 17576 7497292 1 706
8316 17574 7497302 1 680
8316 17573 7497312 1 651
8316 17571 7497322 1 615
8319 17571 7497332 1 578
8323 17573 7497342 1 535
8329 17576 7497352 1 489
8336 17581 7497362 1 440
8351 17588 7497372 1 274
8358 17590 7497382 1 214
8364 17589 7497392 1 152
8368 17586 7497402 1 88
8371 17580 7497412 1 95
8370 17572 7497422 1 102
8366 17562 7497432 1 109
8359 17554 7497442 1 115
8346 17547 7497452 1 122
8307 17541 7497462 1 136
8285 17542 7497472 1 306
8264 17545 7497482 1 490
8244 17548 7497492 1 644
8226 17550 7497502 1 728
8197 17552 7497512 1 714
8192 17548 7497522 1 706
8192 17540 7497532 1 701
8199 17529 7497542 1 700
8223 17501 7497552 1 705
8239 17486 7497562 1 710
8257 17474 7497572 1 715
8276 17460 7497582 1 720
8296 17453 7497592 1 725
8316 17453 7497602 1 729
8335 17458 7497612 1 732
8352 17468 7497622 1 734
8366 17482 7497632 1 735
8380 17516 7497642 1 735
8376 17550 7497652 1 734
8365 17567 7497662 1 732
8348 17583 7497672 1 731
8328 17597 7497682 1 729
8306 17609 7497692 1 727
8285 17620 7497702 1 725
8265 17628 7497712 1 722
8250 17633 7497722 1 720
8232 17635 7497732 1 716
8230 17630 7497742 1 714
8232 17622 7497752 1 712
8237 17610 7497762 1 710
8245 17596 7497772 1 709
8253 17581 7497782 1 709
8263 17566 7497792 1 708
8290 17540 7497802 1 709
8302 17531 7497812 1 710
8326 17521 7497822 1 713
8337 17520 7497832 1 716
8349 17523 7497842 1 718
8361 17529 7497852 1 722
8372 17538 7497862 1 725
8380 17552 7497872 1 730
8384 17569 7497882 1 735
8383 17589 7497892 1 740
8373 17611 7497902 1 746
8339 17658 7497912 1 760
8310 17680 7497922 1 767
8267 17696 7497932 1 775
