8578 17912 7384186 1 569
8381 17746 7384196 1 595
8295 17663 7384206 1 618
8281 17644 7384216 1 636
8301 17668 7384226 1 649
8324 17712 7384236 1 656
8337 17741 7384246 1 660
8344 17753 7384256 1 660
8349 17758 7384266 1 659
8352 17762 7384276 1 656
8356 17765 7384286 1 651
8355 17765 7384296 1 643
8349 17762 7384306 1 634
8341 17754 7384316 1 624
8332 17738 7384326 1 615
8322 17716 7384336 1 605
8317 17702 7384346 1 601
8313 17687 7384356 1 597
8303 17657 7384366 1 590
8293 17629 7384376 1 587
8281 17606 7384386 1 586
8274 17595 7384396 1 586
8266 17586 7384406 1 590
8248 17572 7384416 1 598
8237 17565 7384426 1 602
8226 17560 7384436 1 611
8204 17553 7384446 1 630
8183 17552 7384456 1 657
8165 17559 7384466 1 689
8154 17574 7384476 1 717
8149 17592 7384486 1 730
8152 17609 7384496 1 715
8155 17617 7384506 1 702
8162 17620 7384516 1 662
8178 17623 7384526 1 563
8196 17619 7384536 1 434
8214 17612 7384546 1 299
8230 17605 7384556 1 96
8242 17602 7384566 1 93
8249 17603 7384576 1 91
8252 17605 7384586 1 87
8252 17607 7384596 1 89
8251 17609 7384606 1 88
8248 17612 7384616 1 84
8245 17621 7384626 1 82
8242 17632 7384636 1 80
8241 17644 7384646 1 78
8242 17655 7384656 1 75
8243 17660 7384666 1 74
8245 17662 7384676 1 73
8250 17662 7384686 1 71
8257 17655 7384696 1 69
8264 17643 7384706 1 66
8270 17628 7384716 1 70
8275 17613 7384726 1 81
8277 17600 7384736 1 98
8277 17594 7384746 1 108
8276 17589 7384756 1 120
8271 17581 7384766 1 148
8262 17575 7384776 1 180
8250 17571 7384786 1 216
8235 17571 7384796 1 256
8228 17572 7384806 1 276
8220 17575 7384816 1 297
8214 17578 7384826 1 314
8206 17582 7384836 1 340
8193 17591 7384846 1 385
8182 17600 7384856 1 430
8176 17607 7384866 1 475
8174 17612 7384876 1 519
8175 17617 7384886 1 560
8181 17621 7384896 1 599
8185 17624 7384906 1 618
8189 17626 7384916 1 635
8199 17630 7384926 1 666
8208 17632 7384936 1 691
8216 17632 7384946 1 712
8223 17630 7384956 1 725
8227 17628 7384966 1 733
8229 17626 7384976 1 739
8229 17626 7384986 1 742
8228 17626 7384996 1 744
8225 17625 7385006 1 748
8221 17624 7385016 1 750
8217 17622 7385026 1 752
8212 17618 7385036 1 755
8208 17613 7385046 1 755
8204 17607 7385056 1 754
8202 17604 7385066 1 754
8201 17603 7385076 1 753
8199 17602 7385086 1 751
8199 17603 7385096 1 750
8199 17604 7385106 1 747
8201 17604 7385116 1 745
8203 17600 7385126 1 742
8206 17594 7385136 1 739
8207 17589 7385146 1 737
8208 17584 7385156 1 736
8210 17574 7385166 1 734
8211 17563 7385176 1 732
8211 17554 7385186 1 729
8211 17546 7385196 1 728
8209 17541 7385206 1 726
8208 17540 7385216 1 725
8207 17540 7385226 1 725
8205 17544 7385236 1 724
8198 17555 7385246 1 724
8190 17569 7385256 1 724
8181 17581 7385266 1 725
8171 17594 7385276 1 725
8161 17605 7385286 1 726
8149 17614 7385296 1 727
8142 17618 7385306 1 727
8135 17620 7385316 1 728
8122 17622 7385326 1 729
8111 17621 7385336 1 729
8104 17613 7385346 1 730
8101 17599 7385356 1 730
8101 17582 7385366 1 730
8104 17565 7385376 1 731
8105 17557 7385386 1 731
8109 17550 7385396 1 731
8122 17536 7385406 1 732
8138 17525 7385416 1 732
8147 17522 7385426 1 731
8157 17519 7385436 1 732
8177 17511 7385446 1 731
8198 17512 7385456 1 732
8209 17514 7385466 1 732
8221 17520 7385476 1 732
8243 17534 7385486 1 732
8266 17553 7385496 1 732
8287 17576 7385506 1 733
8306 17603 7385516 1 733
8321 17632 7385526 1 733
8331 17662 7385536 1 734
8336 17676 7385546 1 734
8336 17690 7385556 1 734
8336 17715 7385566 1 733
8329 17734 7385576 1 734
8317 17747 7385586 1 734
8300 17751 7385596 1 734
8280 17748 7385606 1 734
8260 17737 7385616 1 735
8253 17732 7385626 1 735
8249 17729 7385636 1 735
8241 17718 7385646 1 734
8228 17696 7385656 1 734
8221 17674 7385666 1 735
8221 17654 7385676 1 735
8228 17637 7385686 1 735
8239 17625 7385696 1 735
8256 17619 7385706 1 735
8275 17618 7385716 1 735
8296 17624 7385726 1 735
8316 17634 7385736 1 735
8334 17648 7385746 1 735
8349 17665 7385756 1 736
8360 17684 7385766 1 736
8366 17704 7385776 1 736
8364 17724 7385786 1 736
8354 17742 7385796 1 736
8332 17757 7385806 1 735
8317 17778 7385816 1 736
8286 17794 7385826 1 736
8237 17801 7385836 1 736
8165 17792 7385846 1 736
