8087 18037 7166477 1 549
7909 17893 7166487 1 594
7831 17822 7166497 1 632
7818 17805 7166507 1 661
7837 17826 7166517 1 680
7858 17864 7166527 1 692
7870 17890 7166537 1 698
7876 17901 7166547 1 697
7884 17908 7166557 1 690
7887 17911 7166567 1 681
7886 17911 7166577 1 668
7881 17908 7166587 1 654
7873 17901 7166597 1 638
7863 17887 7166607 1 624
7853 17866 7166617 1 609
7842 17840 7166627 1 596
7831 17814 7166637 1 587
7820 17790 7166647 1 582
7807 17771 7166657 1 581
7800 17765 7166667 1 581
7793 17763 7166677 1 586
7778 17756 7166687 1 597
7763 17751 7166697 1 616
7747 17749 7166707 1 644
7732 17751 7166717 1 681
7720 17757 7166727 1 726
7712 17766 7166737 1 763
7707 17776 7166747 1 780
7706 17781 7166757 1 759
7710 17780 7166767 1 685
7716 17771 7166777 1 551
7725 17758 7166787 1 378
7736 17744 7166797 1 198
7747 17735 7166807 0 0
7758 17732 7166817 0 0
7768 17736 7166827 0 0
7777 17745 7166837 0 0
7781 17750 7166847 0 0
7783 17754 7166857 0 0
7788 17764 7166867 0 0
7791 17780 7166877 0 0
7791 17796 7166887 0 0
7789 17811 7166897 0 0
7787 17823 7166907 0 0
7786 17830 7166917 0 0
7787 17829 7166927 0 0
7791 17821 7166937 0 0
7799 17808 7166947 0 0
7809 17792 7166957 0 0
7819 17777 7166967 0 0
7829 17765 7166977 1 3
7836 17756 7166987 1 34
7838 17751 7166997 1 70
7835 17747 7167007 1 111
7824 17746 7167017 1 156
7808 17747 7167027 1 204
7796 17749 7167037 1 230
7781 17751 7167047 1 256
7758 17757 7167057 1 307
7736 17764 7167067 1 360
7718 17769 7167077 1 412
7706 17773 7167087 1 462
7700 17776 7167097 1 511
7701 17779 7167107 1 557
7708 17782 7167117 1 600
7719 17787 7167127 1 638
7733 17791 7167137 1 671
7746 17794 7167147 1 697
7757 17794 7167157 1 718
7765 17791 7167167 1 731
7770 17788 7167177 1 738
7771 17784 7167187 1 744
7770 17781 7167197 1 748
7768 17777 7167207 1 751
7766 17776 7167217 1 752
7765 17775 7167227 1 752
7763 17772 7167237 1 753
7763 17768 7167247 1 755
7763 17764 7167257 1 756
7763 17759 7167267 1 756
7764 17756 7167277 1 756
7764 17755 7167287 1 755
7764 17755 7167297 1 755
7761 17755 7167307 1 753
7757 17754 7167317 1 752
7752 17749 7167327 1 750
7745 17742 7167337 1 748
7738 17734 7167347 1 746
7731 17727 7167357 1 744
7726 17721 7167367 1 743
7723 17716 7167377 1 741
7721 17712 7167387 1 740
7721 17710 7167397 1 740
7723 17708 7167407 1 739
7724 17709 7167417 1 740
7722 17714 7167427 1 740
7718 17721 7167437 1 742
7712 17726 7167447 1 743
7705 17733 7167457 1 744
7697 17741 7167467 1 746
7686 17751 7167477 1 749
7672 17761 7167487 1 750
7659 17771 7167497 1 753
7648 17780 7167507 1 754
7640 17782 7167517 1 756
7635 17777 7167527 1 757
7635 17767 7167537 1 759
7638 17753 7167547 1 760
7643 17737 7167557 1 762
7656 17719 7167567 1 764
7673 17703 7167577 1 765
7680 17696 7167587 1 765
7683 17693 7167597 1 766
7692 17685 7167607 1 767
7711 17674 7167617 1 768
7730 17674 7167627 1 769
7748 17682 7167637 1 771
7766 17698 7167647 1 772
7784 17720 7167657 1 774
7802 17744 7167667 1 776
7818 17771 7167677 1 777
7833 17798 7167687 1 779
7846 17823 7167697 1 781
7856 17846 7167707 1 782
7862 17865 7167717 1 783
7863 17879 7167727 1 784
7858 17888 7167737 1 786
7848 17891 7167747 1 788
7834 17888 7167757 1 789
7816 17879 7167767 1 791
7805 17873 7167777 1 793
7792 17865 7167787 1 793
7775 17847 7167797 1 795
7762 17827 7167807 1 797
7755 17808 7167817 1 798
7754 17793 7167827 1 800
7760 17782 7167837 1 802
7772 17776 7167847 1 803
7788 17777 7167857 1 804
7806 17784 7167867 1 806
7824 17797 7167877 1 807
7840 17815 7167887 1 809
7854 17836 7167897 1 811
7863 17857 7167907 1 813
7868 17878 7167917 1 814
7867 17897 7167927 1 816
7859 17911 7167937 1 818
7842 17920 7167947 1 819
7833 17932 7167957 1 820
7812 17938 7167967 1 822
7773 17935 7167977 1 824
7714 17921 7167987 1 826
