7892 17348 5157895 1 706
7891 17349 5157905 1 704
7887 17351 5157915 1 704
7880 17352 5157925 1 705
7867 17352 5157935 1 707
7850 17349 5157945 1 708
7833 17349 5157955 1 710
7816 17354 5157965 1 712
7797 17368 5157975 1 713
7775 17388 5157985 1 714
7753 17415 5157995 1 713
7730 17444 5158005 1 710
7707 17470 5158015 1 705
7686 17491 5158025 1 697
7671 17503 5158035 1 686
7662 17504 5158045 1 674
7661 17496 5158055 1 663
7666 17480 5158065 1 654
7678 17462 5158075 1 650
7694 17443 5158085 1 654
7710 17429 5158095 1 667
7724 17420 5158105 1 693
7732 17415 5158115 1 735
7734 17414 5158125 1 790
7731 17418 5158135 1 854
7726 17425 5158145 1 975
7720 17432 5158155 1 979
7717 17439 5158165 1 983
7718 17444 5158175 1 987
7722 17448 5158185 1 991
7732 17451 5158195 1 997
7745 17456 5158205 1 1001
7758 17465 5158215 1 1005
7768 17476 5158225 1 1009
7771 17488 5158235 1 894
7769 17497 5158245 1 690
7762 17503 5158255 1 138
7752 17504 5158265 1 20
7740 17500 5158275 1 33
7730 17490 5158285 1 45
7724 17476 5158295 1 58
7722 17460 5158305 1 70
7725 17445 5158315 1 82
7729 17432 5158325 1 94
7733 17424 5158335 1 106
7735 17418 5158345 1 118
7734 17415 5158355 1 710
7730 17413 5158365 1 972
7723 17411 5158375 1 967
7713 17409 5158385 1 963
7703 17405 5158395 1 959
7691 17399 5158405 1 952
7680 17392 5158415 1 948
7669 17384 5158425 1 944
7658 17374 5158435 1 940
7649 17364 5158445 1 936
7641 17354 5158455 1 932
7633 17345 5158465 1 928
7627 17335 5158475 1 925
7623 17328 5158485 1 920
7621 17321 5158495 1 916
7622 17317 5158505 1 913
7625 17314 5158515 1 909
7630 17313 5158525 1 906
7638 17311 5158535 1 902
7647 17309 5158545 1 898
7658 17307 5158555 1 894
7669 17304 5158565 1 891
7679 17300 5158575 1 887
7686 17297 5158585 1 884
7690 17293 5158595 1 881
7691 17290 5158605 1 876
7688 17287 5158615 1 873
7682 17285 5158625 1 870
