8253 18166 8093150 1 700
8252 18167 8093160 1 697
8251 18169 8093170 1 694
8250 18170 8093180 1 692
8247 18172 8093190 1 692
8240 18173 8093200 1 694
8229 18173 8093210 1 697
8215 18172 8093220 1 699
8200 18171 8093230 1 701
8185 18177 8093240 1 705
8168 18191 8093250 1 706
8160 18200 8093260 1 707
8150 18213 8093270 1 707
8131 18240 8093280 1 706
8110 18269 8093290 1 703
8090 18296 8093300 1 698
8070 18317 8093310 1 688
8054 18329 8093320 1 675
8043 18329 8093330 1 662
8038 18321 8093340 1 649
8040 18305 8093350 1 639
8046 18287 8093360 1 635
8051 18277 8093370 1 635
8058 18269 8093380 1 641
8071 18255 8093390 1 657
8084 18247 8093400 1 687
8094 18243 8093410 1 734
8101 18243 8093420 1 796
8104 18248 8093430 1 866
8106 18256 8093440 1 997
8108 18264 8093450 1 999
8111 18271 8093460 1 1002
8116 18277 8093470 1 1004
8118 18279 8093480 1 1004
8122 18280 8093490 1 1006
8131 18284 8093500 1 1009
8140 18288 8093510 1 1012
8148 18296 8093520 1 1014
8152 18305 8093530 1 1016
8151 18315 8093540 1 896
8146 18322 8093550 1 689
8138 18326 8093560 1 138
8129 18325 8093570 1 14
8121 18321 8093580 1 21
8117 18317 8093590 1 24
8115 18311 8093600 1 28
8114 18299 8093610 1 35
8117 18285 8093620 1 42
8124 18272 8093630 1 49
8130 18263 8093640 1 56
8135 18256 8093650 1 63
8135 18252 8093660 1 70
8130 18249 8093670 1 708
8121 18247 8093680 1 994
8108 18245 8093690 1 990
8101 18244 8093700 1 981
8093 18242 8093710 1 988
8077 18238 8093720 1 986
8061 18232 8093730 1 980
8048 18224 8093740 1 978
8037 18215 8093750 1 974
8030 18205 8093760 1 972
8025 18195 8093770 1 969
8023 18184 8093780 1 967
8024 18174 8093790 1 964
8025 18164 8093800 1 961
8027 18159 8093810 1 960
8028 18155 8093820 1 958
8031 18148 8093830 1 955
8034 18143 8093840 1 953
8037 18140 8093850 1 950
8039 18137 8093860 1 947
8041 18135 8093870 1 945
8042 18133 8093880 1 941
8043 18130 8093890 1 938
8044 18127 8093900 1 935
8045 18124 8093910 1 933
8045 18120 8093920 1 930
8045 18117 8093930 1 927
8045 18114 8093940 1 923
8045 18112 8093950 1 920
8044 18110 8093960 1 918
