8161 18882 3725126 1 1024
7898 18610 3725136 1 1024
7764 18469 3725146 1 1024
7715 18414 3725156 1 1024
7708 18400 3725166 1 1024
7706 18392 3725176 1 1024
7706 18390 3725186 1 1024
7701 18382 3725196 1 1024
7704 18386 3725206 1 1024
7707 18392 3725216 1 1024
7710 18402 3725226 1 1024
7714 18415 3725236 1 1024
7717 18432 3725246 1 1024
7720 18451 3725256 1 1024
7724 18472 3725266 1 1024
7726 18482 3725276 1 1024
7729 18493 3725286 1 1024
7732 18513 3725296 1 1024
7734 18530 3725306 1 1024
7736 18544 3725316 1 1024
7736 18554 3725326 1 1024
7734 18559 3725336 1 870
7731 18559 3725346 1 644
7725 18555 3725356 1 419
7717 18547 3725366 1 203
7713 18543 3725376 1 102
7708 18537 3725386 1 4
7696 18525 3725396 0 0
7684 18513 3725406 0 0
7671 18503 3725416 0 0
7662 18499 3725426 0 0
7654 18496 3725436 0 0
7642 18490 3725446 0 0
7632 18488 3725456 0 0
7624 18488 3725466 0 0
7619 18490 3725476 0 0
7616 18494 3725486 0 0
7616 18498 3725496 0 0
7618 18501 3725506 0 0
7623 18501 3725516 0 0
7630 18500 3725526 0 0
7639 18495 3725536 0 0
7649 18487 3725546 0 0
7661 18475 3725556 0 0
7667 18468 3725566 0 0
7672 18459 3725576 0 0
7683 18442 3725586 0 0
7694 18424 3725596 0 0
7704 18406 3725606 0 0
7714 18387 3725616 0 0
7718 18378 3725626 1 34
7722 18370 3725636 1 70
7729 18353 3725646 1 140
7734 18338 3725656 1 210
7736 18326 3725666 1 279
7736 18315 3725676 1 344
7734 18306 3725686 1 405
7729 18300 3725696 1 461
7722 18295 3725706 1 511
7720 18292 3725716 1 534
7716 18291 3725726 1 553
7708 18289 3725736 1 585
7698 18289 3725746 1 607
7688 18291 3725756 1 617
7678 18295 3725766 1 615
7668 18302 3725776 1 604
7659 18310 3725786 1 601
7651 18320 3725796 1 602
7644 18332 3725806 1 608
7638 18345 3725816 1 619
7633 18359 3725826 1 631
7629 18373 3725836 1 647
7625 18387 3725846 1 663
7621 18395 3725856 1 671
7617 18401 3725866 1 679
7616 18406 3725876 1 686
7614 18411 3725886 1 695
7612 18418 3725896 1 708
7609 18422 3725906 1 721
7607 18423 3725916 1 728
7605 18422 3725926 1 734
7604 18419 3725936 1 737
7603 18414 3725946 1 737
7603 18408 3725956 1 737
7604 18403 3725966 1 736
7607 18399 3725976 1 735
7610 18396 3725986 1 732
7615 18395 3725996 1 731
7622 18395 3726006 1 731
7628 18395 3726016 1 731
7633 18398 3726026 1 731
7638 18401 3726036 1 732
7642 18405 3726046 1 733
7646 18409 3726056 1 736
7648 18413 3726066 1 737
7648 18416 3726076 1 739
7648 18417 3726086 1 741
7645 18416 3726096 1 742
7642 18415 3726106 1 744
7638 18411 3726116 1 745
7636 18409 3726126 1 745
7634 18407 3726136 1 745
7631 18403 3726146 1 746
7627 18400 3726156 1 746
7625 18398 3726166 1 747
7628 18395 3726176 1 748
7632 18393 3726186 1 749
7640 18393 3726196 1 751
7650 18395 3726206 1 754
7661 18398 3726216 1 759
7673 18403 3726226 1 762
7686 18410 3726236 1 766
7699 18417 3726246 1 769
7711 18424 3726256 1 770
7722 18430 3726266 1 770
7731 18435 3726276 1 766
7738 18438 3726286 1 760
7740 18440 3726296 1 758
7739 18440 3726306 1 752
7739 18438 3726316 1 742
7738 18434 3726326 1 730
7736 18427 3726336 1 718
7733 18418 3726346 1 706
7728 18407 3726356 1 695
7724 18395 3726366 1 686
7722 18389 3726376 1 682
7720 18382 3726386 1 679
7716 18369 3726396 1 676
7713 18356 3726406 1 677
7712 18345 3726416 1 684
7711 18335 3726426 1 696
7711 18327 3726436 1 716
7714 18322 3726446 1 725
7717 18319 3726456 1 742
7719 18316 3726466 1 775
7720 18315 3726476 1 817
7722 18316 3726486 1 865
7723 18320 3726496 1 917
7724 18326 3726506 1 969
7723 18333 3726516 1 1021
7723 18342 3726526 1 1024
7723 18350 3726536 1 1024
7724 18359 3726546 1 1024
7726 18368 3726556 1 1024
7728 18377 3726566 1 1024
7732 18384 3726576 1 1024
7735 18388 3726586 1 1024
7740 18392 3726596 1 1024
7747 18396 3726606 1 1024
7755 18399 3726616 1 1007
7759 18400 3726626 1 974
7762 18400 3726636 1 911
7768 18400 3726646 1 788
7773 18399 3726656 1 640
7776 18397 3726666 1 477
7776 18394 3726676 1 314
7774 18391 3726686 1 166
7769 18388 3726696 0 0
7763 18386 3726706 0 0
7756 18385 3726716 0 0
7747 18385 3726726 0 0
7740 18386 3726736 0 0
7732 18387 3726746 0 0
7725 18390 3726756 0 0
7718 18394 3726766 0 0
7713 18398 3726776 0 0
7710 18403 3726786 0 0
7708 18407 3726796 0 0
7707 18410 3726806 0 0
7708 18412 3726816 0 0
7709 18413 3726826 1 2
7711 18411 3726836 1 16
7713 18409 3726846 1 40
7714 18406 3726856 1 70
7716 18402 3726866 1 107
7717 18400 3726876 1 121
7719 18399 3726886 1 127
7721 18396 3726896 1 149
7722 18392 3726906 1 196
7721 18390 3726916 1 248
7720 18389 3726926 1 304
7718 18389 3726936 1 360
7716 18392 3726946 1 419
7713 18397 3726956 1 478
7710 18403 3726966 1 535
7708 18410 3726976 1 591
7706 18418 3726986 1 644
7705 18426 3726996 1 693
7705 18432 3727006 1 736
7706 18436 3727016 1 775
7706 18439 3727026 1 792
7707 18439 3727036 1 806
7710 18439 3727046 1 829
7714 18437 3727056 1 842
7719 18432 3727066 1 847
7724 18424 3727076 1 851
7729 18414 3727086 1 853
7734 18404 3727096 1 854
7739 18393 3727106 1 855
7743 18383 3727116 1 855
7745 18377 3727126 1 855
7747 18372 3727136 1 854
7751 18364 3727146 1 854
7754 18357 3727156 1 853
7756 18351 3727166 1 852
7759 18348 3727176 1 851
7761 18346 3727186 1 850
7763 18343 3727196 1 850
7764 18342 3727206 1 850
7766 18343 3727216 1 849
7769 18344 3727226 1 849
7772 18346 3727236 1 851
7775 18350 3727246 1 851
7779 18354 3727256 1 853
7783 18359 3727266 1 854
7788 18365 3727276 1 855
7793 18371 3727286 1 858
7798 18378 3727296 1 860
7802 18387 3727306 1 862
7805 18392 3727316 1 863
7808 18397 3727326 1 865
7810 18407 3727336 1 867
7812 18417 3727346 1 870
7812 18426 3727356 1 873
7811 18434 3727366 1 875
7810 18438 3727376 1 876
7809 18441 3727386 1 878
7807 18446 3727396 1 880
7803 18449 3727406 1 883
7799 18450 3727416 1 885
7795 18448 3727426 1 887
7790 18444 3727436 1 890
7785 18438 3727446 1 891
7780 18431 3727456 1 893
7776 18427 3727466 1 894
7771 18422 3727476 1 895
7766 18415 3727486 1 897
7761 18410 3727496 1 899
7757 18406 3727506 1 901
7753 18404 3727516 1 902
7750 18404 3727526 1 904
7749 18406 3727536 1 906
7748 18409 3727546 1 908
7749 18414 3727556 1 910
7751 18419 3727566 1 912
7753 18424 3727576 1 914
7757 18428 3727586 1 915
7763 18430 3727596 1 918
7767 18431 3727606 1 919
7771 18430 3727616 1 920
7774 18429 3727626 1 921
7778 18426 3727636 1 922
7786 18421 3727646 1 925
7794 18414 3727656 1 926
7802 18405 3727666 1 928
7810 18395 3727676 1 931
7818 18384 3727686 1 932
7825 18375 3727696 1 934
7831 18366 3727706 1 937
7835 18359 3727716 1 939
7838 18354 3727726 1 940
7839 18353 3727736 1 943
7838 18353 3727746 1 945
7835 18356 3727756 1 947
7830 18359 3727766 1 948
7826 18363 3727776 1 950
7821 18369 3727786 1 952
7815 18374 3727796 1 955
7809 18380 3727806 1 956
7804 18385 3727816 1 958
7799 18390 3727826 1 961
7795 18394 3727836 1 963
7792 18396 3727846 1 966
7791 18396 3727856 1 967
7790 18396 3727866 1 969
7790 18395 3727876 1 971
7790 18394 3727886 1 972
7791 18392 3727896 1 974
7794 18390 3727906 1 976
7797 18387 3727916 1 977
7800 18384 3727926 1 979
7802 18380 3727936 1 981
7805 18376 3727946 1 984
7807 18373 3727956 1 986
7809 18369 3727966 1 989
7811 18366 3727976 1 991
7812 18362 3727986 1 994
7812 18359 3727996 1 995
7812 18355 3728006 1 997
7812 18352 3728016 1 1000
7811 18348 3728026 1 1002
7810 18345 3728036 1 1005
7807 18343 3728046 1 1006
7804 18341 3728056 1 1008
7802 18338 3728066 1 1011
7801 18335 3728076 1 1013
7800 18332 3728086 1 1016
7800 18331 3728096 1 1018
7800 18330 3728106 1 1020
7801 18329 3728116 1 1023
7802 18329 3728126 1 1024
7803 18329 3728136 1 1024
7805 18329 3728146 1 1024
7809 18328 3728156 1 1024
7812 18327 3728166 1 1024
7817 18326 3728176 1 1024
7822 18324 3728186 1 1024
7827 18323 3728196 1 1024
7832 18321 3728206 1 1024
7837 18319 3728216 1 1024
7842 18316 3728226 1 1024
7846 18315 3728236 1 1024
7851 18314 3728246 1 1024
7855 18314 3728256 1 1024
7858 18315 3728266 1 1024
7862 18319 3728276 1 1024
7866 18323 3728286 1 1024
7869 18329 3728296 1 1024
7873 18337 3728306 1 1024
7876 18344 3728316 1 1024
7880 18352 3728326 1 1024
7883 18359 3728336 1 1024
7886 18366 3728346 1 1024
7889 18370 3728356 1 1024
7891 18373 3728366 1 1024
7893 18373 3728376 1 1024
7895 18371 3728386 1 1024
7896 18367 3728396 1 1024
7896 18361 3728406 1 1024
7896 18354 3728416 1 1024
7895 18347 3728426 1 1024
7894 18340 3728436 1 1024
7892 18332 3728446 1 1024
7890 18324 3728456 1 1024
7887 18317 3728466 1 1024
7886 18314 3728476 1 1024
