8236 18556 7535666 1 579
8207 18521 7535676 1 583
8201 18514 7535686 1 586
8197 18511 7535696 1 589
8195 18509 7535706 1 593
8189 18503 7535716 1 595
8188 18502 7535726 1 599
8187 18502 7535736 1 601
8186 18501 7535746 1 605
8185 18501 7535756 1 608
8184 18500 7535766 1 609
8184 18500 7535776 1 610
8182 18499 7535786 1 613
8181 18497 7535796 1 617
8180 18496 7535806 1 619
8180 18495 7535816 1 622
8179 18493 7535826 1 624
8178 18492 7535836 1 627
8177 18489 7535846 1 632
8177 18487 7535856 1 634
8176 18486 7535866 1 635
8176 18485 7535876 1 637
8174 18483 7535886 1 639
8172 18481 7535896 1 642
8170 18480 7535906 1 644
8167 18478 7535916 1 645
8163 18476 7535926 1 648
8159 18475 7535936 1 650
8155 18473 7535946 1 653
8151 18471 7535956 1 654
8147 18469 7535966 1 657
8146 18469 7535976 1 658
8144 18468 7535986 1 659
8141 18467 7535996 1 660
8139 18465 7536006 1 663
8138 18464 7536016 1 664
8138 18462 7536026 1 668
8139 18461 7536036 1 670
8141 18460 7536046 1 671
8144 18459 7536056 1 674
8147 18459 7536066 1 675
8149 18459 7536076 1 676
8152 18459 7536086 1 676
8156 18459 7536096 1 679
8162 18459 7536106 1 680
8167 18460 7536116 1 681
8172 18461 7536126 1 683
8178 18463 7536136 1 685
8183 18464 7536146 1 686
8187 18466 7536156 1 687
8191 18469 7536166 1 689
8194 18472 7536176 1 690
8195 18473 7536186 1 691
8197 18475 7536196 1 692
8199 18482 7536206 1 695
8200 18486 7536216 1 696
8200 18491 7536226 1 697
8199 18496 7536236 1 699
8199 18501 7536246 1 700
8198 18506 7536256 1 701
8198 18512 7536266 1 702
8198 18517 7536276 1 703
8198 18520 7536286 1 703
8199 18523 7536296 1 705
8200 18529 7536306 1 706
8201 18535 7536316 1 707
8204 18540 7536326 1 708
8207 18546 7536336 1 708
8211 18551 7536346 1 710
8215 18556 7536356 1 711
8220 18561 7536366 1 712
8226 18565 7536376 1 713
8233 18571 7536386 1 714
8236 18573 7536396 1 714
8241 18576 7536406 1 716
8247 18579 7536416 1 717
8252 18582 7536426 1 718
8257 18585 7536436 1 719
8261 18587 7536446 1 719
8265 18588 7536456 1 721
8268 18589 7536466 1 722
8271 18590 7536476 1 723
8272 18590 7536486 1 723
8273 18590 7536496 1 724
8273 18590 7536506 1 724
8273 18589 7536516 1 725
8271 18589 7536526 1 727
8268 18588 7536536 1 727
8265 18587 7536546 1 728
8261 18586 7536556 1 729
8251 18582 7536566 1 730
8246 18580 7536576 1 731
8241 18578 7536586 1 732
8238 18577 7536596 1 733
8235 18576 7536606 1 733
8230 18574 7536616 1 734
8225 18571 7536626 1 735
8220 18568 7536636 1 735
8216 18565 7536646 1 736
8212 18562 7536656 1 737
8209 18559 7536666 1 738
8206 18557 7536676 1 738
8204 18554 7536686 1 740
8202 18551 7536696 1 741
8202 18549 7536706 1 741
8202 18548 7536716 1 741
8202 18545 7536726 1 742
8202 18542 7536736 1 743
8204 18537 7536746 1 744
8205 18535 7536756 1 745
8207 18533 7536766 1 747
8209 18531 7536776 1 748
8211 18529 7536786 1 748
8212 18527 7536796 1 749
8214 18526 7536806 1 750
8215 18526 7536816 1 750
8216 18524 7536826 1 751
8218 18523 7536836 1 751
8219 18522 7536846 1 752
8220 18521 7536856 1 754
8221 18521 7536866 1 755
8223 18520 7536876 1 756
8224 18520 7536886 1 757
8226 18519 7536896 1 758
8227 18519 7536906 1 758
8228 18518 7536916 1 759
8231 18518 7536926 1 760
8233 18518 7536936 1 762
8235 18518 7536946 1 763
8236 18518 7536956 1 764
8238 18518 7536966 1 765
8239 18517 7536976 1 766
8240 18517 7536986 1 767
8240 18517 7536996 1 768
8240 18517 7537006 1 769
8239 18517 7537016 1 770
8238 18517 7537026 1 770
8238 18516 7537036 1 772
8238 18515 7537046 1 773
8237 18514 7537056 1 774
8236 18513 7537066 1 775
8235 18512 7537076 1 777
8233 18511 7537086 1 778
8231 18509 7537096 1 779
8227 18507 7537106 1 782
8226 18506 7537116 1 783
8225 18506 7537126 1 784
8224 18505 7537136 1 785
8222 18503 7537146 1 786
8220 18502 7537156 1 788
8218 18501 7537166 1 789
8217 18500 7537176 1 790
8216 18498 7537186 1 792
8215 18497 7537196 1 794
8214 18496 7537206 1 796
8214 18496 7537216 1 797
8213 18495 7537226 1 798
8213 18495 7537236 1 799
8213 18494 7537246 1 800
8213 18493 7537256 1 802
8213 18493 7537266 1 803
8214 18493 7537276 1 805
8217 18493 7537286 1 809
8218 18494 7537296 1 811
8220 18495 7537306 1 813
8223 18496 7537316 1 815
8224 18496 7537326 1 816
8226 18497 7537336 1 816
8229 18498 7537346 1 818
8232 18499 7537356 1 820
8236 18501 7537366 1 822
8239 18502 7537376 1 824
8241 18504 7537386 1 826
8244 18505 7537396 1 827
8246 18507 7537406 1 829
8247 18509 7537416 1 830
8248 18511 7537426 1 832
8248 18512 7537436 1 832
8248 18513 7537446 1 833
8247 18515 7537456 1 834
8246 18519 7537466 1 837
8245 18520 7537476 1 838
8243 18522 7537486 1 839
8242 18523 7537496 1 840
8241 18525 7537506 1 840
8240 18526 7537516 1 841
8240 18527 7537526 1 841
8239 18528 7537536 1 842
8238 18528 7537546 1 842
8238 18529 7537556 1 842
8237 18529 7537566 1 842
8237 18530 7537576 1 842
8237 18530 7537586 1 842
8238 18530 7537596 1 841
8238 18530 7537606 1 841
8239 18530 7537616 1 840
8240 18530 7537626 1 839
8241 18529 7537636 1 838
8244 18528 7537646 1 837
8245 18527 7537656 1 834
8246 18526 7537666 1 833
8248 18525 7537676 1 832
8249 18524 7537686 1 830
8249 18523 7537696 1 829
8250 18522 7537706 1 828
8251 18520 7537716 1 826
8251 18519 7537726 1 825
8252 18517 7537736 1 825
8252 18516 7537746 1 824
8252 18515 7537756 1 823
8252 18514 7537766 1 823
8251 18512 7537776 1 822
8251 18511 7537786 1 823
8250 18510 7537796 1 823
8249 18509 7537806 1 824
8248 18508 7537816 1 825
8247 18506 7537826 1 830
8247 18505 7537836 1 833
8246 18505 7537846 1 834
8246 18505 7537856 1 836
8246 18505 7537866 1 840
8246 18505 7537876 1 844
8246 18505 7537886 1 849
8246 18505 7537896 1 855
8247 18505 7537906 1 861
8247 18506 7537916 1 869
8247 18506 7537926 1 877
8247 18507 7537936 1 885
8247 18508 7537946 1 894
8247 18508 7537956 1 898
8246 18509 7537966 1 903
8246 18510 7537976 1 913
8245 18511 7537986 1 923
8245 18512 7537996 1 932
8245 18514 7538006 1 950
8245 18515 7538016 1 958
8245 18516 7538026 1 965
8245 18517 7538036 1 973
8245 18518 7538046 1 978
8245 18518 7538056 1 980
8245 18518 7538066 1 982
8245 18519 7538076 1 985
8246 18520 7538086 1 987
8246 18521 7538096 1 987
8247 18522 7538106 1 986
8248 18522 7538116 1 982
8249 18523 7538126 1 976
8250 18523 7538136 1 969
8251 18524 7538146 1 959
8252 18524 7538156 1 946
8252 18524 7538166 1 940
8253 18524 7538176 1 932
8255 18524 7538186 1 893
8257 18524 7538196 1 870
8258 18523 7538206 1 843
8260 18523 7538216 1 815
8261 18523 7538226 1 784
8262 18522 7538236 1 751
8263 18521 7538246 1 716
8264 18520 7538256 1 680
8265 18519 7538266 1 661
8265 18519 7538276 1 642
8265 18518 7538286 1 604
8266 18517 7538296 1 565
8266 18515 7538306 1 525
8265 18514 7538316 1 485
8265 18512 7538326 1 445
8264 18511 7538336 1 406
8263 18510 7538346 1 366
8263 18508 7538356 1 328
8261 18507 7538366 1 272
8261 18506 7538376 1 255
8260 18505 7538386 1 219
8259 18504 7538396 1 186
8259 18503 7538406 1 153
8258 18502 7538416 1 124
8257 18501 7538426 1 96
8256 18500 7538436 1 71
8256 18500 7538446 1 50
8256 18499 7538456 1 31
8255 18499 7538466 1 15
8255 18499 7538476 1 10
8255 18499 7538486 1 4
8255 18499 7538496 0 0
8254 18499 7538506 0 0
8254 18499 7538516 0 0
8253 18499 7538526 0 0
8253 18499 7538536 0 0
8252 18499 7538546 0 0
8251 18500 7538556 0 0
8251 18500 7538566 0 0
8251 18501 7538576 0 0
8250 18501 7538586 0 0
8250 18502 7538596 0 0
8249 18503 7538606 0 0
8248 18504 7538616 0 0
8247 18506 7538626 1 11
8246 18507 7538636 1 36
8245 18509 7538646 1 67
8244 18511 7538656 1 106
8244 18513 7538666 1 150
8244 18515 7538676 1 199
8243 18516 7538686 1 224
8243 18517 7538696 1 252
8243 18518 7538706 1 309
8243 18520 7538716 1 368
8244 18523 7538726 1 490
8244 18524 7538736 1 551
8244 18525 7538746 1 612
8244 18526 7538756 1 669
8244 18527 7538766 1 726
8244 18529 7538776 1 778
8244 18529 7538786 1 803
8244 18530 7538796 1 826
8244 18531 7538806 1 869
8244 18532 7538816 1 906
8244 18532 7538826 1 936
8245 18533 7538836 1 959
8246 18533 7538846 1 980
8247 18533 7538856 1 996
8249 18533 7538866 1 1011
8250 18532 7538876 1 1024
8252 18532 7538886 1 1024
8253 18531 7538896 1 1024
8255 18530 7538906 1 1024
8256 18529 7538916 1 1024
8258 18528 7538926 1 1024
8259 18527 7538936 1 1024
8261 18526 7538946 1 1024
8262 18525 7538956 1 1024
8263 18525 7538966 1 1024
8264 18524 7538976 1 1024
8265 18523 7538986 1 1024
8265 18523 7538996 1 1024
8265 18522 7539006 1 1024
8265 18522 7539016 1 1022
8264 18521 7539026 1 1015
8263 18521 7539036 1 1009
8262 18520 7539046 1 1003
8260 18520 7539056 1 996
8257 18520 7539066 1 990
8255 18520 7539076 1 986
8249 18521 7539086 1 978
8248 18521 7539096 1 977
8247 18522 7539106 1 976
8245 18522 7539116 1 974
8243 18523 7539126 1 972
8242 18524 7539136 1 972
8241 18525 7539146 1 971
8240 18526 7539156 1 973
8240 18527 7539166 1 973
8241 18528 7539176 1 975
8242 18529 7539186 1 976
8243 18530 7539196 1 978
8244 18530 7539206 1 980
8244 18531 7539216 1 981
8245 18531 7539226 1 983
8246 18532 7539236 1 986
8248 18533 7539246 1 990
8249 18533 7539256 1 992
8251 18534 7539266 1 999
8252 18535 7539276 1 1002
8253 18535 7539286 1 1006
8255 18535 7539296 1 1008
8255 18535 7539306 1 1010
8256 18535 7539316 1 1011
8258 18536 7539326 1 1014
8259 18536 7539336 1 1017
8261 18535 7539346 1 1019
8264 18535 7539356 1 1021
8266 18535 7539366 1 1023
8269 18534 7539376 1 1024
8273 18533 7539386 1 1024
8276 18532 7539396 1 1024
8279 18532 7539406 1 1024
8281 18531 7539416 1 1024
8283 18531 7539426 1 1024
8288 18530 7539436 1 1024
8295 18527 7539446 1 1024
8299 18526 7539456 1 1024
8302 18525 7539466 1 1024
8305 18523 7539476 1 1024
8307 18521 7539486 1 1024
8308 18520 7539496 1 1024
8309 18518 7539506 1 1024
8309 18517 7539516 1 1024
8308 18516 7539526 1 1024
8308 18514 7539536 1 1024
8307 18512 7539546 1 1024
8306 18510 7539556 1 1024
8304 18508 7539566 1 1024
8302 18506 7539576 1 1024
8300 18504 7539586 1 1024
8298 18503 7539596 1 1024
8296 18501 7539606 1 1024
8293 18500 7539616 1 1024
8291 18499 7539626 1 1024
8289 18498 7539636 1 1024
8287 18498 7539646 1 1024
8286 18497 7539656 1 1024
8285 18497 7539666 1 1024
8284 18497 7539676 1 1024
8284 18498 7539686 1 1024
8283 18498 7539696 1 1024
8284 18499 7539706 1 1024
8284 18500 7539716 1 1024
8284 18501 7539726 1 1024
8284 18501 7539736 1 1024
8284 18502 7539746 1 1024
8285 18504 7539756 1 1024
8285 18505 7539766 1 1024
8286 18506 7539776 1 1024
8286 18508 7539786 1 1024
8285 18510 7539796 1 1024
8284 18513 7539806 1 1024
8284 18515 7539816 1 1024
8283 18516 7539826 1 1024
8283 18516 7539836 1 1024
8282 18518 7539846 1 1024
8280 18520 7539856 1 1024
8278 18521 7539866 1 1024
8276 18523 7539876 1 1024
8274 18524 7539886 1 1024
8272 18526 7539896 1 1024
8270 18527 7539906 1 1024
8268 18528 7539916 1 1024
8266 18530 7539926 1 1024
8265 18530 7539936 1 1024
8264 18531 7539946 1 1024
8263 18532 7539956 1 1024
8262 18533 7539966 1 1024
8261 18534 7539976 1 1024
8259 18535 7539986 1 1024
8258 18536 7539996 1 1024
8258 18536 7540006 1 1024
8257 18536 7540016 1 1024
8257 18536 7540026 1 1024
8256 18536 7540036 1 1024
8256 18536 7540046 1 1024
8256 18536 7540056 1 1024
8256 18536 7540066 1 1024
8255 18536 7540076 1 1024
8255 18535 7540086 1 1024
8255 18534 7540096 1 1024
8255 18534 7540106 1 1024
8254 18533 7540116 1 1024
8254 18532 7540126 1 1014
8253 18531 7540136 1 1005
8253 18531 7540146 1 1000
8252 18530 7540156 1 995
8252 18527 7540166 1 974
8252 18525 7540176 1 965
8252 18524 7540186 1 955
8253 18523 7540196 1 945
8253 18522 7540206 1 935
8254 18520 7540216 1 925
8254 18519 7540226 1 915
8254 18519 7540236 1 905
8255 18518 7540246 1 901
8255 18518 7540256 1 895
8255 18517 7540266 1 886
8256 18517 7540276 1 877
8257 18517 7540286 1 869
8258 18516 7540296 1 861
8259 18516 7540306 1 853
8261 18516 7540316 1 845
8262 18516 7540326 1 838
8264 18516 7540336 1 832
8268 18517 7540346 1 823
8269 18518 7540356 1 821
8271 18518 7540366 1 816
8273 18519 7540376 1 813
8274 18519 7540386 1 809
8276 18519 7540396 1 807
8277 18520 7540406 1 805
8278 18520 7540416 1 805
8279 18520 7540426 1 805
8280 18520 7540436 1 805
8280 18520 7540446 1 807
8280 18520 7540456 1 808
8281 18520 7540466 1 811
8281 18519 7540476 1 814
8281 18519 7540486 1 820
8280 18518 7540496 1 826
8279 18517 7540506 1 833
8278 18516 7540516 1 842
8276 18515 7540526 1 863
8276 18514 7540536 1 875
8275 18513 7540546 1 889
8275 18513 7540556 1 896
8275 18512 7540566 1 905
8275 18512 7540576 1 922
8276 18511 7540586 1 940
8277 18501 7540596 1 960
8278 18492 7540606 1 982
8278 18482 7540616 1 1005
8279 18471 7540626 1 1024
8274 18461 7540636 1 1024
8264 18451 7540646 1 1024
8250 18443 7540656 1 1024
8234 18436 7540666 1 1024
8216 18434 7540676 1 1024
8197 18437 7540686 1 1024
8178 18444 7540696 1 1024
8144 18467 7540706 1 1024
8135 18482 7540716 1 1024
8133 18498 7540726 1 1024
8137 18514 7540736 1 1024
8146 18530 7540746 1 1024
8160 18544 7540756 1 1024
8176 18556 7540766 1 1024
8194 18566 7540776 1 1024
8212 18572 7540786 1 1024
8231 18574 7540796 1 1024
8248 18572 7540806 1 1024
8262 18567 7540816 1 1006
8274 18558 7540826 1 890
8281 18546 7540836 1 764
8284 18533 7540846 1 630
8282 18518 7540856 1 493
8276 18504 7540866 1 358
8266 18491 7540876 1 225
8236 18476 7540886 0 0
8218 18473 7540896 0 0
8201 18476 7540906 0 0
8186 18482 7540916 0 0
8174 18493 7540926 0 0
8166 18507 7540936 0 0
8163 18524 7540946 0 0
8166 18542 7540956 0 0
8173 18562 7540966 0 0
8186 18581 7540976 0 0
8203 18598 7540986 1 82
8223 18613 7540996 1 292
8246 18625 7541006 1 550
8270 18632 7541016 1 863
8293 18634 7541026 1 1024
8315 18629 7541036 1 1024
8333 18616 7541046 1 1024
8348 18594 7541056 1 1024
8359 18548 7541066 1 1024
8353 18505 7541076 1 1024
8338 18445 7541086 1 1024
