7981 18451 2402124 1 89
7877 18336 2402134 1 192
7839 18293 2402144 1 295
7832 18284 2402154 1 394
7831 18281 2402164 1 487
7832 18279 2402174 1 574
7828 18272 2402184 1 656
7831 18272 2402194 1 734
7834 18272 2402204 1 807
7837 18273 2402214 1 874
7841 18274 2402224 1 936
7843 18274 2402234 1 961
7844 18274 2402244 1 971
7848 18274 2402254 1 994
7853 18275 2402264 1 1020
7858 18276 2402274 1 1021
7862 18277 2402284 1 1021
7866 18278 2402294 1 1021
7869 18279 2402304 1 1021
7871 18280 2402314 1 1021
7872 18281 2402324 1 1021
7872 18282 2402334 1 1022
7872 18283 2402344 1 1022
7871 18284 2402354 1 1021
7870 18284 2402364 1 1021
7868 18285 2402374 1 1021
7866 18286 2402384 1 1021
7863 18288 2402394 1 1021
7861 18290 2402404 1 1021
7858 18291 2402414 1 1022
7855 18293 2402424 1 1022
7852 18294 2402434 1 1022
7849 18296 2402444 1 1021
7848 18296 2402454 1 1021
7847 18297 2402464 1 1021
7844 18297 2402474 1 1021
7842 18297 2402484 1 1021
7840 18297 2402494 1 1022
7837 18297 2402504 1 1022
7834 18296 2402514 1 1022
7831 18296 2402524 1 1022
7828 18296 2402534 1 1021
7825 18296 2402544 1 1021
7823 18295 2402554 1 1022
7822 18295 2402564 1 1023
7821 18296 2402574 1 1022
7820 18296 2402584 1 1022
7820 18297 2402594 1 1022
7820 18298 2402604 1 1022
7820 18299 2402614 1 1022
7822 18301 2402624 1 1021
7824 18303 2402634 1 1023
7827 18305 2402644 1 1008
7830 18307 2402654 1 973
7834 18309 2402664 1 935
7836 18310 2402674 1 916
7837 18311 2402684 1 897
7841 18313 2402694 1 859
7844 18315 2402704 1 821
7847 18316 2402714 1 781
7849 18317 2402724 1 761
7851 18317 2402734 1 741
7852 18317 2402744 1 701
7854 18316 2402754 1 661
7855 18315 2402764 1 622
7855 18313 2402774 1 582
7856 18312 2402784 1 562
7855 18311 2402794 1 542
7855 18308 2402804 1 503
7853 18304 2402814 1 463
7852 18301 2402824 1 425
7850 18296 2402834 1 388
7848 18294 2402844 1 369
7845 18291 2402854 1 351
7845 18287 2402864 1 314
7845 18283 2402874 1 280
7846 18278 2402884 1 245
7847 18275 2402894 1 229
7848 18272 2402904 1 213
7851 18267 2402914 1 181
7854 18261 2402924 1 152
7858 18254 2402934 1 122
7862 18247 2402944 1 95
7867 18240 2402954 1 71
7870 18236 2402964 1 58
7874 18232 2402974 1 48
7879 18224 2402984 1 27
7884 18216 2402994 0 0
7886 18212 2403004 0 0
7888 18208 2403014 0 0
7893 18200 2403024 0 0
7896 18192 2403034 0 0
7900 18185 2403044 0 0
7903 18179 2403054 0 0
7905 18172 2403064 0 0
7906 18167 2403074 0 0
7907 18165 2403084 0 0
7908 18163 2403094 0 0
7907 18160 2403104 0 0
7907 18158 2403114 1 3
7905 18158 2403124 1 10
7903 18156 2403134 1 20
7899 18156 2403144 1 34
7895 18157 2403154 1 51
7890 18158 2403164 1 71
7884 18161 2403174 1 92
7878 18164 2403184 1 116
7872 18168 2403194 1 142
7869 18170 2403204 1 170
7866 18173 2403214 1 198
7864 18175 2403224 1 227
7860 18178 2403234 1 257
7853 18183 2403244 1 288
7846 18189 2403254 1 318
7839 18195 2403264 1 348
7831 18202 2403274 1 378
7824 18209 2403284 1 407
7817 18216 2403294 1 434
7810 18222 2403304 1 460
7803 18229 2403314 1 485
7799 18232 2403324 1 504
7798 18233 2403334 1 508
7796 18235 2403344 1 523
7789 18240 2403354 1 560
7784 18245 2403364 1 595
7779 18250 2403374 1 629
7775 18254 2403384 1 661
7771 18257 2403394 1 690
7768 18259 2403404 1 716
7766 18261 2403414 1 739
7765 18262 2403424 1 759
7764 18262 2403434 1 774
7764 18262 2403444 1 779
7764 18262 2403454 1 781
7764 18262 2403464 1 785
7764 18260 2403474 1 795
7765 18258 2403484 1 800
7765 18256 2403494 1 804
7766 18252 2403504 1 805
7767 18248 2403514 1 805
7769 18244 2403524 1 803
7770 18239 2403534 1 799
7772 18234 2403544 1 795
7773 18231 2403554 1 792
7774 18229 2403564 1 790
7776 18227 2403574 1 788
7778 18224 2403584 1 785
7781 18220 2403594 1 780
7784 18215 2403604 1 776
7787 18212 2403614 1 773
7791 18209 2403624 1 769
7794 18207 2403634 1 769
7797 18206 2403644 1 769
7801 18205 2403654 1 773
7802 18205 2403664 1 775
7804 18205 2403674 1 778
7808 18205 2403684 1 786
7811 18205 2403694 1 791
7815 18206 2403704 1 797
7818 18207 2403714 1 809
7821 18208 2403724 1 824
7825 18210 2403734 1 839
7828 18213 2403744 1 855
7831 18216 2403754 1 872
7835 18219 2403764 1 888
7836 18221 2403774 1 896
7838 18223 2403784 1 904
7841 18227 2403794 1 918
7844 18231 2403804 1 932
7846 18233 2403814 1 939
7847 18236 2403824 1 944
7848 18240 2403834 1 954
7847 18244 2403844 1 961
7846 18249 2403854 1 965
7845 18252 2403864 1 966
7842 18256 2403874 1 963
7841 18258 2403884 1 960
7840 18259 2403894 1 956
7837 18262 2403904 1 944
7834 18264 2403914 1 927
7832 18266 2403924 1 906
7829 18267 2403934 1 893
7826 18268 2403944 1 878
7825 18270 2403954 1 844
7825 18271 2403964 1 802
7826 18271 2403974 1 755
7826 18271 2403984 1 701
7827 18271 2403994 1 673
7828 18270 2404004 1 643
7830 18269 2404014 1 580
7832 18268 2404024 1 516
7835 18267 2404034 1 450
7838 18266 2404044 1 385
7840 18266 2404054 1 352
7843 18266 2404064 1 321
7848 18265 2404074 1 260
7853 18264 2404084 1 201
7858 18263 2404094 1 148
7860 18262 2404104 1 122
7863 18262 2404114 1 100
7867 18261 2404124 1 59
7871 18260 2404134 1 27
7875 18260 2404144 0 0
7878 18260 2404154 0 0
7881 18261 2404164 0 0
7883 18262 2404174 0 0
7884 18262 2404184 0 0
7884 18263 2404194 0 0
7884 18263 2404204 0 0
7884 18263 2404214 0 0
7883 18263 2404224 0 0
7882 18263 2404234 0 0
7880 18263 2404244 0 0
7878 18263 2404254 0 0
7876 18263 2404264 0 0
7874 18263 2404274 0 0
7872 18262 2404284 1 4
7870 18262 2404294 1 12
7869 18261 2404304 1 26
7867 18261 2404314 1 58
7867 18261 2404324 1 76
7866 18261 2404334 1 99
7864 18261 2404344 1 149
7863 18261 2404354 1 206
7862 18261 2404364 1 266
7862 18260 2404374 1 333
7862 18260 2404384 1 402
7862 18259 2404394 1 474
7863 18259 2404404 1 545
7863 18258 2404414 1 581
7864 18258 2404424 1 616
7864 18258 2404434 1 645
7865 18257 2404444 1 685
7866 18256 2404454 1 751
7868 18255 2404464 1 813
7870 18254 2404474 1 870
7873 18252 2404484 1 919
7875 18251 2404494 1 960
7878 18249 2404504 1 993
7881 18248 2404514 1 1015
7884 18247 2404524 1 1024
7885 18247 2404534 1 1024
7885 18247 2404544 1 1024
7886 18247 2404554 1 1024
7889 18246 2404564 1 1024
7891 18245 2404574 1 1024
7893 18245 2404584 1 1024
7895 18244 2404594 1 1024
7896 18243 2404604 1 1024
7897 18243 2404614 1 1013
7899 18242 2404624 1 996
7900 18242 2404634 1 978
7901 18241 2404644 1 962
7901 18241 2404654 1 955
7901 18241 2404664 1 953
7901 18241 2404674 1 946
7903 18240 2404684 1 929
7904 18239 2404694 1 915
7904 18239 2404704 1 902
7905 18238 2404714 1 890
7906 18238 2404724 1 882
7906 18237 2404734 1 874
7906 18236 2404744 1 870
7906 18235 2404754 1 868
7906 18234 2404764 1 869
7906 18234 2404774 1 869
7906 18233 2404784 1 871
7907 18232 2404794 1 870
7906 18231 2404804 1 871
7906 18230 2404814 1 872
7905 18229 2404824 1 873
7904 18228 2404834 1 874
7903 18228 2404844 1 875
7901 18227 2404854 1 876
7899 18226 2404864 1 877
7898 18226 2404874 1 878
7897 18226 2404884 1 878
7895 18226 2404894 1 879
7894 18225 2404904 1 880
7893 18225 2404914 1 880
7891 18225 2404924 1 881
7890 18226 2404934 1 882
7889 18226 2404944 1 883
7887 18227 2404954 1 884
7885 18229 2404964 1 885
7883 18230 2404974 1 886
7882 18231 2404984 1 887
7881 18232 2404994 1 887
7879 18233 2405004 1 888
7877 18235 2405014 1 889
7875 18236 2405024 1 890
7872 18237 2405034 1 890
7871 18239 2405044 1 891
7869 18241 2405054 1 892
7867 18242 2405064 1 893
7866 18244 2405074 1 895
7865 18246 2405084 1 896
7865 18246 2405094 1 896
7865 18247 2405104 1 897
7865 18248 2405114 1 898
7866 18249 2405124 1 899
7867 18250 2405134 1 900
7868 18250 2405144 1 900
7869 18250 2405154 1 901
7871 18250 2405164 1 902
7873 18250 2405174 1 903
7875 18250 2405184 1 904
7878 18249 2405194 1 905
7879 18249 2405204 1 905
7880 18248 2405214 1 906
7882 18247 2405224 1 906
7884 18245 2405234 1 907
7885 18242 2405244 1 908
7887 18240 2405254 1 909
7888 18238 2405264 1 910
7889 18236 2405274 1 910
7890 18234 2405284 1 911
7891 18231 2405294 1 912
7892 18228 2405304 1 913
7892 18226 2405314 1 913
7893 18225 2405324 1 914
7894 18223 2405334 1 916
7895 18220 2405344 1 917
7895 18218 2405354 1 918
7896 18216 2405364 1 919
7896 18214 2405374 1 920
7897 18214 2405384 1 920
7897 18213 2405394 1 920
7896 18212 2405404 1 921
7894 18210 2405414 1 922
7893 18210 2405424 1 923
7892 18210 2405434 1 923
7890 18210 2405444 1 924
7887 18210 2405454 1 925
7885 18210 2405464 1 926
7881 18211 2405474 1 927
7878 18212 2405484 1 928
7875 18214 2405494 1 930
7872 18216 2405504 1 930
7870 18217 2405514 1 931
7867 18219 2405524 1 931
7866 18221 2405534 1 932
7866 18222 2405544 1 932
7865 18225 2405554 1 933
7864 18228 2405564 1 934
7864 18232 2405574 1 935
7865 18236 2405584 1 936
7867 18239 2405594 1 937
7869 18243 2405604 1 938
7871 18247 2405614 1 939
7873 18249 2405624 1 940
7875 18251 2405634 1 941
7876 18253 2405644 1 941
7877 18254 2405654 1 941
7879 18257 2405664 1 942
7881 18260 2405674 1 943
7883 18262 2405684 1 944
7885 18264 2405694 1 945
7888 18265 2405704 1 946
7890 18266 2405714 1 947
7893 18266 2405724 1 948
7896 18266 2405734 1 948
7899 18265 2405744 1 949
7900 18265 2405754 1 950
7901 18265 2405764 1 950
7903 18264 2405774 1 951
7905 18263 2405784 1 952
7906 18262 2405794 1 953
7907 18260 2405804 1 954
7907 18258 2405814 1 955
7907 18257 2405824 1 956
7907 18254 2405834 1 957
7907 18252 2405844 1 958
7906 18250 2405854 1 959
7906 18249 2405864 1 960
7905 18249 2405874 1 960
7904 18247 2405884 1 960
7903 18245 2405894 1 961
7902 18243 2405904 1 962
7900 18241 2405914 1 964
7900 18239 2405924 1 965
7899 18237 2405934 1 965
7898 18235 2405944 1 966
7897 18233 2405954 1 967
7896 18232 2405964 1 968
7896 18231 2405974 1 969
7895 18230 2405984 1 969
7894 18230 2405994 1 970
7893 18230 2406004 1 971
7892 18229 2406014 1 972
7891 18228 2406024 1 973
7890 18228 2406034 1 973
7888 18228 2406044 1 974
7886 18228 2406054 1 976
7884 18229 2406064 1 977
7882 18229 2406074 1 978
7881 18230 2406084 1 978
7880 18230 2406094 1 979
7878 18231 2406104 1 980
7877 18231 2406114 1 980
7875 18232 2406124 1 981
7873 18233 2406134 1 983
7871 18233 2406144 1 984
7870 18234 2406154 1 984
7868 18235 2406164 1 985
7865 18235 2406174 1 986
7863 18236 2406184 1 987
7862 18236 2406194 1 988
7862 18237 2406204 1 989
7860 18237 2406214 1 990
7859 18238 2406224 1 991
7858 18237 2406234 1 991
7858 18237 2406244 1 992
7859 18237 2406254 1 992
7860 18237 2406264 1 994
7862 18237 2406274 1 995
7864 18237 2406284 1 996
7866 18237 2406294 1 997
7867 18238 2406304 1 998
7869 18238 2406314 1 998
7871 18238 2406324 1 999
7874 18238 2406334 1 1000
7876 18238 2406344 1 1001
7879 18238 2406354 1 1001
7881 18238 2406364 1 1002
7884 18239 2406374 1 1002
7886 18239 2406384 1 1004
7888 18240 2406394 1 1005
7890 18240 2406404 1 1005
7891 18240 2406414 1 1005
7892 18240 2406424 1 1006
7894 18240 2406434 1 1007
7896 18241 2406444 1 1006
7898 18242 2406454 1 1002
7900 18243 2406464 1 997
7902 18244 2406474 1 996
7905 18245 2406484 1 995
7908 18246 2406494 1 995
7911 18247 2406504 1 1001
7914 18248 2406514 1 1015
7916 18249 2406524 1 1024
7917 18250 2406534 1 1016
7920 18251 2406544 1 1016
7922 18252 2406554 1 1018
7924 18253 2406564 0 0
7926 18254 2406574 0 0
7928 18255 2406584 0 0
7930 18255 2406594 0 0
7932 18256 2406604 0 0
7935 18257 2406614 0 0
7937 18257 2406624 0 0
7938 18258 2406634 0 0
7939 18258 2406644 0 0
7940 18258 2406654 0 0
7942 18258 2406664 0 0
7943 18258 2406674 0 0
7944 18258 2406684 0 0
7945 18257 2406694 1 502
7945 18257 2406704 1 1024
7945 18256 2406714 1 1024
7944 18255 2406724 1 1024
7944 18254 2406734 1 1024
7944 18254 2406744 1 1024
7944 18253 2406754 1 1024
7943 18253 2406764 1 1024
7943 18252 2406774 1 1024
7943 18251 2406784 1 1024
7942 18251 2406794 1 1024
7941 18250 2406804 1 1024
7940 18249 2406814 1 1024
7937 18249 2406824 1 1024
7935 18248 2406834 1 1024
7932 18248 2406844 1 1024
7930 18247 2406854 1 1024
7929 18247 2406864 1 1024
7925 18246 2406874 1 1024
7922 18245 2406884 1 1024
7918 18244 2406894 1 1024
7915 18243 2406904 1 1024
7912 18242 2406914 1 1024
7908 18241 2406924 1 1024
7905 18240 2406934 1 1024
7902 18239 2406944 1 1024
7900 18238 2406954 1 1024
7900 18238 2406964 1 1024
7899 18238 2406974 1 1024
7898 18237 2406984 1 880
7897 18237 2406994 1 718
7897 18236 2407004 1 570
7898 18236 2407014 1 433
7900 18237 2407024 1 307
7902 18237 2407034 1 193
7904 18238 2407044 1 90
7906 18239 2407054 0 0
7909 18241 2407064 0 0
7910 18242 2407074 0 0
7912 18242 2407084 0 0
7914 18243 2407094 0 0
7917 18245 2407104 0 0
7918 18247 2407114 0 0
7920 18248 2407124 0 0
7921 18250 2407134 0 0
7922 18251 2407144 0 0
7922 18252 2407154 0 0
7922 18254 2407164 0 0
7922 18255 2407174 0 0
7921 18255 2407184 0 0
7921 18256 2407194 0 0
7920 18257 2407204 0 0
7919 18257 2407214 0 0
7917 18258 2407224 0 0
7916 18258 2407234 0 0
7914 18258 2407244 0 0
7913 18259 2407254 0 0
7911 18259 2407264 0 0
7910 18259 2407274 0 0
7908 18259 2407284 0 0
7907 18259 2407294 0 0
7906 18260 2407304 0 0
7905 18260 2407314 0 0
7904 18260 2407324 0 0
7903 18261 2407334 0 0
7902 18261 2407344 0 0
7902 18262 2407354 1 48
7902 18262 2407364 1 108
7902 18263 2407374 1 172
7902 18263 2407384 1 236
7902 18264 2407394 1 302
7902 18264 2407404 1 335
7902 18264 2407414 1 368
7903 18264 2407424 1 434
7903 18264 2407434 1 501
7904 18264 2407444 1 534
7905 18264 2407454 1 568
7906 18264 2407464 1 633
7906 18264 2407474 1 698
7907 18264 2407484 1 763
7907 18264 2407494 1 825
7907 18264 2407504 1 885
7906 18264 2407514 1 914
7906 18264 2407524 1 943
7907 18264 2407534 1 999
7908 18264 2407544 1 1024
7910 18264 2407554 1 1024
7913 18264 2407564 1 1024
7915 18264 2407574 1 1024
7919 18264 2407584 1 1024
7922 18264 2407594 1 1024
7926 18264 2407604 1 1024
7929 18263 2407614 1 1024
7930 18263 2407624 1 1024
7931 18263 2407634 1 1024
7934 18263 2407644 1 1024
7935 18263 2407654 1 1024
7936 18262 2407664 1 1024
7937 18262 2407674 1 1024
7937 18262 2407684 1 1024
7938 18261 2407694 1 1024
7938 18260 2407704 1 1024
7939 18259 2407714 1 1024
7939 18257 2407724 1 1024
7940 18257 2407734 1 1024
7940 18256 2407744 1 1024
7940 18254 2407754 1 1024
7940 18252 2407764 1 1024
7939 18251 2407774 1 1024
7938 18249 2407784 1 1024
7937 18247 2407794 1 1024
7936 18246 2407804 1 1024
7934 18245 2407814 1 1024
7932 18243 2407824 1 1024
7930 18241 2407834 1 1024
7929 18240 2407844 1 1024
7928 18239 2407854 1 1024
7926 18238 2407864 1 1024
7924 18236 2407874 1 1024
7922 18234 2407884 1 1024
7920 18233 2407894 1 1024
7918 18231 2407904 1 1024
7916 18230 2407914 1 1024
7914 18229 2407924 1 1024
7912 18228 2407934 1 1024
7910 18227 2407944 1 1024
7909 18226 2407954 1 1024
7909 18226 2407964 1 1024
7908 18224 2407974 1 1024
7908 18223 2407984 1 1024
7909 18222 2407994 1 1024
7910 18221 2408004 1 1024
7912 18221 2408014 1 1024
7915 18219 2408024 1 1024
7919 18218 2408034 1 1024
7923 18217 2408044 1 1024
7927 18216 2408054 1 1024
7929 18216 2408064 1 1024
7931 18215 2408074 1 1024
7935 18214 2408084 1 1024
7937 18213 2408094 1 1024
7940 18212 2408104 1 1024
7941 18212 2408114 1 1024
7942 18212 2408124 1 1024
7943 18212 2408134 1 1024
7943 18211 2408144 1 1024
7943 18211 2408154 1 1024
7943 18211 2408164 1 1024
7942 18211 2408174 1 1024
7942 18211 2408184 1 1024
7942 18211 2408194 1 1024
7942 18211 2408204 1 1024
7941 18211 2408214 1 1024
7941 18211 2408224 1 1024
7940 18212 2408234 1 1024
7939 18213 2408244 1 1024
7939 18214 2408254 1 1024
7939 18216 2408264 1 1024
7939 18217 2408274 1 1024
7939 18218 2408284 1 1024
7939 18218 2408294 1 1024
7939 18219 2408304 1 1024
7940 18222 2408314 1 1024
7942 18224 2408324 1 1024
7943 18226 2408334 1 1024
7945 18229 2408344 1 1024
7947 18232 2408354 1 1024
7949 18235 2408364 1 1024
7951 18237 2408374 1 1024
7954 18240 2408384 1 1024
7955 18241 2408394 1 1024
7956 18242 2408404 1 1024
7957 18244 2408414 1 1024
7957 18245 2408424 1 1024
7958 18246 2408434 1 1024
7958 18247 2408444 1 1024
7957 18248 2408454 1 1024
7957 18249 2408464 1 1024
7956 18250 2408474 1 1024
7955 18251 2408484 1 1024
7955 18251 2408494 1 1024
7955 18252 2408504 1 1024
7955 18251 2408514 1 1024
7955 18251 2408524 1 1024
7955 18251 2408534 1 1024
7955 18250 2408544 1 1024
7954 18250 2408554 1 1024
7953 18249 2408564 1 1024
7952 18248 2408574 1 1024
7951 18248 2408584 1 1024
7950 18247 2408594 1 1024
7949 18246 2408604 1 1024
7947 18245 2408614 1 1024
7946 18245 2408624 1 1023
7945 18244 2408634 1 1023
7944 18244 2408644 1 1024
7943 18244 2408654 1 1024
7943 18243 2408664 1 1024
7942 18243 2408674 1 1024
7942 18243 2408684 1 1024
7942 18243 2408694 1 1023
7942 18243 2408704 1 1023
7943 18243 2408714 1 1023
7944 18243 2408724 1 1024
7944 18243 2408734 1 1024
7945 18242 2408744 1 1024
7947 18242 2408754 1 1024
7948 18242 2408764 1 1023
7950 18242 2408774 1 1023
7951 18242 2408784 1 1023
7953 18241 2408794 1 1023
7956 18241 2408804 1 1024
7958 18240 2408814 1 1024
7960 18240 2408824 1 1023
7962 18239 2408834 1 1023
7965 18238 2408844 1 1023
7967 18237 2408854 1 1023
7969 18236 2408864 1 1023
7970 18235 2408874 1 1023
7972 18234 2408884 1 1024
7974 18233 2408894 1 1023
7976 18232 2408904 1 1023
7979 18230 2408914 1 1023
7982 18229 2408924 1 1023
7985 18229 2408934 1 1023
7988 18228 2408944 1 1023
7990 18228 2408954 1 1023
7993 18228 2408964 1 1022
7993 18228 2408974 1 1023
7993 18229 2408984 1 1023
7993 18229 2408994 1 1023
7993 18230 2409004 1 1023
7993 18230 2409014 1 1023
7992 18230 2409024 1 1023
7991 18231 2409034 1 1022
7990 18231 2409044 1 1022
7988 18232 2409054 1 1023
7987 18233 2409064 1 1023
7986 18234 2409074 1 1023
7985 18236 2409084 1 1023
7983 18237 2409094 1 1022
7981 18239 2409104 1 1022
7979 18241 2409114 1 1022
7977 18242 2409124 1 1022
7975 18244 2409134 1 1022
7973 18246 2409144 1 1023
7971 18249 2409154 1 1022
7969 18251 2409164 1 1022
7967 18253 2409174 1 1022
7964 18256 2409184 1 1022
7962 18258 2409194 1 1022
7960 18260 2409204 1 1022
7958 18262 2409214 1 1021
7957 18264 2409224 1 1021
7956 18265 2409234 1 1021
7955 18266 2409244 1 1022
7955 18266 2409254 1 1022
7955 18267 2409264 1 1022
7955 18267 2409274 1 1021
7955 18267 2409284 1 1021
7956 18266 2409294 1 1021
7957 18266 2409304 1 1021
7957 18265 2409314 1 1021
7958 18265 2409324 1 1022
7959 18265 2409334 1 1020
7959 18264 2409344 1 1021
7959 18264 2409354 1 1021
7960 18263 2409364 1 1021
7961 18262 2409374 1 1021
7961 18261 2409384 1 1021
7962 18260 2409394 1 1020
7962 18258 2409404 1 1020
7963 18256 2409414 1 1020
7963 18254 2409424 1 1020
7964 18252 2409434 1 1021
