8089 17633 2455147 1 378
8083 17624 2455157 1 460
8081 17620 2455167 1 536
8081 17618 2455177 1 609
8077 17611 2455187 1 677
8080 17611 2455197 1 741
8083 17612 2455207 1 802
8086 17613 2455217 1 858
8090 17615 2455227 1 910
8092 17615 2455237 1 939
8094 17616 2455247 1 958
8098 17617 2455257 1 980
8101 17618 2455267 1 981
8104 17619 2455277 1 981
8107 17620 2455287 1 981
8109 17621 2455297 1 981
8110 17622 2455307 1 981
8112 17623 2455317 1 981
8113 17625 2455327 1 982
8113 17627 2455337 1 982
8113 17628 2455347 1 982
8113 17628 2455357 1 982
8112 17630 2455367 1 982
8111 17632 2455377 1 982
8110 17633 2455387 1 982
8108 17635 2455397 1 983
8106 17637 2455407 1 983
8104 17639 2455417 1 983
8101 17640 2455427 1 983
8099 17642 2455437 1 983
8093 17644 2455447 1 983
8091 17645 2455457 1 984
8088 17646 2455467 1 984
8084 17647 2455477 1 984
8081 17647 2455487 1 984
8078 17646 2455497 1 984
8075 17646 2455507 1 984
8073 17645 2455517 1 985
8071 17644 2455527 1 985
8070 17644 2455537 1 985
8069 17643 2455547 1 985
8069 17641 2455557 1 985
8069 17640 2455567 1 985
8069 17639 2455577 1 984
8069 17639 2455587 1 986
8069 17638 2455597 1 973
8070 17638 2455607 1 943
8071 17638 2455617 1 911
8072 17638 2455627 1 879
8073 17638 2455637 1 847
8075 17638 2455647 1 815
8077 17638 2455657 1 781
8078 17638 2455667 1 764
8079 17638 2455677 1 747
8080 17638 2455687 1 713
8083 17638 2455697 1 679
8085 17638 2455707 1 645
8087 17637 2455717 1 611
8090 17636 2455727 1 577
8092 17635 2455737 1 543
8098 17632 2455747 1 476
8101 17630 2455757 1 444
8103 17630 2455767 1 428
8105 17629 2455777 1 413
8109 17626 2455787 1 381
8113 17623 2455797 1 351
8116 17619 2455807 1 321
8120 17615 2455817 1 294
8123 17610 2455827 1 266
8127 17604 2455837 1 240
8130 17598 2455847 1 215
8133 17591 2455857 1 191
8136 17584 2455867 1 169
8137 17581 2455877 1 158
8138 17578 2455887 1 149
8140 17570 2455897 1 131
8142 17562 2455907 1 113
8144 17554 2455917 1 106
8145 17546 2455927 1 106
8146 17538 2455937 1 105
8146 17530 2455947 1 105
8147 17522 2455957 1 104
8147 17515 2455967 1 104
8146 17508 2455977 1 103
8145 17505 2455987 1 104
8144 17502 2455997 1 104
8142 17497 2456007 1 103
8140 17494 2456017 1 103
8137 17491 2456027 1 102
8133 17490 2456037 1 102
8125 17491 2456047 1 119
8120 17493 2456057 1 141
8114 17496 2456067 1 165
8109 17500 2456077 1 191
8106 17502 2456087 1 205
8103 17505 2456097 1 219
8097 17510 2456107 1 250
8092 17517 2456117 1 281
8086 17523 2456127 1 314
8080 17531 2456137 1 347
8074 17539 2456147 1 382
8069 17547 2456157 1 417
8063 17555 2456167 1 452
8058 17562 2456177 1 487
8052 17569 2456187 1 522
8049 17573 2456197 1 538
8047 17576 2456207 1 554
8041 17583 2456217 1 587
8037 17588 2456227 1 618
8032 17593 2456237 1 648
8029 17597 2456247 1 675
8025 17600 2456257 1 701
8023 17602 2456267 1 723
8021 17604 2456277 1 744
8019 17604 2456287 1 761
8019 17604 2456297 1 774
8018 17604 2456307 1 781
8018 17603 2456317 1 785
8018 17601 2456327 1 793
8018 17599 2456337 1 798
8021 17592 2456347 1 802
8022 17588 2456357 1 802
8024 17584 2456367 1 800
8026 17579 2456377 1 797
8029 17574 2456387 1 793
8031 17569 2456397 1 789
8032 17566 2456407 1 787
8033 17564 2456417 1 785
8035 17560 2456427 1 780
8037 17556 2456437 1 776
8039 17553 2456447 1 773
8041 17550 2456457 1 770
8042 17548 2456467 1 770
8044 17547 2456477 1 770
8045 17546 2456487 1 773
8045 17546 2456497 1 778
8046 17547 2456507 1 786
8046 17548 2456517 1 790
8046 17549 2456527 1 795
8046 17551 2456537 1 806
8047 17554 2456547 1 819
8047 17556 2456557 1 833
8047 17559 2456567 1 847
8047 17563 2456577 1 862
8048 17566 2456587 1 876
8048 17570 2456597 1 891
8049 17574 2456607 1 904
8050 17578 2456617 1 916
8050 17580 2456627 1 922
8051 17582 2456637 1 927
8054 17590 2456647 1 942
8056 17594 2456657 1 947
8057 17597 2456667 1 948
8060 17600 2456677 1 944
8062 17602 2456687 1 938
8064 17604 2456697 1 928
8067 17606 2456707 1 913
8070 17607 2456717 1 894
8072 17608 2456727 1 882
8074 17608 2456737 1 868
8077 17608 2456747 1 838
8081 17609 2456757 1 800
8085 17609 2456767 1 757
8088 17608 2456777 1 708
8092 17608 2456787 1 655
8096 17607 2456797 1 598
8099 17607 2456807 1 541
8102 17606 2456817 1 481
8105 17604 2456827 1 422
8107 17604 2456837 1 391
8108 17603 2456847 1 363
8110 17602 2456857 1 307
8112 17601 2456867 1 253
8114 17600 2456877 1 204
8115 17599 2456887 1 161
8116 17599 2456897 1 123
8116 17599 2456907 1 94
8117 17599 2456917 1 62
8117 17599 2456927 1 62
8117 17599 2456937 1 61
8116 17599 2456947 1 62
8115 17599 2456957 1 61
8114 17599 2456967 1 61
8113 17599 2456977 1 60
8112 17599 2456987 1 60
8111 17600 2456997 1 59
8109 17600 2457007 1 59
8108 17601 2457017 1 58
8107 17601 2457027 1 58
8105 17602 2457037 1 66
8105 17601 2457047 1 74
8104 17601 2457057 1 86
8103 17602 2457067 1 115
8102 17602 2457077 1 153
8101 17602 2457087 1 199
8101 17601 2457097 1 250
8100 17601 2457107 1 306
8100 17600 2457117 1 367
8101 17600 2457127 1 431
8102 17599 2457137 1 497
8103 17597 2457147 1 563
8104 17597 2457157 1 596
8105 17596 2457167 1 629
8107 17594 2457177 1 692
8109 17592 2457187 1 753
8111 17590 2457197 1 811
8114 17587 2457207 1 864
8116 17585 2457217 1 909
8119 17582 2457227 1 948
8123 17580 2457237 1 978
8129 17575 2457247 1 1007
8131 17574 2457257 1 1009
8133 17572 2457267 1 1008
8136 17570 2457277 1 1008
8139 17569 2457287 1 1008
8142 17567 2457297 1 1008
8144 17566 2457307 1 1008
8147 17565 2457317 1 1008
8149 17565 2457327 1 998
8151 17565 2457337 1 982
8152 17566 2457347 1 966
8153 17566 2457357 1 950
8153 17567 2457367 1 942
8153 17567 2457377 1 935
8154 17567 2457387 1 920
8154 17567 2457397 1 907
8154 17567 2457407 1 895
8154 17567 2457417 1 884
8153 17568 2457427 1 875
8153 17568 2457437 1 868
8151 17568 2457447 1 864
8150 17568 2457457 1 863
8149 17568 2457467 1 864
8148 17568 2457477 1 865
8147 17568 2457487 1 865
8146 17567 2457497 1 866
8144 17567 2457507 1 867
8142 17566 2457517 1 868
8140 17566 2457527 1 869
8138 17566 2457537 1 870
8133 17567 2457547 1 872
8131 17567 2457557 1 873
8129 17568 2457567 1 874
8128 17568 2457577 1 875
8127 17569 2457587 1 875
8125 17570 2457597 1 876
8123 17570 2457607 1 877
8122 17571 2457617 1 878
8121 17572 2457627 1 879
8121 17573 2457637 1 880
8121 17574 2457647 1 881
8122 17575 2457657 1 882
8123 17576 2457667 1 883
8124 17577 2457677 1 884
8125 17578 2457687 1 885
8126 17579 2457697 1 885
8128 17581 2457707 1 886
8130 17584 2457717 1 887
8131 17586 2457727 1 888
8133 17588 2457737 1 890
8135 17590 2457747 1 891
8136 17592 2457757 1 892
8138 17594 2457767 1 893
8139 17596 2457777 1 894
8140 17597 2457787 1 895
8141 17598 2457797 1 895
8141 17599 2457807 1 896
8141 17599 2457817 1 897
8142 17599 2457827 1 898
8142 17599 2457837 1 899
8143 17596 2457847 1 901
8143 17595 2457857 1 902
8143 17593 2457867 1 903
8143 17590 2457877 1 904
8142 17588 2457887 1 905
8142 17586 2457897 1 906
8142 17585 2457907 1 906
8141 17582 2457917 1 907
8140 17579 2457927 1 908
8139 17576 2457937 1 909
8138 17573 2457947 1 910
8138 17570 2457957 1 912
8137 17567 2457967 1 913
8136 17565 2457977 1 914
8136 17562 2457987 1 915
8135 17559 2457997 1 916
8135 17558 2458007 1 916
8136 17557 2458017 1 917
8135 17555 2458027 1 918
8135 17554 2458037 1 919
8135 17553 2458047 1 920
8136 17552 2458057 1 921
8136 17552 2458067 1 922
8136 17553 2458077 1 923
8137 17553 2458087 1 924
8137 17555 2458097 1 925
8137 17556 2458107 1 927
8137 17557 2458117 1 927
8137 17558 2458127 1 928
8137 17560 2458137 1 929
8137 17565 2458147 1 931
8137 17568 2458157 1 932
8137 17571 2458167 1 933
8137 17574 2458177 1 934
8137 17578 2458187 1 935
8137 17581 2458197 1 936
8138 17584 2458207 1 937
8138 17586 2458217 1 938
8138 17588 2458227 1 939
8138 17591 2458237 1 940
8139 17595 2458247 1 941
8140 17597 2458257 1 942
8140 17600 2458267 1 943
8140 17603 2458277 1 944
8141 17605 2458287 1 945
8141 17607 2458297 1 946
8140 17609 2458307 1 947
8140 17610 2458317 1 948
8140 17610 2458327 1 949
8140 17610 2458337 1 950
8140 17610 2458347 1 951
8140 17610 2458357 1 952
8141 17609 2458367 1 953
8141 17607 2458377 1 954
8142 17606 2458387 1 955
8143 17604 2458397 1 956
8144 17602 2458407 1 957
8145 17600 2458417 1 958
8146 17597 2458427 1 959
8147 17596 2458437 1 960
8150 17591 2458447 1 961
8151 17588 2458457 1 962
8152 17585 2458467 1 963
8153 17583 2458477 1 964
8154 17580 2458487 1 964
8154 17577 2458497 1 965
8154 17575 2458507 1 966
8155 17573 2458517 1 967
8155 17571 2458527 1 968
8155 17569 2458537 1 968
8154 17568 2458547 1 969
8154 17566 2458557 1 970
8154 17565 2458567 1 971
8153 17564 2458577 1 971
8153 17563 2458587 1 972
8152 17562 2458597 1 973
8152 17562 2458607 1 974
8151 17562 2458617 1 975
8150 17562 2458627 1 976
8149 17562 2458637 1 977
8148 17562 2458647 1 977
8147 17563 2458657 1 978
8146 17564 2458667 1 979
8145 17565 2458677 1 980
8144 17567 2458687 1 980
8143 17568 2458697 1 981
8143 17570 2458707 1 982
8142 17572 2458717 1 983
8142 17573 2458727 1 984
8142 17575 2458737 1 985
8142 17578 2458747 1 986
8142 17579 2458757 1 987
8142 17581 2458767 1 987
8142 17582 2458777 1 988
8143 17583 2458787 1 989
8144 17585 2458797 1 990
8144 17586 2458807 1 991
8145 17587 2458817 1 992
8146 17588 2458827 1 992
8147 17589 2458837 1 994
8148 17590 2458847 1 995
8149 17590 2458857 1 995
8149 17591 2458867 1 996
8151 17592 2458877 1 996
8152 17593 2458887 1 997
8153 17593 2458897 1 998
8154 17594 2458907 1 998
8155 17594 2458917 1 999
8156 17595 2458927 1 1000
8157 17595 2458937 1 998
8158 17594 2458947 1 994
8158 17594 2458957 1 990
8158 17594 2458967 1 988
8158 17593 2458977 1 987
8158 17593 2458987 1 987
8158 17592 2458997 1 993
8159 17592 2459007 1 1006
8159 17592 2459017 1 1007
8159 17591 2459027 1 1007
8159 17591 2459037 1 1008
8160 17591 2459047 1 25
8161 17590 2459057 1 26
8161 17590 2459067 1 9
8161 17590 2459077 1 26
8162 17589 2459087 1 27
8164 17589 2459097 1 28
8165 17589 2459107 1 28
8166 17588 2459117 1 29
8168 17588 2459127 1 29
8169 17588 2459137 1 30
8171 17588 2459147 1 30
8172 17587 2459157 1 515
8174 17587 2459167 1 1013
8175 17586 2459177 1 1024
8176 17586 2459187 1 1013
8177 17585 2459197 1 1012
8178 17585 2459207 1 1013
8179 17585 2459217 1 1013
8180 17584 2459227 1 1013
8181 17584 2459237 1 1013
8182 17584 2459247 1 1013
8183 17584 2459257 1 1012
8183 17583 2459267 1 1012
8184 17583 2459277 1 1012
8184 17584 2459287 1 1012
8185 17584 2459297 1 1012
8185 17584 2459307 1 1012
8185 17584 2459317 1 1012
8185 17584 2459327 1 1011
8184 17584 2459337 1 1011
8183 17583 2459347 1 1011
8181 17583 2459357 1 1011
8180 17582 2459367 1 1011
8179 17582 2459377 1 1010
8178 17581 2459387 1 1024
8178 17581 2459397 1 1010
8177 17581 2459407 1 874
8176 17581 2459417 1 722
8175 17581 2459427 1 583
8175 17581 2459437 1 455
8174 17581 2459447 1 338
8174 17581 2459457 1 231
8173 17582 2459467 1 135
8173 17582 2459477 1 49
8172 17583 2459487 1 44
8172 17583 2459497 1 48
8172 17583 2459507 1 45
8172 17584 2459517 1 45
8171 17584 2459527 1 46
8171 17585 2459537 1 46
8171 17586 2459547 1 47
8171 17587 2459557 1 47
8171 17588 2459567 1 47
8171 17588 2459577 1 47
8171 17589 2459587 1 48
8171 17590 2459597 1 49
8172 17591 2459607 1 49
8172 17591 2459617 1 49
8172 17592 2459627 1 50
8172 17592 2459637 1 50
8171 17592 2459647 1 51
8170 17593 2459657 1 52
8170 17593 2459667 1 52
8169 17594 2459677 1 53
8168 17595 2459687 1 53
8167 17595 2459697 1 54
8167 17596 2459707 1 56
8166 17597 2459717 1 53
8166 17597 2459727 1 54
8165 17598 2459737 1 107
8165 17599 2459747 1 163
8164 17599 2459757 1 221
8164 17600 2459767 1 280
8164 17601 2459777 1 341
8165 17602 2459787 1 402
8165 17602 2459797 1 463
8165 17603 2459807 1 525
8165 17604 2459817 1 555
8166 17604 2459827 1 586
8166 17605 2459837 1 645
8167 17605 2459847 1 705
8168 17606 2459857 1 764
8169 17606 2459867 1 821
8171 17606 2459877 1 876
8172 17606 2459887 1 929
8173 17606 2459897 1 980
8174 17606 2459907 1 1003
8175 17605 2459917 1 1003
8176 17604 2459927 1 1002
8176 17603 2459937 1 1003
8178 17600 2459947 1 1003
8178 17598 2459957 1 1003
8178 17596 2459967 1 1002
8178 17595 2459977 1 1002
8178 17593 2459987 1 1002
8178 17591 2459997 1 1002
8177 17589 2460007 1 1002
8177 17587 2460017 1 1002
8176 17586 2460027 1 1001
8176 17584 2460037 1 1001
8175 17582 2460047 1 1001
8175 17581 2460057 1 1001
8174 17579 2460067 1 1001
8174 17577 2460077 1 1001
8174 17576 2460087 1 1001
8174 17575 2460097 1 1000
8174 17574 2460107 1 1000
8174 17573 2460117 1 1000
8174 17572 2460127 1 1001
8174 17572 2460137 1 1001
8174 17572 2460147 1 1001
8174 17571 2460157 1 1001
8175 17571 2460167 1 1000
8175 17570 2460177 1 1000
8175 17570 2460187 1 1000
8175 17570 2460197 1 1000
8176 17569 2460207 1 1000
8176 17569 2460217 1 1000
8177 17568 2460227 1 999
8177 17568 2460237 1 999
8179 17569 2460247 1 999
8179 17569 2460257 1 999
8180 17569 2460267 1 999
8181 17569 2460277 1 999
8181 17569 2460287 1 998
8181 17568 2460297 1 998
8182 17568 2460307 1 998
8182 17568 2460317 1 998
8182 17567 2460327 1 998
8182 17566 2460337 1 998
8182 17565 2460347 1 997
8182 17564 2460357 1 997
8182 17563 2460367 1 997
8181 17561 2460377 1 997
8181 17559 2460387 1 997
8181 17557 2460397 1 997
8181 17556 2460407 1 997
8181 17555 2460417 1 996
8181 17554 2460427 1 996
8181 17552 2460437 1 996
8181 17552 2460447 1 996
8181 17551 2460457 1 996
8181 17550 2460467 1 996
8181 17549 2460477 1 996
8182 17549 2460487 1 995
8182 17548 2460497 1 995
8182 17548 2460507 1 995
8182 17548 2460517 1 995
8182 17548 2460527 1 995
8182 17548 2460537 1 995
8182 17550 2460547 1 994
8183 17551 2460557 1 994
8183 17552 2460567 1 994
8183 17554 2460577 1 994
8184 17557 2460587 1 994
8184 17559 2460597 1 994
8185 17562 2460607 1 993
8185 17565 2460617 1 993
8186 17569 2460627 1 993
8187 17572 2460637 1 994
8188 17575 2460647 1 994
8188 17578 2460657 1 994
8189 17580 2460667 1 994
8189 17581 2460677 1 993
8190 17584 2460687 1 993
8191 17585 2460697 1 993
8191 17587 2460707 1 993
8192 17588 2460717 1 993
8192 17589 2460727 1 993
8192 17590 2460737 1 992
8192 17591 2460747 1 992
8192 17591 2460757 1 992
8192 17591 2460767 1 992
8192 17591 2460777 1 992
8192 17590 2460787 1 992
8192 17590 2460797 1 992
8192 17589 2460807 1 991
8192 17589 2460817 1 991
8192 17588 2460827 1 991
8192 17588 2460837 1 991
8192 17587 2460847 1 991
8192 17586 2460857 1 990
8192 17586 2460867 1 990
8193 17585 2460877 1 990
8193 17585 2460887 1 990
8193 17583 2460897 1 990
8193 17582 2460907 1 990
8193 17581 2460917 1 990
8192 17579 2460927 1 989
8192 17578 2460937 1 989
8192 17577 2460947 1 989
8192 17577 2460957 1 989
8191 17576 2460967 1 989
8191 17575 2460977 1 989
8191 17575 2460987 1 989
8191 17575 2460997 1 988
8191 17575 2461007 1 988
8191 17576 2461017 1 988
8191 17576 2461027 1 988
8191 17576 2461037 1 988
8192 17576 2461047 1 988
8193 17576 2461057 1 987
8195 17576 2461067 1 987
8196 17576 2461077 1 987
8198 17576 2461087 1 987
8199 17575 2461097 1 987
8200 17575 2461107 1 987
8202 17574 2461117 1 987
8204 17574 2461127 1 986
8207 17573 2461137 1 986
8213 17572 2461147 1 986
8216 17571 2461157 1 986
8219 17571 2461167 1 986
8222 17571 2461177 1 986
8225 17572 2461187 1 985
8226 17572 2461197 1 986
8228 17573 2461207 1 986
8230 17573 2461217 1 986
8232 17573 2461227 1 986
8234 17574 2461237 1 986
8235 17574 2461247 1 986
8236 17575 2461257 1 985
8237 17575 2461267 1 985
8238 17575 2461277 1 985
8238 17576 2461287 1 985
8238 17577 2461297 1 985
8238 17577 2461307 1 985
8237 17578 2461317 1 984
8236 17578 2461327 1 984
8235 17578 2461337 1 984
8234 17578 2461347 1 984
8233 17579 2461357 1 984
8232 17579 2461367 1 984
8231 17581 2461377 1 983
8230 17582 2461387 1 983
8229 17584 2461397 1 983
8228 17586 2461407 1 983
8228 17588 2461417 1 983
8227 17590 2461427 1 983
8226 17592 2461437 1 982
8223 17596 2461447 1 982
8222 17598 2461457 1 982
8221 17599 2461467 1 982
8220 17600 2461477 1 982
8220 17601 2461487 1 981
8219 17601 2461497 1 981
8218 17601 2461507 1 981
8217 17601 2461517 1 981
8216 17600 2461527 1 981
8216 17600 2461537 1 981
8215 17599 2461547 1 980
8214 17597 2461557 1 980
8213 17596 2461567 1 980
8212 17595 2461577 1 980
8211 17594 2461587 1 980
8210 17593 2461597 1 980
8209 17592 2461607 1 979
8208 17591 2461617 1 979
8207 17590 2461627 1 979
8206 17589 2461637 1 979
8206 17588 2461647 1 979
