8213 18773 5613761 1 27
8110 18670 5613771 1 139
8072 18632 5613781 1 251
8066 18625 5613791 1 359
8064 18622 5613801 1 460
8064 18620 5613811 1 556
8059 18615 5613821 1 645
8061 18615 5613831 1 729
8063 18616 5613841 1 771
8064 18616 5613851 1 809
8066 18617 5613861 1 882
8069 18618 5613871 1 950
8070 18618 5613881 1 988
8072 18619 5613891 1 1013
8075 18619 5613901 1 1024
8078 18620 5613911 1 1024
8079 18621 5613921 1 1024
8080 18621 5613931 1 1024
8083 18622 5613941 1 1024
8086 18623 5613951 1 1024
8088 18624 5613961 1 1024
8090 18625 5613971 1 1024
8092 18625 5613981 1 1024
8093 18626 5613991 1 1024
8094 18627 5614001 1 1024
8094 18626 5614011 1 1024
8095 18626 5614021 1 1024
8095 18627 5614031 1 1024
8096 18628 5614041 1 1024
8095 18629 5614051 1 1024
8095 18630 5614061 1 1024
8094 18631 5614071 1 1024
8093 18632 5614081 1 1024
8092 18632 5614091 1 1024
8091 18633 5614101 1 1024
8089 18634 5614111 1 1024
8086 18635 5614121 1 1024
8085 18635 5614131 1 1024
8083 18636 5614141 1 1024
8080 18637 5614151 1 1024
8078 18637 5614161 1 1024
8076 18638 5614171 1 1024
8072 18638 5614181 1 1024
8069 18639 5614191 1 1024
8065 18640 5614201 1 1024
8062 18641 5614211 1 1024
8059 18641 5614221 1 1024
8057 18642 5614231 1 1024
8056 18642 5614241 1 1024
8055 18643 5614251 1 1024
8054 18643 5614261 1 1024
8053 18643 5614271 1 1024
8053 18644 5614281 1 1024
8052 18645 5614291 1 1024
8052 18645 5614301 1 1024
8053 18646 5614311 1 988
8053 18646 5614321 1 967
8054 18647 5614331 1 947
8055 18647 5614341 1 906
8057 18648 5614351 1 866
8059 18648 5614361 1 824
8061 18649 5614371 1 781
8063 18649 5614381 1 760
8065 18650 5614391 1 738
8066 18650 5614401 1 720
8067 18650 5614411 1 695
8070 18650 5614421 1 652
8072 18649 5614431 1 609
8074 18649 5614441 1 567
8077 18648 5614451 1 524
8079 18647 5614461 1 481
8081 18645 5614471 1 439
8082 18644 5614481 1 419
8084 18643 5614491 1 398
8086 18641 5614501 1 358
8087 18639 5614511 1 338
8089 18638 5614521 1 319
8091 18634 5614531 1 279
8094 18630 5614541 1 242
8096 18626 5614551 1 205
8098 18623 5614561 1 188
8099 18621 5614571 1 171
8101 18615 5614581 1 137
8103 18609 5614591 1 105
8105 18603 5614601 1 74
8108 18596 5614611 1 45
8110 18589 5614621 1 18
8111 18585 5614631 1 5
8111 18584 5614641 1 2
8112 18581 5614651 0 0
8114 18574 5614661 0 0
8116 18566 5614671 0 0
8118 18559 5614681 0 0
8120 18552 5614691 0 0
8121 18545 5614701 0 0
8122 18538 5614711 0 0
8123 18535 5614721 0 0
8123 18531 5614731 0 0
8123 18525 5614741 0 0
8123 18520 5614751 0 0
8122 18518 5614761 0 0
8122 18516 5614771 0 0
8121 18512 5614781 0 0
8119 18509 5614791 0 0
8118 18508 5614801 0 0
8116 18507 5614811 0 0
8113 18507 5614821 0 0
8110 18507 5614831 0 0
8106 18508 5614841 0 0
8101 18509 5614851 0 0
8095 18512 5614861 1 24
8089 18515 5614871 1 58
8087 18517 5614881 1 70
8086 18517 5614891 1 75
8082 18520 5614901 1 93
8076 18524 5614911 1 131
8070 18530 5614921 1 169
8064 18535 5614931 1 210
8057 18542 5614941 1 252
8051 18548 5614951 1 295
8048 18551 5614961 1 316
8045 18554 5614971 1 337
8040 18561 5614981 1 380
8035 18568 5614991 1 423
8030 18574 5615001 1 466
8027 18577 5615011 1 486
8026 18580 5615021 1 506
8022 18586 5615031 1 546
8019 18588 5615041 1 566
8018 18591 5615051 1 583
8015 18595 5615061 1 620
8012 18599 5615071 1 653
8010 18602 5615081 1 684
8008 18605 5615091 1 712
8006 18606 5615101 1 736
8006 18607 5615111 1 757
8005 18607 5615121 1 768
8005 18607 5615131 1 773
8005 18607 5615141 1 781
8005 18606 5615151 1 786
8005 18605 5615161 1 796
8006 18602 5615171 1 802
8006 18599 5615181 1 805
8008 18596 5615191 1 807
8008 18594 5615201 1 807
8009 18592 5615211 1 807
8011 18588 5615221 1 804
8013 18584 5615231 1 800
8015 18579 5615241 1 795
8018 18575 5615251 1 791
8020 18572 5615261 1 788
8021 18570 5615271 1 786
8022 18568 5615281 1 783
8024 18565 5615291 1 780
8026 18561 5615301 1 776
8028 18558 5615311 1 772
8030 18554 5615321 1 769
8032 18552 5615331 1 769
8034 18550 5615341 1 769
8035 18549 5615351 1 772
8036 18548 5615361 1 774
8036 18548 5615371 1 778
8037 18548 5615381 1 787
8038 18549 5615391 1 792
8039 18549 5615401 1 798
8039 18551 5615411 1 811
8040 18553 5615421 1 827
8040 18556 5615431 1 842
8040 18557 5615441 1 850
8040 18559 5615451 1 859
8040 18562 5615461 1 877
8040 18567 5615471 1 894
8040 18571 5615481 1 910
8039 18575 5615491 1 926
8040 18580 5615501 1 940
8040 18582 5615511 1 947
8039 18583 5615521 1 949
8040 18585 5615531 1 953
8040 18589 5615541 1 964
8041 18593 5615551 1 971
8042 18597 5615561 1 975
8043 18600 5615571 1 976
8044 18603 5615581 1 972
8046 18606 5615591 1 965
8046 18607 5615601 1 961
8047 18608 5615611 1 953
8049 18610 5615621 1 935
8051 18611 5615631 1 912
8052 18611 5615641 1 899
8053 18612 5615651 1 883
8055 18612 5615661 1 847
8057 18613 5615671 1 803
8058 18613 5615681 1 780
8060 18612 5615691 1 754
8062 18612 5615701 1 697
8065 18611 5615711 1 636
8068 18610 5615721 1 570
8070 18609 5615731 1 503
8073 18608 5615741 1 434
8076 18607 5615751 1 366
8077 18607 5615761 1 340
8077 18606 5615771 1 331
8079 18606 5615781 1 299
8081 18605 5615791 1 235
8084 18604 5615801 1 173
8086 18603 5615811 1 118
8089 18602 5615821 1 68
8090 18601 5615831 1 26
8091 18601 5615841 1 10
8092 18601 5615851 0 0
8093 18601 5615861 0 0
8094 18601 5615871 0 0
8095 18601 5615881 0 0
8096 18601 5615891 0 0
8096 18601 5615901 0 0
8097 18602 5615911 0 0
8097 18602 5615921 0 0
8097 18602 5615931 0 0
8097 18603 5615941 0 0
8096 18604 5615951 0 0
8096 18605 5615961 0 0
8095 18605 5615971 0 0
8094 18606 5615981 0 0
8093 18607 5615991 0 0
8092 18607 5616001 0 0
8092 18607 5616011 0 0
8092 18608 5616021 0 0
8091 18608 5616031 0 0
8091 18609 5616041 1 28
8090 18609 5616051 1 71
8090 18609 5616061 1 123
8089 18609 5616071 1 182
8089 18609 5616081 1 212
8089 18609 5616091 1 246
8089 18608 5616101 1 315
8088 18608 5616111 1 387
8088 18606 5616121 1 461
8089 18605 5616131 1 536
8089 18604 5616141 1 574
8089 18604 5616151 1 610
8089 18603 5616161 1 640
8089 18602 5616171 1 682
8090 18600 5616181 1 750
8091 18599 5616191 1 815
8092 18597 5616201 1 874
8093 18595 5616211 1 924
8095 18593 5616221 1 967
8097 18591 5616231 1 1001
8098 18590 5616241 1 1016
8099 18589 5616251 1 1023
8101 18588 5616261 1 1024
8103 18587 5616271 1 1024
8104 18586 5616281 1 1024
8107 18584 5616291 1 1024
8109 18583 5616301 1 1024
8112 18582 5616311 1 1024
8113 18581 5616321 1 1024
8114 18581 5616331 1 1024
8117 18580 5616341 1 1024
8119 18579 5616351 1 1021
8122 18578 5616361 1 1003
8124 18578 5616371 1 985
8126 18577 5616381 1 968
8127 18577 5616391 1 959
8127 18577 5616401 1 957
8127 18577 5616411 1 951
8128 18577 5616421 1 934
8130 18577 5616431 1 920
8130 18577 5616441 1 906
8130 18577 5616451 1 894
8130 18577 5616461 1 885
8130 18577 5616471 1 877
8129 18577 5616481 1 873
8129 18577 5616491 1 872
8128 18577 5616501 1 871
8127 18577 5616511 1 872
8127 18577 5616521 1 873
8127 18577 5616531 1 873
8126 18577 5616541 1 874
8125 18577 5616551 1 875
8124 18577 5616561 1 876
8124 18577 5616571 1 876
8123 18577 5616581 1 877
8122 18577 5616591 1 878
8121 18577 5616601 1 879
8121 18578 5616611 1 880
8120 18578 5616621 1 881
8119 18578 5616631 1 882
8118 18578 5616641 1 883
8119 18578 5616651 1 883
8118 18579 5616661 1 883
8118 18579 5616671 1 884
8117 18580 5616681 1 885
8116 18580 5616691 1 886
8116 18581 5616701 1 887
8116 18582 5616711 1 888
8116 18583 5616721 1 888
8116 18583 5616731 1 889
8116 18584 5616741 1 890
8117 18586 5616751 1 891
8118 18587 5616761 1 892
8118 18588 5616771 1 893
8118 18588 5616781 1 893
8119 18589 5616791 1 894
8120 18590 5616801 1 894
8120 18590 5616811 1 895
8121 18592 5616821 1 896
8122 18593 5616831 1 898
8124 18594 5616841 1 899
8125 18594 5616851 1 899
8126 18595 5616861 1 900
8127 18595 5616871 1 901
8128 18596 5616881 1 902
8128 18596 5616891 1 902
8128 18596 5616901 1 902
8129 18596 5616911 1 903
8129 18596 5616921 1 904
8130 18596 5616931 1 905
8131 18596 5616941 1 906
8131 18595 5616951 1 907
8132 18595 5616961 1 907
8132 18594 5616971 1 908
8132 18593 5616981 1 909
8131 18592 5616991 1 910
8131 18590 5617001 1 911
8130 18589 5617011 1 912
8129 18588 5617021 1 912
8128 18587 5617031 1 912
8128 18587 5617041 1 913
8127 18586 5617051 1 913
8126 18584 5617061 1 914
8125 18582 5617071 1 915
8124 18579 5617081 1 916
8123 18577 5617091 1 918
8122 18575 5617101 1 919
8121 18573 5617111 1 920
8120 18572 5617121 1 920
8120 18571 5617131 1 921
8119 18569 5617141 1 922
8119 18568 5617151 1 921
8119 18567 5617161 1 922
8119 18565 5617171 1 923
8119 18564 5617181 1 924
8119 18563 5617191 1 925
8119 18563 5617201 1 925
8119 18562 5617211 1 926
8119 18562 5617221 1 927
8120 18562 5617231 1 928
8120 18562 5617241 1 928
8121 18563 5617251 1 929
8121 18564 5617261 1 931
8121 18565 5617271 1 931
8122 18565 5617281 1 931
8122 18566 5617291 1 932
8122 18567 5617301 1 933
8123 18570 5617311 1 934
8123 18572 5617321 1 935
8124 18574 5617331 1 935
8124 18577 5617341 1 936
8124 18580 5617351 1 937
8124 18581 5617361 1 938
8124 18582 5617371 1 938
8125 18585 5617381 1 939
8125 18588 5617391 1 940
8126 18589 5617401 1 941
8126 18591 5617411 1 941
8126 18593 5617421 1 942
8127 18595 5617431 1 943
8127 18596 5617441 1 944
8127 18597 5617451 1 944
8128 18599 5617461 1 945
8128 18600 5617471 1 946
8128 18602 5617481 1 946
8128 18603 5617491 1 947
8128 18603 5617501 1 948
8128 18604 5617511 1 949
8128 18604 5617521 1 949
8128 18604 5617531 1 950
8127 18604 5617541 1 951
8127 18604 5617551 1 951
8127 18603 5617561 1 952
8126 18603 5617571 1 953
8126 18602 5617581 1 954
8126 18601 5617591 1 955
8126 18600 5617601 1 955
8126 18600 5617611 1 956
8126 18598 5617621 1 957
8126 18597 5617631 1 958
8126 18595 5617641 1 959
8126 18594 5617651 1 960
8126 18593 5617661 1 960
8126 18591 5617671 1 962
8127 18590 5617681 1 962
8127 18589 5617691 1 963
8127 18587 5617701 1 964
8128 18585 5617711 1 965
8128 18583 5617721 1 965
8128 18581 5617731 1 967
8128 18580 5617741 1 968
8128 18578 5617751 1 969
8128 18577 5617761 1 970
8128 18577 5617771 1 970
8128 18576 5617781 1 971
8128 18576 5617791 1 972
8127 18574 5617801 1 973
8127 18573 5617811 1 974
8127 18573 5617821 1 974
8127 18572 5617831 1 976
8127 18572 5617841 1 976
8126 18572 5617851 1 977
8126 18571 5617861 1 978
8126 18572 5617871 1 979
8126 18572 5617881 1 981
8126 18572 5617891 1 982
8126 18572 5617901 1 982
8126 18573 5617911 1 983
8127 18573 5617921 1 984
8127 18573 5617931 1 985
8126 18574 5617941 1 986
8126 18575 5617951 1 986
8127 18576 5617961 1 987
8127 18577 5617971 1 988
8127 18579 5617981 1 990
8128 18580 5617991 1 991
8128 18580 5618001 1 992
8128 18581 5618011 1 992
8129 18582 5618021 1 994
8130 18582 5618031 1 994
8131 18583 5618041 1 995
8131 18583 5618051 1 995
8132 18584 5618061 1 996
8133 18585 5618071 1 998
8133 18585 5618081 1 998
8133 18586 5618091 1 999
8134 18586 5618101 1 1000
8134 18587 5618111 1 1002
8135 18587 5618121 1 1002
8136 18587 5618131 1 1003
8136 18588 5618141 1 1004
8137 18587 5618151 1 1005
8137 18587 5618161 1 1005
8137 18587 5618171 1 1006
8138 18587 5618181 1 1006
8139 18587 5618191 1 1007
8140 18587 5618201 1 1009
8140 18587 5618211 1 1009
8141 18586 5618221 1 1010
8142 18586 5618231 1 1012
8142 18586 5618241 1 1012
8142 18586 5618251 1 1010
8143 18585 5618261 1 1006
8144 18585 5618271 1 1002
8144 18585 5618281 1 1000
8144 18584 5618291 1 999
8145 18584 5618301 1 999
8145 18584 5618311 1 1006
8145 18584 5618321 1 1009
8145 18584 5618331 1 1020
8146 18585 5618341 1 1021
8146 18585 5618351 1 1021
8147 18585 5618361 1 1023
8148 18586 5618371 0 0
8149 18586 5618381 0 0
8149 18586 5618391 0 0
8150 18586 5618401 0 0
8150 18586 5618411 0 0
8150 18587 5618421 0 0
8151 18587 5618431 0 0
8152 18587 5618441 0 0
8153 18587 5618451 0 0
8154 18587 5618461 0 0
8155 18588 5618471 0 0
8155 18588 5618481 0 0
8156 18588 5618491 0 0
8156 18588 5618501 0 0
8157 18588 5618511 1 495
8157 18588 5618521 1 1024
8157 18588 5618531 1 1024
8157 18588 5618541 1 1024
8157 18588 5618551 1 1024
8157 18588 5618561 1 1024
8157 18588 5618571 1 1024
8156 18587 5618581 1 1024
8156 18587 5618591 1 1024
8156 18587 5618601 1 1024
8156 18586 5618611 1 1024
8156 18586 5618621 1 1024
8156 18586 5618631 1 1024
8156 18585 5618641 1 1024
8156 18585 5618651 1 1024
8157 18585 5618661 1 1024
8157 18585 5618671 1 1024
8158 18585 5618681 1 1024
8158 18585 5618691 1 1024
8158 18584 5618701 1 1024
8159 18584 5618711 1 1024
8159 18584 5618721 1 1024
8159 18584 5618731 1 1024
8160 18583 5618741 1 1024
8160 18583 5618751 1 1024
8161 18583 5618761 1 1024
8161 18582 5618771 1 1024
8162 18582 5618781 1 1024
8162 18582 5618791 1 1024
8163 18582 5618801 1 986
8163 18582 5618811 1 883
8163 18582 5618821 1 716
8163 18583 5618831 1 563
8163 18583 5618841 1 421
8162 18583 5618851 1 291
8162 18584 5618861 1 173
8161 18585 5618871 1 66
8161 18585 5618881 0 0
8161 18586 5618891 0 0
8160 18587 5618901 0 0
8159 18587 5618911 0 0
8157 18588 5618921 0 0
8156 18589 5618931 0 0
8155 18590 5618941 0 0
8154 18591 5618951 0 0
8154 18592 5618961 0 0
8153 18592 5618971 0 0
8153 18593 5618981 0 0
8152 18594 5618991 0 0
8151 18595 5619001 0 0
8151 18596 5619011 0 0
8150 18596 5619021 0 0
8150 18597 5619031 0 0
8150 18597 5619041 0 0
8150 18597 5619051 0 0
8149 18597 5619061 0 0
8149 18597 5619071 0 0
8149 18598 5619081 0 0
8148 18598 5619091 0 0
8148 18598 5619101 0 0
8147 18598 5619111 0 0
8147 18598 5619121 0 0
8147 18598 5619131 0 0
8146 18598 5619141 0 0
8145 18598 5619151 0 0
8145 18598 5619161 0 0
8144 18598 5619171 0 0
8144 18598 5619181 0 0
8143 18598 5619191 1 17
8143 18598 5619201 1 50
8143 18598 5619211 1 80
8143 18599 5619221 1 146
8143 18599 5619231 1 212
8143 18599 5619241 1 281
8143 18600 5619251 1 350
8144 18600 5619261 1 419
8145 18601 5619271 1 489
8145 18601 5619281 1 515
8145 18601 5619291 1 524
8146 18602 5619301 1 558
8147 18602 5619311 1 626
8148 18603 5619321 1 695
8149 18604 5619331 1 762
8151 18605 5619341 1 827
8152 18605 5619351 1 890
8153 18606 5619361 1 920
8154 18606 5619371 1 951
8155 18607 5619381 1 1009
8157 18607 5619391 1 1024
8158 18607 5619401 1 1024
8158 18607 5619411 1 1024
8159 18607 5619421 1 1024
8159 18607 5619431 1 1024
8159 18607 5619441 1 1024
8159 18606 5619451 1 1024
8159 18606 5619461 1 1024
8159 18605 5619471 1 1024
8159 18604 5619481 1 1024
8159 18604 5619491 1 1024
8159 18603 5619501 1 1024
8159 18602 5619511 1 1024
8159 18601 5619521 1 1024
8159 18601 5619531 1 1024
8159 18600 5619541 1 1024
8159 18600 5619551 1 1024
8159 18598 5619561 1 1024
8159 18597 5619571 1 1024
8160 18596 5619581 1 1024
8160 18595 5619591 1 1024
8160 18594 5619601 1 1024
8159 18593 5619611 1 1024
8159 18592 5619621 1 1024
8158 18590 5619631 1 1024
8157 18589 5619641 1 1024
8157 18587 5619651 1 1024
8156 18586 5619661 1 1024
8155 18586 5619671 1 1024
8155 18585 5619681 1 1024
8155 18584 5619691 1 1024
8154 18582 5619701 1 1024
8153 18580 5619711 1 1024
8153 18579 5619721 1 1024
8152 18577 5619731 1 1024
8152 18576 5619741 1 1024
8152 18575 5619751 1 1024
8153 18574 5619761 1 1024
8153 18573 5619771 1 1024
8154 18572 5619781 1 1024
8155 18571 5619791 1 1024
8156 18570 5619801 1 1024
8158 18569 5619811 1 1024
8160 18568 5619821 1 1024
8162 18567 5619831 1 1024
8163 18567 5619841 1 1024
8164 18566 5619851 1 1024
8165 18565 5619861 1 1024
8167 18564 5619871 1 1024
8168 18563 5619881 1 1024
8169 18562 5619891 1 1024
8170 18562 5619901 1 1024
8170 18561 5619911 1 1024
8170 18561 5619921 1 1024
8170 18561 5619931 1 1024
8170 18561 5619941 1 1024
8169 18560 5619951 1 1024
8169 18560 5619961 1 1024
8168 18560 5619971 1 1024
8167 18560 5619981 1 1024
8166 18560 5619991 1 1024
8166 18560 5620001 1 1024
8165 18560 5620011 1 1024
8164 18560 5620021 1 1024
8164 18561 5620031 1 1024
8163 18561 5620041 1 1024
8161 18561 5620051 1 1024
8161 18562 5620061 1 1024
8160 18563 5620071 1 1024
8160 18563 5620081 1 1024
8160 18564 5620091 1 1024
8160 18565 5620101 1 1024
8160 18566 5620111 1 1024
8161 18567 5620121 1 1024
8162 18568 5620131 1 1024
8163 18569 5620141 1 1024
8165 18570 5620151 1 1024
8166 18571 5620161 1 1024
8168 18571 5620171 1 1024
8169 18572 5620181 1 1024
8171 18574 5620191 1 1024
8173 18576 5620201 1 1024
8174 18577 5620211 1 1024
8175 18579 5620221 1 1024
8176 18581 5620231 1 1024
8177 18582 5620241 1 1024
8178 18584 5620251 1 1024
8178 18586 5620261 1 1024
8178 18587 5620271 1 1024
8178 18588 5620281 1 1024
8178 18589 5620291 1 1024
8178 18591 5620301 1 1024
8179 18592 5620311 1 1024
8179 18594 5620321 1 1024
8179 18595 5620331 1 1024
8179 18596 5620341 1 1024
8179 18596 5620351 1 1024
8179 18597 5620361 1 1024
8180 18597 5620371 1 1024
8180 18597 5620381 1 1024
8180 18597 5620391 1 1024
8180 18597 5620401 1 1024
8180 18597 5620411 1 1024
8180 18597 5620421 1 1024
8180 18596 5620431 1 1024
8180 18596 5620441 1 1024
8180 18595 5620451 1 1024
8180 18594 5620461 1 1024
8179 18593 5620471 1 1024
8179 18592 5620481 1 1024
8178 18591 5620491 1 1024
8178 18591 5620501 1 1024
8177 18590 5620511 1 1024
8176 18589 5620521 1 1024
8175 18588 5620531 1 1024
8174 18587 5620541 1 1024
8173 18587 5620551 1 1024
8172 18586 5620561 1 1024
8171 18585 5620571 1 1024
8170 18585 5620581 1 1024
8169 18584 5620591 1 1024
8168 18584 5620601 1 1024
8167 18584 5620611 1 1024
8166 18583 5620621 1 1024
8165 18583 5620631 1 1024
8165 18583 5620641 1 1024
8165 18583 5620651 1 1024
8166 18583 5620661 1 1024
8167 18583 5620671 1 1024
8169 18583 5620681 1 1024
8171 18583 5620691 1 1024
8173 18582 5620701 1 1024
8175 18582 5620711 1 1024
8177 18582 5620721 1 1024
8180 18582 5620731 1 1024
8183 18581 5620741 1 1024
8186 18581 5620751 1 1024
8189 18580 5620761 1 1024
8193 18580 5620771 1 1024
8197 18579 5620781 1 1024
8200 18579 5620791 1 1024
8204 18579 5620801 1 1024
8207 18578 5620811 1 1024
8209 18578 5620821 1 1024
8211 18578 5620831 1 1024
8213 18578 5620841 1 1024
8215 18578 5620851 1 1024
8217 18578 5620861 1 1024
8219 18578 5620871 1 1024
8221 18578 5620881 1 1024
8222 18578 5620891 1 1024
8224 18579 5620901 1 1024
8225 18580 5620911 1 1024
8226 18581 5620921 1 1024
8226 18581 5620931 1 1024
8227 18582 5620941 1 1024
8227 18583 5620951 1 1024
8227 18584 5620961 1 1024
8227 18585 5620971 1 1024
8226 18586 5620981 1 1024
8226 18587 5620991 1 1024
8226 18589 5621001 1 1024
8225 18590 5621011 1 1024
8224 18590 5621021 1 1024
8223 18591 5621031 1 1024
8222 18592 5621041 1 1024
8220 18593 5621051 1 1024
8219 18594 5621061 1 1024
8217 18594 5621071 1 1024
8214 18595 5621081 1 1024
8212 18595 5621091 1 1024
8209 18596 5621101 1 1024
8207 18596 5621111 1 1024
8204 18596 5621121 1 1024
8202 18596 5621131 1 1024
8200 18596 5621141 1 1024
8199 18597 5621151 1 1024
8197 18597 5621161 1 1024
8196 18596 5621171 1 1024
8195 18596 5621181 1 1024
8193 18596 5621191 1 1024
8192 18596 5621201 1 1024
8191 18596 5621211 1 1024
8191 18595 5621221 1 1024
8190 18595 5621231 1 1024
8189 18595 5621241 1 1024
8188 18595 5621251 1 1024
8188 18594 5621261 1 1024
8187 18594 5621271 1 1024
8187 18593 5621281 1 1024
