8371 18412 8897046 1 107
8269 18303 8897056 1 208
8231 18262 8897066 1 308
8225 18254 8897076 1 404
8224 18250 8897086 1 494
8224 18248 8897096 1 579
8220 18241 8897106 1 659
8220 18240 8897116 1 698
8223 18241 8897126 1 735
8226 18241 8897136 1 806
8230 18241 8897146 1 872
8233 18241 8897156 1 932
8236 18241 8897166 1 966
8238 18241 8897176 1 989
8240 18241 8897186 1 1005
8242 18241 8897196 1 1014
8246 18241 8897206 1 1015
8249 18242 8897216 1 1015
8253 18242 8897226 1 1015
8255 18243 8897236 1 1015
8258 18244 8897246 1 1015
8259 18244 8897256 1 1014
8259 18245 8897266 1 1014
8260 18246 8897276 1 1015
8261 18247 8897286 1 1015
8261 18247 8897296 1 1015
8260 18248 8897306 1 1015
8260 18250 8897316 1 1015
8259 18251 8897326 1 1015
8259 18252 8897336 1 1015
8257 18254 8897346 1 1015
8255 18256 8897356 1 1016
8252 18258 8897366 1 1016
8249 18260 8897376 1 1016
8245 18263 8897386 1 1015
8244 18264 8897396 1 1015
8242 18265 8897406 1 1015
8238 18268 8897416 1 1015
8236 18269 8897426 1 1015
8233 18271 8897436 1 1016
8230 18273 8897446 1 1016
8226 18274 8897456 1 1016
8224 18275 8897466 1 1016
8223 18275 8897476 1 1016
8220 18276 8897486 1 1016
8217 18277 8897496 1 1015
8214 18278 8897506 1 1017
8212 18278 8897516 1 1016
8211 18279 8897526 1 1016
8210 18279 8897536 1 1016
8210 18279 8897546 1 1016
8209 18279 8897556 1 1016
8209 18279 8897566 1 1016
8209 18279 8897576 1 1016
8210 18279 8897586 1 1017
8211 18279 8897596 1 1002
8212 18279 8897606 1 989
8213 18279 8897616 1 968
8215 18279 8897626 1 931
8218 18280 8897636 1 894
8220 18280 8897646 1 858
8223 18280 8897656 1 820
8227 18280 8897666 1 781
8228 18280 8897676 1 767
8229 18280 8897686 1 762
8232 18280 8897696 1 742
8235 18280 8897706 1 703
8238 18279 8897716 1 664
8242 18279 8897726 1 625
8245 18278 8897736 1 586
8246 18277 8897746 1 567
8248 18277 8897756 1 548
8251 18275 8897766 1 509
8253 18273 8897776 1 470
8256 18271 8897786 1 433
8259 18268 8897796 1 397
8260 18267 8897806 1 378
8260 18267 8897816 1 374
8261 18265 8897826 1 361
8264 18262 8897836 1 324
8266 18258 8897846 1 291
8268 18253 8897856 1 257
8270 18248 8897866 1 226
8272 18242 8897876 1 194
8272 18239 8897886 1 180
8273 18236 8897896 1 165
8274 18230 8897906 1 137
8275 18223 8897916 1 110
8277 18216 8897926 1 86
8276 18212 8897936 1 73
8276 18209 8897946 1 63
8276 18206 8897956 1 55
8277 18202 8897966 1 43
8278 18195 8897976 1 23
8279 18188 8897986 1 16
8281 18181 8897996 1 16
8282 18175 8898006 1 15
8282 18169 8898016 1 16
8283 18166 8898026 1 15
8283 18163 8898036 1 15
8284 18158 8898046 1 15
8284 18153 8898056 1 15
8285 18152 8898066 1 15
8285 18150 8898076 1 16
8285 18146 8898086 1 15
8285 18145 8898096 1 15
8284 18143 8898106 1 15
8283 18141 8898116 1 14
8281 18139 8898126 1 15
8279 18138 8898136 1 14
8275 18138 8898146 1 35
8271 18139 8898156 1 60
8269 18139 8898166 1 72
8267 18141 8898176 1 87
8261 18143 8898186 1 117
8258 18144 8898196 1 133
8255 18145 8898206 1 149
8248 18149 8898216 1 184
8241 18153 8898226 1 219
8237 18156 8898236 1 237
8233 18158 8898246 1 256
8225 18164 8898256 1 294
8218 18170 8898266 1 334
8211 18177 8898276 1 373
8204 18183 8898286 1 412
8197 18190 8898296 1 451
8193 18194 8898306 1 475
8191 18196 8898316 1 491
8187 18200 8898326 1 509
8184 18203 8898336 1 528
8179 18209 8898346 1 564
8174 18214 8898356 1 599
8169 18220 8898366 1 632
8167 18222 8898376 1 648
8166 18224 8898386 1 663
8163 18227 8898396 1 692
8160 18230 8898406 1 717
8159 18232 8898416 1 740
8158 18232 8898426 1 759
8157 18232 8898436 1 774
8157 18232 8898446 1 779
8157 18232 8898456 1 781
8158 18231 8898466 1 785
8158 18229 8898476 1 794
8160 18227 8898486 1 800
8162 18223 8898496 1 803
8164 18220 8898506 1 805
8165 18218 8898516 1 805
8167 18216 8898526 1 805
8170 18212 8898536 1 802
8173 18207 8898546 1 799
8176 18203 8898556 1 794
8179 18199 8898566 1 790
8181 18197 8898576 1 787
8182 18197 8898586 1 787
8183 18195 8898596 1 785
8186 18191 8898606 1 780
8189 18188 8898616 1 776
8191 18184 8898626 1 773
8193 18181 8898636 1 769
8195 18179 8898646 1 769
8196 18178 8898656 1 769
8196 18177 8898666 1 769
8197 18175 8898676 1 773
8198 18174 8898686 1 778
8198 18173 8898696 1 786
8198 18172 8898706 1 791
8199 18172 8898716 1 796
8199 18172 8898726 1 801
8199 18173 8898736 1 809
8200 18174 8898746 1 823
8200 18176 8898756 1 838
8201 18179 8898766 1 854
8201 18182 8898776 1 870
8201 18186 8898786 1 886
8202 18187 8898796 1 894
8202 18189 8898806 1 902
8202 18194 8898816 1 916
8203 18198 8898826 1 929
8203 18201 8898836 1 936
8204 18203 8898846 1 941
8205 18208 8898856 1 951
8205 18211 8898866 1 956
8206 18213 8898876 1 958
8207 18217 8898886 1 962
8209 18222 8898896 1 963
8210 18225 8898906 1 960
8212 18228 8898916 1 953
8214 18231 8898926 1 942
8215 18232 8898936 1 936
8216 18233 8898946 1 925
8219 18234 8898956 1 904
8220 18235 8898966 1 892
8221 18235 8898976 1 876
8224 18235 8898986 1 843
8226 18235 8898996 1 802
8228 18235 8899006 1 780
8229 18234 8899016 1 755
8232 18234 8899026 1 702
8235 18232 8899036 1 645
8238 18231 8899046 1 583
8240 18230 8899056 1 520
8243 18228 8899066 1 455
8244 18227 8899076 1 417
8245 18227 8899086 1 391
8246 18225 8899096 1 358
8247 18224 8899106 1 327
8249 18223 8899116 1 267
8251 18221 8899126 1 209
8252 18220 8899136 1 156
8253 18219 8899146 1 131
8253 18218 8899156 1 109
8254 18217 8899166 1 69
8255 18216 8899176 1 38
8255 18215 8899186 1 4
8255 18214 8899196 1 5
8255 18214 8899206 1 4
8255 18214 8899216 1 3
8255 18214 8899226 1 4
8255 18214 8899236 1 5
8255 18215 8899246 1 4
8255 18215 8899256 1 5
8255 18216 8899266 1 4
8255 18217 8899276 1 4
8255 18218 8899286 1 4
8255 18218 8899296 1 4
8254 18220 8899306 1 4
8254 18221 8899316 1 4
8253 18222 8899326 1 4
8252 18224 8899336 1 13
8252 18225 8899346 1 21
8252 18225 8899356 1 24
8251 18226 8899366 1 35
8251 18227 8899376 1 67
8250 18228 8899386 1 108
8249 18229 8899396 1 157
8249 18230 8899406 1 213
8249 18231 8899416 1 273
8248 18231 8899426 1 304
8249 18231 8899436 1 338
8249 18231 8899446 1 407
8249 18231 8899456 1 477
8250 18231 8899466 1 548
8250 18231 8899476 1 584
8251 18231 8899486 1 618
8251 18231 8899496 1 647
8252 18230 8899506 1 687
8253 18229 8899516 1 751
8255 18227 8899526 1 813
8257 18225 8899536 1 869
8259 18223 8899546 1 918
8261 18221 8899556 1 958
8262 18220 8899566 1 977
8264 18219 8899576 1 991
8266 18216 8899586 1 1012
8269 18214 8899596 1 1022
8271 18213 8899606 1 1024
8273 18211 8899616 1 1022
8276 18209 8899626 1 1022
8277 18208 8899636 1 1022
8278 18207 8899646 1 1022
8281 18206 8899656 1 1022
8284 18204 8899666 1 1022
8286 18204 8899676 1 1022
8288 18203 8899686 1 1011
8290 18203 8899696 1 994
8291 18203 8899706 1 985
8292 18203 8899716 1 976
8293 18203 8899726 1 960
8294 18203 8899736 1 951
8294 18204 8899746 1 944
8295 18204 8899756 1 928
8295 18205 8899766 1 914
8295 18205 8899776 1 907
8295 18205 8899786 1 901
8295 18205 8899796 1 889
8295 18206 8899806 1 881
8294 18206 8899816 1 873
8293 18207 8899826 1 869
8292 18207 8899836 1 868
8291 18207 8899846 1 868
8291 18208 8899856 1 869
8290 18208 8899866 1 870
8289 18208 8899876 1 870
8288 18209 8899886 1 871
8287 18209 8899896 1 872
8285 18209 8899906 1 873
8284 18209 8899916 1 873
8283 18209 8899926 1 874
8281 18209 8899936 1 875
8280 18209 8899946 1 876
8278 18209 8899956 1 877
8277 18209 8899966 1 878
8275 18209 8899976 1 879
8275 18209 8899986 1 879
8275 18209 8899996 1 880
8275 18209 8900006 1 880
8273 18209 8900016 1 881
8272 18210 8900026 1 882
8272 18210 8900036 1 883
8271 18211 8900046 1 884
8271 18211 8900056 1 884
8271 18212 8900066 1 885
8270 18212 8900076 1 886
8270 18213 8900086 1 886
8270 18214 8900096 1 887
8270 18214 8900106 1 888
8270 18214 8900116 1 889
8270 18214 8900126 1 889
8270 18214 8900136 1 889
8270 18215 8900146 1 890
8270 18215 8900156 1 891
8271 18215 8900166 1 892
8271 18216 8900176 1 894
8272 18216 8900186 1 895
8273 18217 8900196 1 896
8273 18217 8900206 1 896
8274 18217 8900216 1 897
8275 18217 8900226 1 898
8277 18217 8900236 1 899
8277 18217 8900246 1 899
8278 18217 8900256 1 900
8278 18217 8900266 1 901
8279 18218 8900276 1 901
8281 18217 8900286 1 902
8282 18217 8900296 1 903
8283 18216 8900306 1 904
8285 18215 8900316 1 905
8285 18214 8900326 1 906
8286 18214 8900336 1 906
8286 18213 8900346 1 907
8286 18212 8900356 1 908
8287 18211 8900366 1 909
8287 18211 8900376 1 910
8287 18210 8900386 1 910
8288 18209 8900396 1 911
8288 18209 8900406 1 911
8287 18208 8900416 1 911
8287 18206 8900426 1 912
8287 18205 8900436 1 913
8286 18203 8900446 1 915
8285 18202 8900456 1 916
8284 18200 8900466 1 917
8284 18200 8900476 1 918
8283 18199 8900486 1 918
8282 18198 8900496 1 919
8281 18197 8900506 1 919
8280 18197 8900516 1 920
8279 18197 8900526 1 921
8279 18196 8900536 1 922
8278 18196 8900546 1 922
8278 18196 8900556 1 923
8277 18196 8900566 1 924
8276 18196 8900576 1 925
8276 18197 8900586 1 926
8276 18198 8900596 1 926
8276 18199 8900606 1 927
8276 18200 8900616 1 929
8276 18200 8900626 1 929
8276 18201 8900636 1 929
8276 18202 8900646 1 930
8276 18204 8900656 1 931
8277 18206 8900666 1 932
8277 18208 8900676 1 933
8277 18209 8900686 1 933
8278 18210 8900696 1 934
8278 18212 8900706 1 935
8279 18215 8900716 1 936
8279 18217 8900726 1 937
8280 18219 8900736 1 938
8280 18221 8900746 1 938
8281 18222 8900756 1 939
8281 18222 8900766 1 939
8282 18223 8900776 1 940
8283 18225 8900786 1 941
8284 18227 8900796 1 942
8285 18229 8900806 1 943
8285 18231 8900816 1 944
8286 18232 8900826 1 944
8286 18233 8900836 1 945
8287 18234 8900846 1 946
8287 18235 8900856 1 947
8288 18235 8900866 1 947
8289 18235 8900876 1 948
8289 18235 8900886 1 949
8289 18235 8900896 1 950
8289 18234 8900906 1 950
8289 18234 8900916 1 951
8289 18233 8900926 1 952
8289 18232 8900936 1 953
8290 18231 8900946 1 954
8290 18229 8900956 1 955
8290 18229 8900966 1 955
8290 18228 8900976 1 956
8291 18226 8900986 1 957
8291 18224 8900996 1 958
8291 18223 8901006 1 959
8291 18222 8901016 1 960
8291 18221 8901026 1 960
8291 18220 8901036 1 960
8290 18219 8901046 1 961
8290 18218 8901056 1 962
8290 18216 8901066 1 963
8289 18214 8901076 1 965
8289 18212 8901086 1 965
8289 18210 8901096 1 966
8288 18209 8901106 1 966
8288 18209 8901116 1 967
8288 18207 8901126 1 968
8287 18205 8901136 1 969
8287 18204 8901146 1 969
8287 18204 8901156 1 970
8286 18203 8901166 1 972
8286 18202 8901176 1 972
8286 18202 8901186 1 973
8286 18201 8901196 1 973
8286 18200 8901206 1 974
8285 18199 8901216 1 975
8285 18199 8901226 1 976
8285 18198 8901236 1 977
8285 18198 8901246 1 978
8285 18198 8901256 1 979
8285 18197 8901266 1 980
8286 18197 8901276 1 980
8286 18196 8901286 1 981
8286 18196 8901296 1 982
8286 18196 8901306 1 983
8287 18196 8901316 1 983
8287 18196 8901326 1 983
8288 18197 8901336 1 985
8288 18197 8901346 1 986
8289 18198 8901356 1 987
8290 18199 8901366 1 988
8291 18199 8901376 1 989
8292 18200 8901386 1 990
8292 18200 8901396 1 990
8293 18201 8901406 1 990
8294 18201 8901416 1 992
8295 18203 8901426 1 992
8295 18204 8901436 1 993
8296 18205 8901446 1 994
8296 18206 8901456 1 995
8296 18206 8901466 1 995
8296 18207 8901476 1 996
8297 18209 8901486 1 998
8297 18210 8901496 1 998
8297 18211 8901506 1 999
8297 18213 8901516 1 1000
8298 18213 8901526 1 1000
8297 18214 8901536 1 1000
8297 18215 8901546 1 1001
8297 18216 8901556 1 1001
8297 18218 8901566 1 1003
8297 18219 8901576 1 1004
8297 18220 8901586 1 1004
8297 18220 8901596 1 1004
8296 18220 8901606 1 1005
8296 18221 8901616 1 1006
8296 18221 8901626 1 1004
8295 18222 8901636 1 1000
8295 18222 8901646 1 996
8295 18222 8901656 1 994
8294 18222 8901666 1 994
8295 18222 8901676 1 993
8295 18222 8901686 1 994
8295 18222 8901696 1 1000
8296 18222 8901706 1 1014
8297 18223 8901716 1 1015
8298 18222 8901726 1 1015
8298 18222 8901736 1 1024
8299 18222 8901746 0 0
8299 18222 8901756 0 0
8300 18222 8901766 0 0
8301 18222 8901776 0 0
8302 18222 8901786 0 0
8303 18221 8901796 0 0
8303 18221 8901806 0 0
8304 18221 8901816 0 0
8305 18221 8901826 0 0
8306 18220 8901836 0 0
8307 18220 8901846 0 0
8308 18219 8901856 0 0
8309 18218 8901866 0 0
8310 18218 8901876 1 9
8310 18217 8901886 1 31
8312 18216 8901896 1 63
8313 18215 8901906 1 104
8313 18214 8901916 1 154
8314 18214 8901926 1 210
8315 18213 8901936 1 271
8315 18213 8901946 1 337
8316 18213 8901956 1 406
8316 18212 8901966 1 477
8317 18212 8901976 1 548
8317 18211 8901986 1 619
8318 18211 8901996 1 688
8318 18210 8902006 1 753
8318 18210 8902016 1 815
8318 18210 8902026 1 871
8318 18210 8902036 1 920
8319 18211 8902046 1 961
8319 18211 8902056 1 992
8320 18212 8902066 1 1014
8320 18212 8902076 1 1024
8320 18212 8902086 1 1023
8320 18212 8902096 1 1023
8321 18212 8902106 1 1023
8321 18212 8902116 1 1023
8321 18212 8902126 1 1023
8320 18212 8902136 1 1023
8320 18212 8902146 1 1023
8320 18212 8902156 1 1020
8320 18212 8902166 1 1022
8320 18212 8902176 1 1024
8319 18211 8902186 1 1023
8319 18211 8902196 1 879
8318 18211 8902206 1 719
8318 18211 8902216 1 572
8318 18211 8902226 1 501
8318 18211 8902236 1 436
8317 18212 8902246 1 312
8316 18213 8902256 1 199
8316 18213 8902266 1 97
8315 18214 8902276 1 6
8315 18215 8902286 0 0
8314 18216 8902296 1 6
8314 18216 8902306 1 4
8314 18217 8902316 0 0
8313 18218 8902326 0 0
8313 18219 8902336 0 0
8312 18220 8902346 0 0
8312 18221 8902356 0 0
8312 18221 8902366 0 0
8312 18222 8902376 0 0
8311 18223 8902386 0 0
8311 18223 8902396 0 0
8311 18224 8902406 0 0
8310 18225 8902416 0 0
8310 18225 8902426 0 0
8310 18226 8902436 0 0
8310 18226 8902446 1 1
8309 18227 8902456 1 5
8308 18227 8902466 1 11
8308 18228 8902476 1 19
8307 18228 8902486 1 29
8306 18229 8902496 1 40
8306 18229 8902506 1 53
8305 18229 8902516 1 68
8305 18230 8902526 1 83
8304 18230 8902536 1 100
8303 18231 8902546 1 119
8303 18231 8902556 1 138
8303 18231 8902566 0 0
8303 18231 8902576 0 0
8302 18231 8902586 0 0
8302 18232 8902596 0 0
8303 18231 8902606 0 0
8303 18231 8902616 0 0
8304 18231 8902626 0 0
8305 18231 8902636 0 0
8306 18231 8902646 0 0
8306 18231 8902656 0 0
8308 18231 8902666 0 0
8309 18230 8902676 0 0
8310 18230 8902686 0 0
8311 18230 8902696 1 9
8312 18230 8902706 1 31
8313 18230 8902716 1 63
8313 18230 8902726 1 104
8314 18230 8902736 1 153
8315 18230 8902746 1 209
8316 18231 8902756 1 270
8316 18231 8902766 1 336
8317 18231 8902776 1 404
8317 18231 8902786 1 475
8317 18232 8902796 1 546
8317 18232 8902806 1 616
8317 18232 8902816 1 685
8317 18232 8902826 1 750
8317 18232 8902836 1 812
8317 18232 8902846 1 868
8317 18232 8902856 1 917
8317 18232 8902866 1 958
8317 18231 8902876 1 990
8317 18231 8902886 1 1012
8317 18230 8902896 1 1022
8317 18230 8902906 1 1022
8317 18229 8902916 1 1022
8317 18229 8902926 1 1022
8317 18228 8902936 1 1022
8317 18228 8902946 1 1021
8317 18228 8902956 1 1021
8317 18227 8902966 1 1021
8317 18226 8902976 1 1022
8317 18224 8902986 1 1022
8317 18224 8902996 1 1022
8317 18223 8903006 1 1022
8317 18222 8903016 1 1022
8317 18221 8903026 1 1021
8316 18219 8903036 1 1021
8316 18218 8903046 1 1021
8315 18216 8903056 1 1021
8315 18216 8903066 1 1022
8315 18216 8903076 1 1022
8314 18215 8903086 1 1022
8314 18214 8903096 1 1022
8314 18212 8903106 1 1021
8313 18211 8903116 1 1021
8313 18210 8903126 1 1021
8313 18209 8903136 1 1021
8313 18208 8903146 1 1021
8313 18207 8903156 1 1021
8312 18206 8903166 1 1022
8312 18205 8903176 1 1021
8312 18204 8903186 1 1021
8312 18204 8903196 1 1021
8313 18204 8903206 1 1021
8313 18203 8903216 1 1021
8312 18202 8903226 1 1021
8312 18201 8903236 1 1021
8312 18200 8903246 1 1021
8312 18199 8903256 1 1020
8312 18198 8903266 1 1021
8312 18197 8903276 1 1021
8312 18197 8903286 1 1021
8311 18196 8903296 1 1021
8312 18194 8903306 1 1021
8312 18193 8903316 1 1021
8312 18192 8903326 1 1020
8312 18191 8903336 1 1020
8313 18190 8903346 1 1020
8313 18189 8903356 1 1020
8313 18188 8903366 1 1021
8313 18186 8903376 1 1021
8313 18185 8903386 1 1021
8314 18184 8903396 1 1021
8314 18183 8903406 1 1020
8314 18183 8903416 1 1020
8314 18182 8903426 1 1020
8314 18182 8903436 1 1020
8314 18181 8903446 1 1020
8315 18181 8903456 1 1021
8315 18181 8903466 1 1021
8315 18181 8903476 1 1021
8316 18182 8903486 1 1020
8316 18183 8903496 1 1020
8316 18184 8903506 1 1020
8317 18185 8903516 1 1020
8317 18187 8903526 1 1020
8318 18189 8903536 1 1021
8318 18191 8903546 1 1019
8319 18193 8903556 1 1020
8319 18194 8903566 1 1020
8320 18195 8903576 1 1020
8321 18197 8903586 1 1020
8321 18200 8903596 1 1020
8322 18202 8903606 1 1020
8323 18205 8903616 1 1019
8324 18207 8903626 1 1019
8325 18209 8903636 1 1020
8326 18211 8903646 1 1020
8327 18213 8903656 1 1020
8327 18215 8903666 1 1020
8328 18216 8903676 1 1020
8328 18217 8903686 1 1019
8329 18218 8903696 1 1019
8330 18220 8903706 1 1019
8330 18221 8903716 1 1019
8331 18222 8903726 1 1020
8331 18223 8903736 1 1020
8331 18223 8903746 1 1019
8330 18223 8903756 1 1019
8330 18224 8903766 1 1019
8330 18223 8903776 1 1019
8329 18223 8903786 1 1019
8328 18223 8903796 1 1019
8328 18222 8903806 1 1020
8327 18221 8903816 1 1019
8327 18221 8903826 1 1019
8327 18220 8903836 1 1019
8326 18220 8903846 1 1019
8326 18220 8903856 1 1019
8326 18219 8903866 1 1019
8326 18219 8903876 1 1018
8326 18219 8903886 1 1018
8327 18219 8903896 1 1018
8327 18219 8903906 1 1019
8327 18218 8903916 1 1019
8328 18218 8903926 1 1019
8328 18217 8903936 1 1019
8328 18217 8903946 1 1018
8329 18216 8903956 1 1018
8329 18215 8903966 1 1018
8329 18214 8903976 1 1018
8330 18213 8903986 1 1018
8331 18212 8903996 1 1019
8332 18212 8904006 1 1019
8333 18211 8904016 1 1018
8334 18210 8904026 1 1018
8335 18210 8904036 1 1018
8337 18209 8904046 1 1018
8338 18209 8904056 1 1018
8339 18209 8904066 1 1018
8340 18208 8904076 1 1017
8341 18208 8904086 1 1017
8342 18207 8904096 1 1018
8343 18207 8904106 1 1018
8344 18207 8904116 1 1018
8344 18207 8904126 1 1018
8346 18207 8904136 1 1018
8347 18207 8904146 1 1017
8349 18206 8904156 1 1017
8350 18206 8904166 1 1017
8352 18206 8904176 1 1017
8354 18206 8904186 1 1017
8356 18206 8904196 1 1018
8358 18207 8904206 1 1018
8360 18207 8904216 1 1017
8361 18207 8904226 1 1017
8362 18207 8904236 1 1017
8364 18207 8904246 1 1017
8367 18207 8904256 1 1017
8370 18207 8904266 1 1017
8372 18207 8904276 1 1017
8375 18207 8904286 1 1016
8377 18208 8904296 1 1017
8379 18208 8904306 1 1017
8380 18209 8904316 1 1017
8382 18210 8904326 1 1017
8383 18211 8904336 1 1017
8384 18212 8904346 1 1016
8384 18214 8904356 1 1016
8384 18215 8904366 1 1016
8383 18216 8904376 1 1016
8383 18218 8904386 1 1016
8382 18219 8904396 1 1017
8381 18221 8904406 1 1016
8380 18222 8904416 1 1016
8378 18223 8904426 1 1016
8377 18224 8904436 1 1016
8375 18225 8904446 1 1016
8373 18226 8904456 1 1016
8371 18226 8904466 1 1015
8369 18227 8904476 1 1015
8367 18228 8904486 1 1015
8365 18228 8904496 1 1015
8364 18228 8904506 1 1016
8362 18228 8904516 1 1016
8361 18228 8904526 1 1015
8360 18228 8904536 1 1015
8358 18228 8904546 1 1015
8357 18228 8904556 1 1015
8355 18228 8904566 1 1015
8354 18227 8904576 1 1015
8353 18226 8904586 1 1014
8351 18226 8904596 1 1014
8350 18225 8904606 1 1014
8349 18225 8904616 1 1015
8347 18225 8904626 1 1015
8346 18226 8904636 1 1015
8345 18226 8904646 1 1014
8344 18226 8904656 1 1014
8343 18227 8904666 1 1014
8342 18227 8904676 1 1014
8342 18227 8904686 1 1014
