7553 18227 4279551 1 1024
7553 18227 4279561 1 1024
7553 18227 4279571 1 1024
7553 18227 4279581 1 1024
7552 18227 4279591 1 1024
7552 18227 4279601 1 1024
7552 18227 4279611 1 1024
7553 18227 4279621 1 1024
7554 18228 4279631 1 1024
7555 18228 4279641 1 1024
7559 18229 4279651 1 1024
7561 18229 4279661 1 1024
7562 18229 4279671 1 1024
7562 18227 4279681 1 1024
7561 18225 4279691 1 1024
7562 18223 4279701 1 1024
7562 18222 4279711 1 1024
7563 18222 4279721 1 1024
7565 18222 4279731 1 1024
7568 18222 4279741 1 1024
7571 18222 4279751 1 1024
7574 18222 4279761 1 960
7577 18222 4279771 1 898
7579 18221 4279781 1 840
7580 18220 4279791 1 808
7581 18220 4279801 1 787
7583 18220 4279811 1 761
7585 18220 4279821 1 736
7587 18220 4279831 1 690
7589 18221 4279841 1 647
7591 18221 4279851 1 608
7592 18222 4279861 1 571
7593 18222 4279871 1 553
7593 18222 4279881 1 537
7594 18222 4279891 1 507
7594 18222 4279901 1 480
7595 18223 4279911 1 455
7595 18223 4279921 1 435
7596 18225 4279931 1 425
7596 18226 4279941 1 416
7596 18226 4279951 1 408
7596 18227 4279961 1 399
7595 18228 4279971 1 385
7595 18229 4279981 1 373
7595 18231 4279991 1 365
7594 18232 4280001 1 357
7594 18233 4280011 1 352
7594 18234 4280021 1 350
7593 18235 4280031 1 349
7593 18236 4280041 1 349
7592 18237 4280051 1 349
7592 18239 4280061 1 350
7591 18240 4280071 1 353
7589 18242 4280081 1 357
7588 18243 4280091 1 362
7587 18244 4280101 1 369
7587 18245 4280111 1 373
7587 18245 4280121 1 377
7586 18246 4280131 1 388
7586 18247 4280141 1 399
7587 18248 4280151 1 411
7588 18248 4280161 1 424
7590 18249 4280171 1 437
7592 18249 4280181 1 444
7593 18250 4280191 1 446
7594 18250 4280201 1 452
7596 18250 4280211 1 468
7599 18250 4280221 1 483
7602 18251 4280231 1 500
7604 18251 4280241 1 517
7607 18251 4280251 1 535
7610 18250 4280261 1 552
7611 18250 4280271 1 561
7612 18250 4280281 1 571
7614 18250 4280291 1 589
7616 18249 4280301 1 607
7618 18248 4280311 1 616
7619 18247 4280321 1 625
7619 18246 4280331 1 643
7619 18245 4280341 1 661
7619 18244 4280351 1 670
7619 18243 4280361 1 678
7618 18242 4280371 1 695
7617 18240 4280381 1 711
7616 18239 4280391 1 728
7614 18237 4280401 1 743
7613 18235 4280411 1 757
7612 18234 4280421 1 772
7611 18233 4280431 1 777
7610 18232 4280441 1 778
7609 18231 4280451 1 784
7607 18229 4280461 1 797
7605 18228 4280471 1 809
7604 18227 4280481 1 819
7602 18226 4280491 1 826
7600 18225 4280501 1 834
7600 18224 4280511 1 838
7599 18224 4280521 1 840
7597 18223 4280531 1 845
7595 18222 4280541 1 849
7593 18222 4280551 1 851
7592 18221 4280561 1 851
7590 18221 4280571 1 851
7588 18221 4280581 1 849
7587 18221 4280591 1 848
7586 18221 4280601 1 846
7584 18221 4280611 1 841
7583 18220 4280621 1 834
7581 18220 4280631 1 824
7579 18220 4280641 1 813
7578 18221 4280651 1 801
7577 18221 4280661 1 784
7577 18221 4280671 1 774
7576 18221 4280681 1 767
7576 18221 4280691 1 758
7576 18222 4280701 1 747
7577 18222 4280711 1 723
7579 18223 4280721 1 698
7581 18223 4280731 1 671
7584 18224 4280741 1 640
7586 18224 4280751 1 624
7588 18225 4280761 1 608
7592 18225 4280771 1 573
7596 18226 4280781 1 536
7600 18227 4280791 1 498
7604 18228 4280801 1 457
7607 18229 4280811 1 437
7611 18230 4280821 1 417
7613 18230 4280831 1 399
7615 18230 4280841 1 374
7618 18231 4280851 1 331
7621 18232 4280861 1 286
7624 18233 4280871 1 242
7627 18233 4280881 1 197
7630 18234 4280891 1 152
7632 18235 4280901 1 108
7634 18235 4280911 1 87
7635 18235 4280921 1 64
7637 18235 4280931 1 20
7640 18236 4280941 0 0
7642 18236 4280951 0 0
7645 18236 4280961 0 0
7647 18236 4280971 0 0
7650 18235 4280981 0 0
7651 18235 4280991 0 0
7652 18235 4281001 0 0
7654 18234 4281011 0 0
7657 18234 4281021 0 0
7660 18233 4281031 0 0
7663 18232 4281041 0 0
7665 18231 4281051 0 0
7668 18229 4281061 0 0
7670 18229 4281071 0 0
7671 18228 4281081 0 0
7674 18227 4281091 0 0
7677 18226 4281101 0 0
7679 18224 4281111 0 0
7682 18223 4281121 0 0
7684 18221 4281131 0 0
7685 18220 4281141 0 0
7686 18220 4281151 0 0
7687 18219 4281161 0 0
7688 18218 4281171 0 0
7688 18217 4281181 0 0
7688 18216 4281191 0 0
7688 18215 4281201 0 0
7688 18214 4281211 0 0
7687 18214 4281221 0 0
7686 18213 4281231 0 0
7685 18213 4281241 0 0
7683 18213 4281251 0 0
7681 18213 4281261 0 0
7679 18213 4281271 0 0
7677 18213 4281281 0 0
7675 18213 4281291 0 0
7672 18214 4281301 0 0
7671 18214 4281311 0 0
7669 18214 4281321 0 0
7667 18215 4281331 0 0
7664 18216 4281341 0 0
7662 18217 4281351 0 0
7659 18218 4281361 0 0
7656 18219 4281371 0 0
7654 18220 4281381 0 0
7652 18220 4281391 0 0
7651 18221 4281401 0 0
7649 18222 4281411 0 0
7647 18223 4281421 1 26
7645 18224 4281431 1 63
7643 18225 4281441 1 82
7641 18226 4281451 1 100
7640 18227 4281461 1 136
7640 18227 4281471 1 156
7639 18228 4281481 1 174
7638 18228 4281491 1 210
7638 18229 4281501 1 247
7638 18230 4281511 1 285
7638 18230 4281521 1 322
7639 18231 4281531 1 359
7639 18232 4281541 1 395
7639 18232 4281551 1 416
7640 18232 4281561 1 431
7641 18233 4281571 1 450
7641 18234 4281581 1 467
7641 18234 4281591 1 502
7642 18235 4281601 1 537
7642 18236 4281611 1 570
7641 18236 4281621 1 603
7641 18237 4281631 1 619
7641 18237 4281641 1 634
7640 18237 4281651 1 665
7640 18237 4281661 1 695
7639 18238 4281671 1 723
7638 18238 4281681 1 749
7637 18238 4281691 1 762
7636 18238 4281701 1 775
7635 18238 4281711 1 785
7635 18237 4281721 1 799
7633 18237 4281731 1 821
7632 18237 4281741 1 842
7630 18237 4281751 1 861
7628 18236 4281761 1 878
7626 18236 4281771 1 895
7624 18236 4281781 1 910
7623 18236 4281791 1 917
7623 18235 4281801 1 924
7621 18235 4281811 1 936
7620 18235 4281821 1 942
7620 18234 4281831 1 947
7620 18234 4281841 1 956
7620 18233 4281851 1 966
7620 18233 4281861 1 974
7620 18233 4281871 1 977
7620 18232 4281881 1 979
7620 18232 4281891 1 985
7620 18232 4281901 1 990
7620 18231 4281911 1 994
7620 18231 4281921 1 997
7620 18231 4281931 1 999
7620 18230 4281941 1 1000
7621 18230 4281951 1 1000
7621 18230 4281961 1 1000
7621 18229 4281971 1 1000
7622 18229 4281981 1 1000
7623 18228 4281991 1 998
7624 18227 4282001 1 997
7624 18227 4282011 1 995
7625 18226 4282021 1 992
7625 18226 4282031 1 991
7625 18226 4282041 1 989
7625 18225 4282051 1 985
7626 18225 4282061 1 982
7626 18224 4282071 1 980
7626 18224 4282081 1 977
7627 18224 4282091 1 972
7627 18223 4282101 1 968
7627 18223 4282111 1 965
7628 18223 4282121 1 962
7628 18223 4282131 1 956
7628 18223 4282141 1 950
7628 18223 4282151 1 945
7628 18223 4282161 1 939
7628 18223 4282171 1 933
7628 18222 4282181 1 927
7628 18222 4282191 1 925
7628 18222 4282201 1 924
7627 18222 4282211 1 920
7627 18221 4282221 1 915
7627 18221 4282231 1 909
7626 18220 4282241 1 903
7626 18220 4282251 1 898
7625 18219 4282261 1 893
7625 18219 4282271 1 890
7625 18218 4282281 1 887
7625 18218 4282291 1 883
7625 18217 4282301 1 878
7626 18216 4282311 1 875
7626 18216 4282321 1 873
7627 18215 4282331 1 871
7628 18215 4282341 1 867
7629 18214 4282351 1 866
7629 18214 4282361 1 865
7630 18214 4282371 1 863
7631 18213 4282381 1 860
7633 18213 4282391 1 859
7634 18213 4282401 1 858
7635 18213 4282411 1 857
7636 18213 4282421 1 857
7636 18213 4282431 1 857
7637 18213 4282441 1 857
7637 18213 4282451 1 857
7638 18213 4282461 1 857
7638 18213 4282471 1 857
7639 18213 4282481 1 858
7639 18213 4282491 1 859
7639 18213 4282501 1 861
7639 18213 4282511 1 861
7639 18214 4282521 1 862
7639 18214 4282531 1 864
7638 18215 4282541 1 866
7638 18215 4282551 1 868
7638 18216 4282561 1 871
7639 18217 4282571 1 872
7639 18218 4282581 1 873
7639 18218 4282591 1 874
7639 18219 4282601 1 875
7640 18220 4282611 1 877
7641 18220 4282621 1 881
7642 18221 4282631 1 883
7642 18222 4282641 1 885
7643 18222 4282651 1 888
7644 18223 4282661 1 891
7645 18223 4282671 1 892
7645 18223 4282681 1 894
7646 18224 4282691 1 896
7647 18224 4282701 1 898
7649 18224 4282711 1 899
7650 18224 4282721 1 902
7651 18224 4282731 1 904
7652 18224 4282741 1 907
7652 18224 4282751 1 908
7652 18225 4282761 1 909
7653 18225 4282771 1 911
7654 18225 4282781 1 913
7655 18226 4282791 1 915
7655 18226 4282801 1 917
7656 18226 4282811 1 919
7656 18227 4282821 1 919
7657 18227 4282831 1 919
7657 18227 4282841 1 920
7657 18227 4282851 1 922
7657 18227 4282861 1 923
7657 18227 4282871 1 925
7657 18227 4282881 1 926
7657 18228 4282891 1 927
7657 18228 4282901 1 928
7656 18228 4282911 1 929
7656 18228 4282921 1 929
7655 18228 4282931 1 930
7655 18229 4282941 1 931
7654 18229 4282951 1 932
7654 18229 4282961 1 932
7653 18229 4282971 1 934
7653 18230 4282981 1 935
7653 18230 4282991 1 935
7652 18230 4283001 1 936
7652 18230 4283011 1 937
7652 18230 4283021 1 938
7652 18230 4283031 1 938
7652 18230 4283041 1 939
7652 18230 4283051 1 940
7652 18230 4283061 1 941
7652 18230 4283071 1 941
7652 18230 4283081 1 941
7652 18230 4283091 1 941
7652 18230 4283101 1 942
7652 18230 4283111 1 943
7652 18230 4283121 1 943
7653 18230 4283131 1 944
7653 18230 4283141 1 944
7653 18230 4283151 1 944
7653 18230 4283161 1 945
7653 18230 4283171 1 946
7653 18230 4283181 1 946
7653 18230 4283191 1 947
7653 18230 4283201 1 947
7652 18230 4283211 1 947
7652 18231 4283221 1 948
7652 18231 4283231 1 948
7651 18231 4283241 1 948
7651 18231 4283251 1 949
7651 18231 4283261 1 950
7651 18232 4283271 1 951
7651 18232 4283281 1 952
7651 18232 4283291 1 953
7652 18232 4283301 1 954
7652 18232 4283311 1 955
7652 18233 4283321 1 955
7653 18233 4283331 1 955
7654 18233 4283341 1 955
7655 18233 4283351 1 956
7656 18233 4283361 1 957
7657 18233 4283371 1 958
7658 18234 4283381 1 959
7659 18234 4283391 1 960
7659 18234 4283401 1 961
7660 18234 4283411 1 962
7661 18234 4283421 1 963
7661 18234 4283431 1 964
7662 18234 4283441 1 965
7662 18234 4283451 1 966
7662 18234 4283461 1 966
7662 18234 4283471 1 966
7662 18234 4283481 1 967
7662 18234 4283491 1 968
7662 18234 4283501 1 969
7662 18234 4283511 1 970
7662 18234 4283521 1 971
7662 18234 4283531 1 972
7662 18233 4283541 1 973
7662 18233 4283551 1 973
7662 18233 4283561 1 974
7663 18232 4283571 1 975
7663 18232 4283581 1 975
7663 18231 4283591 1 976
7664 18231 4283601 1 977
7664 18230 4283611 1 978
7665 18229 4283621 1 978
7665 18229 4283631 1 979
7665 18228 4283641 1 979
7666 18227 4283651 1 980
7666 18227 4283661 1 981
7667 18226 4283671 1 982
7668 18225 4283681 1 983
7669 18225 4283691 1 984
7670 18224 4283701 1 985
7671 18224 4283711 1 985
7671 18224 4283721 1 985
7673 18223 4283731 1 986
7674 18223 4283741 1 987
7675 18223 4283751 1 988
7676 18223 4283761 1 989
7677 18223 4283771 1 989
7678 18223 4283781 1 990
7678 18222 4283791 1 990
7679 18222 4283801 1 990
7680 18222 4283811 1 991
7681 18222 4283821 1 992
7682 18222 4283831 1 993
7682 18222 4283841 1 993
7683 18222 4283851 1 994
7683 18222 4283861 1 995
7684 18222 4283871 1 995
7684 18222 4283881 1 996
7684 18222 4283891 1 997
7684 18222 4283901 1 998
7683 18222 4283911 1 998
7683 18223 4283921 1 999
7683 18223 4283931 1 999
7682 18223 4283941 1 1000
7682 18223 4283951 1 1001
7682 18223 4283961 1 1001
7681 18223 4283971 1 1001
7681 18223 4283981 1 1002
7681 18223 4283991 1 1003
7680 18223 4284001 1 1004
7680 18223 4284011 1 1005
7679 18222 4284021 1 1006
7679 18222 4284031 1 1006
7679 18222 4284041 1 1007
7679 18222 4284051 1 1007
7680 18221 4284061 1 1008
7680 18221 4284071 1 1009
7680 18220 4284081 1 1009
7680 18220 4284091 1 1010
7680 18219 4284101 1 1011
7680 18219 4284111 1 1012
7680 18218 4284121 1 1013
7679 18218 4284131 1 1014
7678 18217 4284141 1 1016
7677 18216 4284151 1 1017
7676 18215 4284161 1 1018
7674 18214 4284171 1 1019
7672 18213 4284181 1 1020
7671 18213 4284191 1 1021
7670 18212 4284201 1 1021
7667 18211 4284211 1 1022
7665 18210 4284221 1 1022
7664 18210 4284231 1 1024
7662 18209 4284241 1 1024
7660 18208 4284251 1 1024
7659 18208 4284261 1 1024
7658 18207 4284271 1 1024
7657 18207 4284281 1 1024
7656 18206 4284291 1 1024
7655 18206 4284301 1 1024
7655 18206 4284311 1 1024
7655 18206 4284321 1 1024
7655 18205 4284331 1 1024
7655 18206 4284341 1 1024
7655 18206 4284351 1 1024
7656 18206 4284361 1 1024
7657 18206 4284371 1 1024
7657 18206 4284381 1 1024
7658 18206 4284391 1 1024
7658 18207 4284401 1 1024
7659 18207 4284411 1 1024
7658 18207 4284421 1 1024
7658 18208 4284431 1 1024
7658 18208 4284441 1 1024
7658 18208 4284451 1 1024
7658 18208 4284461 1 1024
7658 18209 4284471 1 1024
7657 18209 4284481 1 1024
7657 18209 4284491 1 1024
7657 18209 4284501 1 1024
7657 18210 4284511 1 1024
7657 18210 4284521 1 1024
7657 18210 4284531 1 1024
7657 18210 4284541 1 1024
7657 18210 4284551 1 1024
7658 18210 4284561 1 1024
7658 18210 4284571 1 1024
7659 18210 4284581 1 1024
7659 18210 4284591 1 1024
7659 18210 4284601 1 1024
7660 18210 4284611 1 1024
7661 18210 4284621 1 1024
7662 18210 4284631 1 1024
7663 18210 4284641 1 1024
7664 18210 4284651 1 1024
7664 18210 4284661 1 1024
7665 18210 4284671 1 1024
7665 18210 4284681 1 1024
7666 18210 4284691 1 1024
7667 18209 4284701 1 1024
7667 18209 4284711 1 1024
7668 18209 4284721 1 1024
7669 18209 4284731 1 1024
7670 18209 4284741 1 1024
7670 18209 4284751 1 1024
7670 18208 4284761 1 1024
7670 18208 4284771 1 1024
7670 18208 4284781 1 1024
7670 18208 4284791 1 1024
7669 18208 4284801 1 1024
7668 18208 4284811 1 1024
7667 18208 4284821 1 1024
7666 18208 4284831 1 1024
7665 18208 4284841 1 1024
7664 18208 4284851 1 1024
7662 18208 4284861 1 1024
7661 18208 4284871 1 1024
7659 18209 4284881 1 1024
7658 18209 4284891 1 1024
7657 18209 4284901 1 1024
7656 18209 4284911 1 1024
7655 18209 4284921 1 1024
7654 18209 4284931 1 1024
7653 18209 4284941 1 1024
7651 18208 4284951 1 1024
7650 18208 4284961 1 1024
7650 18208 4284971 1 1024
7649 18207 4284981 1 1024
7649 18207 4284991 1 1024
7649 18207 4285001 1 1024
7649 18206 4285011 1 1024
7648 18206 4285021 1 1024
7648 18206 4285031 1 1024
7648 18205 4285041 1 1024
7647 18205 4285051 1 1024
7647 18205 4285061 1 1024
7647 18205 4285071 1 1024
7647 18205 4285081 1 1024
7647 18205 4285091 1 1024
7647 18205 4285101 1 1024
7647 18205 4285111 1 1024
7648 18205 4285121 1 1024
7649 18205 4285131 1 1024
7650 18205 4285141 1 1024
7651 18205 4285151 1 1024
7651 18206 4285161 1 1024
7653 18206 4285171 1 1024
7655 18206 4285181 1 1024
7657 18206 4285191 1 1024
7659 18207 4285201 1 1024
7661 18207 4285211 1 1024
7662 18208 4285221 1 1024
7663 18208 4285231 1 1024
7664 18208 4285241 1 1024
7666 18209 4285251 1 1024
7667 18210 4285261 1 1024
7668 18210 4285271 1 1024
7670 18211 4285281 1 1024
7671 18211 4285291 1 1024
7672 18212 4285301 1 1024
7672 18212 4285311 1 1024
7673 18212 4285321 1 1024
7673 18213 4285331 1 1024
7674 18213 4285341 1 1024
7674 18213 4285351 1 1024
7674 18213 4285361 1 1024
7674 18213 4285371 1 1024
7674 18213 4285381 1 1024
7674 18213 4285391 1 1024
7674 18213 4285401 1 1024
7674 18212 4285411 1 1024
7674 18212 4285421 1 1024
7674 18211 4285431 1 1024
7674 18211 4285441 1 1024
7675 18210 4285451 1 1024
7675 18210 4285461 1 1024
7675 18210 4285471 1 1024
7675 18209 4285481 1 1024
7676 18209 4285491 1 1024
7676 18209 4285501 1 1024
7676 18208 4285511 1 1024
7676 18208 4285521 1 1024
7676 18208 4285531 1 1024
7677 18208 4285541 1 1024
7677 18208 4285551 1 1024
7678 18208 4285561 1 1024
7679 18208 4285571 1 1024
7680 18208 4285581 1 1024
7681 18207 4285591 1 1024
7682 18207 4285601 1 1024
7683 18207 4285611 1 1024
7685 18207 4285621 1 1024
7686 18207 4285631 1 1024
7687 18207 4285641 1 1024
7688 18206 4285651 1 1024
7690 18206 4285661 1 1024
7691 18206 4285671 1 1024
7693 18206 4285681 1 1024
7694 18206 4285691 1 1024
7695 18206 4285701 1 1024
7695 18206 4285711 1 1024
7695 18206 4285721 1 1024
7696 18206 4285731 1 1024
7696 18207 4285741 1 1024
7696 18207 4285751 1 1024
7696 18208 4285761 1 1024
7696 18209 4285771 1 1024
7695 18210 4285781 1 1024
7695 18210 4285791 1 1024
7695 18211 4285801 1 1024
7694 18212 4285811 1 1024
7693 18213 4285821 1 1024
7693 18214 4285831 1 1024
7692 18215 4285841 1 1024
7691 18216 4285851 1 1024
7690 18217 4285861 1 1024
7690 18217 4285871 1 1024
7689 18218 4285881 1 1024
7689 18219 4285891 1 1024
7688 18220 4285901 1 1024
7687 18220 4285911 1 1024
7686 18221 4285921 1 1024
7684 18222 4285931 1 1024
7683 18222 4285941 1 1024
7682 18222 4285951 1 1024
7681 18223 4285961 1 1024
7679 18223 4285971 1 1024
7677 18223 4285981 1 1024
7676 18223 4285991 1 1024
7675 18223 4286001 1 1024
7674 18223 4286011 1 1024
7673 18222 4286021 1 1024
7673 18222 4286031 1 1024
7672 18222 4286041 1 1024
7672 18222 4286051 1 1024
7672 18221 4286061 1 1024
7671 18221 4286071 1 1024
7672 18221 4286081 1 1024
7672 18220 4286091 1 1024
7672 18220 4286101 1 1024
7672 18220 4286111 1 1024
7672 18220 4286121 1 1024
7673 18219 4286131 1 1024
7674 18219 4286141 1 1024
7674 18219 4286151 1 1024
7675 18219 4286161 1 1024
7676 18218 4286171 1 1024
7677 18218 4286181 1 1024
7677 18218 4286191 1 1024
7678 18218 4286201 1 1024
7679 18218 4286211 1 1024
7679 18218 4286221 1 1024
7680 18218 4286231 1 1024
7681 18217 4286241 1 1024
7682 18217 4286251 1 1024
7683 18217 4286261 1 1024
7684 18217 4286271 1 1024
7684 18217 4286281 1 1024
7685 18216 4286291 1 1024
7686 18216 4286301 1 1024
7687 18216 4286311 1 1024
7688 18216 4286321 1 1024
7689 18216 4286331 1 1024
7690 18216 4286341 1 1024
7690 18216 4286351 1 1024
7690 18216 4286361 1 1024
7691 18216 4286371 1 1024
7692 18216 4286381 1 1024
7693 18217 4286391 1 1024
7694 18217 4286401 1 1024
7695 18218 4286411 1 1024
7696 18219 4286421 1 1024
7697 18219 4286431 1 1024
7697 18219 4286441 1 1024
7698 18220 4286451 1 1024
7699 18220 4286461 1 1024
7700 18221 4286471 1 1024
7700 18222 4286481 1 1024
7700 18223 4286491 1 1024
7701 18223 4286501 1 1024
7701 18224 4286511 1 1024
7701 18224 4286521 1 1024
7701 18225 4286531 1 1024
7701 18226 4286541 1 1024
7701 18227 4286551 1 1024
7701 18228 4286561 1 1024
7701 18229 4286571 1 1024
7701 18229 4286581 1 1024
7701 18230 4286591 1 1024
7701 18230 4286601 1 1024
7701 18231 4286611 1 1024
7700 18231 4286621 1 1024
7699 18232 4286631 1 1024
7699 18232 4286641 1 1024
7698 18233 4286651 1 1024
7697 18233 4286661 1 1024
7696 18234 4286671 1 1024
7695 18234 4286681 1 1024
7694 18234 4286691 1 1024
7693 18235 4286701 1 1024
7692 18235 4286711 1 1024
7692 18235 4286721 1 1024
7691 18235 4286731 1 1024
7691 18235 4286741 1 1024
7691 18235 4286751 1 1024
7691 18235 4286761 1 1024
7692 18235 4286771 1 1024
7692 18235 4286781 1 1024
7692 18235 4286791 1 1024
7693 18235 4286801 1 1024
7694 18235 4286811 1 1024
7695 18235 4286821 1 1024
7695 18234 4286831 1 1024
7696 18234 4286841 1 1024
7697 18234 4286851 1 1024
7698 18234 4286861 1 1024
7699 18233 4286871 1 1024
7700 18233 4286881 1 1024
7701 18233 4286891 1 1024
7702 18232 4286901 1 1024
7702 18232 4286911 1 1024
7703 18231 4286921 1 1024
7703 18231 4286931 1 1024
7704 18230 4286941 1 1024
7705 18229 4286951 1 1024
7705 18229 4286961 1 1024
7706 18228 4286971 1 1024
7706 18227 4286981 1 1024
7707 18227 4286991 1 1024
7707 18227 4287001 1 1024
7707 18227 4287011 1 1024
7708 18227 4287021 1 1024
7708 18227 4287031 1 1024
7708 18227 4287041 1 1024
7709 18227 4287051 1 1024
7709 18227 4287061 1 1024
7709 18227 4287071 1 1024
7708 18227 4287081 1 1024
7708 18227 4287091 1 1024
7708 18227 4287101 1 1024
7708 18227 4287111 1 1024
7708 18226 4287121 1 1024
7708 18226 4287131 1 1024
7708 18226 4287141 1 1024
7707 18226 4287151 1 1024
7707 18226 4287161 1 1024
7707 18226 4287171 1 1024
7707 18226 4287181 1 1024
7707 18226 4287191 1 1024
7707 18226 4287201 1 1024
7707 18226 4287211 1 1024
7707 18226 4287221 1 1024
7707 18226 4287231 1 1024
7708 18225 4287241 1 1024
7708 18225 4287251 1 1024
7709 18225 4287261 1 1024
7709 18225 4287271 1 1024
7710 18224 4287281 1 1024
7711 18224 4287291 1 1024
7712 18224 4287301 1 1024
7713 18224 4287311 1 1024
7714 18223 4287321 1 1024
7715 18223 4287331 1 1024
7716 18222 4287341 1 1024
7717 18222 4287351 1 1024
7717 18221 4287361 1 1024
7717 18220 4287371 1 1024
7717 18219 4287381 1 1024
7717 18218 4287391 1 1024
7717 18217 4287401 1 1024
7717 18216 4287411 1 1024
7716 18215 4287421 1 1024
7715 18214 4287431 1 1024
7715 18213 4287441 1 1024
7714 18211 4287451 1 1024
7713 18210 4287461 1 1024
7711 18209 4287471 1 1024
7710 18207 4287481 1 1024
7709 18206 4287491 1 1024
7708 18205 4287501 1 1024
7706 18203 4287511 1 1024
7705 18202 4287521 1 1024
7704 18201 4287531 1 1024
7702 18200 4287541 1 1024
7701 18199 4287551 1 1024
7700 18198 4287561 1 1024
7699 18197 4287571 1 1024
7699 18196 4287581 1 1024
7698 18195 4287591 1 1024
7698 18194 4287601 1 1024
7697 18193 4287611 1 1024
7697 18192 4287621 1 1024
7696 18192 4287631 1 1024
7695 18191 4287641 1 1024
7695 18190 4287651 1 1024
7694 18190 4287661 1 1024
7693 18190 4287671 1 1024
7693 18189 4287681 1 1024
7692 18189 4287691 1 1024
7692 18189 4287701 1 1024
7692 18188 4287711 1 1024
7693 18188 4287721 1 1024
7693 18188 4287731 1 1024
7693 18187 4287741 1 1024
7694 18187 4287751 1 1024
7694 18187 4287761 1 1024
7695 18186 4287771 1 1024
7695 18186 4287781 1 1024
7696 18186 4287791 1 1024
7697 18185 4287801 1 1024
7698 18185 4287811 1 1024
7700 18185 4287821 1 1024
7701 18185 4287831 1 1024
7702 18185 4287841 1 1024
7703 18185 4287851 1 1024
7704 18185 4287861 1 1024
7704 18185 4287871 1 1024
7705 18185 4287881 1 1024
7706 18185 4287891 1 1024
7706 18186 4287901 1 1024
7707 18186 4287911 1 1024
7707 18186 4287921 1 1024
7708 18186 4287931 1 1024
7708 18186 4287941 1 1024
7707 18187 4287951 1 1024
7707 18187 4287961 1 1024
7706 18187 4287971 1 1024
7706 18187 4287981 1 1024
7705 18186 4287991 1 1024
7705 18186 4288001 1 1024
7704 18186 4288011 1 1024
7703 18185 4288021 1 1024
7703 18185 4288031 1 1024
7703 18184 4288041 1 1024
7703 18184 4288051 1 1024
7704 18183 4288061 1 1024
7705 18183 4288071 1 1024
7706 18183 4288081 1 1024
7708 18182 4288091 1 1024
7709 18182 4288101 1 1024
7711 18183 4288111 1 1024
7713 18183 4288121 1 1024
7714 18183 4288131 1 1024
7716 18183 4288141 1 1024
7718 18184 4288151 1 1024
7719 18184 4288161 1 1024
7721 18184 4288171 1 1024
7722 18184 4288181 1 1024
7722 18185 4288191 1 1024
7721 18185 4288201 1 1024
7721 18185 4288211 1 1024
7720 18185 4288221 1 1024
7718 18186 4288231 1 1024
7717 18186 4288241 1 1024
7716 18186 4288251 1 1024
7715 18186 4288261 1 1024
7714 18185 4288271 1 1024
7713 18185 4288281 1 1024
7712 18185 4288291 1 1024
7711 18185 4288301 1 1024
7710 18185 4288311 1 1024
7709 18185 4288321 1 1024
7708 18185 4288331 1 1024
7706 18185 4288341 1 1024
