7558 17771 3477735 1 1022
7558 17771 3477745 1 1022
7559 17771 3477755 1 1022
7559 17771 3477765 1 1022
7559 17771 3477775 1 1022
7560 17772 3477785 1 1022
7567 17774 3477795 1 1022
7570 17774 3477805 1 1022
7571 17774 3477815 1 1022
7570 17772 3477825 1 1022
7569 17769 3477835 1 1022
7568 17767 3477845 1 1022
7567 17766 3477855 1 1022
7568 17766 3477865 1 1022
7570 17765 3477875 1 988
7570 17765 3477885 1 940
7571 17764 3477895 1 893
7571 17763 3477905 1 850
7572 17760 3477915 1 790
7574 17760 3477925 1 772
7576 17760 3477935 1 737
7578 17761 3477945 1 705
7580 17762 3477955 1 675
7582 17762 3477965 1 648
7584 17762 3477975 1 599
7585 17763 3477985 1 578
7586 17763 3477995 1 560
7588 17764 3478005 1 544
7589 17766 3478015 1 536
7591 17767 3478025 1 529
7594 17771 3478035 1 505
7595 17773 3478045 1 496
7596 17774 3478055 1 489
7598 17776 3478065 1 483
7599 17778 3478075 1 480
7600 17780 3478085 1 478
7602 17783 3478095 1 476
7603 17785 3478105 1 477
7604 17787 3478115 1 478
7604 17788 3478125 1 481
7605 17790 3478135 1 485
7606 17791 3478145 1 490
7607 17793 3478155 1 504
7608 17794 3478165 1 512
7608 17795 3478175 1 521
7609 17796 3478185 1 531
7609 17797 3478195 1 541
7610 17798 3478205 1 546
7612 17800 3478215 1 563
7613 17801 3478225 1 575
7614 17802 3478235 1 588
7615 17803 3478245 1 601
7616 17804 3478255 1 615
7617 17804 3478265 1 627
7619 17804 3478275 1 655
7620 17804 3478285 1 669
7620 17803 3478295 1 676
7621 17802 3478305 1 683
7621 17801 3478315 1 697
7622 17799 3478325 1 710
7623 17796 3478335 1 736
7623 17793 3478345 1 749
7624 17791 3478355 1 762
7624 17788 3478365 1 774
7624 17786 3478375 1 785
7623 17783 3478385 1 795
7621 17779 3478395 1 805
7620 17776 3478405 1 815
7618 17774 3478415 1 824
7616 17772 3478425 1 832
7614 17771 3478435 1 838
7612 17769 3478445 1 844
7607 17766 3478455 1 853
7605 17765 3478465 1 856
7603 17764 3478475 1 857
7601 17764 3478485 1 857
7598 17763 3478495 1 857
7596 17763 3478505 1 856
7592 17762 3478515 1 849
7590 17762 3478525 1 844
7588 17762 3478535 1 836
7587 17762 3478545 1 827
7586 17763 3478555 1 817
7586 17763 3478565 1 804
7585 17765 3478575 1 783
7586 17766 3478585 1 775
7587 17767 3478595 1 756
7588 17768 3478605 1 736
7590 17769 3478615 1 714
7592 17771 3478625 1 689
7598 17773 3478635 1 636
7601 17775 3478645 1 606
7604 17776 3478655 1 576
7608 17777 3478665 1 543
7612 17778 3478675 1 527
7615 17778 3478685 1 510
7623 17779 3478695 1 441
7628 17780 3478705 1 405
7632 17780 3478715 1 370
7636 17781 3478725 1 333
7640 17781 3478735 1 296
7645 17782 3478745 1 261
7653 17782 3478755 1 189
7658 17783 3478765 1 172
7662 17783 3478775 1 154
7666 17783 3478785 1 120
7670 17783 3478795 1 87
7674 17782 3478805 1 55
7681 17781 3478815 1 8
7685 17781 3478825 1 8
7688 17780 3478835 1 8
7691 17779 3478845 1 8
7694 17778 3478855 1 8
7697 17777 3478865 1 8
7702 17775 3478875 1 7
7704 17773 3478885 1 7
7706 17772 3478895 1 7
7708 17770 3478905 1 7
7709 17768 3478915 1 7
7711 17767 3478925 1 7
7713 17763 3478935 1 7
7713 17762 3478945 1 7
7714 17761 3478955 1 7
7714 17760 3478965 1 7
7714 17759 3478975 1 7
7714 17758 3478985 1 7
7713 17757 3478995 1 7
7712 17757 3479005 1 7
7712 17757 3479015 1 7
7711 17757 3479025 1 7
7710 17758 3479035 1 7
7709 17759 3479045 1 7
7707 17761 3479055 1 7
7706 17762 3479065 1 7
7705 17764 3479075 1 12
7704 17765 3479085 1 36
7702 17767 3479095 1 62
7701 17769 3479105 1 89
7697 17772 3479115 1 144
7694 17773 3479125 1 172
7692 17774 3479135 1 202
7690 17776 3479145 1 217
7688 17777 3479155 1 232
7686 17778 3479165 1 261
7683 17780 3479175 1 322
7681 17781 3479185 1 353
7679 17782 3479195 1 383
7677 17783 3479205 1 414
7676 17784 3479215 1 445
7674 17784 3479225 1 475
7671 17785 3479235 1 519
7669 17785 3479245 1 534
7667 17785 3479255 1 563
7666 17785 3479265 1 592
7664 17785 3479275 1 619
7663 17785 3479285 1 647
7661 17784 3479295 1 699
7659 17784 3479305 1 724
7659 17784 3479315 1 747
7658 17783 3479325 1 769
7657 17783 3479335 1 780
7656 17783 3479345 1 791
7654 17782 3479355 1 830
7654 17782 3479365 1 848
7653 17781 3479375 1 864
7652 17781 3479385 1 879
7651 17781 3479395 1 892
7651 17780 3479405 1 905
7650 17780 3479415 1 927
7650 17779 3479425 1 932
7650 17779 3479435 1 937
7649 17778 3479445 1 945
7649 17778 3479455 1 953
7649 17777 3479465 1 960
7649 17776 3479475 1 970
7649 17776 3479485 1 974
7649 17775 3479495 1 978
7649 17775 3479505 1 980
7649 17775 3479515 1 982
7650 17774 3479525 1 983
7650 17774 3479535 1 983
7651 17773 3479545 1 983
7651 17773 3479555 1 982
7651 17773 3479565 1 981
7651 17773 3479575 1 979
7651 17773 3479585 1 977
7649 17772 3479595 1 971
7648 17772 3479605 1 968
7647 17772 3479615 1 966
7646 17772 3479625 1 964
7645 17772 3479635 1 960
7644 17772 3479645 1 956
7642 17771 3479655 1 946
7642 17770 3479665 1 941
7641 17770 3479675 1 936
7641 17769 3479685 1 931
7641 17768 3479695 1 926
7641 17767 3479705 1 921
7641 17766 3479715 1 915
7641 17765 3479725 1 910
7642 17764 3479735 1 905
7642 17763 3479745 1 900
7642 17762 3479755 1 895
7643 17761 3479765 1 891
7644 17759 3479775 1 882
7645 17758 3479785 1 879
7645 17757 3479795 1 876
7646 17756 3479805 1 874
7647 17755 3479815 1 872
7648 17754 3479825 1 869
7649 17753 3479835 1 865
7650 17752 3479845 1 863
7650 17751 3479855 1 862
7651 17751 3479865 1 861
7652 17750 3479875 1 860
7652 17750 3479885 1 860
7654 17749 3479895 1 860
7655 17749 3479905 1 860
7656 17749 3479915 1 860
7658 17749 3479925 1 861
7659 17749 3479935 1 862
7661 17750 3479945 1 863
7664 17751 3479955 1 866
7665 17752 3479965 1 868
7666 17752 3479975 1 870
7668 17753 3479985 1 872
7669 17754 3479995 1 873
7670 17755 3480005 1 874
7672 17758 3480015 1 878
7673 17759 3480025 1 880
7674 17761 3480035 1 882
7675 17762 3480045 1 884
7676 17763 3480055 1 887
7677 17765 3480065 1 889
7679 17767 3480075 1 894
7680 17768 3480085 1 896
7680 17769 3480095 1 897
7681 17770 3480105 1 899
7681 17770 3480115 1 901
7681 17771 3480125 1 904
7682 17771 3480135 1 908
7682 17772 3480145 1 910
7681 17772 3480155 1 911
7681 17772 3480165 1 913
7681 17772 3480175 1 915
7680 17773 3480185 1 916
7680 17773 3480195 1 918
7680 17773 3480205 1 919
7679 17772 3480215 1 921
7679 17772 3480225 1 922
7679 17772 3480235 1 923
7680 17771 3480245 1 924
7680 17770 3480255 1 926
7681 17770 3480265 1 927
7681 17769 3480275 1 928
7682 17769 3480285 1 928
7682 17769 3480295 1 929
7682 17769 3480305 1 930
7683 17768 3480315 1 932
7683 17768 3480325 1 933
7683 17768 3480335 1 933
7683 17768 3480345 1 934
7683 17768 3480355 1 935
7684 17768 3480365 1 936
7684 17768 3480375 1 936
7684 17768 3480385 1 937
7684 17768 3480395 1 938
7684 17767 3480405 1 938
7684 17767 3480415 1 939
7684 17767 3480425 1 939
7684 17767 3480435 1 941
7684 17768 3480445 1 941
7684 17768 3480455 1 942
7684 17768 3480465 1 943
7684 17769 3480475 1 943
7684 17769 3480485 1 944
7685 17770 3480495 1 945
7685 17771 3480505 1 946
7684 17771 3480515 1 947
7684 17772 3480525 1 948
7683 17772 3480535 1 949
7683 17772 3480545 1 950
7681 17773 3480555 1 951
7680 17773 3480565 1 951
7679 17773 3480575 1 952
7678 17774 3480585 1 953
7678 17774 3480595 1 954
7677 17774 3480605 1 955
7676 17774 3480615 1 958
7676 17774 3480625 1 959
7676 17773 3480635 1 960
7676 17773 3480645 1 961
7676 17773 3480655 1 962
7677 17773 3480665 1 962
7677 17773 3480675 1 964
7678 17773 3480685 1 965
7679 17773 3480695 1 966
7680 17773 3480705 1 967
7681 17773 3480715 1 968
7682 17773 3480725 1 969
7684 17773 3480735 1 971
7686 17773 3480745 1 972
7687 17773 3480755 1 972
7688 17773 3480765 1 973
7690 17773 3480775 1 974
7691 17772 3480785 1 975
7694 17772 3480795 1 977
7696 17772 3480805 1 978
7697 17771 3480815 1 979
7698 17771 3480825 1 980
7700 17771 3480835 1 981
7701 17770 3480845 1 982
7702 17769 3480855 1 983
7703 17769 3480865 1 984
7703 17768 3480875 1 985
7703 17768 3480885 1 986
7703 17768 3480895 1 986
7703 17767 3480905 1 987
7703 17767 3480915 1 989
7703 17767 3480925 1 990
7704 17766 3480935 1 991
7704 17766 3480945 1 991
7704 17766 3480955 1 992
7705 17766 3480965 1 993
7705 17765 3480975 1 995
7705 17765 3480985 1 996
7706 17765 3480995 1 996
7706 17765 3481005 1 997
7706 17765 3481015 1 998
7706 17765 3481025 1 999
7707 17764 3481035 1 1000
7707 17764 3481045 1 1001
7707 17764 3481055 1 1002
7706 17763 3481065 1 1003
7706 17763 3481075 1 1004
7706 17762 3481085 1 1005
7705 17761 3481095 1 1006
7705 17760 3481105 1 1007
7704 17759 3481115 1 1008
7704 17758 3481125 1 1009
7703 17758 3481135 1 1009
7702 17757 3481145 1 1010
7699 17756 3481155 1 1013
7698 17755 3481165 1 1014
7697 17754 3481175 1 1015
7696 17754 3481185 1 1016
7695 17753 3481195 1 1017
7694 17753 3481205 1 1018
7693 17751 3481215 1 1020
7693 17751 3481225 1 1020
7693 17750 3481235 1 1021
7694 17750 3481245 1 1023
7695 17749 3481255 1 1023
7695 17749 3481265 1 1023
7697 17749 3481275 1 1023
7698 17749 3481285 1 1023
7698 17749 3481295 1 1023
7699 17749 3481305 1 1023
7699 17749 3481315 1 1023
7700 17749 3481325 1 1023
7700 17750 3481335 1 1023
7700 17750 3481345 1 1023
7700 17750 3481355 1 1023
7700 17750 3481365 1 1023
7700 17751 3481375 1 1023
7700 17751 3481385 1 1023
7699 17751 3481395 1 1023
7699 17751 3481405 1 1023
7699 17751 3481415 1 1023
7698 17751 3481425 1 1023
7698 17751 3481435 1 1023
7697 17751 3481445 1 1023
7696 17751 3481455 1 1023
7696 17751 3481465 1 1023
7695 17751 3481475 1 1023
7694 17751 3481485 1 1023
7693 17751 3481495 1 1023
7693 17752 3481505 1 1023
7691 17752 3481515 1 1023
7691 17753 3481525 1 1023
7690 17753 3481535 1 1023
7690 17754 3481545 1 1023
7689 17755 3481555 1 1023
7689 17755 3481565 1 1023
7689 17756 3481575 1 1023
7688 17756 3481585 1 1023
7688 17757 3481595 1 1023
7688 17757 3481605 1 1023
7688 17757 3481615 1 1023
7688 17757 3481625 1 1023
7687 17757 3481635 1 1023
7687 17757 3481645 1 1023
7687 17756 3481655 1 1023
7688 17756 3481665 1 1023
7688 17756 3481675 1 1023
7688 17755 3481685 1 1023
7687 17754 3481695 1 1023
7687 17754 3481705 1 1023
7687 17753 3481715 1 1023
7687 17753 3481725 1 1023
7686 17752 3481735 1 1023
7686 17752 3481745 1 1023
7686 17751 3481755 1 1023
7686 17751 3481765 1 1023
7686 17750 3481775 1 1023
7686 17750 3481785 1 1023
7686 17749 3481795 1 1023
7686 17749 3481805 1 1023
7686 17748 3481815 1 1023
7685 17747 3481825 1 1023
7685 17746 3481835 1 1023
7685 17746 3481845 1 1023
7684 17745 3481855 1 1023
7683 17745 3481865 1 1023
7682 17745 3481875 1 1023
7681 17745 3481885 1 1023
7681 17745 3481895 1 1023
7680 17745 3481905 1 1023
7680 17745 3481915 1 1023
7680 17746 3481925 1 1023
7680 17747 3481935 1 1023
7681 17748 3481945 1 1023
7682 17748 3481955 1 1023
7683 17749 3481965 1 1023
7684 17749 3481975 1 1023
7686 17750 3481985 1 1023
7690 17751 3481995 1 1023
7692 17751 3482005 1 1023
7694 17751 3482015 1 1023
7697 17751 3482025 1 1023
7699 17752 3482035 1 1023
7701 17752 3482045 1 1023
7705 17752 3482055 1 1023
7707 17752 3482065 1 1023
7708 17752 3482075 1 1023
7709 17752 3482085 1 1023
7711 17752 3482095 1 1023
7712 17751 3482105 1 1023
7714 17751 3482115 1 1023
7715 17751 3482125 1 1023
7716 17750 3482135 1 1023
7716 17750 3482145 1 1023
7718 17750 3482155 1 1023
7719 17749 3482165 1 1023
7721 17748 3482175 1 1023
7722 17748 3482185 1 1023
7722 17748 3482195 1 1023
7723 17747 3482205 1 1023
7723 17747 3482215 1 1023
7723 17747 3482225 1 1023
7722 17747 3482235 1 1023
7722 17747 3482245 1 1023
7721 17747 3482255 1 1023
7721 17748 3482265 1 1023
7721 17748 3482275 1 1023
7720 17748 3482285 1 1023
7720 17748 3482295 1 1023
7720 17748 3482305 1 1023
7720 17748 3482315 1 1023
7720 17749 3482325 1 1023
7720 17749 3482335 1 1023
7720 17749 3482345 1 1023
7720 17750 3482355 1 1023
7720 17750 3482365 1 1023
7720 17750 3482375 1 1023
7720 17750 3482385 1 1023
7720 17751 3482395 1 1023
7720 17751 3482405 1 1023
7719 17752 3482415 1 1023
7718 17752 3482425 1 1023
7718 17752 3482435 1 1023
7718 17753 3482445 1 1023
7719 17753 3482455 1 1023
7719 17754 3482465 1 1023
7720 17755 3482475 1 1023
7720 17755 3482485 1 1023
7721 17756 3482495 1 1023
7722 17756 3482505 1 1023
7722 17757 3482515 1 1023
7723 17757 3482525 1 1023
7724 17759 3482535 1 1023
7725 17759 3482545 1 1023
7725 17760 3482555 1 1023
7725 17761 3482565 1 1023
7725 17761 3482575 1 1023
7725 17761 3482585 1 1023
7724 17762 3482595 1 1023
7724 17762 3482605 1 1023
7723 17762 3482615 1 1023
7723 17761 3482625 1 1023
7723 17761 3482635 1 1023
7723 17761 3482645 1 1023
7722 17760 3482655 1 1023
7722 17759 3482665 1 1023
7722 17759 3482675 1 1023
7722 17758 3482685 1 1023
7721 17758 3482695 1 1023
7721 17757 3482705 1 1023
7720 17756 3482715 1 1023
7719 17755 3482725 1 1023
7719 17755 3482735 1 1023
7718 17754 3482745 1 1023
7718 17754 3482755 1 1023
7717 17754 3482765 1 1023
7717 17753 3482775 1 1023
7717 17753 3482785 1 1022
7717 17753 3482795 1 1022
7718 17753 3482805 1 1022
7718 17754 3482815 1 1022
7718 17754 3482825 1 1022
7719 17755 3482835 1 1022
7720 17756 3482845 1 1022
7720 17756 3482855 1 1022
7720 17757 3482865 1 1022
7721 17758 3482875 1 1022
7721 17759 3482885 1 1022
7722 17762 3482895 1 1022
7723 17763 3482905 1 1022
7723 17764 3482915 1 1022
7723 17766 3482925 1 1022
7723 17767 3482935 1 1022
7724 17768 3482945 1 1022
7724 17770 3482955 1 1022
7724 17771 3482965 1 1022
7724 17772 3482975 1 1022
7725 17772 3482985 1 1022
7725 17773 3482995 1 1022
7726 17773 3483005 1 1022
7728 17774 3483015 1 1022
7729 17775 3483025 1 1022
7730 17775 3483035 1 1022
7731 17775 3483045 1 1022
7731 17776 3483055 1 1022
7732 17776 3483065 1 1022
7733 17776 3483075 1 1022
7733 17776 3483085 1 1022
7734 17776 3483095 1 1022
7734 17776 3483105 1 1022
7734 17776 3483115 1 1022
7733 17776 3483125 1 1022
7733 17776 3483135 1 1022
7732 17776 3483145 1 1022
7732 17776 3483155 1 1022
7731 17776 3483165 1 1022
7731 17776 3483175 1 1022
7730 17776 3483185 1 1022
7729 17776 3483195 1 1022
7729 17776 3483205 1 1022
7729 17775 3483215 1 1022
7729 17775 3483225 1 1022
7729 17775 3483235 1 1022
7730 17775 3483245 1 1022
7731 17774 3483255 1 1022
7732 17774 3483265 1 1022
7733 17774 3483275 1 1022
7734 17773 3483285 1 1022
7736 17773 3483295 1 1022
7737 17772 3483305 1 1022
7740 17771 3483315 1 1022
7742 17771 3483325 1 1022
7744 17771 3483335 1 1022
7745 17770 3483345 1 1022
7747 17770 3483355 1 1022
7749 17769 3483365 1 1022
7751 17769 3483375 1 1022
7753 17769 3483385 1 1022
7754 17768 3483395 1 1022
7755 17768 3483405 1 1022
7756 17767 3483415 1 1022
7757 17767 3483425 1 1022
7759 17766 3483435 1 1022
7759 17765 3483445 1 1022
7759 17764 3483455 1 1022
7759 17764 3483465 1 1022
7758 17763 3483475 1 1022
7757 17763 3483485 1 1022
7755 17762 3483495 1 1022
7754 17762 3483505 1 1022
7752 17762 3483515 1 1022
7751 17761 3483525 1 1022
7749 17761 3483535 1 1022
7747 17760 3483545 1 1022
7744 17760 3483555 1 1022
7743 17759 3483565 1 1022
7742 17759 3483575 1 1022
7741 17758 3483585 1 1022
7740 17758 3483595 1 1022
7739 17757 3483605 1 1022
7739 17756 3483615 1 1022
7739 17756 3483625 1 1022
7739 17756 3483635 1 1022
7739 17755 3483645 1 1022
7739 17755 3483655 1 1022
7740 17754 3483665 1 1022
7741 17753 3483675 1 1022
7741 17752 3483685 1 1022
7742 17751 3483695 1 1022
7742 17750 3483705 1 1022
7743 17749 3483715 1 1022
7743 17747 3483725 1 1022
7744 17744 3483735 1 1022
7744 17743 3483745 1 1022
7743 17741 3483755 1 1022
7743 17739 3483765 1 1022
7743 17737 3483775 1 1022
7742 17735 3483785 1 1022
7741 17731 3483795 1 1022
7741 17729 3483805 1 1022
7740 17728 3483815 1 1022
7740 17726 3483825 1 1022
7739 17724 3483835 1 1022
7738 17723 3483845 1 1022
7738 17721 3483855 1 1022
7738 17721 3483865 1 1022
7738 17720 3483875 1 1022
7738 17720 3483885 1 1022
7738 17720 3483895 1 1022
7738 17720 3483905 1 1022
7738 17720 3483915 1 1022
7738 17720 3483925 1 1022
7738 17720 3483935 1 1022
7737 17720 3483945 1 1022
7737 17720 3483955 1 1022
7737 17720 3483965 1 1022
7736 17720 3483975 1 1022
7735 17720 3483985 1 1022
7734 17720 3483995 1 1022
7733 17720 3484005 1 1022
7732 17720 3484015 1 1022
7731 17720 3484025 1 1022
7731 17719 3484035 1 1022
7731 17719 3484045 1 1022
7731 17718 3484055 1 1022
7731 17718 3484065 1 1022
7731 17717 3484075 1 1022
7732 17717 3484085 1 1022
7731 17715 3484095 1 1022
7731 17715 3484105 1 1022
7731 17714 3484115 1 1022
7730 17714 3484125 1 1022
7730 17713 3484135 1 1022
7730 17713 3484145 1 1022
7730 17712 3484155 1 1022
7730 17712 3484165 1 1022
7730 17712 3484175 1 1022
7731 17712 3484185 1 1022
7731 17713 3484195 1 1022
7732 17713 3484205 1 1022
7733 17713 3484215 1 1022
7734 17713 3484225 1 1022
7735 17714 3484235 1 1022
7736 17714 3484245 1 1022
7737 17714 3484255 1 1022
7738 17714 3484265 1 1022
7740 17714 3484275 1 1022
7741 17714 3484285 1 1022
7742 17714 3484295 1 1022
7743 17714 3484305 1 1022
7743 17714 3484315 1 1022
7743 17714 3484325 1 1022
7742 17714 3484335 1 1022
7742 17715 3484345 1 1022
7742 17715 3484355 1 1022
7741 17715 3484365 1 1022
7741 17715 3484375 1 1022
7741 17715 3484385 1 1022
7740 17716 3484395 1 1022
7739 17716 3484405 1 1022
7739 17716 3484415 1 1022
7738 17716 3484425 1 1022
7738 17717 3484435 1 1022
7738 17716 3484445 1 1022
