7678 18576 7992808 1 641
7678 18576 7992818 1 642
7678 18576 7992828 1 644
7678 18576 7992838 1 644
7678 18575 7992848 1 646
7679 18575 7992858 1 647
7680 18575 7992868 1 649
7681 18575 7992878 1 649
7682 18574 7992888 1 651
7685 18573 7992898 1 652
7687 18572 7992908 1 652
7691 18569 7992918 1 652
7695 18563 7992928 1 654
7699 18554 7992938 1 656
7703 18541 7992948 1 656
7706 18526 7992958 1 657
7707 18510 7992968 1 660
7705 18495 7992978 1 660
7699 18481 7992988 1 662
7692 18469 7992998 1 663
7681 18460 7993008 1 664
7669 18454 7993018 1 664
7655 18451 7993028 1 665
7640 18451 7993038 1 667
7607 18467 7993048 1 668
7592 18482 7993058 1 670
7581 18500 7993068 1 671
7573 18520 7993078 1 673
7571 18540 7993088 1 673
7572 18557 7993098 1 674
7577 18571 7993108 1 676
7585 18581 7993118 1 677
7595 18586 7993128 1 677
7606 18585 7993138 1 679
7619 18576 7993148 1 680
7633 18558 7993158 1 682
7649 18532 7993168 1 682
7667 18497 7993178 1 683
7685 18455 7993188 1 685
7704 18406 7993198 1 686
7722 18354 7993208 1 688
7740 18301 7993218 1 688
7756 18251 7993228 1 688
7770 18206 7993238 1 689
7782 18167 7993248 1 691
7793 18137 7993258 1 692
7803 18117 7993268 1 693
7812 18105 7993278 1 694
7827 18107 7993288 1 698
7834 18120 7993298 1 699
7840 18138 7993308 1 699
7844 18162 7993318 1 700
7846 18189 7993328 1 701
7844 18220 7993338 1 702
7838 18251 7993348 1 703
7828 18283 7993358 1 705
7814 18313 7993368 1 705
7796 18340 7993378 1 706
7776 18363 7993388 1 707
7754 18382 7993398 1 709
7731 18397 7993408 1 710
7709 18407 7993418 1 711
7689 18415 7993428 1 711
7670 18419 7993438 1 712
7651 18421 7993448 1 714
7633 18421 7993458 1 715
7615 18419 7993468 1 717
7601 18417 7993478 1 718
7590 18413 7993488 1 718
7582 18409 7993498 1 719
7578 18406 7993508 1 720
7577 18402 7993518 1 722
7583 18397 7993528 1 724
7589 18396 7993538 1 725
7599 18397 7993548 1 726
7609 18400 7993558 1 727
7622 18405 7993568 1 727
7635 18412 7993578 1 728
7648 18421 7993588 1 729
7662 18430 7993598 1 732
7676 18438 7993608 1 733
7690 18446 7993618 1 734
7704 18451 7993628 1 735
7717 18455 7993638 1 735
7730 18456 7993648 1 736
7742 18456 7993658 1 737
7752 18453 7993668 1 738
7759 18449 7993678 1 739
7764 18445 7993688 1 740
7765 18439 7993698 1 741
7763 18433 7993708 1 743
7757 18427 7993718 1 744
7747 18421 7993728 1 745
7735 18416 7993738 1 746
7721 18410 7993748 1 747
7706 18404 7993758 1 748
7679 18393 7993768 1 749
7669 18389 7993778 1 751
7661 18385 7993788 1 752
7657 18382 7993798 1 753
7657 18381 7993808 1 754
7660 18382 7993818 1 755
7665 18384 7993828 1 756
7673 18388 7993838 1 757
7681 18392 7993848 1 758
7691 18398 7993858 1 759
7700 18404 7993868 1 759
7708 18410 7993878 1 761
7716 18416 7993888 1 762
7722 18421 7993898 1 762
7727 18425 7993908 1 763
7731 18429 7993918 1 765
7735 18432 7993928 1 766
7739 18434 7993938 1 767
7743 18436 7993948 1 768
7747 18438 7993958 1 769
7751 18440 7993968 1 770
7756 18441 7993978 1 770
7761 18442 7993988 1 771
7766 18443 7993998 1 772
7775 18444 7994008 1 774
7780 18443 7994018 1 775
7784 18441 7994028 1 776
7789 18437 7994038 1 777
7794 18432 7994048 1 778
7800 18425 7994058 1 780
7808 18418 7994068 1 782
7817 18410 7994078 1 782
7827 18402 7994088 1 783
7838 18395 7994098 1 784
7850 18389 7994108 1 785
7862 18385 7994118 1 785
7872 18383 7994128 1 786
7881 18382 7994138 1 787
7889 18383 7994148 1 788
7894 18384 7994158 1 789
7898 18387 7994168 1 790
7900 18389 7994178 1 790
7900 18393 7994188 1 791
7899 18397 7994198 1 791
7896 18402 7994208 1 792
7891 18408 7994218 1 793
7884 18414 7994228 1 794
7875 18420 7994238 1 796
7853 18431 7994248 1 798
7841 18436 7994258 1 800
7830 18440 7994268 1 802
7820 18445 7994278 1 802
7811 18450 7994288 1 802
7803 18456 7994298 1 804
7796 18462 7994308 1 806
7790 18468 7994318 1 808
7785 18474 7994328 1 810
7781 18478 7994338 1 811
7776 18481 7994348 1 813
7772 18482 7994358 1 814
7769 18480 7994368 1 815
7767 18476 7994378 1 816
7764 18470 7994388 1 818
7763 18462 7994398 1 819
7761 18453 7994408 1 818
7759 18443 7994418 1 819
7758 18433 7994428 1 819
7756 18423 7994438 1 819
7754 18414 7994448 1 818
7753 18406 7994458 1 818
7753 18399 7994468 1 816
7755 18395 7994478 1 814
7765 18391 7994488 1 812
7773 18392 7994498 1 811
7784 18394 7994508 1 809
7796 18398 7994518 1 807
7809 18403 7994528 1 805
7822 18408 7994538 1 803
7835 18412 7994548 1 800
7847 18415 7994558 1 800
7857 18418 7994568 1 800
7865 18418 7994578 1 801
7870 18418 7994588 1 802
7874 18416 7994598 1 803
7874 18412 7994608 1 805
7872 18407 7994618 1 808
7867 18401 7994628 1 812
7859 18395 7994638 1 818
7849 18388 7994648 1 824
7838 18380 7994658 1 832
7826 18373 7994668 1 842
7815 18367 7994678 1 852
7806 18362 7994688 1 864
7800 18358 7994698 1 874
7798 18355 7994708 1 883
7799 18354 7994718 1 891
7815 18355 7994728 1 892
7827 18356 7994738 1 886
7842 18358 7994748 1 874
7858 18361 7994758 1 853
7874 18364 7994768 1 825
7890 18368 7994778 1 788
7904 18373 7994788 1 747
7915 18377 7994798 1 699
7922 18383 7994808 1 673
7925 18388 7994818 1 646
7925 18394 7994828 1 589
7920 18401 7994838 1 529
7912 18407 7994848 1 467
7902 18413 7994858 1 405
7892 18420 7994868 1 284
7881 18426 7994878 1 225
7871 18432 7994888 1 170
7863 18438 7994898 1 119
7857 18443 7994908 1 72
7853 18447 7994918 1 49
7850 18451 7994928 1 30
7849 18453 7994938 0 0
7849 18455 7994948 0 0
7850 18455 7994958 0 0
7850 18453 7994968 0 0
7849 18451 7994978 0 0
7848 18447 7994988 0 0
7846 18441 7994998 0 0
7844 18435 7995008 0 0
7842 18428 7995018 0 0
7841 18421 7995028 0 0
7840 18414 7995038 0 0
7840 18408 7995048 0 0
7842 18403 7995058 0 0
7844 18400 7995068 0 0
7848 18399 7995078 0 0
7852 18400 7995088 1 1
7855 18404 7995098 1 39
7859 18410 7995108 1 85
7861 18418 7995118 1 137
7862 18427 7995128 1 164
7862 18436 7995138 1 194
7860 18445 7995148 1 256
7859 18453 7995158 1 321
7858 18458 7995168 1 388
7860 18460 7995178 1 456
7863 18459 7995188 1 589
7868 18455 7995198 1 651
7884 18442 7995208 1 764
7894 18434 7995218 1 812
7904 18424 7995228 1 834
7914 18415 7995238 1 851
7924 18405 7995248 1 883
7933 18397 7995258 1 904
7940 18391 7995268 1 916
7946 18386 7995278 1 917
7950 18384 7995288 1 918
7952 18385 7995298 1 919
7952 18388 7995308 1 921
7951 18394 7995318 1 922
7950 18402 7995328 1 923
7948 18410 7995338 1 925
7947 18420 7995348 1 927
7948 18428 7995358 1 927
7950 18436 7995368 1 929
7954 18442 7995378 1 930
7960 18446 7995388 1 931
7968 18447 7995398 1 932
7978 18446 7995408 1 934
7988 18444 7995418 1 934
7998 18439 7995428 1 936
8007 18433 7995438 1 937
8020 18417 7995448 1 939
8023 18408 7995458 1 940
8024 18398 7995468 1 941
8024 18387 7995478 1 943
8021 18375 7995488 1 944
8017 18364 7995498 1 946
8011 18353 7995508 1 947
8005 18343 7995518 1 948
7998 18335 7995528 1 950
7991 18330 7995538 1 950
7984 18327 7995548 1 952
7977 18326 7995558 1 953
7972 18328 7995568 1 953
7969 18333 7995578 1 955
7967 18339 7995588 1 957
7966 18346 7995598 1 957
7968 18354 7995608 1 959
7971 18363 7995618 1 959
7975 18370 7995628 1 961
7979 18377 7995638 1 963
7983 18383 7995648 1 963
7987 18388 7995658 1 964
7990 18392 7995668 1 966
7991 18395 7995678 1 967
7991 18400 7995688 1 970
7989 18403 7995698 1 971
7987 18405 7995708 1 972
7984 18409 7995718 1 974
7981 18413 7995728 1 974
7979 18418 7995738 1 976
7978 18424 7995748 1 978
7978 18432 7995758 1 978
7978 18440 7995768 1 979
7979 18449 7995778 1 981
7981 18459 7995788 1 981
7983 18469 7995798 1 983
7986 18479 7995808 1 984
7988 18489 7995818 1 985
7990 18497 7995828 1 987
7992 18503 7995838 1 988
7993 18509 7995848 1 990
7993 18512 7995858 1 990
7993 18514 7995868 1 992
7992 18514 7995878 1 993
7990 18514 7995888 1 994
7988 18512 7995898 1 995
7985 18510 7995908 1 997
7981 18508 7995918 1 997
7974 18505 7995928 1 1000
7971 18505 7995938 1 1000
7968 18505 7995948 1 1002
7967 18505 7995958 1 1004
7966 18505 7995968 1 1005
7967 18505 7995978 1 1007
7970 18505 7995988 1 1007
7975 18504 7995998 1 1008
7982 18502 7996008 1 1010
7991 18501 7996018 1 1010
8002 18499 7996028 1 1012
8015 18497 7996038 1 1012
8028 18495 7996048 1 1013
8042 18494 7996058 1 1015
8055 18493 7996068 1 1015
8068 18494 7996078 1 1016
8078 18495 7996088 1 1018
