7756 18300 3308324 1 619
7756 18300 3308334 1 619
7756 18300 3308344 1 621
7756 18300 3308354 1 622
7758 18300 3308364 1 623
7763 18300 3308374 1 625
7769 18301 3308384 1 626
7783 18303 3308394 1 628
7789 18304 3308404 1 630
7794 18306 3308414 1 631
7799 18308 3308424 1 632
7803 18309 3308434 1 634
7806 18311 3308444 1 635
7809 18313 3308454 1 636
7811 18317 3308464 1 637
7811 18319 3308474 1 639
7810 18322 3308484 1 640
7807 18325 3308494 1 641
7804 18327 3308504 1 642
7799 18331 3308514 1 644
7793 18334 3308524 1 645
7780 18341 3308534 1 648
7773 18344 3308544 1 649
7766 18347 3308554 1 650
7759 18350 3308564 1 651
7753 18353 3308574 1 653
7748 18355 3308584 1 653
7744 18357 3308594 1 654
7738 18359 3308604 1 656
7737 18360 3308614 1 658
7737 18360 3308624 1 659
7738 18359 3308634 1 660
7741 18358 3308644 1 661
7745 18356 3308654 1 663
7750 18353 3308664 1 664
7762 18345 3308674 1 666
7770 18340 3308684 1 668
7779 18335 3308694 1 669
7788 18329 3308704 1 670
7798 18323 3308714 1 671
7808 18315 3308724 1 671
7817 18306 3308734 1 673
7834 18287 3308744 1 675
7842 18278 3308754 1 676
7849 18268 3308764 1 677
7855 18257 3308774 1 679
7859 18245 3308784 1 680
7862 18234 3308794 1 681
7863 18222 3308804 1 682
7862 18199 3308814 1 685
7859 18188 3308824 1 687
7855 18178 3308834 1 687
7851 18168 3308844 1 687
7845 18158 3308854 1 688
7838 18149 3308864 1 690
7831 18140 3308874 1 691
7813 18125 3308884 1 693
7804 18119 3308894 1 695
7795 18114 3308904 1 696
7786 18109 3308914 1 697
7777 18106 3308924 1 699
7769 18103 3308934 1 699
7763 18102 3308944 1 701
7753 18102 3308954 1 704
7749 18103 3308964 1 705
7747 18105 3308974 1 705
7746 18108 3308984 1 705
7747 18111 3308994 1 707
7748 18115 3309004 1 708
7750 18120 3309014 1 709
7759 18132 3309024 1 711
7765 18139 3309034 1 713
7771 18146 3309044 1 714
7778 18153 3309054 1 715
7786 18160 3309064 1 717
7794 18168 3309074 1 718
7803 18175 3309084 1 719
7820 18188 3309094 1 721
7829 18195 3309104 1 722
7838 18201 3309114 1 723
7846 18207 3309124 1 724
7854 18212 3309134 1 725
7862 18218 3309144 1 726
7870 18223 3309154 1 727
7884 18232 3309164 1 730
7890 18236 3309174 1 731
7896 18239 3309184 1 732
7901 18242 3309194 1 734
7905 18244 3309204 1 734
7908 18245 3309214 1 735
7911 18245 3309224 1 737
7914 18244 3309234 1 738
7915 18243 3309244 1 739
7916 18241 3309254 1 741
7916 18240 3309264 1 742
7916 18237 3309274 1 744
7916 18235 3309284 1 745
7916 18233 3309294 1 746
7916 18227 3309304 1 749
7915 18225 3309314 1 750
7915 18222 3309324 1 751
7915 18219 3309334 1 752
7915 18217 3309344 1 753
7914 18214 3309354 1 754
7914 18212 3309364 1 756
7914 18207 3309374 1 757
7914 18206 3309384 1 758
7914 18204 3309394 1 759
7914 18203 3309404 1 760
7914 18201 3309414 1 761
7915 18200 3309424 1 762
7915 18199 3309434 1 764
7917 18198 3309444 1 766
7918 18198 3309454 1 767
7919 18198 3309464 1 769
7920 18198 3309474 1 770
7921 18198 3309484 1 771
7922 18199 3309494 1 771
7924 18199 3309504 1 772
7926 18201 3309514 1 774
7928 18202 3309524 1 775
7929 18203 3309534 1 776
7931 18204 3309544 1 777
7933 18205 3309554 1 779
7934 18206 3309564 1 780
7936 18206 3309574 1 781
7938 18208 3309584 1 783
7938 18209 3309594 1 784
7939 18210 3309604 1 785
7939 18210 3309614 1 786
7939 18211 3309624 1 787
7939 18212 3309634 1 787
7939 18212 3309644 1 788
7937 18213 3309654 1 791
7936 18213 3309664 1 792
7934 18214 3309674 1 793
7932 18214 3309684 1 794
7929 18214 3309694 1 795
7926 18214 3309704 1 797
7923 18214 3309714 1 797
7915 18214 3309724 1 799
7912 18214 3309734 1 800
7908 18214 3309744 1 802
7905 18213 3309754 1 803
7901 18213 3309764 1 804
7898 18213 3309774 1 804
7895 18212 3309784 1 805
7890 18211 3309794 1 808
7888 18210 3309804 1 809
7886 18210 3309814 1 810
7884 18209 3309824 1 811
7883 18209 3309834 1 812
7882 18208 3309844 1 814
7881 18208 3309854 1 815
7881 18208 3309864 1 816
7881 18208 3309874 1 817
7882 18208 3309884 1 819
7882 18208 3309894 1 820
7884 18209 3309904 1 820
7885 18209 3309914 1 821
7886 18210 3309924 1 822
7889 18211 3309934 1 824
7891 18212 3309944 1 825
7892 18213 3309954 1 826
7893 18214 3309964 1 827
7895 18214 3309974 1 828
7895 18215 3309984 1 829
7896 18216 3309994 1 830
7897 18217 3310004 1 832
7898 18218 3310014 1 830
7898 18219 3310024 1 828
7898 18220 3310034 1 823
7897 18221 3310044 1 813
7897 18222 3310054 1 798
7896 18223 3310064 1 781
7895 18225 3310074 1 736
7894 18227 3310084 1 710
7892 18228 3310094 1 682
7891 18230 3310104 1 651
7889 18231 3310114 1 618
7887 18233 3310124 1 584
7885 18234 3310134 1 549
7881 18236 3310144 1 476
7879 18237 3310154 1 457
7877 18238 3310164 1 438
7875 18239 3310174 1 400
7873 18239 3310184 1 362
7871 18239 3310194 1 325
7870 18239 3310204 1 253
7867 18237 3310214 1 184
7865 18236 3310224 1 152
7864 18234 3310234 1 121
7863 18232 3310244 1 93
7862 18229 3310254 1 67
7862 18227 3310264 1 44
7861 18224 3310274 1 23
7861 18217 3310284 1 15
7862 18214 3310294 1 15
7862 18210 3310304 1 15
7862 18207 3310314 1 14
7863 18203 3310324 1 14
7864 18200 3310334 1 14
7865 18196 3310344 1 13
7866 18189 3310354 1 12
7867 18186 3310364 1 12
7868 18183 3310374 1 12
7869 18180 3310384 1 11
7870 18177 3310394 1 11
7871 18174 3310404 1 11
7872 18172 3310414 1 10
7873 18169 3310424 1 9
7873 18168 3310434 1 9
7873 18167 3310444 1 27
7873 18167 3310454 1 60
7873 18167 3310464 1 97
7873 18168 3310474 1 140
7872 18169 3310484 1 188
7870 18172 3310494 1 294
7869 18175 3310504 1 351
7868 18177 3310514 1 410
7867 18180 3310524 1 468
7866 18183 3310534 1 526
7864 18187 3310544 1 585
7863 18190 3310554 1 613
7862 18198 3310564 1 694
7861 18202 3310574 1 744
7861 18206 3310584 1 791
7861 18211 3310594 1 832
7861 18215 3310604 1 868
7861 18219 3310614 1 897
7862 18223 3310624 1 921
7864 18232 3310634 1 961
7865 18235 3310644 1 977
7866 18239 3310654 1 992
7867 18242 3310664 1 1004
7868 18245 3310674 1 1014
7869 18248 3310684 1 1021
7870 18251 3310694 1 1023
7873 18255 3310704 1 1023
7874 18257 3310714 1 1023
7875 18258 3310724 1 1023
7876 18259 3310734 1 1023
7877 18260 3310744 1 1023
7878 18260 3310754 1 1022
7880 18261 3310764 1 1022
7883 18260 3310774 1 1022
7884 18260 3310784 1 1022
7886 18259 3310794 1 1022
7887 18258 3310804 1 1020
7888 18257 3310814 1 1017
7890 18256 3310824 1 1013
7891 18254 3310834 1 1007
7893 18253 3310844 1 993
7893 18252 3310854 1 986
7894 18251 3310864 1 979
7894 18251 3310874 1 972
7895 18250 3310884 1 965
7895 18250 3310894 1 959
7896 18251 3310904 1 953
7896 18252 3310914 1 942
7896 18254 3310924 1 938
7897 18256 3310934 1 935
7897 18258 3310944 1 933
7897 18260 3310954 1 932
7898 18263 3310964 1 931
7899 18266 3310974 1 930
7900 18270 3310984 1 930
7901 18273 3310994 1 931
7902 18275 3311004 1 933
7903 18277 3311014 1 935
7905 18279 3311024 1 937
7906 18280 3311034 1 940
7908 18282 3311044 1 943
7912 18285 3311054 1 948
7914 18286 3311064 1 950
7917 18287 3311074 1 951
7919 18287 3311084 1 952
7922 18288 3311094 1 955
7925 18288 3311104 1 957
7929 18287 3311114 1 959
7935 18285 3311124 1 962
7938 18283 3311134 1 965
7941 18281 3311144 1 966
7944 18279 3311154 1 967
7947 18276 3311164 1 968
7949 18272 3311174 1 969
7952 18269 3311184 1 970
7955 18261 3311194 1 972
7956 18257 3311204 1 972
7957 18253 3311214 1 973
7958 18248 3311224 1 974
7959 18244 3311234 1 973
7959 18240 3311244 1 974
7959 18236 3311254 1 975
7959 18227 3311264 1 976
7957 18223 3311274 1 977
7956 18219 3311284 1 978
7953 18215 3311294 1 979
7951 18211 3311304 1 980
7948 18208 3311314 1 981
7945 18205 3311324 1 981
7937 18201 3311334 1 983
7934 18200 3311344 1 983
7930 18199 3311354 1 984
7926 18198 3311364 1 985
7923 18198 3311374 1 987
7919 18198 3311384 1 988
7916 18198 3311394 1 988
7911 18198 3311404 1 991
7909 18198 3311414 1 992
7908 18198 3311424 1 994
7906 18199 3311434 1 995
7905 18199 3311444 1 996
7905 18200 3311454 1 997
7905 18201 3311464 1 998
7906 18203 3311474 1 1000
7906 18204 3311484 1 1001
7907 18205 3311494 1 1003
7909 18206 3311504 1 1004
7910 18206 3311514 1 1005
7911 18207 3311524 1 1006
7912 18207 3311534 1 1008
7915 18207 3311544 1 1011
7917 18206 3311554 1 1012
7918 18206 3311564 1 1013
7920 18205 3311574 1 1013
7921 18205 3311584 1 1013
7922 18204 3311594 1 1013
7923 18204 3311604 1 1013
7924 18203 3311614 1 1013
7925 18202 3311624 1 1013
7925 18201 3311634 1 1013
7925 18201 3311644 1 1013
7925 18200 3311654 1 1012
7925 18200 3311664 1 1012
7924 18199 3311674 1 1012
7923 18198 3311684 1 1012
7922 18197 3311694 1 1012
7922 18197 3311704 1 1012
7921 18196 3311714 1 1012
7921 18196 3311724 1 1012
7921 18196 3311734 1 1012
7922 18196 3311744 1 1011
7924 18197 3311754 1 1011
7925 18198 3311764 1 1011
7927 18200 3311774 1 1011
7928 18201 3311784 1 1011
7931 18203 3311794 1 1011
7933 18205 3311804 1 1011
7935 18207 3311814 1 1011
7940 18211 3311824 1 1011
7943 18213 3311834 1 1010
7945 18214 3311844 1 1010
7947 18215 3311854 1 1010
7949 18216 3311864 1 1010
7951 18217 3311874 1 1010
7952 18218 3311884 1 1010
7954 18219 3311894 1 1010
7954 18219 3311904 1 1010
7955 18219 3311914 1 1010
7955 18218 3311924 1 1009
7955 18218 3311934 1 1009
7955 18217 3311944 1 1009
7955 18216 3311954 1 1009
7956 18213 3311964 1 1009
7956 18211 3311974 1 1009
7956 18209 3311984 1 1009
7955 18207 3311994 1 1009
7955 18204 3312004 1 1009
7955 18201 3312014 1 1008
7954 18199 3312024 1 1008
7953 18193 3312034 1 1008
7953 18190 3312044 1 1008
7952 18187 3312054 1 1008
7952 18185 3312064 1 1008
7952 18182 3312074 1 1008
7951 18180 3312084 1 1008
7951 18178 3312094 1 1008
7950 18175 3312104 1 1007
7949 18173 3312114 1 1007
7949 18172 3312124 1 1007
7949 18172 3312134 1 1007
7949 18171 3312144 1 1007
7949 18171 3312154 1 1007
7949 18171 3312164 1 1007
7950 18171 3312174 1 1007
7950 18172 3312184 1 1007
7951 18173 3312194 1 1006
7951 18174 3312204 1 1006
7952 18175 3312214 1 1006
7952 18177 3312224 1 1006
7953 18178 3312234 1 1006
7953 18182 3312244 1 1006
7954 18184 3312254 1 1006
7954 18186 3312264 1 1006
7954 18189 3312274 1 1006
7955 18191 3312284 1 1005
7955 18194 3312294 1 1005
7956 18196 3312304 1 1005
7958 18201 3312314 1 1005
7959 18204 3312324 1 1005
7961 18206 3312334 1 1005
7963 18208 3312344 1 1005
7965 18210 3312354 1 1005
7967 18212 3312364 1 1005
7969 18213 3312374 1 1004
7974 18216 3312384 1 1004
7976 18218 3312394 1 1004
7979 18219 3312404 1 1004
7981 18221 3312414 1 1004
7984 18222 3312424 1 1004
7987 18223 3312434 1 1004
7990 18224 3312444 1 1004
7995 18225 3312454 1 1004
7997 18226 3312464 1 1003
7999 18226 3312474 1 1003
8000 18226 3312484 1 1003
8002 18226 3312494 1 1003
8003 18226 3312504 1 1003
8004 18226 3312514 1 1003
8006 18225 3312524 1 1003
8008 18225 3312534 1 1003
8009 18224 3312544 1 1003
8010 18224 3312554 1 1002
8010 18223 3312564 1 1002
8011 18223 3312574 1 1002
8012 18222 3312584 1 1002
8013 18221 3312594 1 1002
8014 18221 3312604 1 1002
8014 18220 3312614 1 1002
8015 18220 3312624 1 1002
8015 18219 3312634 1 1002
8016 18219 3312644 1 1001
8016 18218 3312654 1 1001
8017 18218 3312664 1 1001
8018 18218 3312674 1 1001
8018 18218 3312684 1 1001
8019 18218 3312694 1 1001
8020 18218 3312704 1 1001
8021 18218 3312714 1 1001
8022 18219 3312724 1 1001
8024 18219 3312734 1 1000
8025 18220 3312744 1 1000
8026 18220 3312754 1 1000
8026 18220 3312764 1 1000
8027 18220 3312774 1 1000
8027 18220 3312784 1 1000
8028 18220 3312794 1 1000
8028 18221 3312804 1 1000
8028 18221 3312814 1 1000
8028 18221 3312824 1 999
8028 18221 3312834 1 999
8027 18221 3312844 1 999
8027 18221 3312854 1 999
8027 18222 3312864 1 999
8027 18222 3312874 1 999
8026 18222 3312884 1 999
8026 18223 3312894 1 999
8026 18223 3312904 1 999
8026 18223 3312914 1 998
8026 18222 3312924 1 998
8026 18222 3312934 1 998
8027 18221 3312944 1 998
8027 18221 3312954 1 998
8027 18221 3312964 1 998
8027 18220 3312974 1 998
8027 18220 3312984 1 998
