7664 17662 6236409 1 737
7664 17662 6236419 1 731
7664 17662 6236429 1 727
7664 17662 6236439 1 723
7665 17662 6236449 1 720
7664 17662 6236459 1 716
7664 17661 6236469 1 713
7664 17661 6236479 1 711
7664 17661 6236489 1 710
7664 17660 6236499 1 707
7663 17659 6236509 1 702
7662 17657 6236519 1 701
7661 17653 6236529 1 699
7659 17649 6236539 1 698
7657 17647 6236549 1 697
7656 17645 6236559 1 696
7654 17642 6236569 1 695
7651 17640 6236579 1 695
7649 17639 6236589 1 693
7647 17639 6236599 1 693
7644 17639 6236609 1 693
7643 17640 6236619 1 693
7642 17641 6236629 1 693
7639 17643 6236639 1 693
7637 17646 6236649 1 693
7634 17649 6236659 1 693
7631 17653 6236669 1 693
7628 17657 6236679 1 694
7626 17658 6236689 1 694
7625 17660 6236699 1 694
7622 17664 6236709 1 696
7619 17667 6236719 1 696
7617 17670 6236729 1 697
7615 17673 6236739 1 698
7614 17676 6236749 1 698
7613 17677 6236759 1 699
7613 17678 6236769 1 701
7612 17679 6236779 1 702
7611 17680 6236789 1 703
7610 17679 6236799 1 704
7609 17678 6236809 1 706
7609 17676 6236819 1 707
7609 17674 6236829 1 707
7609 17673 6236839 1 707
7610 17670 6236849 1 709
7611 17667 6236859 1 710
7614 17663 6236869 1 711
7616 17658 6236879 1 712
7619 17654 6236889 1 712
7621 17651 6236899 1 712
7622 17649 6236909 1 713
7625 17645 6236919 1 714
7629 17642 6236929 1 714
7632 17639 6236939 1 716
7636 17637 6236949 1 716
7640 17636 6236959 1 716
7642 17635 6236969 1 717
7644 17635 6236979 1 717
7649 17635 6236989 1 716
7654 17636 6236999 1 716
7660 17639 6237009 1 716
7665 17643 6237019 1 715
7671 17649 6237029 1 713
7673 17652 6237039 1 713
7676 17656 6237049 1 713
7682 17664 6237059 1 712
7688 17673 6237069 1 711
7694 17682 6237079 1 711
7700 17691 6237089 1 711
7706 17701 6237099 1 710
7709 17705 6237109 1 709
7712 17710 6237119 1 709
7717 17718 6237129 1 709
7721 17725 6237139 1 709
7726 17732 6237149 1 709
7729 17738 6237159 1 709
7732 17743 6237169 1 709
7734 17745 6237179 1 709
7735 17747 6237189 1 710
7737 17750 6237199 1 713
7739 17752 6237209 1 715
7740 17752 6237219 1 717
7741 17752 6237229 1 720
7741 17750 6237239 1 722
7741 17749 6237249 1 725
7741 17747 6237259 1 727
7740 17743 6237269 1 730
7739 17738 6237279 1 741
7738 17732 6237289 1 747
7736 17726 6237299 1 749
7734 17719 6237309 1 753
7732 17716 6237319 1 756
7731 17712 6237329 1 760
7727 17706 6237339 1 767
7724 17699 6237349 1 775
7720 17693 6237359 1 782
7715 17688 6237369 1 800
7710 17683 6237379 1 808
7708 17680 6237389 1 812
7706 17678 6237399 1 817
7701 17673 6237409 1 827
7696 17669 6237419 1 836
7691 17664 6237429 1 844
7687 17659 6237439 1 853
7683 17654 6237449 1 872
7680 17652 6237459 1 878
7679 17649 6237469 1 880
7675 17644 6237479 1 889
7672 17638 6237489 1 898
7669 17632 6237499 1 906
7666 17626 6237509 1 914
7664 17621 6237519 1 915
7663 17618 6237529 1 915
7662 17615 6237539 1 920
7661 17610 6237549 1 934
7661 17605 6237559 1 940
7662 17601 6237569 1 946
7664 17595 6237579 1 950
7667 17590 6237589 1 955
7668 17587 6237599 1 956
7671 17585 6237609 1 958
7676 17579 6237619 1 961
7683 17574 6237629 1 963
7690 17570 6237639 1 963
7698 17567 6237649 1 963
7706 17565 6237659 1 961
7710 17564 6237669 1 960
7714 17564 6237679 1 958
7722 17565 6237689 1 953
7730 17568 6237699 1 949
7738 17572 6237709 1 935
7745 17576 6237719 1 925
7751 17582 6237729 1 915
7754 17585 6237739 1 911
7757 17589 6237749 1 909
7761 17596 6237759 1 903
7766 17603 6237769 1 890
7769 17610 6237779 1 875
7772 17618 6237789 1 859
7773 17625 6237799 1 821
7774 17628 6237809 1 807
7775 17631 6237819 1 801
7775 17638 6237829 1 777
7775 17643 6237839 1 753
7775 17648 6237849 1 725
7774 17653 6237859 1 698
7773 17657 6237869 1 668
7772 17659 6237879 1 638
7771 17661 6237889 1 607
7769 17665 6237899 1 575
7767 17668 6237909 1 542
7765 17671 6237919 1 511
7762 17674 6237929 1 478
7760 17677 6237939 1 445
7758 17678 6237949 1 429
7757 17679 6237959 1 413
7753 17681 6237969 1 380
7750 17682 6237979 1 349
7747 17683 6237989 1 318
7744 17683 6237999 1 289
7741 17683 6238009 1 261
7739 17683 6238019 1 248
7738 17683 6238029 1 235
7736 17682 6238039 1 209
7733 17681 6238049 1 186
7731 17680 6238059 1 146
7730 17679 6238069 1 129
7728 17678 6238079 1 116
7728 17677 6238089 1 111
7727 17677 6238099 1 105
7727 17676 6238109 1 93
7726 17676 6238119 1 93
7726 17677 6238129 1 92
7726 17677 6238139 1 90
7726 17678 6238149 1 90
7726 17678 6238159 1 89
7726 17679 6238169 1 89
7727 17680 6238179 1 88
7727 17681 6238189 1 88
7727 17683 6238199 1 88
7728 17684 6238209 1 88
7728 17686 6238219 1 87
7728 17687 6238229 1 85
7727 17689 6238239 1 85
7727 17691 6238249 1 90
7727 17694 6238259 1 104
7727 17696 6238269 1 123
7727 17699 6238279 1 149
7726 17701 6238289 1 181
7726 17702 6238299 1 188
7726 17703 6238309 1 218
7725 17705 6238319 1 302
7725 17706 6238329 1 348
7724 17707 6238339 1 397
7724 17709 6238349 1 447
7723 17710 6238359 1 499
7723 17710 6238369 1 527
7723 17710 6238379 1 549
7723 17711 6238389 1 600
7723 17711 6238399 1 696
7722 17711 6238409 1 732
7722 17711 6238419 1 742
7722 17712 6238429 1 782
7722 17712 6238439 1 804
7722 17712 6238449 1 820
7722 17712 6238459 1 852
7722 17713 6238469 1 878
7722 17713 6238479 1 900
7722 17714 6238489 1 938
7722 17714 6238499 1 954
7722 17714 6238509 1 961
7722 17713 6238519 1 969
7723 17712 6238529 1 982
7723 17711 6238539 1 993
7724 17710 6238549 1 1000
7724 17708 6238559 1 999
7725 17705 6238569 1 1000
7725 17704 6238579 1 1000
7725 17702 6238589 1 1000
7725 17699 6238599 1 1001
7725 17695 6238609 1 1001
7725 17690 6238619 1 1001
7725 17685 6238629 1 1000
7725 17680 6238639 1 1001
7724 17677 6238649 1 1005
7724 17674 6238659 1 1001
7724 17667 6238669 1 986
7723 17660 6238679 1 974
7722 17653 6238689 1 958
7722 17646 6238699 1 942
7721 17639 6238709 1 925
7721 17636 6238719 1 913
7721 17632 6238729 1 904
7721 17626 6238739 1 882
7721 17620 6238749 1 832
7721 17615 6238759 1 804
7721 17611 6238769 1 775
7722 17607 6238779 1 744
7722 17605 6238789 1 729
7722 17604 6238799 1 713
7723 17601 6238809 1 680
7724 17599 6238819 1 645
7725 17597 6238829 1 576
7726 17596 6238839 1 540
7727 17594 6238849 1 525
7728 17593 6238859 1 519
7728 17592 6238869 1 504
7729 17591 6238879 1 468
7731 17590 6238889 1 433
7732 17589 6238899 1 398
7733 17589 6238909 1 363
7733 17589 6238919 1 295
7734 17589 6238929 1 270
7734 17590 6238939 1 263
7735 17591 6238949 1 232
7735 17593 6238959 1 203
7735 17595 6238969 1 174
7735 17597 6238979 1 148
7736 17600 6238989 1 124
7736 17601 6238999 1 102
7736 17603 6239009 1 81
7736 17606 6239019 1 65
7736 17608 6239029 1 50
7736 17611 6239039 1 38
7737 17613 6239049 1 38
7738 17616 6239059 1 37
7738 17617 6239069 1 37
7739 17618 6239079 1 38
7740 17620 6239089 1 38
7740 17622 6239099 1 36
7741 17624 6239109 1 35
7741 17626 6239119 1 35
7741 17629 6239129 1 45
7742 17630 6239139 1 51
7742 17631 6239149 1 57
7741 17634 6239159 1 70
7741 17636 6239169 1 86
7741 17638 6239179 1 123
7741 17640 6239189 1 144
7740 17642 6239199 1 167
7740 17643 6239209 1 178
7739 17644 6239219 1 190
7739 17646 6239229 1 214
7738 17647 6239239 1 241
7737 17648 6239249 1 269
7736 17648 6239259 1 325
7735 17648 6239269 1 355
7735 17648 6239279 1 370
7734 17648 6239289 1 385
7733 17648 6239299 1 401
7732 17648 6239309 1 416
7732 17647 6239319 1 446
7731 17647 6239329 1 478
7731 17646 6239339 1 509
7731 17646 6239349 1 540
7731 17646 6239359 1 570
7731 17645 6239369 1 601
7731 17644 6239379 1 632
7731 17643 6239389 1 662
7732 17643 6239399 1 691
7732 17642 6239409 1 719
7732 17642 6239419 1 726
7732 17642 6239429 1 746
7733 17642 6239439 1 799
7733 17643 6239449 1 823
7733 17643 6239459 1 845
7733 17644 6239469 1 867
7733 17645 6239479 1 886
7733 17645 6239489 1 896
7733 17645 6239499 1 904
7733 17646 6239509 1 920
7734 17646 6239519 1 934
7734 17647 6239529 1 946
7734 17647 6239539 1 956
7735 17647 6239549 1 964
7735 17648 6239559 1 968
7736 17648 6239569 1 970
7737 17648 6239579 1 975
7737 17649 6239589 1 978
7738 17649 6239599 1 980
7739 17650 6239609 1 979
7740 17651 6239619 1 976
7741 17651 6239629 1 975
7741 17652 6239639 1 973
7742 17652 6239649 1 969
7743 17653 6239659 1 964
7743 17654 6239669 1 957
7744 17655 6239679 1 951
7744 17655 6239689 1 937
7745 17656 6239699 1 931
7745 17656 6239709 1 930
7745 17656 6239719 1 922
7745 17656 6239729 1 915
7745 17656 6239739 1 912
7746 17655 6239749 1 909
7746 17654 6239759 1 904
7746 17653 6239769 1 901
7746 17652 6239779 1 899
7746 17650 6239789 1 895
7746 17648 6239799 1 896
7746 17645 6239809 1 899
7746 17643 6239819 1 904
7747 17641 6239829 1 911
7747 17639 6239839 1 916
7747 17638 6239849 1 921
7747 17636 6239859 1 935
7747 17634 6239869 1 972
7747 17631 6239879 1 995
7748 17630 6239889 1 1021
7748 17628 6239899 1 1022
7748 17627 6239909 1 1021
7748 17627 6239919 1 1022
7748 17625 6239929 1 1023
7748 17624 6239939 1 1022
7748 17624 6239949 1 1022
7749 17623 6239959 1 1022
7749 17622 6239969 1 1021
7749 17622 6239979 1 1021
7749 17622 6239989 1 1022
7749 17621 6239999 1 1022
7749 17620 6240009 1 1021
7749 17619 6240019 1 1021
7749 17618 6240029 1 1021
7749 17617 6240039 1 1021
7749 17617 6240049 1 1020
7749 17617 6240059 1 1020
7749 17616 6240069 1 1020
7749 17616 6240079 1 1020
7748 17615 6240089 1 1020
7748 17614 6240099 1 1020
7747 17613 6240109 1 1020
7747 17613 6240119 1 1023
7747 17612 6240129 1 992
7746 17611 6240139 1 902
7745 17609 6240149 1 804
7744 17608 6240159 1 698
7743 17606 6240169 1 589
7741 17605 6240179 1 528
7741 17604 6240189 1 509
7740 17604 6240199 1 479
7739 17602 6240209 1 372
7738 17601 6240219 1 173
7737 17600 6240229 1 87
7736 17599 6240239 1 15
7735 17598 6240249 1 15
7734 17598 6240259 1 20
7734 17598 6240269 1 16
7733 17597 6240279 1 16
7733 17597 6240289 1 17
7732 17597 6240299 1 18
7732 17597 6240309 1 18
7732 17597 6240319 1 19
7732 17598 6240329 1 21
7733 17598 6240339 1 19
7733 17600 6240349 1 20
7734 17602 6240359 1 55
7734 17604 6240369 1 112
7735 17606 6240379 1 238
7737 17608 6240389 1 306
7737 17610 6240399 1 324
7738 17611 6240409 1 336
7739 17612 6240419 1 375
7741 17614 6240429 1 446
7743 17614 6240439 1 518
7745 17615 6240449 1 588
7747 17614 6240459 1 657
7748 17614 6240469 1 723
7750 17613 6240479 1 786
7753 17611 6240489 1 845
7756 17609 6240499 1 899
7759 17607 6240509 1 947
7763 17604 6240519 1 988
7766 17600 6240529 1 1012
7768 17599 6240539 1 1016
7770 17597 6240549 1 1012
7774 17594 6240559 1 1012
7778 17591 6240569 1 1012
7781 17588 6240579 1 1012
7785 17585 6240589 1 1011
7788 17582 6240599 1 1011
7789 17581 6240609 1 1011
7791 17580 6240619 1 1010
7794 17578 6240629 1 1011
7797 17576 6240639 1 1011
7800 17576 6240649 1 1010
7802 17575 6240659 1 1010
7805 17576 6240669 1 1010
7806 17577 6240679 1 1010
7807 17577 6240689 1 1010
7808 17580 6240699 1 1009
7810 17582 6240709 1 1007
7811 17586 6240719 1 1006
7812 17589 6240729 1 1007
7812 17593 6240739 1 1008
7812 17595 6240749 1 1009
7812 17597 6240759 1 1009
7811 17602 6240769 1 1008
7811 17606 6240779 1 1008
7810 17610 6240789 1 1008
7809 17613 6240799 1 1007
7808 17616 6240809 1 1007
7807 17618 6240819 1 1007
7807 17619 6240829 1 1007
7805 17620 6240839 1 1007
7804 17621 6240849 1 1007
7803 17621 6240859 1 1006
7801 17621 6240869 1 1006
7800 17620 6240879 1 1006
7799 17620 6240889 1 1006
7799 17619 6240899 1 1006
7798 17618 6240909 1 1006
7797 17616 6240919 1 1005
7797 17614 6240929 1 1005
7797 17612 6240939 1 1005
7796 17610 6240949 1 1004
7796 17609 6240959 1 1005
7797 17609 6240969 1 1005
7797 17607 6240979 1 1004
7797 17606 6240989 1 1004
7798 17604 6240999 1 1003
7799 17604 6241009 1 1003
7800 17603 6241019 1 1003
7801 17603 6241029 1 1003
7801 17603 6241039 1 1003
7802 17604 6241049 1 1003
7803 17605 6241059 1 1003
7804 17606 6241069 1 1003
7805 17608 6241079 1 1002
7806 17610 6241089 1 1001
7806 17611 6241099 1 1001
7807 17612 6241109 1 1002
7807 17615 6241119 1 1002
7808 17617 6241129 1 1001
7809 17620 6241139 1 1001
7810 17622 6241149 1 1001
7811 17625 6241159 1 1000
7811 17626 6241169 1 1000
7811 17627 6241179 1 1000
7812 17628 6241189 1 1000
7813 17629 6241199 1 1000
7813 17631 6241209 1 999
7814 17631 6241219 1 999
7815 17632 6241229 1 999
7815 17632 6241239 1 999
7816 17632 6241249 1 998
7817 17633 6241259 1 998
7818 17632 6241269 1 998
7819 17632 6241279 1 998
7820 17632 6241289 1 998
7821 17631 6241299 1 998
7821 17631 6241309 1 997
7821 17631 6241319 1 997
7822 17631 6241329 1 997
7823 17632 6241339 1 996
7824 17632 6241349 1 997
7824 17633 6241359 1 996
7824 17634 6241369 1 996
7824 17634 6241379 1 996
7824 17635 6241389 1 996
7824 17635 6241399 1 995
7824 17636 6241409 1 995
7823 17637 6241419 1 994
7823 17638 6241429 1 995
7822 17639 6241439 1 995
7822 17640 6241449 1 994
7822 17640 6241459 1 994
7821 17641 6241469 1 994
7821 17643 6241479 1 993
7820 17644 6241489 1 993
7820 17645 6241499 1 992
7820 17647 6241509 1 992
7820 17648 6241519 1 992
7820 17649 6241529 1 993
7820 17651 6241539 1 993
7820 17653 6241549 1 992
7821 17655 6241559 1 992
7821 17657 6241569 1 992
7822 17658 6241579 1 991
7823 17659 6241589 1 991
7823 17660 6241599 1 990
7824 17662 6241609 1 991
7825 17663 6241619 1 991
7827 17663 6241629 1 990
7828 17663 6241639 1 990
7829 17663 6241649 1 990
7829 17662 6241659 1 990
7830 17662 6241669 1 989
7831 17660 6241679 1 989
7832 17658 6241689 1 988
7833 17656 6241699 1 989
7833 17653 6241709 1 988
7834 17650 6241719 1 988
7834 17649 6241729 1 988
7834 17647 6241739 1 988
7835 17644 6241749 1 988
7835 17640 6241759 1 987
7835 17636 6241769 1 987
7835 17632 6241779 1 986
7835 17629 6241789 1 987
7836 17627 6241799 1 987
7835 17626 6241809 1 987
7835 17623 6241819 1 986
7835 17620 6241829 1 986
7834 17618 6241839 1 985
7833 17616 6241849 1 985
7833 17614 6241859 1 984
7832 17613 6241869 1 984
7832 17613 6241879 1 984
7831 17612 6241889 1 984
7830 17613 6241899 1 984
7829 17613 6241909 1 984
7828 17615 6241919 1 984
7826 17616 6241929 1 983
7826 17617 6241939 1 982
7825 17619 6241949 1 982
7823 17621 6241959 1 982
7822 17624 6241969 1 982
7820 17627 6241979 1 982
7818 17630 6241989 1 981
7816 17633 6241999 1 982
7815 17635 6242009 1 982
7814 17637 6242019 1 982
7813 17640 6242029 1 981
7811 17644 6242039 1 981
7810 17646 6242049 1 980
7809 17648 6242059 1 980
7809 17650 6242069 1 979
7808 17651 6242079 1 979
7808 17652 6242089 1 979
7808 17654 6242099 1 979
7808 17655 6242109 1 978
7807 17657 6242119 1 979
7807 17659 6242129 1 978
7807 17660 6242139 1 978
7807 17661 6242149 1 978
7807 17662 6242159 1 978
7807 17664 6242169 1 977
7807 17665 6242179 1 977
7807 17666 6242189 1 977
7807 17667 6242199 1 976
7807 17667 6242209 1 976
7808 17667 6242219 1 975
7808 17667 6242229 1 976
7808 17667 6242239 1 976
7808 17666 6242249 1 975
7808 17665 6242259 1 975
7808 17663 6242269 1 974
7808 17662 6242279 1 974
7808 17661 6242289 1 973
7808 17660 6242299 1 973
7809 17658 6242309 1 973
7810 17658 6242319 1 972
7811 17657 6242329 1 972
7812 17656 6242339 1 971
7813 17656 6242349 1 972
7814 17656 6242359 1 972
7816 17655 6242369 1 971
7817 17655 6242379 1 971
7819 17654 6242389 1 971
7820 17654 6242399 1 970
7822 17653 6242409 1 970
7823 17652 6242419 1 969
7825 17652 6242429 1 969
7827 17651 6242439 1 969
7828 17650 6242449 1 968
7830 17648 6242459 1 968
7832 17647 6242469 1 969
7834 17645 6242479 1 968
7836 17643 6242489 1 967
7839 17642 6242499 1 967
7841 17640 6242509 1 967
7843 17637 6242519 1 966
7845 17635 6242529 1 920
7846 17633 6242539 1 861
7848 17630 6242549 1 802
7849 17627 6242559 1 741
7850 17623 6242569 1 680
7851 17620 6242579 1 618
7851 17617 6242589 1 557
7852 17613 6242599 1 497
7852 17610 6242609 1 438
7852 17607 6242619 1 383
7852 17604 6242629 1 329
7852 17602 6242639 1 231
7852 17600 6242649 1 188
7852 17597 6242659 1 173
7852 17595 6242669 1 174
7853 17593 6242679 1 175
7853 17591 6242689 1 175
7853 17589 6242699 1 176
7853 17587 6242709 1 178
7853 17585 6242719 1 179
7853 17583 6242729 1 180
7853 17582 6242739 1 181
7853 17580 6242749 1 182
7853 17579 6242759 1 181
7852 17578 6242769 1 182
7852 17578 6242779 1 238
7851 17577 6242789 1 386
7851 17577 6242799 1 478
7851 17576 6242809 1 582
7851 17576 6242819 1 698
7850 17576 6242829 1 828
7850 17576 6242839 1 956
7850 17576 6242849 1 956
7850 17576 6242859 1 955
7851 17577 6242869 1 955
7850 17577 6242879 1 954
7850 17577 6242889 1 954
7850 17577 6242899 1 954
7850 17577 6242909 1 953
7850 17577 6242919 1 953
7850 17577 6242929 1 952
7850 17576 6242939 1 952
7850 17576 6242949 1 951
7850 17576 6242959 1 952
7851 17575 6242969 1 952
7851 17575 6242979 1 951
7852 17575 6242989 1 951
7853 17575 6242999 1 950
7854 17574 6243009 1 950
7855 17574 6243019 1 949
7856 17573 6243029 1 949
7857 17572 6243039 1 949
7857 17570 6243049 1 948
7858 17569 6243059 1 948
7859 17568 6243069 1 947
7860 17567 6243079 1 947
7861 17566 6243089 1 947
7861 17566 6243099 1 946
7862 17566 6243109 1 946
7863 17566 6243119 1 945
7863 17566 6243129 1 945
7863 17566 6243139 1 944
7863 17567 6243149 1 944
