8078 17878 4836802 1 1020
8078 17878 4836812 1 813
8078 17878 4836822 1 656
8078 17878 4836832 1 536
8077 17878 4836842 1 439
8077 17878 4836852 1 362
8076 17878 4836862 1 326
8078 17878 4836872 1 300
8080 17879 4836882 1 279
8084 17881 4836892 1 255
8089 17882 4836902 1 223
8093 17880 4836912 1 201
8092 17875 4836922 1 193
8089 17866 4836932 1 188
8085 17856 4836942 1 182
8082 17848 4836952 1 180
8081 17844 4836962 1 180
8081 17842 4836972 1 179
8083 17839 4836982 1 179
8087 17837 4836992 1 178
8090 17835 4837002 1 178
8092 17834 4837012 1 177
8094 17831 4837022 1 177
8093 17828 4837032 1 176
8093 17826 4837042 1 176
8092 17825 4837052 1 176
8093 17823 4837062 1 175
8095 17822 4837072 1 175
8097 17822 4837082 1 174
8099 17821 4837092 1 173
8101 17821 4837102 1 173
8103 17820 4837112 1 172
8104 17820 4837122 1 172
8105 17819 4837132 1 172
8107 17818 4837142 1 171
8109 17817 4837152 1 171
8110 17815 4837162 1 170
8112 17814 4837172 1 170
8113 17813 4837182 1 169
8114 17812 4837192 1 178
8115 17811 4837202 1 182
8115 17811 4837212 1 191
8116 17810 4837222 1 219
8117 17809 4837232 1 259
8118 17808 4837242 1 278
8119 17807 4837252 1 297
8120 17807 4837262 1 312
8120 17806 4837272 1 334
8121 17806 4837282 1 350
8121 17806 4837292 1 370
8122 17805 4837302 1 404
8122 17804 4837312 1 438
8123 17804 4837322 1 454
8123 17803 4837332 1 469
8124 17803 4837342 1 500
8124 17804 4837352 1 528
8124 17804 4837362 1 545
8124 17804 4837372 1 556
8125 17806 4837382 1 566
8125 17807 4837392 1 569
8125 17809 4837402 1 582
8125 17812 4837412 1 606
8124 17815 4837422 1 630
8123 17819 4837432 1 641
8123 17821 4837442 1 643
8122 17823 4837452 1 651
8121 17827 4837462 1 672
8119 17831 4837472 1 691
8118 17836 4837482 1 709
8116 17841 4837492 1 717
8115 17846 4837502 1 725
8114 17850 4837512 1 740
8113 17853 4837522 1 745
8112 17855 4837532 1 747
8110 17859 4837542 1 753
8108 17863 4837552 1 758
8106 17866 4837562 1 765
8103 17868 4837572 1 775
8101 17870 4837582 1 785
8098 17872 4837592 1 792
8097 17872 4837602 1 795
8095 17872 4837612 1 796
8093 17873 4837622 1 798
8090 17873 4837632 1 802
8087 17872 4837642 1 806
8084 17871 4837652 1 807
8080 17869 4837662 1 808
8077 17867 4837672 1 808
8075 17866 4837682 1 809
8073 17864 4837692 1 808
8068 17859 4837702 1 807
8064 17854 4837712 1 805
8059 17849 4837722 1 803
8055 17842 4837732 1 801
8051 17835 4837742 1 794
8048 17827 4837752 1 788
8046 17822 4837762 1 783
8045 17818 4837772 1 779
8043 17809 4837782 1 775
8041 17800 4837792 1 770
8040 17792 4837802 1 758
8041 17784 4837812 1 752
8041 17776 4837822 1 745
8042 17769 4837832 1 739
8043 17766 4837842 1 737
8044 17763 4837852 1 731
8046 17758 4837862 1 715
8048 17753 4837872 1 698
8051 17749 4837882 1 679
8053 17746 4837892 1 670
8056 17744 4837902 1 659
8059 17743 4837912 1 637
8061 17743 4837922 1 626
8062 17743 4837932 1 614
8066 17744 4837942 1 590
8070 17745 4837952 1 580
8075 17748 4837962 1 576
8079 17750 4837972 1 563
8083 17753 4837982 1 535
8087 17756 4837992 1 506
8089 17758 4838002 1 495
8091 17759 4838012 1 491
8094 17761 4838022 1 475
8097 17764 4838032 1 443
8099 17766 4838042 1 409
8101 17767 4838052 1 375
8103 17769 4838062 1 358
8105 17770 4838072 1 338
8105 17771 4838082 1 318
8106 17771 4838092 1 300
8107 17772 4838102 1 280
8109 17772 4838112 1 259
8110 17773 4838122 1 242
8111 17773 4838132 1 218
8113 17774 4838142 1 176
8114 17774 4838152 1 131
8115 17774 4838162 1 118
8115 17775 4838172 1 123
8117 17775 4838182 1 122
8118 17776 4838192 1 121
8119 17777 4838202 1 121
8119 17778 4838212 1 120
8120 17780 4838222 1 120
8119 17782 4838232 1 119
8119 17783 4838242 1 119
8119 17784 4838252 1 119
8118 17786 4838262 1 118
8117 17789 4838272 1 118
8115 17791 4838282 1 117
8114 17794 4838292 1 117
8113 17797 4838302 1 116
8111 17801 4838312 1 115
8111 17802 4838322 1 115
8110 17804 4838332 1 115
8109 17807 4838342 1 114
8107 17810 4838352 1 114
8106 17813 4838362 1 113
8105 17816 4838372 1 113
8103 17818 4838382 1 112
8102 17819 4838392 1 112
8101 17820 4838402 1 111
8100 17821 4838412 1 111
8098 17821 4838422 1 111
8097 17821 4838432 1 110
8095 17821 4838442 1 109
8094 17821 4838452 1 109
8093 17821 4838462 1 108
8092 17820 4838472 1 108
8092 17820 4838482 1 108
8091 17820 4838492 1 107
8090 17820 4838502 1 107
8090 17821 4838512 1 106
8089 17821 4838522 1 106
8089 17822 4838532 1 105
8089 17823 4838542 1 105
8090 17825 4838552 1 104
8090 17826 4838562 1 104
8091 17827 4838572 1 104
8092 17830 4838582 1 103
8094 17833 4838592 1 102
8096 17836 4838602 1 102
8098 17840 4838612 1 101
8100 17844 4838622 1 101
8102 17847 4838632 1 100
8103 17849 4838642 1 100
8104 17851 4838652 1 100
8106 17854 4838662 1 99
8108 17857 4838672 1 99
8110 17859 4838682 1 98
8111 17861 4838692 1 98
8113 17863 4838702 1 97
8114 17865 4838712 1 96
8115 17865 4838722 1 96
8116 17866 4838732 1 96
8117 17867 4838742 1 95
8118 17868 4838752 1 95
8120 17868 4838762 1 94
8121 17868 4838772 1 94
8122 17867 4838782 1 93
8122 17866 4838792 1 93
8122 17865 4838802 1 93
8122 17864 4838812 1 93
8122 17861 4838822 1 92
8121 17858 4838832 1 117
8121 17855 4838842 1 257
8120 17851 4838852 1 398
8120 17847 4838862 1 467
8119 17843 4838872 1 535
8119 17841 4838882 1 591
8119 17839 4838892 1 665
8118 17835 4838902 1 782
8117 17832 4838912 1 884
8117 17828 4838922 1 942
8116 17825 4838932 1 969
8115 17822 4838942 1 986
8113 17819 4838952 1 986
8113 17818 4838962 1 985
8112 17817 4838972 1 986
8111 17814 4838982 1 987
8110 17811 4838992 1 987
8109 17809 4839002 1 987
8108 17807 4839012 1 987
8106 17806 4839022 1 987
8105 17804 4839032 1 988
8104 17803 4839042 1 988
8104 17803 4839052 1 988
8102 17801 4839062 1 988
8101 17800 4839072 1 988
8099 17798 4839082 1 988
8098 17797 4839092 1 989
8097 17795 4839102 1 989
8096 17794 4839112 1 989
8095 17794 4839122 1 990
8095 17793 4839132 1 989
8094 17793 4839142 1 990
8093 17792 4839152 1 994
8092 17792 4839162 1 990
8091 17792 4839172 1 966
8090 17792 4839182 1 924
8089 17792 4839192 1 882
8088 17792 4839202 1 868
8088 17792 4839212 1 863
8087 17792 4839222 1 842
8086 17792 4839232 1 804
8086 17792 4839242 1 785
8085 17792 4839252 1 769
8085 17792 4839262 1 755
8085 17792 4839272 1 737
8084 17792 4839282 1 723
8085 17792 4839292 1 707
8085 17792 4839302 1 681
8085 17792 4839312 1 657
8086 17792 4839322 1 645
8086 17792 4839332 1 635
8086 17792 4839342 1 617
8085 17792 4839352 1 601
8085 17792 4839362 1 592
8085 17792 4839372 1 587
8084 17791 4839382 1 582
8084 17791 4839392 1 581
8083 17790 4839402 1 576
8083 17790 4839412 1 567
8083 17789 4839422 1 559
8083 17788 4839432 1 556
8083 17788 4839442 1 556
8083 17788 4839452 1 555
8082 17787 4839462 1 551
8082 17787 4839472 1 550
8081 17787 4839482 1 550
8081 17787 4839492 1 550
8080 17787 4839502 1 551
8079 17787 4839512 1 555
8078 17787 4839522 1 556
8078 17787 4839532 1 556
8077 17787 4839542 1 559
8076 17788 4839552 1 562
8076 17788 4839562 1 565
8075 17788 4839572 1 571
8075 17788 4839582 1 581
8075 17789 4839592 1 590
8075 17789 4839602 1 593
8075 17789 4839612 1 594
8074 17789 4839622 1 600
8074 17788 4839632 1 611
8074 17788 4839642 1 622
8074 17788 4839652 1 635
8075 17788 4839662 1 639
8075 17787 4839672 1 641
8075 17787 4839682 1 642
8076 17787 4839692 1 647
8076 17788 4839702 1 660
8078 17788 4839712 1 674
8079 17788 4839722 1 681
8080 17788 4839732 1 687
8081 17789 4839742 1 701
8083 17789 4839752 1 715
8083 17789 4839762 1 723
8084 17789 4839772 1 729
8084 17789 4839782 1 736
8085 17789 4839792 1 743
8085 17789 4839802 1 756
8086 17789 4839812 1 763
8086 17789 4839822 1 770
8087 17789 4839832 1 775
8087 17789 4839842 1 777
8087 17789 4839852 1 782
8087 17789 4839862 1 794
8088 17789 4839872 1 806
8088 17789 4839882 1 816
8089 17789 4839892 1 822
8089 17789 4839902 1 826
8090 17789 4839912 1 835
8090 17789 4839922 1 839
8091 17789 4839932 1 843
8091 17789 4839942 1 849
8092 17789 4839952 1 853
8092 17789 4839962 1 853
8092 17789 4839972 1 855
8091 17789 4839982 1 860
8091 17789 4839992 1 863
8091 17789 4840002 1 864
8091 17789 4840012 1 865
8090 17789 4840022 1 866
8089 17789 4840032 1 867
8088 17789 4840042 1 869
8087 17789 4840052 1 869
8086 17790 4840062 1 869
8085 17790 4840072 1 869
8084 17791 4840082 1 869
8084 17791 4840092 1 869
8083 17791 4840102 1 868
8082 17792 4840112 1 868
8081 17792 4840122 1 868
8081 17792 4840132 1 868
8080 17792 4840142 1 867
8079 17792 4840152 1 866
8079 17792 4840162 1 865
8078 17792 4840172 1 865
8078 17792 4840182 1 865
8077 17791 4840192 1 865
8077 17791 4840202 1 865
8076 17791 4840212 1 866
8076 17790 4840222 1 866
8076 17790 4840232 1 866
8076 17790 4840242 1 866
8076 17790 4840252 1 866
8077 17790 4840262 1 867
8077 17789 4840272 1 868
8077 17789 4840282 1 869
8077 17789 4840292 1 870
8078 17788 4840302 1 870
8078 17788 4840312 1 873
8079 17788 4840322 1 873
8079 17788 4840332 1 874
8080 17788 4840342 1 875
8081 17789 4840352 1 875
8082 17789 4840362 1 876
8083 17790 4840372 1 877
8084 17790 4840382 1 878
8085 17790 4840392 1 878
8086 17790 4840402 1 878
8086 17790 4840412 1 879
8088 17790 4840422 1 880
8089 17789 4840432 1 881
8090 17789 4840442 1 882
8091 17788 4840452 1 883
8091 17788 4840462 1 883
8092 17787 4840472 1 884
8092 17786 4840482 1 885
8091 17786 4840492 1 885
8091 17785 4840502 1 885
8091 17784 4840512 1 887
8090 17783 4840522 1 887
8089 17782 4840532 1 887
8088 17781 4840542 1 888
8088 17780 4840552 1 888
8087 17780 4840562 1 888
8087 17779 4840572 1 889
8086 17779 4840582 1 890
8085 17778 4840592 1 890
8085 17778 4840602 1 891
8084 17778 4840612 1 892
8084 17779 4840622 1 893
8084 17779 4840632 1 894
8084 17779 4840642 1 894
8084 17780 4840652 1 894
8084 17780 4840662 1 894
8084 17781 4840672 1 895
8084 17782 4840682 1 896
8084 17783 4840692 1 896
8083 17784 4840702 1 897
8083 17785 4840712 1 898
8083 17786 4840722 1 898
8082 17786 4840732 1 898
8082 17787 4840742 1 899
8082 17789 4840752 1 900
8081 17790 4840762 1 901
8081 17791 4840772 1 901
8081 17792 4840782 1 901
8082 17793 4840792 1 902
8082 17794 4840802 1 903
8082 17794 4840812 1 903
8083 17795 4840822 1 903
8084 17796 4840832 1 903
8085 17797 4840842 1 903
8086 17797 4840852 1 903
8087 17798 4840862 1 903
8088 17798 4840872 1 904
8088 17798 4840882 1 904
8088 17797 4840892 1 905
8088 17797 4840902 1 906
8089 17795 4840912 1 906
8089 17794 4840922 1 906
8089 17792 4840932 1 907
8090 17789 4840942 1 908
8090 17786 4840952 1 908
8091 17784 4840962 1 908
8091 17782 4840972 1 909
8091 17779 4840982 1 909
8092 17775 4840992 1 909
8092 17771 4841002 1 911
8093 17767 4841012 1 912
8094 17763 4841022 1 913
8094 17760 4841032 1 914
8095 17759 4841042 1 914
8095 17758 4841052 1 915
8095 17756 4841062 1 915
8095 17754 4841072 1 916
8096 17754 4841082 1 918
8095 17754 4841092 1 918
8095 17754 4841102 1 918
8095 17755 4841112 1 918
8095 17756 4841122 1 919
8094 17757 4841132 1 919
8094 17758 4841142 1 921
8094 17759 4841152 1 921
8093 17761 4841162 1 922
8093 17762 4841172 1 923
8093 17763 4841182 1 924
8093 17763 4841192 1 925
8092 17763 4841202 1 926
8092 17763 4841212 1 926
8092 17764 4841222 1 927
8091 17763 4841232 1 928
8091 17763 4841242 1 928
8090 17762 4841252 1 929
8090 17761 4841262 1 929
8090 17760 4841272 1 930
8090 17759 4841282 1 931
8090 17759 4841292 1 931
8090 17757 4841302 1 932
8090 17756 4841312 1 933
8091 17754 4841322 1 934
8091 17753 4841332 1 935
8091 17752 4841342 1 935
8091 17751 4841352 1 936
8091 17750 4841362 1 937
8091 17750 4841372 1 938
8091 17749 4841382 1 938
8091 17749 4841392 1 938
8092 17749 4841402 1 938
8092 17749 4841412 1 939
8093 17749 4841422 1 940
8094 17749 4841432 1 940
8094 17749 4841442 1 940
8094 17749 4841452 1 940
8095 17750 4841462 1 942
8095 17750 4841472 1 943
8096 17750 4841482 1 944
8096 17750 4841492 1 944
8095 17750 4841502 1 944
8095 17750 4841512 1 945
8095 17750 4841522 1 945
8095 17750 4841532 1 945
8094 17750 4841542 1 946
8094 17751 4841552 1 946
8093 17751 4841562 1 946
8093 17751 4841572 1 947
8093 17752 4841582 1 948
8092 17752 4841592 1 948
8092 17753 4841602 1 947
8092 17753 4841612 1 948
8091 17753 4841622 1 948
8091 17754 4841632 1 949
8090 17755 4841642 1 950
8089 17755 4841652 1 951
8089 17756 4841662 1 951
8088 17756 4841672 1 951
8088 17757 4841682 1 951
8087 17757 4841692 1 952
8086 17757 4841702 1 952
8085 17757 4841712 1 953
8084 17756 4841722 1 954
8083 17756 4841732 1 955
8082 17755 4841742 1 955
8081 17755 4841752 1 957
8081 17754 4841762 1 958
8080 17754 4841772 1 958
8080 17753 4841782 1 958
8079 17753 4841792 1 959
8079 17752 4841802 1 961
8079 17751 4841812 1 962
8079 17750 4841822 1 962
8079 17750 4841832 1 963
8079 17749 4841842 1 964
8080 17749 4841852 1 965
8080 17748 4841862 1 966
8081 17747 4841872 1 969
8081 17746 4841882 1 971
8082 17745 4841892 1 973
8082 17745 4841902 1 974
8083 17745 4841912 1 976
8083 17745 4841922 1 978
8083 17745 4841932 1 979
8084 17746 4841942 1 981
8085 17747 4841952 1 983
8086 17749 4841962 1 983
8087 17751 4841972 1 984
8088 17753 4841982 1 986
8089 17755 4841992 1 989
8089 17756 4842002 1 989
8089 17757 4842012 1 990
8090 17759 4842022 1 991
8091 17761 4842032 1 993
8091 17762 4842042 1 996
8092 17763 4842052 1 997
8092 17764 4842062 1 996
8092 17764 4842072 1 996
8093 17765 4842082 1 996
8093 17765 4842092 1 996
8093 17765 4842102 1 996
8094 17764 4842112 1 995
8094 17763 4842122 1 995
8095 17762 4842132 1 995
8095 17761 4842142 1 995
8096 17760 4842152 1 994
8096 17759 4842162 1 994
8096 17759 4842172 1 994
8097 17758 4842182 1 994
8097 17756 4842192 1 994
8097 17755 4842202 1 993
8097 17754 4842212 1 993
8096 17753 4842222 1 993
8096 17753 4842232 1 993
8096 17752 4842242 1 993
8095 17752 4842252 1 993
8095 17752 4842262 1 992
8094 17752 4842272 1 992
8093 17752 4842282 1 989
8092 17752 4842292 1 987
8091 17752 4842302 1 985
8090 17753 4842312 1 980
8089 17754 4842322 1 978
8089 17755 4842332 1 975
8088 17756 4842342 1 970
8087 17758 4842352 1 968
8086 17759 4842362 1 964
8085 17760 4842372 1 958
8084 17762 4842382 1 955
8083 17763 4842392 1 952
8082 17764 4842402 1 951
8082 17764 4842412 1 949
8081 17765 4842422 1 945
8080 17765 4842432 1 940
8079 17766 4842442 1 933
8079 17766 4842452 1 928
8078 17766 4842462 1 925
8078 17765 4842472 1 922
8078 17765 4842482 1 920
8078 17765 4842492 1 917
8078 17764 4842502 1 911
8078 17763 4842512 1 907
8078 17762 4842522 1 905
8078 17762 4842532 1 904
8079 17761 4842542 1 902
8079 17760 4842552 1 898
8079 17760 4842562 1 896
8080 17759 4842572 1 895
8080 17759 4842582 1 894
8081 17758 4842592 1 892
8082 17758 4842602 1 890
8082 17758 4842612 1 889
8083 17758 4842622 1 889
8083 17758 4842632 1 889
8083 17758 4842642 1 889
8083 17759 4842652 1 890
8082 17759 4842662 1 891
8080 17760 4842672 1 892
8076 17761 4842682 1 894
8070 17763 4842692 1 895
8062 17764 4842702 1 898
8051 17764 4842712 1 903
8046 17764 4842722 1 905
8039 17764 4842732 1 909
8025 17763 4842742 1 916
8009 17762 4842752 1 920
7993 17758 4842762 1 925
7979 17751 4842772 1 936
7968 17740 4842782 1 947
7961 17725 4842792 1 960
7958 17718 4842802 1 965
7957 17709 4842812 1 965
7957 17690 4842822 1 967
7960 17670 4842832 1 975
7967 17651 4842842 1 980
7978 17635 4842852 1 980
7991 17624 4842862 1 979
8006 17617 4842872 1 979
8013 17615 4842882 1 979
8021 17616 4842892 1 979
8037 17621 4842902 1 979
8053 17631 4842912 1 979
8069 17646 4842922 1 978
8083 17667 4842932 1 978
8094 17693 4842942 1 978
8101 17722 4842952 1 978
8104 17737 4842962 1 978
8104 17753 4842972 1 978
8102 17785 4842982 1 977
8096 17815 4842992 1 977
8087 17841 4843002 1 977
8076 17863 4843012 1 977
8065 17881 4843022 1 976
8054 17894 4843032 1 976
8049 17900 4843042 1 976
8044 17901 4843052 1 976
8035 17902 4843062 1 976
8026 17896 4843072 1 975
8020 17883 4843082 1 975
8017 17866 4843092 1 975
8018 17846 4843102 1 975
8023 17825 4843112 1 974
8027 17814 4843122 1 974
8032 17804 4843132 1 974
8042 17787 4843142 1 974
8055 17772 4843152 1 974
8067 17760 4843162 1 973
8079 17752 4843172 1 973
8087 17749 4843182 1 973
8092 17750 4843192 1 973
8093 17750 4843202 1 973
8094 17749 4843212 1 973
8095 17747 4843222 1 972
8098 17746 4843232 1 972
8101 17745 4843242 1 972
8103 17745 4843252 1 972
8105 17745 4843262 1 971
8107 17745 4843272 1 971
8107 17745 4843282 1 971
8108 17745 4843292 1 971
8110 17745 4843302 1 971
8111 17745 4843312 1 970
8112 17745 4843322 1 970
8114 17744 4843332 1 970
8115 17744 4843342 1 970
8116 17743 4843352 1 969
8117 17743 4843362 1 969
8117 17743 4843372 1 969
8118 17742 4843382 1 969
8119 17742 4843392 1 969
8121 17742 4843402 1 968
8122 17743 4843412 1 968
8123 17743 4843422 1 968
8124 17743 4843432 1 968
8124 17744 4843442 1 968
8124 17744 4843452 1 968
8125 17744 4843462 1 967
8126 17744 4843472 1 967
8126 17745 4843482 1 967
8127 17745 4843492 1 967
8127 17745 4843502 1 966
8128 17746 4843512 1 966
8128 17746 4843522 1 966
8128 17747 4843532 1 966
8128 17747 4843542 1 966
8128 17748 4843552 1 965
8128 17749 4843562 1 965
8127 17751 4843572 1 965
8127 17752 4843582 1 965
8127 17753 4843592 1 964
8126 17754 4843602 1 964
8126 17754 4843612 1 964
8126 17755 4843622 1 964
8125 17755 4843632 1 964
8125 17755 4843642 1 963
8125 17754 4843652 1 963
8125 17754 4843662 1 963
8124 17753 4843672 1 963
8124 17752 4843682 1 963
8124 17752 4843692 1 962
8125 17751 4843702 1 962
8125 17749 4843712 1 962
8125 17748 4843722 1 962
8125 17746 4843732 1 962
8125 17745 4843742 1 961
8125 17743 4843752 1 961
8125 17742 4843762 1 961
8124 17741 4843772 1 961
8124 17740 4843782 1 961
8124 17738 4843792 1 960
8123 17737 4843802 1 960
8123 17736 4843812 1 960
8122 17735 4843822 1 960
8121 17734 4843832 1 959
8121 17734 4843842 1 959
8121 17734 4843852 1 959
8120 17734 4843862 1 959
8119 17734 4843872 1 959
8118 17735 4843882 1 958
8118 17735 4843892 1 958
8117 17735 4843902 1 958
8116 17736 4843912 1 958
8116 17736 4843922 1 971
8115 17736 4843932 1 957
8115 17737 4843942 1 881
8115 17737 4843952 1 770
8115 17738 4843962 1 659
8115 17738 4843972 1 549
8115 17738 4843982 1 440
8115 17738 4843992 1 337
8115 17738 4844002 1 290
8115 17738 4844012 1 240
8115 17737 4844022 1 154
8115 17737 4844032 1 154
8116 17737 4844042 1 155
8116 17737 4844052 1 156
8117 17737 4844062 1 156
8117 17737 4844072 1 157
8118 17737 4844082 1 157
8118 17738 4844092 1 157
8119 17738 4844102 1 158
8120 17739 4844112 1 158
8121 17740 4844122 1 159
8123 17741 4844132 1 159
8124 17741 4844142 1 160
8126 17742 4844152 1 160
8127 17742 4844162 1 161
8129 17742 4844172 1 222
8130 17742 4844182 1 351
8131 17741 4844192 1 487
8132 17741 4844202 1 624
8133 17740 4844212 1 757
8134 17739 4844222 1 879
8134 17738 4844232 1 951
8134 17737 4844242 1 951
8134 17736 4844252 1 950
8134 17735 4844262 1 950
8133 17734 4844272 1 950
8132 17733 4844282 1 950
8131 17733 4844292 1 949
8129 17733 4844302 1 949
8128 17732 4844312 1 949
8127 17732 4844322 1 868
8127 17732 4844332 1 762
8126 17732 4844342 1 649
8126 17732 4844352 1 531
8125 17733 4844362 1 413
8125 17734 4844372 1 298
8125 17734 4844382 1 190
8126 17735 4844392 1 173
8126 17735 4844402 1 174
8126 17736 4844412 1 175
8127 17736 4844422 1 175
8127 17735 4844432 1 176
8127 17735 4844442 1 176
8127 17735 4844452 1 177
8127 17734 4844462 1 177
8127 17735 4844472 1 178
8127 17735 4844482 1 330
8127 17735 4844492 1 548
8127 17735 4844502 1 819
8128 17736 4844512 1 944
8128 17736 4844522 1 944
8128 17736 4844532 1 944
8129 17736 4844542 1 943
8129 17737 4844552 1 943
8129 17737 4844562 1 943
8129 17737 4844572 1 943
8130 17737 4844582 1 942
8130 17738 4844592 1 942
8130 17738 4844602 1 942
8130 17738 4844612 1 942
8131 17738 4844622 1 942
8132 17739 4844632 1 941
