8084 17837 6853121 1 670
8084 17837 6853131 1 582
8084 17838 6853141 1 510
8084 17838 6853151 1 452
8084 17838 6853161 1 425
8087 17839 6853171 1 406
8094 17842 6853181 1 372
8101 17843 6853191 1 347
8106 17842 6853201 1 331
8107 17838 6853211 1 324
8105 17831 6853221 1 320
8102 17822 6853231 1 315
8101 17815 6853241 1 313
8101 17809 6853251 1 312
8104 17806 6853261 1 311
8108 17804 6853271 1 310
8111 17802 6853281 1 309
8114 17800 6853291 1 308
8115 17797 6853301 1 307
8113 17791 6853311 1 305
8112 17788 6853321 1 304
8113 17786 6853331 1 303
8114 17785 6853341 1 302
8115 17784 6853351 1 301
8115 17782 6853361 1 300
8116 17782 6853371 1 299
8116 17781 6853381 1 298
8116 17781 6853391 1 297
8117 17780 6853401 1 296
8117 17780 6853411 1 296
8117 17780 6853421 1 295
8117 17780 6853431 1 294
8117 17780 6853441 1 300
8116 17780 6853451 1 310
8116 17781 6853461 1 330
8115 17782 6853471 1 361
8115 17783 6853481 1 376
8114 17784 6853491 1 390
8113 17788 6853501 1 418
8113 17790 6853511 1 446
8113 17792 6853521 1 472
8113 17794 6853531 1 498
8113 17795 6853541 1 510
8113 17797 6853551 1 522
8113 17798 6853561 1 545
8113 17799 6853571 1 568
8114 17800 6853581 1 589
8115 17800 6853591 1 597
8116 17800 6853601 1 600
8117 17800 6853611 1 609
8118 17800 6853621 1 628
8119 17800 6853631 1 647
8120 17801 6853641 1 655
8120 17801 6853651 1 664
8120 17801 6853661 1 680
8120 17802 6853671 1 695
8120 17803 6853681 1 709
8118 17806 6853691 1 722
8116 17808 6853701 1 734
8114 17811 6853711 1 739
8112 17813 6853721 1 744
8109 17815 6853731 1 749
8106 17817 6853741 1 754
8103 17819 6853751 1 762
8100 17821 6853761 1 770
8097 17822 6853771 1 776
8093 17823 6853781 1 779
8090 17823 6853791 1 781
8087 17823 6853801 1 785
8084 17823 6853811 1 787
8080 17822 6853821 1 789
8077 17821 6853831 1 789
8074 17819 6853841 1 790
8071 17816 6853851 1 790
8068 17812 6853861 1 789
8065 17808 6853871 1 787
8061 17798 6853881 1 784
8060 17792 6853891 1 779
8059 17786 6853901 1 774
8058 17779 6853911 1 767
8058 17772 6853921 1 764
8058 17766 6853931 1 759
8059 17759 6853941 1 749
8059 17753 6853951 1 745
8060 17748 6853961 1 739
8061 17744 6853971 1 734
8062 17740 6853981 1 727
8063 17737 6853991 1 715
8065 17734 6854001 1 700
8066 17732 6854011 1 685
8067 17731 6854021 1 677
8068 17730 6854031 1 668
8070 17730 6854041 1 650
8072 17731 6854051 1 631
8074 17732 6854061 1 610
8079 17735 6854071 1 599
8082 17738 6854081 1 588
8086 17740 6854091 1 565
8089 17743 6854101 1 540
8092 17746 6854111 1 527
8095 17749 6854121 1 514
8098 17752 6854131 1 487
8101 17754 6854141 1 458
8103 17755 6854151 1 429
8106 17757 6854161 1 415
8108 17758 6854171 1 398
8111 17758 6854181 1 365
8113 17759 6854191 1 349
8115 17759 6854201 1 331
8116 17759 6854211 1 316
8118 17759 6854221 1 295
8119 17759 6854231 1 259
8120 17759 6854241 1 221
8121 17758 6854251 1 213
8123 17758 6854261 1 211
8123 17758 6854271 1 210
8122 17758 6854281 1 209
8121 17759 6854291 1 208
8120 17760 6854301 1 207
8118 17762 6854311 1 206
8117 17764 6854321 1 205
8114 17766 6854331 1 204
8112 17768 6854341 1 203
8110 17770 6854351 1 203
8108 17772 6854361 1 202
8105 17773 6854371 1 201
8103 17775 6854381 1 200
8101 17777 6854391 1 199
8100 17779 6854401 1 198
8098 17780 6854411 1 197
8097 17781 6854421 1 196
8096 17782 6854431 1 195
8095 17783 6854441 1 194
8094 17784 6854451 1 192
8092 17784 6854461 1 191
8091 17784 6854471 1 190
8090 17784 6854481 1 189
8089 17784 6854491 1 188
8088 17784 6854501 1 188
8088 17785 6854511 1 187
8088 17785 6854521 1 186
8088 17786 6854531 1 185
8088 17787 6854541 1 184
8089 17788 6854551 1 183
8090 17790 6854561 1 182
8092 17792 6854571 1 181
8094 17795 6854581 1 180
8096 17798 6854591 1 179
8099 17802 6854601 1 178
8102 17805 6854611 1 177
8105 17809 6854621 1 176
8108 17813 6854631 1 175
8113 17819 6854641 1 173
8116 17823 6854651 1 172
8118 17826 6854661 1 172
8120 17828 6854671 1 171
8121 17831 6854681 1 170
8122 17833 6854691 1 169
8123 17834 6854701 1 168
8124 17835 6854711 1 167
8124 17835 6854721 1 166
8124 17835 6854731 1 165
8124 17834 6854741 1 164
8124 17833 6854751 1 163
8124 17832 6854761 1 162
8124 17831 6854771 1 161
8124 17830 6854781 1 161
8124 17828 6854791 1 159
8123 17827 6854801 1 182
8123 17825 6854811 1 306
8122 17823 6854821 1 432
8121 17819 6854831 1 553
8121 17816 6854841 1 670
8120 17814 6854851 1 775
8120 17810 6854861 1 866
8119 17807 6854871 1 918
8118 17804 6854881 1 942
8118 17800 6854891 1 958
8117 17797 6854901 1 958
8116 17794 6854911 1 959
8115 17791 6854921 1 959
8115 17788 6854931 1 959
8114 17786 6854941 1 960
8113 17783 6854951 1 960
8113 17781 6854961 1 961
8112 17779 6854971 1 961
8111 17777 6854981 1 961
8111 17776 6854991 1 962
8110 17774 6855001 1 962
8109 17773 6855011 1 963
8108 17771 6855021 1 964
8107 17770 6855031 1 964
8106 17768 6855041 1 964
8105 17767 6855051 1 965
8104 17766 6855061 1 969
8102 17765 6855071 1 966
8101 17764 6855081 1 944
8100 17764 6855091 1 906
8099 17763 6855101 1 868
8098 17762 6855111 1 850
8096 17762 6855121 1 831
8095 17761 6855131 1 796
8094 17761 6855141 1 779
8093 17761 6855151 1 764
8092 17761 6855161 1 752
8091 17761 6855171 1 735
8090 17762 6855181 1 707
8089 17763 6855191 1 683
8089 17763 6855201 1 661
8089 17765 6855211 1 641
8089 17766 6855221 1 624
8089 17767 6855231 1 609
8089 17768 6855241 1 596
8090 17769 6855251 1 592
8090 17770 6855261 1 590
8091 17771 6855271 1 586
8092 17772 6855281 1 577
8092 17773 6855291 1 570
8093 17773 6855301 1 567
8094 17774 6855311 1 566
8094 17775 6855321 1 562
8095 17775 6855331 1 561
8096 17776 6855341 1 561
8096 17776 6855351 1 560
8097 17777 6855361 1 562
8097 17777 6855371 1 565
8097 17777 6855381 1 567
8098 17776 6855391 1 569
8098 17775 6855401 1 574
8098 17774 6855411 1 580
8098 17773 6855421 1 589
8098 17772 6855431 1 597
8098 17771 6855441 1 601
8098 17770 6855451 1 606
8097 17770 6855461 1 617
8097 17770 6855471 1 627
8096 17770 6855481 1 639
8096 17771 6855491 1 644
8095 17772 6855501 1 645
8094 17772 6855511 1 651
8094 17772 6855521 1 663
8093 17773 6855531 1 676
8092 17773 6855541 1 682
8092 17772 6855551 1 689
8091 17771 6855561 1 702
8090 17771 6855571 1 715
8090 17770 6855581 1 728
8090 17768 6855591 1 742
8090 17767 6855601 1 754
8091 17766 6855611 1 760
8091 17766 6855621 1 767
8092 17765 6855631 1 772
8092 17765 6855641 1 778
8092 17765 6855651 1 790
8093 17765 6855661 1 801
8093 17765 6855671 1 811
8094 17766 6855681 1 817
8094 17766 6855691 1 821
8094 17767 6855701 1 830
8094 17768 6855711 1 837
8094 17769 6855721 1 844
8094 17770 6855731 1 847
8094 17770 6855741 1 848
8094 17770 6855751 1 850
8094 17770 6855761 1 854
8094 17770 6855771 1 857
8094 17770 6855781 1 860
8094 17770 6855791 1 862
8094 17770 6855801 1 863
8094 17770 6855811 1 863
8094 17770 6855821 1 863
8094 17770 6855831 1 863
8093 17771 6855841 1 864
8093 17771 6855851 1 863
8093 17771 6855861 1 863
8093 17772 6855871 1 863
8093 17772 6855881 1 863
8093 17772 6855891 1 862
8092 17773 6855901 1 861
8092 17773 6855911 1 860
8092 17772 6855921 1 861
8092 17772 6855931 1 861
8092 17772 6855941 1 860
8091 17771 6855951 1 861
8091 17771 6855961 1 862
8091 17771 6855971 1 862
8091 17771 6855981 1 863
8091 17770 6855991 1 864
8091 17770 6856001 1 865
8091 17770 6856011 1 866
8091 17770 6856021 1 867
8091 17770 6856031 1 869
8092 17770 6856041 1 870
8093 17770 6856051 1 871
8093 17770 6856061 1 872
8094 17770 6856071 1 873
8094 17770 6856081 1 874
8095 17770 6856091 1 875
8095 17770 6856101 1 875
8095 17771 6856111 1 876
8095 17771 6856121 1 877
8095 17770 6856131 1 878
8095 17770 6856141 1 879
8094 17770 6856151 1 880
8093 17769 6856161 1 882
8092 17768 6856171 1 883
8091 17768 6856181 1 883
8090 17767 6856191 1 884
8089 17766 6856201 1 885
8088 17766 6856211 1 885
8087 17765 6856221 1 886
8086 17765 6856231 1 886
8086 17765 6856241 1 887
8085 17765 6856251 1 888
8085 17765 6856261 1 889
8085 17765 6856271 1 889
8085 17765 6856281 1 890
8086 17765 6856291 1 892
8086 17764 6856301 1 893
8086 17764 6856311 1 893
8087 17764 6856321 1 893
8087 17763 6856331 1 895
8087 17763 6856341 1 895
8087 17763 6856351 1 896
8087 17762 6856361 1 898
8088 17762 6856371 1 898
8088 17762 6856381 1 899
8088 17761 6856391 1 900
8089 17761 6856401 1 901
8090 17761 6856411 1 901
8091 17761 6856421 1 901
8092 17762 6856431 1 902
8093 17763 6856441 1 902
8094 17763 6856451 1 902
8094 17764 6856461 1 902
8095 17764 6856471 1 903
8096 17765 6856481 1 902
8096 17765 6856491 1 902
8097 17766 6856501 1 903
8097 17766 6856511 1 904
8097 17766 6856521 1 904
8097 17766 6856531 1 904
8097 17764 6856541 1 906
8097 17762 6856551 1 906
8097 17759 6856561 1 906
8096 17757 6856571 1 907
8096 17754 6856581 1 907
8096 17751 6856591 1 907
8097 17749 6856601 1 909
8097 17746 6856611 1 910
8097 17743 6856621 1 910
8097 17740 6856631 1 911
8097 17738 6856641 1 912
8097 17736 6856651 1 912
8097 17734 6856661 1 913
8097 17733 6856671 1 915
8097 17732 6856681 1 915
8097 17731 6856691 1 914
8097 17730 6856701 1 915
8097 17730 6856711 1 915
8097 17730 6856721 1 917
8096 17731 6856731 1 917
8096 17731 6856741 1 919
8095 17731 6856751 1 920
8095 17732 6856761 1 920
8094 17731 6856771 1 921
8094 17731 6856781 1 922
8094 17731 6856791 1 922
8093 17730 6856801 1 923
8093 17730 6856811 1 924
8093 17729 6856821 1 924
8093 17728 6856831 1 924
8094 17728 6856841 1 926
8094 17727 6856851 1 926
8095 17727 6856861 1 927
8095 17727 6856871 1 927
8096 17727 6856881 1 928
8096 17727 6856891 1 929
8097 17727 6856901 1 929
8097 17727 6856911 1 931
8098 17728 6856921 1 930
8098 17728 6856931 1 931
8098 17728 6856941 1 932
8099 17729 6856951 1 932
8099 17730 6856961 1 932
8099 17731 6856971 1 932
8099 17731 6856981 1 934
8099 17732 6856991 1 935
8099 17734 6857001 1 935
8099 17735 6857011 1 935
8099 17736 6857021 1 935
8099 17737 6857031 1 936
8100 17738 6857041 1 936
8101 17738 6857051 1 936
8101 17738 6857061 1 936
8102 17739 6857071 1 936
8103 17739 6857081 1 937
8104 17739 6857091 1 938
8104 17739 6857101 1 937
8105 17739 6857111 1 938
8105 17739 6857121 1 938
8106 17740 6857131 1 939
8106 17740 6857141 1 940
8105 17741 6857151 1 940
8105 17741 6857161 1 939
8105 17742 6857171 1 940
8105 17742 6857181 1 941
8104 17742 6857191 1 941
8104 17742 6857201 1 942
8103 17742 6857211 1 942
8103 17741 6857221 1 943
8102 17741 6857231 1 944
8101 17740 6857241 1 945
8100 17739 6857251 1 945
8099 17739 6857261 1 946
8098 17738 6857271 1 947
8097 17737 6857281 1 948
8097 17737 6857291 1 948
8095 17737 6857301 1 950
8095 17737 6857311 1 952
8094 17738 6857321 1 954
8094 17739 6857331 1 956
8093 17740 6857341 1 957
8093 17741 6857351 1 958
8092 17743 6857361 1 960
8092 17744 6857371 1 962
8092 17745 6857381 1 965
8093 17746 6857391 1 965
8093 17747 6857401 1 965
8094 17747 6857411 1 966
8095 17747 6857421 1 968
8095 17746 6857431 1 970
8096 17746 6857441 1 971
8097 17745 6857451 1 972
8097 17744 6857461 1 974
8097 17743 6857471 1 976
8097 17742 6857481 1 977
8097 17739 6857491 1 976
8097 17738 6857501 1 976
8097 17737 6857511 1 975
8097 17736 6857521 1 975
8097 17735 6857531 1 974
8098 17734 6857541 1 974
8098 17733 6857551 1 973
8099 17733 6857561 1 973
8099 17732 6857571 1 973
8099 17732 6857581 1 972
8100 17732 6857591 1 972
8100 17732 6857601 1 971
8100 17732 6857611 1 971
8099 17733 6857621 1 971
8099 17733 6857631 1 970
8099 17734 6857641 1 970
8099 17735 6857651 1 969
8098 17736 6857661 1 969
8097 17737 6857671 1 966
8096 17738 6857681 1 962
8095 17739 6857691 1 957
8094 17739 6857701 1 952
8093 17739 6857711 1 948
8093 17739 6857721 1 945
8092 17738 6857731 1 942
8092 17738 6857741 1 936
8092 17737 6857751 1 933
8092 17736 6857761 1 930
8093 17736 6857771 1 928
8093 17735 6857781 1 924
8094 17734 6857791 1 919
8095 17734 6857801 1 913
8096 17733 6857811 1 908
8097 17732 6857821 1 905
8097 17731 6857831 1 902
8098 17730 6857841 1 897
8099 17729 6857851 1 892
8099 17728 6857861 1 888
8099 17725 6857871 1 885
8099 17724 6857881 1 883
8099 17723 6857891 1 879
8099 17722 6857901 1 877
8098 17721 6857911 1 875
8098 17721 6857921 1 874
8098 17721 6857931 1 872
8098 17721 6857941 1 871
8098 17721 6857951 1 871
8097 17722 6857961 1 870
8097 17723 6857971 1 871
8095 17724 6857981 1 872
8093 17726 6857991 1 873
8089 17729 6858001 1 874
8082 17731 6858011 1 875
8074 17734 6858021 1 877
8063 17735 6858031 1 882
8050 17737 6858041 1 887
8036 17738 6858051 1 893
8007 17737 6858061 1 900
7994 17732 6858071 1 910
7984 17723 6858081 1 920
7977 17711 6858091 1 932
7974 17697 6858101 1 935
7974 17681 6858111 1 937
7978 17664 6858121 1 944
7986 17648 6858131 1 948
7997 17634 6858141 1 948
8010 17624 6858151 1 947
8024 17619 6858161 1 947
8040 17618 6858171 1 947
8055 17623 6858181 1 946
8070 17631 6858191 1 946
8085 17644 6858201 1 945
8097 17662 6858211 1 945
8108 17683 6858221 1 945
8114 17708 6858231 1 944
8117 17734 6858241 1 944
8108 17784 6858251 1 943
8099 17806 6858261 1 942
8087 17824 6858271 1 942
8075 17838 6858281 1 942
8064 17849 6858291 1 941
8053 17854 6858301 1 941
8044 17854 6858311 1 940
8035 17848 6858321 1 940
8028 17836 6858331 1 940
8025 17821 6858341 1 939
8025 17803 6858351 1 939
8030 17784 6858361 1 938
8038 17767 6858371 1 938
8048 17751 6858381 1 938
8061 17739 6858391 1 937
8073 17729 6858401 1 937
8085 17723 6858411 1 936
8094 17721 6858421 1 936
8100 17723 6858431 1 935
8104 17722 6858441 1 935
8108 17721 6858451 1 934
8111 17720 6858461 1 934
8114 17720 6858471 1 933
8116 17720 6858481 1 933
8118 17720 6858491 1 933
8120 17720 6858501 1 932
8121 17721 6858511 1 932
8122 17722 6858521 1 931
8123 17723 6858531 1 931
8124 17724 6858541 1 930
8124 17725 6858551 1 930
8125 17727 6858561 1 930
8126 17728 6858571 1 929
8127 17729 6858581 1 929
8128 17731 6858591 1 928
8129 17732 6858601 1 928
8130 17732 6858611 1 928
8131 17733 6858621 1 927
8132 17733 6858631 1 926
8132 17732 6858641 1 926
8132 17732 6858651 1 926
8132 17731 6858661 1 925
8132 17730 6858671 1 925
8132 17729 6858681 1 924
8132 17728 6858691 1 924
8131 17727 6858701 1 923
8131 17726 6858711 1 923
8130 17726 6858721 1 923
8129 17725 6858731 1 922
8128 17724 6858741 1 922
8128 17722 6858751 1 921
8127 17721 6858761 1 921
8127 17720 6858771 1 921
8126 17718 6858781 1 920
8126 17717 6858791 1 920
8126 17716 6858801 1 919
8126 17715 6858811 1 919
8127 17713 6858821 1 918
8128 17713 6858831 1 918
8128 17713 6858841 1 917
8128 17713 6858851 1 917
8129 17713 6858861 1 916
8129 17713 6858871 1 916
8129 17714 6858881 1 916
8129 17716 6858891 1 915
8129 17717 6858901 1 915
8129 17719 6858911 1 914
8128 17721 6858921 1 914
8128 17723 6858931 1 914
8128 17724 6858941 1 913
8127 17726 6858951 1 913
8127 17727 6858961 1 912
8127 17729 6858971 1 912
8127 17730 6858981 1 911
8126 17731 6858991 1 911
8126 17733 6859001 1 911
8125 17734 6859011 1 910
8124 17735 6859021 1 909
8123 17735 6859031 1 909
8122 17735 6859041 1 847
8121 17734 6859051 1 759
8120 17734 6859061 1 669
8120 17733 6859071 1 581
8120 17732 6859081 1 495
8120 17731 6859091 1 413
8120 17730 6859101 1 335
8120 17729 6859111 1 267
8120 17728 6859121 1 268
8120 17727 6859131 1 269
8120 17726 6859141 1 270
8120 17725 6859151 1 271
8120 17725 6859161 1 272
8120 17724 6859171 1 273
8120 17723 6859181 1 274
8120 17723 6859191 1 275
8119 17723 6859201 1 277
8120 17724 6859211 1 278
8120 17725 6859221 1 279
8120 17725 6859231 1 280
8120 17726 6859241 1 328
8120 17726 6859251 1 429
8120 17726 6859261 1 536
8121 17727 6859271 1 643
8121 17727 6859281 1 747
8121 17727 6859291 1 842
8122 17727 6859301 1 897
8122 17727 6859311 1 897
8122 17727 6859321 1 897
8123 17727 6859331 1 896
8123 17727 6859341 1 896
8124 17727 6859351 1 895
8124 17727 6859361 1 895
8124 17727 6859371 1 895
8124 17727 6859381 1 894
8125 17727 6859391 1 750
8125 17727 6859401 1 663
8125 17727 6859411 1 573
8125 17727 6859421 1 483
8124 17726 6859431 1 395
8124 17725 6859441 1 314
8124 17724 6859451 1 301
8124 17722 6859461 1 302
8124 17721 6859471 1 303
8124 17720 6859481 1 304
8124 17719 6859491 1 305
8124 17718 6859501 1 306
8124 17718 6859511 1 307
8124 17718 6859521 1 308
8124 17719 6859531 1 309
8124 17720 6859541 1 424
8123 17720 6859551 1 589
8124 17721 6859561 1 792
8124 17722 6859571 1 886
8124 17723 6859581 1 885
8124 17724 6859591 1 885
8124 17724 6859601 1 884
8124 17724 6859611 1 884
8124 17725 6859621 1 883
8124 17725 6859631 1 883
8124 17725 6859641 1 883
8124 17726 6859651 1 882
8124 17726 6859661 1 882
8123 17727 6859671 1 881
8123 17728 6859681 1 881
