7834 18235 7818878 1 670
7834 18235 7818888 1 661
7834 18235 7818898 1 662
7834 18235 7818908 1 666
7834 18235 7818918 1 669
7834 18235 7818928 1 674
7834 18235 7818938 1 679
7834 18235 7818948 1 685
7834 18235 7818958 1 688
7833 18235 7818968 1 692
7833 18235 7818978 1 700
7833 18234 7818988 1 707
7832 18234 7818998 1 715
7832 18233 7819008 1 724
7832 18233 7819018 1 734
7832 18233 7819028 1 753
7832 18233 7819038 1 764
7832 18233 7819048 1 771
7833 18233 7819058 1 781
7833 18233 7819068 1 791
7834 18233 7819078 1 800
7835 18232 7819088 1 809
7835 18232 7819098 1 817
7835 18232 7819108 1 825
7836 18232 7819118 1 829
7836 18232 7819128 1 832
7836 18231 7819138 1 839
7836 18231 7819148 1 846
7836 18231 7819158 1 856
7836 18230 7819168 1 860
7836 18229 7819178 1 862
7837 18229 7819188 1 864
7837 18228 7819198 1 864
7837 18228 7819208 1 864
7837 18228 7819218 1 863
7836 18227 7819228 1 861
7836 18226 7819238 1 858
7835 18226 7819248 1 852
7835 18225 7819258 1 846
7834 18224 7819268 1 837
7833 18223 7819278 1 827
7833 18223 7819288 1 815
7832 18221 7819298 1 802
7832 18220 7819308 1 786
7831 18219 7819318 1 749
7830 18219 7819328 1 726
7830 18218 7819338 1 702
7830 18218 7819348 1 676
7831 18218 7819358 1 662
7831 18217 7819368 1 647
7832 18217 7819378 1 618
7833 18217 7819388 1 587
7834 18217 7819398 1 556
7836 18217 7819408 1 490
7838 18217 7819418 1 457
7839 18216 7819428 1 424
7840 18216 7819438 1 407
7840 18216 7819448 1 393
7841 18215 7819458 1 361
7842 18214 7819468 1 330
7843 18213 7819478 1 301
7843 18212 7819488 1 272
7843 18211 7819498 1 247
7843 18211 7819508 1 223
7843 18210 7819518 1 216
7843 18210 7819528 1 202
7844 18209 7819538 1 167
7844 18209 7819548 1 154
7844 18209 7819558 1 142
7845 18209 7819568 1 142
7845 18210 7819578 1 141
7845 18210 7819588 1 141
7846 18211 7819598 1 141
7846 18211 7819608 1 140
7846 18212 7819618 1 140
7846 18213 7819628 1 140
7847 18214 7819638 1 139
7847 18215 7819648 1 139
7846 18217 7819658 1 138
7846 18218 7819668 1 138
7846 18219 7819678 1 139
7845 18220 7819688 1 145
7845 18221 7819698 1 160
7843 18222 7819708 1 182
7842 18223 7819718 1 212
7840 18223 7819728 1 247
7838 18223 7819738 1 288
7835 18223 7819748 1 332
7834 18223 7819758 1 359
7833 18223 7819768 1 380
7830 18222 7819778 1 430
7828 18221 7819788 1 537
7825 18220 7819798 1 590
7823 18219 7819808 1 642
7821 18218 7819818 1 693
7819 18217 7819828 1 742
7818 18217 7819838 1 768
7817 18216 7819848 1 787
7815 18215 7819858 1 827
7812 18215 7819868 1 894
7810 18214 7819878 1 917
7808 18214 7819888 1 934
7806 18213 7819898 1 942
7804 18213 7819908 1 955
7803 18213 7819918 1 960
7803 18213 7819928 1 960
7802 18213 7819938 1 963
7801 18213 7819948 1 964
7801 18213 7819958 1 964
7800 18213 7819968 1 963
7800 18213 7819978 1 961
7801 18213 7819988 1 958
7801 18213 7819998 1 957
7801 18213 7820008 1 954
7802 18213 7820018 1 949
7803 18214 7820028 1 944
7805 18214 7820038 1 929
7806 18215 7820048 1 921
7808 18216 7820058 1 913
7809 18217 7820068 1 904
7810 18217 7820078 1 900
7811 18217 7820088 1 895
7814 18218 7820098 1 885
7816 18219 7820108 1 876
7819 18220 7820118 1 866
7822 18221 7820128 1 857
7825 18223 7820138 1 837
7829 18224 7820148 1 828
7831 18225 7820158 1 820
7833 18225 7820168 1 810
7838 18227 7820178 1 803
7842 18229 7820188 1 795
7846 18231 7820198 1 788
7851 18233 7820208 1 781
7855 18235 7820218 1 776
7859 18237 7820228 1 770
7861 18239 7820238 1 768
7863 18240 7820248 1 766
7867 18242 7820258 1 762
7872 18244 7820268 1 758
7876 18246 7820278 1 755
7880 18248 7820288 1 750
7884 18250 7820298 1 749
7888 18252 7820308 1 747
7890 18253 7820318 1 746
7892 18253 7820328 1 746
7895 18255 7820338 1 746
7898 18256 7820348 1 746
7901 18258 7820358 1 746
7903 18259 7820368 1 747
7904 18261 7820378 1 748
7906 18262 7820388 1 750
7906 18263 7820398 1 750
7906 18264 7820408 1 751
7907 18265 7820418 1 758
7907 18266 7820428 1 760
7907 18267 7820438 1 763
7907 18268 7820448 1 766
7907 18269 7820458 1 769
7906 18270 7820468 1 772
7906 18270 7820478 1 774
7906 18271 7820488 1 776
7905 18271 7820498 1 779
7904 18271 7820508 1 783
7904 18270 7820518 1 787
7903 18269 7820528 1 790
7902 18267 7820538 1 798
7901 18265 7820548 1 802
7901 18264 7820558 1 803
7900 18262 7820568 1 805
7899 18259 7820578 1 809
7898 18256 7820588 1 811
7898 18253 7820598 1 815
7898 18249 7820608 1 818
7898 18245 7820618 1 821
7899 18241 7820628 1 825
7899 18240 7820638 1 827
7900 18238 7820648 1 827
7901 18234 7820658 1 830
7901 18231 7820668 1 835
7902 18227 7820678 1 839
7903 18224 7820688 1 840
7904 18221 7820698 1 842
7904 18219 7820708 1 843
7905 18217 7820718 1 844
7905 18216 7820728 1 844
7905 18214 7820738 1 845
7906 18212 7820748 1 846
7906 18210 7820758 1 847
7907 18209 7820768 1 847
7907 18208 7820778 1 848
7907 18206 7820788 1 849
7906 18206 7820798 1 849
7906 18205 7820808 1 849
7906 18204 7820818 1 850
7906 18203 7820828 1 850
7905 18203 7820838 1 851
7905 18202 7820848 1 851
7904 18201 7820858 1 852
7903 18201 7820868 1 853
7902 18200 7820878 1 853
7901 18200 7820888 1 854
7900 18199 7820898 1 855
7900 18199 7820908 1 856
7899 18198 7820918 1 857
7899 18198 7820928 1 858
7898 18197 7820938 1 859
7898 18196 7820948 1 861
7898 18196 7820958 1 862
7898 18196 7820968 1 862
7898 18195 7820978 1 863
7899 18195 7820988 1 864
7899 18194 7820998 1 865
7899 18193 7821008 1 866
7898 18193 7821018 1 867
7898 18192 7821028 1 868
7897 18192 7821038 1 868
7897 18192 7821048 1 869
7896 18191 7821058 1 870
7896 18191 7821068 1 871
7895 18190 7821078 1 872
7895 18190 7821088 1 873
7895 18189 7821098 1 874
7895 18188 7821108 1 875
7894 18188 7821118 1 875
7894 18188 7821128 1 876
7894 18187 7821138 1 877
7894 18187 7821148 1 878
7895 18186 7821158 1 879
7895 18186 7821168 1 880
7895 18185 7821178 1 881
7895 18185 7821188 1 882
7895 18185 7821198 1 882
7895 18185 7821208 1 883
7895 18184 7821218 1 884
7895 18184 7821228 1 886
7895 18184 7821238 1 887
7895 18184 7821248 1 888
7895 18184 7821258 1 889
7895 18183 7821268 1 890
7895 18183 7821278 1 890
7895 18183 7821288 1 891
7896 18184 7821298 1 893
7896 18184 7821308 1 894
7897 18184 7821318 1 895
7898 18184 7821328 1 895
7899 18184 7821338 1 896
7900 18184 7821348 1 897
7901 18184 7821358 1 897
7901 18184 7821368 1 898
7903 18184 7821378 1 899
7904 18183 7821388 1 900
7905 18183 7821398 1 901
7905 18183 7821408 1 902
7905 18183 7821418 1 904
7906 18183 7821428 1 905
7906 18184 7821438 1 905
7905 18184 7821448 1 906
7905 18184 7821458 1 907
7905 18184 7821468 1 908
7904 18185 7821478 1 909
7904 18185 7821488 1 910
7904 18185 7821498 1 912
7904 18185 7821508 1 913
7903 18186 7821518 1 913
7903 18186 7821528 1 914
7903 18186 7821538 1 915
7902 18186 7821548 1 916
7902 18186 7821558 1 917
7902 18187 7821568 1 918
7902 18187 7821578 1 919
7901 18187 7821588 1 920
7901 18187 7821598 1 920
7901 18187 7821608 1 921
7901 18187 7821618 1 922
7901 18187 7821628 1 923
7901 18187 7821638 1 924
7901 18187 7821648 1 925
7901 18187 7821658 1 926
7901 18187 7821668 1 928
7901 18188 7821678 1 928
7901 18188 7821688 1 929
7901 18188 7821698 1 930
7901 18188 7821708 1 931
7901 18187 7821718 1 932
7900 18187 7821728 1 933
7899 18187 7821738 1 934
7898 18186 7821748 1 935
7898 18186 7821758 1 935
7897 18186 7821768 1 936
7895 18185 7821778 1 938
7894 18184 7821788 1 939
7893 18183 7821798 1 941
7892 18183 7821808 1 942
7891 18182 7821818 1 943
7890 18182 7821828 1 944
7890 18182 7821838 1 944
7890 18182 7821848 1 945
7890 18182 7821858 1 946
7890 18182 7821868 1 947
7890 18182 7821878 1 948
7890 18182 7821888 1 949
7890 18182 7821898 1 950
7890 18182 7821908 1 951
7890 18182 7821918 1 952
7890 18182 7821928 1 953
7891 18182 7821938 1 954
7891 18182 7821948 1 955
7891 18183 7821958 1 956
7891 18183 7821968 1 957
7892 18183 7821978 1 958
7892 18183 7821988 1 959
7892 18184 7821998 1 959
7892 18184 7822008 1 960
7892 18184 7822018 1 961
7892 18185 7822028 1 962
7893 18185 7822038 1 963
7893 18186 7822048 1 965
7894 18186 7822058 1 966
7894 18186 7822068 1 967
7894 18186 7822078 1 968
7895 18186 7822088 1 968
7895 18187 7822098 1 969
7896 18186 7822108 1 970
7897 18186 7822118 1 971
7898 18186 7822128 1 972
7899 18186 7822138 1 973
7900 18186 7822148 1 975
7900 18186 7822158 1 975
7901 18186 7822168 1 976
7902 18186 7822178 1 977
7902 18186 7822188 1 978
7903 18186 7822198 1 980
7902 18187 7822208 1 981
7902 18187 7822218 1 982
7901 18187 7822228 1 983
7901 18187 7822238 1 983
7901 18187 7822248 1 984
7900 18188 7822258 1 985
7899 18188 7822268 1 986
7899 18188 7822278 1 987
7898 18188 7822288 1 988
7897 18188 7822298 1 990
7897 18188 7822308 1 992
7896 18188 7822318 1 992
7896 18189 7822328 1 993
7895 18189 7822338 1 994
7893 18189 7822348 1 995
7892 18190 7822358 1 996
7891 18190 7822368 1 998
7890 18191 7822378 1 999
7889 18191 7822388 1 1000
7889 18192 7822398 1 1000
7889 18192 7822408 1 1001
7889 18192 7822418 1 1002
7890 18193 7822428 1 1004
7890 18193 7822438 1 1005
7891 18193 7822448 1 1007
7892 18193 7822458 1 1008
7892 18193 7822468 1 1009
7893 18193 7822478 1 1009
7893 18193 7822488 1 1010
7894 18193 7822498 1 1011
7895 18193 7822508 1 1012
7895 18193 7822518 1 1013
7896 18192 7822528 1 1013
7896 18192 7822538 1 1014
7897 18192 7822548 1 1014
7897 18191 7822558 1 1014
7897 18191 7822568 1 1014
7897 18191 7822578 1 1014
7897 18190 7822588 1 1014
7897 18190 7822598 1 1014
7897 18189 7822608 1 1014
7898 18189 7822618 1 1014
7898 18188 7822628 1 1014
7898 18188 7822638 1 1013
7898 18188 7822648 1 1014
7898 18188 7822658 1 1015
7898 18188 7822668 1 1015
7898 18188 7822678 1 1015
7898 18188 7822688 1 1015
7898 18188 7822698 1 1015
7899 18188 7822708 1 1015
7899 18188 7822718 1 1015
7899 18188 7822728 1 1015
7899 18189 7822738 1 1015
7900 18189 7822748 1 1015
7900 18190 7822758 1 1015
7901 18190 7822768 1 1015
7901 18191 7822778 1 1016
7901 18191 7822788 1 1016
7901 18192 7822798 1 1016
7900 18192 7822808 1 1016
7900 18192 7822818 1 1016
7900 18193 7822828 1 1016
7899 18193 7822838 1 1016
7899 18193 7822848 1 1016
7898 18193 7822858 1 1016
7898 18193 7822868 1 1016
7897 18193 7822878 1 1016
7897 18193 7822888 1 1016
7897 18192 7822898 1 1017
7897 18192 7822908 1 1017
7898 18192 7822918 1 1017
7898 18192 7822928 1 1017
7898 18191 7822938 1 1017
7898 18191 7822948 1 1017
7898 18191 7822958 1 1017
7898 18191 7822968 1 1017
7898 18190 7822978 1 1017
7897 18190 7822988 1 1017
7897 18190 7822998 1 1017
7897 18189 7823008 1 1017
7896 18189 7823018 1 1018
7896 18188 7823028 1 1018
7896 18188 7823038 1 1018
7896 18188 7823048 1 1018
7896 18188 7823058 1 1018
7896 18188 7823068 1 1018
7896 18188 7823078 1 1018
7895 18188 7823088 1 1018
7896 18188 7823098 1 1018
7896 18188 7823108 1 966
7896 18188 7823118 1 952
7896 18188 7823128 1 907
7896 18188 7823138 1 780
7896 18188 7823148 1 711
7896 18188 7823158 1 639
7896 18188 7823168 1 564
7896 18188 7823178 1 408
7896 18188 7823188 1 327
7896 18188 7823198 1 292
7896 18188 7823208 1 245
7897 18188 7823218 1 160
7898 18187 7823228 1 75
7899 18187 7823238 1 13
7900 18187 7823248 1 13
7902 18187 7823258 1 12
7903 18187 7823268 1 12
7903 18187 7823278 1 12
7903 18187 7823288 1 12
7904 18186 7823298 1 11
7904 18186 7823308 1 11
7904 18186 7823318 1 10
7904 18186 7823328 1 10
7904 18185 7823338 1 10
7905 18185 7823348 1 9
7905 18185 7823358 1 8
7905 18184 7823368 1 8
7905 18184 7823378 1 8
7905 18183 7823388 1 7
7905 18183 7823398 1 7
7905 18183 7823408 1 6
7905 18182 7823418 1 6
7905 18182 7823428 1 5
7905 18182 7823438 1 5
7904 18182 7823448 1 5
7904 18182 7823458 1 5
7904 18182 7823468 1 4
7904 18182 7823478 1 4
7904 18183 7823488 1 4
7903 18183 7823498 1 3
7903 18184 7823508 1 3
7903 18184 7823518 1 3
7903 18184 7823528 1 3
7903 18185 7823538 1 2
7903 18186 7823548 1 2
7903 18186 7823558 1 1
7903 18187 7823568 1 1
7903 18187 7823578 1 1
7904 18188 7823588 0 0
7904 18188 7823598 0 0
7904 18188 7823608 0 0
7904 18188 7823618 0 0
7905 18189 7823628 0 0
7905 18189 7823638 0 0
7906 18189 7823648 0 0
7907 18190 7823658 0 0
7907 18190 7823668 0 0
7907 18190 7823678 0 0
7908 18190 7823688 0 0
7908 18190 7823698 0 0
7909 18190 7823708 0 0
7909 18189 7823718 0 0
7909 18189 7823728 0 0
7909 18189 7823738 0 0
7909 18189 7823748 0 0
7909 18189 7823758 0 0
7909 18189 7823768 0 0
7908 18189 7823778 0 0
7908 18189 7823788 0 0
7907 18189 7823798 0 0
7907 18189 7823808 0 0
7906 18189 7823818 0 0
7905 18189 7823828 0 0
7905 18189 7823838 0 0
7904 18189 7823848 0 0
7903 18188 7823858 0 0
7902 18188 7823868 0 0
7901 18188 7823878 0 0
7900 18188 7823888 0 0
7899 18188 7823898 0 0
7897 18188 7823908 0 0
7896 18188 7823918 0 0
7895 18188 7823928 0 0
7893 18189 7823938 0 0
7890 18189 7823948 0 0
7888 18189 7823958 0 0
7885 18189 7823968 0 0
7883 18190 7823978 0 0
7881 18190 7823988 0 0
7880 18190 7823998 0 0
7879 18190 7824008 0 0
7877 18191 7824018 0 0
7876 18191 7824028 0 0
7875 18191 7824038 0 0
7873 18191 7824048 0 0
7872 18191 7824058 0 0
7871 18191 7824068 0 0
7871 18191 7824078 0 0
7871 18191 7824088 0 0
7870 18190 7824098 0 0
7870 18190 7824108 0 0
7870 18190 7824118 0 0
7871 18190 7824128 0 0
7872 18189 7824138 0 0
7873 18189 7824148 0 0
7874 18189 7824158 0 0
7874 18189 7824168 0 0
7876 18189 7824178 0 0
7878 18188 7824188 0 0
7880 18188 7824198 0 0
7882 18188 7824208 0 0
7884 18188 7824218 1 20
7885 18188 7824228 1 152
7886 18188 7824238 1 371
7887 18188 7824248 1 687
7889 18189 7824258 1 1017
7891 18189 7824268 1 1017
7894 18189 7824278 1 1017
7896 18189 7824288 1 1017
7898 18190 7824298 1 1017
7900 18190 7824308 1 1017
7901 18190 7824318 1 1017
7902 18191 7824328 1 1017
7903 18191 7824338 1 1017
7904 18191 7824348 1 1017
7905 18192 7824358 1 1016
7906 18192 7824368 1 1016
7906 18193 7824378 1 1016
7906 18193 7824388 1 1016
7907 18193 7824398 1 1016
7907 18193 7824408 1 1016
7907 18194 7824418 1 1016
7907 18194 7824428 1 1016
7907 18193 7824438 1 1016
7907 18193 7824448 1 1016
7907 18192 7824458 1 1016
7907 18192 7824468 1 1016
7907 18192 7824478 1 1015
7907 18191 7824488 1 1015
7907 18191 7824498 1 1015
7907 18190 7824508 1 1015
7908 18190 7824518 1 1015
7908 18189 7824528 1 1015
7909 18189 7824538 1 1015
7910 18189 7824548 1 1015
7911 18188 7824558 1 1015
7912 18188 7824568 1 1015
7913 18188 7824578 1 1015
7915 18187 7824588 1 1015
7917 18187 7824598 1 1014
7918 18186 7824608 1 1014
7920 18185 7824618 1 1014
7922 18185 7824628 1 1014
7923 18184 7824638 1 1013
7924 18184 7824648 1 1014
7926 18183 7824658 1 1014
7928 18182 7824668 1 1014
7930 18182 7824678 1 990
7931 18181 7824688 1 808
7933 18180 7824698 1 731
7934 18179 7824708 1 664
7935 18178 7824718 1 630
7935 18178 7824728 1 605
7936 18177 7824738 1 557
7937 18177 7824748 1 515
7938 18176 7824758 1 481
7939 18176 7824768 1 436
7940 18175 7824778 1 423
7941 18175 7824788 1 417
7942 18175 7824798 1 413
7942 18175 7824808 1 417
7944 18174 7824818 1 432
7945 18174 7824828 1 447
7946 18174 7824838 1 466
7947 18174 7824848 1 489
7948 18174 7824858 1 516
7949 18174 7824868 1 546
7949 18174 7824878 1 561
7949 18174 7824888 1 579
7950 18174 7824898 1 613
7951 18174 7824908 1 651
7951 18174 7824918 1 690
7952 18174 7824928 1 730
7952 18175 7824938 1 812
7953 18175 7824948 1 854
7953 18175 7824958 1 873
7953 18176 7824968 1 896
7954 18176 7824978 1 937
7954 18177 7824988 1 977
7954 18178 7824998 1 1010
7954 18179 7825008 1 1010
7954 18180 7825018 1 1010
7954 18180 7825028 1 1010
7954 18181 7825038 1 1010
7954 18181 7825048 1 1010
7954 18181 7825058 1 1010
7954 18182 7825068 1 1010
7954 18182 7825078 1 1009
7953 18182 7825088 1 1009
7952 18182 7825098 1 1009
7951 18181 7825108 1 1009
7951 18181 7825118 1 1009
7950 18181 7825128 1 1009
7949 18181 7825138 1 1009
7947 18180 7825148 1 1009
7946 18180 7825158 1 1009
7944 18179 7825168 1 1009
7943 18178 7825178 1 1009
7942 18177 7825188 1 1009
7941 18177 7825198 1 1009
7941 18176 7825208 1 1008
7940 18175 7825218 1 1008
7940 18174 7825228 1 1008
7939 18174 7825238 1 1008
7939 18173 7825248 1 1008
7939 18172 7825258 1 1008
7939 18172 7825268 1 1008
7939 18172 7825278 1 1008
7939 18172 7825288 1 1008
7939 18171 7825298 1 1008
7940 18171 7825308 1 1008
7940 18171 7825318 1 1007
7940 18171 7825328 1 1007
7940 18171 7825338 1 1007
7940 18172 7825348 1 1007
7941 18172 7825358 1 1007
7941 18172 7825368 1 1007
7941 18172 7825378 1 1007
7940 18173 7825388 1 1007
7940 18173 7825398 1 1007
7940 18174 7825408 1 1007
7939 18175 7825418 1 1007
7939 18176 7825428 1 1007
7939 18177 7825438 1 1007
7939 18177 7825448 1 1006
7939 18178 7825458 1 1006
7939 18179 7825468 1 1006
7939 18180 7825478 1 1006
7939 18180 7825488 1 1006
7939 18181 7825498 1 1006
7939 18181 7825508 1 1006
7939 18181 7825518 1 1006
7938 18181 7825528 1 1006
7938 18181 7825538 1 1006
7937 18181 7825548 1 1006
7937 18181 7825558 1 1006
7936 18181 7825568 1 1005
7936 18182 7825578 1 1005
7936 18182 7825588 1 1005
7936 18183 7825598 1 1005
7935 18183 7825608 1 1005
7935 18184 7825618 1 1005
7935 18184 7825628 1 1005
7935 18185 7825638 1 1005
7934 18186 7825648 1 1005
7934 18186 7825658 1 1005
7933 18186 7825668 1 1005
7933 18186 7825678 1 1005
7933 18186 7825688 1 1005
7932 18186 7825698 1 1004
7931 18186 7825708 1 1004
7931 18186 7825718 1 1004
7930 18186 7825728 1 1004
7930 18185 7825738 1 1004
7930 18185 7825748 1 1004
7931 18184 7825758 1 1004
7931 18184 7825768 1 1004
7932 18183 7825778 1 1004
7933 18182 7825788 1 1004
7934 18182 7825798 1 1004
7935 18181 7825808 1 1004
7936 18180 7825818 1 1003
7936 18179 7825828 1 1003
7937 18179 7825838 1 1003
7937 18179 7825848 1 1003
7938 18178 7825858 1 1003
7938 18177 7825868 1 1003
7939 18176 7825878 1 1003
7940 18176 7825888 1 1003
7941 18175 7825898 1 1003
7942 18175 7825908 1 1003
7942 18174 7825918 1 1003
7943 18174 7825928 1 1003
7943 18174 7825938 1 1002
7944 18173 7825948 1 1002
7945 18173 7825958 1 1002
7945 18173 7825968 1 1002
7945 18173 7825978 1 1002
7944 18173 7825988 1 1002
7944 18173 7825998 1 1002
7943 18173 7826008 1 1002
7942 18174 7826018 1 1002
7941 18174 7826028 1 1002
7940 18175 7826038 1 1002
7938 18175 7826048 1 1002
7937 18176 7826058 1 1001
7935 18176 7826068 1 1001
7934 18177 7826078 1 1001
7933 18177 7826088 1 1001
7931 18178 7826098 1 1001
7929 18178 7826108 1 1001
7926 18179 7826118 1 1001
7922 18179 7826128 1 1001
7919 18179 7826138 1 1001
7915 18179 7826148 1 1001
7913 18179 7826158 1 1001
7912 18178 7826168 1 1001
7908 18177 7826178 1 1000
7902 18176 7826188 1 1000
7896 18175 7826198 1 1000
7887 18174 7826208 1 1000
7878 18173 7826218 1 1000
7869 18172 7826228 1 1000
7864 18172 7826238 1 1000
7859 18171 7826248 1 1000
7849 18170 7826258 1 1000
7839 18169 7826268 1 1000
7831 18168 7826278 1 1000
7823 18168 7826288 1 1000
7817 18167 7826298 1 999
7811 18166 7826308 1 999
7808 18166 7826318 1 999
7805 18166 7826328 1 998
7800 18165 7826338 1 998
7795 18165 7826348 1 998
7791 18165 7826358 1 998
7788 18165 7826368 1 998
7787 18165 7826378 1 998
7788 18165 7826388 1 998
7789 18165 7826398 1 999
7790 18165 7826408 1 998
7793 18165 7826418 1 997
7795 18166 7826428 1 997
7797 18166 7826438 1 997
7798 18166 7826448 1 997
7798 18167 7826458 1 997
7798 18167 7826468 1 997
7798 18167 7826478 1 997
7798 18166 7826488 1 997
7798 18166 7826498 1 997
7798 18166 7826508 1 997
7798 18165 7826518 1 997
7798 18165 7826528 1 997
7799 18164 7826538 1 996
7799 18163 7826548 1 996
7799 18163 7826558 1 996
7800 18162 7826568 1 996
7800 18161 7826578 1 996
7801 18160 7826588 1 996
7801 18160 7826598 1 996
7802 18159 7826608 1 996
7803 18158 7826618 1 996
7803 18158 7826628 1 996
7804 18158 7826638 1 996
7804 18157 7826648 1 996
7806 18157 7826658 1 996
7807 18157 7826668 1 995
7808 18157 7826678 1 995
7809 18157 7826688 1 995
7810 18157 7826698 1 995
7811 18158 7826708 1 995
7812 18158 7826718 1 995
7812 18158 7826728 1 995
7813 18159 7826738 1 995
7813 18159 7826748 1 995
7813 18160 7826758 1 995
7813 18161 7826768 1 995
7812 18162 7826778 1 994
7811 18162 7826788 1 994
7810 18163 7826798 1 994
7810 18163 7826808 1 994
7808 18164 7826818 1 994
7806 18165 7826828 1 994
7804 18165 7826838 1 994
7802 18166 7826848 1 994
7801 18166 7826858 1 994
7799 18167 7826868 1 994
7799 18167 7826878 1 994
7798 18167 7826888 1 994
7798 18167 7826898 1 994
7798 18167 7826908 1 993
7799 18167 7826918 1 993
7800 18166 7826928 1 993
7801 18166 7826938 1 993
7803 18165 7826948 1 993
7804 18164 7826958 1 993
7805 18164 7826968 1 993
7806 18163 7826978 1 993
7807 18162 7826988 1 993
7809 18161 7826998 1 993
7810 18160 7827008 1 993
7811 18160 7827018 1 992
7812 18159 7827028 1 992
7812 18159 7827038 1 992
7813 18159 7827048 1 992
7814 18158 7827058 1 992
7814 18157 7827068 1 992
7815 18157 7827078 1 992
7815 18156 7827088 1 992
7816 18156 7827098 1 992
7816 18156 7827108 1 992
7816 18156 7827118 1 992
7816 18156 7827128 1 992
7816 18156 7827138 1 992
7816 18156 7827148 1 991
7816 18156 7827158 1 991
7815 18157 7827168 1 991
7814 18157 7827178 1 991
7813 18158 7827188 1 991
7812 18158 7827198 1 991
7811 18159 7827208 1 991
7809 18160 7827218 1 991
7807 18160 7827228 1 991
7804 18161 7827238 1 991
7802 18162 7827248 1 991
7800 18162 7827258 1 990
7798 18163 7827268 1 990
7797 18163 7827278 1 990
7797 18164 7827288 1 990
7796 18164 7827298 1 990
7796 18164 7827308 1 990
7796 18165 7827318 1 990
7797 18165 7827328 1 990
7798 18165 7827338 1 990
7799 18165 7827348 1 990
7800 18165 7827358 1 990
7800 18165 7827368 1 990
7802 18165 7827378 1 990
7803 18165 7827388 1 989
7804 18165 7827398 1 989
7805 18165 7827408 1 989
7807 18164 7827418 1 989
7808 18164 7827428 1 989
7808 18164 7827438 1 989
7809 18164 7827448 1 989
7809 18164 7827458 1 989
7810 18164 7827468 1 989
7810 18164 7827478 1 989
7811 18164 7827488 1 989
7811 18164 7827498 1 988
7811 18164 7827508 1 988
7811 18164 7827518 1 988
7810 18164 7827528 1 988
7810 18164 7827538 1 988
7809 18163 7827548 1 988
7808 18163 7827558 1 988
7808 18163 7827568 1 988
7807 18163 7827578 1 988
7807 18162 7827588 1 988
7807 18162 7827598 1 988
7808 18162 7827608 1 987
7809 18162 7827618 1 987
7810 18162 7827628 1 987
7811 18162 7827638 1 987
7812 18163 7827648 1 987
7812 18163 7827658 1 987
7812 18164 7827668 1 987
7812 18165 7827678 1 987
7812 18166 7827688 1 987
7813 18166 7827698 1 987
7813 18167 7827708 1 987
7813 18168 7827718 1 986
7812 18169 7827728 1 986
7812 18170 7827738 1 986
7811 18171 7827748 1 986
7810 18172 7827758 1 986
7810 18173 7827768 1 986
7810 18174 7827778 1 986
7810 18175 7827788 1 986
7809 18177 7827798 1 986
7809 18178 7827808 1 986
7809 18179 7827818 1 985
7809 18180 7827828 1 985
7809 18181 7827838 1 985
7809 18183 7827848 1 985
7810 18184 7827858 1 985
7810 18185 7827868 1 985
7811 18186 7827878 1 984
7813 18187 7827888 1 984
7815 18188 7827898 1 984
7817 18189 7827908 1 984
7819 18190 7827918 1 984
7821 18190 7827928 1 983
7824 18191 7827938 1 983
7826 18192 7827948 1 983
7829 18192 7827958 1 983
7832 18193 7827968 1 983
7835 18193 7827978 1 983
7838 18193 7827988 1 983
7841 18194 7827998 1 983
7843 18194 7828008 1 983
7846 18194 7828018 1 983
7848 18194 7828028 1 982
7849 18194 7828038 1 982
7850 18193 7828048 1 982
7850 18193 7828058 1 982
7850 18193 7828068 1 982
7850 18192 7828078 1 982
7849 18192 7828088 1 982
7848 18191 7828098 1 982
7848 18191 7828108 1 982
7847 18191 7828118 1 982
7846 18191 7828128 1 982
7845 18191 7828138 1 981
7845 18191 7828148 1 981
7844 18190 7828158 1 981
7843 18190 7828168 1 981
7842 18190 7828178 1 981
7841 18191 7828188 1 981
7840 18191 7828198 1 981
7839 18191 7828208 1 981
7837 18191 7828218 1 981
7837 18191 7828228 1 981
7836 18191 7828238 1 981
7836 18191 7828248 1 980
7836 18192 7828258 1 980
7836 18192 7828268 1 980
7836 18193 7828278 1 980
7837 18193 7828288 1 980
7838 18194 7828298 1 980
7839 18194 7828308 1 980
7840 18195 7828318 1 980
7842 18195 7828328 1 980
7843 18196 7828338 1 980
