8293 17504 2298696 1 566
8288 17497 2298706 1 582
8296 17495 2298716 1 594
8311 17494 2298726 1 604
8327 17491 2298736 1 614
8336 17484 2298746 1 623
8348 17479 2298756 1 631
8357 17472 2298766 1 639
8363 17462 2298776 1 645
8364 17450 2298786 1 651
8363 17437 2298796 1 657
8359 17424 2298806 1 661
8357 17418 2298816 1 663
8354 17412 2298826 1 665
8349 17399 2298836 1 671
8348 17399 2298846 1 674
8348 17406 2298856 1 676
8346 17420 2298866 1 679
8341 17439 2298876 1 680
8331 17463 2298886 1 681
8316 17491 2298896 1 683
8296 17521 2298906 1 683
8275 17551 2298916 1 683
8254 17578 2298926 1 684
8243 17592 2298936 1 684
8237 17602 2298946 1 684
8227 17620 2298956 1 685
8217 17636 2298966 1 684
8231 17634 2298976 1 685
8250 17627 2298986 1 685
8269 17615 2298996 1 686
8286 17602 2299006 1 686
8298 17587 2299016 1 687
8305 17575 2299026 1 688
8307 17565 2299036 1 689
8306 17560 2299046 1 691
8305 17558 2299056 1 691
8306 17559 2299066 1 692
8307 17562 2299076 1 694
8314 17567 2299086 1 697
8333 17577 2299096 1 701
8345 17583 2299106 1 701
8357 17586 2299116 1 699
8368 17585 2299126 1 695
8376 17579 2299136 1 689
8380 17569 2299146 1 682
8381 17557 2299156 1 675
8377 17542 2299166 1 669
8375 17534 2299176 1 666
8371 17527 2299186 1 664
8365 17513 2299196 1 662
8358 17502 2299206 1 662
8353 17495 2299216 1 666
8357 17489 2299226 1 690
8353 17491 2299236 1 710
8349 17496 2299246 1 737
8346 17503 2299256 1 769
8344 17511 2299266 1 807
8341 17518 2299276 1 848
8338 17524 2299286 1 889
8337 17526 2299296 1 909
8335 17527 2299306 1 931
8331 17529 2299316 1 973
8326 17529 2299326 1 996
8322 17528 2299336 1 997
8318 17527 2299346 1 998
8317 17532 2299356 1 999
8316 17536 2299366 1 1000
8315 17542 2299376 1 1001
8313 17551 2299386 1 1002
8312 17563 2299396 1 1003
8312 17575 2299406 1 1005
8312 17582 2299416 1 1012
8313 17588 2299426 1 994
8316 17598 2299436 1 924
8321 17604 2299446 1 835
8327 17607 2299456 1 728
8334 17605 2299466 1 603
8340 17600 2299476 1 466
8341 17589 2299486 1 205
8343 17581 2299496 1 98
8341 17576 2299506 1 8
8337 17573 2299516 1 7
8331 17575 2299526 1 6
8327 17577 2299536 1 4
8324 17582 2299546 1 5
8317 17591 2299556 1 4
8313 17604 2299566 1 3
8313 17617 2299576 1 2
8317 17628 2299586 0 0
8326 17636 2299596 0 0
8340 17639 2299606 0 0
8361 17631 2299616 0 0
8379 17620 2299626 0 0
8396 17605 2299636 0 0
8413 17586 2299646 0 0
8421 17576 2299656 0 0
8426 17566 2299666 0 0
8434 17548 2299676 0 0
8438 17532 2299686 0 0
8436 17520 2299696 0 0
8430 17513 2299706 1 9
8422 17511 2299716 1 28
8412 17513 2299726 1 56
8402 17519 2299736 1 93
8384 17538 2299746 1 135
8377 17549 2299756 1 182
8370 17561 2299766 1 232
8367 17566 2299776 1 285
8364 17572 2299786 1 337
8359 17582 2299796 1 390
8354 17592 2299806 1 439
8348 17601 2299816 1 486
8342 17609 2299826 1 527
8337 17615 2299836 1 562
8331 17619 2299846 1 589
8326 17621 2299856 1 606
8323 17621 2299866 1 613
8326 17612 2299876 1 608
8326 17606 2299886 1 590
8327 17603 2299896 1 557
8329 17598 2299906 1 507
8334 17590 2299916 1 443
8342 17583 2299926 1 377
8352 17576 2299936 1 309
8363 17570 2299946 1 241
8376 17567 2299956 1 173
8389 17565 2299966 1 108
8400 17566 2299976 1 45
8409 17568 2299986 1 38
8414 17572 2299996 1 39
8419 17580 2300006 1 40
8420 17584 2300016 1 40
8417 17586 2300026 1 41
8412 17592 2300036 1 42
8405 17596 2300046 1 43
8398 17599 2300056 1 44
8392 17600 2300066 1 45
8389 17598 2300076 1 46
8389 17594 2300086 1 47
8393 17588 2300096 1 48
8399 17582 2300106 1 78
8405 17575 2300116 1 189
8412 17570 2300126 1 310
8411 17567 2300136 1 437
8408 17565 2300146 1 567
8408 17565 2300156 1 692
8405 17568 2300166 1 808
8399 17573 2300176 1 910
8391 17580 2300186 1 963
8384 17588 2300196 1 962
8380 17595 2300206 1 961
8381 17600 2300216 1 960
8387 17602 2300226 1 959
8398 17601 2300236 1 952
8413 17597 2300246 1 817
8421 17594 2300256 1 827
8430 17589 2300266 1 628
8445 17579 2300276 1 69
8454 17569 2300286 1 66
8457 17561 2300296 1 67
8452 17554 2300306 1 68
8440 17550 2300316 1 69
8423 17547 2300326 1 71
8403 17547 2300336 1 72
8385 17546 2300346 1 73
8371 17546 2300356 1 74
8365 17544 2300366 1 75
8368 17541 2300376 1 77
8380 17537 2300386 1 83
8413 17528 2300396 1 94
8442 17522 2300406 1 112
8474 17515 2300416 1 138
8503 17510 2300426 1 176
8528 17506 2300436 1 225
8551 17502 2300446 1 288
8566 17499 2300456 1 367
8572 17498 2300466 1 463
8569 17497 2300476 1 579
