8003 18287 3628159 1 650
8010 18287 3628169 1 485
8018 18289 3628179 1 350
8023 18287 3628189 1 243
8032 18288 3628199 1 160
8040 18288 3628209 1 99
8048 18286 3628219 1 55
8059 18280 3628229 1 27
8063 18276 3628239 1 10
8065 18273 3628249 1 2
8066 18270 3628259 0 0
8065 18269 3628269 0 0
8064 18268 3628279 0 0
8062 18269 3628289 0 0
8060 18270 3628299 0 0
8061 18269 3628309 0 0
8062 18267 3628319 0 0
8066 18262 3628329 0 0
8072 18257 3628339 0 0
8079 18252 3628349 0 0
8088 18249 3628359 0 0
8110 18253 3628369 0 0
8122 18262 3628379 0 0
8134 18275 3628389 1 52
8145 18291 3628399 1 111
8166 18327 3628409 1 238
8172 18343 3628419 1 303
8176 18356 3628429 1 369
8176 18369 3628439 1 495
8172 18370 3628449 1 552
8165 18368 3628459 1 605
8156 18365 3628469 1 652
8146 18360 3628479 1 692
8135 18356 3628489 1 723
8124 18352 3628499 1 745
8105 18346 3628509 1 755
8099 18344 3628519 1 742
8093 18344 3628529 1 726
8090 18344 3628539 1 703
8089 18344 3628549 1 674
8090 18345 3628559 1 645
8092 18347 3628569 1 617
8099 18351 3628579 1 583
8104 18352 3628589 1 585
8108 18353 3628599 1 605
8112 18353 3628609 1 646
8116 18352 3628619 1 712
8118 18351 3628629 1 805
8120 18349 3628639 1 919
8120 18346 3628649 1 1024
8119 18344 3628659 1 1024
8117 18343 3628669 1 1024
8115 18342 3628679 1 1024
8113 18342 3628689 1 1024
8112 18343 3628699 1 1024
8113 18343 3628709 1 1024
8116 18344 3628719 1 1024
8120 18345 3628729 1 1024
8124 18345 3628739 1 1024
8129 18346 3628749 1 727
8134 18346 3628759 1 328
8139 18346 3628769 0 0
8144 18345 3628779 0 0
8151 18341 3628789 0 0
8153 18337 3628799 0 0
8155 18332 3628809 0 0
8155 18327 3628819 0 0
8155 18321 3628829 0 0
8155 18314 3628839 0 0
8154 18307 3628849 0 0
8152 18294 3628859 1 103
8152 18288 3628869 1 289
8151 18284 3628879 1 463
8151 18282 3628889 1 617
8151 18281 3628899 1 741
8151 18283 3628909 1 831
8152 18293 3628919 1 917
8155 18308 3628929 1 910
8157 18316 3628939 1 885
8158 18323 3628949 1 852
8160 18328 3628959 1 815
8161 18332 3628969 1 779
8161 18334 3628979 1 750
8161 18334 3628989 1 729
8158 18330 3628999 1 713
8156 18326 3629009 1 715
8153 18323 3629019 1 721
8150 18319 3629029 1 729
8147 18316 3629039 1 739
8144 18314 3629049 1 749
8141 18313 3629059 1 758
8139 18314 3629069 1 768
8138 18315 3629079 1 769
8140 18317 3629089 1 770
8142 18319 3629099 1 769
8145 18321 3629109 1 768
8149 18322 3629119 1 767
8154 18322 3629129 1 766
8164 18320 3629139 1 767
8169 18318 3629149 1 768
8174 18316 3629159 1 771
8181 18311 3629169 1 774
8183 18309 3629179 1 777
8185 18308 3629189 1 779
8184 18307 3629199 1 781
8180 18306 3629209 1 785
8177 18306 3629219 1 786
8173 18305 3629229 1 788
8169 18305 3629239 1 789
8165 18304 3629249 1 792
8162 18304 3629259 1 793
8159 18304 3629269 1 795
8157 18305 3629279 1 797
8158 18306 3629289 1 798
8159 18308 3629299 1 800
8161 18310 3629309 1 801
8165 18312 3629319 1 802
8168 18314 3629329 1 804
8172 18317 3629339 1 805
8182 18322 3629349 1 807
8186 18324 3629359 1 809
8191 18326 3629369 1 810
8195 18327 3629379 1 811
8199 18327 3629389 1 812
8203 18327 3629399 1 814
8206 18326 3629409 1 816
8210 18323 3629419 1 821
8210 18322 3629429 1 822
8210 18322 3629439 1 823
8209 18322 3629449 1 825
8208 18322 3629459 1 826
8206 18323 3629469 1 829
8204 18324 3629479 1 830
8200 18323 3629489 1 833
8198 18321 3629499 1 834
8196 18319 3629509 1 836
8194 18316 3629519 1 838
8194 18312 3629529 1 840
8193 18309 3629539 1 841
8193 18307 3629549 1 843
8195 18307 3629559 1 846
8197 18309 3629569 1 848
8200 18314 3629579 1 850
8203 18319 3629589 1 851
8206 18324 3629599 1 853
8209 18329 3629609 1 854
8212 18333 3629619 1 856
8218 18336 3629629 1 860
8220 18335 3629639 1 861
8221 18331 3629649 1 863
8221 18327 3629659 1 865
8220 18322 3629669 1 867
8219 18315 3629679 1 870
8217 18312 3629689 1 872
8210 18309 3629699 1 875
8207 18310 3629709 1 877
8203 18311 3629719 1 879
8200 18313 3629729 1 881
8198 18316 3629739 1 882
8196 18318 3629749 1 885
8196 18322 3629759 1 886
8197 18330 3629769 1 890
8199 18334 3629779 1 891
8201 18338 3629789 1 894
8204 18343 3629799 1 895
8208 18347 3629809 1 897
8212 18351 3629819 1 899
8217 18354 3629829 1 901
8228 18360 3629839 1 905
8233 18361 3629849 1 906
8240 18363 3629859 1 909
8246 18365 3629869 1 911
8254 18367 3629879 1 912
8261 18369 3629889 1 914
8268 18372 3629899 1 917
