8214 17343 4664830 1 1024
8214 17343 4664840 1 1024
8215 17342 4664850 1 1024
8215 17342 4664860 1 1024
8216 17342 4664870 1 1024
8216 17342 4664880 1 1024
8217 17342 4664890 1 1024
8218 17342 4664900 1 902
8219 17342 4664910 1 1009
8218 17342 4664920 1 1009
8218 17342 4664930 0 0
8217 17342 4664940 0 0
8218 17340 4664950 0 0
8219 17339 4664960 0 0
8221 17339 4664970 0 0
8223 17339 4664980 0 0
8224 17338 4664990 0 0
8225 17338 4665000 0 0
8227 17338 4665010 0 0
8228 17337 4665020 0 0
8231 17337 4665030 0 0
8235 17337 4665040 0 0
8239 17336 4665050 1 5
8244 17336 4665060 1 15
8254 17336 4665070 1 32
8259 17335 4665080 1 52
8264 17335 4665090 1 77
8268 17334 4665100 1 105
8271 17334 4665110 1 136
8273 17334 4665120 1 169
8274 17333 4665130 1 204
8274 17333 4665140 1 239
8274 17333 4665150 1 275
8273 17333 4665160 1 310
8272 17333 4665170 1 344
8270 17333 4665180 1 377
8270 17333 4665190 1 407
8270 17333 4665200 1 435
8271 17333 4665210 1 459
8272 17333 4665220 1 479
8272 17334 4665230 1 494
8273 17334 4665240 1 504
8273 17334 4665250 1 508
8272 17334 4665260 1 506
8271 17335 4665270 1 505
8268 17335 4665280 1 504
8264 17335 4665290 1 502
8260 17335 4665300 1 502
8250 17335 4665310 1 501
8245 17335 4665320 1 503
8240 17335 4665330 1 503
8237 17335 4665340 1 504
8234 17335 4665350 1 504
8233 17334 4665360 1 504
8233 17334 4665370 1 506
8233 17334 4665380 1 507
8235 17334 4665390 1 510
8237 17334 4665400 1 512
8239 17335 4665410 1 514
8239 17335 4665420 1 517
8239 17336 4665430 1 523
8238 17336 4665440 1 526
8236 17336 4665450 1 528
8235 17337 4665460 1 532
8234 17337 4665470 1 535
8233 17338 4665480 1 539
8232 17338 4665490 1 541
8231 17338 4665500 1 544
8230 17339 4665510 1 548
8229 17339 4665520 1 552
8229 17339 4665530 1 556
8229 17339 4665540 1 560
8229 17339 4665550 1 570
8229 17339 4665560 1 575
8229 17339 4665570 1 579
8229 17339 4665580 1 589
8228 17339 4665590 1 594
8227 17339 4665600 1 600
8226 17339 4665610 1 605
8225 17339 4665620 1 608
8223 17339 4665630 1 611
8222 17340 4665640 1 616
8220 17340 4665650 1 620
8218 17340 4665660 1 626
8216 17341 4665670 1 637
8215 17341 4665680 1 642
8216 17341 4665690 1 647
8216 17341 4665700 1 653
8217 17341 4665710 1 658
8218 17341 4665720 1 664
8219 17341 4665730 1 669
8220 17341 4665740 1 674
8221 17340 4665750 1 680
8223 17340 4665760 1 681
8225 17341 4665770 1 684
8226 17341 4665780 1 689
8229 17341 4665790 1 699
8230 17341 4665800 1 704
8232 17341 4665810 1 708
8233 17341 4665820 1 713
8235 17341 4665830 1 717
8237 17342 4665840 1 721
8239 17342 4665850 1 725
8240 17342 4665860 1 729
8242 17342 4665870 1 733
8243 17342 4665880 1 737
8245 17342 4665890 1 741
8245 17343 4665900 1 743
8245 17343 4665910 1 748
8244 17343 4665920 1 751
8243 17343 4665930 1 753
8243 17343 4665940 1 756
8243 17343 4665950 1 759
8244 17343 4665960 1 760
8244 17343 4665970 1 763
8245 17343 4665980 1 764
8247 17343 4665990 1 765
8250 17343 4666000 1 767
8254 17343 4666010 1 768
8258 17343 4666020 1 769
8266 17344 4666030 1 771
8271 17344 4666040 1 771
8276 17344 4666050 1 772
8281 17344 4666060 1 773
8286 17344 4666070 1 774
8290 17345 4666080 1 774
8294 17345 4666090 1 776
8297 17345 4666100 1 777
8300 17345 4666110 1 778
8303 17345 4666120 1 778
8306 17345 4666130 1 780
8308 17345 4666140 1 781
8313 17345 4666150 1 784
8314 17344 4666160 1 784
8314 17344 4666170 1 785
8313 17344 4666180 1 785
8311 17344 4666190 1 786
8309 17344 4666200 1 787
8307 17344 4666210 1 789
8306 17344 4666220 1 789
8305 17344 4666230 1 790
8304 17344 4666240 1 791
8303 17344 4666250 1 793
8302 17344 4666260 1 794
8298 17344 4666270 1 795
8295 17344 4666280 1 796
8291 17344 4666290 1 798
8286 17344 4666300 1 799
8281 17344 4666310 1 799
8276 17345 4666320 1 799
8270 17345 4666330 1 800
8265 17345 4666340 1 803
8262 17344 4666350 1 804
8259 17344 4666360 1 804
8258 17344 4666370 1 805
8258 17344 4666380 1 807
8263 17344 4666390 1 809
8267 17344 4666400 1 809
8272 17344 4666410 1 810
8278 17344 4666420 1 812
8283 17344 4666430 1 813
8288 17345 4666440 1 813
8294 17345 4666450 1 814
8299 17345 4666460 1 814
8305 17346 4666470 1 815
8311 17346 4666480 1 817
8316 17347 4666490 1 818
8322 17348 4666500 1 819
8333 17349 4666510 1 820
8339 17349 4666520 1 822
8344 17350 4666530 1 823
8350 17350 4666540 1 824
8354 17350 4666550 1 825
8358 17351 4666560 1 825
8361 17351 4666570 1 827
8363 17351 4666580 1 828
8363 17352 4666590 1 828
8363 17352 4666600 1 829
8362 17352 4666610 1 830
8360 17352 4666620 1 830
8355 17353 4666630 1 833
8352 17353 4666640 1 834
8349 17353 4666650 1 835
8346 17353 4666660 1 837
8343 17353 4666670 1 836
8339 17353 4666680 1 838
8335 17353 4666690 1 839
8332 17353 4666700 1 840
8328 17353 4666710 1 841
8325 17353 4666720 1 841
8322 17353 4666730 1 843
8319 17353 4666740 1 843
8315 17353 4666750 1 845
8315 17353 4666760 1 846
8315 17353 4666770 1 848
8315 17354 4666780 1 849
8317 17354 4666790 1 849
8318 17354 4666800 1 850
8319 17355 4666810 1 851
8320 17355 4666820 1 852
8320 17355 4666830 1 854
8320 17355 4666840 1 855
8320 17355 4666850 1 855
8319 17355 4666860 1 856
8318 17355 4666870 1 857
8316 17355 4666880 1 858
8315 17354 4666890 1 860
8314 17354 4666900 1 861
8313 17353 4666910 1 862
8312 17353 4666920 1 862
8312 17352 4666930 1 863
8313 17351 4666940 1 865
8313 17351 4666950 1 866
8313 17351 4666960 1 867
8314 17350 4666970 1 868
8315 17350 4666980 1 869
8317 17349 4666990 1 871
8318 17349 4667000 1 871
8318 17348 4667010 1 872
8319 17347 4667020 1 873
8319 17347 4667030 1 874
8320 17346 4667040 1 875
8320 17345 4667050 1 875
8320 17344 4667060 1 877
8321 17343 4667070 1 878
8321 17341 4667080 1 879
8321 17340 4667090 1 880
8321 17338 4667100 1 883
8319 17335 4667110 1 884
8318 17334 4667120 1 885
8316 17332 4667130 1 885
8314 17331 4667140 1 886
8311 17330 4667150 1 887
8308 17329 4667160 1 889
8306 17328 4667170 1 890
8303 17327 4667180 1 891
8300 17327 4667190 1 891
8298 17326 4667200 1 892
8295 17325 4667210 1 893
8292 17324 4667220 1 894
8287 17321 4667230 1 897
8285 17319 4667240 1 898
8285 17318 4667250 1 899
8285 17316 4667260 1 899
8286 17314 4667270 1 899
8288 17312 4667280 1 900
8290 17310 4667290 1 901
8292 17308 4667300 1 903
8294 17307 4667310 1 904
8296 17305 4667320 1 905
8299 17304 4667330 1 906
8301 17302 4667340 1 907
8306 17300 4667350 1 908
8308 17299 4667360 1 910
8310 17298 4667370 1 911
8313 17297 4667380 1 912
8314 17297 4667390 1 913
8316 17296 4667400 1 913
8316 17296 4667410 1 914
8315 17295 4667420 1 915
8314 17295 4667430 1 917
8312 17295 4667440 1 918
8309 17295 4667450 1 918
8306 17294 4667460 1 919
8299 17294 4667470 1 921
8296 17294 4667480 1 922
8291 17293 4667490 1 923
8286 17293 4667500 1 925
8282 17293 4667510 1 926
8277 17293 4667520 1 927
8272 17292 4667530 1 928
8267 17292 4667540 1 928
8263 17291 4667550 1 929
8258 17291 4667560 1 929
8253 17290 4667570 1 930
8248 17290 4667580 1 931
8240 17289 4667590 1 934
8237 17288 4667600 1 935
8235 17288 4667610 1 936
8234 17288 4667620 1 937
8234 17287 4667630 1 938
8234 17287 4667640 1 940
8235 17287 4667650 1 941
8237 17286 4667660 1 942
8239 17286 4667670 1 942
8241 17286 4667680 1 943
8244 17286 4667690 1 943
8247 17286 4667700 1 944
8251 17287 4667710 1 946
8254 17287 4667720 1 947
8256 17288 4667730 1 948
8259 17288 4667740 1 950
8263 17289 4667750 1 951
8266 17290 4667760 1 952
8269 17290 4667770 1 953
8271 17291 4667780 1 954
8274 17292 4667790 1 955
8275 17293 4667800 1 956
8277 17293 4667810 1 958
8279 17294 4667820 1 957
8283 17294 4667830 1 959
8285 17295 4667840 1 960
8287 17295 4667850 1 962
8289 17296 4667860 1 963
8290 17296 4667870 1 964
8290 17296 4667880 1 965
8290 17297 4667890 1 966
8290 17297 4667900 1 968
8289 17297 4667910 1 969
8288 17297 4667920 1 970
8288 17297 4667930 1 971
8287 17297 4667940 1 972
8285 17297 4667950 1 973
8284 17297 4667960 1 974
8283 17297 4667970 1 975
8281 17298 4667980 1 976
8280 17298 4667990 1 976
8280 17299 4668000 1 977
8279 17300 4668010 1 979
8278 17302 4668020 1 980
8278 17303 4668030 1 981
8277 17304 4668040 1 982
8277 17305 4668050 1 983
8277 17307 4668060 1 984
8279 17309 4668070 1 986
8280 17311 4668080 1 986
8281 17312 4668090 1 987
8282 17313 4668100 1 988
8284 17314 4668110 1 990
8285 17316 4668120 1 991
8287 17317 4668130 1 992
8288 17318 4668140 1 993
8290 17319 4668150 1 994
8291 17320 4668160 1 995
8292 17321 4668170 1 996
8293 17322 4668180 1 996
8296 17324 4668190 1 998
8298 17324 4668200 1 999
8299 17325 4668210 1 1000
8301 17325 4668220 1 1001
8303 17326 4668230 1 1001
8305 17326 4668240 1 1002
8306 17326 4668250 1 1003
8307 17326 4668260 1 1005
8308 17327 4668270 1 1006
8310 17327 4668280 1 1007
8311 17327 4668290 1 1008
8312 17327 4668300 1 1009
8314 17328 4668310 1 1011
8315 17328 4668320 1 1012
8316 17329 4668330 1 1013
8316 17329 4668340 1 1014
8316 17329 4668350 1 1014
8316 17329 4668360 1 1014
8314 17330 4668370 1 1014
8313 17330 4668380 1 1013
8311 17330 4668390 1 1010
8310 17331 4668400 1 1008
8310 17331 4668410 1 1004
8310 17331 4668420 1 1000
8310 17332 4668430 1 990
8310 17332 4668440 1 984
8310 17332 4668450 1 977
8310 17332 4668460 1 970
8309 17332 4668470 1 961
8309 17332 4668480 1 953
8309 17332 4668490 1 944
8309 17331 4668500 1 940
8309 17331 4668510 1 935
8309 17331 4668520 1 924
8309 17330 4668530 1 913
8309 17330 4668540 1 902
8308 17329 4668550 1 878
8307 17329 4668560 1 866
8305 17328 4668570 1 853
8304 17328 4668580 1 839
8303 17328 4668590 1 826
8301 17327 4668600 1 812
8299 17327 4668610 1 782
8296 17326 4668620 1 768
8294 17326 4668630 1 759
8293 17325 4668640 1 752
8292 17324 4668650 1 737
8292 17324 4668660 1 720
8293 17322 4668670 1 688
8294 17321 4668680 1 671
8295 17321 4668690 1 654
8295 17320 4668700 1 638
8295 17319 4668710 1 620
8296 17319 4668720 1 604
8296 17318 4668730 1 586
8297 17317 4668740 1 568
8297 17317 4668750 1 551
8298 17316 4668760 1 533
8300 17316 4668770 1 525
8301 17315 4668780 1 516
8303 17314 4668790 1 481
8304 17313 4668800 1 463
8305 17312 4668810 1 446
8306 17311 4668820 1 428
8307 17311 4668830 1 411
8307 17310 4668840 1 394
8307 17310 4668850 1 377
8307 17309 4668860 1 359
8308 17309 4668870 1 342
8308 17308 4668880 1 326
8309 17308 4668890 1 310
8310 17307 4668900 1 293
8313 17306 4668910 1 277
8314 17306 4668920 1 261
8314 17305 4668930 1 245
8314 17305 4668940 1 230
8314 17304 4668950 1 215
8314 17304 4668960 1 200
8314 17303 4668970 1 185
8314 17302 4668980 1 172
8313 17301 4668990 1 158
8312 17300 4669000 1 144
8312 17299 4669010 1 132
8311 17298 4669020 1 119
8310 17297 4669030 1 95
8309 17296 4669040 1 90
8309 17295 4669050 1 84
8309 17294 4669060 1 73
8309 17294 4669070 1 63
8310 17294 4669080 1 54
8311 17293 4669090 1 45
8311 17293 4669100 1 36
8312 17293 4669110 1 28
8313 17293 4669120 1 20
8313 17292 4669130 1 14
8313 17292 4669140 1 7
8312 17292 4669150 0 0
8310 17291 4669160 0 0
8309 17291 4669170 0 0
8307 17291 4669180 0 0
8304 17291 4669190 0 0
8302 17290 4669200 0 0
8301 17290 4669210 0 0
8299 17290 4669220 0 0
8297 17290 4669230 0 0
8295 17289 4669240 0 0
8294 17289 4669250 0 0
8292 17289 4669260 0 0
8288 17288 4669270 0 0
8286 17288 4669280 0 0
8285 17288 4669290 0 0
8283 17287 4669300 0 0
8282 17287 4669310 0 0
8280 17287 4669320 0 0
8280 17286 4669330 0 0
8280 17286 4669340 1 4
8281 17286 4669350 1 12
8283 17286 4669360 1 23
8285 17286 4669370 1 47
8287 17286 4669380 1 61
8294 17286 4669390 1 92
8298 17286 4669400 1 109
8303 17286 4669410 1 126
8307 17286 4669420 1 143
8311 17286 4669430 1 162
8315 17286 4669440 1 180
8319 17286 4669450 1 190
8322 17286 4669460 1 199
8325 17286 4669470 1 217
8328 17286 4669480 1 236
8330 17286 4669490 1 254
8332 17286 4669500 1 271
8333 17286 4669510 1 307
8333 17286 4669520 1 324
8331 17286 4669530 1 343
8329 17286 4669540 1 361
8327 17286 4669550 1 380
8325 17286 4669560 1 399
8323 17286 4669570 1 418
8321 17287 4669580 1 437
8320 17287 4669590 1 447
8320 17287 4669600 1 457
8319 17288 4669610 1 476
8319 17288 4669620 1 496
8319 17289 4669630 1 535
8318 17289 4669640 1 556
8318 17289 4669650 1 575
8318 17289 4669660 1 595
8318 17290 4669670 1 616
8319 17290 4669680 1 635
8320 17290 4669690 1 655
8322 17290 4669700 1 675
8324 17290 4669710 1 694
8327 17290 4669720 1 714
8330 17290 4669730 1 724
8332 17290 4669740 1 734
8337 17291 4669750 1 772
8339 17291 4669760 1 791
8341 17291 4669770 1 810
8341 17291 4669780 1 829
8341 17292 4669790 1 847
8341 17292 4669800 1 865
8340 17292 4669810 1 883
8340 17292 4669820 1 900
8339 17292 4669830 1 918
8339 17293 4669840 1 935
8339 17293 4669850 1 952
8338 17293 4669860 1 967
8336 17293 4669870 1 984
8335 17293 4669880 1 999
8333 17293 4669890 1 1013
8331 17292 4669900 1 1024
8330 17292 4669910 1 1024
8329 17291 4669920 1 1024
8327 17291 4669930 1 1024
8326 17290 4669940 1 1024
8325 17289 4669950 1 1024
8324 17288 4669960 1 1024
8323 17288 4669970 1 1024
8322 17287 4669980 1 1024
8320 17286 4669990 1 1024
8319 17285 4670000 1 1024
8317 17285 4670010 1 1024
8315 17285 4670020 1 1024
8312 17285 4670030 1 1024
8310 17284 4670040 1 1024
8307 17284 4670050 1 1024
8305 17284 4670060 1 1024
8303 17284 4670070 1 1024
8302 17284 4670080 1 1024
8301 17284 4670090 1 1024
8301 17285 4670100 1 1024
8301 17285 4670110 1 1024
8301 17285 4670120 1 1024
8302 17286 4670130 1 1024
8303 17286 4670140 1 1024
8304 17287 4670150 1 1024
8306 17287 4670160 1 1024
8308 17287 4670170 1 1024
8310 17288 4670180 1 1024
8312 17288 4670190 1 1024
8314 17288 4670200 1 1024
8317 17288 4670210 1 1024
8321 17288 4670220 1 1024
8327 17288 4670230 1 1024
8330 17288 4670240 1 1024
8332 17288 4670250 1 1024
8333 17288 4670260 1 1024
8334 17288 4670270 1 1024
8335 17289 4670280 1 1024
8335 17289 4670290 1 1024
8334 17289 4670300 1 1024
8332 17289 4670310 1 1024
8330 17289 4670320 1 1024
8328 17289 4670330 1 1024
8325 17289 4670340 1 1024
8320 17290 4670350 1 1024
8317 17291 4670360 1 1024
8315 17291 4670370 1 1024
8313 17291 4670380 1 1024
8311 17292 4670390 1 1024
8309 17292 4670400 1 1024
8308 17292 4670410 1 1024
8307 17292 4670420 1 1024
8306 17292 4670430 1 1024
8305 17292 4670440 1 1024
8305 17292 4670450 1 1024
8306 17292 4670460 1 1024
8307 17291 4670470 1 1024
8308 17291 4670480 1 1024
8310 17290 4670490 1 1024
8311 17290 4670500 1 1024
8313 17290 4670510 1 1024
8315 17289 4670520 1 1024
8317 17289 4670530 1 1024
8318 17289 4670540 1 1024
8320 17289 4670550 1 1024
8321 17288 4670560 1 1024
8323 17288 4670570 1 1024
8324 17288 4670580 1 1024
8327 17288 4670590 1 1024
8329 17288 4670600 1 1024
8330 17288 4670610 1 1024
8332 17288 4670620 1 1024
8333 17289 4670630 1 1024
8334 17289 4670640 1 1024
8336 17289 4670650 1 1024
8337 17290 4670660 1 1024
8339 17290 4670670 1 1024
8342 17290 4670680 1 1024
8344 17291 4670690 1 1024
8346 17291 4670700 1 1024
8348 17291 4670710 1 1024
8348 17290 4670720 1 1024
8349 17290 4670730 1 1024
8349 17290 4670740 1 1024
8349 17289 4670750 1 1024
8350 17289 4670760 1 1024
8350 17288 4670770 1 1024
8349 17288 4670780 1 1024
8349 17288 4670790 1 1024
8348 17288 4670800 1 1024
8348 17287 4670810 1 1024
8348 17287 4670820 1 1024
8349 17286 4670830 1 1024
8350 17286 4670840 1 1024
8352 17286 4670850 1 1024
8353 17286 4670860 1 1024
8355 17286 4670870 1 1024
8356 17285 4670880 1 1024
8357 17285 4670890 1 1024
8358 17285 4670900 1 1024
8359 17285 4670910 1 1024
8359 17285 4670920 1 1024
8359 17285 4670930 1 1024
8358 17286 4670940 1 1024
8354 17286 4670950 1 1024
8352 17287 4670960 1 1024
8349 17287 4670970 1 1024
8346 17287 4670980 1 1024
8342 17288 4670990 1 1024
8338 17288 4671000 1 1024
8333 17289 4671010 1 1024
8329 17289 4671020 1 1024
8325 17289 4671030 1 1024
8321 17290 4671040 1 1024
8319 17290 4671050 1 1024
8316 17290 4671060 1 1024
8313 17290 4671070 1 1024
8312 17290 4671080 1 1024
8312 17290 4671090 1 1024
8312 17289 4671100 1 1024
8312 17289 4671110 1 1024
8312 17289 4671120 1 1024
8313 17289 4671130 1 1024
8314 17289 4671140 1 1024
8315 17289 4671150 1 1024
8317 17288 4671160 1 1024
8319 17288 4671170 1 1024
8321 17288 4671180 1 1024
8325 17288 4671190 1 1024
8328 17287 4671200 1 1024
8330 17287 4671210 1 1024
8331 17287 4671220 1 1024
8332 17287 4671230 1 1024
8332 17287 4671240 1 1024
8332 17287 4671250 1 1024
8331 17287 4671260 1 1024
8330 17288 4671270 1 1024
8329 17288 4671280 1 1024
8328 17288 4671290 1 1024
8326 17288 4671300 1 1024
8324 17288 4671310 1 1024
8322 17288 4671320 1 1024
8321 17288 4671330 1 1024
8321 17288 4671340 1 1024
8320 17288 4671350 1 1024
8319 17288 4671360 1 1024
8317 17288 4671370 1 1024
8316 17288 4671380 1 1024
8315 17288 4671390 1 1024
8314 17288 4671400 1 1024
8312 17287 4671410 1 1024
8311 17287 4671420 1 1024
8308 17287 4671430 1 1024
8306 17287 4671440 1 1024
8305 17287 4671450 1 1024
8303 17287 4671460 1 1024
8302 17287 4671470 1 1024
8302 17287 4671480 1 1024
8301 17287 4671490 1 1024
8302 17287 4671500 1 1024
8302 17288 4671510 1 1024
8303 17288 4671520 1 1024
8304 17288 4671530 1 1024
8305 17288 4671540 1 1023
8307 17289 4671550 1 1024
8307 17289 4671560 1 1024
8308 17290 4671570 1 1024
8309 17290 4671580 1 1024
8310 17290 4671590 1 1024
8310 17291 4671600 1 1023
8311 17291 4671610 1 1024
8311 17291 4671620 1 1024
8311 17291 4671630 1 1024
8311 17291 4671640 1 1024
8311 17291 4671650 1 1024
8311 17291 4671660 1 1024
8312 17290 4671670 1 1023
8313 17290 4671680 1 1024
8315 17290 4671690 1 1024
8316 17289 4671700 1 1024
8318 17289 4671710 1 1024
8319 17289 4671720 1 1023
8321 17289 4671730 1 1023
8324 17288 4671740 1 1023
8326 17288 4671750 1 1023
8328 17288 4671760 1 1024
8330 17287 4671770 1 1024
8332 17287 4671780 1 1024
8333 17287 4671790 1 1023
8333 17287 4671800 1 1023
8332 17287 4671810 1 1023
8331 17287 4671820 1 1023
8329 17287 4671830 1 1024
8328 17287 4671840 1 1023
8326 17287 4671850 1 1023
8325 17287 4671860 1 1023
8323 17287 4671870 1 1023
8322 17287 4671880 1 1023
8320 17288 4671890 1 1023
8318 17288 4671900 1 1023
8314 17289 4671910 1 1023
8312 17289 4671920 1 1023
8310 17289 4671930 1 1023
8308 17289 4671940 1 1023
8306 17289 4671950 1 1023
8304 17289 4671960 1 1023
8302 17289 4671970 1 1023
8301 17289 4671980 1 1024
8299 17289 4671990 1 1023
8298 17289 4672000 1 1023
8296 17289 4672010 1 1023
8294 17289 4672020 1 1023
8291 17290 4672030 1 1024
8289 17290 4672040 1 1024
8287 17290 4672050 1 1024
8285 17290 4672060 1 1023
8284 17290 4672070 1 1023
8284 17290 4672080 1 1023
8284 17290 4672090 1 1024
8284 17291 4672100 1 1024
8285 17291 4672110 1 1024
8287 17291 4672120 1 1024
8288 17291 4672130 1 1024
8290 17291 4672140 1 1023
8296 17291 4672150 1 1024
8300 17291 4672160 1 1024
8303 17291 4672170 1 1024
8307 17291 4672180 1 1024
8311 17291 4672190 1 1024
8314 17291 4672200 1 1024
8317 17291 4672210 1 1024
8319 17291 4672220 1 1024
8321 17291 4672230 1 1024
8323 17291 4672240 1 1024
8325 17292 4672250 1 1024
8327 17292 4672260 1 1024
8328 17292 4672270 1 1024
8328 17292 4672280 1 1024
8326 17292 4672290 1 1024
8324 17292 4672300 1 1024
8323 17292 4672310 1 1024
8321 17292 4672320 1 1024
8320 17292 4672330 1 1024
8320 17292 4672340 1 1024
8320 17291 4672350 1 1024
8320 17291 4672360 1 1024
8321 17291 4672370 1 1024
8322 17290 4672380 1 1024
8324 17290 4672390 1 1024
8325 17289 4672400 1 1024
8327 17289 4672410 1 1024
8328 17289 4672420 1 1024
8330 17289 4672430 1 1024
8331 17289 4672440 1 1024
8332 17289 4672450 1 1024
8334 17288 4672460 1 1024
8335 17288 4672470 1 1024
8337 17288 4672480 1 1024
8339 17288 4672490 1 1024
8340 17288 4672500 1 1024
8342 17288 4672510 1 1024
8343 17288 4672520 1 1024
8343 17288 4672530 1 1024
8344 17288 4672540 1 1024
8344 17288 4672550 1 1024
8344 17288 4672560 1 1024
8344 17288 4672570 1 1024
8344 17288 4672580 1 1024
8343 17288 4672590 1 1024
8342 17288 4672600 1 1024
8340 17288 4672610 1 1024
8339 17288 4672620 1 1024
8335 17288 4672630 1 1024
8334 17288 4672640 1 1024
8332 17288 4672650 1 1024
8330 17288 4672660 1 1024
8328 17288 4672670 1 1024
8327 17288 4672680 1 1024
8325 17289 4672690 1 1024
8323 17289 4672700 1 1024
8321 17289 4672710 1 1024
8319 17289 4672720 1 1024
8317 17289 4672730 1 1024
8316 17289 4672740 1 1024
8314 17289 4672750 1 1024
8314 17289 4672760 1 1024
8315 17289 4672770 1 1024
8315 17289 4672780 1 1024
8315 17289 4672790 1 1024
8315 17289 4672800 1 1024
8314 17289 4672810 1 1024
8313 17289 4672820 1 1024
8311 17289 4672830 1 1024
8309 17289 4672840 1 1024
8307 17289 4672850 1 1024
8306 17289 4672860 1 1024
8304 17290 4672870 1 1024
8303 17290 4672880 1 1024
8302 17290 4672890 1 1024
8301 17290 4672900 1 1024
8300 17290 4672910 1 1024
8300 17290 4672920 1 1024
8301 17290 4672930 1 1024
8302 17290 4672940 1 1024
8303 17290 4672950 1 1024
8305 17289 4672960 1 1024
8306 17289 4672970 1 1024
8307 17289 4672980 1 1024
8309 17288 4672990 1 1024
8310 17288 4673000 1 1024
8310 17288 4673010 1 1024
8311 17287 4673020 1 1024
8310 17287 4673030 1 1024
8310 17287 4673040 1 1024
8310 17287 4673050 1 1024
8309 17287 4673060 1 1024
8309 17287 4673070 1 1024
8309 17287 4673080 1 1024
8310 17287 4673090 1 1024
8311 17287 4673100 1 1024
8313 17288 4673110 1 1024
8313 17288 4673120 1 1024
8314 17289 4673130 1 1024
8316 17289 4673140 1 1024
8317 17290 4673150 1 1024
8319 17290 4673160 1 1024
8321 17291 4673170 1 1024
8322 17291 4673180 1 1024
8323 17291 4673190 1 1024
8323 17292 4673200 1 1024
8323 17292 4673210 1 1024
8322 17293 4673220 1 1024
8321 17293 4673230 1 1024
8321 17294 4673240 1 1024
8320 17294 4673250 1 1024
8319 17295 4673260 1 1024
8318 17295 4673270 1 1024
8317 17296 4673280 1 1024
8316 17296 4673290 1 1024
8316 17297 4673300 1 1024
8316 17297 4673310 1 1024
8316 17298 4673320 1 1024
8317 17298 4673330 1 1024
8317 17299 4673340 1 1024
8319 17300 4673350 1 1024
8320 17300 4673360 1 1024
8320 17301 4673370 1 1024
8320 17301 4673380 1 1024
8320 17302 4673390 1 1024
8319 17302 4673400 1 1024
8318 17303 4673410 1 1024
8317 17303 4673420 1 1024
8316 17304 4673430 1 1024
8313 17304 4673440 1 1024
8311 17305 4673450 1 1024
8309 17305 4673460 1 1024
8304 17305 4673470 1 1024
8302 17305 4673480 1 1024
8299 17305 4673490 1 1024
8296 17305 4673500 1 1024
8292 17305 4673510 1 1024
8288 17305 4673520 1 1024
8284 17304 4673530 1 1024
8280 17304 4673540 1 1024
8276 17304 4673550 1 1024
8273 17304 4673560 1 1024
8269 17304 4673570 1 1024
8266 17304 4673580 1 1024
8260 17303 4673590 1 1024
8257 17303 4673600 1 1024
8256 17303 4673610 1 1024
8254 17303 4673620 1 1024
8253 17302 4673630 1 1024
8252 17302 4673640 1 1024
8251 17301 4673650 1 1024
8251 17300 4673660 1 1024
8251 17300 4673670 1 1024
8252 17299 4673680 1 1024
8252 17298 4673690 1 1024
8253 17297 4673700 1 1024
8257 17295 4673710 1 1024
8260 17294 4673720 1 1024
8263 17292 4673730 1 1024
8266 17291 4673740 1 1024
8270 17291 4673750 1 1024
8275 17290 4673760 1 1024
8280 17289 4673770 1 1024
8286 17288 4673780 1 1024
8293 17288 4673790 1 1024
8299 17287 4673800 1 1024
8305 17286 4673810 1 1024
8311 17286 4673820 1 1024
8323 17284 4673830 1 1024
8329 17283 4673840 1 1024
8335 17283 4673850 1 1024
8340 17282 4673860 1 1024
8345 17281 4673870 1 1024
8349 17280 4673880 1 1024
8353 17279 4673890 1 1024
8356 17278 4673900 1 1024
8357 17277 4673910 1 1024
8357 17276 4673920 1 1024
8355 17276 4673930 1 1024
8352 17275 4673940 1 1024
8344 17275 4673950 1 1024
8340 17275 4673960 1 1024
8335 17275 4673970 1 1024
8330 17274 4673980 1 1024
8325 17274 4673990 1 1024
8320 17273 4674000 1 1024
8315 17273 4674010 1 1024
8310 17272 4674020 1 1024
8306 17272 4674030 1 1024
8303 17271 4674040 1 1024
8301 17271 4674050 1 1024
8300 17271 4674060 1 1024
8299 17270 4674070 1 1024
8300 17269 4674080 1 1024
8302 17269 4674090 1 1024
8305 17269 4674100 1 1024
8308 17269 4674110 1 1024
8312 17268 4674120 1 1024
8316 17268 4674130 1 1024
8321 17268 4674140 1 1024
8325 17268 4674150 1 1024
8329 17268 4674160 1 1024
8334 17267 4674170 1 1024
8337 17267 4674180 1 1024
8343 17266 4674190 1 1024
8346 17265 4674200 1 1024
8348 17265 4674210 1 1024
8350 17264 4674220 1 1024
8352 17264 4674230 1 1024
8354 17264 4674240 1 1024
8355 17263 4674250 1 1024
8357 17263 4674260 1 1024
8358 17263 4674270 1 1024
8359 17262 4674280 1 1024
8360 17262 4674290 1 1024
8361 17262 4674300 1 1024
8360 17262 4674310 1 1024
8360 17262 4674320 1 1024
8358 17262 4674330 1 1024
8356 17262 4674340 1 1024
8354 17263 4674350 1 1024
8351 17263 4674360 1 1024
8348 17263 4674370 1 1024
8344 17263 4674380 1 1024
8340 17264 4674390 1 1024
8337 17264 4674400 1 1024
8333 17264 4674410 1 1024
8330 17265 4674420 1 1024
8325 17266 4674430 1 1024
8323 17266 4674440 1 1024
8321 17267 4674450 1 1024
8319 17268 4674460 1 1024
8317 17268 4674470 1 1024
8315 17269 4674480 1 1024
8314 17270 4674490 1 1024
8314 17271 4674500 1 1024
8313 17272 4674510 1 1024
8314 17272 4674520 1 1024
8314 17273 4674530 1 1024
8315 17274 4674540 1 1024
8319 17275 4674550 1 1024
8321 17276 4674560 1 1024
8324 17276 4674570 1 1024
8327 17277 4674580 1 1024
8331 17277 4674590 1 1024
8334 17278 4674600 1 1024
8338 17278 4674610 1 1024
8340 17279 4674620 1 1024
8343 17279 4674630 1 1024
8345 17279 4674640 1 1024
8347 17279 4674650 1 1024
8349 17280 4674660 1 1024
8349 17280 4674670 1 1024
8348 17281 4674680 1 1024
8346 17282 4674690 1 1024
8345 17282 4674700 1 1024
8343 17283 4674710 1 1024
8341 17283 4674720 1 1024
8339 17284 4674730 1 1024
8338 17284 4674740 1 1024
8336 17285 4674750 1 1024
8334 17285 4674760 1 1024
8332 17285 4674770 1 1024
8330 17285 4674780 1 1024
8324 17286 4674790 1 1024
8321 17286 4674800 1 1024
8319 17286 4674810 1 1024
8317 17286 4674820 1 1024
8315 17287 4674830 1 1024
8314 17287 4674840 1 1024
8312 17287 4674850 1 1024
8311 17287 4674860 1 1024
8311 17287 4674870 1 1024
8311 17287 4674880 1 1024
8310 17287 4674890 1 1024
8309 17287 4674900 1 1024
8303 17286 4674910 1 1024
8298 17286 4674920 1 1024
8290 17286 4674930 1 1024
8281 17285 4674940 1 1024
8271 17285 4674950 1 1024
8261 17285 4674960 1 1024
8250 17284 4674970 1 1024
8238 17284 4674980 1 1024
8227 17283 4674990 1 1024
8216 17283 4675000 1 1024
8205 17283 4675010 1 1024
8194 17282 4675020 1 1024
8171 17281 4675030 1 1024
8162 17281 4675040 1 1024
8155 17280 4675050 1 1024
8150 17280 4675060 1 1024
8148 17279 4675070 1 1024
8148 17279 4675080 1 1024
8148 17278 4675090 1 1024
8150 17277 4675100 1 1024
8152 17276 4675110 1 1024
8153 17275 4675120 1 1024
8156 17274 4675130 1 1024
8157 17273 4675140 1 1024
8161 17271 4675150 1 1024
8163 17270 4675160 1 1024
8165 17270 4675170 1 1024
8168 17269 4675180 1 1024
8172 17268 4675190 1 1024
8175 17268 4675200 1 1024
8179 17267 4675210 1 1024
8183 17267 4675220 1 1024
8187 17266 4675230 1 1024
8190 17266 4675240 1 1024
8194 17265 4675250 1 1024
8197 17265 4675260 1 1024
8204 17265 4675270 1 1024
8206 17265 4675280 1 1024
8209 17265 4675290 1 1024
8211 17264 4675300 1 1024
8212 17264 4675310 1 1024
8213 17264 4675320 1 1024
8214 17264 4675330 1 1024
8215 17264 4675340 1 1024
8214 17264 4675350 1 1024
8214 17263 4675360 1 1024
8213 17263 4675370 1 1024
8212 17262 4675380 1 1024
8212 17261 4675390 1 1024
8212 17261 4675400 1 1024
8212 17260 4675410 1 1024
8213 17260 4675420 1 1024
8213 17260 4675430 1 1024
8215 17259 4675440 1 1006
8216 17259 4675450 1 883
8218 17260 4675460 1 754
8221 17260 4675470 1 690
8223 17260 4675480 1 622
8226 17260 4675490 1 486
8229 17261 4675500 1 348
8233 17261 4675510 1 61
8235 17261 4675520 0 0
8236 17261 4675530 0 0
8237 17261 4675540 0 0
8237 17261 4675550 0 0
8237 17261 4675560 0 0
8236 17262 4675570 0 0
8234 17262 4675580 0 0
8232 17262 4675590 0 0
8229 17262 4675600 0 0
8225 17262 4675610 0 0
8221 17263 4675620 0 0
8214 17263 4675630 0 0
8211 17263 4675640 0 0
8208 17263 4675650 0 0
8205 17263 4675660 0 0
8203 17263 4675670 0 0
8200 17263 4675680 0 0
8198 17263 4675690 0 0
8197 17263 4675700 0 0
8195 17262 4675710 0 0
8195 17262 4675720 0 0
8195 17262 4675730 0 0
8196 17261 4675740 0 0
8198 17261 4675750 0 0
8200 17260 4675760 0 0
8202 17260 4675770 0 0
8204 17260 4675780 0 0
8206 17259 4675790 0 0
8209 17259 4675800 0 0
8212 17259 4675810 0 0
8215 17259 4675820 0 0
8218 17259 4675830 0 0
8221 17259 4675840 0 0
8224 17259 4675850 0 0
8227 17259 4675860 0 0
8231 17259 4675870 0 0
8233 17259 4675880 0 0
8233 17260 4675890 0 0
8234 17260 4675900 0 0
8235 17261 4675910 0 0
8235 17262 4675920 0 0
8235 17262 4675930 0 0
8234 17263 4675940 0 0
8233 17263 4675950 0 0
8233 17264 4675960 0 0
8232 17265 4675970 0 0
8231 17266 4675980 0 0
8229 17267 4675990 0 0
8227 17268 4676000 0 0
8225 17268 4676010 0 0
8223 17269 4676020 0 0
8220 17270 4676030 0 0
8216 17270 4676040 0 0
8213 17271 4676050 0 0
8209 17271 4676060 0 0
8206 17272 4676070 0 0
8203 17272 4676080 0 0
8201 17272 4676090 0 0
8199 17272 4676100 0 0
8197 17272 4676110 0 0
8196 17272 4676120 0 0
8195 17272 4676130 0 0
8194 17271 4676140 0 0
8193 17271 4676150 0 0
8191 17272 4676160 0 0
8189 17272 4676170 0 0
8186 17272 4676180 0 0
8184 17272 4676190 0 0
8181 17273 4676200 0 0
8179 17273 4676210 0 0
8177 17274 4676220 0 0
8175 17274 4676230 0 0
8174 17275 4676240 0 0
8174 17275 4676250 0 0
8175 17275 4676260 0 0
8175 17276 4676270 0 0
8175 17276 4676280 0 0
8176 17276 4676290 0 0
8177 17277 4676300 0 0
8178 17277 4676310 0 0
8180 17277 4676320 1 118
8181 17277 4676330 1 525
8182 17277 4676340 1 948
8183 17277 4676350 1 1024
8183 17277 4676360 1 1024
8182 17277 4676370 0 0
8182 17277 4676380 0 0
8181 17277 4676390 0 0
8180 17277 4676400 0 0
8180 17277 4676410 0 0
8179 17277 4676420 0 0
8178 17277 4676430 0 0
8177 17277 4676440 0 0
8175 17277 4676450 0 0
8174 17278 4676460 0 0
8173 17279 4676470 0 0
8173 17279 4676480 0 0
8174 17279 4676490 0 0
8176 17280 4676500 0 0
8179 17280 4676510 0 0
8182 17281 4676520 0 0
8185 17281 4676530 0 0
8189 17281 4676540 0 0
8193 17282 4676550 0 0
8197 17282 4676560 0 0
8201 17282 4676570 0 0
8205 17282 4676580 0 0
8214 17282 4676590 0 0
8218 17282 4676600 0 0
8222 17281 4676610 0 0
8225 17281 4676620 0 0
8227 17281 4676630 0 0
8228 17281 4676640 0 0
8227 17281 4676650 0 0
8225 17281 4676660 0 0
8223 17281 4676670 0 0
8219 17281 4676680 0 0
8215 17281 4676690 0 0
8211 17282 4676700 0 0
8205 17282 4676710 0 0
8202 17282 4676720 0 0
8200 17282 4676730 0 0
8197 17282 4676740 0 0
8195 17282 4676750 0 0
8193 17282 4676760 0 0
8191 17282 4676770 0 0
8189 17282 4676780 0 0
8187 17282 4676790 0 0
8186 17281 4676800 0 0
8186 17281 4676810 0 0
8185 17281 4676820 0 0
8185 17281 4676830 0 0
8185 17281 4676840 0 0
8186 17280 4676850 0 0
8188 17280 4676860 0 0
8191 17280 4676870 0 0
8195 17280 4676880 0 0
8199 17279 4676890 0 0
8204 17278 4676900 0 0
8210 17278 4676910 0 0
8216 17277 4676920 0 0
8222 17276 4676930 0 0
8229 17275 4676940 0 0
8241 17274 4676950 0 0
8246 17273 4676960 0 0
8250 17273 4676970 0 0
8253 17272 4676980 0 0
8254 17272 4676990 0 0
8255 17271 4677000 0 0
8255 17271 4677010 0 0
8256 17271 4677020 1 11
8256 17271 4677030 1 54
8257 17270 4677040 1 116
8257 17270 4677050 1 188
8257 17270 4677060 1 270
8257 17271 4677070 1 435
8257 17271 4677080 1 510
8256 17271 4677090 1 574
8256 17271 4677100 1 620
8255 17270 4677110 1 639
8254 17270 4677120 1 646
8253 17270 4677130 1 655
8252 17269 4677140 1 651
8252 17269 4677150 1 638
8251 17269 4677160 1 620
8251 17268 4677170 1 600
8250 17268 4677180 1 586
8248 17267 4677190 1 583
8246 17266 4677200 1 604
8245 17265 4677210 1 644
8244 17265 4677220 1 696
8243 17264 4677230 1 752
8242 17263 4677240 1 804
8243 17262 4677250 1 830
8244 17262 4677260 1 846
8245 17261 4677270 1 868
8247 17261 4677280 1 861
8249 17260 4677290 1 820
8251 17260 4677300 1 734
8255 17260 4677310 1 413
8256 17260 4677320 1 226
8257 17261 4677330 1 98
8257 17261 4677340 1 83
8257 17261 4677350 1 242
8258 17261 4677360 1 573
8259 17262 4677370 1 871
8259 17262 4677380 1 1019
8261 17262 4677390 1 1024
8262 17262 4677400 1 1019
8263 17262 4677410 1 1019
8265 17262 4677420 1 1020
8268 17261 4677430 1 1018
8270 17261 4677440 1 1019
8271 17260 4677450 1 1019
8271 17259 4677460 1 1019
8270 17258 4677470 1 1019
8269 17258 4677480 1 1019
8266 17257 4677490 1 1019
8264 17256 4677500 1 1019
8261 17256 4677510 1 1018
8260 17255 4677520 1 1018
8258 17254 4677530 1 1018
8257 17254 4677540 1 1018
8253 17253 4677550 1 1019
8251 17252 4677560 1 1019
8249 17252 4677570 1 1019
8248 17252 4677580 1 1018
8247 17251 4677590 1 1018
8245 17251 4677600 1 1018
8244 17251 4677610 1 1018
8244 17251 4677620 1 1018
8244 17251 4677630 1 1018
8245 17251 4677640 1 1018
8245 17251 4677650 1 1019
8245 17251 4677660 1 1017
8244 17252 4677670 1 1018
8243 17252 4677680 1 1018
8242 17253 4677690 1 1018
8240 17253 4677700 1 1018
8239 17254 4677710 1 1018
8238 17254 4677720 1 1018
8237 17254 4677730 1 1017
8237 17255 4677740 1 1017
8239 17255 4677750 1 1017
8241 17255 4677760 1 1017
8245 17255 4677770 1 1017
8249 17255 4677780 1 938
8260 17254 4677790 1 700
8265 17253 4677800 1 617
8270 17252 4677810 1 445
8274 17251 4677820 1 266
8277 17251 4677830 1 79
8279 17250 4677840 0 0
8281 17249 4677850 0 0
8283 17248 4677860 0 0
8284 17248 4677870 0 0
8285 17247 4677880 0 0
8285 17247 4677890 0 0
8284 17247 4677900 0 0
8283 17248 4677910 0 0
8283 17248 4677920 0 0
8284 17248 4677930 0 0
8285 17249 4677940 0 0
8286 17249 4677950 0 0
8288 17250 4677960 0 0
8289 17250 4677970 0 0
8290 17250 4677980 0 0
8291 17250 4677990 0 0
8291 17251 4678000 0 0
8291 17251 4678010 0 0
8291 17251 4678020 0 0
8291 17251 4678030 0 0
8290 17251 4678040 0 0
8290 17251 4678050 0 0
8290 17251 4678060 0 0
8289 17251 4678070 0 0
8288 17251 4678080 0 0
8285 17251 4678090 0 0
8283 17251 4678100 0 0
8279 17251 4678110 0 0
8275 17251 4678120 0 0
8270 17251 4678130 0 0
8265 17251 4678140 0 0
8256 17250 4678150 0 0
8253 17250 4678160 0 0
8249 17250 4678170 0 0
8246 17250 4678180 0 0
8243 17250 4678190 0 0
8241 17250 4678200 0 0
8238 17250 4678210 0 0
8236 17251 4678220 1 1
8234 17251 4678230 1 1
8231 17251 4678240 1 1
8230 17252 4678250 1 1
8228 17252 4678260 1 2
8225 17253 4678270 1 2
8225 17254 4678280 1 2
8224 17254 4678290 1 3
8225 17255 4678300 1 3
8226 17255 4678310 1 3
8228 17256 4678320 1 3
8230 17256 4678330 1 4
8232 17256 4678340 1 4
8235 17255 4678350 1 4
8239 17255 4678360 1 4
8242 17254 4678370 1 4
8246 17254 4678380 1 3
8255 17253 4678390 1 3
8259 17252 4678400 1 4
8263 17252 4678410 1 4
8267 17252 4678420 1 3
8270 17252 4678430 1 4
8274 17251 4678440 1 4
8277 17251 4678450 1 769
8280 17251 4678460 1 1014
8282 17251 4678470 1 1012
8286 17251 4678480 1 4
8290 17251 4678490 1 6
8293 17252 4678500 1 5
8300 17253 4678510 1 6
8302 17254 4678520 1 6
8304 17254 4678530 1 6
8305 17255 4678540 1 5
8306 17256 4678550 1 6
8306 17257 4678560 1 6
8306 17257 4678570 1 6
8306 17258 4678580 1 7
8305 17259 4678590 1 16
8304 17259 4678600 1 35
8304 17259 4678610 1 64
8303 17260 4678620 1 98
8301 17260 4678630 1 181
8300 17260 4678640 1 227
8299 17260 4678650 1 272
8297 17260 4678660 1 316
8294 17260 4678670 1 355
8292 17260 4678680 1 391
8289 17260 4678690 1 421
8287 17259 4678700 1 441
8285 17259 4678710 1 451
8283 17258 4678720 1 451
8280 17257 4678730 1 437
8278 17257 4678740 1 407
8275 17255 4678750 1 298
8274 17254 4678760 1 212
8274 17254 4678770 1 107
8274 17253 4678780 1 9
8273 17252 4678790 1 9
8272 17252 4678800 1 10
8270 17251 4678810 1 10
8268 17251 4678820 1 10
8266 17250 4678830 1 11
8263 17250 4678840 1 11
8261 17250 4678850 1 10
8259 17250 4678860 1 10
8256 17250 4678870 1 11
8255 17250 4678880 1 11
8256 17251 4678890 1 12
8257 17251 4678900 1 11
8259 17251 4678910 1 11
8263 17252 4678920 1 11
8267 17252 4678930 1 12
8272 17252 4678940 1 12
8277 17252 4678950 1 12
8283 17252 4678960 1 13
8288 17252 4678970 1 12
8292 17252 4678980 1 12
8298 17252 4678990 1 830
8300 17252 4679000 1 1009
8301 17252 4679010 1 1009
8301 17252 4679020 1 1009
8300 17252 4679030 1 1008
8298 17252 4679040 1 1008
8296 17251 4679050 1 1008
8294 17251 4679060 1 1008
8293 17251 4679070 1 1008
8292 17252 4679080 1 1009
8292 17252 4679090 1 1009
8293 17252 4679100 1 574
