7657 18649 5767975 1 881
7657 18649 5767985 1 881
7658 18648 5767995 1 882
7658 18648 5768005 1 882
7659 18648 5768015 1 882
7661 18647 5768025 1 882
7662 18647 5768035 1 841
7663 18647 5768045 1 791
7663 18647 5768055 1 832
7663 18646 5768065 1 449
7663 18646 5768075 1 355
7663 18645 5768085 1 448
7664 18644 5768095 1 448
7665 18643 5768105 1 447
7667 18643 5768115 1 446
7667 18642 5768125 1 446
7668 18642 5768135 1 446
7669 18643 5768145 1 445
7669 18643 5768155 1 444
7669 18644 5768165 1 444
7669 18644 5768175 1 443
7668 18644 5768185 1 445
7667 18645 5768195 1 448
7665 18645 5768205 1 454
7664 18645 5768215 1 458
7663 18645 5768225 1 462
7662 18645 5768235 1 471
7660 18646 5768245 1 493
7659 18646 5768255 1 505
7658 18646 5768265 1 519
7658 18646 5768275 1 532
7657 18646 5768285 1 546
7657 18646 5768295 1 559
7657 18646 5768305 1 572
7657 18646 5768315 1 585
7658 18646 5768325 1 597
7658 18647 5768335 1 617
7659 18647 5768345 1 621
7659 18647 5768355 1 625
7659 18647 5768365 1 630
7659 18647 5768375 1 634
7659 18647 5768385 1 635
7659 18647 5768395 1 634
7660 18647 5768405 1 634
7661 18647 5768415 1 633
7663 18647 5768425 1 632
7663 18648 5768435 1 631
7664 18648 5768445 1 631
7664 18648 5768455 1 632
7664 18648 5768465 1 632
7665 18648 5768475 1 632
7665 18648 5768485 1 632
7666 18647 5768495 1 632
7666 18647 5768505 1 632
7668 18647 5768515 1 634
7668 18647 5768525 1 634
7669 18647 5768535 1 635
7669 18646 5768545 1 637
7670 18646 5768555 1 638
7671 18646 5768565 1 639
7672 18646 5768575 1 640
7673 18646 5768585 1 641
7675 18646 5768595 1 642
7678 18646 5768605 1 645
7679 18646 5768615 1 646
7681 18646 5768625 1 647
7682 18647 5768635 1 648
7683 18647 5768645 1 650
7683 18647 5768655 1 652
7684 18648 5768665 1 653
7684 18648 5768675 1 655
7683 18648 5768685 1 657
7681 18649 5768695 1 661
7680 18649 5768705 1 665
7679 18649 5768715 1 667
7677 18649 5768725 1 669
7676 18649 5768735 1 672
7676 18650 5768745 1 673
7675 18650 5768755 1 674
7676 18650 5768765 1 676
7676 18650 5768775 1 678
7678 18650 5768785 1 682
7678 18649 5768795 1 685
7679 18649 5768805 1 687
7680 18649 5768815 1 689
7681 18649 5768825 1 692
7681 18649 5768835 1 694
7682 18648 5768845 1 696
7682 18648 5768855 1 699
7682 18648 5768865 1 701
7683 18647 5768875 1 704
7683 18647 5768885 1 705
7683 18647 5768895 1 707
7684 18647 5768905 1 710
7685 18646 5768915 1 712
7685 18646 5768925 1 714
7686 18646 5768935 1 716
7687 18646 5768945 1 718
7687 18645 5768955 1 720
7687 18645 5768965 1 723
7687 18645 5768975 1 725
7686 18645 5768985 1 727
7685 18645 5768995 1 729
7683 18645 5769005 1 731
7682 18645 5769015 1 731
7680 18646 5769025 1 732
7679 18646 5769035 1 734
7679 18646 5769045 1 735
7678 18646 5769055 1 737
7678 18646 5769065 1 738
7679 18646 5769075 1 739
7680 18646 5769085 1 740
7681 18646 5769095 1 741
7681 18646 5769105 1 742
7682 18646 5769115 1 742
7683 18646 5769125 1 743
7684 18646 5769135 1 743
7686 18646 5769145 1 744
7688 18646 5769155 1 744
7690 18646 5769165 1 745
7693 18646 5769175 1 745
7697 18646 5769185 1 746
7701 18646 5769195 1 746
7705 18646 5769205 1 747
7709 18646 5769215 1 747
7714 18646 5769225 1 748
7722 18646 5769235 1 749
7726 18646 5769245 1 749
7729 18646 5769255 1 750
7731 18646 5769265 1 751
7733 18646 5769275 1 751
7734 18646 5769285 1 751
7734 18646 5769295 1 751
7734 18646 5769305 1 752
7734 18646 5769315 1 753
7732 18647 5769325 1 753
7730 18647 5769335 1 754
7729 18648 5769345 1 754
7728 18648 5769355 1 755
7728 18648 5769365 1 756
7727 18648 5769375 1 756
7727 18648 5769385 1 756
7726 18649 5769395 1 757
7726 18649 5769405 1 758
7725 18649 5769415 1 759
7724 18649 5769425 1 759
7723 18649 5769435 1 759
7722 18649 5769445 1 760
7720 18649 5769455 1 761
7719 18650 5769465 1 761
7719 18650 5769475 1 762
7719 18650 5769485 1 763
7720 18651 5769495 1 763
7723 18652 5769505 1 764
7724 18652 5769515 1 765
7726 18652 5769525 1 765
7728 18653 5769535 1 766
7730 18653 5769545 1 766
7732 18653 5769555 1 767
7735 18654 5769565 1 767
7737 18654 5769575 1 767
7738 18654 5769585 1 768
7742 18654 5769595 1 769
7743 18655 5769605 1 769
7745 18655 5769615 1 770
7746 18655 5769625 1 771
7748 18655 5769635 1 772
7749 18656 5769645 1 772
7750 18656 5769655 1 773
7752 18656 5769665 1 773
7754 18657 5769675 1 774
7757 18657 5769685 1 774
7758 18657 5769695 1 775
7760 18657 5769705 1 776
7761 18658 5769715 1 776
7762 18657 5769725 1 777
7763 18657 5769735 1 777
7764 18657 5769745 1 778
7765 18657 5769755 1 779
7766 18657 5769765 1 779
7766 18656 5769775 1 780
7766 18656 5769785 1 781
7765 18656 5769795 1 782
7764 18656 5769805 1 782
7762 18656 5769815 1 782
7761 18656 5769825 1 783
7759 18656 5769835 1 783
7758 18656 5769845 1 784
7757 18656 5769855 1 784
7756 18656 5769865 1 786
7755 18657 5769875 1 787
7755 18657 5769885 1 787
7755 18657 5769895 1 787
7754 18657 5769905 1 788
7753 18657 5769915 1 789
7753 18658 5769925 1 790
7752 18658 5769935 1 790
7751 18658 5769945 1 790
7751 18658 5769955 1 791
7751 18657 5769965 1 792
7752 18657 5769975 1 793
7753 18657 5769985 1 793
7754 18657 5769995 1 794
7755 18656 5770005 1 795
7756 18656 5770015 1 795
7758 18656 5770025 1 796
7758 18655 5770035 1 796
7760 18654 5770045 1 798
7760 18654 5770055 1 799
7761 18654 5770065 1 799
7761 18653 5770075 1 799
7761 18653 5770085 1 800
7762 18652 5770095 1 800
7762 18652 5770105 1 801
7762 18652 5770115 1 802
7763 18651 5770125 1 802
7762 18650 5770135 1 803
7761 18650 5770145 1 804
7759 18649 5770155 1 805
7756 18648 5770165 1 805
7753 18647 5770175 1 806
7750 18646 5770185 1 808
7747 18645 5770195 1 808
7744 18644 5770205 1 809
7740 18643 5770215 1 809
7734 18641 5770225 1 810
7731 18640 5770235 1 811
7729 18639 5770245 1 812
7727 18638 5770255 1 812
7725 18638 5770265 1 813
7723 18637 5770275 1 813
7721 18636 5770285 1 814
7720 18635 5770295 1 815
7719 18633 5770305 1 816
7716 18631 5770315 1 817
7715 18629 5770325 1 818
7713 18628 5770335 1 819
7712 18626 5770345 1 819
7711 18625 5770355 1 819
7710 18624 5770365 1 820
7709 18622 5770375 1 820
7709 18621 5770385 1 821
7708 18620 5770395 1 822
7709 18618 5770405 1 823
7709 18617 5770415 1 824
7710 18616 5770425 1 825
7712 18615 5770435 1 825
7714 18615 5770445 1 826
7716 18614 5770455 1 827
7718 18613 5770465 1 827
7720 18613 5770475 1 828
7722 18612 5770485 1 828
7725 18611 5770495 1 830
7726 18611 5770505 1 831
7726 18610 5770515 1 832
7727 18610 5770525 1 832
7727 18610 5770535 1 832
7727 18610 5770545 1 833
7727 18609 5770555 1 834
7727 18609 5770565 1 835
7727 18609 5770575 1 836
7726 18609 5770585 1 837
7725 18608 5770595 1 838
7725 18608 5770605 1 839
7724 18608 5770615 1 839
7723 18608 5770625 1 840
7722 18607 5770635 1 840
7721 18607 5770645 1 841
7719 18606 5770655 1 842
7718 18606 5770665 1 842
7715 18605 5770675 1 844
7714 18605 5770685 1 845
7712 18604 5770695 1 846
7711 18604 5770705 1 846
7710 18603 5770715 1 847
7710 18603 5770725 1 848
7709 18603 5770735 1 849
7709 18603 5770745 1 849
7710 18602 5770755 1 850
7712 18602 5770765 1 851
7714 18602 5770775 1 852
7716 18602 5770785 1 852
7718 18603 5770795 1 853
7721 18603 5770805 1 854
7724 18603 5770815 1 855
7727 18603 5770825 1 856
7730 18604 5770835 1 857
7733 18604 5770845 1 857
7740 18605 5770855 1 859
7743 18605 5770865 1 860
7746 18606 5770875 1 861
7748 18606 5770885 1 861
7750 18607 5770895 1 861
7751 18608 5770905 1 862
7752 18608 5770915 1 863
7752 18609 5770925 1 864
7752 18610 5770935 1 865
7750 18611 5770945 1 867
7749 18611 5770955 1 868
7748 18612 5770965 1 869
7748 18613 5770975 1 869
7748 18613 5770985 1 870
7748 18613 5770995 1 871
7749 18614 5771005 1 872
7749 18614 5771015 1 872
7750 18614 5771025 1 873
7750 18615 5771035 1 875
7751 18616 5771045 1 876
7751 18617 5771055 1 876
7752 18617 5771065 1 877
7752 18618 5771075 1 877
7753 18619 5771085 1 878
7753 18621 5771095 1 879
7753 18622 5771105 1 880
7752 18623 5771115 1 881
7749 18625 5771125 1 883
7747 18626 5771135 1 883
7745 18628 5771145 1 884
7744 18629 5771155 1 884
7742 18629 5771165 1 885
7741 18630 5771175 1 886
7740 18631 5771185 1 887
7739 18632 5771195 1 888
7738 18632 5771205 1 889
7737 18633 5771215 1 891
7738 18633 5771225 1 892
7738 18633 5771235 1 892
7739 18634 5771245 1 893
7740 18634 5771255 1 893
7740 18634 5771265 1 894
7741 18634 5771275 1 895
7740 18634 5771285 1 896
7739 18634 5771295 1 896
7736 18635 5771305 1 898
7734 18635 5771315 1 899
7733 18635 5771325 1 900
7731 18636 5771335 1 901
7730 18636 5771345 1 902
7729 18636 5771355 1 903
7729 18636 5771365 1 903
7729 18637 5771375 1 904
7729 18637 5771385 1 905
7729 18637 5771395 1 907
7729 18638 5771405 1 907
7730 18638 5771415 1 907
7731 18638 5771425 1 908
7732 18638 5771435 1 907
7734 18639 5771445 1 906
7735 18639 5771455 1 904
7736 18639 5771465 1 902
7736 18639 5771475 1 900
7737 18639 5771485 1 894
7738 18640 5771495 1 890
7738 18640 5771505 1 886
7739 18640 5771515 1 881
7739 18640 5771525 1 876
7740 18640 5771535 1 871
7741 18640 5771545 1 866
7742 18640 5771555 1 863
7742 18640 5771565 1 860
7743 18640 5771575 1 846
7743 18640 5771585 1 839
7743 18640 5771595 1 831
7743 18639 5771605 1 824
7742 18639 5771615 1 816
7741 18638 5771625 1 808
7739 18637 5771635 1 798
7737 18637 5771645 1 790
7734 18636 5771655 1 781
7729 18635 5771665 1 752
7727 18634 5771675 1 746
7725 18634 5771685 1 742
7723 18633 5771695 1 732
7722 18633 5771705 1 721
7721 18632 5771715 1 710
7720 18632 5771725 1 700
7719 18632 5771735 1 688
7718 18631 5771745 1 677
7718 18630 5771755 1 654
7718 18630 5771765 1 643
7719 18629 5771775 1 631
7719 18628 5771785 1 619
7719 18628 5771795 1 607
7720 18627 5771805 1 595
7720 18627 5771815 1 590
7720 18626 5771825 1 583
7719 18625 5771835 1 571
7718 18623 5771845 1 547
7717 18622 5771855 1 535
7716 18622 5771865 1 523
7715 18621 5771875 1 511
7714 18620 5771885 1 500
7714 18619 5771895 1 488
7713 18618 5771905 1 476
7713 18618 5771915 1 464
7713 18617 5771925 1 452
7714 18616 5771935 1 430
7714 18615 5771945 1 424
7715 18614 5771955 1 418
7715 18614 5771965 1 407
7716 18613 5771975 1 395
7717 18613 5771985 1 385
7718 18613 5771995 1 374
7719 18612 5772005 1 363
7720 18612 5772015 1 353
7723 18611 5772025 1 333
7725 18610 5772035 1 323
7727 18609 5772045 1 314
7730 18609 5772055 1 304
7732 18608 5772065 1 295
7735 18608 5772075 1 287
7737 18607 5772085 1 283
7740 18607 5772095 1 278
7742 18606 5772105 1 270
7745 18605 5772115 1 255
7746 18605 5772125 1 248
7748 18604 5772135 1 242
7749 18604 5772145 1 236
7750 18603 5772155 1 230
7752 18603 5772165 1 224
7753 18603 5772175 1 219
7753 18602 5772185 1 215
7754 18602 5772195 1 211
7754 18602 5772205 1 204
7754 18602 5772215 1 202
7753 18601 5772225 1 200
7752 18601 5772235 1 199
7750 18601 5772245 1 199
7749 18601 5772255 1 198
7747 18601 5772265 1 197
7745 18601 5772275 1 197
7743 18602 5772285 1 196
7739 18602 5772295 1 195
7738 18602 5772305 1 194
7738 18603 5772315 1 194
7737 18603 5772325 1 193
7738 18603 5772335 1 194
7738 18604 5772345 1 195
7739 18604 5772355 1 197
7740 18604 5772365 1 199
7741 18605 5772375 1 203
7743 18605 5772385 1 216
7745 18605 5772395 1 233
7747 18606 5772405 1 242
7749 18606 5772415 1 253
7751 18606 5772425 1 264
7753 18606 5772435 1 275
7755 18606 5772445 1 288
7756 18606 5772455 1 300
7757 18607 5772465 1 313
7758 18607 5772475 1 332
7758 18607 5772485 1 339
7757 18607 5772495 1 352
7755 18608 5772505 1 365
7754 18608 5772515 1 378
7752 18608 5772525 1 390
7751 18608 5772535 1 402
7750 18608 5772545 1 416
7749 18608 5772555 1 428
7750 18608 5772565 1 454
7750 18608 5772575 1 469
7751 18607 5772585 1 482
7752 18607 5772595 1 496
7753 18607 5772605 1 510
7754 18606 5772615 1 517
7755 18606 5772625 1 524
7756 18606 5772635 1 538
7757 18605 5772645 1 553
7758 18605 5772655 1 582
7758 18605 5772665 1 597
7757 18604 5772675 1 611
7756 18604 5772685 1 627
7755 18604 5772695 1 642
7753 18604 5772705 1 656
7752 18603 5772715 1 671
7750 18603 5772725 1 687
7749 18603 5772735 1 701
7746 18603 5772745 1 723
7744 18603 5772755 1 731
7743 18603 5772765 1 745
7742 18603 5772775 1 760
7741 18603 5772785 1 775
7741 18603 5772795 1 789
7741 18603 5772805 1 804
7742 18603 5772815 1 817
7743 18603 5772825 1 831
7745 18604 5772835 1 859
7747 18604 5772845 1 873
7748 18604 5772855 1 886
7748 18604 5772865 1 899
7749 18604 5772875 1 911
7749 18604 5772885 1 918
7750 18604 5772895 1 924
7751 18604 5772905 1 936
7753 18605 5772915 1 948
7756 18605 5772925 1 958
7758 18605 5772935 1 959
7760 18605 5772945 1 959
7761 18605 5772955 1 959
7762 18605 5772965 1 959
7763 18605 5772975 1 959
7764 18605 5772985 1 960
7763 18605 5772995 1 960
7762 18605 5773005 1 961
7759 18604 5773015 1 961
7758 18604 5773025 1 961
7756 18604 5773035 1 961
7755 18603 5773045 1 961
7754 18603 5773055 1 962
7754 18603 5773065 1 963
7754 18602 5773075 1 963
7754 18602 5773085 1 963
7755 18602 5773095 1 963
7756 18601 5773105 1 963
7756 18601 5773115 1 964
7756 18601 5773125 1 964
7756 18601 5773135 1 965
7755 18601 5773145 1 965
7755 18601 5773155 1 965
7753 18601 5773165 1 965
7752 18601 5773175 1 966
7750 18601 5773185 1 966
7746 18601 5773195 1 967
7743 18601 5773205 1 967
7741 18601 5773215 1 967
7739 18602 5773225 1 967
7737 18602 5773235 1 968
7735 18602 5773245 1 968
7734 18602 5773255 1 968
7733 18602 5773265 1 968
7733 18603 5773275 1 969
7734 18603 5773285 1 969
7735 18603 5773295 1 970
7736 18603 5773305 1 970
7738 18603 5773315 1 970
7739 18603 5773325 1 970
7740 18603 5773335 1 970
7742 18603 5773345 1 971
7743 18603 5773355 1 972
7745 18604 5773365 1 972
7747 18604 5773375 1 972
7749 18604 5773385 1 972
7750 18604 5773395 1 972
7752 18604 5773405 1 973
7753 18605 5773415 1 973
7755 18605 5773425 1 974
7756 18605 5773435 1 974
7757 18605 5773445 1 974
7758 18605 5773455 1 974
7760 18606 5773465 1 975
7761 18606 5773475 1 975
7763 18606 5773485 1 975
7764 18607 5773495 1 976
7765 18607 5773505 1 976
7766 18607 5773515 1 976
7766 18608 5773525 1 977
7766 18608 5773535 1 977
7765 18608 5773545 1 977
7763 18608 5773555 1 977
7761 18608 5773565 1 978
7759 18609 5773575 1 979
7757 18609 5773585 1 979
7756 18609 5773595 1 979
7754 18608 5773605 1 979
7752 18608 5773615 1 979
7750 18608 5773625 1 979
7748 18608 5773635 1 980
7745 18607 5773645 1 981
7743 18606 5773655 1 981
7742 18606 5773665 1 981
7741 18605 5773675 1 981
7740 18604 5773685 1 982
7741 18604 5773695 1 982
7741 18603 5773705 1 982
7742 18603 5773715 1 982
7743 18602 5773725 1 983
7746 18602 5773735 1 984
7747 18602 5773745 1 984
7748 18602 5773755 1 984
7749 18601 5773765 1 984
7749 18602 5773775 1 984
7750 18602 5773785 1 985
7751 18602 5773795 1 985
7752 18602 5773805 1 986
7752 18602 5773815 1 986
7753 18603 5773825 1 986
7752 18603 5773835 1 986
7752 18604 5773845 1 987
7751 18604 5773855 1 987
7750 18604 5773865 1 988
7750 18605 5773875 1 988
7749 18605 5773885 1 988
7748 18605 5773895 1 988
7748 18605 5773905 1 989
7747 18605 5773915 1 989
7747 18605 5773925 1 990
7747 18605 5773935 1 990
7747 18605 5773945 1 990
7748 18605 5773955 1 991
7747 18605 5773965 1 991
7747 18605 5773975 1 991
7746 18604 5773985 1 991
7746 18604 5773995 1 991
7746 18604 5774005 1 993
7746 18604 5774015 1 993
7747 18604 5774025 1 993
7747 18604 5774035 1 993
7748 18604 5774045 1 993
7749 18603 5774055 1 993
7750 18603 5774065 1 994
7751 18603 5774075 1 995
7752 18603 5774085 1 995
7754 18603 5774095 1 995
7755 18603 5774105 1 995
7756 18603 5774115 1 996
7758 18603 5774125 1 996
7759 18603 5774135 1 996
7759 18604 5774145 1 997
7760 18604 5774155 1 997
7761 18604 5774165 1 997
7761 18604 5774175 1 998
7762 18604 5774185 1 998
7761 18605 5774195 1 998
7761 18605 5774205 1 998
7761 18605 5774215 1 998
7760 18605 5774225 1 1000
7759 18605 5774235 1 1000
7758 18605 5774245 1 1000
7756 18605 5774255 1 1000
7755 18605 5774265 1 1000
7751 18605 5774275 1 1001
7749 18605 5774285 1 1001
7747 18605 5774295 1 1002
7745 18605 5774305 1 1002
7744 18605 5774315 1 1002
7743 18605 5774325 1 1003
7742 18605 5774335 1 1003
7742 18605 5774345 1 1003
7742 18605 5774355 1 1003
7741 18605 5774365 1 1004
7742 18605 5774375 1 1005
7742 18605 5774385 1 1005
7743 18605 5774395 1 1005
7744 18606 5774405 1 1005
7745 18606 5774415 1 1005
7747 18606 5774425 1 1005
7748 18606 5774435 1 1006
7749 18607 5774445 1 1007
7750 18607 5774455 1 1007
7751 18607 5774465 1 1007
7751 18607 5774475 1 1007
7752 18607 5774485 1 1008
7752 18607 5774495 1 1008
7753 18607 5774505 1 1008
7754 18607 5774515 1 1008
7755 18607 5774525 1 1009
7756 18607 5774535 1 1010
7758 18606 5774545 1 1010
7759 18606 5774555 1 1010
7760 18605 5774565 1 1010
7761 18605 5774575 1 1010
7762 18605 5774585 1 1012
7763 18605 5774595 1 1012
7764 18604 5774605 1 1012
7765 18604 5774615 1 1012
7766 18604 5774625 1 1012
7768 18604 5774635 1 1013
7768 18604 5774645 1 1013
7769 18605 5774655 1 1014
7770 18605 5774665 1 1014
7770 18605 5774675 1 1014
7770 18605 5774685 1 1015
7771 18605 5774695 1 1015
7771 18605 5774705 1 1015
7771 18605 5774715 1 1015
7770 18605 5774725 1 1016
7770 18605 5774735 1 1017
7769 18605 5774745 1 1017
7768 18605 5774755 1 1017
7766 18605 5774765 1 1017
7765 18605 5774775 1 1017
7763 18605 5774785 1 1018
7762 18604 5774795 1 1018
7760 18604 5774805 1 1019
7757 18604 5774815 1 1019
7756 18604 5774825 1 1019
7754 18604 5774835 1 1020
7752 18603 5774845 1 1020
7751 18603 5774855 1 1020
7750 18603 5774865 1 1020
7749 18603 5774875 1 1021
7749 18603 5774885 1 1022
7748 18604 5774895 1 1022
7749 18604 5774905 1 1022
7750 18604 5774915 1 1022
7751 18604 5774925 1 1023
7752 18604 5774935 1 1022
7753 18604 5774945 1 1023
7753 18604 5774955 1 1022
7754 18604 5774965 1 1022
7754 18605 5774975 1 1022
7754 18605 5774985 1 1021
7754 18605 5774995 1 1021
7754 18605 5775005 1 1021
7754 18605 5775015 1 1021
7754 18605 5775025 1 1019
7753 18606 5775035 1 1019
7753 18606 5775045 1 1019
7753 18606 5775055 1 1019
7752 18606 5775065 1 1019
7752 18606 5775075 1 1019
7751 18607 5775085 1 1018
7750 18607 5775095 1 1017
7750 18606 5775105 1 1017
7749 18606 5775115 1 1017
7749 18606 5775125 1 1016
7748 18606 5775135 1 1016
7747 18605 5775145 1 1016
7747 18605 5775155 1 1016
7746 18605 5775165 1 1016
7745 18604 5775175 1 1014
7744 18604 5775185 1 1014
7743 18604 5775195 1 1014
7743 18604 5775205 1 1014
7742 18604 5775215 1 1014
7743 18604 5775225 1 1013
7743 18604 5775235 1 1013
7744 18604 5775245 1 1012
7745 18605 5775255 1 1012
7747 18605 5775265 1 1012
7748 18606 5775275 1 1011
7749 18606 5775285 1 1011
7750 18606 5775295 1 1011
7751 18606 5775305 1 1011
7752 18606 5775315 1 1011
7752 18606 5775325 1 1010
7753 18606 5775335 1 1009
7754 18606 5775345 1 1009
7755 18605 5775355 1 1009
7755 18605 5775365 1 1009
7755 18605 5775375 1 1007
7755 18605 5775385 1 1007
7755 18604 5775395 1 1007
7755 18604 5775405 1 1007
7754 18604 5775415 1 1007
7754 18604 5775425 1 1007
7753 18604 5775435 1 1006
7751 18604 5775445 1 1006
7750 18603 5775455 1 1005
7749 18603 5775465 1 1005
7748 18603 5775475 1 1005
7747 18603 5775485 1 1004
7746 18603 5775495 1 1004
7746 18603 5775505 1 1004
7745 18602 5775515 1 1004
7745 18602 5775525 1 1004
7745 18602 5775535 1 1002
7745 18602 5775545 1 1002
7745 18602 5775555 1 1002
7746 18602 5775565 1 1002
7746 18602 5775575 1 1002
7747 18602 5775585 1 1001
7748 18602 5775595 1 1001
7750 18602 5775605 1 1000
7751 18602 5775615 1 1000
7752 18602 5775625 1 1000
7753 18602 5775635 1 999
7753 18602 5775645 1 999
7753 18602 5775655 1 999
7753 18602 5775665 1 999
7754 18602 5775675 1 998
7753 18603 5775685 1 998
7753 18603 5775695 1 997
7753 18603 5775705 1 997
7753 18603 5775715 1 997
7753 18603 5775725 1 997
7753 18603 5775735 1 997
7754 18603 5775745 1 996
7754 18603 5775755 1 995
7754 18603 5775765 1 995
7754 18604 5775775 1 995
7754 18604 5775785 1 995
7754 18604 5775795 1 995
7755 18604 5775805 1 994
7755 18604 5775815 1 994
7756 18605 5775825 1 993
7756 18605 5775835 1 993
7757 18605 5775845 1 993
7757 18605 5775855 1 992
7758 18606 5775865 1 992
7758 18606 5775875 1 992
7759 18606 5775885 1 992
7758 18607 5775895 1 991
7758 18607 5775905 1 990
7758 18607 5775915 1 990
7757 18607 5775925 1 990
7757 18607 5775935 1 990
7757 18607 5775945 1 990
7756 18607 5775955 1 989
7756 18607 5775965 1 989
7755 18607 5775975 1 988
7753 18607 5775985 1 988
7752 18607 5775995 1 988
7751 18607 5776005 1 987
7751 18607 5776015 1 987
7750 18607 5776025 1 987
7749 18607 5776035 1 987
7749 18607 5776045 1 986
7748 18608 5776055 1 986
7746 18608 5776065 1 985
7744 18609 5776075 1 985
7743 18609 5776085 1 985
7742 18609 5776095 1 985
7741 18610 5776105 1 985
7741 18610 5776115 1 984
7740 18610 5776125 1 983
7740 18611 5776135 1 983
7740 18611 5776145 1 983
7740 18611 5776155 1 983
7741 18612 5776165 1 982
7742 18612 5776175 1 981
7743 18612 5776185 1 981
7743 18613 5776195 1 981
7743 18613 5776205 1 981
7742 18613 5776215 1 981
7742 18613 5776225 1 981
7741 18613 5776235 1 980
7740 18613 5776245 1 980
7737 18613 5776255 1 979
7736 18613 5776265 1 979
7736 18613 5776275 1 979
7736 18613 5776285 1 978
7736 18613 5776295 1 978
7736 18613 5776305 1 978
7737 18613 5776315 1 978
7737 18613 5776325 1 978
7738 18613 5776335 1 977
7739 18613 5776345 1 976
7739 18613 5776355 1 976
7739 18613 5776365 1 976
7739 18613 5776375 1 976
7739 18613 5776385 1 976
7739 18613 5776395 1 975
7738 18613 5776405 1 974
7738 18614 5776415 1 974
7737 18614 5776425 1 974
7736 18615 5776435 1 974
7736 18615 5776445 1 974
7737 18616 5776455 1 973
7737 18616 5776465 1 973
7738 18616 5776475 1 972
7738 18616 5776485 1 972
7738 18617 5776495 1 972
7738 18617 5776505 1 972
7738 18617 5776515 1 971
7739 18617 5776525 1 971
7740 18617 5776535 1 971
7741 18617 5776545 1 971
7741 18616 5776555 1 970
7742 18616 5776565 1 969
7742 18616 5776575 1 969
7743 18615 5776585 1 969
7743 18615 5776595 1 969
7743 18614 5776605 1 969
7744 18612 5776615 1 968
7744 18612 5776625 1 967
7743 18611 5776635 1 967
7744 18610 5776645 1 967
7744 18609 5776655 1 967
7744 18608 5776665 1 967
7744 18607 5776675 1 967
7745 18606 5776685 1 966
7745 18605 5776695 1 966
7746 18604 5776705 1 965
7747 18603 5776715 1 965
7747 18602 5776725 1 965
7748 18602 5776735 1 965
7748 18601 5776745 1 964
7748 18600 5776755 1 964
7748 18600 5776765 1 964
7749 18599 5776775 1 963
7749 18598 5776785 1 963
7749 18597 5776795 1 962
7749 18596 5776805 1 962
7750 18595 5776815 1 962
7750 18594 5776825 1 962
7751 18594 5776835 1 961
7752 18593 5776845 1 961
7753 18593 5776855 1 961
7754 18592 5776865 1 960
7755 18592 5776875 1 960
7757 18591 5776885 1 960
7758 18591 5776895 1 960
7758 18590 5776905 1 960
7759 18590 5776915 1 959
7760 18589 5776925 1 958
7761 18589 5776935 1 958
7762 18588 5776945 1 958
7763 18588 5776955 1 958
7764 18588 5776965 1 958
7765 18587 5776975 1 957
7764 18587 5776985 1 956
7763 18587 5776995 1 956
7761 18586 5777005 1 956
7759 18586 5777015 1 956
7757 18586 5777025 1 956
7754 18586 5777035 1 956
7751 18586 5777045 1 955
7748 18586 5777055 1 955
7743 18586 5777065 1 954
7742 18586 5777075 1 954
7740 18587 5777085 1 954
7739 18587 5777095 1 953
7739 18587 5777105 1 953
7739 18587 5777115 1 953
7739 18587 5777125 1 953
7740 18587 5777135 1 952
7742 18586 5777145 1 952
7745 18586 5777155 1 951
7747 18586 5777165 1 951
7749 18586 5777175 1 951
7751 18585 5777185 1 951
7754 18585 5777195 1 951
7756 18585 5777205 1 950
7759 18585 5777215 1 950
7761 18585 5777225 1 949
7763 18585 5777235 1 949
7766 18585 5777245 1 949
7767 18586 5777255 1 949
7768 18586 5777265 1 949
7768 18586 5777275 1 948
7767 18586 5777285 1 947
7766 18586 5777295 1 947
7765 18587 5777305 1 947
7764 18587 5777315 1 947
7762 18587 5777325 1 947
7760 18588 5777335 1 946
7758 18588 5777345 1 946
7756 18589 5777355 1 945
7755 18589 5777365 1 945
7753 18589 5777375 1 945
7751 18590 5777385 1 945
7749 18590 5777395 1 945
7748 18591 5777405 1 945
7746 18591 5777415 1 944
7744 18592 5777425 1 943
7743 18593 5777435 1 943
7743 18593 5777445 1 943
7743 18594 5777455 1 943
7743 18595 5777465 1 943
7743 18595 5777475 1 942
7743 18596 5777485 1 942
7744 18597 5777495 1 942
7744 18597 5777505 1 941
7745 18598 5777515 1 941
7745 18598 5777525 1 941
7745 18599 5777535 1 940
7745 18599 5777545 1 940
7745 18599 5777555 1 940
7745 18599 5777565 1 940
7744 18599 5777575 1 939
7744 18599 5777585 1 939
7744 18599 5777595 1 939
7744 18599 5777605 1 938
7744 18599 5777615 1 938
7744 18599 5777625 1 938
7745 18599 5777635 1 937
7745 18599 5777645 1 937
7745 18599 5777655 1 937
7746 18598 5777665 1 937
7746 18598 5777675 1 936
7746 18598 5777685 1 936
7746 18598 5777695 1 936
7746 18599 5777705 1 936
7745 18599 5777715 1 935
7745 18599 5777725 1 935
7744 18599 5777735 1 934
7743 18599 5777745 1 934
7742 18599 5777755 1 934
7742 18598 5777765 1 934
7741 18598 5777775 1 934
7740 18598 5777785 1 933
7738 18598 5777795 1 932
7735 18597 5777805 1 932
7731 18597 5777815 1 932
7726 18597 5777825 1 932
7720 18597 5777835 1 932
7713 18597 5777845 1 932
7707 18596 5777855 1 932
7700 18596 5777865 1 931
7686 18596 5777875 1 930
7679 18596 5777885 1 930
7672 18596 5777895 1 930
7665 18596 5777905 1 930
7657 18596 5777915 1 930
7649 18596 5777925 1 929
7643 18596 5777935 1 928
7637 18596 5777945 1 928
7634 18596 5777955 1 928
7632 18596 5777965 1 928
7633 18595 5777975 1 928
7633 18595 5777985 1 928
7634 18594 5777995 1 927
7634 18594 5778005 1 926
7634 18593 5778015 1 926
7634 18593 5778025 1 926
7634 18592 5778035 1 926
7634 18592 5778045 1 926
7634 18591 5778055 1 925
7634 18591 5778065 1 925
7635 18591 5778075 1 924
7636 18590 5778085 1 924
7637 18590 5778095 1 924
7638 18590 5778105 1 924
7639 18590 5778115 1 924
7641 18590 5778125 1 924
7642 18589 5778135 1 923
7646 18589 5778145 1 923
7647 18588 5778155 1 922
7649 18588 5778165 1 922
7651 18588 5778175 1 922
7652 18587 5778185 1 922
7654 18587 5778195 1 922
7656 18586 5778205 1 921
7658 18586 5778215 1 921
7659 18585 5778225 1 921
7662 18584 5778235 1 920
7663 18584 5778245 1 920
7663 18583 5778255 1 920
7664 18583 5778265 1 920
7664 18582 5778275 1 919
7664 18582 5778285 1 919
7664 18581 5778295 1 919
7664 18581 5778305 1 918
7664 18580 5778315 1 918
7664 18579 5778325 1 825
7664 18579 5778335 1 742
7663 18579 5778345 1 702
7663 18579 5778355 1 658
7663 18579 5778365 1 571
7663 18579 5778375 1 483
7664 18579 5778385 1 392
7664 18579 5778395 1 299
7664 18579 5778405 1 251
7664 18579 5778415 1 252
7664 18579 5778425 1 253
7664 18579 5778435 1 253
7663 18579 5778445 1 254
7663 18579 5778455 1 255
7662 18579 5778465 1 255
7662 18579 5778475 1 256
7661 18579 5778485 1 256
7661 18579 5778495 1 257
7661 18579 5778505 1 258
7662 18579 5778515 1 259
7664 18579 5778525 1 259
7665 18579 5778535 1 259
7667 18580 5778545 1 261
7670 18580 5778555 1 261
7672 18580 5778565 1 261
7675 18580 5778575 1 262
7678 18580 5778585 1 263
7683 18580 5778595 1 264
7686 18580 5778605 1 265
7688 18579 5778615 1 265
7690 18579 5778625 1 265
7691 18579 5778635 1 266
7691 18579 5778645 1 267
7691 18579 5778655 1 267
7691 18579 5778665 1 268
7690 18579 5778675 1 268
7688 18579 5778685 1 270
7687 18579 5778695 1 270
7685 18579 5778705 1 271
7684 18579 5778715 1 271
7682 18579 5778725 1 272
7681 18579 5778735 1 273
7679 18579 5778745 1 273
7678 18579 5778755 1 274
7677 18580 5778765 1 274
7673 18581 5778775 1 275
7671 18581 5778785 1 276
7669 18582 5778795 1 276
7666 18583 5778805 1 277
7664 18583 5778815 1 278
7661 18584 5778825 1 278
7659 18585 5778835 1 278
7657 18586 5778845 1 280
7654 18587 5778855 1 280
7651 18588 5778865 1 281
7649 18589 5778875 1 282
7648 18590 5778885 1 282
7648 18590 5778895 1 282
7647 18591 5778905 1 284
7646 18592 5778915 1 284
7646 18592 5778925 1 284
7646 18593 5778935 1 285
7646 18593 5778945 1 286
7646 18594 5778955 1 286
7646 18594 5778965 1 288
7645 18594 5778975 1 288
7645 18595 5778985 1 288
7644 18595 5778995 1 289
7643 18595 5779005 1 290
7643 18595 5779015 1 290
7642 18595 5779025 1 290
7641 18595 5779035 1 291
7638 18596 5779045 1 292
7637 18596 5779055 1 293
7636 18596 5779065 1 294
7635 18596 5779075 1 294
7634 18596 5779085 1 294
7634 18596 5779095 1 296
7634 18596 5779105 1 296
7634 18596 5779115 1 296
7635 18596 5779125 1 297
7638 18596 5779135 1 298
7639 18596 5779145 1 301
7641 18596 5779155 1 299
7643 18596 5779165 1 300
7644 18596 5779175 1 376
7646 18596 5779185 1 609
7647 18596 5779195 1 851
7648 18597 5779205 1 894
7648 18597 5779215 1 894
7647 18598 5779225 1 304
7647 18598 5779235 1 304
7646 18599 5779245 1 305
7645 18599 5779255 1 306
7643 18600 5779265 1 306
7642 18600 5779275 1 306
7640 18600 5779285 1 307
7639 18601 5779295 1 308
7638 18601 5779305 1 308
7638 18601 5779315 1 309
7639 18600 5779325 1 310
7639 18600 5779335 1 310
7640 18600 5779345 1 311
7640 18600 5779355 1 312
7641 18600 5779365 1 312
7641 18599 5779375 1 312
7641 18599 5779385 1 313
7642 18599 5779395 1 314
7642 18599 5779405 1 315
7642 18598 5779415 1 316
7642 18598 5779425 1 316
7642 18598 5779435 1 316
7642 18598 5779445 1 317
7643 18598 5779455 1 318
7643 18598 5779465 1 318
7643 18597 5779475 1 318
7645 18597 5779485 1 319
7648 18597 5779495 1 320
7650 18597 5779505 1 321
7652 18596 5779515 1 322
7654 18596 5779525 1 322
7656 18596 5779535 1 322
7658 18596 5779545 1 323
7660 18595 5779555 1 324
7663 18595 5779565 1 324
7665 18595 5779575 1 324
7667 18594 5779585 1 326
7668 18594 5779595 1 326
7668 18594 5779605 1 326
7667 18594 5779615 1 328
7666 18594 5779625 1 328
7665 18594 5779635 1 328
7663 18594 5779645 1 329
7662 18593 5779655 1 330
7661 18593 5779665 1 330
7658 18593 5779675 1 331
7656 18593 5779685 1 332
7655 18593 5779695 1 332
7654 18593 5779705 1 332
7654 18593 5779715 1 333
7653 18593 5779725 1 334
7653 18593 5779735 1 334
7653 18593 5779745 1 334
7653 18593 5779755 1 335
7654 18593 5779765 1 336
7654 18593 5779775 1 337
7655 18592 5779785 1 338
7655 18592 5779795 1 338
7655 18592 5779805 1 339
7655 18592 5779815 1 339
7655 18591 5779825 1 340
7655 18591 5779835 1 340
7656 18590 5779845 1 341
7656 18590 5779855 1 352
7657 18589 5779865 1 375
7658 18589 5779875 1 407
7659 18588 5779885 1 446
7660 18588 5779895 1 488
7663 18588 5779905 1 532
7665 18587 5779915 1 574
7668 18587 5779925 1 612
7670 18587 5779935 1 646
7675 18586 5779945 1 679
7677 18586 5779955 1 683
7679 18586 5779965 1 687
7681 18585 5779975 1 685
7682 18585 5779985 1 679
7684 18585 5779995 1 670
7685 18585 5780005 1 660
7686 18585 5780015 1 653
7686 18585 5780025 1 649
7686 18585 5780035 1 662
7685 18585 5780045 1 682
7685 18585 5780055 1 709
7684 18586 5780065 1 737
7683 18586 5780075 1 763
7683 18586 5780085 1 776
7683 18586 5780095 1 784
7683 18585 5780105 1 795
7684 18585 5780115 1 792
7687 18585 5780125 1 728
7689 18585 5780135 1 660
7691 18584 5780145 1 568
7693 18584 5780155 1 475
7696 18584 5780165 1 412
7698 18584 5780175 1 405
7700 18583 5780185 1 484
7703 18583 5780195 1 648
7705 18583 5780205 1 795
7709 18582 5780215 1 879
7710 18582 5780225 1 868
7711 18581 5780235 1 868
7712 18581 5780245 1 868
7712 18580 5780255 1 868
7713 18580 5780265 1 867
7713 18579 5780275 1 867
7713 18579 5780285 1 867
7713 18578 5780295 1 867
7713 18578 5780305 1 866
7713 18577 5780315 1 866
7712 18577 5780325 1 866
7712 18577 5780335 1 865
7711 18576 5780345 1 865
7711 18576 5780355 1 865
7710 18576 5780365 1 865
7709 18576 5780375 1 865
7708 18576 5780385 1 865
7706 18577 5780395 1 864
7706 18577 5780405 1 863
7705 18577 5780415 1 863
7705 18577 5780425 1 863
7705 18577 5780435 1 863
7705 18577 5780445 1 863
7705 18577 5780455 1 863
7706 18577 5780465 1 863
7707 18577 5780475 1 863
7708 18577 5780485 1 862
7709 18577 5780495 1 861
7710 18577 5780505 1 861
7710 18577 5780515 1 861
7711 18577 5780525 1 861
7712 18576 5780535 1 861
7714 18576 5780545 1 861
7715 18576 5780555 1 860
7717 18576 5780565 1 860
7720 18575 5780575 1 860
7722 18575 5780585 1 859
7723 18575 5780595 1 822
7725 18575 5780605 1 750
7726 18574 5780615 1 712
7727 18574 5780625 1 673
7728 18574 5780635 1 594
7728 18574 5780645 1 511
7728 18574 5780655 1 425
7726 18574 5780665 1 388
7725 18573 5780675 1 389
7723 18573 5780685 1 390
7721 18573 5780695 1 390
7718 18573 5780705 1 390
7716 18572 5780715 1 391
7713 18572 5780725 1 392
7711 18572 5780735 1 392
7710 18572 5780745 1 393
7709 18572 5780755 1 394
7709 18572 5780765 1 394
7710 18573 5780775 1 394
7712 18573 5780785 1 395
7713 18573 5780795 1 395
7715 18574 5780805 1 396
7717 18574 5780815 1 397
7718 18575 5780825 1 397
7720 18575 5780835 1 397
7723 18576 5780845 1 399
7724 18576 5780855 1 399
7725 18576 5780865 1 399
7726 18576 5780875 1 400
7726 18576 5780885 1 401
7726 18576 5780895 1 401
7726 18576 5780905 1 401
7726 18576 5780915 1 402
7725 18575 5780925 1 402
7724 18575 5780935 1 403
7724 18575 5780945 1 404
7723 18575 5780955 1 404
7723 18574 5780965 1 405
7722 18574 5780975 1 406
7721 18574 5780985 1 406
7721 18573 5780995 1 406
7720 18573 5781005 1 407
7719 18573 5781015 1 407
7717 18573 5781025 1 408
7716 18573 5781035 1 408
7715 18574 5781045 1 409
7714 18574 5781055 1 410
7714 18574 5781065 1 410
7713 18574 5781075 1 411
7713 18574 5781085 1 411
7713 18575 5781095 1 412
7713 18575 5781105 1 412
7712 18575 5781115 1 413
7711 18575 5781125 1 413
7711 18575 5781135 1 414
7710 18575 5781145 1 415
7709 18575 5781155 1 415
7708 18575 5781165 1 415
7708 18575 5781175 1 416
7707 18575 5781185 1 417
7706 18574 5781195 1 417
7706 18574 5781205 1 418
7705 18573 5781215 1 418
7706 18573 5781225 1 419
7706 18573 5781235 1 420
7707 18573 5781245 1 420
7708 18573 5781255 1 742
7710 18573 5781265 1 844
7712 18572 5781275 1 843
7713 18572 5781285 1 422
7716 18572 5781295 1 423
7717 18572 5781305 1 423
7718 18572 5781315 1 424
7719 18572 5781325 1 425
7720 18572 5781335 1 425
7721 18572 5781345 1 425
7721 18572 5781355 1 426
7721 18572 5781365 1 426
7721 18572 5781375 1 427
7721 18572 5781385 1 432
7721 18572 5781395 1 440
7721 18572 5781405 1 452
7721 18572 5781415 1 466
7722 18572 5781425 1 483
7723 18572 5781435 1 501
7724 18572 5781445 1 520
7726 18571 5781455 1 539
7729 18571 5781465 1 557
7733 18571 5781475 1 588
7736 18571 5781485 1 600
7738 18571 5781495 1 609
7741 18572 5781505 1 613
7742 18572 5781515 1 613
7743 18572 5781525 1 607
7743 18572 5781535 1 595
7743 18573 5781545 1 577
7742 18573 5781555 1 552
7739 18573 5781565 1 477
7738 18574 5781575 1 438
7736 18574 5781585 1 438
7734 18574 5781595 1 439
7733 18574 5781605 1 439
7732 18574 5781615 1 440
7732 18575 5781625 1 441
7732 18575 5781635 1 441
7731 18575 5781645 1 441
7730 18575 5781655 1 442
7730 18575 5781665 1 443
7729 18576 5781675 1 443
7729 18576 5781685 1 444
7729 18576 5781695 1 444
7729 18576 5781705 1 445
7728 18576 5781715 1 445
7728 18576 5781725 1 446
7727 18576 5781735 1 446
7724 18575 5781745 1 447
7722 18575 5781755 1 448
7720 18575 5781765 1 448
7718 18575 5781775 1 586
7716 18575 5781785 1 763
7714 18575 5781795 1 832
7712 18575 5781805 1 832
7712 18575 5781815 1 832
7711 18575 5781825 1 831
7712 18575 5781835 1 831
7713 18575 5781845 1 831
7713 18575 5781855 1 831
7714 18575 5781865 1 831
7714 18575 5781875 1 830
7714 18575 5781885 1 666
