7836 17520 7936538 1 623
7837 17519 7936548 1 595
7827 17522 7936558 1 574
7812 17528 7936568 1 560
7799 17537 7936578 1 551
7789 17547 7936588 1 548
7781 17561 7936598 1 555
7775 17575 7936608 1 564
7773 17588 7936618 1 575
7772 17595 7936628 1 582
7774 17600 7936638 1 589
7779 17609 7936648 1 604
7789 17616 7936658 1 620
7803 17619 7936668 1 648
7821 17619 7936678 1 660
7841 17616 7936688 1 670
7860 17610 7936698 1 675
7878 17604 7936708 1 676
7886 17600 7936718 1 680
7892 17598 7936728 1 672
7902 17593 7936738 1 642
7907 17590 7936748 1 616
7906 17590 7936758 1 583
7899 17595 7936768 1 544
7887 17606 7936778 1 501
7869 17621 7936788 1 456
7848 17640 7936798 1 362
7837 17650 7936808 1 328
7826 17662 7936818 1 319
7806 17685 7936828 1 278
7789 17708 7936838 1 244
7777 17726 7936848 1 215
7770 17739 7936858 1 192
7767 17746 7936868 1 186
7769 17747 7936878 1 184
7773 17742 7936888 1 182
7776 17739 7936898 1 181
7780 17732 7936908 1 180
7786 17718 7936918 1 177
7791 17701 7936928 1 174
7794 17682 7936938 1 170
7794 17665 7936948 1 167
7792 17651 7936958 1 165
7791 17639 7936968 1 167
7790 17631 7936978 1 176
7789 17628 7936988 1 176
7789 17626 7936998 1 190
7790 17625 7937008 1 232
7792 17626 7937018 1 259
7796 17630 7937028 1 290
7803 17633 7937038 1 323
7811 17635 7937048 1 358
7820 17636 7937058 1 395
7830 17635 7937068 1 470
7835 17634 7937078 1 498
7840 17633 7937088 1 507
7848 17629 7937098 1 542
7855 17627 7937108 1 577
7859 17625 7937118 1 608
7860 17626 7937128 1 636
7860 17629 7937138 1 678
7859 17633 7937148 1 692
7859 17640 7937158 1 700
7859 17643 7937168 1 702
7860 17648 7937178 1 701
7863 17657 7937188 1 702
7869 17666 7937198 1 702
7877 17674 7937208 1 702
7887 17679 7937218 1 701
7897 17681 7937228 1 698
7906 17680 7937238 1 695
7913 17676 7937248 1 693
7916 17673 7937258 1 692
7918 17669 7937268 1 690
7920 17658 7937278 1 686
7920 17646 7937288 1 686
7915 17634 7937298 1 688
7908 17623 7937308 1 691
7898 17614 7937318 1 697
7887 17608 7937328 1 706
7874 17605 7937338 1 732
7868 17604 7937348 1 743
7862 17604 7937358 1 748
7851 17606 7937368 1 761
7843 17609 7937378 1 768
7838 17613 7937388 1 767
7837 17616 7937398 1 756
7838 17618 7937408 1 685
7842 17620 7937418 1 626
7848 17621 7937428 1 555
7851 17621 7937438 1 518
7855 17620 7937448 1 474
7862 17617 7937458 1 386
7871 17614 7937468 1 294
7878 17610 7937478 1 112
7885 17607 7937488 1 26
7890 17605 7937498 1 23
7894 17606 7937508 1 20
7897 17608 7937518 1 18
7898 17610 7937528 1 17
7899 17613 7937538 1 15
7899 17619 7937548 1 10
7898 17626 7937558 1 7
7896 17634 7937568 1 5
7893 17641 7937578 0 0
7889 17647 7937588 0 0
7886 17652 7937598 0 0
7883 17654 7937608 0 0
7882 17655 7937618 0 0
7881 17656 7937628 0 0
7879 17655 7937638 0 0
7878 17655 7937648 0 0
7877 17654 7937658 0 0
7877 17653 7937668 0 0
7878 17652 7937678 0 0
7880 17652 7937688 0 0
7882 17653 7937698 1 5
7883 17654 7937708 1 16
7885 17656 7937718 1 33
7889 17660 7937728 1 56
7894 17665 7937738 1 83
7899 17670 7937748 1 114
7905 17675 7937758 1 148
7911 17678 7937768 1 186
7915 17680 7937778 1 226
7919 17680 7937788 1 268
7920 17680 7937798 1 312
7921 17678 7937808 1 357
7921 17673 7937818 1 402
7919 17666 7937828 1 447
7915 17657 7937838 1 491
7910 17647 7937848 1 535
7903 17637 7937858 1 576
7896 17628 7937868 1 616
7889 17619 7937878 1 652
7886 17615 7937888 1 686
7883 17612 7937898 1 715
7878 17608 7937908 1 740
7875 17605 7937918 1 759
7875 17604 7937928 1 768
7877 17605 7937938 1 772
7881 17609 7937948 1 774
7888 17613 7937958 1 774
7895 17618 7937968 1 774
7899 17620 7937978 1 773
7904 17622 7937988 1 772
7912 17626 7937998 1 771
7919 17629 7938008 1 768
7924 17631 7938018 1 765
7928 17633 7938028 1 764
7931 17634 7938038 1 763
7932 17635 7938048 1 763
7933 17636 7938058 1 762
7933 17636 7938068 1 763
7933 17637 7938078 1 763
7931 17638 7938088 1 763
7929 17641 7938098 1 763
7926 17645 7938108 1 762
7922 17649 7938118 1 762
7916 17655 7938128 1 762
7911 17662 7938138 1 762
7905 17668 7938148 1 761
7902 17672 7938158 1 761
7900 17674 7938168 1 761
7896 17679 7938178 1 761
7893 17681 7938188 1 761
7891 17680 7938198 1 760
7890 17677 7938208 1 760
7889 17670 7938218 1 760
7891 17661 7938228 1 760
7895 17650 7938238 1 759
7897 17645 7938248 1 759
7901 17639 7938258 1 759
7909 17629 7938268 1 759
7918 17620 7938278 1 758
7929 17614 7938288 1 758
7939 17609 7938298 1 757
7950 17606 7938308 1 757
7959 17606 7938318 1 757
7967 17609 7938328 1 757
7971 17611 7938338 1 756
7974 17615 7938348 1 756
7981 17624 7938358 1 756
7987 17634 7938368 1 755
7992 17643 7938378 1 755
7997 17651 7938388 1 754
8001 17657 7938398 1 754
8006 17661 7938408 1 754
8012 17662 7938418 1 753
8018 17661 7938428 1 753
8024 17659 7938438 1 752
8029 17655 7938448 1 752
8032 17652 7938458 1 752
8033 17649 7938468 1 751
8034 17646 7938478 1 750
8033 17644 7938488 1 750
8032 17642 7938498 1 749
8031 17640 7938508 1 749
8029 17640 7938518 1 749
8028 17639 7938528 1 748
8026 17639 7938538 1 747
8025 17640 7938548 1 747
8024 17640 7938558 1 746
8024 17641 7938568 1 746
8024 17642 7938578 1 745
8025 17643 7938588 1 744
8026 17644 7938598 1 744
8028 17644 7938608 1 743
