8195 17510 4345918 1 320
8075 17386 4345928 1 387
8030 17340 4345938 1 449
8021 17331 4345948 1 507
8016 17327 4345958 1 560
8013 17325 4345968 1 610
8005 17318 4345978 1 655
8003 17316 4345988 1 677
8004 17319 4345998 1 697
8002 17319 4346008 1 736
8001 17320 4346018 1 770
7999 17321 4346028 1 800
7998 17322 4346038 1 827
7996 17323 4346048 1 851
7995 17323 4346058 1 864
7994 17324 4346068 1 872
7992 17325 4346078 1 891
7990 17327 4346088 1 904
7989 17328 4346098 1 911
7989 17329 4346108 1 916
7987 17331 4346118 1 924
7986 17333 4346128 1 931
7986 17334 4346138 1 933
7986 17335 4346148 1 933
7985 17338 4346158 1 934
7983 17341 4346168 1 932
7983 17343 4346178 1 928
7982 17346 4346188 1 921
7981 17348 4346198 1 913
7981 17350 4346208 1 907
7981 17351 4346218 1 902
7980 17354 4346228 1 888
7979 17356 4346238 1 873
7978 17358 4346248 1 857
7977 17360 4346258 1 838
7977 17361 4346268 1 818
7977 17362 4346278 1 811
7976 17362 4346288 1 808
7976 17363 4346298 1 796
7976 17364 4346308 1 773
7975 17365 4346318 1 749
7975 17365 4346328 1 722
7975 17365 4346338 1 695
7975 17366 4346348 1 667
7974 17366 4346358 1 652
7974 17366 4346368 1 638
7974 17365 4346378 1 607
7974 17365 4346388 1 576
7974 17364 4346398 1 544
7974 17363 4346408 1 513
7975 17362 4346418 1 479
7975 17361 4346428 1 462
7975 17360 4346438 1 445
7976 17359 4346448 1 411
7977 17358 4346458 1 393
7977 17357 4346468 1 377
7978 17355 4346478 1 342
7979 17354 4346488 1 308
7980 17352 4346498 1 273
7981 17351 4346508 1 256
7982 17350 4346518 1 239
7982 17348 4346528 1 204
7983 17347 4346538 1 170
7984 17345 4346548 1 134
7984 17343 4346558 1 100
7985 17341 4346568 1 67
7985 17340 4346578 1 51
7985 17340 4346588 1 35
7986 17338 4346598 1 2
7986 17337 4346608 0 0
7986 17336 4346618 0 0
7986 17334 4346628 0 0
7986 17334 4346638 0 0
7986 17333 4346648 0 0
7986 17333 4346658 0 0
7986 17332 4346668 0 0
7986 17331 4346678 0 0
7986 17329 4346688 0 0
7987 17328 4346698 0 0
7987 17326 4346708 0 0
7988 17324 4346718 0 0
7988 17323 4346728 0 0
7989 17322 4346738 0 0
7990 17320 4346748 0 0
7991 17318 4346758 0 0
7993 17315 4346768 0 0
7995 17312 4346778 0 0
7998 17309 4346788 0 0
7999 17307 4346798 0 0
8000 17306 4346808 0 0
8002 17304 4346818 0 0
8004 17302 4346828 0 0
8007 17299 4346838 0 0
8010 17294 4346848 0 0
8014 17291 4346858 0 0
8018 17287 4346868 0 0
8020 17284 4346878 0 0
8022 17283 4346888 0 0
8026 17278 4346898 0 0
8031 17275 4346908 0 0
8035 17271 4346918 0 0
8040 17268 4346928 0 0
8045 17265 4346938 0 0
8047 17264 4346948 0 0
8050 17263 4346958 0 0
8055 17260 4346968 0 0
8059 17259 4346978 0 0
8063 17257 4346988 0 0
8066 17257 4346998 0 0
8068 17257 4347008 0 0
8071 17257 4347018 0 0
8073 17257 4347028 0 0
8075 17258 4347038 0 0
8079 17259 4347048 0 0
8082 17261 4347058 0 0
8085 17264 4347068 0 0
8088 17267 4347078 1 46
8090 17271 4347088 1 93
8091 17273 4347098 1 118
8092 17275 4347108 1 142
8094 17280 4347118 1 190
8096 17286 4347128 1 240
8097 17292 4347138 1 290
8098 17298 4347148 1 338
8099 17305 4347158 1 386
8099 17308 4347168 1 410
8099 17309 4347178 1 416
8099 17311 4347188 1 433
8099 17317 4347198 1 479
8099 17324 4347208 1 523
8099 17330 4347218 1 564
8098 17336 4347228 1 605
8097 17341 4347238 1 641
8096 17344 4347248 1 659
8096 17346 4347258 1 675
8094 17350 4347268 1 706
8093 17355 4347278 1 734
8091 17358 4347288 1 756
8089 17361 4347298 1 776
8086 17364 4347308 1 791
8085 17365 4347318 1 797
8084 17366 4347328 1 799
8081 17367 4347338 1 804
8078 17368 4347348 1 804
8077 17369 4347358 1 803
8075 17368 4347368 1 798
8072 17368 4347378 1 785
8069 17367 4347388 1 768
8067 17366 4347398 1 757
8066 17366 4347408 1 744
8063 17364 4347418 1 716
8060 17362 4347428 1 683
8056 17360 4347438 1 647
8054 17357 4347448 1 607
8051 17355 4347458 1 564
8049 17354 4347468 1 541
8048 17352 4347478 1 518
8046 17350 4347488 1 470
8043 17347 4347498 1 419
8041 17344 4347508 1 367
8039 17342 4347518 1 313
8037 17339 4347528 1 260
8036 17338 4347538 1 239
8036 17338 4347548 1 232
8035 17337 4347558 1 205
8034 17335 4347568 1 150
8032 17333 4347578 1 96
8031 17331 4347588 1 41
8030 17330 4347598 0 0
8029 17329 4347608 0 0
8029 17328 4347618 0 0
8029 17328 4347628 0 0
8028 17327 4347638 0 0
8027 17327 4347648 0 0
8027 17327 4347658 0 0
8027 17327 4347668 0 0
8027 17328 4347678 0 0
8028 17328 4347688 0 0
8028 17329 4347698 0 0
8028 17330 4347708 0 0
8028 17330 4347718 0 0
8028 17331 4347728 0 0
8029 17332 4347738 0 0
8030 17333 4347748 0 0
8030 17334 4347758 0 0
8031 17335 4347768 0 0
8031 17336 4347778 0 0
8032 17337 4347788 0 0
8032 17339 4347798 0 0
8033 17340 4347808 0 0
8033 17342 4347818 0 0
8034 17343 4347828 0 0
8034 17343 4347838 0 0
8034 17344 4347848 0 0
8034 17345 4347858 0 0
8035 17346 4347868 0 0
8036 17347 4347878 0 0
8036 17348 4347888 0 0
8037 17348 4347898 0 0
8037 17349 4347908 0 0
8038 17349 4347918 0 0
8038 17349 4347928 0 0
8040 17350 4347938 0 0
8041 17351 4347948 0 0
8042 17352 4347958 0 0
8043 17352 4347968 0 0
8044 17353 4347978 0 0
8045 17354 4347988 0 0
8045 17354 4347998 0 0
8046 17355 4348008 0 0
8047 17356 4348018 0 0
8048 17357 4348028 0 0
8048 17357 4348038 0 0
8049 17358 4348048 0 0
8049 17358 4348058 0 0
8049 17359 4348068 0 0
8049 17359 4348078 0 0
8050 17359 4348088 0 0
8050 17360 4348098 0 0
8051 17360 4348108 0 0
8052 17361 4348118 0 0
8052 17362 4348128 0 0
8053 17362 4348138 0 0
8053 17363 4348148 0 0
8054 17363 4348158 0 0
8055 17364 4348168 0 0
8055 17364 4348178 0 0
8056 17364 4348188 0 0
8056 17364 4348198 0 0
8056 17364 4348208 0 0
8057 17364 4348218 0 0
8057 17364 4348228 0 0
8058 17364 4348238 0 0
8058 17363 4348248 0 0
8058 17363 4348258 0 0
8058 17363 4348268 0 0
8058 17362 4348278 0 0
8058 17362 4348288 0 0
8058 17361 4348298 1 17
8058 17360 4348308 1 52
8058 17360 4348318 1 88
8057 17359 4348328 1 124
8057 17358 4348338 1 160
8056 17357 4348348 1 196
8056 17357 4348358 1 214
8055 17357 4348368 1 233
8055 17356 4348378 1 269
8054 17356 4348388 1 304
8053 17355 4348398 1 340
8052 17355 4348408 1 376
8051 17354 4348418 1 412
8050 17354 4348428 1 430
8050 17354 4348438 1 435
8050 17354 4348448 1 448
8049 17353 4348458 1 483
8048 17352 4348468 1 518
8047 17352 4348478 1 552
8047 17351 4348488 1 585
8046 17351 4348498 1 618
8046 17351 4348508 1 634
8046 17351 4348518 1 650
8046 17350 4348528 1 682
8046 17350 4348538 1 713
8046 17350 4348548 1 742
8046 17350 4348558 1 771
8046 17350 4348568 1 800
8046 17349 4348578 1 813
8046 17349 4348588 1 825
8047 17349 4348598 1 851
8047 17349 4348608 1 876
8047 17349 4348618 1 888
8048 17349 4348628 1 899
8048 17348 4348638 1 922
8049 17348 4348648 1 942
8049 17348 4348658 1 951
8050 17348 4348668 1 961
8050 17348 4348678 1 979
8051 17348 4348688 1 995
8052 17348 4348698 1 1011
8053 17348 4348708 1 1024
8054 17348 4348718 1 1024
8054 17349 4348728 1 1024
8055 17349 4348738 1 1024
8056 17350 4348748 1 1024
8057 17350 4348758 1 1024
8058 17351 4348768 1 1024
8060 17352 4348778 1 1024
8061 17353 4348788 1 1024
8061 17353 4348798 1 1024
8062 17354 4348808 1 1024
8062 17354 4348818 1 1024
8063 17356 4348828 1 1024
8064 17357 4348838 1 1024
8066 17358 4348848 1 1024
8067 17359 4348858 1 1024
8068 17360 4348868 1 1024
8068 17361 4348878 1 1024
8069 17361 4348888 1 1024
8070 17362 4348898 1 1024
8070 17364 4348908 1 1024
8071 17364 4348918 1 1024
8072 17365 4348928 1 1024
8072 17366 4348938 1 1024
8073 17367 4348948 1 1024
8073 17367 4348958 1 1024
8073 17368 4348968 1 1024
8074 17369 4348978 1 1024
8074 17369 4348988 1 1024
8075 17370 4348998 1 1024
8076 17371 4349008 1 1011
8077 17371 4349018 1 997
8078 17371 4349028 1 989
8078 17371 4349038 1 981
8079 17372 4349048 1 965
8080 17372 4349058 1 947
8080 17372 4349068 1 928
8081 17371 4349078 1 910
8082 17371 4349088 1 889
8082 17370 4349098 1 879
8082 17370 4349108 1 868
8083 17369 4349118 1 846
8083 17368 4349128 1 823
8084 17367 4349138 1 799
8084 17366 4349148 1 775
8084 17365 4349158 1 761
8084 17364 4349168 1 750
8084 17363 4349178 1 737
8083 17362 4349188 1 724
8084 17360 4349198 1 699
8084 17358 4349208 1 673
8084 17356 4349218 1 646
8085 17354 4349228 1 619
8085 17352 4349238 1 593
8085 17352 4349248 1 579
8086 17351 4349258 1 565
8086 17349 4349268 1 537
8086 17348 4349278 1 510
8086 17346 4349288 1 482
8086 17345 4349298 1 454
8085 17344 4349308 1 427
8085 17343 4349318 1 413
8085 17342 4349328 1 400
8084 17342 4349338 1 389
8084 17341 4349348 1 372
8083 17339 4349358 1 345
8081 17338 4349368 1 318
8080 17336 4349378 1 292
8078 17335 4349388 1 266
8078 17334 4349398 1 252
8077 17333 4349408 1 240
8075 17332 4349418 1 215
8074 17330 4349428 1 190
8072 17329 4349438 1 167
8071 17328 4349448 1 143
8069 17327 4349458 1 120
8068 17326 4349468 1 109
8067 17325 4349478 1 98
8066 17324 4349488 1 78
8065 17323 4349498 1 57
8064 17322 4349508 1 37
8063 17322 4349518 1 28
8063 17322 4349528 1 19
8062 17321 4349538 1 2
8062 17321 4349548 0 0
8062 17321 4349558 0 0
8061 17321 4349568 0 0
8061 17322 4349578 0 0
8061 17322 4349588 0 0
8061 17323 4349598 0 0
8062 17323 4349608 0 0
8062 17324 4349618 0 0
8062 17324 4349628 0 0
8063 17325 4349638 0 0
8064 17325 4349648 0 0
8064 17325 4349658 0 0
8065 17326 4349668 0 0
8066 17326 4349678 0 0
8067 17325 4349688 0 0
8067 17325 4349698 0 0
8067 17325 4349708 0 0
8069 17325 4349718 0 0
8070 17324 4349728 0 0
8072 17324 4349738 1 7
8073 17323 4349748 1 38
8075 17322 4349758 1 74
8076 17322 4349768 1 93
8077 17321 4349778 1 113
8078 17320 4349788 1 155
8080 17320 4349798 1 199
8082 17319 4349808 1 246
8083 17318 4349818 1 296
8085 17318 4349828 1 346
8085 17318 4349838 1 371
8086 17317 4349848 1 397
8087 17317 4349858 1 449
8088 17316 4349868 1 501
8089 17316 4349878 1 527
8089 17316 4349888 1 552
8090 17315 4349898 1 603
8091 17314 4349908 1 652
8091 17314 4349918 1 677
8091 17314 4349928 1 701
8092 17313 4349938 1 747
8093 17312 4349948 1 791
8093 17312 4349958 1 832
8094 17311 4349968 1 870
8094 17311 4349978 1 904
8095 17310 4349988 1 921
8095 17310 4349998 1 935
8095 17310 4350008 1 961
8096 17310 4350018 1 983
8096 17311 4350028 1 1000
8096 17311 4350038 1 1012
8096 17311 4350048 1 1019
8095 17312 4350058 1 1022
8096 17312 4350068 1 1022
8096 17312 4350078 1 1022
8096 17313 4350088 1 1020
8095 17314 4350098 1 1016
8095 17315 4350108 1 1006
8095 17316 4350118 1 993
8094 17317 4350128 1 976
8094 17317 4350138 1 968
8094 17318 4350148 1 958
8093 17319 4350158 1 935
8092 17320 4350168 1 909
8091 17321 4350178 1 881
8091 17322 4350188 1 851
8090 17323 4350198 1 819
8089 17324 4350208 1 802
8089 17325 4350218 1 785
8088 17326 4350228 1 749
8087 17327 4350238 1 729
8087 17328 4350248 1 711
8086 17329 4350258 1 673
8086 17331 4350268 1 633
8085 17332 4350278 1 592
8085 17333 4350288 1 571
8084 17334 4350298 1 551
8084 17335 4350308 1 510
8084 17336 4350318 1 468
8084 17337 4350328 1 427
8084 17338 4350338 1 385
8084 17339 4350348 1 345
8084 17339 4350358 1 324
8084 17340 4350368 1 305
8084 17341 4350378 1 265
8084 17341 4350388 1 229
8084 17342 4350398 1 192
8084 17342 4350408 1 158
8085 17343 4350418 1 139
8085 17343 4350428 1 126
8085 17343 4350438 1 110
8085 17343 4350448 1 96
8085 17344 4350458 1 68
8086 17344 4350468 1 43
8086 17344 4350478 1 21
8087 17344 4350488 1 3
8087 17344 4350498 0 0
8088 17345 4350508 0 0
8089 17345 4350518 0 0
8090 17345 4350528 0 0
8091 17345 4350538 0 0
8092 17345 4350548 0 0
8093 17345 4350558 0 0
8094 17345 4350568 0 0
8094 17345 4350578 0 0
8095 17345 4350588 0 0
8095 17345 4350598 0 0
8095 17345 4350608 0 0
8095 17345 4350618 0 0
8095 17344 4350628 0 0
8095 17344 4350638 0 0
8094 17344 4350648 0 0
8094 17344 4350658 0 0
8093 17343 4350668 0 0
8092 17343 4350678 0 0
8090 17342 4350688 0 0
8089 17341 4350698 1 4
8088 17340 4350708 1 38
8087 17339 4350718 1 78
8086 17338 4350728 1 99
8085 17337 4350738 1 124
8084 17336 4350748 1 176
8084 17334 4350758 1 232
8084 17332 4350768 1 291
8083 17331 4350778 1 321
8083 17330 4350788 1 354
8083 17328 4350798 1 420
8083 17327 4350808 1 453
8083 17326 4350818 1 486
8083 17324 4350828 1 553
8084 17322 4350838 1 620
8084 17321 4350848 1 686
8084 17319 4350858 1 748
8085 17318 4350868 1 809
8086 17317 4350878 1 839
8086 17316 4350888 1 867
8087 17315 4350898 1 919
8088 17314 4350908 1 966
8089 17313 4350918 1 1006
8091 17313 4350928 1 1024
8092 17312 4350938 1 1024
8093 17312 4350948 1 1024
8093 17312 4350958 1 1024
8094 17312 4350968 1 1024
8096 17312 4350978 1 1024
8098 17313 4350988 1 1024
8100 17314 4350998 1 1024
8102 17315 4351008 1 1024
8104 17316 4351018 1 1024
8105 17317 4351028 1 1024
8107 17317 4351038 1 1024
8108 17319 4351048 1 1024
8110 17321 4351058 1 1024
8111 17322 4351068 1 1024
8112 17324 4351078 1 1024
8113 17326 4351088 1 1024
8114 17327 4351098 1 1024
8115 17328 4351108 1 1024
8115 17330 4351118 1 1024
8116 17332 4351128 1 1024
8116 17333 4351138 1 1024
8116 17333 4351148 1 1024
8117 17335 4351158 1 1024
8117 17336 4351168 1 1024
8117 17337 4351178 1 1024
8117 17337 4351188 1 1024
8117 17338 4351198 1 1024
8116 17339 4351208 1 1024
8116 17339 4351218 1 1024
8115 17340 4351228 1 1024
8115 17340 4351238 1 1024
8114 17340 4351248 1 1024
8114 17341 4351258 1 1024
8114 17341 4351268 1 1024
8113 17341 4351278 1 1024
8113 17342 4351288 1 1024
8113 17342 4351298 1 1024
8113 17342 4351308 1 1024
8113 17342 4351318 1 1024
8113 17342 4351328 1 1024
8113 17342 4351338 1 1024
8113 17342 4351348 1 1024
8114 17342 4351358 1 1024
8114 17341 4351368 1 1024
8115 17341 4351378 1 1024
8115 17340 4351388 1 1024
8116 17340 4351398 1 1024
8116 17340 4351408 1 1024
8117 17340 4351418 1 1024
8117 17339 4351428 1 1024
8118 17339 4351438 1 1024
8118 17339 4351448 1 1024
8119 17339 4351458 1 1024
8119 17339 4351468 1 1024
8119 17339 4351478 1 1024
8120 17339 4351488 1 1024
8121 17339 4351498 1 1024
8121 17339 4351508 1 1024
8122 17339 4351518 1 1024
8123 17339 4351528 1 1024
8124 17339 4351538 1 1024
8124 17339 4351548 1 1024
8125 17338 4351558 1 1024
8126 17338 4351568 1 1024
8127 17338 4351578 1 1024
8128 17338 4351588 1 1024
8129 17338 4351598 1 1024
8130 17337 4351608 1 1024
8130 17337 4351618 1 1024
8131 17337 4351628 1 1024
8132 17336 4351638 1 1024
8132 17336 4351648 1 1024
8133 17336 4351658 1 1024
8133 17336 4351668 1 1024
8133 17336 4351678 1 1024
8133 17336 4351688 1 1024
8133 17336 4351698 1 1024
8133 17336 4351708 1 1024
8133 17337 4351718 1 1024
8133 17337 4351728 1 1024
8133 17338 4351738 1 1024
8132 17339 4351748 1 1024
8132 17340 4351758 1 1024
8132 17341 4351768 1 1024
8131 17342 4351778 1 1024
8131 17343 4351788 1 1024
8130 17344 4351798 1 1024
8129 17345 4351808 1 1024
8128 17347 4351818 1 1024
8128 17348 4351828 1 1024
8127 17349 4351838 1 1024
8127 17350 4351848 1 1024
8126 17350 4351858 1 1024
8126 17351 4351868 1 1024
8125 17352 4351878 1 1024
8125 17353 4351888 1 1024
8124 17353 4351898 1 1024
8124 17353 4351908 1 1024
8124 17354 4351918 1 1024
8124 17353 4351928 1 1024
8123 17353 4351938 1 1024
8123 17354 4351948 1 1024
8122 17354 4351958 1 1024
8122 17353 4351968 1 1024
8121 17353 4351978 1 1024
8121 17353 4351988 1 1024
8121 17353 4351998 1 1024
8120 17354 4352008 1 1024
8120 17354 4352018 1 1024
8120 17355 4352028 1 1024
8119 17355 4352038 1 1024
8119 17355 4352048 1 1024
8119 17356 4352058 1 1024
8119 17357 4352068 1 1024
8120 17357 4352078 1 1024
8120 17358 4352088 1 1024
8120 17359 4352098 1 1024
8120 17360 4352108 1 1024
8121 17361 4352118 1 1024
8121 17361 4352128 1 1024
8122 17362 4352138 1 1024
8122 17362 4352148 1 1024
8122 17362 4352158 1 1024
8123 17363 4352168 1 1024
8123 17363 4352178 1 1024
8123 17364 4352188 1 1024
8124 17363 4352198 1 1024
8124 17364 4352208 1 1024
8124 17364 4352218 1 1024
8124 17364 4352228 1 1024
8124 17364 4352238 1 1024
8124 17364 4352248 1 1024
8124 17363 4352258 1 1024
8124 17363 4352268 1 1024
8124 17363 4352278 1 1024
8123 17363 4352288 1 1024
8123 17363 4352298 1 1024
8123 17362 4352308 1 1024
8122 17362 4352318 1 1024
8121 17362 4352328 1 1024
8121 17361 4352338 1 1024
8120 17361 4352348 1 1024
8119 17361 4352358 1 1024
8119 17360 4352368 1 1024
8118 17360 4352378 1 1024
8117 17359 4352388 1 1024
8117 17359 4352398 1 1024
8117 17359 4352408 1 1024
8116 17359 4352418 1 1024
8116 17358 4352428 1 1024
8116 17358 4352438 1 1024
8115 17358 4352448 1 1024
8115 17357 4352458 1 1024
8115 17357 4352468 1 1024
8115 17356 4352478 1 1024
8115 17356 4352488 1 1024
8115 17355 4352498 1 1024
8115 17355 4352508 1 1024
8115 17355 4352518 1 1024
8115 17355 4352528 1 1024
8114 17354 4352538 1 1024
8114 17354 4352548 1 1024
8114 17353 4352558 1 1024
8114 17353 4352568 1 1024
8114 17352 4352578 1 1024
8114 17352 4352588 1 1024
8114 17352 4352598 1 1024
8113 17351 4352608 1 1024
8113 17351 4352618 1 1024
8113 17350 4352628 1 1024
8112 17349 4352638 1 1024
8112 17349 4352648 1 1024
8111 17349 4352658 1 1024
8111 17348 4352668 1 1024
8111 17348 4352678 1 1024
8111 17348 4352688 1 1024
8111 17348 4352698 1 1024
8112 17348 4352708 1 1024
8112 17348 4352718 1 1024
8113 17348 4352728 1 1024
8113 17349 4352738 1 1024
8114 17349 4352748 1 1024
8114 17349 4352758 1 1024
8115 17349 4352768 1 1024
8115 17349 4352778 1 1024
8116 17349 4352788 1 1024
8116 17350 4352798 1 1024
8117 17350 4352808 1 1024
8117 17350 4352818 1 1024
8118 17350 4352828 1 1024
8118 17350 4352838 1 1024
8119 17350 4352848 1 1024
8119 17350 4352858 1 1024
8120 17351 4352868 1 1024
8121 17351 4352878 1 1024
8121 17351 4352888 1 1024
8122 17352 4352898 1 1024
8123 17352 4352908 1 1024
8123 17353 4352918 1 1024
8123 17353 4352928 1 1024
8123 17354 4352938 1 1024
8124 17354 4352948 1 1024
8124 17354 4352958 1 1024
8124 17355 4352968 1 1024
8124 17355 4352978 1 1024
8123 17356 4352988 1 1024
8123 17356 4352998 1 1024
8123 17356 4353008 1 1024
8122 17356 4353018 1 1024
8122 17356 4353028 1 1024
8121 17356 4353038 1 1024
8121 17355 4353048 1 1024
8120 17355 4353058 1 1024
8119 17354 4353068 1 1024
8119 17354 4353078 1 1024
8118 17353 4353088 1 1024
8117 17352 4353098 1 1024
8117 17351 4353108 1 1024
8116 17350 4353118 1 1024
8116 17350 4353128 1 1024
8115 17348 4353138 1 1024
8115 17347 4353148 1 1024
8115 17346 4353158 1 1024
8114 17344 4353168 1 1024
8114 17343 4353178 1 1024
8114 17341 4353188 1 1024
8114 17339 4353198 1 1024
8115 17337 4353208 1 1024
8115 17336 4353218 1 1024
8115 17334 4353228 1 1024
8116 17333 4353238 1 1024
8116 17331 4353248 1 1024
8116 17330 4353258 1 1024
8116 17328 4353268 1 1024
8117 17327 4353278 1 1024
8117 17326 4353288 1 1024
8117 17325 4353298 1 1024
8118 17325 4353308 1 1024
8118 17324 4353318 1 1024
8119 17324 4353328 1 1024
8119 17323 4353338 1 1024
8120 17323 4353348 1 1024
8121 17322 4353358 1 1024
8122 17322 4353368 1 1024
8124 17322 4353378 1 1024
8125 17322 4353388 1 1024
8126 17322 4353398 1 1024
8128 17323 4353408 1 1024
8129 17324 4353418 1 1024
8130 17325 4353428 1 1024
8132 17326 4353438 1 1024
8132 17327 4353448 1 1024
8133 17329 4353458 1 1024
8134 17330 4353468 1 1024
8135 17332 4353478 1 1024
8135 17333 4353488 1 1024
8135 17335 4353498 1 1024
8136 17337 4353508 1 1024
8136 17339 4353518 1 1024
8136 17341 4353528 1 1024
8137 17343 4353538 1 1024
8137 17345 4353548 1 1024
8138 17347 4353558 1 1024
8138 17349 4353568 1 1024
8139 17351 4353578 1 1024
8140 17353 4353588 1 1024
8141 17355 4353598 1 1024
8142 17356 4353608 1 1024
8142 17358 4353618 1 1024
8144 17359 4353628 1 1024
8145 17360 4353638 1 1024
8146 17361 4353648 1 1024
8148 17361 4353658 1 1024
8150 17361 4353668 1 1024
8152 17361 4353678 1 1024
8154 17361 4353688 1 1024
8156 17360 4353698 1 1024
8158 17359 4353708 1 1024
8160 17358 4353718 1 1024
8161 17356 4353728 1 1024
8163 17354 4353738 1 1024
8164 17353 4353748 1 1024
8165 17350 4353758 1 1024
8167 17348 4353768 1 1024
8168 17345 4353778 1 1024
8169 17343 4353788 1 1024
8170 17340 4353798 1 1024
8171 17337 4353808 1 1024
8172 17334 4353818 1 1024
8173 17331 4353828 1 1024
8174 17328 4353838 1 1024
8174 17325 4353848 1 1024
8175 17323 4353858 1 1024
8175 17320 4353868 1 1024
8176 17317 4353878 1 1024
8176 17315 4353888 1 1024
8176 17313 4353898 1 1024
8176 17311 4353908 1 1024
8177 17309 4353918 1 1024
8177 17308 4353928 1 1024
8177 17306 4353938 1 1024
8177 17305 4353948 1 1024
8178 17304 4353958 1 1024
8178 17303 4353968 1 1024
8179 17302 4353978 1 1024
8179 17301 4353988 1 1024
8179 17301 4353998 1 1024
8179 17300 4354008 1 1024
8179 17300 4354018 1 1024
8179 17299 4354028 1 1024
