7815 18759 2749808 1 409
7704 18641 2749818 1 458
7663 18596 2749828 1 503
7654 18588 2749838 1 545
7650 18585 2749848 1 585
7648 18583 2749858 1 621
7640 18577 2749868 1 655
7638 18576 2749878 1 671
7640 18579 2749888 1 686
7639 18580 2749898 1 714
7638 18581 2749908 1 739
7637 18583 2749918 1 762
7636 18584 2749928 1 782
7635 18585 2749938 1 800
7634 18586 2749948 1 809
7634 18586 2749958 1 815
7632 18588 2749968 1 829
7631 18589 2749978 1 839
7629 18590 2749988 1 848
7628 18591 2749998 1 854
7626 18592 2750008 1 859
7626 18593 2750018 1 862
7626 18593 2750028 1 861
7625 18593 2750038 1 861
7624 18594 2750048 1 862
7622 18595 2750058 1 861
7621 18597 2750068 1 858
7619 18599 2750078 1 853
7618 18600 2750088 1 847
7617 18601 2750098 1 843
7616 18602 2750108 1 839
7615 18604 2750118 1 829
7614 18606 2750128 1 818
7613 18608 2750138 1 806
7613 18610 2750148 1 792
7613 18612 2750158 1 777
7614 18612 2750168 1 770
7615 18613 2750178 1 760
7617 18614 2750188 1 743
7619 18614 2750198 1 725
7622 18615 2750208 1 705
7625 18615 2750218 1 685
7627 18615 2750228 1 673
7628 18615 2750238 1 664
7631 18615 2750248 1 652
7634 18615 2750258 1 641
7637 18614 2750268 1 618
7640 18613 2750278 1 595
7642 18612 2750288 1 571
7644 18610 2750298 1 547
7645 18609 2750308 1 521
7646 18609 2750318 1 508
7646 18609 2750328 1 495
7646 18608 2750338 1 469
7645 18607 2750348 1 443
7644 18607 2750358 1 416
7642 18606 2750368 1 390
7640 18606 2750378 1 363
7638 18606 2750388 1 350
7636 18605 2750398 1 337
7634 18604 2750408 1 310
7631 18603 2750418 1 283
7628 18602 2750428 1 256
7627 18601 2750438 1 243
7625 18600 2750448 1 230
7622 18599 2750458 1 204
7618 18597 2750468 1 192
7615 18596 2750478 1 178
7612 18593 2750488 1 153
7609 18591 2750498 1 128
7607 18589 2750508 1 104
7605 18586 2750518 1 81
7604 18584 2750528 1 58
7603 18582 2750538 1 46
7602 18580 2750548 1 35
7602 18577 2750558 1 14
7602 18575 2750568 0 0
7604 18573 2750578 0 0
7605 18570 2750588 0 0
7607 18568 2750598 0 0
7608 18567 2750608 0 0
7610 18566 2750618 0 0
7613 18564 2750628 0 0
7616 18563 2750638 0 0
7617 18562 2750648 0 0
7619 18561 2750658 0 0
7623 18560 2750668 0 0
7628 18558 2750678 0 0
7631 18558 2750688 0 0
7634 18558 2750698 0 0
7639 18556 2750708 0 0
7644 18554 2750718 0 0
7649 18552 2750728 0 0
7654 18549 2750738 0 0
7659 18546 2750748 0 0
7662 18545 2750758 0 0
7665 18544 2750768 0 0
7669 18540 2750778 0 0
7673 18536 2750788 0 0
7677 18533 2750798 0 0
7681 18530 2750808 0 0
7684 18527 2750818 0 0
7686 18525 2750828 0 0
7687 18524 2750838 0 0
7690 18521 2750848 0 0
7692 18520 2750858 0 0
7693 18519 2750868 0 0
7697 18518 2750878 0 0
7701 18517 2750888 0 0
7704 18517 2750898 1 5
7706 18517 2750908 1 21
7709 18517 2750918 1 35
7712 18518 2750928 1 66
7716 18520 2750938 1 99
7719 18522 2750948 1 135
7722 18524 2750958 1 171
7725 18527 2750968 1 208
7727 18528 2750978 1 227
7728 18530 2750988 1 247
7729 18534 2750998 1 285
7731 18538 2751008 1 324
7731 18543 2751018 1 363
7732 18548 2751028 1 402
7732 18553 2751038 1 440
7732 18555 2751048 1 459
7731 18558 2751058 1 477
7731 18560 2751068 1 492
7731 18564 2751078 1 514
7730 18570 2751088 1 549
7729 18576 2751098 1 582
7727 18583 2751108 1 614
7726 18589 2751118 1 643
7725 18593 2751128 1 658
7724 18597 2751138 1 671
7722 18603 2751148 1 696
7719 18609 2751158 1 718
7717 18614 2751168 1 736
7714 18619 2751178 1 752
7711 18623 2751188 1 764
7710 18626 2751198 1 769
7708 18628 2751208 1 771
7706 18631 2751218 1 775
7703 18633 2751228 1 775
7701 18635 2751238 1 770
7699 18635 2751248 1 760
7697 18635 2751258 1 746
7696 18635 2751268 1 737
7696 18635 2751278 1 735
7695 18635 2751288 1 727
7693 18633 2751298 1 704
7692 18631 2751308 1 678
7690 18628 2751318 1 648
7689 18624 2751328 1 615
7688 18620 2751338 1 580
7688 18617 2751348 1 562
7688 18614 2751358 1 543
7687 18610 2751368 1 504
7685 18605 2751378 1 461
7683 18601 2751388 1 419
7681 18598 2751398 1 375
7680 18595 2751408 1 331
7678 18593 2751418 1 307
7677 18592 2751428 1 285
7675 18590 2751438 1 240
7673 18588 2751448 1 195
7671 18587 2751458 1 149
7669 18586 2751468 1 106
7667 18585 2751478 1 63
7666 18585 2751488 1 49
7665 18585 2751498 1 44
7664 18584 2751508 1 22
7663 18584 2751518 0 0
7661 18584 2751528 0 0
7660 18584 2751538 0 0
7660 18584 2751548 0 0
7659 18585 2751558 0 0
7659 18586 2751568 0 0
7658 18587 2751578 0 0
7658 18588 2751588 0 0
7657 18589 2751598 0 0
7657 18590 2751608 0 0
7656 18591 2751618 0 0
7656 18593 2751628 0 0
7656 18593 2751638 0 0
7656 18594 2751648 0 0
7656 18595 2751658 0 0
7657 18597 2751668 0 0
7657 18598 2751678 0 0
7658 18599 2751688 0 0
7658 18600 2751698 0 0
7659 18601 2751708 0 0
7659 18601 2751718 0 0
7659 18601 2751728 0 0
7660 18602 2751738 0 0
7661 18602 2751748 0 0
7662 18602 2751758 0 0
7664 18602 2751768 0 0
7665 18603 2751778 0 0
7667 18603 2751788 0 0
7668 18603 2751798 0 0
7671 18604 2751808 0 0
7673 18605 2751818 0 0
7675 18606 2751828 0 0
7677 18608 2751838 0 0
7678 18609 2751848 0 0
7679 18611 2751858 0 0
7681 18612 2751868 0 0
7682 18614 2751878 0 0
7683 18615 2751888 0 0
7685 18617 2751898 0 0
7685 18618 2751908 0 0
7686 18619 2751918 0 0
7687 18620 2751928 0 0
7687 18621 2751938 0 0
7687 18622 2751948 0 0
7686 18623 2751958 0 0
7686 18624 2751968 0 0
7686 18624 2751978 0 0
7685 18625 2751988 0 0
7685 18625 2751998 0 0
7684 18625 2752008 0 0
7683 18625 2752018 0 0
7683 18625 2752028 0 0
7683 18625 2752038 0 0
7683 18625 2752048 0 0
7683 18624 2752058 0 0
7682 18624 2752068 0 0
7682 18623 2752078 0 0
7682 18623 2752088 0 0
7681 18622 2752098 0 0
7681 18622 2752108 0 0
7681 18621 2752118 0 0
7680 18621 2752128 1 14
7680 18621 2752138 1 43
7680 18620 2752148 1 72
7681 18620 2752158 1 86
7681 18620 2752168 1 101
7682 18619 2752178 1 131
7682 18618 2752188 1 161
7683 18618 2752198 1 193
7684 18617 2752208 1 224
7685 18616 2752218 1 255
7686 18616 2752228 1 270
7687 18616 2752238 1 286
7688 18615 2752248 1 317
7689 18615 2752258 1 348
7690 18614 2752268 1 379
7691 18614 2752278 1 411
7692 18613 2752288 1 442
7692 18613 2752298 1 458
7693 18613 2752308 1 473
7693 18612 2752318 1 504
7693 18612 2752328 1 520
7693 18611 2752338 1 534
7694 18611 2752348 1 564
7694 18610 2752358 1 593
7695 18609 2752368 1 622
7696 18608 2752378 1 636
7696 18607 2752388 1 650
7697 18605 2752398 1 679
7698 18604 2752408 1 706
7698 18602 2752418 1 732
7699 18601 2752428 1 758
7699 18599 2752438 1 783
7698 18598 2752448 1 795
7697 18597 2752458 1 806
7695 18597 2752468 1 829
7693 18596 2752478 1 851
7691 18596 2752488 1 872
7689 18596 2752498 1 892
7686 18596 2752508 1 910
7684 18595 2752518 1 919
7681 18595 2752528 1 928
7680 18595 2752538 1 935
7679 18595 2752548 1 944
7676 18595 2752558 1 960
7674 18595 2752568 1 974
7672 18595 2752578 1 987
7670 18596 2752588 1 999
7669 18596 2752598 1 1005
7668 18597 2752608 1 1010
7667 18597 2752618 1 1020
7667 18599 2752628 1 1024
7667 18600 2752638 1 1024
7667 18601 2752648 1 1024
7668 18603 2752658 1 1024
7668 18604 2752668 1 1024
7669 18605 2752678 1 1024
7670 18607 2752688 1 1024
7671 18609 2752698 1 1024
7673 18611 2752708 1 1024
7675 18613 2752718 1 1024
7676 18615 2752728 1 1024
7678 18616 2752738 1 1024
7679 18617 2752748 1 1024
7680 18618 2752758 1 1024
7683 18620 2752768 1 1024
7686 18622 2752778 1 1024
7690 18624 2752788 1 1024
7693 18625 2752798 1 1024
7697 18627 2752808 1 1024
7700 18628 2752818 1 1024
7703 18628 2752828 1 1023
7706 18630 2752838 1 1014
7709 18631 2752848 1 1004
7712 18631 2752858 1 993
7714 18632 2752868 1 981
7717 18632 2752878 1 969
7718 18632 2752888 1 962
7719 18631 2752898 1 955
7720 18631 2752908 1 940
7721 18630 2752918 1 924
7721 18630 2752928 1 907
7721 18629 2752938 1 890
7721 18628 2752948 1 871
7721 18627 2752958 1 864
7721 18627 2752968 1 862
7720 18626 2752978 1 852
7720 18626 2752988 1 832
7720 18625 2752998 1 811
7720 18624 2753008 1 789
7720 18622 2753018 1 767
7719 18621 2753028 1 744
7719 18621 2753038 1 732
7718 18620 2753048 1 720
7717 18619 2753058 1 696
7716 18617 2753068 1 672
7715 18616 2753078 1 646
7714 18614 2753088 1 621
7714 18612 2753098 1 596
7713 18611 2753108 1 583
7713 18610 2753118 1 570
7713 18608 2753128 1 544
7714 18607 2753138 1 518
7714 18605 2753148 1 492
7714 18603 2753158 1 466
7714 18602 2753168 1 451
7715 18601 2753178 1 440
7715 18601 2753188 1 427
7717 18600 2753198 1 414
7717 18598 2753208 1 388
7718 18596 2753218 1 362
7719 18594 2753228 1 336
7719 18592 2753238 1 311
7719 18590 2753248 1 286
7720 18589 2753258 1 273
7720 18588 2753268 1 261
7719 18586 2753278 1 237
7718 18585 2753288 1 213
7717 18583 2753298 1 190
7716 18582 2753308 1 167
7714 18581 2753318 1 145
7714 18580 2753328 1 134
7713 18580 2753338 1 123
7713 18580 2753348 1 103
7712 18579 2753358 1 83
7712 18579 2753368 1 63
7712 18579 2753378 1 54
7712 18580 2753388 1 45
7711 18580 2753398 1 28
7711 18581 2753408 1 20
7711 18581 2753418 1 11
7710 18582 2753428 0 0
7710 18583 2753438 0 0
7709 18583 2753448 0 0
7708 18583 2753458 0 0
7707 18583 2753468 0 0
7706 18583 2753478 0 0
7705 18583 2753488 0 0
7704 18583 2753498 0 0
7703 18583 2753508 0 0
7702 18583 2753518 0 0
7701 18582 2753528 0 0
7700 18582 2753538 0 0
7700 18582 2753548 0 0
7699 18581 2753558 0 0
7699 18581 2753568 0 0
7699 18581 2753578 0 0
7699 18581 2753588 1 5
7699 18581 2753598 1 22
7700 18581 2753608 1 52
7700 18581 2753618 1 86
7701 18581 2753628 1 104
7701 18581 2753638 1 123
7703 18581 2753648 1 164
7704 18581 2753658 1 207
7706 18581 2753668 1 253
7709 18581 2753678 1 301
7711 18580 2753688 1 350
7713 18581 2753698 1 375
7715 18581 2753708 1 400
7718 18580 2753718 1 451
7721 18580 2753728 1 502
7724 18580 2753738 1 553
7726 18579 2753748 1 603
7729 18579 2753758 1 652
7731 18579 2753768 1 677
7733 18579 2753778 1 701
7735 18578 2753788 1 747
7736 18578 2753798 1 770
7736 18577 2753808 1 791
7737 18576 2753818 1 832
7738 18576 2753828 1 870
7739 18575 2753838 1 904
7739 18574 2753848 1 921
7739 18574 2753858 1 935
7739 18573 2753868 1 961
7738 18572 2753878 1 983
7738 18571 2753888 1 999
7737 18571 2753898 1 1011
7735 18570 2753908 1 1018
7734 18570 2753918 1 1020
7732 18569 2753928 1 1020
7730 18569 2753938 1 1018
7728 18570 2753948 1 1013
7725 18570 2753958 1 1003
7723 18570 2753968 1 990
7720 18571 2753978 1 973
7718 18572 2753988 1 965
7716 18572 2753998 1 954
7715 18573 2754008 1 944
7714 18574 2754018 1 931
7713 18575 2754028 1 906
7712 18577 2754038 1 878
7711 18580 2754048 1 848
7710 18582 2754058 1 816
7709 18584 2754068 1 800
7708 18586 2754078 1 783
7708 18588 2754088 1 747
7708 18591 2754098 1 710
7708 18593 2754108 1 673
7708 18595 2754118 1 633
7708 18597 2754128 1 593
7709 18598 2754138 1 573
7709 18599 2754148 1 553
7709 18601 2754158 1 513
7710 18602 2754168 1 473
7710 18603 2754178 1 433
7711 18603 2754188 1 393
7712 18604 2754198 1 354
7713 18604 2754208 1 334
7714 18604 2754218 1 330
7715 18604 2754228 1 316
7716 18604 2754238 1 278
7717 18605 2754248 1 243
7719 18605 2754258 1 208
7720 18605 2754268 1 176
7721 18605 2754278 1 145
7722 18605 2754288 1 130
7722 18605 2754298 1 117
7723 18604 2754308 1 91
7723 18604 2754318 1 68
7723 18603 2754328 1 47
7723 18602 2754338 1 30
7723 18602 2754348 1 16
7724 18602 2754358 1 11
7724 18601 2754368 1 6
7725 18601 2754378 0 0
7726 18600 2754388 0 0
7727 18600 2754398 0 0
7728 18599 2754408 0 0
7729 18599 2754418 0 0
7729 18599 2754428 0 0
7729 18598 2754438 0 0
7730 18597 2754448 0 0
7731 18596 2754458 0 0
7732 18595 2754468 0 0
7732 18594 2754478 0 0
7732 18592 2754488 0 0
7732 18591 2754498 0 0
7732 18591 2754508 0 0
7732 18591 2754518 0 0
7732 18590 2754528 1 2
7731 18589 2754538 1 18
7731 18588 2754548 1 42
7730 18587 2754558 1 74
7729 18585 2754568 1 113
7727 18584 2754578 1 133
7725 18584 2754588 1 157
7723 18582 2754598 1 206
7721 18581 2754608 1 259
7719 18580 2754618 1 315
7717 18578 2754628 1 374
7717 18578 2754638 1 410
7716 18577 2754648 1 435
7714 18577 2754658 1 466
7712 18577 2754668 1 497
7710 18576 2754678 1 560
7709 18575 2754688 1 622
7707 18575 2754698 1 684
7706 18574 2754708 1 742
7706 18574 2754718 1 798
7705 18574 2754728 1 826
7705 18575 2754738 1 851
7706 18575 2754748 1 899
7707 18575 2754758 1 942
7708 18575 2754768 1 979
7710 18575 2754778 1 1009
7712 18576 2754788 1 1024
7713 18576 2754798 1 1024
7714 18577 2754808 1 1024
7717 18577 2754818 1 1024
7719 18577 2754828 1 1024
7721 18578 2754838 1 1024
7722 18578 2754848 1 1024
7724 18578 2754858 1 1024
7726 18579 2754868 1 1024
7729 18579 2754878 1 1024
7731 18579 2754888 1 1024
7733 18580 2754898 1 1024
7736 18580 2754908 1 1024
7739 18581 2754918 1 1024
7742 18582 2754928 1 1024
7744 18583 2754938 1 1024
7746 18583 2754948 1 1024
7748 18582 2754958 1 1024
7750 18583 2754968 1 1024
7752 18584 2754978 1 1024
7754 18585 2754988 1 1024
7755 18585 2754998 1 1024
7757 18586 2755008 1 1024
7758 18587 2755018 1 1024
7759 18587 2755028 1 1024
7760 18589 2755038 1 1024
7760 18590 2755048 1 1024
7760 18591 2755058 1 1024
7760 18591 2755068 1 1024
7760 18592 2755078 1 1024
7760 18593 2755088 1 1024
7759 18594 2755098 1 1024
7758 18594 2755108 1 1024
7757 18595 2755118 1 1024
7755 18595 2755128 1 1024
7753 18595 2755138 1 1024
7751 18595 2755148 1 1024
7749 18595 2755158 1 1024
7748 18595 2755168 1 1024
7747 18595 2755178 1 1024
7746 18596 2755188 1 1024
7745 18595 2755198 1 1024
7745 18595 2755208 1 1024
7745 18595 2755218 1 1024
7745 18594 2755228 1 1024
7745 18594 2755238 1 1024
7745 18594 2755248 1 1024
7746 18593 2755258 1 1024
7746 18592 2755268 1 1024
7747 18592 2755278 1 1024
7748 18591 2755288 1 1024
7749 18591 2755298 1 1024
7750 18590 2755308 1 1024
7751 18589 2755318 1 1024
7752 18589 2755328 1 1024
7753 18588 2755338 1 1024
7755 18587 2755348 1 1024
7756 18586 2755358 1 1024
7757 18586 2755368 1 1024
7758 18585 2755378 1 1024
7758 18585 2755388 1 1024
7758 18584 2755398 1 1024
7759 18584 2755408 1 1024
7759 18584 2755418 1 1024
7760 18584 2755428 1 1024
7760 18584 2755438 1 1024
7760 18584 2755448 1 1024
7760 18585 2755458 1 1024
7761 18585 2755468 1 1024
7761 18585 2755478 1 1024
7762 18585 2755488 1 1024
7763 18586 2755498 1 1024
7765 18586 2755508 1 1024
7767 18587 2755518 1 1024
7768 18587 2755528 1 1024
7770 18588 2755538 1 1024
7771 18588 2755548 1 1024
7773 18588 2755558 1 1024
7774 18589 2755568 1 1024
7775 18589 2755578 1 1024
7776 18590 2755588 1 1024
7776 18591 2755598 1 1024
7776 18592 2755608 1 1024
7776 18592 2755618 1 1024
7775 18593 2755628 1 1024
7774 18594 2755638 1 1024
7772 18595 2755648 1 1024
7771 18596 2755658 1 1024
7769 18597 2755668 1 1024
7767 18598 2755678 1 1024
7766 18599 2755688 1 1024
7765 18599 2755698 1 1024
7763 18600 2755708 1 1024
7760 18601 2755718 1 1024
7757 18602 2755728 1 1024
7754 18603 2755738 1 1024
7752 18604 2755748 1 1024
7750 18604 2755758 1 1024
7749 18605 2755768 1 1024
7747 18605 2755778 1 1024
7746 18606 2755788 1 1024
7746 18606 2755798 1 1024
7746 18606 2755808 1 1024
7746 18606 2755818 1 1024
7746 18605 2755828 1 1024
7746 18605 2755838 1 1024
7747 18605 2755848 1 1024
7747 18605 2755858 1 1024
7748 18606 2755868 1 1024
7748 18606 2755878 1 1024
7749 18606 2755888 1 1024
7749 18606 2755898 1 1024
7749 18607 2755908 1 1024
7750 18607 2755918 1 1024
7750 18608 2755928 1 1024
7750 18608 2755938 1 1024
7750 18609 2755948 1 1024
7750 18609 2755958 1 1024
7749 18610 2755968 1 1024
7749 18610 2755978 1 1024
7748 18610 2755988 1 1024
7747 18610 2755998 1 1024
7747 18610 2756008 1 1024
7746 18610 2756018 1 1024
7746 18609 2756028 1 1024
7746 18609 2756038 1 1024
7746 18609 2756048 1 1024
7746 18608 2756058 1 1024
7746 18609 2756068 1 1024
7747 18609 2756078 1 1024
7747 18609 2756088 1 1024
7748 18610 2756098 1 1024
7748 18610 2756108 1 1024
7748 18610 2756118 1 1024
7748 18610 2756128 1 1024
7749 18611 2756138 1 1024
7749 18611 2756148 1 1024
7748 18612 2756158 1 1024
7748 18612 2756168 1 1024
7748 18613 2756178 1 1024
7748 18613 2756188 1 1024
7748 18613 2756198 1 1024
7749 18613 2756208 1 1024
7748 18613 2756218 1 1024
7748 18612 2756228 1 1024
7748 18612 2756238 1 1024
7747 18611 2756248 1 1024
7746 18610 2756258 1 1024
7745 18609 2756268 1 1024
7744 18609 2756278 1 1024
7743 18608 2756288 1 1024
7742 18607 2756298 1 1024
7742 18606 2756308 1 1024
7742 18606 2756318 1 1024
7742 18605 2756328 1 1024
7743 18605 2756338 1 1024
7743 18604 2756348 1 1024
7744 18603 2756358 1 1024
7745 18603 2756368 1 1024
7745 18602 2756378 1 1024
7746 18601 2756388 1 1024
7746 18601 2756398 1 1024
7747 18600 2756408 1 1024
7747 18600 2756418 1 1024
7748 18600 2756428 1 1024
7749 18600 2756438 1 1024
7750 18600 2756448 1 1024
7751 18600 2756458 1 1024
7752 18600 2756468 1 1024
7753 18600 2756478 1 1024
7753 18601 2756488 1 1024
7752 18601 2756498 1 1024
7752 18601 2756508 1 1024
7751 18601 2756518 1 1024
7751 18601 2756528 1 1024
7751 18601 2756538 1 1024
7750 18601 2756548 1 1024
7749 18601 2756558 1 1024
7748 18602 2756568 1 1024
7747 18602 2756578 1 1024
7746 18603 2756588 1 1024
7746 18604 2756598 1 1024
7745 18604 2756608 1 1024
7744 18605 2756618 1 1024
7744 18606 2756628 1 1024
7744 18607 2756638 1 1024
7744 18608 2756648 1 1024
7744 18609 2756658 1 1024
7745 18611 2756668 1 1024
7745 18612 2756678 1 1024
7746 18613 2756688 1 1024
7747 18615 2756698 1 1024
7748 18615 2756708 1 1024
7749 18616 2756718 1 1024
7749 18616 2756728 1 1024
7750 18617 2756738 1 1024
7751 18617 2756748 1 1024
7752 18617 2756758 1 1024
7754 18617 2756768 1 1024
7755 18617 2756778 1 1024
7756 18617 2756788 1 1024
7757 18616 2756798 1 1024
7758 18616 2756808 1 1024
7758 18615 2756818 1 1024
7757 18615 2756828 1 1024
7757 18614 2756838 1 1024
7757 18614 2756848 1 1024
7756 18613 2756858 1 1024
7756 18612 2756868 1 1024
7756 18611 2756878 1 1024
7756 18610 2756888 1 1024
7756 18609 2756898 1 1024
7756 18607 2756908 1 1024
7756 18606 2756918 1 1024
7755 18605 2756928 1 1024
7755 18604 2756938 1 1024
7755 18604 2756948 1 1024
7755 18603 2756958 1 1024
7756 18602 2756968 1 1024
7756 18601 2756978 1 1024
7756 18600 2756988 1 1024
7756 18599 2756998 1 1024
7756 18597 2757008 1 1024
7755 18596 2757018 1 1024
7756 18594 2757028 1 1024
7756 18593 2757038 1 1024
7757 18592 2757048 1 1024
7759 18591 2757058 1 1024
7760 18589 2757068 1 1024
7762 18589 2757078 1 1024
7763 18588 2757088 1 1024
7764 18588 2757098 1 1024
7765 18588 2757108 1 1024
7766 18588 2757118 1 1024
7767 18588 2757128 1 1024
7767 18588 2757138 1 1024
7767 18589 2757148 1 1024
7768 18589 2757158 1 1024
7768 18590 2757168 1 1024
7768 18590 2757178 1 1024
7768 18591 2757188 1 1024
7769 18592 2757198 1 1024
7769 18594 2757208 1 1024
7769 18595 2757218 1 1024
7770 18596 2757228 1 1024
7770 18597 2757238 1 1024
7771 18597 2757248 1 1024
7771 18598 2757258 1 1024
7772 18599 2757268 1 1024
7773 18599 2757278 1 1024
7774 18600 2757288 1 1024
7774 18601 2757298 1 1024
7775 18602 2757308 1 1024
7775 18603 2757318 1 1024
7775 18604 2757328 1 1024
7775 18606 2757338 1 1024
7775 18607 2757348 1 1024
7775 18608 2757358 1 1024
7774 18608 2757368 1 1024
7774 18609 2757378 1 1024
7774 18610 2757388 1 1024
7773 18611 2757398 1 1024
7773 18612 2757408 1 1024
7772 18613 2757418 1 1024
7771 18613 2757428 1 1024
7771 18614 2757438 1 1024
7771 18615 2757448 1 1024
7770 18616 2757458 1 1024
7770 18616 2757468 1 1024
7770 18617 2757478 1 1024
7771 18618 2757488 1 1024
7771 18618 2757498 1 1024
7772 18618 2757508 1 1024
7772 18618 2757518 1 1024
7773 18618 2757528 1 1024
7774 18617 2757538 1 1024
7775 18616 2757548 1 1024
7775 18615 2757558 1 1024
7776 18613 2757568 1 1024
7777 18611 2757578 1 1024
7778 18609 2757588 1 1024
7780 18607 2757598 1 1024
7781 18604 2757608 1 1024
7783 18602 2757618 1 1024
7784 18599 2757628 1 1024
7786 18596 2757638 1 1024
7788 18593 2757648 1 1024
7790 18590 2757658 1 1024
7792 18587 2757668 1 1024
7795 18584 2757678 1 1024
7798 18581 2757688 1 1024
7800 18578 2757698 1 1024
7804 18575 2757708 1 1024
7807 18572 2757718 1 1024
7809 18569 2757728 1 1024
7812 18566 2757738 1 1024
7814 18564 2757748 1 1024
7816 18562 2757758 1 1024
7817 18560 2757768 1 1024
7817 18559 2757778 1 1024
7817 18557 2757788 1 1024
7817 18556 2757798 1 1024
7816 18555 2757808 1 1024
7815 18555 2757818 1 1024
7814 18554 2757828 1 1024
7812 18553 2757838 1 1024
7811 18553 2757848 1 1024
7809 18552 2757858 1 1024
7808 18552 2757868 1 1024
