7673 17765 6443279 1 492
7662 17755 6443289 1 538
7656 17752 6443299 1 580
7652 17750 6443309 1 619
7642 17742 6443319 1 655
7640 17741 6443329 1 672
7640 17745 6443339 1 719
7638 17746 6443349 1 746
7635 17748 6443359 1 769
7632 17749 6443369 1 791
7629 17751 6443379 1 810
7627 17752 6443389 1 820
7621 17754 6443399 1 842
7618 17756 6443409 1 852
7615 17758 6443419 1 862
7613 17760 6443429 1 869
7611 17762 6443439 1 874
7610 17764 6443449 1 876
7608 17767 6443459 1 877
7606 17770 6443469 1 876
7605 17773 6443479 1 873
7605 17775 6443489 1 867
7604 17778 6443499 1 861
7604 17779 6443509 1 856
7605 17782 6443519 1 841
7605 17784 6443529 1 829
7606 17785 6443539 1 816
7606 17787 6443549 1 801
7607 17788 6443559 1 785
7608 17788 6443569 1 777
7608 17789 6443579 1 749
7609 17789 6443589 1 730
7610 17788 6443599 1 708
7611 17788 6443609 1 687
7612 17787 6443619 1 664
7613 17786 6443629 1 652
7617 17784 6443639 1 616
7618 17783 6443649 1 591
7620 17781 6443659 1 565
7621 17780 6443669 1 540
7622 17778 6443679 1 513
7623 17778 6443689 1 499
7623 17776 6443699 1 457
7623 17774 6443709 1 429
7623 17773 6443719 1 401
7623 17772 6443729 1 373
7623 17771 6443739 1 345
7622 17771 6443749 1 331
7621 17770 6443759 1 288
7620 17769 6443769 1 260
7619 17768 6443779 1 231
7618 17768 6443789 1 204
7617 17767 6443799 1 176
7615 17767 6443809 1 163
7613 17767 6443819 1 123
7612 17767 6443829 1 96
7612 17766 6443839 1 70
7611 17766 6443849 1 46
7611 17765 6443859 1 21
7612 17765 6443869 1 10
7614 17764 6443879 0 0
7617 17763 6443889 0 0
7619 17762 6443899 0 0
7622 17760 6443909 0 0
7626 17759 6443919 0 0
7629 17758 6443929 0 0
7635 17754 6443939 0 0
7638 17750 6443949 0 0
7642 17747 6443959 0 0
7645 17743 6443969 0 0
7648 17739 6443979 0 0
7650 17736 6443989 0 0
7654 17730 6443999 0 0
7657 17725 6444009 0 0
7660 17720 6444019 0 0
7663 17716 6444029 0 0
7667 17711 6444039 0 0
7668 17709 6444049 0 0
7674 17702 6444059 0 0
7677 17698 6444069 0 0
7682 17694 6444079 0 0
7686 17691 6444089 0 0
7690 17687 6444099 0 0
7692 17686 6444109 0 0
7700 17682 6444119 0 0
7705 17680 6444129 0 0
7711 17679 6444139 0 0
7717 17678 6444149 0 0
7722 17677 6444159 0 0
7725 17678 6444169 0 0
7733 17679 6444179 1 35
7738 17682 6444189 1 70
7742 17685 6444199 1 107
7747 17688 6444209 1 145
7750 17693 6444219 1 185
7753 17695 6444229 1 205
7757 17703 6444239 1 266
7759 17709 6444249 1 307
7760 17715 6444259 1 348
7761 17721 6444269 1 389
7762 17727 6444279 1 429
7762 17729 6444289 1 449
7761 17738 6444299 1 506
7760 17744 6444309 1 543
7758 17750 6444319 1 578
7757 17756 6444329 1 612
7754 17762 6444339 1 643
7752 17765 6444349 1 658
7748 17772 6444359 1 698
7745 17777 6444369 1 721
7742 17781 6444379 1 740
7739 17784 6444389 1 757
7736 17787 6444399 1 770
7734 17788 6444409 1 775
7729 17790 6444419 1 781
7726 17791 6444429 1 781
7722 17791 6444439 1 776
7719 17791 6444449 1 765
7715 17790 6444459 1 751
7713 17790 6444469 1 741
7708 17788 6444479 1 706
7705 17785 6444489 1 679
7701 17783 6444499 1 648
7698 17780 6444509 1 614
7694 17777 6444519 1 577
7692 17775 6444529 1 558
7687 17770 6444539 1 497
7684 17767 6444549 1 453
7681 17764 6444559 1 408
7678 17762 6444569 1 362
7676 17759 6444579 1 316
7675 17758 6444589 1 292
7673 17755 6444599 1 222
7672 17754 6444609 1 175
7671 17753 6444619 1 127
7670 17752 6444629 1 82
7669 17752 6444639 1 37
7669 17752 6444649 1 18
7668 17753 6444659 0 0
7668 17754 6444669 0 0
7668 17755 6444679 0 0
7668 17756 6444689 0 0
7668 17757 6444699 0 0
7669 17758 6444709 0 0
7670 17760 6444719 0 0
7671 17761 6444729 0 0
7672 17763 6444739 0 0
7673 17764 6444749 0 0
7674 17766 6444759 0 0
7675 17767 6444769 0 0
7675 17769 6444779 0 0
7676 17770 6444789 0 0
7676 17771 6444799 0 0
7676 17773 6444809 0 0
7677 17774 6444819 0 0
7677 17775 6444829 0 0
7677 17776 6444839 0 0
7677 17778 6444849 0 0
7678 17779 6444859 0 0
7678 17780 6444869 0 0
7678 17780 6444879 0 0
7679 17780 6444889 0 0
7681 17781 6444899 0 0
7682 17781 6444909 0 0
7684 17781 6444919 0 0
7686 17781 6444929 0 0
7688 17781 6444939 0 0
7689 17781 6444949 0 0
7693 17781 6444959 0 0
7695 17782 6444969 0 0
7698 17782 6444979 0 0
7700 17783 6444989 0 0
7702 17783 6444999 0 0
7703 17784 6445009 0 0
7707 17785 6445019 0 0
7708 17785 6445029 0 0
7710 17786 6445039 0 0
7711 17787 6445049 0 0
7712 17788 6445059 0 0
7712 17788 6445069 0 0
7714 17790 6445079 0 0
7715 17791 6445089 0 0
7716 17791 6445099 0 0
7716 17791 6445109 0 0
7716 17792 6445119 0 0
7717 17792 6445129 0 0
7718 17791 6445139 0 0
7718 17790 6445149 0 0
7719 17790 6445159 0 0
7719 17789 6445169 1 24
7720 17788 6445179 1 54
7720 17788 6445189 1 68
7721 17786 6445199 1 115
7720 17785 6445209 1 146
7720 17783 6445219 1 179
7719 17782 6445229 1 211
7718 17781 6445239 1 243
7716 17780 6445249 1 258
7713 17778 6445259 1 307
7711 17777 6445269 1 339
7708 17776 6445279 1 371
7706 17775 6445289 1 404
7704 17775 6445299 1 436
7703 17774 6445309 1 452
7700 17773 6445319 1 500
7699 17773 6445329 1 531
7698 17773 6445339 1 562
7697 17772 6445349 1 592
7697 17772 6445359 1 622
7697 17772 6445369 1 636
7698 17772 6445379 1 679
7698 17771 6445389 1 707
7699 17771 6445399 1 734
7699 17770 6445409 1 761
7700 17770 6445419 1 786
7700 17769 6445429 1 799
7700 17769 6445439 1 834
7700 17768 6445449 1 856
7700 17768 6445459 1 878
7700 17768 6445469 1 898
7700 17768 6445479 1 917
7700 17768 6445489 1 926
7700 17768 6445499 1 951
7700 17769 6445509 1 967
7701 17769 6445519 1 981
7702 17770 6445529 1 994
7703 17771 6445539 1 1007
7704 17771 6445549 1 1013
7706 17772 6445559 1 1024
7707 17773 6445569 1 1024
7709 17774 6445579 1 1024
7711 17775 6445589 1 1024
7712 17776 6445599 1 1024
7713 17776 6445609 1 1024
7716 17778 6445619 1 1024
7717 17779 6445629 1 1024
7719 17780 6445639 1 1024
7720 17781 6445649 1 1024
7721 17782 6445659 1 1024
7722 17783 6445669 1 1024
7724 17784 6445679 1 1024
7725 17785 6445689 1 1024
7726 17786 6445699 1 1024
7727 17787 6445709 1 1024
7728 17788 6445719 1 1024
7728 17789 6445729 1 1024
7728 17791 6445739 1 1021
7729 17792 6445749 1 1011
7729 17793 6445759 1 1000
7730 17794 6445769 1 987
7731 17795 6445779 1 975
7731 17795 6445789 1 968
7732 17796 6445799 1 945
7733 17796 6445809 1 929
7734 17795 6445819 1 911
7736 17795 6445829 1 894
7737 17794 6445839 1 875
7738 17794 6445849 1 865
7740 17792 6445859 1 835
7741 17791 6445869 1 813
7742 17790 6445879 1 791
7743 17789 6445889 1 768
7744 17787 6445899 1 745
7744 17787 6445909 1 733
7745 17785 6445919 1 696
7745 17784 6445929 1 672
7745 17782 6445939 1 646
7745 17781 6445949 1 621
7744 17779 6445959 1 596
7744 17779 6445969 1 582
7744 17776 6445979 1 543
7744 17775 6445989 1 516
7744 17773 6445999 1 490
7744 17771 6446009 1 464
7744 17768 6446019 1 437
7744 17767 6446029 1 424
7744 17764 6446039 1 385
7744 17761 6446049 1 359
7743 17759 6446059 1 332
7742 17757 6446069 1 307
7741 17754 6446079 1 282
7740 17753 6446089 1 269
7737 17749 6446099 1 232
7735 17747 6446109 1 208
7733 17745 6446119 1 185
7732 17743 6446129 1 162
7730 17741 6446139 1 140
7729 17740 6446149 1 129
7726 17739 6446159 1 98
7724 17738 6446169 1 78
7723 17738 6446179 1 58
7722 17738 6446189 1 39
7720 17738 6446199 1 22
7720 17739 6446209 1 15
7718 17740 6446219 0 0
7718 17741 6446229 0 0
7718 17742 6446239 0 0
7718 17743 6446249 0 0
7718 17744 6446259 0 0
7718 17745 6446269 0 0
7718 17746 6446279 0 0
7718 17746 6446289 0 0
7719 17747 6446299 0 0
7719 17747 6446309 0 0
7719 17748 6446319 0 0
7719 17748 6446329 0 0
7719 17748 6446339 0 0
7719 17748 6446349 0 0
7720 17748 6446359 1 19
7721 17747 6446369 1 49
7722 17747 6446379 1 84
7722 17746 6446389 1 102
7725 17744 6446399 1 162
7726 17743 6446409 1 206
7728 17741 6446419 1 252
7730 17739 6446429 1 300
7732 17738 6446439 1 349
7733 17737 6446449 1 375
7737 17735 6446459 1 451
7739 17734 6446469 1 502
7742 17733 6446479 1 553
7744 17732 6446489 1 603
7746 17731 6446499 1 652
7747 17731 6446509 1 677
7750 17731 6446519 1 747
7752 17731 6446529 1 791
7752 17731 6446539 1 832
7753 17731 6446549 1 870
7754 17731 6446559 1 904
7754 17731 6446569 1 921
7754 17731 6446579 1 961
7754 17732 6446589 1 983
7754 17732 6446599 1 999
7754 17733 6446609 1 1011
7754 17734 6446619 1 1018
7753 17735 6446629 1 1020
7752 17737 6446639 1 1018
7750 17739 6446649 1 1013
7748 17740 6446659 1 1003
7747 17741 6446669 1 990
7745 17742 6446679 1 973
7743 17743 6446689 1 965
7741 17744 6446699 1 931
7739 17745 6446709 1 906
7739 17746 6446719 1 878
7738 17747 6446729 1 848
7738 17748 6446739 1 816
7738 17748 6446749 1 800
7738 17749 6446759 1 747
7738 17750 6446769 1 710
7739 17751 6446779 1 673
7739 17752 6446789 1 633
7740 17753 6446799 1 593
7740 17753 6446809 1 573
7742 17754 6446819 1 513
7743 17755 6446829 1 472
7744 17755 6446839 1 432
7745 17756 6446849 1 392
7746 17757 6446859 1 352
7747 17757 6446869 1 332
7750 17759 6446879 1 276
7751 17760 6446889 1 240
7753 17761 6446899 1 205
7754 17762 6446909 1 172
7754 17763 6446919 1 141
7754 17763 6446929 1 126
7755 17764 6446939 1 86
7756 17765 6446949 1 63
7756 17765 6446959 1 42
7757 17765 6446969 1 24
7757 17765 6446979 1 10
7757 17765 6446989 1 5
7757 17765 6446999 0 0
7757 17765 6447009 0 0
7756 17765 6447019 0 0
7756 17765 6447029 0 0
7755 17765 6447039 0 0
7754 17766 6447049 0 0
7751 17766 6447059 0 0
7749 17766 6447069 0 0
7747 17765 6447079 0 0
7745 17765 6447089 0 0
7743 17765 6447099 0 0
7741 17765 6447109 0 0
7738 17764 6447119 0 0
7737 17763 6447129 1 10
7735 17762 6447139 1 35
7734 17761 6447149 1 67
7734 17759 6447159 1 105
7734 17758 6447169 1 126
7734 17755 6447179 1 200
7735 17753 6447189 1 253
7736 17750 6447199 1 310
7736 17748 6447209 1 370
7737 17746 6447219 1 432
7738 17744 6447229 1 463
7740 17741 6447239 1 559
7741 17738 6447249 1 622
7743 17737 6447259 1 684
7744 17735 6447269 1 743
7746 17733 6447279 1 800
7747 17733 6447289 1 829
7749 17732 6447299 1 903
7750 17731 6447309 1 947
7751 17731 6447319 1 985
7752 17730 6447329 1 1015
7753 17730 6447339 1 1024
7754 17730 6447349 1 1024
7756 17730 6447359 1 1024
7757 17730 6447369 1 1024
7759 17730 6447379 1 1024
7759 17730 6447389 1 1024
7760 17731 6447399 1 1024
7760 17731 6447409 1 1024
7761 17732 6447419 1 1024
7762 17734 6447429 1 1024
7763 17736 6447439 1 1024
7764 17738 6447449 1 1024
7765 17740 6447459 1 1024
7766 17742 6447469 1 1024
7768 17746 6447479 1 1024
7769 17748 6447489 1 1024
7770 17750 6447499 1 1024
7771 17752 6447509 1 1024
7772 17754 6447519 1 1024
7773 17755 6447529 1 1024
7775 17757 6447539 1 1024
7776 17758 6447549 1 1024
7776 17759 6447559 1 1024
7776 17760 6447569 1 1024
7776 17761 6447579 1 1024
7777 17762 6447589 1 1024
7777 17764 6447599 1 1024
7776 17764 6447609 1 1024
7776 17765 6447619 1 1024
7775 17766 6447629 1 1024
7774 17766 6447639 1 1024
7773 17767 6447649 1 1024
7771 17767 6447659 1 1024
7770 17767 6447669 1 1024
7770 17766 6447679 1 1024
7770 17766 6447689 1 1024
7770 17765 6447699 1 1024
7771 17765 6447709 1 1024
7773 17764 6447719 1 1024
7775 17764 6447729 1 1024
7777 17763 6447739 1 1024
7779 17763 6447749 1 1024
7781 17763 6447759 1 1024
7782 17763 6447769 1 1024
7785 17764 6447779 1 1024
7786 17764 6447789 1 1024
7787 17764 6447799 1 1024
7788 17764 6447809 1 1024
7789 17764 6447819 1 1024
7789 17764 6447829 1 1024
7788 17764 6447839 1 1024
7788 17765 6447849 1 1024
7788 17765 6447859 1 1024
7787 17765 6447869 1 1024
7787 17765 6447879 1 1024
7786 17765 6447889 1 1024
7786 17765 6447899 1 1024
7786 17765 6447909 1 1024
7786 17765 6447919 1 1024
7786 17765 6447929 1 1024
7786 17764 6447939 1 1024
7787 17764 6447949 1 1024
7787 17762 6447959 1 1024
7787 17762 6447969 1 1024
7787 17761 6447979 1 1024
7787 17761 6447989 1 1024
7787 17761 6447999 1 1024
7788 17761 6448009 1 1024
7788 17761 6448019 1 1024
7788 17761 6448029 1 1024
7788 17761 6448039 1 1024
7787 17762 6448049 1 1024
7785 17762 6448059 1 1024
7784 17762 6448069 1 1024
7782 17763 6448079 1 1024
7780 17764 6448089 1 1024
7779 17764 6448099 1 1024
7778 17765 6448109 1 1024
7777 17766 6448119 1 1024
7776 17767 6448129 1 1024
7776 17768 6448139 1 1024
7776 17769 6448149 1 1024
7776 17770 6448159 1 1024
7775 17771 6448169 1 1024
7775 17772 6448179 1 1024
7775 17773 6448189 1 1024
7775 17776 6448199 1 1024
7775 17777 6448209 1 1024
7775 17778 6448219 1 1024
7776 17778 6448229 1 1024
7777 17779 6448239 1 1024
7778 17779 6448249 1 1024
7780 17779 6448259 1 1024
7781 17780 6448269 1 1024
7781 17780 6448279 1 1024
7782 17780 6448289 1 1024
7784 17780 6448299 1 1024
7784 17780 6448309 1 1024
7786 17780 6448319 1 1024
7786 17780 6448329 1 1024
7786 17780 6448339 1 1024
7785 17781 6448349 1 1024
7785 17781 6448359 1 1024
7784 17781 6448369 1 1024
7782 17782 6448379 1 1024
7781 17783 6448389 1 1024
7780 17783 6448399 1 1024
7779 17784 6448409 1 1024
7777 17784 6448419 1 1024
7776 17785 6448429 1 1024
7773 17786 6448439 1 1024
7772 17787 6448449 1 1024
7770 17787 6448459 1 1024
7769 17787 6448469 1 1024
7768 17787 6448479 1 1024
7767 17787 6448489 1 1024
7766 17787 6448499 1 1024
7765 17787 6448509 1 1024
7764 17786 6448519 1 1024
7764 17786 6448529 1 1024
7764 17786 6448539 1 1024
7764 17785 6448549 1 1024
7764 17784 6448559 1 1024
7764 17783 6448569 1 1024
7764 17782 6448579 1 1024
7764 17781 6448589 1 1024
7763 17780 6448599 1 1024
7763 17779 6448609 1 1024
7763 17778 6448619 1 1024
7763 17777 6448629 1 1024
7764 17777 6448639 1 1024
7765 17777 6448649 1 1024
7766 17776 6448659 1 1024
7767 17777 6448669 1 1024
7770 17777 6448679 1 1024
7771 17777 6448689 1 1024
7772 17777 6448699 1 1024
7773 17777 6448709 1 1024
7774 17777 6448719 1 1024
7775 17778 6448729 1 1024
7777 17778 6448739 1 1024
7778 17778 6448749 1 1024
7780 17778 6448759 1 1024
7781 17777 6448769 1 1024
7783 17777 6448779 1 1024
7784 17777 6448789 1 1024
7787 17776 6448799 1 1024
7789 17775 6448809 1 1024
7791 17775 6448819 1 1024
7793 17774 6448829 1 1024
7795 17773 6448839 1 1024
7797 17773 6448849 1 1024
7799 17772 6448859 1 1024
7800 17771 6448869 1 1024
7801 17771 6448879 1 1024
7801 17771 6448889 1 1024
7801 17771 6448899 1 1024
7800 17770 6448909 1 1024
7798 17770 6448919 1 1024
7797 17771 6448929 1 1024
7795 17771 6448939 1 1024
7793 17772 6448949 1 1024
7790 17772 6448959 1 1024
7788 17773 6448969 1 1024
7785 17775 6448979 1 1024
7783 17776 6448989 1 1024
7781 17777 6448999 1 1024
7780 17778 6449009 1 1024
7779 17778 6449019 1 1024
7778 17779 6449029 1 1024
7777 17778 6449039 1 1024
7777 17778 6449049 1 1024
7777 17777 6449059 1 1024
7777 17776 6449069 1 1024
7778 17776 6449079 1 1024
7778 17774 6449089 1 1024
7779 17773 6449099 1 1024
7780 17772 6449109 1 1024
7780 17771 6449119 1 1024
7781 17770 6449129 1 1024
7781 17769 6449139 1 1024
7782 17768 6449149 1 1024
7782 17767 6449159 1 1024
7782 17765 6449169 1 1024
7782 17764 6449179 1 1024
7782 17763 6449189 1 1024
7782 17762 6449199 1 1024
7782 17760 6449209 1 1024
7784 17758 6449219 1 1024
7785 17757 6449229 1 1024
7786 17756 6449239 1 1024
7787 17755 6449249 1 1024
7788 17754 6449259 1 1024
7789 17754 6449269 1 1024
7791 17753 6449279 1 1024
7792 17753 6449289 1 1024
7793 17753 6449299 1 1024
7793 17753 6449309 1 1024
7794 17753 6449319 1 1024
7795 17754 6449329 1 1024
7796 17755 6449339 1 1024
7798 17756 6449349 1 1024
7800 17757 6449359 1 1024
7801 17759 6449369 1 1024
7803 17761 6449379 1 1024
7804 17762 6449389 1 1024
7806 17766 6449399 1 1024
7808 17768 6449409 1 1024
7809 17770 6449419 1 1024
7810 17772 6449429 1 1024
7812 17774 6449439 1 1024
7813 17776 6449449 1 1024
7817 17780 6449459 1 1024
7819 17782 6449469 1 1024
7821 17784 6449479 1 1024
7823 17786 6449489 1 1024
7824 17788 6449499 1 1024
7826 17789 6449509 1 1024
7829 17790 6449519 1 1024
7830 17791 6449529 1 1024
7832 17791 6449539 1 1024
7834 17791 6449549 1 1024
7835 17791 6449559 1 1024
7837 17791 6449569 1 1024
7840 17790 6449579 1 1024
7841 17789 6449589 1 1024
7842 17787 6449599 1 1024
7843 17786 6449609 1 1024
7844 17784 6449619 1 1024
7844 17782 6449629 1 1024
7844 17777 6449639 1 1024
7843 17774 6449649 1 1024
7842 17771 6449659 1 1024
7841 17768 6449669 1 1024
7839 17765 6449679 1 1024
7837 17762 6449689 1 1024
7833 17756 6449699 1 1024
7831 17753 6449709 1 1024
7829 17750 6449719 1 1024
7827 17748 6449729 1 1024
7826 17745 6449739 1 1024
7826 17743 6449749 1 1024
7825 17738 6449759 1 1024
7825 17735 6449769 1 1024
7825 17733 6449779 1 1024
7826 17731 6449789 1 1024
7826 17730 6449799 1 1024
7826 17728 6449809 1 1024
7826 17726 6449819 1 1024
7826 17725 6449829 1 1024
7826 17724 6449839 1 1024
7826 17724 6449849 1 1024
7827 17723 6449859 1 1024
7827 17723 6449869 1 1024
