8064 18317 7430147 1 616
7950 18188 7430157 1 621
7891 18123 7430167 1 624
7867 18102 7430177 1 626
7861 18102 7430187 1 629
7857 18108 7430197 1 631
7853 18116 7430207 1 633
7846 18120 7430217 1 634
7842 18129 7430227 1 636
7839 18138 7430237 1 637
7835 18148 7430247 1 638
7831 18157 7430257 1 639
7828 18165 7430267 1 640
7825 18173 7430277 1 641
7824 18179 7430287 1 642
7823 18185 7430297 1 643
7825 18188 7430307 1 643
7827 18191 7430317 1 643
7832 18193 7430327 1 644
7837 18193 7430337 1 644
7844 18192 7430347 1 644
7853 18188 7430357 1 645
7862 18182 7430367 1 645
7872 18172 7430377 1 646
7882 18157 7430387 1 646
7891 18140 7430397 1 647
7900 18120 7430407 1 648
7908 18098 7430417 1 649
7915 18077 7430427 1 650
7921 18060 7430437 1 651
7925 18046 7430447 1 652
7927 18040 7430457 1 654
7927 18041 7430467 1 656
7925 18049 7430477 1 658
7922 18065 7430487 1 660
7916 18086 7430497 1 662
7910 18110 7430507 1 665
7902 18135 7430517 1 667
7894 18157 7430527 1 669
7884 18175 7430537 1 671
7874 18187 7430547 1 672
7864 18192 7430557 1 671
7854 18191 7430567 1 671
7844 18185 7430577 1 669
7835 18175 7430587 1 666
7827 18163 7430597 1 663
7820 18151 7430607 1 663
7814 18142 7430617 1 666
7810 18135 7430627 1 675
7807 18133 7430637 1 689
7805 18135 7430647 1 708
7804 18140 7430657 1 728
7804 18147 7430667 1 748
7805 18156 7430677 1 764
7806 18165 7430687 1 773
7808 18174 7430697 1 772
7811 18180 7430707 1 759
7814 18184 7430717 1 732
7817 18184 7430727 1 686
7820 18182 7430737 1 621
7823 18177 7430747 1 541
7826 18171 7430757 1 452
7829 18163 7430767 1 359
7832 18156 7430777 1 269
7834 18150 7430787 1 188
7837 18146 7430797 1 122
7839 18144 7430807 1 79
7841 18146 7430817 1 77
7843 18152 7430827 1 76
7844 18161 7430837 1 75
7845 18174 7430847 1 73
7847 18189 7430857 1 72
7848 18206 7430867 1 71
7849 18223 7430877 1 69
7851 18238 7430887 1 68
7853 18250 7430897 1 66
7855 18258 7430907 1 65
7858 18261 7430917 1 64
7861 18257 7430927 1 62
7864 18249 7430937 1 71
7867 18236 7430947 1 97
7869 18220 7430957 1 129
7871 18203 7430967 1 165
7873 18186 7430977 1 204
7875 18170 7430987 1 247
7876 18158 7430997 1 289
7877 18149 7431007 1 329
7877 18144 7431017 1 368
7877 18143 7431027 1 401
7877 18145 7431037 1 428
7877 18150 7431047 1 448
7877 18157 7431057 1 458
7877 18164 7431067 1 457
7878 18172 7431077 1 442
7878 18180 7431087 1 414
7879 18187 7431097 1 38
7880 18193 7431107 1 37
7880 18198 7431117 1 36
7881 18203 7431127 1 34
7882 18207 7431137 1 33
7882 18210 7431147 1 32
7883 18214 7431157 1 30
7884 18218 7431167 1 29
7885 18221 7431177 1 27
7887 18224 7431187 1 26
7888 18227 7431197 1 25
7890 18229 7431207 1 24
7891 18231 7431217 1 41
7893 18231 7431227 1 67
7894 18230 7431237 1 100
7895 18227 7431247 1 139
7896 18223 7431257 1 184
7897 18219 7431267 1 234
7898 18214 7431277 1 286
7898 18209 7431287 1 342
7898 18205 7431297 1 399
7897 18201 7431307 1 455
7896 18199 7431317 1 512
7895 18197 7431327 1 566
7894 18197 7431337 1 617
7892 18197 7431347 1 665
7891 18198 7431357 1 706
7888 18198 7431367 1 726
7885 18198 7431377 1 742
7884 18197 7431387 1 769
7883 18195 7431397 1 787
7882 18192 7431407 1 796
7881 18187 7431417 1 794
7881 18182 7431427 1 783
7881 18176 7431437 1 773
7881 18169 7431447 1 767
7881 18162 7431457 1 762
7882 18154 7431467 1 760
7882 18147 7431477 1 758
7883 18141 7431487 1 759
7882 18135 7431497 1 761
7882 18131 7431507 1 763
7881 18128 7431517 1 767
7879 18127 7431527 1 770
7877 18128 7431537 1 773
7875 18132 7431547 1 777
7872 18137 7431557 1 780
7868 18145 7431567 1 782
7865 18153 7431577 1 783
7862 18163 7431587 1 785
7859 18172 7431597 1 785
7856 18181 7431607 1 785
7854 18188 7431617 1 785
7853 18194 7431627 1 785
7852 18198 7431637 1 784
7852 18200 7431647 1 785
7853 18201 7431657 1 784
7854 18200 7431667 1 784
7856 18198 7431677 1 784
7859 18195 7431687 1 784
7862 18192 7431697 1 784
7864 18189 7431707 1 784
7868 18186 7431717 1 785
7871 18183 7431727 1 785
7873 18180 7431737 1 785
7876 18177 7431747 1 785
7878 18174 7431757 1 787
7880 18172 7431767 1 788
7881 18171 7431777 1 788
7882 18170 7431787 1 789
7882 18170 7431797 1 790
7881 18171 7431807 1 791
7880 18173 7431817 1 793
7879 18177 7431827 1 794
7878 18182 7431837 1 795
7877 18189 7431847 1 797
7876 18197 7431857 1 798
7877 18204 7431867 1 799
7877 18211 7431877 1 799
7878 18217 7431887 1 800
7880 18222 7431897 1 800
7878 18225 7431907 1 800
7873 18225 7431917 1 800
7866 18223 7431927 1 799
7856 18218 7431937 1 798
7845 18211 7431947 1 796
7833 18198 7431957 1 794
7820 18179 7431967 1 792
7806 18155 7431977 1 789
7791 18130 7431987 1 787
7782 18102 7431997 1 785
7776 18076 7432007 1 784
7775 18051 7432017 1 782
7776 18029 7432027 1 782
7781 18009 7432037 1 783
7788 17999 7432047 1 785
7797 17995 7432057 1 789
7807 17999 7432067 1 794
7818 18007 7432077 1 800
7831 18018 7432087 1 809
7843 18032 7432097 1 818
7855 18046 7432107 1 829
7867 18060 7432117 1 840
7878 18073 7432127 1 851
7888 18085 7432137 1 860
7897 18096 7432147 1 869
7904 18106 7432157 1 876
7909 18114 7432167 1 881
7912 18123 7432177 1 882
7913 18130 7432187 1 880
7912 18138 7432197 1 875
7909 18145 7432207 1 865
7904 18152 7432217 1 850
7897 18158 7432227 1 830
7888 18163 7432237 1 804
7879 18167 7432247 1 772
7868 18168 7432257 1 735
7857 18168 7432267 1 693
7846 18165 7432277 1 647
7836 18160 7432287 1 598
7826 18153 7432297 1 547
7818 18144 7432307 1 494
7811 18134 7432317 1 441
7807 18122 7432327 1 387
7805 18109 7432337 1 335
7806 18095 7432347 1 284
7809 18081 7432357 1 235
7815 18068 7432367 1 190
7824 18056 7432377 1 148
7835 18045 7432387 1 140
7848 18037 7432397 1 142
7863 18032 7432407 1 143
7879 18030 7432417 1 144
7895 18032 7432427 1 146
7912 18037 7432437 1 147
7927 18047 7432447 1 148
7942 18061 7432457 1 150
7955 18077 7432467 1 151
7965 18097 7432477 1 153
7973 18119 7432487 1 155
7977 18141 7432497 1 163
7977 18164 7432507 1 178
7972 18186 7432517 1 202
7962 18206 7432527 1 237
7945 18223 7432537 1 286
7923 18236 7432547 1 351
7903 18250 7432557 1 434
7873 18257 7432567 1 538
7835 18256 7432577 1 665
7786 18246 7432587 1 816
