7711 18328 2343931 1 640
7711 18327 2343941 1 642
7712 18327 2343951 1 644
7712 18327 2343961 1 645
7713 18328 2343971 1 645
7719 18332 2343981 1 647
7732 18344 2343991 1 648
7748 18359 2344001 1 649
7759 18369 2344011 1 649
7762 18371 2344021 1 650
7760 18368 2344031 1 652
7756 18363 2344041 1 653
7753 18359 2344051 1 653
7753 18358 2344061 1 656
7756 18361 2344071 1 657
7768 18369 2344081 1 658
7770 18370 2344091 1 659
7768 18367 2344101 1 660
7764 18361 2344111 1 660
7758 18354 2344121 1 660
7753 18347 2344131 1 661
7749 18342 2344141 1 662
7747 18337 2344151 1 663
7745 18334 2344161 1 663
7743 18331 2344171 1 663
7740 18327 2344181 1 663
7738 18323 2344191 1 663
7735 18318 2344201 1 664
7732 18312 2344211 1 664
7730 18308 2344221 1 664
7729 18303 2344231 1 665
7730 18302 2344241 1 665
7732 18303 2344251 1 665
7734 18303 2344261 1 666
7737 18305 2344271 1 666
7740 18306 2344281 1 666
7744 18308 2344291 1 667
7749 18309 2344301 1 668
7754 18311 2344311 1 668
7760 18311 2344321 1 669
7767 18312 2344331 1 670
7774 18312 2344341 1 670
7781 18311 2344351 1 671
7789 18310 2344361 1 673
7796 18309 2344371 1 675
7808 18305 2344381 1 678
7813 18302 2344391 1 682
7816 18300 2344401 1 685
7820 18298 2344411 1 686
7822 18295 2344421 1 689
7824 18293 2344431 1 690
7825 18291 2344441 1 676
7826 18290 2344451 1 671
7827 18289 2344461 1 667
7827 18289 2344471 1 648
7826 18291 2344481 1 607
7826 18294 2344491 1 583
7824 18298 2344501 1 555
7823 18304 2344511 1 493
7821 18311 2344521 1 425
7818 18330 2344531 1 351
7816 18340 2344541 1 277
7815 18351 2344551 1 200
7813 18363 2344561 1 162
7812 18374 2344571 1 126
7810 18385 2344581 1 56
7809 18397 2344591 0 0
7807 18409 2344601 0 0
7805 18422 2344611 0 0
7803 18435 2344621 0 0
7799 18449 2344631 0 0
7794 18463 2344641 0 0
7788 18477 2344651 0 0
7780 18488 2344661 0 0
7773 18498 2344671 0 0
7758 18511 2344681 0 0
7752 18515 2344691 0 0
7745 18518 2344701 0 0
7737 18518 2344711 0 0
7729 18517 2344721 0 0
7720 18515 2344731 0 0
7711 18510 2344741 0 0
7701 18505 2344751 0 0
7691 18498 2344761 0 0
7682 18490 2344771 0 0
7674 18481 2344781 0 0
7666 18472 2344791 0 0
7660 18463 2344801 0 0
7655 18454 2344811 0 0
7651 18447 2344821 0 0
7648 18434 2344831 1 19
7648 18429 2344841 1 75
7649 18426 2344851 1 135
7651 18423 2344861 1 167
7654 18421 2344871 1 199
7658 18419 2344881 1 263
7663 18418 2344891 1 326
7669 18418 2344901 1 358
7676 18418 2344911 1 388
7683 18419 2344921 1 446
7691 18421 2344931 1 499
7698 18424 2344941 1 523
7706 18428 2344951 1 544
7713 18431 2344961 1 582
7720 18435 2344971 1 610
7731 18443 2344981 1 623
7735 18446 2344991 1 628
7739 18448 2345001 1 632
7741 18451 2345011 1 631
7744 18452 2345021 1 622
7746 18454 2345031 1 596
7747 18455 2345041 1 553
7748 18455 2345051 1 527
7747 18456 2345061 1 495
7746 18456 2345071 1 433
7744 18455 2345081 1 368
7742 18455 2345091 1 335
7739 18454 2345101 1 302
7736 18453 2345111 1 236
7733 18453 2345121 1 171
7726 18451 2345131 1 110
7722 18451 2345141 1 54
7719 18451 2345151 1 26
7715 18451 2345161 1 16
7713 18451 2345171 1 3
7710 18451 2345181 0 0
7707 18451 2345191 0 0
7706 18451 2345201 0 0
7705 18452 2345211 0 0
7704 18453 2345221 0 0
7705 18453 2345231 0 0
7706 18454 2345241 0 0
7708 18455 2345251 0 0
7711 18456 2345261 0 0
7715 18458 2345271 0 0
7725 18459 2345281 0 0
7731 18459 2345291 0 0
7736 18459 2345301 0 0
7742 18459 2345311 0 0
7746 18458 2345321 0 0
7750 18457 2345331 0 0
7753 18455 2345341 0 0
7756 18453 2345351 0 0
7758 18451 2345361 0 0
7759 18448 2345371 0 0
7760 18445 2345381 0 0
7761 18442 2345391 0 0
7761 18438 2345401 0 0
7762 18434 2345411 0 0
7762 18430 2345421 0 0
7761 18422 2345431 1 23
7761 18417 2345441 1 72
7760 18413 2345451 1 125
7759 18410 2345461 1 153
7758 18406 2345471 1 182
7756 18404 2345481 1 241
7755 18401 2345491 1 302
7753 18400 2345501 1 324
7751 18398 2345511 1 332
7749 18397 2345521 1 363
7747 18395 2345531 1 424
7745 18394 2345541 1 456
7742 18392 2345551 1 483
7739 18391 2345561 1 540
7736 18389 2345571 1 592
7730 18387 2345581 1 640
7727 18387 2345591 1 682
7724 18387 2345601 1 718
7722 18386 2345611 1 733
7721 18386 2345621 1 745
7719 18386 2345631 1 764
7719 18385 2345641 1 772
7718 18384 2345651 1 773
7718 18384 2345661 1 773
7719 18384 2345671 1 775
7721 18385 2345681 1 776
7723 18386 2345691 1 777
7726 18388 2345701 1 778
7730 18390 2345711 1 781
7734 18391 2345721 1 786
7743 18395 2345731 1 791
7748 18396 2345741 1 796
7753 18397 2345751 1 800
7757 18398 2345761 1 802
7761 18399 2345771 1 804
7765 18400 2345781 1 808
7769 18401 2345791 1 812
7772 18402 2345801 1 814
7775 18403 2345811 1 815
7777 18404 2345821 1 818
7779 18405 2345831 1 820
7780 18405 2345841 1 822
7780 18406 2345851 1 823
7780 18407 2345861 1 824
7780 18408 2345871 1 825
7779 18409 2345881 1 826
7778 18410 2345891 1 828
7778 18410 2345901 1 829
7778 18411 2345911 1 829
7779 18412 2345921 1 830
7780 18412 2345931 1 831
7782 18413 2345941 1 832
7783 18414 2345951 1 833
7785 18415 2345961 1 833
7787 18417 2345971 1 833
7790 18419 2345981 1 834
7792 18421 2345991 1 834
7794 18423 2346001 1 834
7797 18426 2346011 1 834
7799 18429 2346021 1 834
7804 18434 2346031 1 834
7806 18436 2346041 1 834
7808 18438 2346051 1 834
7809 18440 2346061 1 834
7810 18442 2346071 1 834
7812 18443 2346081 1 833
7812 18444 2346091 1 833
7813 18445 2346101 1 833
7813 18446 2346111 1 833
7812 18447 2346121 1 833
7811 18446 2346131 1 833
7810 18446 2346141 1 833
7808 18444 2346151 1 833
7807 18442 2346161 1 833
7805 18438 2346171 1 832
7799 18430 2346181 1 832
7796 18425 2346191 1 832
7792 18420 2346201 1 832
7788 18415 2346211 1 832
7783 18411 2346221 1 832
7778 18406 2346231 1 832
7774 18403 2346241 1 833
7770 18399 2346251 1 833
7766 18397 2346261 1 833
7762 18394 2346271 1 834
7759 18393 2346281 1 835
7757 18392 2346291 1 835
7754 18391 2346301 1 835
7752 18391 2346311 1 836
7750 18392 2346321 1 837
7749 18397 2346331 1 838
7748 18401 2346341 1 839
7748 18405 2346351 1 840
7749 18410 2346361 1 841
7750 18414 2346371 1 841
7751 18419 2346381 1 842
7753 18424 2346391 1 842
7756 18429 2346401 1 843
7759 18432 2346411 1 844
7762 18436 2346421 1 845
7766 18438 2346431 1 846
7769 18441 2346441 1 847
7773 18443 2346451 1 848
7777 18444 2346461 1 849
7781 18446 2346471 1 851
7789 18447 2346481 1 852
7793 18447 2346491 1 854
7797 18446 2346501 1 856
7800 18445 2346511 1 857
7803 18444 2346521 1 857
7805 18443 2346531 1 858
7806 18441 2346541 1 859
7807 18439 2346551 1 859
7807 18437 2346561 1 859
7807 18436 2346571 1 859
7807 18434 2346581 1 858
7806 18433 2346591 1 857
7805 18432 2346601 1 856
7804 18430 2346611 1 854
7802 18429 2346621 1 851
7798 18428 2346631 1 849
7795 18427 2346641 1 846
7793 18426 2346651 1 843
7790 18426 2346661 1 841
7788 18425 2346671 1 839
7787 18424 2346681 1 837
7785 18424 2346691 1 835
7783 18423 2346701 1 835
7782 18423 2346711 1 834
7780 18423 2346721 1 833
7778 18422 2346731 1 833
7777 18422 2346741 1 834
7776 18423 2346751 1 834
7775 18423 2346761 1 835
7775 18423 2346771 1 838
7774 18423 2346781 1 842
7774 18424 2346791 1 848
7774 18424 2346801 1 856
7774 18424 2346811 1 860
7774 18424 2346821 1 865
7773 18424 2346831 1 876
7772 18424 2346841 1 890
7771 18424 2346851 1 897
7770 18424 2346861 1 905
7769 18424 2346871 1 921
7768 18423 2346881 1 937
7768 18423 2346891 1 947
7768 18423 2346901 1 954
7769 18423 2346911 1 962
7770 18422 2346921 1 969
7772 18421 2346931 1 983
7773 18421 2346941 1 995
7774 18420 2346951 1 1005
7775 18420 2346961 1 1009
7776 18420 2346971 1 1012
7777 18420 2346981 1 1015
7777 18419 2346991 1 1015
7777 18419 2347001 1 1013
7778 18419 2347011 1 1009
7778 18419 2347021 1 999
7779 18419 2347031 1 981
7780 18419 2347041 1 972
7780 18419 2347051 1 959
7781 18419 2347061 1 929
7782 18419 2347071 1 893
7783 18418 2347081 1 873
7784 18418 2347091 1 847
7784 18418 2347101 1 796
7785 18417 2347111 1 768
7785 18416 2347121 1 739
7785 18414 2347131 1 678
7786 18413 2347141 1 612
7786 18411 2347151 1 579
7786 18410 2347161 1 545
7786 18408 2347171 1 477
7786 18407 2347181 1 409
7786 18405 2347191 1 374
7786 18404 2347201 1 341
7787 18403 2347211 1 277
7787 18403 2347221 1 215
7789 18401 2347231 1 159
7790 18401 2347241 1 107
7792 18401 2347251 1 83
7793 18401 2347261 1 77
7795 18401 2347271 1 63
7796 18401 2347281 1 26
7798 18401 2347291 0 0
7799 18401 2347301 0 0
7800 18401 2347311 0 0
7801 18402 2347321 0 0
7801 18402 2347331 0 0
7802 18402 2347341 0 0
7802 18402 2347351 0 0
7803 18402 2347361 0 0
7804 18403 2347371 0 0
7806 18403 2347381 0 0
7806 18403 2347391 0 0
7807 18404 2347401 0 0
7806 18404 2347411 0 0
7806 18404 2347421 0 0
7805 18404 2347431 0 0
7804 18404 2347441 0 0
7804 18404 2347451 0 0
7803 18404 2347461 0 0
7802 18404 2347471 1 15
7801 18404 2347481 1 46
7801 18403 2347491 1 62
7800 18403 2347501 1 83
7800 18403 2347511 1 129
7799 18402 2347521 1 180
7798 18402 2347531 1 237
7798 18402 2347541 1 297
7798 18402 2347551 1 360
7797 18402 2347561 1 393
7797 18402 2347571 1 425
7795 18402 2347581 1 490
7794 18402 2347591 1 554
7792 18403 2347601 1 578
7789 18403 2347611 1 586
7787 18404 2347621 1 616
7785 18405 2347631 1 676
7783 18405 2347641 1 706
7781 18406 2347651 1 732
7780 18406 2347661 1 782
7779 18407 2347671 1 825
7777 18407 2347681 1 862
7777 18407 2347691 1 889
7777 18407 2347701 1 907
7778 18407 2347711 1 914
7779 18406 2347721 1 914
7781 18406 2347731 1 913
7782 18406 2347741 1 913
7784 18405 2347751 1 914
7786 18405 2347761 1 914
7789 18405 2347771 1 916
7792 18404 2347781 1 918
7795 18404 2347791 1 918
7799 18404 2347801 1 920
7803 18403 2347811 1 923
7807 18403 2347821 1 927
7814 18402 2347831 1 932
7817 18402 2347841 1 936
7820 18401 2347851 1 940
7822 18401 2347861 1 942
7824 18400 2347871 1 943
7825 18400 2347881 1 945
7825 18399 2347891 1 947
7824 18398 2347901 1 947
7823 18397 2347911 1 947
7822 18396 2347921 1 947
7821 18395 2347931 1 945
7819 18394 2347941 1 944
7818 18393 2347951 1 943
7817 18392 2347961 1 942
7816 18391 2347971 1 941
7814 18391 2347981 1 939
7813 18390 2347991 1 937
7812 18390 2348001 1 936
7811 18391 2348011 1 936
7810 18391 2348021 1 935
7809 18391 2348031 1 936
7809 18390 2348041 1 937
7808 18390 2348051 1 937
7808 18390 2348061 1 939
7807 18390 2348071 1 943
7807 18389 2348081 1 949
7807 18389 2348091 1 952
7806 18388 2348101 1 957
7806 18388 2348111 1 967
7805 18388 2348121 1 980
7804 18388 2348131 1 987
7803 18388 2348141 1 995
7801 18387 2348151 1 1012
7800 18387 2348161 1 1023
7799 18387 2348171 1 1024
7798 18387 2348181 1 1024
7798 18387 2348191 1 1024
7798 18387 2348201 1 1024
7798 18387 2348211 1 1024
7798 18387 2348221 1 1024
7798 18387 2348231 1 1024
7798 18387 2348241 1 1024
7798 18387 2348251 1 1024
7798 18387 2348261 1 1024
7797 18387 2348271 1 1024
7797 18388 2348281 1 1024
7798 18388 2348291 1 1024
7798 18388 2348301 1 1024
7798 18388 2348311 1 1024
7798 18388 2348321 1 1024
7798 18389 2348331 1 1024
7798 18390 2348341 1 1024
7798 18391 2348351 1 1024
7797 18392 2348361 1 1024
7797 18394 2348371 1 1024
7797 18396 2348381 1 1024
7797 18398 2348391 1 1024
7798 18401 2348401 1 1024
7798 18403 2348411 1 1024
7799 18406 2348421 1 998
7801 18411 2348431 1 944
7802 18413 2348441 1 882
7803 18415 2348451 1 817
7805 18417 2348461 1 775
7806 18418 2348471 1 745
7808 18419 2348481 1 708
7809 18420 2348491 1 671
7811 18421 2348501 1 640
7812 18421 2348511 1 594
7814 18421 2348521 1 516
7816 18421 2348531 1 438
7819 18421 2348541 1 399
7821 18420 2348551 1 362
7822 18420 2348561 1 287
7824 18419 2348571 1 217
7825 18416 2348581 1 152
7825 18415 2348591 1 94
7825 18414 2348601 1 42
7825 18412 2348611 1 13
7824 18410 2348621 0 0
7824 18409 2348631 0 0
7824 18407 2348641 0 0
7824 18405 2348651 0 0
7824 18403 2348661 0 0
7824 18402 2348671 0 0
7824 18400 2348681 0 0
7824 18399 2348691 0 0
7824 18397 2348701 0 0
7823 18396 2348711 0 0
7823 18394 2348721 0 0
7822 18392 2348731 0 0
7821 18391 2348741 0 0
7821 18390 2348751 0 0
7821 18389 2348761 0 0
7822 18387 2348771 0 0
7822 18386 2348781 0 0
7823 18385 2348791 0 0
7823 18384 2348801 0 0
7823 18384 2348811 1 22
7823 18383 2348821 1 67
7822 18382 2348831 1 92
7821 18381 2348841 1 99
7820 18381 2348851 1 120
7818 18381 2348861 1 179
7817 18381 2348871 1 243
7816 18381 2348881 1 309
7815 18381 2348891 1 376
7815 18382 2348901 1 443
7816 18382 2348911 1 475
7816 18383 2348921 1 506
7816 18383 2348931 1 564
7816 18383 2348941 1 616
7816 18384 2348951 1 640
7816 18384 2348961 1 660
7816 18384 2348971 1 693
7815 18384 2348981 1 715
7814 18384 2348991 1 721
7813 18384 2349001 1 722
7812 18385 2349011 1 723
7811 18386 2349021 1 715
7810 18388 2349031 1 688
7810 18390 2349041 1 643
7809 18391 2349051 1 578
7809 18393 2349061 1 539
7808 18395 2349071 1 493
7807 18398 2349081 1 406
7806 18401 2349091 1 321
7806 18404 2349101 1 278
7805 18407 2349111 1 236
7805 18410 2349121 1 153
7804 18414 2349131 1 74
7805 18417 2349141 1 27
7805 18420 2349151 1 1
7806 18422 2349161 0 0
7808 18425 2349171 0 0
7811 18428 2349181 0 0
7813 18429 2349191 0 0
7815 18430 2349201 0 0
7817 18431 2349211 0 0
7818 18431 2349221 0 0
7820 18431 2349231 0 0
7822 18431 2349241 0 0
7823 18431 2349251 0 0
7825 18430 2349261 0 0
7826 18430 2349271 0 0
7827 18430 2349281 0 0
7827 18429 2349291 0 0
7828 18428 2349301 0 0
7828 18427 2349311 0 0
7827 18426 2349321 0 0
7825 18423 2349331 0 0
7824 18421 2349341 0 0
7822 18420 2349351 0 0
7820 18418 2349361 1 66
7817 18416 2349371 1 148
7815 18414 2349381 1 234
7812 18413 2349391 1 324
7810 18411 2349401 1 415
7808 18409 2349411 1 507
7807 18408 2349421 1 599
7806 18406 2349431 1 689
7805 18405 2349441 1 776
7805 18403 2349451 1 859
7805 18402 2349461 1 900
7805 18401 2349471 1 936
7806 18400 2349481 1 1024
7807 18399 2349491 1 1024
7808 18398 2349501 1 1024
7808 18397 2349511 1 1024
7809 18397 2349521 1 1024
7810 18396 2349531 1 1024
7811 18394 2349541 1 1024
7812 18393 2349551 1 1024
7813 18392 2349561 1 1024
7814 18391 2349571 1 1024
7816 18390 2349581 1 1024
7817 18389 2349591 1 1024
7819 18388 2349601 1 1024
7820 18387 2349611 1 1024
7822 18386 2349621 1 1024
7824 18384 2349631 1 1024
7825 18383 2349641 1 1024
7825 18382 2349651 1 1024
7826 18381 2349661 1 1024
7826 18380 2349671 1 1024
7825 18379 2349681 1 1024
7825 18378 2349691 1 1024
7825 18378 2349701 1 1024
7825 18377 2349711 1 1024
7824 18376 2349721 1 1024
7824 18375 2349731 1 1024
7823 18375 2349741 1 1024
7822 18374 2349751 1 1024
7820 18374 2349761 1 1024
7819 18373 2349771 1 1024
7816 18372 2349781 1 1024
7816 18372 2349791 1 1024
7815 18372 2349801 1 1024
7815 18372 2349811 1 1024
7814 18372 2349821 1 1024
7814 18372 2349831 1 1024
7814 18372 2349841 1 1024
7815 18372 2349851 1 1024
7815 18372 2349861 1 1024
7815 18371 2349871 1 1024
7815 18371 2349881 1 1024
7815 18371 2349891 1 1024
7815 18371 2349901 1 1024
7816 18371 2349911 1 1024
7816 18371 2349921 1 1024
7816 18371 2349931 1 1024
7816 18371 2349941 1 1024
7816 18371 2349951 1 1024
7817 18371 2349961 1 1024
7817 18370 2349971 1 1024
7818 18370 2349981 1 1024
7819 18369 2349991 1 1024
7820 18369 2350001 1 1024
7821 18368 2350011 1 1024
7821 18367 2350021 1 1024
7821 18366 2350031 1 1024
7821 18366 2350041 1 1024
7820 18365 2350051 1 1024
7819 18364 2350061 1 1024
7817 18363 2350071 1 1024
7814 18362 2350081 1 1024
7813 18361 2350091 1 1024
7812 18360 2350101 1 1024
7811 18359 2350111 1 1024
7810 18359 2350121 1 1024
7811 18358 2350131 1 1024
7811 18357 2350141 1 1024
7812 18357 2350151 1 1024
7813 18357 2350161 1 1024
7814 18357 2350171 1 1024
7815 18357 2350181 1 1024
7816 18357 2350191 1 1024
7817 18357 2350201 1 1024
7817 18357 2350211 1 1024
7818 18357 2350221 1 1024
7819 18358 2350231 1 1024
7820 18359 2350241 1 1024
7821 18359 2350251 1 1024
7823 18360 2350261 1 1024
7824 18360 2350271 1 1024
7826 18361 2350281 1 1024
7827 18362 2350291 1 1024
7829 18362 2350301 1 1024
7830 18363 2350311 1 1024
7831 18363 2350321 1 1024
7831 18364 2350331 1 1024
7832 18364 2350341 1 1024
7832 18364 2350351 1 1024
7831 18364 2350361 1 1024
7830 18364 2350371 1 1024
7828 18364 2350381 1 1024
7827 18364 2350391 1 1024
7826 18363 2350401 1 1024
7825 18363 2350411 1 1024
7824 18363 2350421 1 1024
7824 18363 2350431 1 1024
7823 18363 2350441 1 1024
7823 18363 2350451 1 1024
7822 18363 2350461 1 1024
7822 18363 2350471 1 1024
7822 18363 2350481 1 1024
7821 18364 2350491 1 1024
7821 18364 2350501 1 1024
7820 18364 2350511 1 1024
7820 18364 2350521 1 1024
7819 18364 2350531 1 1024
7818 18363 2350541 1 1024
7818 18363 2350551 1 1024
7817 18363 2350561 1 1024
7817 18363 2350571 1 1024
7818 18363 2350581 1 1024
7818 18363 2350591 1 1024
7819 18363 2350601 1 1024
7819 18362 2350611 1 1024
7820 18362 2350621 1 1024
7821 18363 2350631 1 1024
7822 18363 2350641 1 1024
7823 18363 2350651 1 1024
7824 18363 2350661 1 1024
7826 18363 2350671 1 1024
7828 18364 2350681 1 1024
7829 18364 2350691 1 1024
7830 18364 2350701 1 1024
7830 18365 2350711 1 1024
7830 18365 2350721 1 1024
7830 18366 2350731 1 1024
7829 18366 2350741 1 1024
7828 18367 2350751 1 1024
7826 18368 2350761 1 1024
7825 18369 2350771 1 1024
7824 18369 2350781 1 1024
7823 18370 2350791 1 1024
7822 18370 2350801 1 1024
7821 18369 2350811 1 1024
7819 18369 2350821 1 1024
7817 18367 2350831 1 1024
7816 18366 2350841 1 1024
7815 18365 2350851 1 1024
7814 18364 2350861 1 1024
7813 18364 2350871 1 1024
7813 18363 2350881 1 1024
7813 18363 2350891 1 1024
7813 18363 2350901 1 1024
7814 18363 2350911 1 1024
7816 18362 2350921 1 1024
7818 18362 2350931 1 1024
7820 18362 2350941 1 1024
7822 18361 2350951 1 1024
7824 18361 2350961 1 1024
7827 18360 2350971 1 1024
7832 18359 2350981 1 1024
7834 18358 2350991 1 1024
7837 18357 2351001 1 1024
7839 18356 2351011 1 1024
7841 18355 2351021 1 1024
