8078 18677 2855121 1 647
8076 18681 2855131 1 752
8075 18688 2855141 1 835
8070 18691 2855151 1 898
8070 18698 2855161 1 942
8069 18706 2855171 1 968
8068 18715 2855181 1 973
8067 18723 2855191 1 973
8067 18730 2855201 1 958
8063 18743 2855211 1 890
8061 18747 2855221 1 843
8059 18750 2855231 1 787
8053 18752 2855241 1 660
8049 18751 2855251 1 591
8046 18749 2855261 1 521
8043 18746 2855271 1 451
8041 18742 2855281 1 382
8040 18738 2855291 1 317
8037 18730 2855301 1 199
8038 18727 2855311 1 150
8040 18725 2855321 1 111
8042 18723 2855331 1 65
8045 18723 2855341 1 65
8048 18724 2855351 1 64
8052 18729 2855361 1 64
8053 18733 2855371 1 63
8052 18739 2855381 1 63
8049 18751 2855391 1 61
8045 18758 2855401 1 62
8040 18765 2855411 1 61
8034 18771 2855421 1 69
8028 18776 2855431 1 86
8022 18781 2855441 1 112
8015 18785 2855451 1 146
8009 18787 2855461 1 185
8004 18788 2855471 1 230
7996 18782 2855481 1 387
7994 18778 2855491 1 442
7994 18772 2855501 1 498
7995 18765 2855511 1 554
7996 18757 2855521 1 606
7999 18749 2855531 1 656
8003 18741 2855541 1 701
8007 18732 2855551 1 741
8012 18724 2855561 1 773
8017 18716 2855571 1 800
8024 18701 2855581 1 823
8030 18694 2855591 1 818
8041 18684 2855601 1 791
8046 18681 2855611 1 776
8052 18678 2855621 1 761
8057 18676 2855631 1 746
8062 18675 2855641 1 733
8067 18674 2855651 1 719
8072 18674 2855661 1 707
8082 18676 2855671 1 688
8086 18677 2855681 1 681
8088 18679 2855691 1 675
8091 18680 2855701 1 670
8092 18682 2855711 1 667
8092 18686 2855721 1 664
8092 18687 2855731 1 664
8090 18689 2855741 1 665
8088 18691 2855751 1 667
8084 18695 2855761 1 673
8080 18697 2855771 1 676
8076 18698 2855781 1 681
8072 18700 2855791 1 686
8067 18702 2855801 1 690
8062 18704 2855811 1 695
8057 18706 2855821 1 700
8052 18707 2855831 1 705
8045 18710 2855841 1 716
8039 18712 2855851 1 726
8039 18712 2855861 1 730
8040 18712 2855871 1 733
8042 18712 2855881 1 736
8045 18712 2855891 1 739
8050 18711 2855901 1 741
8055 18711 2855911 1 742
8060 18710 2855921 1 744
8064 18709 2855931 1 744
8068 18708 2855941 1 745
8074 18705 2855951 1 746
8079 18704 2855961 1 746
8079 18704 2855971 1 747
8079 18704 2855981 1 747
8079 18705 2855991 1 747
8079 18705 2856001 1 748
8079 18707 2856011 1 748
8080 18708 2856021 1 749
8081 18710 2856031 1 750
8086 18714 2856041 1 751
8088 18716 2856051 1 753
8092 18718 2856061 1 754
8095 18719 2856071 1 755
8102 18721 2856081 1 757
8105 18722 2856091 1 759
8107 18722 2856101 1 760
8107 18722 2856111 1 762
8108 18722 2856121 1 764
8107 18721 2856131 1 767
8106 18720 2856141 1 769
8103 18719 2856151 1 770
8100 18718 2856161 1 771
8097 18717 2856171 1 773
8095 18717 2856181 1 774
8092 18716 2856191 1 775
8089 18717 2856201 1 776
8088 18717 2856211 1 777
8090 18718 2856221 1 776
8092 18719 2856231 1 775
8094 18721 2856241 1 774
8096 18722 2856251 1 773
8099 18724 2856261 1 772
8102 18726 2856271 1 770
8105 18727 2856281 1 768
8107 18729 2856291 1 768
8108 18731 2856301 1 768
8109 18732 2856311 1 768
8109 18737 2856321 1 774
8108 18738 2856331 1 777
8106 18738 2856341 1 782
8104 18738 2856351 1 788
8103 18738 2856361 1 795
8102 18738 2856371 1 804
8102 18737 2856381 1 813
8102 18736 2856391 1 824
8102 18735 2856401 1 836
8103 18731 2856411 1 860
8105 18729 2856421 1 874
8107 18726 2856431 1 886
8113 18721 2856441 1 910
8116 18718 2856451 1 920
8118 18715 2856461 1 929
8120 18712 2856471 1 938
8121 18709 2856481 1 945
8121 18707 2856491 1 950
8121 18702 2856501 1 954
8119 18701 2856511 1 953
8117 18699 2856521 1 949
8115 18698 2856531 1 941
8113 18697 2856541 1 931
8111 18696 2856551 1 917
8109 18696 2856561 1 879
8110 18696 2856571 1 853
8111 18696 2856581 1 824
8114 18696 2856591 1 752
8117 18697 2856601 1 711
8120 18697 2856611 1 666
8124 18698 2856621 1 620
8128 18699 2856631 1 570
8132 18700 2856641 1 521
8136 18701 2856651 1 469
8140 18701 2856661 1 418
8144 18702 2856671 1 368
8150 18705 2856681 1 225
8152 18706 2856691 1 180
8153 18707 2856701 1 140
8154 18707 2856711 1 104
8154 18708 2856721 1 71
8153 18709 2856731 1 44
8152 18710 2856741 1 20
8151 18711 2856751 1 4
8150 18711 2856761 1 5
8149 18712 2856771 1 4
8149 18711 2856781 1 6
8148 18711 2856791 1 6
8147 18710 2856801 1 20
8147 18709 2856811 1 33
8148 18708 2856821 1 46
8148 18706 2856831 1 59
8149 18705 2856841 1 71
8151 18704 2856851 1 81
8154 18702 2856861 1 89
8157 18701 2856871 1 93
8159 18700 2856881 1 89
8162 18699 2856891 1 80
8164 18699 2856901 1 64
8165 18698 2856911 1 42
8165 18699 2856921 1 13
8162 18699 2856931 1 13
8158 18700 2856941 1 13
8153 18701 2856951 1 13
8145 18702 2856961 1 15
8139 18704 2856971 1 14
8132 18705 2856981 1 15
8125 18707 2856991 1 16
8119 18708 2857001 1 16
8114 18710 2857011 1 16
8109 18712 2857021 1 17
8106 18714 2857031 1 17
8102 18717 2857041 1 18
8101 18721 2857051 1 19
8100 18722 2857061 1 20
8100 18724 2857071 1 20
8100 18725 2857081 1 20
8100 18726 2857091 1 35
8100 18726 2857101 1 204
8101 18726 2857111 1 400
8101 18726 2857121 1 624
8102 18726 2857131 1 879
8104 18726 2857141 1 1008
8107 18724 2857151 1 1007
8114 18722 2857161 1 1006
8118 18721 2857171 1 1006
8123 18720 2857181 1 1005
8128 18719 2857191 1 1006
8134 18718 2857201 1 1005
8139 18717 2857211 1 1005
8143 18716 2857221 1 1005
8147 18715 2857231 1 1004
8148 18713 2857241 1 1003
8148 18713 2857251 1 1004
8148 18712 2857261 1 1003
8146 18712 2857271 1 1003
8139 18711 2857281 1 894
8135 18711 2857291 1 31
8132 18710 2857301 1 31
8129 18710 2857311 1 31
8126 18710 2857321 1 32
8125 18709 2857331 1 33
8125 18708 2857341 1 33
8126 18707 2857351 1 34
8127 18706 2857361 1 34
8129 18705 2857371 1 35
8132 18704 2857381 1 34
8136 18702 2857391 1 35
8144 18699 2857401 1 36
8149 18697 2857411 1 36
8154 18694 2857421 1 37
8159 18693 2857431 1 38
8164 18692 2857441 1 39
8168 18692 2857451 1 39
8172 18691 2857461 1 39
8175 18691 2857471 1 352
8178 18692 2857481 1 648
8180 18692 2857491 1 911
8181 18693 2857501 1 995
8182 18693 2857511 1 995
8183 18698 2857521 1 994
8183 18699 2857531 1 994
8182 18701 2857541 1 994
8181 18703 2857551 1 993
8180 18705 2857561 1 993
8179 18707 2857571 1 992
8177 18709 2857581 1 992
8176 18711 2857591 1 992
8174 18713 2857601 1 992
8175 18717 2857611 1 991
8173 18718 2857621 1 991
8171 18719 2857631 1 990
8168 18721 2857641 1 989
8167 18721 2857651 1 990
8168 18722 2857661 1 926
8169 18722 2857671 1 855
8171 18722 2857681 1 792
8175 18722 2857691 1 737
8180 18720 2857701 1 651
8185 18719 2857711 1 617
8191 18717 2857721 1 591
8196 18716 2857731 1 572
8202 18714 2857741 1 558
8207 18712 2857751 1 549
8213 18707 2857761 1 548
8213 18705 2857771 1 556
8212 18703 2857781 1 567
8208 18698 2857791 1 602
8204 18696 2857801 1 626
8199 18694 2857811 1 652
8193 18693 2857821 1 682
8187 18692 2857831 1 714
8182 18690 2857841 1 748
8177 18689 2857851 1 784
8173 18689 2857861 1 821
8170 18688 2857871 1 861
8167 18687 2857881 1 981
8167 18687 2857891 1 980
8168 18687 2857901 1 980
8169 18687 2857911 1 981
8171 18688 2857921 1 980
8172 18688 2857931 1 980
8173 18689 2857941 1 979
8175 18690 2857951 1 979
8176 18691 2857961 1 978
8178 18692 2857971 1 978
8179 18694 2857981 1 978
8181 18695 2857991 1 978
8186 18697 2858001 1 977
8190 18698 2858011 1 976
8193 18700 2858021 1 976
8197 18701 2858031 1 976
8200 18702 2858041 1 975
8204 18703 2858051 1 976
8207 18704 2858061 1 975
8209 18707 2858071 1 974
8211 18708 2858081 1 974
8213 18709 2858091 1 973
8214 18710 2858101 1 973
8214 18711 2858111 1 973
8213 18713 2858121 1 973
8211 18713 2858131 1 972
8209 18714 2858141 1 972
8206 18715 2858151 1 962
