8066 17428 6442196 1 627
8063 17432 6442206 1 680
8062 17439 6442216 1 723
8057 17442 6442226 1 756
8056 17449 6442236 1 779
8055 17457 6442246 1 793
8054 17465 6442256 1 797
8053 17473 6442266 1 798
8051 17481 6442276 1 791
8047 17494 6442286 1 756
8046 17499 6442296 1 732
8044 17502 6442306 1 703
8042 17505 6442316 1 671
8041 17506 6442326 1 636
8039 17505 6442336 1 599
8038 17504 6442346 1 560
8036 17502 6442356 1 522
8035 17498 6442366 1 483
8033 17494 6442376 1 446
8028 17485 6442386 1 380
8025 17481 6442396 1 352
8022 17477 6442406 1 328
8018 17474 6442416 1 301
8014 17471 6442426 1 300
8010 17470 6442436 1 298
8006 17469 6442446 1 296
8002 17470 6442456 1 294
7998 17472 6442466 1 292
7995 17475 6442476 1 291
7992 17487 6442486 1 288
7989 17492 6442496 1 287
7988 17498 6442506 1 284
7987 17505 6442516 1 287
7986 17511 6442526 1 296
7986 17518 6442536 1 310
7986 17523 6442546 1 329
7986 17528 6442556 1 352
7986 17532 6442566 1 378
7986 17534 6442576 1 407
7985 17531 6442586 1 472
7986 17529 6442596 1 505
7986 17525 6442606 1 540
7987 17519 6442616 1 574
7989 17512 6442626 1 607
7991 17504 6442636 1 638
7994 17495 6442646 1 666
7997 17485 6442656 1 692
8000 17475 6442666 1 713
8003 17466 6442676 1 730
8009 17449 6442686 1 746
8012 17442 6442696 1 744
8015 17436 6442706 1 736
8018 17431 6442716 1 727
8021 17427 6442726 1 718
8023 17425 6442736 1 708
8026 17423 6442746 1 699
8030 17423 6442756 1 690
8034 17423 6442766 1 682
8038 17424 6442776 1 674
8050 17426 6442786 1 662
8055 17427 6442796 1 657
8062 17429 6442806 1 653
8068 17431 6442816 1 650
8074 17433 6442826 1 648
8080 17434 6442836 1 647
8090 17438 6442846 1 647
8092 17440 6442856 1 647
8093 17442 6442866 1 649
8089 17446 6442876 1 654
8085 17449 6442886 1 656
8079 17451 6442896 1 659
8072 17454 6442906 1 663
8065 17456 6442916 1 666
8056 17459 6442926 1 670
8048 17461 6442936 1 674
8040 17463 6442946 1 678
8034 17465 6442956 1 683
8029 17466 6442966 1 686
8022 17468 6442976 1 694
8020 17469 6442986 1 698
8021 17468 6442996 1 700
8023 17468 6443006 1 703
8026 17467 6443016 1 706
8030 17466 6443026 1 708
8035 17465 6443036 1 709
8039 17463 6443046 1 711
8045 17462 6443056 1 711
8050 17460 6443066 1 712
8058 17456 6443076 1 713
8063 17455 6443086 1 714
8067 17454 6443096 1 714
8071 17454 6443106 1 715
8075 17454 6443116 1 716
8077 17455 6443126 1 716
8080 17456 6443136 1 717
8081 17458 6443146 1 718
8082 17460 6443156 1 719
8084 17462 6443166 1 720
8087 17468 6443176 1 721
8088 17471 6443186 1 723
8089 17474 6443196 1 724
8090 17477 6443206 1 726
8091 17480 6443216 1 727
8093 17482 6443226 1 728
8093 17484 6443236 1 730
8094 17485 6443246 1 731
8094 17485 6443256 1 734
8093 17484 6443266 1 736
8093 17483 6443276 1 739
8091 17480 6443286 1 741
8089 17477 6443296 1 742
8087 17474 6443306 1 744
8085 17471 6443316 1 746
8083 17468 6443326 1 748
8081 17465 6443336 1 749
8079 17463 6443346 1 750
8078 17462 6443356 1 751
8078 17461 6443366 1 752
8080 17462 6443376 1 752
8080 17464 6443386 1 751
8082 17466 6443396 1 751
8085 17469 6443406 1 750
8088 17472 6443416 1 750
8092 17476 6443426 1 749
8096 17479 6443436 1 748
8100 17483 6443446 1 749
8104 17486 6443456 1 749
8108 17489 6443466 1 750
8112 17493 6443476 1 753
8114 17494 6443486 1 756
8117 17495 6443496 1 764
8116 17494 6443506 1 770
8115 17493 6443516 1 777
8112 17491 6443526 1 786
8109 17489 6443536 1 795
8106 17488 6443546 1 805
8102 17486 6443556 1 817
8097 17482 6443566 1 840
8093 17481 6443576 1 853
8089 17479 6443586 1 865
8086 17478 6443596 1 878
8084 17477 6443606 1 889
8082 17475 6443616 1 900
8081 17474 6443626 1 910
8081 17473 6443636 1 919
8081 17471 6443646 1 927
8082 17469 6443656 1 932
8084 17465 6443666 1 937
8087 17463 6443676 1 937
8089 17462 6443686 1 934
8093 17460 6443696 1 928
8096 17458 6443706 1 920
8100 17457 6443716 1 907
8104 17455 6443726 1 891
8107 17454 6443736 1 871
8111 17452 6443746 1 848
8114 17451 6443756 1 820
8118 17450 6443766 1 749
8119 17449 6443776 1 709
8121 17449 6443786 1 665
8121 17448 6443796 1 619
8121 17448 6443806 1 571
8121 17448 6443816 1 521
8120 17448 6443826 1 470
8120 17449 6443836 1 420
8119 17449 6443846 1 371
8118 17450 6443856 1 322
8119 17452 6443866 1 231
8118 17453 6443876 1 189
8118 17454 6443886 1 151
8118 17454 6443896 1 117
8119 17455 6443906 1 87
8119 17454 6443916 1 62
8120 17454 6443926 1 41
8122 17453 6443936 1 28
8123 17452 6443946 1 30
8125 17450 6443956 1 32
8129 17448 6443966 1 36
8131 17447 6443976 1 37
8133 17446 6443986 1 42
8135 17445 6443996 1 55
8137 17445 6444006 1 69
8138 17445 6444016 1 83
8139 17446 6444026 1 96
8139 17448 6444036 1 109
8139 17449 6444046 1 120
8137 17451 6444056 1 129
8135 17453 6444066 1 135
8132 17455 6444076 1 133
8129 17457 6444086 1 126
8125 17458 6444096 1 113
8121 17459 6444106 1 95
8117 17459 6444116 1 70
8114 17459 6444126 1 72
8112 17458 6444136 1 74
8110 17456 6444146 1 78
8109 17455 6444156 1 81
8111 17453 6444166 1 83
8113 17452 6444176 1 86
8116 17451 6444186 1 88
8119 17450 6444196 1 90
8122 17449 6444206 1 92
8126 17449 6444216 1 95
8129 17450 6444226 1 96
8132 17451 6444236 1 99
8134 17452 6444246 1 101
8136 17455 6444256 1 104
8138 17458 6444266 1 106
8138 17460 6444276 1 108
8138 17463 6444286 1 110
8137 17466 6444296 1 125
8135 17468 6444306 1 269
8133 17471 6444316 1 433
8131 17473 6444326 1 621
8128 17474 6444336 1 833
8125 17475 6444346 1 939
8125 17475 6444356 1 937
8123 17475 6444366 1 936
8122 17474 6444376 1 934
8122 17473 6444386 1 933
8123 17472 6444396 1 931
8124 17471 6444406 1 930
8126 17469 6444416 1 928
8128 17469 6444426 1 927
8131 17468 6444436 1 925
8133 17468 6444446 1 924
8133 17468 6444456 1 922
8134 17469 6444466 1 921
8134 17470 6444476 1 919
8133 17471 6444486 1 918
8130 17472 6444496 1 917
8127 17472 6444506 1 830
8123 17472 6444516 1 160
8119 17472 6444526 1 163
8115 17471 6444536 1 164
8112 17469 6444546 1 166
8110 17467 6444556 1 169
8110 17465 6444566 1 171
8110 17462 6444576 1 173
8113 17459 6444586 1 175
8117 17456 6444596 1 177
8122 17453 6444606 1 179
8129 17451 6444616 1 181
8136 17448 6444626 1 183
8144 17446 6444636 1 185
8152 17444 6444646 1 187
8160 17441 6444656 1 190
8165 17440 6444666 1 192
8169 17440 6444676 1 194
8170 17441 6444686 1 196
8170 17442 6444696 1 198
8168 17443 6444706 1 424
8165 17446 6444716 1 636
8161 17448 6444726 1 824
8155 17451 6444736 1 882
8150 17453 6444746 1 881
8147 17457 6444756 1 879
8143 17460 6444766 1 878
8142 17463 6444776 1 876
8142 17465 6444786 1 875
8148 17469 6444796 1 872
8154 17470 6444806 1 871
8161 17472 6444816 1 870
8169 17472 6444826 1 868
8178 17473 6444836 1 867
8190 17475 6444846 1 865
8199 17475 6444856 1 864
8207 17475 6444866 1 862
8214 17475 6444876 1 861
8219 17475 6444886 1 860
8223 17474 6444896 1 859
8225 17474 6444906 1 816
8225 17474 6444916 1 769
8224 17473 6444926 1 727
8222 17472 6444936 1 691
8219 17470 6444946 1 635
8215 17469 6444956 1 613
8210 17467 6444966 1 597
8205 17465 6444976 1 585
8200 17464 6444986 1 576
8195 17462 6444996 1 571
8190 17459 6445006 1 569
8186 17457 6445016 1 570
8183 17455 6445026 1 575
8181 17453 6445036 1 583
8178 17449 6445046 1 604
8177 17448 6445056 1 618
8178 17447 6445066 1 634
8180 17447 6445076 1 652
8182 17446 6445086 1 671
8186 17446 6445096 1 691
8189 17446 6445106 1 713
8193 17446 6445116 1 734
8197 17446 6445126 1 757
8200 17446 6445136 1 780
8202 17445 6445146 1 826
8203 17444 6445156 1 824
8203 17443 6445166 1 823
8202 17441 6445176 1 822
8200 17440 6445186 1 821
8197 17438 6445196 1 820
8193 17436 6445206 1 818
8189 17434 6445216 1 817
8185 17433 6445226 1 816
8181 17432 6445236 1 815
8178 17433 6445246 1 813
8176 17434 6445256 1 812
8175 17436 6445266 1 811
8175 17439 6445276 1 810
8176 17442 6445286 1 808
8179 17446 6445296 1 807
8182 17451 6445306 1 806
8185 17455 6445316 1 805
8189 17460 6445326 1 804
8192 17464 6445336 1 802
8194 17468 6445346 1 801
8195 17471 6445356 1 800
8195 17472 6445366 1 798
8195 17473 6445376 1 797
8194 17472 6445386 1 796
8193 17471 6445396 1 795
8192 17469 6445406 1 794
8192 17467 6445416 1 792
8192 17464 6445426 1 791
8193 17462 6445436 1 785
