7775 18243 6002084 1 491
7775 18243 6002094 1 846
7775 18243 6002104 1 972
7776 18242 6002114 1 956
7776 18242 6002124 1 884
7776 18242 6002134 1 822
7776 18242 6002144 1 768
7776 18243 6002154 1 722
7776 18243 6002164 1 683
7776 18245 6002174 1 652
7773 18250 6002184 1 627
7769 18258 6002194 1 608
7763 18267 6002204 1 595
7756 18278 6002214 1 588
7748 18289 6002224 1 584
7740 18300 6002234 1 585
7732 18310 6002244 1 589
7725 18318 6002254 1 597
7719 18324 6002264 1 607
7715 18329 6002274 1 620
7712 18331 6002284 1 634
7712 18330 6002294 1 649
7714 18326 6002304 1 665
7719 18319 6002314 1 681
7724 18307 6002324 1 696
7730 18290 6002334 1 710
7735 18270 6002344 1 723
7739 18247 6002354 1 734
7743 18223 6002364 1 743
7745 18201 6002374 1 748
7746 18181 6002384 1 749
7746 18172 6002394 1 749
7747 18166 6002404 1 749
7748 18157 6002414 1 746
7750 18152 6002424 1 737
7754 18152 6002434 1 724
7759 18157 6002444 1 705
7767 18164 6002454 1 679
7775 18172 6002464 1 645
7784 18181 6002474 1 607
7792 18189 6002484 1 562
7798 18195 6002494 1 515
7803 18200 6002504 1 462
7807 18203 6002514 1 408
7808 18204 6002524 1 353
7808 18205 6002534 1 297
7808 18205 6002544 1 241
7806 18206 6002554 1 187
7804 18208 6002564 1 135
7803 18212 6002574 1 87
7801 18217 6002584 1 44
7801 18224 6002594 1 28
7803 18233 6002604 1 27
7806 18242 6002614 1 27
7809 18251 6002624 1 26
7814 18259 6002634 1 24
7819 18266 6002644 1 23
7824 18270 6002654 1 24
7829 18272 6002664 1 22
7834 18271 6002674 1 21
7839 18267 6002684 1 79
7845 18260 6002694 1 147
7847 18257 6002704 1 172
7850 18253 6002714 1 183
7854 18246 6002724 1 223
7857 18239 6002734 1 304
7860 18233 6002744 1 388
7861 18228 6002754 1 469
7862 18225 6002764 1 546
7864 18223 6002774 1 614
7864 18223 6002784 1 671
7864 18223 6002794 1 713
7863 18222 6002804 1 737
7861 18220 6002814 1 748
7860 18218 6002824 1 748
7858 18213 6002834 1 741
7857 18208 6002844 1 720
7855 18202 6002854 1 712
7853 18197 6002864 1 709
7852 18193 6002874 1 707
7851 18191 6002884 1 708
7849 18191 6002894 1 711
7847 18193 6002904 1 715
7845 18197 6002914 1 720
7843 18203 6002924 1 725
7840 18210 6002934 1 729
7837 18218 6002944 1 732
7835 18225 6002954 1 735
7833 18232 6002964 1 737
7831 18237 6002974 1 738
7830 18240 6002984 1 737
7829 18240 6002994 1 738
7828 18239 6003004 1 738
7828 18237 6003014 1 737
7828 18235 6003024 1 738
7828 18229 6003034 1 738
7829 18222 6003044 1 738
7830 18214 6003054 1 738
7832 18208 6003064 1 739
7834 18202 6003074 1 741
7836 18198 6003084 1 742
7837 18196 6003094 1 743
7837 18195 6003104 1 744
7837 18197 6003114 1 746
7836 18201 6003124 1 747
7835 18205 6003134 1 749
7834 18210 6003144 1 750
7833 18215 6003154 1 751
7832 18220 6003164 1 752
7832 18224 6003174 1 754
7831 18227 6003184 1 755
7831 18230 6003194 1 756
7830 18232 6003204 1 758
7830 18234 6003214 1 758
7829 18236 6003224 1 759
7829 18238 6003234 1 760
7829 18239 6003244 1 760
7829 18240 6003254 1 761
7828 18240 6003264 1 762
7827 18241 6003274 1 762
7826 18241 6003284 1 764
7826 18241 6003294 1 764
7826 18241 6003304 1 764
7826 18242 6003314 1 766
7826 18242 6003324 1 766
7826 18243 6003334 1 767
7827 18244 6003344 1 768
7827 18245 6003354 1 770
7828 18246 6003364 1 772
7829 18247 6003374 1 773
7829 18247 6003384 1 773
7831 18246 6003394 1 772
7833 18245 6003404 1 769
7836 18243 6003414 1 765
7840 18242 6003424 1 761
7845 18240 6003434 1 756
7850 18240 6003444 1 754
7854 18239 6003454 1 751
7858 18238 6003464 1 751
7861 18238 6003474 1 754
7864 18238 6003484 1 758
7865 18239 6003494 1 768
7866 18240 6003504 1 781
7866 18242 6003514 1 799
7865 18244 6003524 1 820
7866 18247 6003534 1 843
7866 18250 6003544 1 865
7867 18253 6003554 1 886
7869 18255 6003564 1 903
7871 18255 6003574 1 915
7873 18255 6003584 1 918
7875 18254 6003594 1 904
7876 18254 6003604 1 881
7878 18253 6003614 1 843
7878 18252 6003624 1 791
7879 18252 6003634 1 771
7879 18252 6003644 1 762
7880 18251 6003654 1 724
7881 18251 6003664 1 644
7882 18251 6003674 1 556
7885 18252 6003684 1 464
7888 18252 6003694 1 370
7892 18252 6003704 1 282
7897 18251 6003714 1 199
7902 18251 6003724 1 128
7908 18251 6003734 1 73
7914 18251 6003744 1 22
7920 18250 6003754 1 24
7925 18249 6003764 1 23
7929 18248 6003774 1 24
7933 18248 6003784 1 26
7935 18247 6003794 1 27
7937 18246 6003804 1 27
7938 18245 6003814 1 28
7939 18244 6003824 1 29
7939 18243 6003834 1 29
7938 18241 6003844 1 30
7938 18239 6003854 1 31
7936 18235 6003864 1 39
7935 18231 6003874 1 57
7934 18227 6003884 1 84
7932 18223 6003894 1 118
7930 18219 6003904 1 158
7928 18216 6003914 1 202
7926 18214 6003924 1 252
7925 18213 6003934 1 304
7924 18212 6003944 1 323
7924 18212 6003954 1 330
7924 18213 6003964 1 358
7924 18215 6003974 1 412
7926 18218 6003984 1 468
7928 18221 6003994 1 521
7931 18226 6004004 1 572
7934 18232 6004014 1 621
7938 18238 6004024 1 666
7942 18245 6004034 1 706
7945 18252 6004044 1 738
7948 18260 6004054 1 765
7949 18268 6004064 1 783
7948 18275 6004074 1 793
7946 18281 6004084 1 793
7942 18286 6004094 1 783
7937 18289 6004104 1 778
7932 18290 6004114 1 774
7927 18291 6004124 1 773
7922 18290 6004134 1 775
7919 18287 6004144 1 778
7916 18285 6004154 1 782
7915 18281 6004164 1 787
7916 18276 6004174 1 792
7918 18271 6004184 1 799
7922 18266 6004194 1 807
7927 18260 6004204 1 813
7934 18256 6004214 1 820
7940 18253 6004224 1 826
7947 18251 6004234 1 832
7953 18250 6004244 1 837
7958 18250 6004254 1 840
7963 18251 6004264 1 842
7966 18254 6004274 1 842
7968 18257 6004284 1 840
7970 18261 6004294 1 837
7971 18266 6004304 1 830
7971 18271 6004314 1 820
