8055 18399 8770765 1 615
8055 18399 8770775 1 624
8055 18400 8770785 1 630
8054 18400 8770795 1 633
8054 18400 8770805 1 635
8055 18401 8770815 1 637
8055 18401 8770825 1 638
8056 18404 8770835 1 639
8062 18410 8770845 1 641
8070 18417 8770855 1 642
8074 18421 8770865 1 644
8074 18421 8770875 1 645
8071 18419 8770885 1 645
8068 18416 8770895 1 647
8065 18414 8770905 1 648
8064 18414 8770915 1 650
8065 18415 8770925 1 651
8067 18418 8770935 1 651
8069 18420 8770945 1 652
8069 18421 8770955 1 653
8070 18421 8770965 1 654
8069 18420 8770975 1 654
8067 18418 8770985 1 655
8065 18415 8770995 1 655
8064 18412 8771005 1 656
8063 18411 8771015 1 657
8062 18411 8771025 1 659
8062 18411 8771035 1 660
8061 18411 8771045 1 660
8060 18412 8771055 1 661
8059 18413 8771065 1 662
8057 18415 8771075 1 664
8056 18418 8771085 1 664
8054 18422 8771095 1 665
8052 18426 8771105 1 667
8051 18431 8771115 1 668
8050 18436 8771125 1 670
8049 18440 8771135 1 671
8049 18443 8771145 1 671
8049 18445 8771155 1 673
8049 18446 8771165 1 674
8049 18446 8771175 1 674
8049 18446 8771185 1 676
8049 18445 8771195 1 678
8049 18443 8771205 1 678
8049 18439 8771215 1 679
8050 18434 8771225 1 680
8050 18428 8771235 1 681
8051 18421 8771245 1 682
8052 18413 8771255 1 682
8053 18404 8771265 1 682
8054 18396 8771275 1 682
8055 18389 8771285 1 682
8056 18383 8771295 1 682
8056 18378 8771305 1 681
8057 18375 8771315 1 680
8057 18374 8771325 1 679
8057 18374 8771335 1 678
8057 18376 8771345 1 678
8057 18380 8771355 1 677
8057 18383 8771365 1 677
8057 18386 8771375 1 677
8057 18393 8771385 1 677
8057 18401 8771395 1 678
8057 18409 8771405 1 679
8057 18418 8771415 1 679
8056 18427 8771425 1 681
8055 18435 8771435 1 684
8054 18443 8771445 1 689
8054 18450 8771455 1 691
8053 18456 8771465 1 694
8052 18461 8771475 1 701
8050 18466 8771485 1 708
8049 18470 8771495 1 718
8047 18473 8771505 1 723
8046 18476 8771515 1 728
8044 18478 8771525 1 740
8042 18480 8771535 1 751
8039 18482 8771545 1 764
8036 18483 8771555 1 771
8035 18484 8771565 1 772
8034 18485 8771575 1 777
8031 18486 8771585 1 790
8029 18487 8771595 1 801
8026 18488 8771605 1 814
8024 18489 8771615 1 820
8022 18489 8771625 1 826
8020 18489 8771635 1 837
8018 18489 8771645 1 847
8016 18489 8771655 1 856
8015 18488 8771665 1 861
8013 18487 8771675 1 864
8012 18486 8771685 1 870
8012 18484 8771695 1 875
8011 18482 8771705 1 878
8011 18480 8771715 1 879
8011 18478 8771725 1 879
8011 18475 8771735 1 877
8012 18472 8771745 1 873
8014 18469 8771755 1 867
8015 18468 8771765 1 865
8016 18466 8771775 1 863
8018 18463 8771785 1 857
8021 18460 8771795 1 846
8024 18457 8771805 1 830
8027 18454 8771815 1 811
8030 18451 8771825 1 802
8034 18448 8771835 1 790
8038 18446 8771845 1 764
8042 18444 8771855 1 734
8046 18442 8771865 1 701
8050 18440 8771875 1 683
8054 18438 8771885 1 663
8058 18437 8771895 1 623
8062 18436 8771905 1 580
8065 18435 8771915 1 534
8069 18435 8771925 1 511
8072 18434 8771935 1 487
8075 18434 8771945 1 437
8078 18434 8771955 1 387
8079 18434 8771965 1 357
8081 18434 8771975 1 336
8083 18434 8771985 1 310
8085 18434 8771995 1 284
8087 18434 8772005 1 232
8089 18434 8772015 1 181
8091 18434 8772025 1 131
8092 18434 8772035 1 107
8093 18434 8772045 1 82
8094 18434 8772055 1 35
8095 18435 8772065 1 12
8096 18435 8772075 1 12
8096 18435 8772085 1 13
8097 18435 8772095 1 12
8097 18435 8772105 1 12
8097 18436 8772115 1 12
8097 18436 8772125 1 12
8097 18436 8772135 1 12
8097 18436 8772145 1 12
8097 18436 8772155 1 11
8096 18435 8772165 1 11
8096 18435 8772175 1 11
8095 18435 8772185 1 11
8094 18434 8772195 1 11
8093 18433 8772205 1 11
8092 18431 8772215 1 11
8090 18430 8772225 1 11
8089 18428 8772235 1 11
8087 18426 8772245 1 11
8086 18424 8772255 1 11
8085 18422 8772265 1 11
8084 18420 8772275 1 11
8084 18418 8772285 1 11
8083 18417 8772295 1 8
8083 18416 8772305 1 10
8083 18416 8772315 1 35
8083 18416 8772325 1 105
8082 18417 8772335 1 142
8081 18418 8772345 1 151
8080 18420 8772355 1 179
8080 18421 8772365 1 210
8079 18423 8772375 1 256
8078 18426 8772385 1 334
8076 18430 8772395 1 411
8075 18433 8772405 1 449
8073 18437 8772415 1 485
8072 18440 8772425 1 554
8070 18443 8772435 1 618
8069 18446 8772445 1 674
8068 18448 8772455 1 701
8068 18450 8772465 1 721
8067 18451 8772475 1 758
8066 18452 8772485 1 782
8066 18452 8772495 1 792
8065 18452 8772505 1 795
8065 18451 8772515 1 787
8065 18449 8772525 1 766
8065 18448 8772535 1 729
8065 18446 8772545 1 681
8066 18444 8772555 1 654
8066 18443 8772565 1 647
8066 18442 8772575 1 622
8067 18440 8772585 1 554
8067 18438 8772595 1 481
8068 18436 8772605 1 405
8068 18435 8772615 1 366
8069 18433 8772625 1 327
8069 18431 8772635 1 251
8070 18429 8772645 1 177
8070 18428 8772655 1 109
8071 18426 8772665 1 75
8072 18425 8772675 1 48
8072 18424 8772685 1 8
8073 18422 8772695 1 8
8074 18421 8772705 1 8
8075 18421 8772715 1 7
8076 18420 8772725 1 7
8076 18419 8772735 1 7
8077 18419 8772745 1 7
8078 18419 8772755 1 7
8079 18419 8772765 1 7
8079 18419 8772775 1 7
8080 18420 8772785 1 7
8081 18421 8772795 1 7
8082 18423 8772805 1 7
8083 18425 8772815 1 7
8084 18427 8772825 1 7
8085 18430 8772835 1 7
8086 18432 8772845 1 7
8087 18435 8772855 1 7
8088 18437 8772865 1 13
8089 18439 8772875 1 28
8090 18441 8772885 1 60
8091 18443 8772895 1 115
8092 18444 8772905 1 179
8093 18445 8772915 1 247
8094 18445 8772925 1 282
8096 18446 8772935 1 320
8097 18446 8772945 1 395
8098 18447 8772955 1 473
8099 18447 8772965 1 518
8099 18447 8772975 1 550
8100 18447 8772985 1 589
8101 18447 8772995 1 626
8102 18447 8773005 1 699
8103 18447 8773015 1 768
8104 18447 8773025 1 830
8104 18447 8773035 1 861
8105 18447 8773045 1 887
8105 18447 8773055 1 935
8106 18447 8773065 1 972
8106 18447 8773075 1 998
8106 18447 8773085 1 1009
8106 18447 8773095 1 1012
8106 18447 8773105 1 1012
8106 18448 8773115 1 999
8106 18448 8773125 1 984
8106 18448 8773135 1 977
8106 18448 8773145 1 969
8106 18448 8773155 1 953
8106 18448 8773165 1 944
8106 18448 8773175 1 935
8105 18448 8773185 1 918
8105 18448 8773195 1 909
8104 18448 8773205 1 900
8104 18447 8773215 1 884
8103 18447 8773225 1 868
8102 18447 8773235 1 855
8102 18446 8773245 1 848
8101 18446 8773255 1 843
8100 18446 8773265 1 833
8099 18446 8773275 1 825
8097 18445 8773285 1 819
8096 18445 8773295 1 816
8094 18446 8773305 1 815
8093 18446 8773315 1 813
8091 18447 8773325 1 812
8089 18447 8773335 1 813
8088 18448 8773345 1 813
8086 18449 8773355 1 814
8086 18449 8773365 1 815
8085 18450 8773375 1 817
8084 18450 8773385 1 820
8083 18451 8773395 1 824
8082 18451 8773405 1 826
8082 18452 8773415 1 829
8081 18452 8773425 1 834
8081 18452 8773435 1 839
8081 18451 8773445 1 845
8080 18450 8773455 1 848
8080 18449 8773465 1 850
8080 18447 8773475 1 855
8081 18445 8773485 1 859
8082 18443 8773495 1 863
8082 18441 8773505 1 865
8084 18439 8773515 1 866
8085 18437 8773525 1 869
8087 18435 8773535 1 871
8089 18434 8773545 1 872
8090 18432 8773555 1 872
8091 18432 8773565 1 872
8092 18432 8773575 1 872
8094 18431 8773585 1 871
8096 18431 8773595 1 869
8098 18431 8773605 1 867
8099 18431 8773615 1 866
8101 18431 8773625 1 863
8103 18432 8773635 1 859
8105 18432 8773645 1 855
8107 18433 8773655 1 851
8109 18434 8773665 1 849
8112 18436 8773675 1 848
8114 18437 8773685 1 847
8116 18438 8773695 1 847
8118 18439 8773705 1 850
8120 18441 8773715 1 852
8122 18442 8773725 1 855
8124 18443 8773735 1 864
8126 18445 8773745 1 876
8127 18446 8773755 1 892
8128 18447 8773765 1 899
8129 18447 8773775 1 901
8130 18448 8773785 1 911
8132 18449 8773795 1 931
8133 18450 8773805 1 951
8134 18451 8773815 1 970
8135 18452 8773825 1 979
8135 18453 8773835 1 985
8136 18454 8773845 1 996
8137 18455 8773855 1 1002
8137 18455 8773865 1 998
8138 18456 8773875 1 997
8138 18457 8773885 1 987
8138 18457 8773895 1 966
8139 18457 8773905 1 953
8139 18458 8773915 1 933
8139 18458 8773925 1 917
8140 18458 8773935 1 887
8140 18459 8773945 1 827
8140 18459 8773955 1 756
8140 18459 8773965 1 711
8140 18459 8773975 1 677
8140 18459 8773985 1 635
8141 18459 8773995 1 590
8141 18459 8774005 1 500
8141 18459 8774015 1 408
8141 18458 8774025 1 318
8142 18458 8774035 1 274
8142 18457 8774045 1 233
8142 18457 8774055 1 156
8142 18456 8774065 1 87
8142 18454 8774075 0 0
8142 18453 8774085 0 0
8142 18451 8774095 0 0
8142 18450 8774105 0 0
8142 18448 8774115 0 0
8141 18446 8774125 0 0
8141 18445 8774135 0 0
8140 18443 8774145 0 0
8140 18441 8774155 0 0
8140 18441 8774165 0 0
8140 18440 8774175 0 0
8139 18439 8774185 0 0
8139 18437 8774195 1 4
8139 18436 8774205 1 13
8139 18435 8774215 1 27
8139 18434 8774225 1 45
8139 18434 8774235 1 67
8139 18433 8774245 1 93
8139 18433 8774255 1 122
8140 18433 8774265 1 154
8140 18433 8774275 1 189
8141 18434 8774285 1 226
8141 18434 8774295 1 265
8142 18435 8774305 1 305
8143 18436 8774315 1 347
8143 18437 8774325 1 390
8144 18439 8774335 1 433
8145 18440 8774345 1 477
8145 18441 8774355 1 520
8146 18442 8774365 1 563
8146 18442 8774375 1 605
8146 18443 8774385 1 646
8147 18443 8774395 1 686
8147 18444 8774405 1 721
8147 18444 8774415 1 753
8148 18444 8774425 1 817
8148 18444 8774435 1 875
8147 18444 8774445 1 926
8147 18444 8774455 1 950
8147 18444 8774465 1 969
8146 18444 8774475 1 1003
8145 18444 8774485 1 1022
8145 18443 8774495 1 1021
8144 18443 8774505 1 1021
8143 18443 8774515 1 1021
8142 18443 8774525 1 1021
8141 18443 8774535 1 1021
8140 18444 8774545 1 1021
8139 18444 8774555 1 1021
8138 18445 8774565 1 1021
8138 18445 8774575 1 1021
8137 18447 8774585 1 1021
8136 18448 8774595 1 1021
8135 18450 8774605 1 1021
8135 18452 8774615 1 1021
8135 18454 8774625 1 1021
8135 18456 8774635 1 1021
8135 18457 8774645 1 1021
8135 18459 8774655 1 1021
8136 18460 8774665 1 1021
8136 18460 8774675 1 1021
8137 18460 8774685 1 1021
8137 18460 8774695 1 1021
8138 18459 8774705 1 1021
8138 18458 8774715 1 1021
8139 18456 8774725 1 1021
8140 18454 8774735 1 1021
8141 18452 8774745 1 1019
8142 18450 8774755 1 1000
8143 18450 8774765 1 991
8143 18449 8774775 1 989
8144 18447 8774785 1 982
8145 18446 8774795 1 967
8146 18445 8774805 1 954
8147 18445 8774815 1 943
8147 18444 8774825 1 938
8147 18444 8774835 1 933
8148 18444 8774845 1 926
8148 18443 8774855 1 921
8148 18443 8774865 1 917
8148 18443 8774875 1 915
8147 18442 8774885 1 914
8147 18442 8774895 1 913
8147 18441 8774905 1 914
8146 18441 8774915 1 915
8146 18441 8774925 1 916
8145 18440 8774935 1 918
8145 18440 8774945 1 922
8145 18440 8774955 1 926
8144 18440 8774965 1 929
8144 18440 8774975 1 931
8144 18439 8774985 1 934
8144 18439 8774995 1 937
8144 18439 8775005 1 943
8144 18439 8775015 1 950
8144 18439 8775025 1 957
8144 18439 8775035 1 960
8144 18439 8775045 1 963
8144 18439 8775055 1 970
8145 18439 8775065 1 976
8145 18438 8775075 1 983
8146 18438 8775085 1 986
8146 18438 8775095 1 989
8147 18438 8775105 1 995
8147 18438 8775115 1 1000
8148 18438 8775125 1 1005
8149 18438 8775135 1 1007
8149 18438 8775145 1 1009
8150 18438 8775155 1 1011
8150 18438 8775165 1 1012
8150 18438 8775175 1 1013
8150 18438 8775185 1 1016
8151 18438 8775195 1 1017
8151 18438 8775205 1 1017
8149 18438 8775215 1 1019
8145 18439 8775225 1 1019
8136 18439 8775235 1 1019
8122 18439 8775245 1 1019
8105 18438 8775255 1 1019
8086 18436 8775265 1 1019
8068 18434 8775275 1 1019
8051 18430 8775285 1 1019
8038 18426 8775295 1 1019
8029 18419 8775305 1 1019
8025 18410 8775315 1 1019
8025 18400 8775325 1 1019
8030 18390 8775335 1 1019
8040 18382 8775345 1 1019
8053 18376 8775355 1 1019
8060 18373 8775365 1 1019
8068 18373 8775375 1 1019
8085 18374 8775385 1 1019
8101 18378 8775395 1 1019
8117 18384 8775405 1 1019
8133 18392 8775415 1 1019
8147 18400 8775425 1 1019
8160 18410 8775435 1 1019
8170 18421 8775445 1 1018
8176 18432 8775455 1 1018
8178 18443 8775465 1 1018
8179 18451 8775475 1 1018
8175 18459 8775485 1 1018
8167 18467 8775495 1 1018
8153 18473 8775505 1 1018
8137 18476 8775515 1 1018
8119 18476 8775525 1 1018
8101 18474 8775535 1 1018
8083 18469 8775545 1 1018
8068 18462 8775555 1 1018
8060 18458 8775565 1 1018
8054 18453 8775575 1 1018
8044 18443 8775585 1 1018
8038 18432 8775595 1 1018
8036 18420 8775605 1 1018
8038 18410 8775615 1 1018
8044 18400 8775625 1 1018
8054 18392 8775635 1 1018
8067 18385 8775645 1 1018
8083 18380 8775655 1 1018
8100 18379 8775665 1 1018
8118 18380 8775675 1 1018
8135 18385 8775685 1 1018
8151 18392 8775695 1 1018
8164 18401 8775705 1 1018
8176 18411 8775715 1 1018
8184 18421 8775725 1 1018
8189 18431 8775735 1 1018
8204 18474 8775745 1 1018
8266 18425 8775755 1 1017
8260 18401 8775765 1 1017
8223 18410 8775775 1 1017
8217 18417 8775785 1 1017
8219 18419 8775795 1 1017
8221 18420 8775805 1 1017
8223 18421 8775815 1 1017
8224 18422 8775825 1 1017
8225 18423 8775835 1 1017
8227 18424 8775845 1 1017
8228 18424 8775855 1 1017
8229 18425 8775865 1 1017
8230 18425 8775875 1 1017
8231 18426 8775885 1 1017
8232 18427 8775895 1 1017
8233 18427 8775905 1 1017
8233 18428 8775915 1 1017
8234 18428 8775925 1 1017
8235 18429 8775935 1 1017
8236 18429 8775945 1 1017
8236 18430 8775955 1 1017
8237 18430 8775965 1 1017
8237 18430 8775975 1 1017
8237 18431 8775985 1 1017
8238 18431 8775995 1 1017
8238 18432 8776005 1 1017
8239 18432 8776015 1 1017
8239 18432 8776025 1 1017
8239 18433 8776035 1 1017
8240 18433 8776045 1 1017
8240 18433 8776055 1 1017
8241 18434 8776065 1 1017
8241 18434 8776075 1 1016
8241 18434 8776085 1 1016
8242 18434 8776095 1 1016
8243 18435 8776105 1 1016
8243 18435 8776115 1 1016
8244 18435 8776125 1 1016
8245 18435 8776135 1 1016
8245 18436 8776145 1 1016
8246 18436 8776155 1 1016
8246 18436 8776165 1 1016
8246 18436 8776175 1 1016
8247 18437 8776185 1 1016
8247 18437 8776195 1 1016
8246 18437 8776205 1 1016
8246 18438 8776215 1 1016
8246 18438 8776225 1 1016
8245 18438 8776235 1 1016
8245 18438 8776245 1 1016
8244 18438 8776255 1 1016
8243 18438 8776265 1 1016
8242 18439 8776275 1 1016
8242 18439 8776285 1 1016
8241 18439 8776295 1 1016
8240 18439 8776305 1 1016
8239 18439 8776315 1 1016
8238 18439 8776325 1 1016
8237 18439 8776335 1 1016
8237 18439 8776345 1 1016
8237 18439 8776355 1 1016
8237 18439 8776365 1 1016
8237 18439 8776375 1 1016
8237 18439 8776385 1 1016
8237 18439 8776395 1 1015
8237 18439 8776405 1 1015
8237 18439 8776415 1 1015
8237 18439 8776425 1 1015
8237 18439 8776435 1 1015
8237 18439 8776445 1 1015
8237 18439 8776455 1 1015
8237 18439 8776465 1 1015
8236 18440 8776475 1 1015
8236 18440 8776485 1 1015
8236 18440 8776495 1 1015
8235 18440 8776505 1 1015
8235 18440 8776515 1 1015
8234 18440 8776525 1 1015
8234 18440 8776535 1 1015
8234 18440 8776545 1 1015
8233 18440 8776555 1 1015
8233 18440 8776565 1 1015
8233 18440 8776575 1 1015
8232 18440 8776585 1 1015
8232 18441 8776595 1 1015
8232 18441 8776605 1 1015
8231 18441 8776615 1 1015
8231 18441 8776625 1 1015
8231 18442 8776635 1 1015
8231 18442 8776645 1 1015
8231 18442 8776655 1 1015
8231 18442 8776665 1 1015
8232 18442 8776675 1 924
8232 18442 8776685 1 819
8233 18443 8776695 1 707
8234 18443 8776705 1 591
8235 18442 8776715 1 473
8236 18442 8776725 1 355
8237 18442 8776735 1 239
8238 18442 8776745 1 128
8239 18442 8776755 1 24
8240 18442 8776765 1 20
8241 18441 8776775 1 20
8242 18441 8776785 1 20
8244 18441 8776795 1 20
8245 18441 8776805 1 20
8245 18441 8776815 1 20
8246 18441 8776825 1 22
8247 18440 8776835 1 28
8247 18440 8776845 1 43
8247 18440 8776855 1 66
8247 18440 8776865 1 103
8247 18440 8776875 1 156
8247 18440 8776885 1 226
8247 18440 8776895 1 316
8246 18440 8776905 1 430
8246 18440 8776915 1 570
8246 18440 8776925 1 739
