7832 17274 7330804 1 614
7832 17274 7330814 1 624
7832 17275 7330824 1 629
7832 17275 7330834 1 632
7832 17275 7330844 1 634
7832 17276 7330854 1 636
7832 17277 7330864 1 637
7832 17277 7330874 1 637
7834 17280 7330884 1 638
7842 17287 7330894 1 640
7851 17296 7330904 1 642
7857 17300 7330914 1 644
7857 17300 7330924 1 644
7855 17298 7330934 1 645
7853 17296 7330944 1 646
7852 17295 7330954 1 647
7849 17292 7330964 1 648
7848 17292 7330974 1 650
7850 17294 7330984 1 650
7852 17297 7330994 1 651
7854 17299 7331004 1 652
7855 17300 7331014 1 652
7856 17300 7331024 1 653
7855 17300 7331034 1 654
7853 17297 7331044 1 654
7850 17294 7331054 1 655
7849 17291 7331064 1 656
7847 17290 7331074 1 657
7846 17290 7331084 1 657
7845 17290 7331094 1 658
7844 17290 7331104 1 659
7842 17291 7331114 1 659
7841 17291 7331124 1 660
7839 17292 7331134 1 661
7837 17294 7331144 1 663
7836 17295 7331154 1 664
7835 17297 7331164 1 664
7833 17301 7331174 1 664
7831 17306 7331184 1 666
7830 17312 7331194 1 667
7829 17317 7331204 1 669
7829 17321 7331214 1 670
7828 17323 7331224 1 670
7828 17325 7331234 1 671
7828 17327 7331244 1 673
7828 17327 7331254 1 674
7829 17327 7331264 1 676
7829 17325 7331274 1 677
7829 17322 7331284 1 678
7830 17320 7331294 1 678
7830 17318 7331304 1 679
7831 17312 7331314 1 680
7832 17304 7331324 1 681
7834 17296 7331334 1 682
7835 17287 7331344 1 682
7837 17277 7331354 1 682
7838 17273 7331364 1 682
7839 17269 7331374 1 682
7841 17261 7331384 1 682
7843 17254 7331394 1 682
7845 17250 7331404 1 681
7846 17246 7331414 1 680
7847 17245 7331424 1 679
7848 17245 7331434 1 678
7848 17246 7331444 1 678
7849 17249 7331454 1 677
7850 17253 7331464 1 677
7851 17260 7331474 1 677
7852 17268 7331484 1 677
7852 17277 7331494 1 678
7852 17281 7331504 1 678
7852 17286 7331514 1 678
7851 17296 7331524 1 679
7850 17305 7331534 1 681
7848 17314 7331544 1 684
7846 17322 7331554 1 689
7844 17330 7331564 1 691
7843 17333 7331574 1 691
7841 17336 7331584 1 694
7839 17342 7331594 1 701
7836 17347 7331604 1 708
7834 17351 7331614 1 718
7831 17355 7331624 1 723
7828 17358 7331634 1 728
7826 17359 7331644 1 733
7825 17360 7331654 1 740
7821 17363 7331664 1 752
7818 17365 7331674 1 765
7815 17367 7331684 1 771
7811 17369 7331694 1 777
7808 17371 7331704 1 790
7806 17372 7331714 1 796
7804 17373 7331724 1 802
7801 17374 7331734 1 815
7798 17376 7331744 1 821
7795 17377 7331754 1 827
7793 17378 7331764 1 837
7791 17378 7331774 1 848
7790 17378 7331784 1 854
7789 17378 7331794 1 857
7787 17378 7331804 1 862
7786 17377 7331814 1 865
7786 17375 7331824 1 871
7785 17373 7331834 1 876
7785 17371 7331844 1 879
7785 17370 7331854 1 880
7786 17368 7331864 1 880
7787 17365 7331874 1 880
7788 17362 7331884 1 878
7789 17358 7331894 1 874
7791 17355 7331904 1 868
7793 17351 7331914 1 864
7795 17349 7331924 1 863
7796 17347 7331934 1 858
7799 17343 7331944 1 847
7802 17339 7331954 1 831
7805 17336 7331964 1 812
7808 17332 7331974 1 802
7812 17329 7331984 1 790
7814 17327 7331994 1 781
7816 17326 7332004 1 765
7819 17324 7332014 1 734
7823 17322 7332024 1 701
7827 17320 7332034 1 683
7831 17318 7332044 1 663
7835 17317 7332054 1 623
7837 17317 7332064 1 602
7839 17317 7332074 1 579
7843 17316 7332084 1 533
7847 17316 7332094 1 510
7851 17316 7332104 1 485
7854 17315 7332114 1 435
7858 17315 7332124 1 385
7860 17315 7332134 1 355
7861 17315 7332144 1 333
7864 17315 7332154 1 308
7867 17315 7332164 1 282
7870 17315 7332174 1 230
7873 17315 7332184 1 178
7875 17314 7332194 1 128
7877 17314 7332204 1 109
7878 17314 7332214 1 103
7880 17314 7332224 1 78
7881 17313 7332234 1 31
7883 17313 7332244 1 8
7884 17312 7332254 1 8
7885 17312 7332264 1 9
7885 17311 7332274 1 8
7885 17311 7332284 1 8
7885 17311 7332294 1 8
7885 17311 7332304 1 8
7885 17310 7332314 1 8
7884 17310 7332324 1 8
7883 17310 7332334 1 8
7882 17310 7332344 1 8
7882 17309 7332354 1 8
7880 17309 7332364 1 8
7878 17308 7332374 1 8
7876 17308 7332384 1 8
7874 17307 7332394 1 7
7872 17305 7332404 1 7
7870 17305 7332414 1 7
7869 17304 7332424 1 7
7867 17302 7332434 1 7
7865 17301 7332444 1 7
7863 17299 7332454 1 7
7862 17297 7332464 1 7
7861 17296 7332474 1 7
7860 17295 7332484 1 8
7860 17294 7332494 1 7
7859 17293 7332504 1 5
7859 17293 7332514 1 7
7858 17292 7332524 1 32
7858 17292 7332534 1 102
7858 17293 7332544 1 139
7857 17294 7332554 1 146
7857 17295 7332564 1 148
7857 17297 7332574 1 177
7856 17300 7332584 1 254
7855 17303 7332594 1 332
7854 17307 7332604 1 410
7853 17311 7332614 1 448
7853 17313 7332624 1 458
7853 17315 7332634 1 484
7852 17319 7332644 1 553
7852 17322 7332654 1 617
7851 17326 7332664 1 674
7851 17328 7332674 1 701
7850 17331 7332684 1 721
7850 17332 7332694 1 738
7850 17332 7332704 1 758
7850 17333 7332714 1 783
7850 17333 7332724 1 793
7850 17333 7332734 1 795
7850 17332 7332744 1 788
7849 17331 7332754 1 766
7849 17330 7332764 1 753
7849 17329 7332774 1 729
7849 17327 7332784 1 681
7849 17325 7332794 1 654
7849 17323 7332804 1 621
7849 17321 7332814 1 554
7849 17319 7332824 1 480
7849 17318 7332834 1 436
7850 17317 7332844 1 404
7850 17315 7332854 1 365
7851 17313 7332864 1 326
7852 17312 7332874 1 249
7853 17310 7332884 1 175
7854 17308 7332894 1 106
7855 17308 7332904 1 81
7855 17307 7332914 1 73
7856 17306 7332924 1 46
7858 17305 7332934 1 5
7858 17304 7332944 1 5
7859 17303 7332954 1 5
7860 17302 7332964 1 4
7860 17302 7332974 1 5
7860 17302 7332984 1 5
7861 17301 7332994 1 5
7862 17301 7333004 1 5
7862 17301 7333014 1 5
7863 17302 7333024 1 5
7864 17303 7333034 1 5
7864 17303 7333044 1 5
7865 17304 7333054 1 5
7866 17306 7333064 1 5
7867 17308 7333074 1 5
7868 17311 7333084 1 4
7869 17313 7333094 1 4
7870 17316 7333104 1 4
7870 17318 7333114 1 3
7871 17319 7333124 1 4
7872 17321 7333134 1 11
7873 17324 7333144 1 26
7874 17326 7333154 1 58
7875 17327 7333164 1 113
7875 17328 7333174 1 177
7876 17329 7333184 1 216
7876 17329 7333194 1 245
7877 17330 7333204 1 281
7878 17331 7333214 1 319
7878 17331 7333224 1 394
7879 17331 7333234 1 472
7879 17331 7333244 1 549
7879 17331 7333254 1 579
7879 17332 7333264 1 589
7879 17332 7333274 1 626
7880 17332 7333284 1 699
7880 17332 7333294 1 768
7880 17331 7333304 1 831
7880 17331 7333314 1 861
7880 17331 7333324 1 869
7880 17331 7333334 1 887
7881 17330 7333344 1 935
7881 17330 7333354 1 973
7882 17329 7333364 1 999
7883 17329 7333374 1 1010
7883 17328 7333384 1 1013
7884 17328 7333394 1 1016
7884 17328 7333404 1 1013
7885 17327 7333414 1 1000
7886 17327 7333424 1 985
7886 17326 7333434 1 977
7887 17326 7333444 1 969
7887 17325 7333454 1 953
7888 17325 7333464 1 945
7888 17325 7333474 1 935
7888 17325 7333484 1 919
7888 17324 7333494 1 909
7888 17324 7333504 1 901
7888 17324 7333514 1 885
7887 17324 7333524 1 869
7887 17324 7333534 1 860
7887 17324 7333544 1 855
7886 17324 7333554 1 848
7885 17324 7333564 1 843
7884 17324 7333574 1 833
7883 17324 7333584 1 825
7881 17325 7333594 1 819
7881 17325 7333604 1 817
7880 17325 7333614 1 816
7878 17326 7333624 1 815
7877 17327 7333634 1 813
7876 17328 7333644 1 812
7874 17329 7333654 1 813
7873 17331 7333664 1 813
7873 17331 7333674 1 813
7873 17332 7333684 1 814
7872 17333 7333694 1 817
7871 17334 7333704 1 820
7871 17335 7333714 1 824
7870 17336 7333724 1 826
7870 17336 7333734 1 829
7870 17337 7333744 1 831
7870 17337 7333754 1 834
7870 17336 7333764 1 839
7870 17336 7333774 1 845
7870 17335 7333784 1 848
7870 17333 7333794 1 850
7871 17332 7333804 1 855
7871 17331 7333814 1 857
7872 17330 7333824 1 859
7873 17328 7333834 1 863
7874 17326 7333844 1 865
7875 17323 7333854 1 866
7877 17321 7333864 1 869
7879 17319 7333874 1 871
7880 17318 7333884 1 872
7881 17318 7333894 1 872
7884 17316 7333904 1 872
7886 17315 7333914 1 872
7888 17314 7333924 1 871
7890 17314 7333934 1 869
7892 17314 7333944 1 867
7893 17314 7333954 1 866
7893 17314 7333964 1 866
7895 17314 7333974 1 863
7896 17315 7333984 1 859
7898 17316 7333994 1 855
7899 17317 7334004 1 851
7901 17318 7334014 1 849
7901 17319 7334024 1 849
7902 17320 7334034 1 848
7904 17321 7334044 1 847
7905 17323 7334054 1 847
7907 17324 7334064 1 850
7908 17326 7334074 1 852
7910 17328 7334084 1 855
7910 17328 7334094 1 859
7911 17329 7334104 1 864
7913 17330 7334114 1 876
7915 17332 7334124 1 892
7916 17333 7334134 1 901
7918 17334 7334144 1 911
7920 17335 7334154 1 931
7921 17335 7334164 1 942
7921 17336 7334174 1 951
7923 17337 7334184 1 970
7925 17337 7334194 1 979
7926 17338 7334204 1 985
7927 17339 7334214 1 996
7929 17339 7334224 1 1002
7929 17339 7334234 1 1001
7930 17339 7334244 1 998
7931 17340 7334254 1 997
7932 17340 7334264 1 987
7932 17340 7334274 1 966
7933 17340 7334284 1 953
7934 17341 7334294 1 933
7934 17341 7334304 1 925
7934 17341 7334314 1 917
7934 17341 7334324 1 887
7934 17341 7334334 1 827
7934 17341 7334344 1 756
7934 17341 7334354 1 677
7934 17341 7334364 1 635
7934 17341 7334374 1 624
7934 17341 7334384 1 590
7934 17341 7334394 1 500
7934 17341 7334404 1 408
7934 17340 7334414 1 318
7933 17340 7334424 1 274
7933 17339 7334434 1 233
7933 17338 7334444 1 197
7933 17338 7334454 1 155
7933 17337 7334464 1 86
7932 17335 7334474 0 0
7932 17334 7334484 0 0
7932 17332 7334494 0 0
7931 17330 7334504 0 0
7931 17329 7334514 0 0
7931 17328 7334524 0 0
7931 17326 7334534 0 0
7931 17324 7334544 0 0
7930 17323 7334554 0 0
7930 17321 7334564 0 0
7930 17320 7334574 0 0
7930 17319 7334584 0 0
7930 17318 7334594 1 2
7930 17317 7334604 1 8
7930 17317 7334614 1 16
7930 17316 7334624 1 28
7930 17315 7334634 1 42
7930 17315 7334644 1 59
7930 17315 7334654 1 78
7930 17315 7334664 1 99
7931 17314 7334674 1 122
7931 17314 7334684 1 147
7932 17315 7334694 1 173
7932 17315 7334704 1 202
7933 17316 7334714 1 231
7933 17316 7334724 1 262
7933 17317 7334734 1 294
7934 17318 7334744 1 327
7935 17319 7334754 1 360
7935 17320 7334764 1 394
7936 17321 7334774 1 429
7937 17323 7334784 1 464
7937 17323 7334794 1 499
7937 17324 7334804 1 541
7938 17324 7334814 1 614
7938 17325 7334824 1 686
7939 17326 7334834 1 721
7939 17326 7334844 1 753
7939 17326 7334854 1 817
7939 17326 7334864 1 849
7939 17326 7334874 1 875
7939 17326 7334884 1 927
7939 17326 7334894 1 951
7939 17326 7334904 1 969
7939 17326 7334914 1 1003
7939 17326 7334924 1 1022
7939 17326 7334934 1 1024
7938 17326 7334944 1 1022
7938 17326 7334954 1 1021
7938 17326 7334964 1 1022
7938 17326 7334974 1 1022
7938 17327 7334984 1 1022
7938 17327 7334994 1 1022
7937 17327 7335004 1 1022
7937 17328 7335014 1 1022
7937 17329 7335024 1 1022
7937 17330 7335034 1 1022
7937 17332 7335044 1 1022
7936 17334 7335054 1 1022
7936 17336 7335064 1 1022
7936 17337 7335074 1 1022
7936 17338 7335084 1 1022
7936 17340 7335094 1 1022
7936 17342 7335104 1 1022
7936 17343 7335114 1 1022
7936 17344 7335124 1 1022
7935 17344 7335134 1 1022
7935 17344 7335144 1 1022
7935 17344 7335154 1 1022
7935 17344 7335164 1 1022
7935 17343 7335174 1 1022
7934 17341 7335184 1 1022
7935 17339 7335194 1 1022
7935 17337 7335204 1 1022
7935 17336 7335214 1 1024
7935 17334 7335224 1 1020
7936 17332 7335234 1 1001
7937 17330 7335244 1 990
7938 17329 7335254 1 983
7938 17328 7335264 1 968
7939 17327 7335274 1 955
7939 17327 7335284 1 948
7939 17326 7335294 1 944
7940 17326 7335304 1 938
7940 17326 7335314 1 934
7941 17326 7335324 1 927
7942 17325 7335334 1 922
7942 17325 7335344 1 918
7943 17325 7335354 1 916
7943 17325 7335364 1 916
7944 17325 7335374 1 915
7944 17324 7335384 1 914
7945 17324 7335394 1 915
7945 17324 7335404 1 916
7946 17323 7335414 1 917
7946 17323 7335424 1 917
7946 17323 7335434 1 919
7946 17323 7335444 1 923
7946 17322 7335454 1 927
7946 17322 7335464 1 932
7946 17321 7335474 1 935
7946 17321 7335484 1 938
7945 17321 7335494 1 940
7945 17320 7335504 1 944
7944 17320 7335514 1 951
7944 17320 7335524 1 957
7943 17319 7335534 1 961
7942 17319 7335544 1 964
7941 17319 7335554 1 971
7941 17319 7335564 1 974
7940 17318 7335574 1 977
7940 17318 7335584 1 984
7939 17318 7335594 1 987
7938 17318 7335604 1 990
7937 17318 7335614 1 996
7936 17318 7335624 1 1001
7936 17318 7335634 1 1004
7936 17318 7335644 1 1006
7935 17318 7335654 1 1008
7935 17318 7335664 1 1010
7935 17319 7335674 1 1013
7935 17319 7335684 1 1015
7935 17319 7335694 1 1018
7935 17319 7335704 1 1019
7935 17319 7335714 1 1018
7935 17320 7335724 1 1019
7934 17320 7335734 1 1021
7929 17320 7335744 1 1021
7920 17320 7335754 1 1021
7905 17320 7335764 1 1021
7896 17319 7335774 1 1020
7886 17319 7335784 1 1020
7866 17316 7335794 1 1020
7846 17314 7335804 1 1020
7828 17310 7335814 1 1020
7814 17304 7335824 1 1020
7805 17296 7335834 1 1020
7801 17292 7335844 1 1020
7800 17287 7335854 1 1020
7801 17275 7335864 1 1020
7807 17264 7335874 1 1020
7818 17254 7335884 1 1020
7832 17247 7335894 1 1020
7850 17245 7335904 1 1020
7858 17244 7335914 1 1020
7868 17246 7335924 1 1020
7886 17250 7335934 1 1020
7904 17257 7335944 1 1020
7922 17265 7335954 1 1020
7938 17274 7335964 1 1020
7952 17285 7335974 1 1020
7959 17291 7335984 1 1020
7963 17297 7335994 1 1020
7969 17309 7336004 1 1020
7972 17320 7336014 1 1020
7971 17330 7336024 1 1020
7967 17339 7336034 1 1020
7957 17347 7336044 1 1020
7951 17350 7336054 1 1020
7942 17353 7336064 1 1020
7923 17356 7336074 1 1020
7903 17357 7336084 1 1020
7882 17354 7336094 1 1020
7863 17349 7336104 1 1020
7845 17342 7336114 1 1020
7837 17338 7336124 1 1020
7830 17332 7336134 1 1020
7819 17321 7336144 1 1020
7812 17308 7336154 1 1020
7810 17296 7336164 1 1020
7813 17285 7336174 1 1020
7821 17275 7336184 1 1020
7825 17270 7336194 1 1020
7832 17266 7336204 1 1020
7848 17258 7336214 1 1020
7866 17253 7336224 1 1020
7887 17251 7336234 1 1020
7908 17253 7336244 1 1020
7928 17259 7336254 1 1020
7938 17262 7336264 1 1020
7946 17266 7336274 1 1020
7962 17276 7336284 1 1019
7975 17287 7336294 1 1019
7985 17298 7336304 1 1019
7991 17309 7336314 1 1019
8007 17357 7336324 1 1019
8057 17345 7336334 1 1019
8077 17301 7336344 1 1019
8028 17284 7336354 1 1019
8021 17291 7336364 1 1019
8023 17293 7336374 1 1019
8024 17295 7336384 1 1019
8026 17296 7336394 1 1019
8026 17297 7336404 1 1019
8026 17297 7336414 1 1019
8027 17298 7336424 1 1019
8027 17298 7336434 1 1019
8027 17299 7336444 1 1019
8028 17299 7336454 1 1019
8028 17300 7336464 1 1019
8028 17300 7336474 1 1019
8028 17300 7336484 1 1019
8028 17301 7336494 1 1019
8028 17302 7336504 1 1019
8029 17302 7336514 1 1019
8029 17303 7336524 1 1019
8029 17304 7336534 1 1019
8030 17305 7336544 1 1019
8030 17306 7336554 1 1019
8030 17307 7336564 1 1019
8031 17308 7336574 1 1019
8031 17309 7336584 1 1019
8031 17310 7336594 1 1019
8031 17311 7336604 1 1019
8031 17312 7336614 1 1019
8031 17313 7336624 1 1019
8031 17314 7336634 1 1019
8031 17314 7336644 1 1019
8031 17315 7336654 1 1019
8032 17315 7336664 1 1019
8032 17316 7336674 1 1019
8032 17316 7336684 1 1019
8033 17317 7336694 1 1019
8033 17317 7336704 1 1019
8033 17317 7336714 1 1019
8034 17317 7336724 1 1019
8034 17317 7336734 1 1019
8034 17318 7336744 1 1019
8034 17318 7336754 1 1018
8034 17318 7336764 1 1018
8034 17318 7336774 1 1018
8034 17318 7336784 1 1018
8035 17318 7336794 1 1018
8035 17318 7336804 1 1018
8035 17318 7336814 1 1018
8035 17318 7336824 1 1018
8035 17319 7336834 1 1018
8035 17319 7336844 1 1018
8035 17319 7336854 1 1018
8035 17319 7336864 1 1018
8036 17319 7336874 1 1018
8036 17319 7336884 1 1018
8037 17319 7336894 1 1018
8038 17319 7336904 1 1018
8039 17319 7336914 1 1018
8040 17319 7336924 1 1018
8041 17319 7336934 1 1018
8042 17319 7336944 1 1018
8043 17319 7336954 1 1018
8043 17319 7336964 1 1018
8044 17319 7336974 1 1018
8045 17320 7336984 1 1018
8045 17319 7336994 1 1018
8046 17319 7337004 1 1018
8046 17319 7337014 1 1018
8047 17319 7337024 1 1018
8048 17319 7337034 1 1018
8048 17319 7337044 1 1018
8049 17319 7337054 1 1018
8049 17319 7337064 1 1018
8049 17319 7337074 1 1018
8049 17319 7337084 1 1018
8049 17319 7337094 1 1018
8048 17320 7337104 1 1018
8047 17320 7337114 1 1018
8046 17320 7337124 1 1018
8045 17321 7337134 1 1018
8044 17321 7337144 1 1018
8043 17321 7337154 1 1018
8043 17322 7337164 1 1018
8042 17322 7337174 1 1018
8041 17322 7337184 1 1018
8041 17322 7337194 1 1017
8040 17322 7337204 1 1017
8040 17322 7337214 1 1017
8040 17322 7337224 1 1017
8040 17321 7337234 1 926
8040 17321 7337244 1 820
8040 17320 7337254 1 707
8040 17320 7337264 1 590
8040 17319 7337274 1 471
8040 17319 7337284 1 352
8039 17319 7337294 1 235
8039 17319 7337304 1 122
8039 17319 7337314 1 17
8039 17319 7337324 1 14
8039 17320 7337334 1 14
8039 17320 7337344 1 14
8040 17320 7337354 1 14
8040 17321 7337364 1 14
8040 17321 7337374 1 14
8040 17322 7337384 1 16
8041 17322 7337394 1 22
8041 17322 7337404 1 37
8041 17322 7337414 1 60
8041 17322 7337424 1 97
8042 17322 7337434 1 150
8042 17322 7337444 1 221
8042 17322 7337454 1 312
8042 17322 7337464 1 427
8043 17322 7337474 1 568
8043 17322 7337484 1 739
