7534 17321 8701240 1 674
7534 17321 8701250 1 676
7535 17321 8701260 1 677
7535 17320 8701270 1 679
7536 17320 8701280 1 680
7538 17321 8701290 1 681
7542 17321 8701300 1 685
7545 17321 8701310 1 686
7549 17322 8701320 1 687
7552 17322 8701330 1 688
7556 17323 8701340 1 690
7559 17323 8701350 1 691
7564 17325 8701360 1 694
7566 17327 8701370 1 696
7567 17329 8701380 1 696
7568 17332 8701390 1 698
7569 17334 8701400 1 699
7569 17337 8701410 1 701
7569 17339 8701420 1 702
7569 17341 8701430 1 702
7569 17342 8701440 1 704
7569 17343 8701450 1 704
7569 17344 8701460 1 705
7569 17344 8701470 1 706
7569 17343 8701480 1 708
7569 17343 8701490 1 708
7568 17343 8701500 1 709
7568 17343 8701510 1 710
7567 17344 8701520 1 710
7566 17346 8701530 1 712
7564 17348 8701540 1 712
7561 17351 8701550 1 713
7558 17355 8701560 1 713
7554 17358 8701570 1 714
7549 17362 8701580 1 714
7544 17366 8701590 1 716
7534 17372 8701600 1 716
7530 17375 8701610 1 717
7527 17377 8701620 1 717
7526 17379 8701630 1 718
7526 17380 8701640 1 718
7529 17381 8701650 1 719
7533 17382 8701660 1 719
7538 17383 8701670 1 720
7545 17384 8701680 1 721
7553 17385 8701690 1 720
7561 17387 8701700 1 721
7570 17389 8701710 1 721
7587 17395 8701720 1 722
7594 17399 8701730 1 723
7601 17402 8701740 1 723
7607 17407 8701750 1 723
7613 17411 8701760 1 724
7618 17415 8701770 1 724
7623 17418 8701780 1 725
7629 17422 8701790 1 725
7635 17424 8701800 1 725
7642 17426 8701810 1 725
7649 17427 8701820 1 727
7656 17427 8701830 1 727
7671 17425 8701840 1 728
7678 17423 8701850 1 728
7684 17421 8701860 1 728
7690 17418 8701870 1 729
7695 17415 8701880 1 730
7698 17413 8701890 1 731
7701 17410 8701900 1 731
7703 17407 8701910 1 731
7704 17405 8701920 1 732
7704 17402 8701930 1 733
7703 17400 8701940 1 733
7701 17398 8701950 1 734
7697 17393 8701960 1 735
7694 17390 8701970 1 735
7691 17387 8701980 1 736
7688 17383 8701990 1 738
7685 17379 8702000 1 739
7681 17375 8702010 1 739
7678 17369 8702020 1 740
7674 17364 8702030 1 741
7671 17359 8702040 1 742
7668 17354 8702050 1 744
7665 17349 8702060 1 744
7662 17345 8702070 1 745
7657 17339 8702080 1 747
7655 17338 8702090 1 749
7654 17337 8702100 1 750
7652 17338 8702110 1 752
7651 17339 8702120 1 753
7650 17341 8702130 1 754
7650 17343 8702140 1 755
7650 17346 8702150 1 757
7650 17349 8702160 1 758
7650 17351 8702170 1 760
7650 17354 8702180 1 761
7651 17356 8702190 1 763
7651 17359 8702200 1 766
7651 17359 8702210 1 768
7651 17360 8702220 1 771
7651 17360 8702230 1 773
7651 17360 8702240 1 775
7651 17360 8702250 1 776
7651 17360 8702260 1 778
7651 17360 8702270 1 779
7650 17361 8702280 1 783
7649 17362 8702290 1 784
7648 17363 8702300 1 786
7647 17364 8702310 1 788
7646 17369 8702320 1 791
7646 17372 8702330 1 794
7647 17374 8702340 1 795
7648 17377 8702350 1 796
7650 17380 8702360 1 797
7652 17382 8702370 1 798
7654 17384 8702380 1 799
7656 17386 8702390 1 801
7658 17387 8702400 1 801
7659 17387 8702410 1 802
7660 17388 8702420 1 803
7659 17387 8702430 1 803
7656 17386 8702440 1 803
7654 17385 8702450 1 803
7651 17384 8702460 1 803
7647 17384 8702470 1 802
7644 17384 8702480 1 801
7641 17384 8702490 1 801
7638 17385 8702500 1 800
7635 17386 8702510 1 797
7633 17387 8702520 1 796
7632 17389 8702530 1 795
7631 17390 8702540 1 793
7630 17391 8702550 1 790
7630 17390 8702560 1 784
7629 17389 8702570 1 781
7629 17387 8702580 1 780
7628 17385 8702590 1 777
7628 17383 8702600 1 774
7627 17381 8702610 1 771
7627 17379 8702620 1 769
7626 17378 8702630 1 766
7627 17378 8702640 1 763
7628 17378 8702650 1 761
7629 17379 8702660 1 758
7632 17381 8702670 1 756
7639 17385 8702680 1 748
7643 17387 8702690 1 746
7648 17388 8702700 1 744
7652 17388 8702710 1 743
7657 17388 8702720 1 741
7660 17387 8702730 1 739
7664 17386 8702740 1 736
7667 17384 8702750 1 735
7669 17382 8702760 1 734
7671 17380 8702770 1 733
7672 17378 8702780 1 733
7673 17376 8702790 1 733
7674 17373 8702800 1 734
7674 17372 8702810 1 735
7674 17371 8702820 1 737
7673 17371 8702830 1 739
7672 17370 8702840 1 741
7671 17370 8702850 1 743
7670 17370 8702860 1 746
7670 17370 8702870 1 749
7670 17371 8702880 1 753
7670 17373 8702890 1 758
7671 17375 8702900 1 763
7672 17377 8702910 1 768
7677 17384 8702920 1 787
7679 17388 8702930 1 794
7682 17392 8702940 1 802
7685 17396 8702950 1 811
7687 17400 8702960 1 820
7689 17404 8702970 1 840
7690 17408 8702980 1 851
7690 17411 8702990 1 863
7690 17413 8703000 1 875
7689 17415 8703010 1 888
7687 17416 8703020 1 901
7685 17417 8703030 1 929
7680 17417 8703040 1 956
7678 17417 8703050 1 970
7677 17416 8703060 1 983
7676 17415 8703070 1 996
7675 17414 8703080 1 1011
7676 17412 8703090 1 1020
7677 17411 8703100 1 1020
7679 17410 8703110 1 1019
7681 17409 8703120 1 1019
7684 17408 8703130 1 1019
7687 17408 8703140 1 1018
7689 17407 8703150 1 1018
7694 17406 8703160 1 1017
7695 17405 8703170 1 1016
7696 17405 8703180 1 1016
7697 17404 8703190 1 1015
7697 17403 8703200 1 1015
7696 17402 8703210 1 1015
7695 17401 8703220 1 1014
7694 17400 8703230 1 1014
7692 17398 8703240 1 1013
7690 17397 8703250 1 1013
7688 17395 8703260 1 999
7686 17393 8703270 1 976
7681 17390 8703280 1 924
7678 17388 8703290 1 893
7676 17386 8703300 1 860
7673 17383 8703310 1 824
7671 17381 8703320 1 786
7669 17379 8703330 1 746
7667 17377 8703340 1 705
7666 17375 8703350 1 662
7666 17373 8703360 1 619
7666 17371 8703370 1 575
7666 17370 8703380 1 486
7668 17369 8703390 1 442
7672 17369 8703400 1 357
7674 17370 8703410 1 316
7677 17371 8703420 1 277
7680 17372 8703430 1 203
7683 17373 8703440 1 172
7686 17374 8703450 1 142
7689 17375 8703460 1 116
7690 17375 8703470 1 93
7692 17374 8703480 1 74
7693 17373 8703490 1 59
7693 17371 8703500 1 60
7694 17368 8703510 1 61
7693 17361 8703520 1 64
7692 17358 8703530 1 65
7691 17355 8703540 1 66
7690 17352 8703550 1 67
7688 17350 8703560 1 69
7686 17349 8703570 1 70
7684 17349 8703580 1 71
7683 17350 8703590 1 75
7682 17351 8703600 1 96
7681 17353 8703610 1 164
7681 17355 8703620 1 209
7681 17357 8703630 1 261
7683 17361 8703640 1 377
7684 17362 8703650 1 439
7685 17363 8703660 1 566
7687 17364 8703670 1 631
7688 17364 8703680 1 692
7689 17365 8703690 1 751
7689 17365 8703700 1 805
7690 17366 8703710 1 855
7690 17366 8703720 1 935
7691 17367 8703730 1 964
7691 17368 8703740 1 982
7692 17369 8703750 1 989
7694 17371 8703760 1 988
7696 17372 8703770 1 987
7698 17374 8703780 1 987
7701 17375 8703790 1 986
7704 17377 8703800 1 986
7707 17378 8703810 1 985
7710 17380 8703820 1 985
7713 17381 8703830 1 984
7715 17383 8703840 1 984
7717 17384 8703850 1 984
7718 17386 8703860 1 983
7718 17387 8703870 1 983
7715 17389 8703880 1 982
7712 17390 8703890 1 981
7708 17390 8703900 1 981
7704 17390 8703910 1 980
7699 17389 8703920 1 980
7695 17388 8703930 1 980
7691 17386 8703940 1 979
7688 17383 8703950 1 979
7686 17380 8703960 1 978
7685 17377 8703970 1 978
7685 17373 8703980 1 977
7686 17370 8703990 1 977
7691 17365 8704000 1 976
7694 17363 8704010 1 976
7698 17363 8704020 1 975
7701 17363 8704030 1 975
7704 17364 8704040 1 974
7707 17365 8704050 1 974
7709 17367 8704060 1 973
7709 17369 8704070 1 973
7709 17371 8704080 1 972
7707 17373 8704090 1 972
7705 17375 8704100 1 971
7702 17376 8704110 1 971
7695 17377 8704120 1 970
7693 17377 8704130 1 970
7690 17377 8704140 1 969
7689 17377 8704150 1 969
7689 17378 8704160 1 968
7690 17378 8704170 1 968
7691 17379 8704180 1 967
7694 17380 8704190 1 967
7697 17381 8704200 1 967
7701 17383 8704210 1 966
7705 17384 8704220 1 966
7710 17386 8704230 1 960
7719 17391 8704240 1 157
7724 17393 8704250 1 158
7728 17395 8704260 1 159
7731 17397 8704270 1 160
7734 17399 8704280 1 162
7736 17399 8704290 1 163
7738 17399 8704300 1 164
7738 17398 8704310 1 165
7738 17396 8704320 1 166
7737 17392 8704330 1 168
7736 17388 8704340 1 169
7734 17383 8704350 1 170
7730 17371 8704360 1 242
7729 17366 8704370 1 282
7727 17361 8704380 1 326
7727 17356 8704390 1 375
7727 17353 8704400 1 427
7728 17351 8704410 1 535
7729 17350 8704420 1 591
7731 17350 8704430 1 646
7734 17351 8704440 1 699
7737 17353 8704450 1 750
7740 17356 8704460 1 797
7742 17360 8704470 1 840
7746 17367 8704480 1 909
7746 17371 8704490 1 932
7746 17375 8704500 1 949
7745 17378 8704510 1 951
7743 17381 8704520 1 951
7740 17383 8704530 1 950
7737 17385 8704540 1 950
7733 17386 8704550 1 950
7728 17388 8704560 1 949
7724 17388 8704570 1 948
7720 17389 8704580 1 942
7716 17389 8704590 1 931
7710 17388 8704600 1 919
7709 17387 8704610 1 912
7709 17387 8704620 1 906
7710 17387 8704630 1 900
7711 17388 8704640 1 890
7713 17389 8704650 1 885
7715 17392 8704660 1 880
7717 17394 8704670 1 876
7719 17397 8704680 1 873
7719 17401 8704690 1 871
7718 17404 8704700 1 869
7717 17408 8704710 1 869
7711 17414 8704720 1 873
7707 17416 8704730 1 876
7704 17418 8704740 1 880
7702 17419 8704750 1 893
7701 17419 8704760 1 901
7701 17419 8704770 1 912
7703 17418 8704780 1 923
7706 17416 8704790 1 936
7711 17414 8704800 1 937
7716 17412 8704810 1 937
7722 17410 8704820 1 937
