8149 17558 8755195 1 582
8149 17557 8755205 1 458
8150 17557 8755215 1 360
8151 17557 8755225 1 283
8152 17557 8755235 1 227
8153 17556 8755245 1 186
8155 17555 8755255 1 143
8156 17555 8755265 1 136
8157 17554 8755275 1 133
8158 17553 8755285 1 132
8159 17553 8755295 1 131
8160 17553 8755305 1 130
8162 17552 8755315 1 129
8163 17552 8755325 1 129
8164 17552 8755335 1 128
8166 17552 8755345 1 128
8167 17552 8755355 1 127
8168 17553 8755365 1 127
8171 17553 8755375 1 125
8172 17553 8755385 1 125
8174 17553 8755395 1 124
8176 17554 8755405 1 132
8178 17554 8755415 1 151
8181 17554 8755425 1 178
8185 17555 8755435 1 254
8187 17556 8755445 1 301
8188 17556 8755455 1 409
8190 17557 8755465 1 468
8191 17558 8755475 1 528
8192 17559 8755485 1 590
8193 17560 8755495 1 709
8193 17561 8755505 1 765
8193 17561 8755515 1 819
8193 17562 8755525 1 866
8193 17563 8755535 1 909
8192 17564 8755545 1 973
8190 17565 8755555 1 999
8188 17566 8755565 1 1000
8186 17568 8755575 1 1000
8183 17569 8755585 1 1000
8180 17571 8755595 1 1000
8176 17573 8755605 1 1000
8170 17577 8755615 1 1000
8167 17580 8755625 1 985
8164 17582 8755635 1 954
8161 17585 8755645 1 922
8159 17587 8755655 1 890
8156 17589 8755665 1 860
8152 17592 8755675 1 804
8150 17593 8755685 1 777
8148 17593 8755695 1 753
8146 17593 8755705 1 731
8144 17592 8755715 1 696
8142 17590 8755725 1 682
8141 17584 8755735 1 659
8140 17581 8755745 1 651
8140 17576 8755755 1 645
8140 17570 8755765 1 640
8139 17563 8755775 1 638
8139 17555 8755785 1 637
8140 17538 8755795 1 641
8140 17529 8755805 1 645
8141 17521 8755815 1 650
8142 17512 8755825 1 656
8144 17504 8755835 1 662
8145 17497 8755845 1 670
8147 17481 8755855 1 685
8149 17473 8755865 1 694
8151 17467 8755875 1 702
8153 17461 8755885 1 718
8155 17456 8755895 1 727
8156 17453 8755905 1 734
8159 17450 8755915 1 749
8161 17450 8755925 1 755
8163 17451 8755935 1 761
8166 17454 8755945 1 765
8169 17456 8755955 1 770
8172 17460 8755965 1 773
8178 17468 8755975 1 779
8181 17473 8755985 1 781
8184 17478 8755995 1 781
8186 17483 8756005 1 782
8188 17488 8756015 1 782
8191 17493 8756025 1 782
8194 17503 8756035 1 780
8196 17507 8756045 1 780
8198 17511 8756055 1 778
8200 17514 8756065 1 777
8202 17516 8756075 1 776
8204 17518 8756085 1 775
8208 17519 8756095 1 774
8211 17518 8756105 1 774
8212 17517 8756115 1 774
8214 17516 8756125 1 774
8215 17514 8756135 1 774
8216 17512 8756145 1 776
8216 17508 8756155 1 778
8216 17506 8756165 1 779
8215 17504 8756175 1 780
8215 17502 8756185 1 781
8214 17501 8756195 1 782
8214 17500 8756205 1 784
8213 17500 8756215 1 787
8212 17500 8756225 1 789
8212 17500 8756235 1 791
8212 17500 8756245 1 792
8212 17501 8756255 1 793
8212 17501 8756265 1 794
8212 17502 8756275 1 797
8212 17503 8756285 1 798
8212 17504 8756295 1 799
8212 17504 8756305 1 800
8213 17505 8756315 1 802
8213 17505 8756325 1 803
8213 17506 8756335 1 805
8212 17507 8756345 1 806
8212 17507 8756355 1 807
8211 17507 8756365 1 808
8210 17508 8756375 1 808
8209 17508 8756385 1 809
8208 17509 8756395 1 812
8207 17510 8756405 1 813
8207 17511 8756415 1 813
8206 17511 8756425 1 814
8206 17512 8756435 1 815
8206 17512 8756445 1 816
8205 17514 8756455 1 817
8205 17515 8756465 1 818
8205 17515 8756475 1 819
8206 17516 8756485 1 820
8206 17516 8756495 1 821
8206 17517 8756505 1 822
8207 17518 8756515 1 823
8208 17518 8756525 1 824
8208 17519 8756535 1 825
8208 17519 8756545 1 826
8209 17520 8756555 1 827
8209 17520 8756565 1 827
8208 17522 8756575 1 830
8208 17522 8756585 1 831
8208 17523 8756595 1 832
8207 17523 8756605 1 832
8207 17524 8756615 1 833
8206 17524 8756625 1 834
8205 17524 8756635 1 836
8204 17525 8756645 1 837
8203 17525 8756655 1 839
8203 17525 8756665 1 840
8202 17525 8756675 1 841
8201 17525 8756685 1 842
8200 17526 8756695 1 844
8199 17527 8756705 1 845
8199 17527 8756715 1 846
8199 17528 8756725 1 847
8199 17528 8756735 1 848
8199 17529 8756745 1 850
8199 17529 8756755 1 852
8199 17529 8756765 1 853
8199 17529 8756775 1 853
8200 17529 8756785 1 854
8200 17529 8756795 1 855
8200 17529 8756805 1 855
8200 17529 8756815 1 857
8201 17528 8756825 1 859
8201 17528 8756835 1 860
8202 17528 8756845 1 861
8202 17527 8756855 1 862
8202 17527 8756865 1 863
8203 17526 8756875 1 865
8202 17526 8756885 1 866
8202 17525 8756895 1 867
8201 17525 8756905 1 868
8200 17525 8756915 1 870
8199 17525 8756925 1 871
8198 17525 8756935 1 873
8197 17525 8756945 1 874
8196 17525 8756955 1 875
8195 17525 8756965 1 876
8195 17525 8756975 1 877
8194 17525 8756985 1 878
8193 17525 8756995 1 881
8193 17525 8757005 1 882
8193 17525 8757015 1 883
8192 17525 8757025 1 884
8191 17525 8757035 1 885
8191 17526 8757045 1 886
8189 17526 8757055 1 888
8188 17526 8757065 1 889
8188 17526 8757075 1 890
8187 17526 8757085 1 892
8187 17526 8757095 1 893
8186 17526 8757105 1 894
8186 17525 8757115 1 896
8186 17524 8757125 1 897
8186 17524 8757135 1 898
8186 17524 8757145 1 899
8186 17523 8757155 1 900
8186 17523 8757165 1 901
8187 17523 8757175 1 904
8188 17522 8757185 1 905
8189 17523 8757195 1 906
8190 17523 8757205 1 907
8191 17523 8757215 1 908
8192 17523 8757225 1 909
8194 17523 8757235 1 911
8195 17522 8757245 1 912
8196 17522 8757255 1 914
8196 17522 8757265 1 915
8197 17522 8757275 1 916
8198 17522 8757285 1 917
8199 17521 8757295 1 919
8200 17521 8757305 1 921
8201 17521 8757315 1 921
8202 17520 8757325 1 921
8202 17520 8757335 1 922
8203 17520 8757345 1 923
8203 17520 8757355 1 926
8203 17519 8757365 1 927
8202 17519 8757375 1 928
8202 17518 8757385 1 929
8202 17517 8757395 1 930
8202 17516 8757405 1 931
8202 17512 8757415 1 933
8202 17510 8757425 1 934
8203 17507 8757435 1 936
8203 17504 8757445 1 937
8204 17502 8757455 1 938
8204 17499 8757465 1 939
8206 17494 8757475 1 940
8206 17492 8757485 1 941
8207 17490 8757495 1 942
8208 17488 8757505 1 943
8209 17486 8757515 1 944
8210 17485 8757525 1 946
8212 17482 8757535 1 948
8212 17481 8757545 1 949
8212 17480 8757555 1 950
8212 17480 8757565 1 951
8211 17479 8757575 1 952
8211 17479 8757585 1 952
8209 17478 8757595 1 954
8207 17478 8757605 1 956
8206 17477 8757615 1 957
8205 17477 8757625 1 958
8204 17477 8757635 1 959
8203 17477 8757645 1 960
8201 17476 8757655 1 962
8200 17476 8757665 1 963
8199 17476 8757675 1 963
8199 17476 8757685 1 964
8199 17476 8757695 1 966
8198 17475 8757705 1 967
8198 17475 8757715 1 969
8198 17475 8757725 1 970
8198 17475 8757735 1 971
8198 17475 8757745 1 972
8199 17475 8757755 1 972
8200 17475 8757765 1 973
8202 17475 8757775 1 976
8203 17475 8757785 1 977
8204 17475 8757795 1 978
8205 17475 8757805 1 979
8206 17476 8757815 1 980
8206 17476 8757825 1 980
8205 17476 8757835 1 982
8205 17477 8757845 1 983
8204 17477 8757855 1 984
8203 17477 8757865 1 986
8202 17478 8757875 1 987
8202 17478 8757885 1 988
8201 17478 8757895 1 989
8200 17478 8757905 1 990
8200 17478 8757915 1 991
8199 17478 8757925 1 992
8199 17478 8757935 1 993
8200 17477 8757945 1 994
8200 17477 8757955 1 996
8201 17477 8757965 1 997
8202 17477 8757975 1 998
8203 17476 8757985 1 999
8204 17476 8757995 1 1000
8205 17475 8758005 1 1001
8207 17474 8758015 1 1002
8208 17474 8758025 1 1003
8209 17473 8758035 1 1005
8209 17472 8758045 1 1006
8209 17472 8758055 1 1006
8209 17471 8758065 1 1007
8208 17470 8758075 1 1009
8208 17470 8758085 1 1010
8207 17469 8758095 1 1011
8206 17469 8758105 1 1012
8205 17469 8758115 1 1012
8204 17468 8758125 1 1012
8201 17468 8758135 1 1012
8200 17467 8758145 1 1012
8199 17467 8758155 1 1012
8198 17467 8758165 1 1012
8197 17467 8758175 1 1012
8196 17467 8758185 1 1012
8194 17467 8758195 1 1011
8194 17468 8758205 1 1011
8193 17468 8758215 1 1011
8193 17469 8758225 1 1011
8192 17469 8758235 1 1011
8192 17470 8758245 1 1011
8192 17470 8758255 1 1011
8192 17470 8758265 1 1011
8192 17470 8758275 1 1010
8193 17471 8758285 1 1010
8193 17471 8758295 1 1010
8194 17471 8758305 1 1010
8195 17471 8758315 1 1010
8196 17471 8758325 1 1010
8197 17471 8758335 1 1010
8198 17472 8758345 1 1010
8199 17472 8758355 1 1009
8199 17472 8758365 1 1009
8200 17472 8758375 1 1009
8200 17472 8758385 1 1009
8200 17471 8758395 1 1009
8200 17471 8758405 1 1009
8200 17470 8758415 1 1009
8200 17470 8758425 1 1009
8201 17469 8758435 1 1008
8201 17468 8758445 1 1008
8201 17467 8758455 1 1008
8201 17467 8758465 1 1008
8201 17466 8758475 1 1008
8201 17466 8758485 1 1008
8202 17466 8758495 1 1008
8202 17466 8758505 1 1007
8202 17467 8758515 1 1007
8202 17467 8758525 1 1007
8202 17467 8758535 1 1007
8202 17467 8758545 1 1007
8202 17468 8758555 1 1007
8202 17468 8758565 1 1007
8202 17469 8758575 1 1007
8201 17469 8758585 1 1006
8201 17470 8758595 1 1006
8201 17470 8758605 1 1006
8201 17471 8758615 1 1006
8202 17471 8758625 1 1006
8202 17471 8758635 1 1006
8203 17471 8758645 1 1006
8204 17471 8758655 1 1006
8204 17471 8758665 1 1005
8206 17470 8758675 1 1005
8206 17470 8758685 1 1005
8207 17470 8758695 1 1005
8208 17470 8758705 1 1004
8208 17470 8758715 1 1004
8210 17469 8758725 1 1004
8215 17470 8758735 1 1004
8220 17470 8758745 1 1003
8228 17472 8758755 1 1003
8237 17474 8758765 1 1003
8249 17478 8758775 1 1003
8264 17485 8758785 1 1003
8298 17505 8758795 1 1003
8315 17520 8758805 1 1003
8331 17538 8758815 1 1003
8344 17558 8758825 1 1002
8353 17579 8758835 1 1002
8357 17600 8758845 1 1002
8348 17638 8758855 1 1002
8334 17652 8758865 1 1002
8317 17660 8758875 1 1002
8297 17663 8758885 1 1002
8277 17660 8758895 1 1002
8259 17653 8758905 1 1001
8231 17632 8758915 1 1001
8223 17622 8758925 1 1001
8218 17613 8758935 1 1001
8214 17607 8758945 1 1001
8213 17602 8758955 1 1001
8212 17599 8758965 1 1001
8212 17594 8758975 1 1000
8212 17593 8758985 1 1000
8212 17592 8758995 1 1000
8213 17592 8759005 1 1000
8214 17591 8759015 1 1000
8216 17591 8759025 1 1000
8223 17592 8759035 1 1000
8226 17593 8759045 1 1000
8229 17594 8759055 1 1000
8230 17596 8759065 1 999
8230 17596 8759075 1 999
8228 17596 8759085 1 999
8215 17594 8759095 1 999
8204 17591 8759105 1 999
8190 17586 8759115 1 999
8174 17578 8759125 1 999
8157 17568 8759135 1 999
8140 17556 8759145 1 998
8107 17528 8759155 1 998
8094 17512 8759165 1 998
8084 17496 8759175 1 998
8078 17482 8759185 1 998
8075 17470 8759195 1 998
8076 17461 8759205 1 998
8087 17450 8759215 1 998
8097 17449 8759225 1 997
8109 17450 8759235 1 997
8125 17455 8759245 1 997
8143 17463 8759255 1 997
8162 17474 8759265 1 997
8201 17505 8759275 1 997
8219 17523 8759285 1 991
8235 17543 8759295 1 957
8248 17562 8759305 1 917
8259 17580 8759315 1 873
8269 17596 8759325 1 771
8279 17624 8759335 1 649
8279 17633 8759345 1 582
8284 17640 8759355 1 520
8287 17638 8759365 1 466
8287 17642 8759375 1 426
8288 17645 8759385 1 404
8291 17648 8759395 1 435
8292 17649 8759405 1 599
8293 17649 8759415 1 745
8293 17649 8759425 1 937
