7804 17614 7920291 1 1005
7800 17612 7920301 1 750
7793 17612 7920311 1 542
7787 17615 7920321 1 376
7781 17621 7920331 1 248
7776 17628 7920341 1 153
7771 17636 7920351 1 86
7767 17642 7920361 1 42
7760 17647 7920371 1 16
7757 17645 7920381 1 3
7755 17644 7920391 0 0
7754 17645 7920401 0 0
7755 17647 7920411 0 0
7757 17651 7920421 0 0
7762 17656 7920431 0 0
7770 17660 7920441 0 0
7788 17664 7920451 0 0
7800 17664 7920461 0 0
7813 17661 7920471 1 23
7828 17657 7920481 1 122
7842 17650 7920491 1 223
7856 17642 7920501 1 320
7868 17632 7920511 1 413
7877 17621 7920521 1 501
7890 17602 7920531 1 580
7893 17593 7920541 1 649
7893 17586 7920551 1 706
7891 17581 7920561 1 748
7888 17578 7920571 1 774
7885 17577 7920581 1 787
7882 17578 7920591 1 791
7878 17580 7920601 1 789
7870 17586 7920611 1 772
7866 17591 7920621 1 759
7862 17597 7920631 1 746
7858 17603 7920641 1 736
7856 17609 7920651 1 731
7855 17614 7920661 1 730
7855 17618 7920671 1 732
7857 17621 7920681 1 745
7862 17622 7920691 1 842
7862 17620 7920701 1 862
7860 17617 7920711 1 881
7856 17612 7920721 1 918
7850 17608 7920731 1 950
7842 17603 7920741 1 974
7835 17599 7920751 1 984
7829 17596 7920761 1 980
7825 17592 7920771 1 955
7828 17590 7920781 1 910
7833 17590 7920791 1 840
7839 17589 7920801 1 742
7846 17588 7920811 1 616
7853 17588 7920821 1 470
7858 17589 7920831 1 386
7862 17589 7920841 1 316
7867 17591 7920851 0 0
7868 17593 7920861 0 0
7870 17594 7920871 0 0
7872 17597 7920881 0 0
7875 17599 7920891 0 0
7877 17600 7920901 0 0
7879 17601 7920911 0 0
7880 17601 7920921 0 0
7878 17600 7920931 0 0
7875 17599 7920941 0 0
7871 17599 7920951 0 0
7866 17599 7920961 0 0
7860 17600 7920971 0 0
7856 17601 7920981 0 0
7853 17603 7920991 0 0
7852 17605 7921001 0 0
7855 17608 7921011 0 0
7860 17609 7921021 0 0
7867 17610 7921031 0 0
7875 17611 7921041 0 0
7883 17612 7921051 0 0
7890 17612 7921061 0 0
7896 17612 7921071 0 0
7900 17612 7921081 0 0
7902 17612 7921091 0 0
7899 17611 7921101 0 0
7894 17612 7921111 0 0
7888 17612 7921121 0 0
7881 17612 7921131 0 0
7873 17611 7921141 0 0
7867 17610 7921151 0 0
7863 17609 7921161 0 0
7859 17607 7921171 0 0
7860 17606 7921181 0 0
7862 17605 7921191 0 0
7865 17604 7921201 0 0
7869 17603 7921211 0 0
7874 17602 7921221 0 0
7878 17601 7921231 0 0
7883 17601 7921241 0 0
7892 17602 7921251 1 23
7896 17603 7921261 1 40
7901 17604 7921271 1 78
7905 17604 7921281 1 122
7909 17605 7921291 1 172
7913 17605 7921301 1 225
7915 17604 7921311 1 282
7917 17603 7921321 1 310
7918 17600 7921331 1 400
7918 17599 7921341 1 460
7917 17599 7921351 1 518
7916 17598 7921361 1 575
7914 17599 7921371 1 629
7911 17600 7921381 1 656
7907 17603 7921391 1 680
7902 17606 7921401 1 724
7891 17613 7921411 1 792
7886 17616 7921421 1 814
7881 17617 7921431 1 825
7878 17619 7921441 1 828
7876 17619 7921451 1 829
7876 17617 7921461 1 832
7878 17615 7921471 1 835
7883 17611 7921481 1 839
7897 17601 7921491 1 845
7905 17597 7921501 1 847
7914 17593 7921511 1 851
7921 17591 7921521 1 855
7926 17589 7921531 1 858
7928 17588 7921541 1 861
7927 17588 7921551 1 864
7923 17589 7921561 1 867
7907 17592 7921571 1 871
7898 17594 7921581 1 875
7890 17596 7921591 1 877
7885 17597 7921601 1 881
7884 17597 7921611 1 884
7887 17598 7921621 1 887
7894 17597 7921631 1 889
7905 17597 7921641 1 891
7928 17596 7921651 1 899
7938 17596 7921661 1 902
7945 17595 7921671 1 905
7949 17594 7921681 1 908
7949 17594 7921691 1 912
7945 17594 7921701 1 916
7938 17594 7921711 1 918
7930 17595 7921721 1 922
7913 17600 7921731 1 928
7908 17603 7921741 1 932
7906 17605 7921751 1 936
7907 17607 7921761 1 940
7910 17607 7921771 1 943
7916 17607 7921781 1 946
7923 17606 7921791 1 950
7930 17603 7921801 1 954
7939 17597 7921811 1 960
7941 17594 7921821 1 964
7942 17593 7921831 1 968
7942 17592 7921841 1 972
7942 17592 7921851 1 976
7944 17593 7921861 1 978
7946 17593 7921871 1 982
