8189 18493 7221415 1 709
8185 18491 7221425 1 529
8178 18491 7221435 1 382
8171 18495 7221445 1 265
8165 18503 7221455 1 175
8159 18513 7221465 1 108
8155 18523 7221475 1 60
8150 18531 7221485 1 29
8146 18535 7221495 1 11
8142 18536 7221505 1 2
8139 18533 7221515 0 0
8137 18531 7221525 0 0
8135 18530 7221535 0 0
8135 18533 7221545 0 0
8138 18538 7221555 0 0
8144 18544 7221565 0 0
8153 18549 7221575 0 0
8164 18553 7221585 0 0
8178 18556 7221595 0 0
8195 18556 7221605 0 0
8213 18554 7221615 1 29
8233 18549 7221625 1 127
8251 18539 7221635 1 226
8266 18527 7221645 1 322
8277 18513 7221655 1 414
8283 18497 7221665 1 501
8285 18482 7221675 1 543
8283 18469 7221685 1 578
8278 18457 7221695 1 646
8269 18448 7221705 1 702
8259 18442 7221715 1 743
8249 18440 7221725 1 770
8240 18442 7221735 1 783
8232 18446 7221745 1 787
8226 18451 7221755 1 785
8219 18464 7221765 1 768
8218 18470 7221775 1 755
8219 18476 7221785 1 742
8221 18482 7221795 1 732
8223 18487 7221805 1 728
8225 18491 7221815 1 727
8228 18493 7221825 1 729
8231 18494 7221835 1 742
8234 18493 7221845 1 766
8236 18492 7221855 1 838
8237 18489 7221865 1 857
8237 18486 7221875 1 876
8235 18482 7221885 1 913
8232 18478 7221895 1 945
8228 18474 7221905 1 969
8223 18471 7221915 1 979
8219 18469 7221925 1 975
8216 18468 7221935 1 969
8214 18469 7221945 1 951
8213 18469 7221955 1 906
8213 18471 7221965 1 837
8215 18472 7221975 1 739
8218 18472 7221985 1 614
8222 18472 7221995 1 470
8227 18472 7222005 1 386
8232 18470 7222015 1 317
8238 18469 7222025 1 169
8243 18467 7222035 0 0
8248 18465 7222045 0 0
8252 18465 7222055 0 0
8256 18466 7222065 0 0
8259 18468 7222075 0 0
8260 18471 7222085 0 0
8260 18475 7222095 0 0
8257 18479 7222105 0 0
8249 18486 7222115 0 0
8243 18488 7222125 0 0
8238 18490 7222135 0 0
8232 18490 7222145 0 0
8228 18489 7222155 0 0
8225 18487 7222165 0 0
8224 18485 7222175 0 0
8225 18483 7222185 0 0
8228 18480 7222195 0 0
8231 18479 7222205 0 0
8236 18478 7222215 0 0
8242 18479 7222225 0 0
8248 18481 7222235 0 0
8254 18483 7222245 0 0
8259 18486 7222255 0 0
8262 18489 7222265 0 0
8263 18491 7222275 0 0
8262 18492 7222285 0 0
8259 18493 7222295 0 0
8256 18493 7222305 0 0
8251 18493 7222315 0 0
8246 18493 7222325 0 0
8241 18492 7222335 0 0
8237 18491 7222345 0 0
8235 18490 7222355 0 0
8234 18489 7222365 0 0
8236 18489 7222375 0 0
8239 18488 7222385 0 0
8243 18488 7222395 0 0
8248 18488 7222405 0 0
8253 18487 7222415 0 0
8257 18487 7222425 0 0
8261 18486 7222435 0 0
8263 18486 7222445 0 0
8264 18485 7222455 0 0
8265 18485 7222465 1 25
8265 18485 7222475 1 42
8265 18485 7222485 1 80
8266 18485 7222495 1 124
8268 18484 7222505 1 174
8270 18484 7222515 1 227
8272 18483 7222525 1 283
8273 18482 7222535 1 311
8274 18481 7222545 1 341
8275 18480 7222555 1 400
8277 18480 7222565 1 460
8278 18479 7222575 1 518
8280 18479 7222585 1 574
8280 18479 7222595 1 628
8280 18479 7222605 1 654
8280 18480 7222615 1 677
8278 18482 7222625 1 721
8275 18484 7222635 1 759
8273 18486 7222645 1 788
8271 18488 7222655 1 811
8270 18490 7222665 1 822
8270 18492 7222675 1 824
8272 18493 7222685 1 825
8276 18494 7222695 1 828
8281 18494 7222705 1 831
8287 18493 7222715 1 834
8292 18491 7222725 1 837
8296 18488 7222735 1 840
8297 18485 7222745 1 842
8297 18482 7222755 1 847
8294 18480 7222765 1 850
8291 18477 7222775 1 853
8287 18475 7222785 1 855
8284 18473 7222795 1 859
8282 18471 7222805 1 861
8287 18470 7222815 1 866
8293 18470 7222825 1 869
8301 18472 7222835 1 871
8311 18473 7222845 1 875
8321 18475 7222855 1 878
8330 18477 7222865 1 880
8337 18478 7222875 1 883
8341 18479 7222885 1 885
8342 18480 7222895 1 888
8339 18480 7222905 1 892
8334 18478 7222915 1 895
8329 18476 7222925 1 898
8323 18474 7222935 1 901
8318 18471 7222945 1 905
8313 18469 7222955 1 908
8310 18467 7222965 1 911
8308 18467 7222975 1 914
8308 18468 7222985 1 918
8309 18471 7222995 1 920
8311 18475 7223005 1 924
8314 18479 7223015 1 927
8317 18483 7223025 1 931
8321 18486 7223035 1 935
8325 18488 7223045 1 937
8328 18488 7223055 1 941
8331 18485 7223065 1 944
8333 18482 7223075 1 948
8334 18477 7223085 1 951
8333 18473 7223095 1 954
8332 18470 7223105 1 958
8331 18467 7223115 1 962
8331 18466 7223125 1 965
8333 18465 7223135 1 968
8336 18465 7223145 1 972
