7635 17795 7903828 1 415
7631 17792 7903838 1 305
7624 17793 7903848 1 219
7617 17797 7903858 1 155
7610 17806 7903868 1 109
7605 17817 7903878 1 80
7595 17837 7903888 1 52
7591 17842 7903898 1 49
7588 17843 7903908 1 49
7585 17841 7903918 1 48
7582 17838 7903928 1 48
7580 17838 7903938 1 47
7580 17847 7903948 1 46
7584 17854 7903958 1 45
7589 17860 7903968 1 44
7595 17864 7903978 1 44
7604 17866 7903988 1 62
7616 17866 7903998 1 99
7646 17856 7904008 1 204
7663 17847 7904018 1 278
7680 17834 7904028 1 351
7694 17820 7904038 1 421
7706 17805 7904048 1 487
7715 17790 7904058 1 520
7720 17765 7904068 1 601
7717 17755 7904078 1 645
7711 17748 7904088 1 679
7704 17745 7904098 1 700
7697 17744 7904108 1 712
7691 17746 7904118 1 716
7683 17755 7904128 1 712
7681 17761 7904138 1 704
7679 17767 7904148 1 695
7677 17774 7904158 1 685
7674 17781 7904168 1 678
7671 17787 7904178 1 676
7665 17796 7904188 1 678
7663 17798 7904198 1 690
7663 17798 7904208 1 711
7663 17797 7904218 1 772
7665 17795 7904228 1 790
7666 17791 7904238 1 807
7667 17782 7904248 1 869
7666 17778 7904258 1 890
7664 17775 7904268 1 901
7662 17772 7904278 1 899
7659 17771 7904288 1 896
7658 17770 7904298 1 882
7656 17768 7904308 1 786
7657 17768 7904318 1 703
7659 17767 7904328 1 594
7662 17766 7904338 1 467
7666 17766 7904348 1 393
7670 17765 7904358 1 331
7680 17766 7904368 1 15
7685 17768 7904378 1 14
7689 17770 7904388 1 14
7694 17774 7904398 1 13
7698 17777 7904408 1 13
7701 17780 7904418 1 12
7703 17783 7904428 1 11
7702 17783 7904438 1 10
7700 17782 7904448 1 9
7698 17781 7904458 1 9
7695 17779 7904468 1 8
7691 17778 7904478 1 8
7686 17778 7904488 1 6
7684 17778 7904498 1 6
7683 17779 7904508 1 5
7683 17781 7904518 1 4
7683 17782 7904528 1 4
7685 17784 7904538 1 3
7691 17789 7904548 1 2
7696 17791 7904558 1 1
7701 17794 7904568 1 1
7704 17795 7904578 0 0
7707 17796 7904588 0 0
7708 17796 7904598 0 0
7706 17796 7904608 0 0
7704 17796 7904618 0 0
7701 17795 7904628 0 0
7698 17795 7904638 0 0
7697 17794 7904648 0 0
7697 17792 7904658 0 0
7700 17790 7904668 0 0
7702 17789 7904678 0 0
7703 17788 7904688 0 0
7704 17787 7904698 0 0
7703 17786 7904708 1 5
7702 17784 7904718 1 18
7698 17782 7904728 1 37
7697 17781 7904738 1 62
7697 17780 7904748 1 92
7699 17780 7904758 1 126
7703 17780 7904768 1 165
7708 17781 7904778 1 206
7720 17782 7904788 1 249
7725 17782 7904798 1 295
7729 17782 7904808 1 342
7731 17782 7904818 1 389
7731 17782 7904828 1 436
7730 17781 7904838 1 483
7725 17780 7904848 1 528
7722 17780 7904858 1 572
7720 17780 7904868 1 613
7718 17780 7904878 1 650
7717 17782 7904888 1 684
7718 17785 7904898 1 713
7722 17791 7904908 1 737
7725 17793 7904918 1 754
7728 17794 7904928 1 762
7730 17795 7904938 1 763
7732 17795 7904948 1 762
7734 17794 7904958 1 764
7735 17788 7904968 1 767
7735 17783 7904978 1 767
7735 17778 7904988 1 768
7735 17775 7904998 1 769
7735 17772 7905008 1 771
7737 17770 7905018 1 773
7741 17769 7905028 1 774
7744 17770 7905038 1 776
7746 17771 7905048 1 776
7747 17772 7905058 1 777
7748 17774 7905068 1 777
7748 17775 7905078 1 778
7747 17777 7905088 1 780
7748 17776 7905098 1 781
7750 17775 7905108 1 782
7753 17773 7905118 1 782
7756 17771 7905128 1 783
7760 17769 7905138 1 784
7768 17765 7905148 1 786
7771 17764 7905158 1 787
7773 17763 7905168 1 788
7774 17763 7905178 1 789
7774 17764 7905188 1 791
7772 17766 7905198 1 791
7769 17773 7905208 1 793
7769 17778 7905218 1 794
7770 17782 7905228 1 795
7772 17785 7905238 1 796
7775 17788 7905248 1 797
7778 17788 7905258 1 799
7784 17785 7905268 1 800
7786 17781 7905278 1 801
7786 17776 7905288 1 803
7784 17771 7905298 1 803
7782 17767 7905308 1 804
7780 17764 7905318 1 805
7778 17762 7905328 1 808
7779 17762 7905338 1 808
7782 17761 7905348 1 809
