8017 18647 3113346 1 675
8012 18644 3113356 1 504
8004 18644 3113366 1 364
7997 18648 3113376 1 253
7989 18656 3113386 1 167
7983 18665 3113396 1 103
7978 18675 3113406 1 58
7974 18683 3113416 1 28
7970 18687 3113426 1 10
7968 18688 3113436 1 2
7966 18686 3113446 0 0
7966 18684 3113456 0 0
7967 18685 3113466 0 0
7970 18688 3113476 0 0
7982 18699 3113486 0 0
7990 18704 3113496 0 0
7998 18707 3113506 0 0
8008 18709 3113516 0 0
8018 18708 3113526 0 0
8031 18705 3113536 0 0
8046 18699 3113546 1 97
8062 18690 3113556 1 205
8079 18678 3113566 1 310
8095 18665 3113576 1 411
8110 18652 3113586 1 506
8123 18640 3113596 1 552
8133 18628 3113606 1 590
8137 18618 3113616 1 664
8130 18604 3113626 1 769
8120 18601 3113636 1 797
8108 18600 3113646 1 811
8095 18602 3113656 1 815
8083 18604 3113666 1 812
8073 18607 3113676 1 806
8066 18611 3113686 1 793
8062 18616 3113696 1 779
8061 18622 3113706 1 765
8062 18628 3113716 1 753
8064 18634 3113726 1 749
8067 18639 3113736 1 747
8071 18643 3113746 1 749
8075 18646 3113756 1 762
8081 18647 3113766 1 864
8081 18646 3113776 1 884
8079 18643 3113786 1 904
8074 18639 3113796 1 942
8068 18635 3113806 1 976
8061 18631 3113816 1 1000
8054 18628 3113826 1 1010
8048 18625 3113836 1 1005
8046 18623 3113846 1 998
8046 18622 3113856 1 978
8049 18621 3113866 1 930
8054 18620 3113876 1 856
8061 18619 3113886 1 754
8068 18619 3113896 1 623
8080 18617 3113906 1 384
8083 18617 3113916 1 312
8084 18617 3113926 1 157
8084 18617 3113936 0 0
8082 18618 3113946 0 0
8081 18620 3113956 0 0
8080 18623 3113966 0 0
8079 18625 3113976 0 0
8079 18628 3113986 0 0
8078 18629 3113996 0 0
8076 18630 3114006 0 0
8072 18631 3114016 0 0
8068 18630 3114026 0 0
8063 18630 3114036 0 0
8053 18630 3114046 0 0
8049 18631 3114056 0 0
8047 18632 3114066 0 0
8048 18633 3114076 0 0
8051 18635 3114086 0 0
8056 18636 3114096 0 0
8062 18636 3114106 0 0
8069 18637 3114116 0 0
8076 18638 3114126 0 0
8082 18638 3114136 0 0
8086 18639 3114146 0 0
8089 18640 3114156 0 0
8091 18641 3114166 0 0
8091 18642 3114176 0 0
8091 18644 3114186 0 0
8092 18645 3114196 0 0
8093 18647 3114206 0 0
8094 18648 3114216 0 0
8096 18648 3114226 0 0
8097 18648 3114236 0 0
8098 18647 3114246 0 0
8098 18646 3114256 0 0
8096 18644 3114266 0 0
8093 18642 3114276 0 0
8088 18640 3114286 0 0
8084 18638 3114296 0 0
8081 18637 3114306 0 0
8080 18635 3114316 0 0
8087 18633 3114326 0 0
8095 18633 3114336 0 0
8104 18633 3114346 0 0
8114 18634 3114356 1 11
8123 18634 3114366 1 28
8130 18635 3114376 1 67
8134 18636 3114386 1 112
8134 18637 3114396 1 163
8132 18637 3114406 1 218
8126 18636 3114416 1 276
8119 18635 3114426 1 305
8112 18634 3114436 1 336
8105 18632 3114446 1 398
8101 18631 3114456 1 461
8099 18631 3114466 1 580
8101 18631 3114476 1 638
8103 18633 3114486 1 665
8105 18635 3114496 1 690
8107 18639 3114506 1 737
8108 18642 3114516 1 777
8109 18645 3114526 1 809
8109 18648 3114536 1 833
8110 18649 3114546 1 845
8111 18649 3114556 1 848
8113 18649 3114566 1 849
8115 18647 3114576 1 853
8118 18644 3114586 1 857
8121 18640 3114596 1 861
8125 18632 3114606 1 868
8126 18629 3114616 1 871
8126 18627 3114626 1 876
8126 18626 3114636 1 881
8127 18625 3114646 1 885
8128 18626 3114656 1 888
8129 18626 3114666 1 892
8132 18627 3114676 1 895
8135 18628 3114686 1 898
8138 18629 3114696 1 901
8141 18629 3114706 1 905
8145 18630 3114716 1 908
8148 18629 3114726 1 912
8151 18628 3114736 1 916
8157 18626 3114746 1 922
8159 18625 3114756 1 926
8160 18624 3114766 1 930
8161 18623 3114776 1 934
8162 18623 3114786 1 939
8163 18622 3114796 1 942
8165 18622 3114806 1 946
8168 18622 3114816 1 951
8170 18622 3114826 1 955
8172 18622 3114836 1 958
8172 18623 3114846 1 963
8172 18625 3114856 1 967
8170 18628 3114866 1 970
8168 18631 3114876 1 975
8162 18636 3114886 1 984
8158 18637 3114896 1 989
8155 18637 3114906 1 992
8153 18636 3114916 1 996
8152 18633 3114926 1 1001
8151 18630 3114936 1 1006
8151 18626 3114946 1 1009
8151 18622 3114956 1 1014
8151 18620 3114966 1 1019
8152 18618 3114976 1 1023
8155 18617 3114986 1 1024
8158 18617 3114996 1 1024
8161 18617 3115006 1 1024
