8076 17299 2161729 1 687
8075 17298 2161739 1 513
8073 17295 2161749 1 370
8069 17293 2161759 1 257
8063 17293 2161769 1 170
8056 17296 2161779 1 105
8051 17303 2161789 1 59
8046 17311 2161799 1 28
8041 17320 2161809 1 11
8037 17326 2161819 1 2
8034 17330 2161829 0 0
8031 17330 2161839 0 0
8030 17328 2161849 0 0
8029 17326 2161859 0 0
8030 17326 2161869 0 0
8033 17328 2161879 0 0
8039 17332 2161889 0 0
8047 17336 2161899 0 0
8058 17341 2161909 0 0
8069 17344 2161919 0 0
8082 17346 2161929 0 0
8094 17346 2161939 0 0
8107 17345 2161949 0 0
8119 17341 2161959 1 84
8130 17334 2161969 1 197
8138 17325 2161979 1 306
8142 17315 2161989 1 410
8144 17303 2161999 1 508
8144 17291 2162009 1 556
8143 17280 2162019 1 595
8140 17270 2162029 1 671
8135 17261 2162039 1 734
8131 17254 2162049 1 780
8128 17250 2162059 1 808
8126 17248 2162069 1 822
8125 17249 2162079 1 826
8124 17252 2162089 1 823
8122 17255 2162099 1 816
8119 17260 2162109 1 803
8115 17266 2162119 1 789
8108 17273 2162129 1 774
8100 17280 2162139 1 762
8091 17287 2162149 1 757
8084 17293 2162159 1 756
8079 17298 2162169 1 757
8078 17302 2162179 1 770
8081 17304 2162189 1 796
8089 17304 2162199 1 875
8099 17303 2162209 1 895
8111 17301 2162219 1 915
8121 17297 2162229 1 954
8128 17293 2162239 1 988
8131 17287 2162249 1 1012
8130 17282 2162259 1 1023
8125 17277 2162269 1 1017
8117 17272 2162279 1 1009
8109 17268 2162289 1 989
8101 17265 2162299 1 939
8096 17262 2162309 1 864
8093 17259 2162319 1 760
8094 17258 2162329 1 626
8099 17257 2162339 1 471
8105 17257 2162349 1 383
8113 17258 2162359 1 310
8121 17260 2162369 1 153
8128 17262 2162379 0 0
8133 17265 2162389 0 0
8136 17268 2162399 0 0
8138 17272 2162409 0 0
8138 17275 2162419 0 0
8138 17278 2162429 0 0
8138 17280 2162439 0 0
8138 17281 2162449 0 0
8140 17281 2162459 0 0
8142 17280 2162469 0 0
8144 17278 2162479 0 0
8146 17276 2162489 0 0
8147 17275 2162499 0 0
8145 17274 2162509 0 0
8142 17274 2162519 0 0
8136 17275 2162529 0 0
8129 17276 2162539 0 0
8122 17279 2162549 0 0
8117 17281 2162559 0 0
8115 17283 2162569 0 0
8117 17285 2162579 0 0
8122 17287 2162589 0 0
8131 17289 2162599 0 0
8141 17289 2162609 0 0
8150 17290 2162619 0 0
8158 17290 2162629 0 0
8162 17291 2162639 0 0
8163 17291 2162649 0 0
8161 17292 2162659 0 0
8155 17294 2162669 0 0
8147 17296 2162679 0 0
8138 17298 2162689 0 0
8129 17299 2162699 0 0
8121 17300 2162709 0 0
8115 17299 2162719 0 0
8110 17298 2162729 0 0
8106 17297 2162739 0 0
8103 17295 2162749 0 0
8101 17293 2162759 0 0
8099 17291 2162769 0 0
8098 17289 2162779 0 0
8098 17287 2162789 0 0
8099 17286 2162799 0 0
8101 17286 2162809 0 0
8105 17286 2162819 0 0
8110 17287 2162829 1 6
8117 17288 2162839 1 23
8125 17289 2162849 1 62
8133 17290 2162859 1 107
8141 17290 2162869 1 159
8148 17290 2162879 1 214
8153 17288 2162889 1 274
8156 17287 2162899 1 303
8158 17285 2162909 1 334
8158 17282 2162919 1 397
8157 17280 2162929 1 461
8157 17279 2162939 1 523
8157 17278 2162949 1 583
8157 17278 2162959 1 641
8158 17280 2162969 1 670
8159 17283 2162979 1 696
8160 17287 2162989 1 743
8161 17292 2162999 1 784
8161 17296 2163009 1 817
8160 17299 2163019 1 842
8158 17302 2163029 1 854
8156 17303 2163039 1 857
8152 17303 2163049 1 859
8148 17302 2163059 1 864
8145 17299 2163069 1 868
8142 17296 2163079 1 872
8141 17292 2163089 1 875
8141 17288 2163099 1 880
8143 17285 2163109 1 883
8146 17283 2163119 1 889
8150 17281 2163129 1 893
8155 17279 2163139 1 897
8160 17278 2163149 1 901
8166 17276 2163159 1 905
8171 17274 2163169 1 908
8175 17273 2163179 1 912
8179 17272 2163189 1 915
8181 17271 2163199 1 919
8182 17271 2163209 1 923
8182 17270 2163219 1 927
8180 17270 2163229 1 932
8178 17270 2163239 1 935
8176 17270 2163249 1 939
8173 17270 2163259 1 942
8171 17271 2163269 1 947
8170 17271 2163279 1 951
8170 17272 2163289 1 956
8172 17272 2163299 1 959
8176 17273 2163309 1 964
8180 17274 2163319 1 969
8185 17275 2163329 1 974
8190 17277 2163339 1 977
8192 17279 2163349 1 982
8193 17281 2163359 1 987
8191 17284 2163369 1 991
8188 17286 2163379 1 996
8184 17288 2163389 1 1000
8180 17289 2163399 1 1005
8177 17290 2163409 1 1010
8176 17290 2163419 1 1014
8179 17289 2163429 1 1019
8186 17288 2163439 1 1024
8196 17287 2163449 1 1024
8208 17285 2163459 1 1024
8221 17284 2163469 1 1024
8233 17283 2163479 1 1024
8243 17282 2163489 1 1024
8249 17280 2163499 1 1024
8249 17278 2163509 1 1024
8245 17276 2163519 1 1024
