8210 18579 8514949 1 416
8204 18576 8514959 1 308
8197 18577 8514969 1 224
8189 18581 8514979 1 160
8181 18589 8514989 1 116
8175 18600 8514999 1 86
8169 18611 8515009 1 68
8164 18619 8515019 1 59
8159 18623 8515029 1 57
8155 18623 8515039 1 56
8151 18621 8515049 1 55
8147 18618 8515059 1 54
8144 18617 8515069 1 54
8141 18619 8515079 1 53
8141 18623 8515089 1 52
8143 18629 8515099 1 52
8148 18634 8515109 1 51
8165 18641 8515119 1 68
8179 18641 8515129 1 105
8198 18640 8515139 1 136
8220 18636 8515149 1 208
8244 18628 8515159 1 281
8268 18618 8515169 1 352
8290 18605 8515179 1 421
8308 18592 8515189 1 487
8322 18578 8515199 1 519
8332 18566 8515209 1 546
8335 18555 8515219 1 599
8331 18546 8515229 1 643
8323 18540 8515239 1 676
8312 18537 8515249 1 697
8300 18537 8515259 1 708
8289 18539 8515269 1 712
8280 18543 8515279 1 712
8266 18552 8515289 1 701
8261 18557 8515299 1 692
8256 18563 8515309 1 683
8251 18567 8515319 1 676
8245 18572 8515329 1 673
8239 18574 8515339 1 674
8232 18576 8515349 1 676
8227 18576 8515359 1 687
8222 18575 8515369 1 708
8220 18574 8515379 1 769
8219 18572 8515389 1 787
8219 18570 8515399 1 804
8221 18568 8515409 1 836
8223 18565 8515419 1 865
8225 18563 8515429 1 887
8228 18561 8515439 1 898
8230 18559 8515449 1 896
8236 18557 8515459 1 879
8239 18556 8515469 1 842
8243 18555 8515479 1 784
8247 18555 8515489 1 701
8252 18555 8515499 1 593
8257 18555 8515509 1 466
8263 18556 8515519 1 393
8268 18558 8515529 1 332
8273 18559 8515539 1 199
8277 18560 8515549 1 17
8281 18562 8515559 1 17
8284 18563 8515569 1 16
8287 18564 8515579 1 15
8290 18564 8515589 1 14
8291 18564 8515599 1 14
8292 18564 8515609 1 13
8291 18563 8515619 1 12
8288 18562 8515629 1 11
8285 18561 8515639 1 10
8282 18561 8515649 1 9
8279 18561 8515659 1 9
8277 18561 8515669 1 8
8275 18562 8515679 1 7
8274 18563 8515689 1 7
8273 18564 8515699 1 6
8273 18565 8515709 1 5
8273 18566 8515719 1 4
8274 18567 8515729 1 4
8275 18569 8515739 1 3
8277 18571 8515749 1 2
8280 18574 8515759 1 2
8282 18577 8515769 1 1
8284 18580 8515779 0 0
8286 18582 8515789 0 0
8288 18584 8515799 0 0
8288 18584 8515809 0 0
8287 18583 8515819 0 0
8284 18583 8515829 0 0
8281 18582 8515839 0 0
8278 18580 8515849 0 0
8275 18579 8515859 0 0
8272 18577 8515869 0 0
8271 18576 8515879 0 0
8270 18575 8515889 0 0
8270 18575 8515899 0 0
8271 18575 8515909 1 4
8274 18575 8515919 1 15
8278 18574 8515929 1 31
8283 18574 8515939 1 52
8288 18573 8515949 1 78
8294 18573 8515959 1 106
8305 18572 8515969 1 139
8310 18571 8515979 1 173
8314 18571 8515989 1 210
8317 18571 8515999 1 249
8318 18570 8516009 1 288
8319 18569 8516019 1 328
8318 18568 8516029 1 368
8315 18567 8516039 1 408
8312 18566 8516049 1 446
8308 18565 8516059 1 483
8305 18564 8516069 1 518
8302 18563 8516079 1 550
8299 18564 8516089 1 578
8296 18564 8516099 1 603
8292 18566 8516109 1 624
8288 18568 8516119 1 644
8284 18572 8516129 1 680
8277 18578 8516139 1 735
8275 18580 8516149 1 752
8275 18582 8516159 1 760
8277 18582 8516169 1 760
8283 18582 8516179 1 760
8292 18580 8516189 1 761
8302 18578 8516199 1 762
8313 18574 8516209 1 764
8324 18570 8516219 1 764
8332 18566 8516229 1 765
8336 18563 8516239 1 766
8337 18561 8516249 1 768
8335 18560 8516259 1 769
8329 18559 8516269 1 770
8322 18559 8516279 1 771
8314 18559 8516289 1 772
8306 18559 8516299 1 772
8300 18559 8516309 1 773
8302 18558 8516319 1 774
8308 18558 8516329 1 774
8316 18556 8516339 1 776
8327 18555 8516349 1 777
8339 18554 8516359 1 777
8350 18552 8516369 1 777
8358 18551 8516379 1 778
8364 18550 8516389 1 779
8367 18549 8516399 1 780
8367 18547 8516409 1 781
8366 18546 8516419 1 782
8363 18545 8516429 1 783
8359 18545 8516439 1 784
8356 18544 8516449 1 785
8352 18545 8516459 1 785
8350 18548 8516469 1 787
8346 18556 8516479 1 788
8346 18561 8516489 1 789
8347 18565 8516499 1 790
8348 18569 8516509 1 791
8349 18572 8516519 1 792
8351 18572 8516529 1 793
8353 18571 8516539 1 794
8357 18568 8516549 1 795
8360 18565 8516559 1 796
8363 18561 8516569 1 796
8365 18558 8516579 1 797
8366 18556 8516589 1 798
8366 18556 8516599 1 799
8363 18556 8516609 1 800
8359 18557 8516619 1 801
8354 18557 8516629 1 802
