7650 17459 7211130 1 946
7646 17457 7211140 1 706
7641 17457 7211150 1 510
7635 17460 7211160 1 354
7629 17465 7211170 1 234
7624 17472 7211180 1 144
7620 17479 7211190 1 81
7617 17485 7211200 1 39
7614 17488 7211210 1 15
7612 17488 7211220 1 3
7610 17487 7211230 0 0
7609 17485 7211240 0 0
7609 17485 7211250 0 0
7610 17487 7211260 0 0
7613 17490 7211270 0 0
7619 17494 7211280 0 0
7626 17498 7211290 0 0
7634 17500 7211300 0 0
7644 17502 7211310 0 0
7655 17502 7211320 1 41
7667 17500 7211330 1 80
7680 17497 7211340 1 165
7693 17491 7211350 1 252
7705 17484 7211360 1 336
7716 17475 7211370 1 417
7724 17465 7211380 1 494
7731 17455 7211390 1 532
7736 17446 7211400 1 563
7738 17438 7211410 1 624
7737 17432 7211420 1 674
7734 17427 7211430 1 711
7729 17425 7211440 1 735
7723 17425 7211450 1 748
7717 17426 7211460 1 752
7711 17429 7211470 1 750
7706 17433 7211480 1 746
7701 17437 7211490 1 736
7696 17441 7211500 1 726
7692 17445 7211510 1 714
7688 17449 7211520 1 705
7684 17452 7211530 1 702
7680 17455 7211540 1 702
7676 17457 7211550 1 704
7674 17458 7211560 1 716
7673 17458 7211570 1 739
7673 17458 7211580 1 806
7674 17457 7211590 1 824
7676 17455 7211600 1 842
7678 17453 7211610 1 877
7680 17450 7211620 1 908
7681 17447 7211630 1 930
7682 17444 7211640 1 941
7683 17442 7211650 1 937
7683 17440 7211660 1 933
7684 17438 7211670 1 917
7686 17437 7211680 1 876
7689 17437 7211690 1 812
7693 17436 7211700 1 721
7698 17436 7211710 1 604
7703 17436 7211720 1 468
7707 17436 7211730 1 389
7711 17437 7211740 1 324
7714 17437 7211750 1 183
7716 17438 7211760 0 0
7717 17439 7211770 0 0
7718 17440 7211780 0 0
7720 17442 7211790 0 0
7723 17443 7211800 0 0
7726 17445 7211810 0 0
7730 17446 7211820 0 0
7734 17446 7211830 0 0
7737 17447 7211840 0 0
7738 17447 7211850 0 0
7737 17447 7211860 0 0
7734 17446 7211870 0 0
7728 17446 7211880 0 0
7721 17446 7211890 0 0
7714 17446 7211900 0 0
7708 17446 7211910 0 0
7704 17447 7211920 0 0
7702 17448 7211930 0 0
7704 17449 7211940 0 0
7709 17450 7211950 0 0
7715 17451 7211960 0 0
7724 17453 7211970 0 0
7732 17455 7211980 0 0
7740 17456 7211990 0 0
7745 17457 7212000 0 0
7749 17458 7212010 0 0
7750 17458 7212020 0 0
7748 17458 7212030 0 0
7745 17458 7212040 0 0
7740 17458 7212050 0 0
7734 17458 7212060 0 0
7728 17458 7212070 0 0
7722 17457 7212080 0 0
7717 17456 7212090 0 0
7712 17455 7212100 0 0
7708 17454 7212110 0 0
7705 17453 7212120 0 0
7704 17452 7212130 0 0
7704 17451 7212140 0 0
7707 17450 7212150 0 0
7711 17449 7212160 0 0
7716 17449 7212170 0 0
7723 17449 7212180 1 5
7731 17450 7212190 1 29
7739 17450 7212200 1 42
7746 17451 7212210 1 59
7751 17451 7212220 1 96
7755 17452 7212230 1 139
7757 17452 7212240 1 187
7756 17452 7212250 1 237
7753 17451 7212260 1 291
7749 17451 7212270 1 318
7743 17450 7212280 1 346
7737 17450 7212290 1 403
7731 17450 7212300 1 459
7727 17450 7212310 1 513
7725 17450 7212320 1 566
7725 17451 7212330 1 616
7726 17451 7212340 1 640
7729 17453 7212350 1 661
7732 17454 7212360 1 702
7736 17456 7212370 1 736
7739 17457 7212380 1 763
7741 17457 7212390 1 783
7742 17458 7212400 1 792
7741 17457 7212410 1 794
7740 17457 7212420 1 794
7738 17456 7212430 1 796
7736 17454 7212440 1 799
7734 17452 7212450 1 801
7733 17449 7212460 1 802
7733 17446 7212470 1 805
7733 17444 7212480 1 806
7734 17443 7212490 1 809
7735 17442 7212500 1 812
7736 17441 7212510 1 814
7736 17441 7212520 1 815
7737 17442 7212530 1 818
7739 17442 7212540 1 819
7741 17443 7212550 1 820
7744 17444 7212560 1 822
7748 17445 7212570 1 824
7754 17445 7212580 1 826
7761 17445 7212590 1 828
7769 17444 7212600 1 830
7777 17443 7212610 1 832
7785 17442 7212620 1 833
7791 17441 7212630 1 834
7795 17441 7212640 1 837
7796 17440 7212650 1 839
7795 17440 7212660 1 842
7792 17439 7212670 1 843
7788 17440 7212680 1 845
7783 17440 7212690 1 848
7777 17441 7212700 1 850
7772 17442 7212710 1 852
7768 17443 7212720 1 854
7765 17445 7212730 1 856
7764 17447 7212740 1 858
7765 17449 7212750 1 860
7768 17451 7212760 1 863
7772 17452 7212770 1 865
7776 17452 7212780 1 868
7781 17452 7212790 1 869
7785 17451 7212800 1 871
7788 17449 7212810 1 874
7789 17447 7212820 1 876
7787 17444 7212830 1 878
7783 17442 7212840 1 880
7777 17441 7212850 1 883
7770 17440 7212860 1 885
7763 17440 7212870 1 888
7757 17439 7212880 1 889
7753 17439 7212890 1 891
