8081 18255 8981878 1 574
8076 18253 8981888 1 428
8070 18253 8981898 1 309
8064 18257 8981908 1 215
8058 18264 8981918 1 142
8053 18273 8981928 1 87
8048 18282 8981938 1 49
8045 18290 8981948 1 24
8042 18294 8981958 1 9
8040 18294 8981968 1 2
8037 18292 8981978 0 0
8035 18292 8981988 0 0
8035 18295 8981998 0 0
8035 18301 8982008 0 0
8038 18306 8982018 0 0
8042 18311 8982028 0 0
8048 18314 8982038 0 0
8058 18315 8982048 0 0
8071 18314 8982058 0 0
8089 18310 8982068 0 0
8128 18294 8982078 1 209
8147 18283 8982088 1 312
8160 18270 8982098 1 412
8169 18257 8982108 1 505
8171 18246 8982118 1 550
8168 18235 8982128 1 588
8159 18226 8982138 1 661
8146 18218 8982148 1 721
8132 18213 8982158 1 765
8120 18211 8982168 1 792
8107 18213 8982178 1 810
8110 18217 8982188 1 807
8117 18221 8982198 1 801
8127 18226 8982208 1 789
8139 18232 8982218 1 775
8149 18238 8982228 1 761
8156 18244 8982238 1 750
8158 18249 8982248 1 745
8155 18254 8982258 1 744
8147 18257 8982268 1 745
8125 18259 8982278 1 784
8114 18258 8982288 1 860
8105 18256 8982298 1 879
8099 18253 8982308 1 899
8095 18248 8982318 1 937
8093 18243 8982328 1 971
8092 18239 8982338 1 994
8091 18234 8982348 1 1005
8091 18231 8982358 1 1000
8090 18228 8982368 1 993
8090 18227 8982378 1 926
8091 18227 8982388 1 853
8094 18228 8982398 1 751
8099 18229 8982408 1 621
8105 18230 8982418 1 471
8112 18231 8982428 1 384
8119 18232 8982438 1 313
8125 18233 8982448 1 159
8131 18234 8982458 0 0
8135 18235 8982468 0 0
8140 18238 8982478 0 0
8143 18241 8982488 0 0
8146 18243 8982498 0 0
8149 18244 8982508 0 0
8154 18245 8982518 0 0
8159 18245 8982528 0 0
8164 18244 8982538 0 0
8168 18243 8982548 0 0
8171 18241 8982558 0 0
8172 18240 8982568 0 0
8166 18239 8982578 0 0
8160 18240 8982588 0 0
8153 18242 8982598 0 0
8145 18243 8982608 0 0
8138 18244 8982618 0 0
8133 18246 8982628 0 0
8131 18247 8982638 0 0
8134 18248 8982648 0 0
8140 18249 8982658 0 0
8149 18249 8982668 0 0
8173 18250 8982678 0 0
8185 18250 8982688 0 0
8195 18251 8982698 0 0
8201 18252 8982708 0 0
8203 18253 8982718 0 0
8199 18254 8982728 0 0
8191 18255 8982738 0 0
8180 18255 8982748 0 0
8167 18254 8982758 0 0
8155 18253 8982768 0 0
8139 18248 8982778 0 0
8137 18246 8982788 0 0
8139 18244 8982798 0 0
8144 18242 8982808 0 0
8152 18240 8982818 0 0
8160 18239 8982828 0 0
8167 18238 8982838 0 0
8173 18237 8982848 0 0
8176 18237 8982858 1 1
8177 18237 8982868 1 14
8174 18238 8982878 1 70
8172 18239 8982888 1 114
8171 18240 8982898 1 165
8171 18241 8982908 1 219
8172 18242 8982918 1 278
8174 18243 8982928 1 306
8176 18244 8982938 1 337
8178 18244 8982948 1 398
8179 18245 8982958 1 461
8178 18246 8982968 1 521
8171 18246 8982978 1 636
8166 18247 8982988 1 663
8160 18248 8982998 1 688
8156 18250 8983008 1 734
8155 18251 8983018 1 774
8156 18252 8983028 1 805
8162 18253 8983038 1 829
8169 18254 8983048 1 841
8179 18254 8983058 1 844
8189 18254 8983068 1 845
8205 18252 8983078 1 853
8208 18250 8983088 1 857
8207 18247 8983098 1 860
8203 18244 8983108 1 863
8196 18241 8983118 1 866
8189 18239 8983128 1 871
8182 18237 8983138 1 875
8177 18235 8983148 1 879
8176 18233 8983158 1 882
8177 18232 8983168 1 886
8187 18233 8983178 1 892
8194 18234 8983188 1 895
8201 18236 8983198 1 899
8207 18238 8983208 1 902
8211 18240 8983218 1 906
8214 18241 8983228 1 910
8215 18242 8983238 1 913
8214 18241 8983248 1 916
8214 18240 8983258 1 919
8213 18238 8983268 1 923
8215 18233 8983278 1 931
8218 18231 8983288 1 934
8222 18229 8983298 1 938
8227 18228 8983308 1 943
8230 18228 8983318 1 947
8231 18229 8983328 1 950
8228 18232 8983338 1 954
8223 18237 8983348 1 959
8214 18242 8983358 1 962
8204 18247 8983368 1 966
8184 18255 8983378 1 975
8177 18256 8983388 1 979
8173 18255 8983398 1 983
8172 18253 8983408 1 987
8176 18248 8983418 1 991
8181 18242 8983428 1 996
8188 18236 8983438 1 999
8194 18231 8983448 1 1004
8200 18228 8983458 1 1008
8203 18225 8983468 1 1013
8206 18224 8983478 1 1021
8206 18224 8983488 1 1024
