7990 17496 4290795 1 817
7990 17496 4290805 1 774
7990 17496 4290815 1 709
7990 17496 4290825 1 629
7990 17496 4290835 1 539
7990 17496 4290845 1 447
7991 17496 4290855 1 358
7994 17498 4290865 1 279
8002 17502 4290875 1 215
8011 17505 4290885 1 174
8015 17504 4290895 1 161
8014 17500 4290905 1 183
8009 17492 4290915 1 232
8003 17482 4290925 1 269
7997 17473 4290935 1 300
7994 17466 4290945 1 338
7993 17461 4290955 1 376
7993 17457 4290965 1 448
7994 17453 4290975 1 509
7994 17451 4290985 1 530
7994 17449 4290995 1 537
7995 17446 4291005 1 559
7995 17444 4291015 1 600
7996 17443 4291025 1 634
7998 17444 4291035 1 660
8003 17446 4291045 1 680
8010 17450 4291055 1 688
8018 17454 4291065 1 693
8025 17457 4291075 1 702
8032 17458 4291085 1 706
8038 17459 4291095 1 707
8043 17458 4291105 1 708
8048 17456 4291115 1 708
8052 17454 4291125 1 708
8057 17451 4291135 1 705
8061 17450 4291145 1 702
8065 17450 4291155 1 698
8068 17451 4291165 1 697
8069 17452 4291175 1 697
8070 17454 4291185 1 696
8070 17459 4291195 1 696
8070 17466 4291205 1 697
8069 17475 4291215 1 701
8068 17486 4291225 1 705
8066 17498 4291235 1 711
8065 17511 4291245 1 715
8065 17523 4291255 1 723
8065 17535 4291265 1 739
8065 17546 4291275 1 756
8064 17554 4291285 1 776
8062 17561 4291295 1 794
8060 17566 4291305 1 803
8057 17569 4291315 1 810
8053 17570 4291325 1 824
8049 17568 4291335 1 831
8044 17564 4291345 1 836
8038 17558 4291355 1 836
8035 17555 4291365 1 836
8032 17551 4291375 1 836
8027 17544 4291385 1 832
8022 17536 4291395 1 820
8019 17529 4291405 1 801
8016 17522 4291415 1 770
8016 17515 4291425 1 729
8016 17509 4291435 1 706
8019 17503 4291445 1 675
8023 17498 4291455 1 611
8028 17494 4291465 1 538
8034 17491 4291475 1 459
8041 17489 4291485 1 373
8048 17486 4291495 1 341
8056 17485 4291505 1 330
8064 17482 4291515 1 284
8072 17480 4291525 1 194
8080 17478 4291535 1 103
8089 17476 4291545 1 14
8093 17475 4291555 0 0
8097 17475 4291565 0 0
8104 17473 4291575 0 0
8111 17473 4291585 0 0
8116 17474 4291595 0 0
8121 17475 4291605 0 0
8125 17476 4291615 0 0
8128 17478 4291625 0 0
8130 17480 4291635 0 0
8133 17482 4291645 0 0
8135 17484 4291655 0 0
8138 17485 4291665 0 0
8140 17486 4291675 0 0
8142 17486 4291685 0 0
8144 17486 4291695 0 0
8146 17484 4291705 0 0
8148 17482 4291715 0 0
8150 17479 4291725 0 0
8152 17476 4291735 0 0
8154 17474 4291745 0 0
8155 17472 4291755 0 0
8158 17469 4291765 0 0
8162 17466 4291775 1 49
8165 17464 4291785 1 114
8167 17462 4291795 1 182
8169 17461 4291805 1 316
8170 17460 4291815 1 386
8170 17460 4291825 1 445
8170 17462 4291835 1 566
8168 17463 4291845 1 674
8166 17465 4291855 1 764
8164 17467 4291865 1 831
8161 17469 4291875 1 860
8158 17470 4291885 1 878
8156 17471 4291895 1 906
8154 17471 4291905 1 919
8151 17471 4291915 1 923
8149 17471 4291925 1 920
8148 17470 4291935 1 918
8147 17469 4291945 1 917
8146 17468 4291955 1 909
8144 17467 4291965 1 892
8142 17465 4291975 1 870
8141 17464 4291985 1 843
8139 17463 4291995 1 818
8138 17463 4292005 1 805
8137 17463 4292015 1 794
8136 17463 4292025 1 775
8135 17464 4292035 1 762
8135 17465 4292045 1 754
8135 17467 4292055 1 752
8136 17468 4292065 1 752
8138 17470 4292075 1 753
8139 17472 4292085 1 755
8141 17474 4292095 1 761
8143 17476 4292105 1 770
8144 17477 4292115 1 781
8144 17478 4292125 1 785
8144 17479 4292135 1 786
8143 17480 4292145 1 792
8142 17481 4292155 1 805
8138 17482 4292165 1 815
8134 17482 4292175 1 822
8127 17482 4292185 1 824
8120 17482 4292195 1 825
8112 17481 4292205 1 824
8104 17480 4292215 1 819
8096 17477 4292225 1 807
8089 17475 4292235 1 787
8083 17472 4292245 1 756
8080 17469 4292255 1 738
8079 17465 4292265 1 716
8081 17462 4292275 1 668
8085 17459 4292285 1 613
8091 17456 4292295 1 553
8098 17454 4292305 1 488
8102 17452 4292315 1 461
8106 17452 4292325 1 450
8115 17450 4292335 1 423
8123 17449 4292345 1 389
8130 17448 4292355 1 354
8136 17448 4292365 1 285
8141 17447 4292375 1 217
8144 17447 4292385 1 184
8145 17447 4292395 1 151
8145 17446 4292405 1 89
8143 17445 4292415 1 30
8140 17445 4292425 0 0
8137 17444 4292435 0 0
8132 17443 4292445 0 0
8128 17442 4292455 0 0
8125 17441 4292465 0 0
8122 17440 4292475 0 0
8120 17439 4292485 0 0
8119 17438 4292495 0 0
8119 17438 4292505 0 0
8119 17437 4292515 0 0
8121 17437 4292525 0 0
8122 17437 4292535 0 0
8125 17438 4292545 0 0
8127 17439 4292555 0 0
8129 17440 4292565 0 0
8130 17442 4292575 0 0
8131 17445 4292585 0 0
8132 17447 4292595 0 0
8132 17449 4292605 0 0
8131 17450 4292615 1 21
8130 17452 4292625 1 43
8129 17452 4292635 1 62
8128 17453 4292645 1 91
8127 17453 4292655 1 140
8125 17453 4292665 1 190
8123 17452 4292675 1 244
8121 17450 4292685 1 297
8120 17450 4292695 1 316
8119 17449 4292705 1 323
8117 17447 4292715 1 350
8115 17445 4292725 1 404
8113 17442 4292735 1 457
8113 17440 4292745 1 508
8113 17438 4292755 1 533
8114 17437 4292765 1 540
8116 17435 4292775 1 557
8119 17434 4292785 1 605
8123 17433 4292795 1 650
8129 17433 4292805 1 691
8134 17433 4292815 1 729
8140 17433 4292825 1 747
8146 17433 4292835 1 761
8151 17433 4292845 1 790
8154 17434 4292855 1 813
8157 17434 4292865 1 832
8157 17435 4292875 1 845
8158 17435 4292885 1 849
8157 17436 4292895 1 849
8155 17437 4292905 1 850
8152 17438 4292915 1 853
8148 17439 4292925 1 857
8143 17440 4292935 1 858
8139 17441 4292945 1 856
8134 17442 4292955 1 854
8129 17443 4292965 1 851
8125 17444 4292975 1 845
8121 17445 4292985 1 837
8117 17445 4292995 1 828
8113 17445 4293005 1 818
8111 17444 4293015 1 812
8109 17443 4293025 1 808
8108 17442 4293035 1 804
8108 17440 4293045 1 799
8110 17439 4293055 1 789
8113 17437 4293065 1 780
8114 17436 4293075 1 777
8117 17436 4293085 1 776
8122 17435 4293095 1 772
8129 17434 4293105 1 765
8136 17433 4293115 1 759
8143 17433 4293125 1 754
8150 17433 4293135 1 750
8156 17433 4293145 1 748
8161 17433 4293155 1 748
8165 17434 4293165 1 748
8168 17435 4293175 1 748
8169 17436 4293185 1 749
8169 17437 4293195 1 753
8168 17439 4293205 1 756
8166 17440 4293215 1 759
8164 17442 4293225 1 768
8163 17444 4293235 1 778
8161 17446 4293245 1 792
8160 17447 4293255 1 809
8160 17448 4293265 1 816
8160 17449 4293275 1 819
8161 17451 4293285 1 831
8162 17453 4293295 1 854
8164 17455 4293305 1 881
8166 17456 4293315 1 894
8169 17457 4293325 1 907
8172 17459 4293335 1 917
8175 17459 4293345 1 931
8178 17460 4293355 1 952
8181 17460 4293365 1 969
8183 17459 4293375 1 977
8184 17458 4293385 1 977
8183 17457 4293395 1 976
8181 17455 4293405 1 967
8178 17453 4293415 1 944
8173 17451 4293425 1 907
8167 17450 4293435 1 853
8160 17449 4293445 1 822
8156 17448 4293455 1 817
8153 17448 4293465 1 813
8145 17447 4293475 1 781
8139 17447 4293485 1 695
8133 17447 4293495 1 597
8129 17448 4293505 1 492
8126 17449 4293515 1 385
8125 17451 4293525 1 331
8126 17452 4293535 1 277
8128 17454 4293545 1 175
8133 17455 4293555 1 80
8139 17457 4293565 0 0
8146 17457 4293575 0 0
8154 17458 4293585 0 0
8162 17459 4293595 0 0
8169 17459 4293605 0 0
8176 17459 4293615 0 0
8181 17460 4293625 0 0
8183 17460 4293635 0 0
8184 17460 4293645 0 0
8184 17461 4293655 0 0
8182 17462 4293665 0 0
8178 17463 4293675 0 0
8171 17464 4293685 0 0
8164 17465 4293695 1 30
8156 17466 4293705 1 98
8148 17468 4293715 1 140
8141 17469 4293725 1 172
8136 17471 4293735 1 211
8133 17472 4293745 1 251
8132 17473 4293755 1 335
8132 17474 4293765 1 420
8135 17475 4293775 1 461
8138 17476 4293785 1 504
8143 17476 4293795 1 588
8148 17477 4293805 1 667
8152 17477 4293815 1 741
8156 17478 4293825 1 809
8158 17478 4293835 1 834
8159 17478 4293845 1 840
8160 17479 4293855 1 866
8161 17479 4293865 1 913
8160 17479 4293875 1 934
8158 17479 4293885 1 948
8155 17479 4293895 1 971
8153 17479 4293905 1 982
8150 17479 4293915 1 985
8147 17478 4293925 1 990
8146 17478 4293935 1 988
8145 17478 4293945 1 981
8146 17477 4293955 1 970
8148 17476 4293965 1 965
8151 17475 4293975 1 959
8155 17473 4293985 1 947
8160 17472 4293995 1 936
8165 17470 4294005 1 931
8171 17469 4294015 1 928
8174 17468 4294025 1 927
8177 17467 4294035 1 926
8183 17466 4294045 1 923
8189 17464 4294055 1 921
8195 17463 4294065 1 922
8201 17461 4294075 1 923
8206 17460 4294085 1 926
8210 17458 4294095 1 929
8212 17456 4294105 1 932
8213 17454 4294115 1 938
8213 17453 4294125 1 943
8211 17453 4294135 1 950
8208 17452 4294145 1 954
8205 17453 4294155 1 954
8200 17453 4294165 1 956
8196 17454 4294175 1 962
8192 17456 4294185 1 967
8189 17459 4294195 1 970
8186 17463 4294205 1 973
8185 17465 4294215 1 973
8184 17467 4294225 1 973
8183 17471 4294235 1 974
8183 17475 4294245 1 977
8183 17479 4294255 1 978
8185 17483 4294265 1 982
8186 17485 4294275 1 984
8188 17487 4294285 1 986
8189 17488 4294295 1 987
8191 17488 4294305 1 988
8191 17488 4294315 1 992
8192 17487 4294325 1 995
8192 17486 4294335 1 999
8193 17485 4294345 1 1001
8193 17484 4294355 1 1003
8194 17483 4294365 1 1006
8195 17481 4294375 1 1009
8196 17480 4294385 1 1011
8198 17479 4294395 1 1013
8199 17479 4294405 1 1013
8201 17479 4294415 1 1014
8204 17478 4294425 1 1014
8208 17477 4294435 1 1015
8212 17477 4294445 1 1015
8216 17476 4294455 1 1014
8220 17475 4294465 1 1012
8223 17474 4294475 1 1011
8226 17473 4294485 1 1010
8228 17472 4294495 1 1007
8230 17471 4294505 1 1003
8230 17470 4294515 1 999
8229 17469 4294525 1 994
8227 17468 4294535 1 992
8224 17468 4294545 1 990
8221 17468 4294555 1 985
8219 17468 4294565 1 983
8216 17469 4294575 1 980
8213 17470 4294585 1 975
8211 17470 4294595 1 974
8210 17470 4294605 1 973
8207 17470 4294615 1 971
8204 17470 4294625 1 968
8201 17470 4294635 1 965
8198 17469 4294645 1 963
8194 17468 4294655 1 962
8190 17466 4294665 1 962
8186 17465 4294675 1 962
8182 17463 4294685 1 963
8178 17461 4294695 1 967
8175 17459 4294705 1 968
8173 17458 4294715 1 972
8172 17457 4294725 1 978
8172 17456 4294735 1 986
8173 17456 4294745 1 996
8174 17456 4294755 1 1009
8176 17456 4294765 1 1024
8178 17457 4294775 1 1024
8179 17457 4294785 1 1024
8180 17457 4294795 1 1024
8181 17458 4294805 1 1024
8182 17458 4294815 1 1024
8181 17459 4294825 1 1024
8180 17459 4294835 1 1024
8179 17460 4294845 1 1024
8176 17461 4294855 1 1024
8174 17461 4294865 1 1024
8171 17462 4294875 1 1024
8168 17463 4294885 1 1024
8166 17463 4294895 1 1024
8165 17464 4294905 1 1024
8165 17465 4294915 1 1024
8167 17465 4294925 1 1024
8169 17466 4294935 1 1024
8173 17467 4294945 1 1024
8177 17467 4294955 1 1024
8181 17468 4294965 1 1024
8183 17468 4294975 1 1024
8185 17469 4294985 1 1024
8189 17469 4294995 1 965
8191 17469 4295005 1 862
8193 17470 4295015 1 750
8192 17469 4295025 1 629
8190 17469 4295035 1 502
8186 17469 4295045 1 371
8180 17468 4295055 1 239
8174 17468 4295065 1 108
8167 17467 4295075 0 0
8161 17466 4295085 0 0
8156 17466 4295095 0 0
8152 17465 4295105 0 0
8150 17464 4295115 0 0
8151 17464 4295125 0 0
8154 17464 4295135 0 0
8159 17464 4295145 0 0
8166 17464 4295155 0 0
8175 17464 4295165 0 0
8184 17464 4295175 0 0
8193 17465 4295185 0 0
8202 17466 4295195 0 0
8209 17467 4295205 0 0
8214 17467 4295215 0 0
8217 17468 4295225 1 92
8216 17469 4295235 1 303
8213 17470 4295245 1 529
8207 17471 4295255 1 760
8199 17471 4295265 1 993
8190 17472 4295275 1 1024
8179 17472 4295285 1 1024
8169 17472 4295295 1 1024
8160 17472 4295305 1 1024
8152 17471 4295315 1 1024
8147 17471 4295325 1 1024
8144 17470 4295335 1 1024
8143 17470 4295345 1 1024
8145 17469 4295355 1 1024
8148 17469 4295365 1 1024
8152 17468 4295375 1 1024
8157 17468 4295385 1 1024
8162 17467 4295395 1 1024
8167 17467 4295405 1 1024
8170 17467 4295415 1 1024
8173 17467 4295425 1 1024
8174 17467 4295435 1 1024
8175 17468 4295445 1 966
