8042 18752 6417669 1 806
8042 18752 6417679 1 765
8042 18752 6417689 1 697
8042 18752 6417699 1 610
8042 18752 6417709 1 510
8043 18751 6417719 1 406
8043 18751 6417729 1 305
8048 18753 6417739 1 214
8059 18758 6417749 1 141
8071 18761 6417759 1 93
8080 18759 6417769 1 78
8084 18754 6417779 1 104
8085 18743 6417789 1 163
8086 18731 6417799 1 206
8088 18719 6417809 1 243
8094 18708 6417819 1 287
8101 18701 6417829 1 332
8109 18694 6417839 1 416
8117 18688 6417849 1 488
8123 18682 6417859 1 520
8127 18677 6417869 1 547
8130 18673 6417879 1 595
8132 18671 6417889 1 634
8134 18672 6417899 1 664
8137 18675 6417909 1 687
8141 18679 6417919 1 697
8145 18684 6417929 1 702
8147 18687 6417939 1 713
8148 18688 6417949 1 717
8147 18688 6417959 1 718
8144 18686 6417969 1 719
8141 18684 6417979 1 720
8136 18681 6417989 1 719
8132 18678 6417999 1 716
8128 18677 6418009 1 712
8123 18677 6418019 1 708
8118 18680 6418029 1 707
8113 18685 6418039 1 706
8108 18693 6418049 1 705
8103 18704 6418059 1 706
8099 18717 6418069 1 712
8094 18733 6418079 1 716
8091 18750 6418089 1 722
8089 18767 6418099 1 727
8088 18785 6418109 1 736
8088 18801 6418119 1 755
8088 18817 6418129 1 774
8088 18829 6418139 1 797
8087 18840 6418149 1 818
8086 18849 6418159 1 827
8085 18855 6418169 1 835
8085 18857 6418179 1 851
8085 18857 6418189 1 860
8086 18853 6418199 1 865
8086 18846 6418209 1 864
8086 18838 6418219 1 864
8088 18827 6418229 1 860
8089 18816 6418239 1 846
8092 18804 6418249 1 824
8095 18792 6418259 1 789
8098 18780 6418269 1 742
8102 18768 6418279 1 716
8106 18756 6418289 1 681
8111 18746 6418299 1 607
8116 18737 6418309 1 525
8121 18729 6418319 1 435
8126 18723 6418329 1 338
8130 18719 6418339 1 302
8134 18715 6418349 1 290
8138 18713 6418359 1 238
8142 18711 6418369 1 136
8145 18711 6418379 1 34
8149 18712 6418389 0 0
8152 18713 6418399 0 0
8156 18716 6418409 0 0
8159 18720 6418419 0 0
8163 18725 6418429 0 0
8166 18730 6418439 0 0
8169 18735 6418449 0 0
8172 18740 6418459 0 0
8176 18745 6418469 0 0
8180 18749 6418479 0 0
8185 18752 6418489 0 0
8191 18755 6418499 0 0
8197 18756 6418509 0 0
8203 18756 6418519 0 0
8209 18756 6418529 0 0
8214 18754 6418539 0 0
8218 18751 6418549 0 0
8222 18748 6418559 0 0
8226 18743 6418569 0 0
8229 18739 6418579 0 0
8232 18734 6418589 0 0
8234 18730 6418599 0 0
8236 18726 6418609 1 56
8237 18722 6418619 1 132
8237 18719 6418629 1 280
8237 18717 6418639 1 358
8235 18715 6418649 1 425
8233 18715 6418659 1 559
8230 18714 6418669 1 678
8226 18715 6418679 1 777
8222 18715 6418689 1 851
8219 18715 6418699 1 884
8216 18715 6418709 1 903
8214 18714 6418719 1 934
8214 18713 6418729 1 948
8215 18712 6418739 1 953
8217 18709 6418749 1 949
8219 18707 6418759 1 945
8223 18704 6418769 1 937
8227 18701 6418779 1 917
8231 18698 6418789 1 893
8235 18697 6418799 1 863
8239 18695 6418809 1 836
8242 18695 6418819 1 821
8244 18696 6418829 1 809
8246 18697 6418839 1 788
8247 18700 6418849 1 774
8247 18703 6418859 1 765
8246 18706 6418869 1 763
8245 18711 6418879 1 763
8242 18715 6418889 1 763
8239 18719 6418899 1 765
8235 18724 6418909 1 772
8231 18728 6418919 1 782
8226 18732 6418929 1 793
8220 18735 6418939 1 799
8214 18738 6418949 1 805
8208 18740 6418959 1 819
8202 18741 6418969 1 829
8196 18741 6418979 1 837
8190 18741 6418989 1 839
8185 18739 6418999 1 840
8180 18737 6419009 1 839
8176 18734 6419019 1 834
8173 18730 6419029 1 821
8171 18725 6419039 1 798
8170 18720 6419049 1 765
8169 18716 6419059 1 746
8170 18711 6419069 1 722
8171 18708 6419079 1 670
8173 18705 6419089 1 612
8174 18703 6419099 1 548
8176 18703 6419109 1 478
8178 18703 6419119 1 437
8179 18704 6419129 1 408
8180 18705 6419139 1 372
8180 18706 6419149 1 360
8180 18707 6419159 1 335
8180 18708 6419169 1 262
8180 18709 6419179 1 190
8180 18709 6419189 1 155
8180 18709 6419199 1 120
8181 18708 6419209 1 55
8183 18706 6419219 0 0
8186 18704 6419229 0 0
8189 18701 6419239 0 0
8193 18699 6419249 0 0
8198 18697 6419259 0 0
8203 18696 6419269 0 0
8208 18694 6419279 0 0
8212 18693 6419289 0 0
8215 18693 6419299 0 0
8218 18693 6419309 0 0
8219 18693 6419319 0 0
8219 18694 6419329 0 0
8219 18694 6419339 0 0
8217 18695 6419349 0 0
8215 18697 6419359 0 0
8212 18698 6419369 0 0
8208 18699 6419379 0 0
8205 18700 6419389 0 0
8201 18700 6419399 0 0
8198 18701 6419409 0 0
8196 18700 6419419 1 17
8194 18700 6419429 1 37
8193 18699 6419439 1 68
8193 18698 6419449 1 119
8194 18698 6419459 1 172
8196 18696 6419469 1 228
8198 18695 6419479 1 283
8201 18694 6419489 1 311
8204 18693 6419499 1 339
8207 18692 6419509 1 396
8210 18690 6419519 1 451
8212 18688 6419529 1 503
8213 18686 6419539 1 530
8213 18684 6419549 1 537
8211 18681 6419559 1 555
8209 18678 6419569 1 604
8205 18675 6419579 1 650
8199 18672 6419589 1 693
8193 18669 6419599 1 732
8186 18667 6419609 1 750
8179 18666 6419619 1 765
8172 18666 6419629 1 794
8165 18667 6419639 1 818
8159 18669 6419649 1 836
8155 18673 6419659 1 850
8152 18677 6419669 1 854
8151 18681 6419679 1 855
8153 18686 6419689 1 858
8156 18690 6419699 1 861
8161 18693 6419709 1 862
8168 18695 6419719 1 860
8175 18696 6419729 1 858
8183 18696 6419739 1 855
8190 18694 6419749 1 848
8197 18691 6419759 1 840
8203 18688 6419769 1 830
8207 18685 6419779 1 820
8210 18682 6419789 1 814
8212 18679 6419799 1 810
8212 18677 6419809 1 805
8211 18676 6419819 1 800
8208 18676 6419829 1 790
8205 18676 6419839 1 781
8201 18677 6419849 1 776
8197 18678 6419859 1 772
8193 18679 6419869 1 765
8190 18680 6419879 1 759
8187 18681 6419889 1 754
8185 18681 6419899 1 750
8184 18681 6419909 1 748
8185 18681 6419919 1 748
8185 18680 6419929 1 748
8187 18679 6419939 1 748
8189 18678 6419949 1 750
8192 18677 6419959 1 754
8194 18676 6419969 1 756
8197 18675 6419979 1 760
8200 18674 6419989 1 769
8203 18674 6419999 1 779
8205 18674 6420009 1 794
8207 18674 6420019 1 811
8210 18676 6420029 1 822
8212 18678 6420039 1 833
8215 18680 6420049 1 857
8218 18684 6420059 1 885
8221 18687 6420069 1 898
8224 18692 6420079 1 911
8228 18696 6420089 1 923
8232 18700 6420099 1 937
8236 18703 6420109 1 958
8241 18706 6420119 1 976
8244 18707 6420129 1 985
8248 18707 6420139 1 985
8251 18706 6420149 1 984
8253 18704 6420159 1 975
8254 18702 6420169 1 952
8254 18699 6420179 1 914
8253 18696 6420189 1 859
8251 18694 6420199 1 828
8247 18692 6420209 1 819
8243 18691 6420219 1 786
8238 18690 6420229 1 697
8232 18690 6420239 1 596
8227 18691 6420249 1 488
8222 18693 6420259 1 377
8217 18695 6420269 1 320
8214 18697 6420279 1 264
8211 18699 6420289 1 158
8210 18700 6420299 1 59
8209 18702 6420309 0 0
8210 18702 6420319 0 0
8211 18702 6420329 0 0
8214 18702 6420339 0 0
8216 18702 6420349 0 0
8219 18703 6420359 0 0
8222 18703 6420369 0 0
8224 18705 6420379 0 0
8225 18706 6420389 0 0
8226 18708 6420399 0 0
8226 18710 6420409 0 0
8226 18713 6420419 0 0
8225 18715 6420429 1 1
8224 18717 6420439 1 71
8222 18718 6420449 1 115
8221 18719 6420459 1 148
8219 18719 6420469 1 188
8217 18719 6420479 1 231
8215 18717 6420489 1 319
8213 18716 6420499 1 408
8211 18713 6420509 1 452
8208 18711 6420519 1 496
8206 18709 6420529 1 585
8203 18708 6420539 1 669
8200 18707 6420549 1 747
8197 18706 6420559 1 819
8194 18707 6420569 1 853
8191 18708 6420579 1 881
8189 18710 6420589 1 931
8187 18712 6420599 1 954
8186 18715 6420609 1 969
8185 18717 6420619 1 993
8185 18719 6420629 1 1004
8185 18720 6420639 1 1005
8186 18722 6420649 1 1009
8188 18723 6420659 1 1014
8191 18723 6420669 1 1012
8194 18723 6420679 1 1005
8199 18721 6420689 1 994
8204 18719 6420699 1 989
8209 18715 6420709 1 983
8215 18711 6420719 1 970
8220 18706 6420729 1 959
8225 18701 6420739 1 953
8230 18696 6420749 1 950
8233 18692 6420759 1 948
8236 18688 6420769 1 946
8237 18685 6420779 1 944
8238 18682 6420789 1 944
8239 18680 6420799 1 946
8239 18679 6420809 1 950
8239 18678 6420819 1 953
8240 18678 6420829 1 957
8240 18678 6420839 1 963
8241 18680 6420849 1 969
8243 18682 6420859 1 977
8246 18685 6420869 1 981
8249 18689 6420879 1 982
8252 18693 6420889 1 985
8256 18697 6420899 1 991
8259 18702 6420909 1 996
8262 18707 6420919 1 1000
8265 18713 6420929 1 1003
8266 18719 6420939 1 1004
8267 18725 6420949 1 1006
8266 18730 6420959 1 1009
8266 18735 6420969 1 1010
8264 18738 6420979 1 1015
8263 18740 6420989 1 1017
8261 18741 6420999 1 1020
8260 18741 6421009 1 1021
8259 18740 6421019 1 1023
8258 18739 6421029 1 1024
8258 18737 6421039 1 1024
8258 18735 6421049 1 1024
8258 18733 6421059 1 1024
8259 18732 6421069 1 1024
8261 18731 6421079 1 1024
8262 18731 6421089 1 1024
8263 18732 6421099 1 1024
8265 18733 6421109 1 1024
8266 18734 6421119 1 1024
8267 18735 6421129 1 1024
8267 18736 6421139 1 1024
8267 18737 6421149 1 1024
8267 18737 6421159 1 1024
8267 18736 6421169 1 1024
8267 18734 6421179 1 1024
8267 18732 6421189 1 1024
8268 18729 6421199 1 1024
8269 18725 6421209 1 1024
8271 18722 6421219 1 1024
8273 18718 6421229 1 1024
8275 18715 6421239 1 1024
8278 18713 6421249 1 1024
8281 18711 6421259 1 1024
8285 18711 6421269 1 1024
8288 18711 6421279 1 1021
8291 18712 6421289 1 1016
8293 18713 6421299 1 1014
8295 18715 6421309 1 1012
8295 18717 6421319 1 1009
8295 18718 6421329 1 1006
8293 18720 6421339 1 1004
8290 18720 6421349 1 1003
8286 18721 6421359 1 1003
8282 18720 6421369 1 1003
8276 18719 6421379 1 1005
8271 18718 6421389 1 1009
8265 18717 6421399 1 1011
8260 18716 6421409 1 1015
8255 18715 6421419 1 1022
8252 18714 6421429 1 1024
8249 18713 6421439 1 1024
8247 18713 6421449 1 1024
8247 18712 6421459 1 1024
8247 18712 6421469 1 1024
8247 18712 6421479 1 1024
8248 18711 6421489 1 1024
8248 18711 6421499 1 1024
8249 18711 6421509 1 1024
8249 18711 6421519 1 1024
8248 18711 6421529 1 1024
8247 18712 6421539 1 1024
8246 18712 6421549 1 1024
8244 18713 6421559 1 1024
8241 18713 6421569 1 1024
8239 18714 6421579 1 1024
8237 18715 6421589 1 1024
8234 18716 6421599 1 1024
8233 18717 6421609 1 1024
8231 18719 6421619 1 1024
8230 18720 6421629 1 1024
8229 18721 6421639 1 1024
8229 18723 6421649 1 1024
8228 18724 6421659 1 1024
8228 18725 6421669 1 1014
8229 18726 6421679 1 896
8229 18728 6421689 1 767
8229 18729 6421699 1 628
8230 18729 6421709 1 482
8231 18730 6421719 1 331
8233 18730 6421729 1 179
8236 18729 6421739 1 27
8239 18729 6421749 0 0
8244 18727 6421759 0 0
8249 18726 6421769 0 0
8255 18724 6421779 0 0
8262 18722 6421789 0 0
8268 18721 6421799 0 0
8274 18719 6421809 0 0
8278 18718 6421819 0 0
8282 18717 6421829 0 0
8283 18716 6421839 0 0
8283 18716 6421849 0 0
8281 18715 6421859 0 0
8278 18716 6421869 0 0
8273 18716 6421879 0 0
8267 18717 6421889 0 0
8261 18717 6421899 1 2
8256 18718 6421909 1 248
8252 18719 6421919 1 511
8249 18720 6421929 1 781
8248 18721 6421939 1 1024
8249 18721 6421949 1 1024
8251 18720 6421959 1 1024
8255 18719 6421969 1 1024
8260 18718 6421979 1 1024
8265 18715 6421989 1 1024
8270 18713 6421999 1 1024
8274 18710 6422009 1 1024
8277 18707 6422019 1 1024
8277 18705 6422029 1 1024
8276 18703 6422039 1 1024
8273 18702 6422049 1 1024
8269 18701 6422059 1 1024
8263 18702 6422069 1 1024
8256 18703 6422079 1 1024
8250 18706 6422089 1 1024
8243 18710 6422099 1 1024
8238 18714 6422109 1 1024
8235 18719 6422119 1 1024
