8221 18283 2197890 1 663
8221 18283 2197900 1 661
8221 18283 2197910 1 659
8221 18282 2197920 1 659
8221 18282 2197930 1 659
8221 18283 2197940 1 660
8223 18286 2197950 1 661
8224 18291 2197960 1 662
8224 18294 2197970 1 662
8223 18294 2197980 1 662
8220 18294 2197990 1 661
8216 18293 2198000 1 661
8212 18293 2198010 1 661
8210 18294 2198020 1 660
8208 18295 2198030 1 660
8207 18297 2198040 1 660
8205 18300 2198050 1 659
8203 18301 2198060 1 660
8201 18302 2198070 1 660
8199 18302 2198080 1 661
8198 18302 2198090 1 662
8196 18301 2198100 1 663
8195 18301 2198110 1 663
8195 18301 2198120 1 665
8194 18301 2198130 1 667
8193 18300 2198140 1 670
8193 18300 2198150 1 674
8192 18300 2198160 1 677
8192 18300 2198170 1 682
8191 18300 2198180 1 686
8191 18301 2198190 1 690
8191 18301 2198200 1 694
8191 18301 2198210 1 697
8191 18301 2198220 1 697
8191 18301 2198230 1 697
8191 18302 2198240 1 694
8191 18302 2198250 1 689
8192 18302 2198260 1 682
8193 18303 2198270 1 671
8193 18303 2198280 1 658
8194 18304 2198290 1 642
8194 18304 2198300 1 624
8194 18305 2198310 1 614
8194 18306 2198320 1 604
8194 18307 2198330 1 581
8194 18309 2198340 1 558
8193 18310 2198350 1 533
8192 18311 2198360 1 507
8191 18313 2198370 1 480
8190 18314 2198380 1 454
8188 18316 2198390 1 426
8186 18317 2198400 1 399
8184 18319 2198410 1 372
8181 18320 2198420 1 345
8179 18321 2198430 1 320
8176 18323 2198440 1 296
8173 18324 2198450 1 273
8171 18324 2198460 1 251
8168 18325 2198470 1 232
8165 18325 2198480 1 214
8163 18325 2198490 1 200
8160 18325 2198500 1 180
8158 18325 2198510 1 179
8156 18325 2198520 1 180
8154 18325 2198530 1 177
8152 18324 2198540 1 177
8151 18324 2198550 1 176
8150 18323 2198560 1 175
8149 18322 2198570 1 174
8149 18321 2198580 1 174
8148 18319 2198590 1 172
8148 18317 2198600 1 172
8147 18315 2198610 1 170
8147 18313 2198620 1 174
8147 18310 2198630 1 183
8148 18307 2198640 1 196
8148 18305 2198650 1 214
8149 18302 2198660 1 236
8150 18299 2198670 1 260
8151 18297 2198680 1 288
8152 18294 2198690 1 319
8154 18291 2198700 1 351
8155 18289 2198710 1 385
8156 18287 2198720 1 420
8158 18285 2198730 1 438
8159 18283 2198740 1 455
8161 18282 2198750 1 491
8163 18281 2198760 1 527
8164 18279 2198770 1 561
8166 18278 2198780 1 595
8168 18278 2198790 1 626
8170 18277 2198800 1 655
8171 18277 2198810 1 681
8173 18276 2198820 1 705
8175 18276 2198830 1 724
8176 18277 2198840 1 740
8178 18277 2198850 1 754
8179 18277 2198860 1 766
8181 18278 2198870 1 776
8182 18279 2198880 1 785
8184 18279 2198890 1 792
8185 18280 2198900 1 798
8187 18281 2198910 1 801
8188 18281 2198920 1 805
8189 18282 2198930 1 807
8190 18283 2198940 1 807
8191 18284 2198950 1 807
8192 18284 2198960 1 807
8193 18285 2198970 1 806
8193 18286 2198980 1 804
8194 18287 2198990 1 802
8195 18288 2199000 1 798
8196 18288 2199010 1 794
8197 18289 2199020 1 790
8198 18290 2199030 1 786
8199 18291 2199040 1 782
8200 18291 2199050 1 777
8201 18292 2199060 1 772
8202 18292 2199070 1 767
8202 18293 2199080 1 763
8203 18293 2199090 1 759
8203 18293 2199100 1 755
8203 18293 2199110 1 752
8203 18293 2199120 1 749
8204 18293 2199130 1 748
8203 18293 2199140 1 746
8203 18292 2199150 1 746
8203 18292 2199160 1 747
8202 18292 2199170 1 746
8202 18291 2199180 1 747
8201 18291 2199190 1 748
8200 18291 2199200 1 749
8199 18291 2199210 1 752
8198 18291 2199220 1 755
8197 18291 2199230 1 759
8196 18291 2199240 1 762
8195 18291 2199250 1 768
8194 18291 2199260 1 772
8193 18291 2199270 1 778
8192 18292 2199280 1 782
8192 18292 2199290 1 787
8191 18293 2199300 1 791
8191 18293 2199310 1 795
8191 18293 2199320 1 799
8191 18294 2199330 1 801
8191 18294 2199340 1 802
8191 18295 2199350 1 802
8191 18296 2199360 1 800
8191 18296 2199370 1 799
8191 18297 2199380 1 797
8191 18298 2199390 1 792
8190 18298 2199400 1 785
8190 18299 2199410 1 775
8190 18299 2199420 1 764
8190 18300 2199430 1 750
8190 18300 2199440 1 735
8190 18300 2199450 1 719
8190 18300 2199460 1 703
8190 18300 2199470 1 687
8190 18300 2199480 1 671
8190 18299 2199490 1 657
8191 18299 2199500 1 644
8191 18299 2199510 1 633
8191 18298 2199520 1 625
8192 18298 2199530 1 619
8192 18297 2199540 1 617
8192 18297 2199550 1 620
8193 18296 2199560 1 627
8193 18296 2199570 1 639
8193 18295 2199580 1 647
8193 18295 2199590 1 658
8193 18294 2199600 1 713
8193 18294 2199610 1 752
8193 18295 2199620 1 798
8192 18295 2199630 1 851
8192 18295 2199640 1 914
8191 18295 2199650 1 980
8191 18296 2199660 1 983
8190 18296 2199670 1 984
8189 18297 2199680 1 984
8189 18297 2199690 1 984
8188 18298 2199700 1 986
8188 18298 2199710 1 986
8187 18299 2199720 1 986
8187 18299 2199730 1 987
8187 18299 2199740 1 987
8187 18300 2199750 1 988
8187 18300 2199760 1 989
8187 18300 2199770 1 989
8188 18300 2199780 1 989
8188 18300 2199790 1 990
8188 18299 2199800 1 990
8188 18299 2199810 1 990
8189 18299 2199820 1 992
8189 18299 2199830 1 992
8189 18299 2199840 1 992
8189 18299 2199850 1 993
8189 18299 2199860 1 993
8189 18299 2199870 1 993
8190 18299 2199880 1 995
8190 18299 2199890 1 826
8190 18299 2199900 1 599
8189 18299 2199910 1 345
8189 18299 2199920 1 70
8189 18299 2199930 1 50
8189 18299 2199940 1 49
8188 18299 2199950 1 49
8188 18299 2199960 1 47
8188 18300 2199970 1 46
8187 18300 2199980 1 45
8187 18300 2199990 1 44
8187 18300 2200000 1 44
8187 18300 2200010 1 43
8187 18301 2200020 1 42
8187 18301 2200030 1 41
8187 18301 2200040 1 39
8187 18301 2200050 1 39
8187 18301 2200060 1 38
8187 18301 2200070 1 37
8188 18302 2200080 1 36
8188 18302 2200090 1 35
8188 18302 2200100 1 34
8189 18302 2200110 1 33
8190 18302 2200120 1 32
8190 18303 2200130 1 31
8191 18303 2200140 1 30
8192 18303 2200150 1 29
8192 18303 2200160 1 28
8193 18304 2200170 1 27
8193 18304 2200180 1 26
8194 18304 2200190 1 16
8194 18304 2200200 1 15
8195 18304 2200210 1 14
8195 18305 2200220 1 14
8195 18305 2200230 1 13
8195 18305 2200240 1 13
8195 18305 2200250 1 12
8195 18305 2200260 1 11
8195 18305 2200270 1 11
8195 18305 2200280 1 10
8195 18304 2200290 1 9
8195 18304 2200300 1 9
8195 18304 2200310 1 8
8194 18303 2200320 1 19
8194 18303 2200330 1 45
8194 18302 2200340 1 82
8193 18302 2200350 1 129
8193 18302 2200360 1 183
8192 18302 2200370 1 242
8192 18301 2200380 1 305
8191 18301 2200390 1 369
8190 18301 2200400 1 433
8190 18301 2200410 1 493
8189 18301 2200420 1 548
8188 18301 2200430 1 574
8188 18301 2200440 1 596
8187 18301 2200450 1 635
8186 18301 2200460 1 661
8186 18301 2200470 1 674
8185 18301 2200480 1 670
8184 18302 2200490 1 650
8184 18302 2200500 1 609
8183 18302 2200510 1 545
8183 18302 2200520 1 458
8183 18302 2200530 1 344
8183 18302 2200540 1 214
8183 18303 2200550 1 110
8183 18303 2200560 1 27
8184 18303 2200570 1 10
8184 18302 2200580 1 11
8184 18302 2200590 1 12
8185 18302 2200600 1 13
8185 18302 2200610 1 14
8186 18302 2200620 1 15
8186 18301 2200630 1 18
8186 18301 2200640 1 16
8186 18301 2200650 1 24
8186 18301 2200660 1 82
8187 18301 2200670 1 150
8187 18301 2200680 1 225
8187 18301 2200690 1 305
8187 18301 2200700 1 390
8188 18301 2200710 1 477
8188 18301 2200720 1 567
8188 18301 2200730 1 656
8188 18301 2200740 1 744
8188 18301 2200750 1 830
8188 18301 2200760 1 911
8188 18302 2200770 1 988
8188 18302 2200780 1 1006
8188 18302 2200790 1 1006
8188 18302 2200800 1 1006
8188 18302 2200810 1 1005
8188 18302 2200820 1 1005
8187 18302 2200830 1 1005
8187 18302 2200840 1 1003
8186 18302 2200850 1 1003
8186 18301 2200860 1 1003
8185 18301 2200870 1 1002
8185 18301 2200880 1 1002
8184 18301 2200890 1 1002
8184 18301 2200900 1 1000
8184 18301 2200910 1 1000
8184 18301 2200920 1 1000
8184 18301 2200930 1 999
8184 18301 2200940 1 999
8184 18301 2200950 1 999
8185 18301 2200960 1 997
8185 18302 2200970 1 997
8186 18302 2200980 1 997
8186 18302 2200990 1 996
8187 18302 2201000 1 996
8187 18302 2201010 1 996
8188 18302 2201020 1 995
8188 18302 2201030 1 994
8188 18302 2201040 1 994
8188 18302 2201050 1 994
8188 18303 2201060 1 993
8188 18303 2201070 1 993
8188 18303 2201080 1 992
8188 18303 2201090 1 991
8188 18303 2201100 1 991
8188 18303 2201110 1 991
8188 18303 2201120 1 990
8188 18303 2201130 1 990
8188 18302 2201140 1 989
8188 18302 2201150 1 988
8189 18302 2201160 1 988
8189 18302 2201170 1 988
8189 18301 2201180 1 987
8189 18301 2201190 1 987
8189 18301 2201200 1 986
8189 18300 2201210 1 985
8189 18300 2201220 1 985
8188 18300 2201230 1 985
8188 18300 2201240 1 984
8188 18299 2201250 1 983
8188 18299 2201260 1 983
8188 18299 2201270 1 982
8188 18299 2201280 1 982
8187 18299 2201290 1 982
8187 18299 2201300 1 982
8188 18299 2201310 1 939
8188 18299 2201320 1 915
8188 18299 2201330 1 893
8188 18300 2201340 1 873
8188 18300 2201350 1 852
8188 18300 2201360 1 834
8188 18300 2201370 1 816
8188 18300 2201380 1 799
8189 18301 2201390 1 783
8189 18301 2201400 1 769
8189 18301 2201410 1 756
8189 18301 2201420 1 743
8189 18301 2201430 1 732
8189 18301 2201440 1 722
8189 18301 2201450 1 713
8189 18302 2201460 1 708
8189 18302 2201470 1 705
8188 18302 2201480 1 698
8188 18302 2201490 1 692
8188 18303 2201500 1 688
8188 18303 2201510 1 685
8188 18304 2201520 1 683
8188 18304 2201530 1 682
8188 18305 2201540 1 682
8188 18305 2201550 1 684
8188 18305 2201560 1 686
8188 18305 2201570 1 691
8188 18304 2201580 1 696
8188 18304 2201590 1 702
8189 18304 2201600 1 710
8189 18303 2201610 1 719
8189 18303 2201620 1 730
8190 18302 2201630 1 741
8191 18302 2201640 1 754
8191 18302 2201650 1 768
8192 18301 2201660 1 783
8192 18301 2201670 1 791
8193 18301 2201680 1 800
8193 18300 2201690 1 818
8193 18300 2201700 1 828
8193 18299 2201710 1 837
8193 18298 2201720 1 858
8192 18298 2201730 1 880
8192 18297 2201740 1 903
8192 18297 2201750 1 928
8191 18297 2201760 1 954
8191 18296 2201770 1 954
8190 18296 2201780 1 827
8190 18296 2201790 1 576
8189 18297 2201800 1 238
8189 18297 2201810 1 127
8189 18297 2201820 1 128
8189 18297 2201830 1 129
8188 18297 2201840 1 130
8188 18297 2201850 1 130
8187 18297 2201860 1 132
8187 18297 2201870 1 132
8187 18297 2201880 1 134
8186 18297 2201890 1 187
8186 18297 2201900 1 135
8186 18297 2201910 1 135
8186 18298 2201920 1 951
8186 18298 2201930 1 951
8187 18298 2201940 1 767
8187 18298 2201950 1 606
8188 18298 2201960 1 474
8188 18299 2201970 1 369
8189 18299 2201980 1 289
8189 18299 2201990 1 232
8190 18299 2202000 1 197
8191 18300 2202010 1 180
8191 18300 2202020 1 181
8192 18300 2202030 1 198
8193 18300 2202040 1 227
8194 18300 2202050 1 268
8194 18300 2202060 1 320
8195 18300 2202070 1 378
8195 18300 2202080 1 444
8195 18300 2202090 1 513
8195 18300 2202100 1 549
8195 18299 2202110 1 585
8195 18299 2202120 1 657
8195 18299 2202130 1 728
8195 18299 2202140 1 796
8195 18299 2202150 1 860
8194 18298 2202160 1 917
8194 18298 2202170 1 940
8194 18298 2202180 1 940
8193 18298 2202190 1 939
8193 18298 2202200 1 939
8193 18298 2202210 1 938
8192 18298 2202220 1 938
8192 18298 2202230 1 937
8191 18298 2202240 1 937
8191 18297 2202250 1 937
8191 18297 2202260 1 936
8191 18297 2202270 1 935
8190 18297 2202280 1 935
8190 18296 2202290 1 935
8190 18296 2202300 1 934
8189 18296 2202310 1 934
8189 18296 2202320 1 934
8189 18297 2202330 1 932
8189 18297 2202340 1 932
8188 18297 2202350 1 932
8188 18298 2202360 1 932
8188 18298 2202370 1 930
8187 18298 2202380 1 925
8185 18299 2202390 1 922
8182 18299 2202400 1 920
8176 18299 2202410 1 919
8167 18299 2202420 1 918
8155 18298 2202430 1 920
8140 18297 2202440 1 921
8124 18295 2202450 1 924
8108 18292 2202460 1 927
8094 18288 2202470 1 926
8084 18285 2202480 1 926
8077 18282 2202490 1 926
8074 18279 2202500 1 926
8074 18277 2202510 1 924
8079 18273 2202520 1 924
8088 18270 2202530 1 924
8100 18268 2202540 1 923
8115 18268 2202550 1 923
8131 18271 2202560 1 923
8146 18276 2202570 1 922
8159 18283 2202580 1 921
8170 18290 2202590 1 921
8178 18298 2202600 1 921
8182 18305 2202610 1 921
8182 18312 2202620 1 920
8177 18318 2202630 1 919
8167 18323 2202640 1 919
8153 18326 2202650 1 919
8138 18326 2202660 1 918
8123 18325 2202670 1 918
8110 18321 2202680 1 918
8101 18317 2202690 1 916
8096 18312 2202700 1 916
8095 18307 2202710 1 916
8098 18300 2202720 1 916
8105 18293 2202730 1 915
8117 18286 2202740 1 914
8132 18281 2202750 1 914
8150 18279 2202760 1 914
8166 18280 2202770 1 913
8181 18285 2202780 1 913
8191 18291 2202790 1 913
8197 18298 2202800 1 912
8198 18305 2202810 1 911
8194 18312 2202820 1 911
8187 18318 2202830 1 911
8175 18322 2202840 1 910
8160 18325 2202850 1 910
8144 18326 2202860 1 909
8126 18324 2202870 1 909
8109 18320 2202880 1 908
8092 18314 2202890 1 908
8078 18307 2202900 1 908
8066 18299 2202910 1 907
8061 18290 2202920 1 906
8066 18284 2202930 1 906
8071 18290 2202940 1 906
8070 18296 2202950 1 905
8069 18298 2202960 1 905
8067 18299 2202970 1 904
8065 18298 2202980 1 904
8063 18298 2202990 1 903
8062 18297 2203000 1 903
8061 18297 2203010 1 903
