7777 18633 8926592 1 1024
7673 18569 8926602 1 1024
7627 18535 8926612 1 882
7619 18521 8926622 1 547
7628 18515 8926632 1 306
7635 18509 8926642 1 149
7636 18503 8926652 1 65
7635 18495 8926662 1 42
7636 18490 8926672 1 69
7636 18484 8926682 1 133
7635 18479 8926692 1 223
7634 18474 8926702 1 326
7635 18471 8926712 1 433
7637 18468 8926722 1 528
7638 18468 8926732 1 572
7640 18468 8926742 1 603
7645 18468 8926752 1 659
7650 18468 8926762 1 699
7654 18469 8926772 1 721
7656 18471 8926782 1 729
7656 18472 8926792 1 723
7654 18474 8926802 1 706
7651 18477 8926812 1 678
7646 18480 8926822 1 640
7642 18485 8926832 1 594
7637 18492 8926842 1 541
7634 18501 8926852 1 483
7629 18506 8926862 1 453
7624 18512 8926872 1 422
7621 18517 8926882 1 396
7619 18525 8926892 1 358
7616 18538 8926902 1 293
7614 18551 8926912 1 227
7614 18562 8926922 1 163
7618 18571 8926932 1 104
7624 18577 8926942 1 48
7633 18578 8926952 0 0
7645 18576 8926962 0 0
7659 18571 8926972 0 0
7673 18563 8926982 0 0
7685 18554 8926992 0 0
7694 18549 8927002 0 0
7699 18545 8927012 0 0
7701 18538 8927022 0 0
7698 18534 8927032 0 0
7693 18534 8927042 0 0
7687 18538 8927052 1 65
7683 18545 8927062 1 148
7682 18554 8927072 1 241
7685 18564 8927082 1 341
7692 18573 8927092 1 440
7702 18581 8927102 1 536
7714 18585 8927112 1 622
7725 18585 8927122 1 696
7733 18584 8927132 1 729
7737 18581 8927142 1 752
7736 18575 8927152 1 792
7731 18567 8927162 1 818
7727 18562 8927172 1 827
7722 18557 8927182 1 830
7712 18546 8927192 1 833
7701 18536 8927202 1 827
7691 18527 8927212 1 814
7683 18519 8927222 1 795
7677 18514 8927232 1 773
7673 18510 8927242 1 750
7671 18508 8927252 1 729
7670 18508 8927262 1 708
7672 18508 8927272 1 699
7673 18509 8927282 1 693
7672 18510 8927292 1 682
7670 18513 8927302 1 674
7669 18516 8927312 1 669
7668 18519 8927322 1 667
7669 18523 8927332 1 668
7671 18528 8927342 1 671
7675 18534 8927352 1 676
7680 18539 8927362 1 683
7685 18545 8927372 1 690
7690 18551 8927382 1 698
7694 18555 8927392 1 706
7695 18557 8927402 1 711
7694 18558 8927412 1 715
7694 18559 8927422 1 723
7692 18557 8927432 1 730
7689 18554 8927442 1 737
7686 18550 8927452 1 743
7685 18548 8927462 1 746
7684 18545 8927472 1 748
7684 18540 8927482 1 753
7687 18536 8927492 1 758
7693 18533 8927502 1 763
7702 18532 8927512 1 766
7713 18533 8927522 1 769
7724 18534 8927532 1 771
7732 18536 8927542 1 772
7736 18538 8927552 1 774
7738 18539 8927562 1 776
7736 18539 8927572 1 776
7730 18539 8927582 1 777
7719 18537 8927592 1 777
7704 18534 8927602 1 778
7687 18531 8927612 1 778
7669 18527 8927622 1 777
7653 18524 8927632 1 777
7639 18522 8927642 1 775
7627 18519 8927652 1 775
7617 18515 8927662 1 773
7615 18514 8927672 1 772
7613 18512 8927682 1 772
7606 18507 8927692 1 771
7600 18500 8927702 1 770
7594 18493 8927712 1 768
7588 18484 8927722 1 766
7584 18474 8927732 1 765
7583 18463 8927742 1 764
7583 18458 8927752 1 764
7585 18454 8927762 1 762
7590 18447 8927772 1 761
7600 18442 8927782 1 760
7612 18440 8927792 1 758
7625 18439 8927802 1 757
7633 18438 8927812 1 758
7638 18439 8927822 1 757
7644 18442 8927832 1 758
7647 18446 8927842 1 757
7646 18450 8927852 1 757
7645 18456 8927862 1 757
7643 18462 8927872 1 757
7645 18469 8927882 1 758
7651 18477 8927892 1 758
7662 18485 8927902 1 760
7678 18494 8927912 1 760
7698 18504 8927922 1 761
7720 18514 8927932 1 762
7737 18519 8927942 1 763
7752 18525 8927952 1 763
7767 18536 8927962 1 765
7776 18547 8927972 1 767
7779 18557 8927982 1 767
7776 18566 8927992 1 769
7769 18575 8928002 1 770
7759 18582 8928012 1 772
7747 18588 8928022 1 774
7736 18593 8928032 1 776
7730 18595 8928042 1 777
7725 18596 8928052 1 777
7714 18597 8928062 1 778
7705 18597 8928072 1 780
7702 18596 8928082 1 781
7699 18593 8928092 1 782
7690 18589 8928102 1 784
7679 18582 8928112 1 785
7667 18574 8928122 1 786
7653 18564 8928132 1 788
7638 18553 8928142 1 790
7623 18542 8928152 1 790
7608 18530 8928162 1 792
7595 18518 8928172 1 793
7585 18507 8928182 1 794
7577 18496 8928192 1 795
7571 18486 8928202 1 795
7568 18477 8928212 1 796
7567 18468 8928222 1 797
7566 18460 8928232 1 797
7567 18453 8928242 1 798
7567 18446 8928252 1 797
7568 18440 8928262 1 797
7570 18435 8928272 1 796
7575 18432 8928282 1 796
7584 18429 8928292 1 795
7598 18428 8928302 1 794
7618 18428 8928312 1 793
7645 18431 8928322 1 792
7672 18431 8928332 1 790
7705 18435 8928342 1 789
7741 18441 8928352 1 787
7781 18451 8928362 1 784
