8276 17734 3269109 1 869
8147 17646 3269119 1 846
8091 17599 3269129 1 736
8082 17580 3269139 1 607
8092 17572 3269149 1 512
8101 17564 3269159 1 447
8102 17556 3269169 1 410
8102 17546 3269179 1 398
8103 17540 3269189 1 406
8102 17533 3269199 1 429
8101 17528 3269209 1 465
8100 17524 3269219 1 508
8100 17522 3269229 1 552
8102 17521 3269239 1 593
8103 17523 3269249 1 612
8106 17526 3269259 1 626
8112 17528 3269269 1 651
8119 17531 3269279 1 670
8125 17535 3269289 1 681
8128 17540 3269299 1 685
8127 17545 3269309 1 683
8122 17550 3269319 1 675
8112 17556 3269329 1 661
8100 17562 3269339 1 643
8087 17568 3269349 1 619
8076 17574 3269359 1 592
8068 17581 3269369 1 561
8064 17582 3269379 1 544
8064 17584 3269389 1 527
8070 17596 3269399 1 491
8082 17611 3269409 1 454
8098 17628 3269419 1 415
8117 17646 3269429 1 377
8135 17662 3269439 1 340
8145 17669 3269449 1 324
8152 17674 3269459 1 305
8166 17680 3269469 1 273
8176 17681 3269479 1 268
8183 17677 3269489 1 263
8186 17669 3269499 1 258
8187 17659 3269509 1 254
8184 17654 3269519 1 249
8181 17650 3269529 1 246
8178 17642 3269539 1 241
8174 17637 3269549 1 236
8169 17635 3269559 1 231
8164 17635 3269569 1 271
8159 17638 3269579 1 321
8155 17641 3269589 1 379
8154 17644 3269599 1 443
8155 17646 3269609 1 507
8159 17646 3269619 1 571
8165 17646 3269629 1 629
8173 17644 3269639 1 680
8183 17645 3269649 1 704
8192 17646 3269659 1 721
8201 17647 3269669 1 750
8207 17648 3269679 1 770
8212 17647 3269689 1 781
8215 17645 3269699 1 784
8216 17641 3269709 1 781
8216 17635 3269719 1 773
8214 17627 3269729 1 760
8211 17616 3269739 1 744
8207 17604 3269749 1 727
8201 17592 3269759 1 711
8193 17580 3269769 1 696
8187 17569 3269779 1 689
8185 17564 3269789 1 687
8179 17561 3269799 1 684
8166 17556 3269809 1 675
8153 17556 3269819 1 669
8140 17559 3269829 1 665
8130 17565 3269839 1 664
8124 17575 3269849 1 665
8122 17586 3269859 1 668
8125 17599 3269869 1 672
8133 17612 3269879 1 678
8144 17625 3269889 1 685
8158 17638 3269899 1 693
8172 17648 3269909 1 701
8183 17655 3269919 1 706
8191 17660 3269929 1 710
8196 17662 3269939 1 718
8195 17661 3269949 1 726
8188 17657 3269959 1 734
8176 17650 3269969 1 740
8160 17641 3269979 1 746
8143 17633 3269989 1 752
8127 17626 3269999 1 758
8113 17621 3270009 1 762
8105 17617 3270019 1 763
8102 17615 3270029 1 765
8104 17613 3270039 1 766
8110 17611 3270049 1 766
8120 17605 3270059 1 766
8136 17596 3270069 1 767
8155 17584 3270079 1 766
8174 17569 3270089 1 765
8189 17554 3270099 1 765
8200 17541 3270109 1 764
8204 17530 3270119 1 762
8205 17526 3270129 1 761
8201 17525 3270139 1 761
8192 17526 3270149 1 759
8175 17532 3270159 1 757
8153 17540 3270169 1 755
8126 17548 3270179 1 753
8105 17558 3270189 1 751
8084 17566 3270199 1 749
8059 17567 3270209 1 748
8041 17565 3270219 1 746
8029 17560 3270229 1 743
8025 17554 3270239 1 741
8027 17547 3270249 1 738
8035 17541 3270259 1 737
8046 17537 3270269 1 735
8059 17536 3270279 1 732
8072 17536 3270289 1 731
8084 17536 3270299 1 729
8092 17535 3270309 1 727
8093 17532 3270319 1 727
8090 17526 3270329 1 726
8090 17519 3270339 1 725
8091 17513 3270349 1 724
8093 17508 3270359 1 723
8099 17505 3270369 1 722
8109 17506 3270379 1 721
8125 17512 3270389 1 721
8147 17522 3270399 1 720
8173 17536 3270409 1 720
8201 17553 3270419 1 720
8230 17571 3270429 1 719
8255 17589 3270439 1 720
8271 17598 3270449 1 719
8281 17603 3270459 1 719
8285 17607 3270469 1 719
8287 17609 3270479 1 719
8285 17611 3270489 1 719
8276 17608 3270499 1 719
8263 17602 3270509 1 719
8249 17597 3270519 1 719
8234 17593 3270529 1 719
8222 17594 3270539 1 719
8212 17601 3270549 1 719
8205 17612 3270559 1 719
8200 17628 3270569 1 719
8194 17646 3270579 1 719
8195 17664 3270589 1 719
8194 17679 3270599 1 719
8183 17686 3270609 1 719
8169 17684 3270619 1 719
8152 17674 3270629 1 718
8134 17656 3270639 1 718
8115 17633 3270649 1 718
8098 17608 3270659 1 718
8082 17585 3270669 1 718
8069 17565 3270679 1 717
8057 17550 3270689 1 717
8047 17542 3270699 1 716
8038 17539 3270709 1 716
8030 17539 3270719 1 715
8024 17540 3270729 1 715
8019 17539 3270739 1 714
8016 17533 3270749 1 713
8016 17523 3270759 1 712
8018 17507 3270769 1 712
8023 17487 3270779 1 710
8031 17465 3270789 1 709
8042 17444 3270799 1 708
8057 17429 3270809 1 707
8074 17421 3270819 1 706
8097 17422 3270829 1 705
8118 17430 3270839 1 703
8148 17447 3270849 1 702
8188 17473 3270859 1 700
8239 17505 3270869 1 698
