7991 17679 7964421 1 659
7992 17678 7964431 1 640
7994 17679 7964441 1 641
7992 17676 7964451 1 643
7996 17678 7964461 1 628
7999 17679 7964471 1 597
8003 17681 7964481 1 550
8008 17682 7964491 1 491
8017 17685 7964501 1 346
8021 17687 7964511 1 265
8026 17688 7964521 1 182
8030 17689 7964531 1 99
8034 17690 7964541 1 18
8038 17691 7964551 0 0
8041 17693 7964561 0 0
8042 17693 7964571 0 0
8041 17694 7964581 0 0
8039 17694 7964591 0 0
8035 17694 7964601 0 0
8030 17694 7964611 0 0
8025 17693 7964621 0 0
8019 17691 7964631 0 0
8013 17690 7964641 0 0
8007 17688 7964651 0 0
7997 17683 7964661 0 0
7994 17681 7964671 1 14
7993 17678 7964681 1 78
7993 17676 7964691 1 143
7995 17672 7964701 1 277
8000 17670 7964711 1 344
8005 17668 7964721 1 409
8011 17667 7964731 1 474
8024 17665 7964741 1 592
8031 17665 7964751 1 646
8037 17665 7964761 1 693
8043 17666 7964771 1 735
8049 17666 7964781 1 772
8053 17667 7964791 1 803
8058 17669 7964801 1 829
8063 17671 7964811 1 849
8073 17675 7964821 1 878
8078 17678 7964831 1 886
8092 17684 7964841 1 893
8098 17688 7964851 1 892
8105 17691 7964861 1 888
8112 17695 7964871 1 882
8119 17698 7964881 1 873
8126 17702 7964891 1 862
8138 17708 7964901 1 837
8143 17711 7964911 1 824
8146 17713 7964921 1 809
8148 17715 7964931 1 795
8149 17716 7964941 1 780
8148 17717 7964951 1 764
8146 17718 7964961 1 750
8143 17718 7964971 1 736
8132 17717 7964981 1 703
8126 17716 7964991 1 693
8121 17715 7965001 1 686
8116 17713 7965011 1 679
8112 17711 7965021 1 674
8108 17709 7965031 1 669
8105 17707 7965041 1 666
8103 17704 7965051 1 663
8100 17699 7965061 1 660
8099 17695 7965071 1 660
8099 17692 7965081 1 661
8100 17689 7965091 1 662
8101 17686 7965101 1 664
8102 17683 7965111 1 666
8104 17680 7965121 1 669
8104 17674 7965131 1 676
8107 17668 7965141 1 685
8107 17666 7965151 1 691
8108 17664 7965161 1 697
8107 17662 7965171 1 702
8106 17660 7965181 1 708
8104 17658 7965191 1 713
8103 17656 7965201 1 719
8100 17655 7965211 1 726
8096 17652 7965221 1 738
8095 17651 7965231 1 745
8093 17650 7965241 1 750
8092 17650 7965251 1 756
8092 17650 7965261 1 762
8092 17650 7965271 1 772
8093 17650 7965281 1 777
8094 17650 7965291 1 783
8098 17651 7965301 1 791
8100 17651 7965311 1 796
8103 17652 7965321 1 800
8105 17652 7965331 1 804
8106 17653 7965341 1 809
8108 17654 7965351 1 812
8109 17655 7965361 1 815
8110 17657 7965371 1 819
8109 17659 7965381 1 825
8108 17661 7965391 1 827
8106 17662 7965401 1 830
8101 17663 7965411 1 836
8099 17663 7965421 1 838
8096 17663 7965431 1 840
8093 17663 7965441 1 842
8091 17662 7965451 1 843
8087 17659 7965461 1 847
8086 17657 7965471 1 848
8086 17656 7965481 1 850
8086 17654 7965491 1 851
8087 17653 7965501 1 853
8088 17652 7965511 1 854
8089 17652 7965521 1 855
8091 17653 7965531 1 856
8094 17655 7965541 1 857
8098 17657 7965551 1 858
8100 17659 7965561 1 859
8102 17662 7965571 1 860
8104 17664 7965581 1 860
8106 17667 7965591 1 859
8107 17669 7965601 1 860
8109 17671 7965611 1 860
8113 17675 7965621 1 859
8115 17677 7965631 1 860
8116 17678 7965641 1 860
8118 17680 7965651 1 860
8119 17681 7965661 1 860
8120 17682 7965671 1 858
8121 17683 7965681 1 858
8121 17684 7965691 1 858
8121 17686 7965701 1 857
8121 17686 7965711 1 856
8121 17687 7965721 1 856
8121 17687 7965731 1 856
8121 17688 7965741 1 854
8122 17688 7965751 1 854
8123 17689 7965761 1 853
8124 17689 7965771 1 853
8127 17689 7965781 1 851
8129 17690 7965791 1 851
8130 17690 7965801 1 850
8132 17690 7965811 1 849
8133 17691 7965821 1 848
8134 17691 7965831 1 848
8136 17693 7965841 1 847
8136 17693 7965851 1 845
8136 17695 7965861 1 845
8135 17696 7965871 1 844
8134 17697 7965881 1 843
8134 17699 7965891 1 842
8134 17700 7965901 1 842
8134 17701 7965911 1 842
8134 17702 7965921 1 842
8135 17704 7965931 1 840
8136 17705 7965941 1 840
8137 17706 7965951 1 840
8138 17706 7965961 1 840
8138 17706 7965971 1 840
8136 17706 7965981 1 840
8136 17705 7965991 1 841
8135 17704 7966001 1 841
8133 17704 7966011 1 842
8129 17701 7966021 1 843
8126 17701 7966031 1 844
8122 17700 7966041 1 845
8119 17699 7966051 1 846
8116 17698 7966061 1 847
8113 17698 7966071 1 847
8111 17697 7966081 1 848
8109 17697 7966091 1 850
8109 17696 7966101 1 852
8111 17695 7966111 1 853
8114 17694 7966121 1 856
8118 17694 7966131 1 857
8121 17693 7966141 1 858
8125 17693 7966151 1 860
8129 17693 7966161 1 861
8133 17692 7966171 1 862
8138 17691 7966181 1 866
8140 17690 7966191 1 867
8140 17689 7966201 1 868
8140 17688 7966211 1 870
8140 17687 7966221 1 872
8138 17686 7966231 1 873
8137 17685 7966241 1 874
8135 17684 7966251 1 877
8130 17682 7966261 1 882
8129 17682 7966271 1 883
8127 17682 7966281 1 885
8126 17682 7966291 1 887
8124 17683 7966301 1 888
8123 17683 7966311 1 890
8123 17684 7966321 1 892
8122 17685 7966331 1 893
8121 17685 7966341 1 897
8120 17685 7966351 1 899
8120 17684 7966361 1 900
8120 17683 7966371 1 902
8120 17681 7966381 1 904
8121 17679 7966391 1 906
8122 17677 7966401 1 907
8126 17675 7966411 1 910
8131 17671 7966421 1 913
8134 17669 7966431 1 915
8137 17668 7966441 1 917
8140 17668 7966451 1 918
8143 17668 7966461 1 920
8145 17668 7966471 1 921
8147 17669 7966481 1 923
8149 17670 7966491 1 924
8150 17672 7966501 1 928
8150 17673 7966511 1 929
8150 17674 7966521 1 931
8150 17674 7966531 1 932
8150 17674 7966541 1 934
8149 17673 7966551 1 936
8150 17673 7966561 1 937
8151 17672 7966571 1 939
8155 17670 7966581 1 941
8158 17669 7966591 1 941
8161 17668 7966601 1 940
8164 17667 7966611 1 941
8167 17667 7966621 1 940
8170 17666 7966631 1 940
8173 17666 7966641 1 939
8174 17666 7966651 1 938
8174 17665 7966661 1 938
8173 17665 7966671 1 938
8171 17665 7966681 1 940
8171 17664 7966691 1 941
8168 17664 7966701 1 944
8167 17664 7966711 1 946
8165 17664 7966721 1 949
8165 17664 7966731 1 953
8166 17664 7966741 1 963
8167 17664 7966751 1 969
8169 17665 7966761 1 978
8172 17665 7966771 1 986
8174 17666 7966781 1 995
8175 17666 7966791 1 1006
8177 17666 7966801 1 1017
8177 17667 7966811 1 1024
8176 17668 7966821 1 1024
8176 17669 7966831 1 1024
8174 17670 7966841 1 1024
8172 17671 7966851 1 1024
8170 17671 7966861 1 1024
8168 17672 7966871 1 1024
8166 17673 7966881 1 1024
8164 17673 7966891 1 1024
8162 17675 7966901 1 1024
8162 17676 7966911 1 1024
8161 17677 7966921 1 1024
8161 17678 7966931 1 1024
8161 17679 7966941 1 1024
8161 17679 7966951 1 1024
8161 17680 7966961 1 1024
8160 17680 7966971 1 1024
8155 17680 7966981 1 964
8153 17679 7966991 1 930
8151 17679 7967001 1 893
8149 17677 7967011 1 852
8146 17676 7967021 1 809
8144 17674 7967031 1 764
8142 17672 7967041 1 716
8140 17670 7967051 1 665
8137 17667 7967061 1 559
8135 17666 7967071 1 503
8134 17665 7967081 1 447
8134 17665 7967091 1 388
8133 17665 7967101 1 330
8133 17665 7967111 1 270
8133 17665 7967121 1 150
8133 17666 7967131 1 90
8136 17668 7967141 0 0
8138 17670 7967151 0 0
8140 17672 7967161 0 0
8143 17673 7967171 0 0
8146 17674 7967181 0 0
8149 17675 7967191 0 0
8152 17676 7967201 0 0
8155 17676 7967211 0 0
8160 17677 7967221 0 0
8162 17677 7967231 0 0
8164 17676 7967241 0 0
8166 17676 7967251 0 0
8169 17677 7967261 0 0
8171 17677 7967271 0 0
8174 17677 7967281 0 0
8177 17677 7967291 0 0
8185 17678 7967301 0 0
8189 17679 7967311 0 0
8193 17680 7967321 0 0
8196 17681 7967331 0 0
8199 17682 7967341 0 0
8200 17683 7967351 0 0
8199 17684 7967361 0 0
8197 17685 7967371 0 0
8188 17688 7967381 0 0
8183 17690 7967391 0 0
8177 17692 7967401 0 0
8171 17694 7967411 1 2
8166 17696 7967421 1 9
8162 17697 7967431 1 24
8159 17699 7967441 1 49
8158 17701 7967451 1 88
8160 17703 7967461 1 143
8163 17704 7967471 1 217
8168 17704 7967481 1 313
8173 17705 7967491 1 433
8177 17704 7967501 1 581
8182 17704 7967511 1 758
