8050 17619 5799531 1 703
8050 17619 5799541 1 715
8050 17619 5799551 1 720
8051 17619 5799561 1 721
8051 17619 5799571 1 721
8052 17619 5799581 1 722
8052 17619 5799591 1 722
8053 17618 5799601 1 723
8053 17618 5799611 1 723
8053 17617 5799621 1 724
8053 17616 5799631 1 724
8053 17615 5799641 1 725
8053 17613 5799651 1 725
8052 17612 5799661 1 726
8051 17610 5799671 1 726
8049 17608 5799681 1 726
8047 17607 5799691 1 727
8046 17606 5799701 1 727
8045 17605 5799711 1 727
8042 17603 5799721 1 727
8039 17602 5799731 1 728
8035 17601 5799741 1 728
8032 17600 5799751 1 729
8029 17600 5799761 1 729
8025 17599 5799771 1 730
8022 17599 5799781 1 730
8018 17599 5799791 1 731
8015 17599 5799801 1 731
8011 17599 5799811 1 732
8008 17599 5799821 1 732
8006 17600 5799831 1 733
8004 17600 5799841 1 733
8001 17601 5799851 1 733
7999 17601 5799861 1 733
7998 17601 5799871 1 734
7998 17601 5799881 1 734
7996 17601 5799891 1 734
7995 17602 5799901 1 735
7994 17602 5799911 1 735
7993 17602 5799921 1 736
7993 17602 5799931 1 736
7993 17602 5799941 1 737
7993 17601 5799951 1 737
7994 17601 5799961 1 738
7995 17601 5799971 1 738
7996 17600 5799981 1 739
7997 17600 5799991 1 740
7999 17600 5800001 1 740
8000 17599 5800011 1 740
8002 17599 5800021 1 741
8004 17598 5800031 1 741
8005 17598 5800041 1 741
8006 17597 5800051 1 741
8009 17597 5800061 1 741
8012 17596 5800071 1 742
8016 17595 5800081 1 743
8019 17594 5800091 1 743
8023 17594 5800101 1 744
8027 17593 5800111 1 744
8031 17592 5800121 1 745
8035 17592 5800131 1 745
8039 17592 5800141 1 746
8043 17591 5800151 1 747
8047 17591 5800161 1 747
8051 17590 5800171 1 747
8054 17590 5800181 1 748
8058 17590 5800191 1 748
8061 17589 5800201 1 749
8062 17589 5800211 1 749
8064 17589 5800221 1 749
8066 17588 5800231 1 749
8068 17588 5800241 1 750
8070 17587 5800251 1 750
8072 17586 5800261 1 751
8073 17586 5800271 1 752
8075 17585 5800281 1 752
8076 17585 5800291 1 753
8076 17584 5800301 1 753
8077 17583 5800311 1 754
8078 17583 5800321 1 755
8079 17582 5800331 1 755
8080 17581 5800341 1 755
8081 17580 5800351 1 756
8082 17579 5800361 1 756
8083 17578 5800371 1 757
8084 17577 5800381 1 757
8084 17577 5800391 1 758
8085 17575 5800401 1 758
8086 17573 5800411 1 758
8086 17571 5800421 1 759
8087 17569 5800431 1 759
8088 17566 5800441 1 760
8088 17564 5800451 1 760
8089 17561 5800461 1 761
8090 17558 5800471 1 762
8091 17556 5800481 1 762
8093 17553 5800491 1 762
8094 17550 5800501 1 763
8096 17548 5800511 1 764
8099 17545 5800521 1 764
8101 17543 5800531 1 765
8103 17542 5800541 1 765
8104 17541 5800551 1 765
8105 17540 5800561 1 766
8107 17539 5800571 1 767
8110 17537 5800581 1 767
8112 17536 5800591 1 767
8114 17536 5800601 1 768
8116 17535 5800611 1 768
8118 17535 5800621 1 769
8120 17535 5800631 1 770
8121 17535 5800641 1 770
8123 17535 5800651 1 770
8125 17535 5800661 1 771
8128 17535 5800671 1 772
8129 17535 5800681 1 772
8131 17535 5800691 1 773
8132 17536 5800701 1 774
8133 17536 5800711 1 774
8134 17536 5800721 1 774
8134 17537 5800731 1 775
8134 17538 5800741 1 776
8133 17539 5800751 1 776
8132 17540 5800761 1 777
8130 17541 5800771 1 778
8127 17542 5800781 1 778
8124 17544 5800791 1 778
8121 17545 5800801 1 779
8117 17547 5800811 1 779
8112 17548 5800821 1 779
8107 17550 5800831 1 780
8102 17551 5800841 1 781
8097 17553 5800851 1 781
8091 17553 5800861 1 782
8086 17554 5800871 1 783
8080 17555 5800881 1 783
8077 17555 5800891 1 783
8075 17555 5800901 1 784
8069 17554 5800911 1 785
8064 17554 5800921 1 786
8059 17553 5800931 1 786
8054 17551 5800941 1 787
8049 17550 5800951 1 788
8045 17548 5800961 1 788
8041 17547 5800971 1 789
8037 17545 5800981 1 790
8034 17543 5800991 1 790
8031 17541 5801001 1 790
8028 17540 5801011 1 791
8026 17538 5801021 1 792
8025 17536 5801031 1 792
8024 17534 5801041 1 793
8023 17531 5801051 1 794
8023 17530 5801061 1 794
8023 17529 5801071 1 794
8024 17527 5801081 1 795
8024 17524 5801091 1 796
8025 17521 5801101 1 797
8026 17519 5801111 1 797
8028 17517 5801121 1 798
8029 17515 5801131 1 798
8031 17513 5801141 1 799
8032 17511 5801151 1 800
8034 17510 5801161 1 800
8035 17509 5801171 1 801
8037 17508 5801181 1 802
8038 17508 5801191 1 802
8039 17508 5801201 1 803
8039 17508 5801211 1 804
8040 17509 5801221 1 804
8040 17509 5801231 1 804
8039 17509 5801241 1 804
8039 17510 5801251 1 805
8038 17511 5801261 1 806
8037 17512 5801271 1 807
8036 17513 5801281 1 807
8035 17514 5801291 1 808
8034 17516 5801301 1 808
8033 17517 5801311 1 809
8032 17518 5801321 1 810
8031 17520 5801331 1 810
8030 17522 5801341 1 811
8030 17524 5801351 1 812
8030 17526 5801361 1 813
8030 17529 5801371 1 814
8031 17532 5801381 1 814
8031 17534 5801391 1 815
8032 17536 5801401 1 815
8032 17537 5801411 1 816
8033 17540 5801421 1 817
8033 17542 5801431 1 817
8034 17545 5801441 1 818
8034 17548 5801451 1 818
8035 17550 5801461 1 819
8035 17553 5801471 1 819
8036 17555 5801481 1 819
8037 17557 5801491 1 820
8037 17559 5801501 1 821
8038 17561 5801511 1 822
8038 17563 5801521 1 823
8038 17564 5801531 1 823
8038 17565 5801541 1 824
8038 17567 5801551 1 825
8039 17568 5801561 1 826
8039 17569 5801571 1 827
8039 17569 5801581 1 827
8040 17570 5801591 1 827
8040 17571 5801601 1 828
8041 17573 5801611 1 829
8041 17574 5801621 1 829
8041 17575 5801631 1 830
8041 17576 5801641 1 831
8041 17577 5801651 1 831
8041 17578 5801661 1 832
8041 17579 5801671 1 833
8040 17579 5801681 1 834
8040 17580 5801691 1 835
8039 17581 5801701 1 835
8038 17581 5801711 1 836
8037 17581 5801721 1 837
8037 17582 5801731 1 838
8036 17582 5801741 1 838
8036 17582 5801751 1 838
8037 17582 5801761 1 838
8037 17582 5801771 1 839
8038 17582 5801781 1 839
8039 17582 5801791 1 840
8040 17581 5801801 1 841
8041 17580 5801811 1 842
8043 17580 5801821 1 843
8044 17579 5801831 1 843
8046 17578 5801841 1 844
8047 17577 5801851 1 845
8048 17576 5801861 1 846
8050 17575 5801871 1 847
8051 17574 5801881 1 848
8053 17573 5801891 1 848
8054 17572 5801901 1 849
8055 17571 5801911 1 850
8056 17570 5801921 1 850
8058 17569 5801931 1 850
8060 17568 5801941 1 851
8062 17567 5801951 1 852
8064 17566 5801961 1 853
8067 17565 5801971 1 854
8069 17564 5801981 1 854
8071 17563 5801991 1 855
8073 17561 5802001 1 856
8074 17560 5802011 1 857
8075 17559 5802021 1 858
8076 17558 5802031 1 859
8077 17557 5802041 1 860
8078 17556 5802051 1 860
8079 17555 5802061 1 861
8079 17554 5802071 1 862
8080 17553 5802081 1 862
8080 17552 5802091 1 862
8081 17551 5802101 1 862
8081 17549 5802111 1 863
8082 17547 5802121 1 864
8084 17546 5802131 1 865
8085 17544 5802141 1 865
8087 17541 5802151 1 866
8088 17539 5802161 1 867
8090 17537 5802171 1 868
8092 17534 5802181 1 869
8094 17532 5802191 1 870
8096 17529 5802201 1 871
8098 17527 5802211 1 872
8100 17524 5802221 1 873
8101 17522 5802231 1 873
8103 17520 5802241 1 873
8103 17518 5802251 1 874
8104 17517 5802261 1 874
8105 17516 5802271 1 875
8105 17514 5802281 1 876
8106 17512 5802291 1 877
8106 17511 5802301 1 878
8105 17510 5802311 1 879
8105 17508 5802321 1 880
8104 17507 5802331 1 881
8104 17507 5802341 1 882
8103 17506 5802351 1 882
8102 17506 5802361 1 883
8101 17505 5802371 1 884
8100 17505 5802381 1 885
8099 17506 5802391 1 886
8098 17506 5802401 1 887
8097 17507 5802411 1 888
8096 17508 5802421 1 888
8096 17508 5802431 1 889
8096 17509 5802441 1 890
8095 17510 5802451 1 891
8095 17512 5802461 1 892
8095 17513 5802471 1 893
8096 17514 5802481 1 893
8096 17516 5802491 1 894
8096 17517 5802501 1 895
8097 17519 5802511 1 896
8097 17520 5802521 1 897
8098 17522 5802531 1 898
8098 17524 5802541 1 899
8099 17526 5802551 1 900
8099 17527 5802561 1 900
8099 17529 5802571 1 900
8099 17531 5802581 1 901
8099 17531 5802591 1 902
8099 17532 5802601 1 902
8098 17533 5802611 1 903
8097 17535 5802621 1 904
8097 17535 5802631 1 905
8095 17536 5802641 1 906
8094 17537 5802651 1 907
8092 17537 5802661 1 908
8090 17537 5802671 1 908
8088 17537 5802681 1 909
8087 17537 5802691 1 910
8085 17537 5802701 1 911
8084 17536 5802711 1 912
8082 17536 5802721 1 913
8082 17535 5802731 1 913
8081 17535 5802741 1 914
8081 17534 5802751 1 915
8081 17534 5802761 1 916
8081 17534 5802771 1 916
8082 17533 5802781 1 917
8083 17533 5802791 1 918
8084 17533 5802801 1 919
8086 17533 5802811 1 920
8088 17533 5802821 1 921
8089 17533 5802831 1 922
8091 17533 5802841 1 923
8093 17533 5802851 1 924
8094 17533 5802861 1 925
8095 17533 5802871 1 926
8096 17533 5802881 1 927
8097 17534 5802891 1 927
8097 17534 5802901 1 928
8098 17534 5802911 1 929
8099 17534 5802921 1 930
8100 17534 5802931 1 931
8100 17534 5802941 1 931
8101 17534 5802951 1 932
8103 17534 5802961 1 933
8104 17534 5802971 1 934
8106 17534 5802981 1 935
8107 17534 5802991 1 936
8108 17533 5803001 1 937
8110 17533 5803011 1 938
8111 17532 5803021 1 939
8112 17532 5803031 1 940
8112 17531 5803041 1 941
8113 17531 5803051 1 941
8113 17530 5803061 1 942
8113 17529 5803071 1 943
8114 17529 5803081 1 944
8114 17528 5803091 1 945
8114 17528 5803101 1 946
8114 17527 5803111 1 946
8115 17527 5803121 1 947
8115 17526 5803131 1 948
8116 17526 5803141 1 949
8116 17526 5803151 1 950
8116 17526 5803161 1 951
8116 17526 5803171 1 952
8116 17526 5803181 1 953
8117 17526 5803191 1 955
8117 17526 5803201 1 956
8118 17527 5803211 1 956
8118 17527 5803221 1 957
8118 17528 5803231 1 958
8118 17528 5803241 1 959
8118 17529 5803251 1 960
8118 17530 5803261 1 961
8118 17531 5803271 1 962
8118 17531 5803281 1 962
8117 17532 5803291 1 963
8117 17533 5803301 1 964
8117 17534 5803311 1 965
8116 17536 5803321 1 966
8116 17537 5803331 1 967
8116 17538 5803341 1 968
8116 17539 5803351 1 969
8115 17540 5803361 1 970
8115 17542 5803371 1 970
8115 17543 5803381 1 971
8115 17544 5803391 1 972
8115 17546 5803401 1 973
8115 17547 5803411 1 974
8116 17548 5803421 1 975
8117 17549 5803431 1 976
8117 17549 5803441 1 977
8118 17550 5803451 1 977
8119 17551 5803461 1 978
8120 17552 5803471 1 979
8121 17553 5803481 1 980
8123 17553 5803491 1 981
8125 17554 5803501 1 982
8126 17555 5803511 1 983
8128 17555 5803521 1 984
8129 17555 5803531 1 984
8131 17556 5803541 1 985
8132 17555 5803551 1 986
8133 17555 5803561 1 987
8134 17555 5803571 1 988
8135 17554 5803581 1 989
8136 17554 5803591 1 991
8137 17553 5803601 1 992
8138 17553 5803611 1 992
8138 17552 5803621 1 993
8139 17552 5803631 1 994
8140 17551 5803641 1 995
8140 17550 5803651 1 996
8141 17549 5803661 1 997
8142 17548 5803671 1 998
8142 17547 5803681 1 998
8143 17546 5803691 1 999
8144 17546 5803701 1 1000
8144 17545 5803711 1 1001
8144 17544 5803721 1 1002
8144 17543 5803731 1 1004
8144 17543 5803741 1 1005
8144 17542 5803751 1 1006
8144 17542 5803761 1 1007
8144 17541 5803771 1 1008
8145 17541 5803781 1 1008
8145 17540 5803791 1 1008
8145 17540 5803801 1 1008
8145 17539 5803811 1 1009
8145 17539 5803821 1 1009
8146 17538 5803831 1 1009
8146 17538 5803841 1 1009
8147 17538 5803851 1 1009
8148 17538 5803861 1 1010
8149 17537 5803871 1 1010
8151 17537 5803881 1 1010
8152 17537 5803891 1 1010
8153 17537 5803901 1 1010
8154 17537 5803911 1 1010
8155 17537 5803921 1 1011
8156 17537 5803931 1 1011
8157 17536 5803941 1 1011
8158 17536 5803951 1 1011
8158 17536 5803961 1 1011
8159 17536 5803971 1 1011
8160 17535 5803981 1 1012
8160 17535 5803991 1 1013
8161 17535 5804001 1 1013
8161 17534 5804011 1 1013
8162 17534 5804021 1 1013
8162 17533 5804031 1 1013
8162 17532 5804041 1 1013
8162 17532 5804051 1 1013
8161 17531 5804061 1 1014
8161 17530 5804071 1 1014
8160 17530 5804081 1 1014
8160 17529 5804091 1 1014
8159 17528 5804101 1 1014
8159 17527 5804111 1 1015
8158 17526 5804121 1 1015
8158 17526 5804131 1 1015
8158 17525 5804141 1 1015
8158 17524 5804151 1 1015
8158 17523 5804161 1 1015
8158 17523 5804171 1 1015
8158 17522 5804181 1 1015
8158 17521 5804191 1 1016
8158 17521 5804201 1 1016
8157 17520 5804211 1 1016
8157 17519 5804221 1 1016
8156 17519 5804231 1 1016
8155 17519 5804241 1 1016
8154 17518 5804251 1 1017
8152 17518 5804261 1 1018
8151 17518 5804271 1 1018
8149 17518 5804281 1 1018
8148 17518 5804291 1 1018
8148 17518 5804301 1 1018
8146 17518 5804311 1 1018
8145 17519 5804321 1 1018
8144 17519 5804331 1 1019
8142 17519 5804341 1 1019
8141 17520 5804351 1 1019
8140 17520 5804361 1 1019
8139 17520 5804371 1 1019
8138 17521 5804381 1 1020
8137 17522 5804391 1 1020
8137 17522 5804401 1 1020
8136 17523 5804411 1 1020
8137 17523 5804421 1 1020
8137 17524 5804431 1 1020
8137 17524 5804441 1 1021
8138 17525 5804451 1 1021
8139 17525 5804461 1 1021
8139 17525 5804471 1 1021
8140 17526 5804481 1 1021
8141 17526 5804491 1 1021
8142 17527 5804501 1 1021
8144 17527 5804511 1 1021
8145 17528 5804521 1 1022
8146 17529 5804531 1 1022
8147 17529 5804541 1 1023
8148 17530 5804551 1 1022
8149 17530 5804561 1 1022
8150 17531 5804571 1 1023
8150 17531 5804581 1 1022
8150 17532 5804591 1 1022
8150 17533 5804601 1 1022
8150 17533 5804611 1 1022
8150 17534 5804621 1 1022
8150 17534 5804631 1 1022
8150 17535 5804641 1 1022
8149 17535 5804651 1 1021
8148 17536 5804661 1 1021
8148 17536 5804671 1 1021
8147 17537 5804681 1 1021
8146 17538 5804691 1 1021
8146 17538 5804701 1 1021
8145 17539 5804711 1 1020
8145 17539 5804721 1 1020
8145 17539 5804731 1 1020
8145 17540 5804741 1 1020
8145 17540 5804751 1 1020
8146 17541 5804761 1 1020
8147 17541 5804771 1 1019
8148 17541 5804781 1 1019
8149 17541 5804791 1 1019
8149 17542 5804801 1 1019
8150 17542 5804811 1 1019
8151 17542 5804821 1 1018
8152 17542 5804831 1 1018
8153 17542 5804841 1 1017
8153 17542 5804851 1 1017
8154 17542 5804861 1 1017
8155 17542 5804871 1 1017
8156 17542 5804881 1 1017
8156 17541 5804891 1 1017
8157 17541 5804901 1 1016
8158 17541 5804911 1 1016
8159 17541 5804921 1 1016
8159 17541 5804931 1 1016
8160 17541 5804941 1 1016
8161 17541 5804951 1 1016
8162 17541 5804961 1 1016
8163 17541 5804971 1 1015
8164 17541 5804981 1 1015
8165 17542 5804991 1 1015
8166 17542 5805001 1 1015
8167 17542 5805011 1 1015
8168 17542 5805021 1 1015
8169 17542 5805031 1 1015
8170 17542 5805041 1 1014
8171 17542 5805051 1 1014
8172 17542 5805061 1 1014
8173 17542 5805071 1 1014
8174 17542 5805081 1 1014
8175 17542 5805091 1 1013
8176 17542 5805101 1 1013
8177 17541 5805111 1 1013
8178 17541 5805121 1 1012
8178 17541 5805131 1 1012
8178 17541 5805141 1 1012
8178 17541 5805151 1 1012
8178 17541 5805161 1 1012
8178 17540 5805171 1 1011
8178 17540 5805181 1 1011
8177 17541 5805191 1 1011
8176 17541 5805201 1 1011
8176 17541 5805211 1 1011
8175 17542 5805221 1 1011
8174 17543 5805231 1 1010
8173 17544 5805241 1 1010
8173 17546 5805251 1 1010
8173 17547 5805261 1 1010
8173 17549 5805271 1 1010
8173 17550 5805281 1 1010
8174 17552 5805291 1 1009
8175 17554 5805301 1 1009
8175 17555 5805311 1 1009
8175 17556 5805321 1 1009
8176 17558 5805331 1 1009
8176 17559 5805341 1 1009
8176 17561 5805351 1 1008
8175 17563 5805361 1 1008
8175 17564 5805371 1 1008
8174 17566 5805381 1 1008
8173 17567 5805391 1 1008
8173 17568 5805401 1 1008
8173 17569 5805411 1 1006
8173 17570 5805421 1 1006
8172 17571 5805431 1 1006
8172 17572 5805441 1 1006
8172 17572 5805451 1 1006
8173 17573 5805461 1 1006
8173 17574 5805471 1 1006
8173 17574 5805481 1 1006
8173 17574 5805491 1 1005
8173 17575 5805501 1 1005
8174 17575 5805511 1 1005
8174 17576 5805521 1 1005
8174 17576 5805531 1 1005
8174 17576 5805541 1 1004
8174 17576 5805551 1 1004
8174 17576 5805561 1 1004
8174 17576 5805571 1 1004
8174 17576 5805581 1 1004
8174 17576 5805591 1 1004
8174 17576 5805601 1 1004
8174 17576 5805611 1 1003
8174 17575 5805621 1 1003
8174 17575 5805631 1 1003
8173 17575 5805641 1 1003
8173 17575 5805651 1 1003
8173 17575 5805661 1 1003
8173 17575 5805671 1 1003
8173 17575 5805681 1 1002
8173 17575 5805691 1 1002
8173 17575 5805701 1 1002
8173 17575 5805711 1 1002
8173 17575 5805721 1 1002
8173 17575 5805731 1 1001
8174 17575 5805741 1 1000
8174 17575 5805751 1 1000
8175 17574 5805761 1 1000
8175 17574 5805771 1 1000
8175 17574 5805781 1 1000
8175 17573 5805791 1 1000
8175 17573 5805801 1 999
8174 17572 5805811 1 999
8174 17572 5805821 1 991
8173 17571 5805831 1 971
8172 17570 5805841 1 942
8171 17569 5805851 1 911
8171 17568 5805861 1 880
8170 17567 5805871 1 848
8170 17566 5805881 1 815
8169 17565 5805891 1 781
8169 17564 5805901 1 748
8169 17563 5805911 1 731
8169 17562 5805921 1 714
8169 17561 5805931 1 680
8168 17560 5805941 1 646
8168 17559 5805951 1 613
8167 17558 5805961 1 579
8166 17557 5805971 1 546
8165 17556 5805981 1 513
8165 17555 5805991 1 496
8165 17555 5806001 1 480
8165 17554 5806011 1 449
8165 17554 5806021 1 418
8163 17553 5806031 1 387
8159 17552 5806041 1 358
8153 17551 5806051 1 330
8146 17550 5806061 1 304
8137 17550 5806071 1 291
8128 17549 5806081 1 279
8119 17548 5806091 1 255
8109 17548 5806101 1 233
8101 17547 5806111 1 212
8093 17547 5806121 1 193
8085 17546 5806131 1 176
8077 17546 5806141 1 161
8069 17546 5806151 1 148
8065 17546 5806161 1 141
8061 17545 5806171 1 137
8053 17545 5806181 1 130
8047 17545 5806191 1 123
8044 17545 5806201 1 118
8042 17544 5806211 1 119
8043 17544 5806221 1 119
8046 17543 5806231 1 120
8049 17542 5806241 1 121
8053 17541 5806251 1 122
8056 17540 5806261 1 122
8058 17539 5806271 1 123
8059 17538 5806281 1 124
8060 17537 5806291 1 124
8059 17537 5806301 1 125
8059 17536 5806311 1 127
8058 17535 5806321 1 127
8058 17535 5806331 1 128
8058 17535 5806341 1 134
8057 17534 5806351 1 145
8055 17534 5806361 1 164
8054 17534 5806371 1 188
8052 17534 5806381 1 216
8050 17534 5806391 1 232
8048 17534 5806401 1 249
8046 17534 5806411 1 285
8045 17535 5806421 1 325
8044 17535 5806431 1 368
8043 17535 5806441 1 412
8043 17535 5806451 1 458
8043 17535 5806461 1 506
8043 17535 5806471 1 554
8044 17536 5806481 1 601
8044 17537 5806491 1 650
8044 17537 5806501 1 674
8044 17537 5806511 1 697
8044 17538 5806521 1 742
8044 17540 5806531 1 786
8045 17541 5806541 1 827
8045 17542 5806551 1 847
8045 17543 5806561 1 866
8046 17544 5806571 1 901
8046 17546 5806581 1 933
8047 17547 5806591 1 966
8047 17549 5806601 1 985
8047 17550 5806611 1 985
8048 17552 5806621 1 985
8048 17553 5806631 1 985
8048 17554 5806641 1 985
8048 17556 5806651 1 984
8048 17557 5806661 1 984
8048 17557 5806671 1 984
8048 17558 5806681 1 984
8049 17559 5806691 1 984
8049 17560 5806701 1 984
8049 17560 5806711 1 983
8050 17561 5806721 1 983
8050 17561 5806731 1 983
8051 17561 5806741 1 983
8052 17560 5806751 1 983
8053 17560 5806761 1 983
8054 17559 5806771 1 982
8055 17558 5806781 1 982
8056 17558 5806791 1 982
8057 17557 5806801 1 982
8059 17556 5806811 1 982
8060 17555 5806821 1 981
8062 17554 5806831 1 981
8063 17554 5806841 1 980
8064 17553 5806851 1 980
8066 17552 5806861 1 980
8069 17551 5806871 1 980
8071 17550 5806881 1 980
8073 17549 5806891 1 980
8076 17548 5806901 1 980
8078 17547 5806911 1 979
8080 17546 5806921 1 979
8081 17546 5806931 1 979
8082 17545 5806941 1 979
8083 17544 5806951 1 979
8084 17543 5806961 1 979
8084 17542 5806971 1 950
8084 17541 5806981 1 906
8083 17541 5806991 1 862
8083 17540 5807001 1 818
8082 17540 5807011 1 791
8082 17540 5807021 1 772
8081 17539 5807031 1 749
8081 17539 5807041 1 726
8080 17539 5807051 1 681
8079 17538 5807061 1 635
8078 17538 5807071 1 591
8077 17538 5807081 1 548
8077 17538 5807091 1 506
8076 17538 5807101 1 465
8075 17538 5807111 1 426
8075 17538 5807121 1 389
8075 17538 5807131 1 353
8074 17538 5807141 1 321
8074 17538 5807151 1 293
8074 17538 5807161 1 266
8073 17538 5807171 1 243
8073 17538 5807181 1 235
8073 17538 5807191 1 233
8072 17538 5807201 1 225
8071 17538 5807211 1 209
8071 17538 5807221 1 198
8070 17538 5807231 1 190
8069 17538 5807241 1 191
8069 17538 5807251 1 192
8068 17538 5807261 1 193
8068 17537 5807271 1 193
8068 17536 5807281 1 194
8068 17535 5807291 1 195
8068 17534 5807301 1 195
8068 17532 5807311 1 196
8069 17531 5807321 1 198
8069 17529 5807331 1 198
8070 17528 5807341 1 199
8071 17527 5807351 1 200
8071 17526 5807361 1 206
8072 17525 5807371 1 224
8073 17523 5807381 1 248
8074 17522 5807391 1 280
8075 17520 5807401 1 318
8076 17519 5807411 1 360
8077 17518 5807421 1 406
8078 17516 5807431 1 457
8079 17515 5807441 1 508
8081 17514 5807451 1 561
8083 17514 5807461 1 615
8084 17513 5807471 1 668
8086 17512 5807481 1 719
8088 17512 5807491 1 767
8090 17512 5807501 1 792
8091 17512 5807511 1 814
8092 17512 5807521 1 831
8093 17512 5807531 1 854
8094 17512 5807541 1 891
8096 17512 5807551 1 922
8097 17512 5807561 1 945
8098 17512 5807571 1 961
8099 17513 5807581 1 968
8100 17513 5807591 1 968
8101 17514 5807601 1 968
8102 17514 5807611 1 968
8102 17515 5807621 1 967
8102 17515 5807631 1 967
8101 17516 5807641 1 967
8101 17516 5807651 1 967
8100 17517 5807661 1 967
8099 17517 5807671 1 967
8098 17518 5807681 1 967
8098 17518 5807691 1 966
8097 17519 5807701 1 966
8096 17520 5807711 1 966
8096 17520 5807721 1 966
8095 17521 5807731 1 966
8094 17522 5807741 1 966
8094 17523 5807751 1 965
8094 17524 5807761 1 964
8094 17526 5807771 1 964
8095 17527 5807781 1 964
8095 17528 5807791 1 964
8096 17529 5807801 1 964
8097 17531 5807811 1 963
8097 17533 5807821 1 967
8098 17534 5807831 1 963
8099 17536 5807841 1 942
8100 17538 5807851 1 907
8100 17538 5807861 1 889
8101 17539 5807871 1 872
8102 17541 5807881 1 836
8103 17542 5807891 1 800
8105 17544 5807901 1 764
8106 17545 5807911 1 727
8107 17546 5807921 1 692
8109 17548 5807931 1 655
8111 17549 5807941 1 621
8113 17550 5807951 1 586
8116 17551 5807961 1 552
8118 17552 5807971 1 518
8120 17553 5807981 1 502
8122 17554 5807991 1 487
8125 17554 5808001 1 457
8127 17555 5808011 1 427
8129 17555 5808021 1 400
8130 17555 5808031 1 386
8131 17555 5808041 1 374
8133 17555 5808051 1 349
8135 17555 5808061 1 327
8136 17554 5808071 1 307
8138 17554 5808081 1 289
8139 17554 5808091 1 273
8140 17553 5808101 1 260
8141 17553 5808111 1 250
8142 17552 5808121 1 251
8143 17551 5808131 1 252
8144 17551 5808141 1 252
8145 17550 5808151 1 253
8145 17549 5808161 1 254
8145 17548 5808171 1 254
8145 17547 5808181 1 255
8144 17546 5808191 1 261
8143 17546 5808201 1 266
8143 17545 5808211 1 272
8142 17544 5808221 1 286
8141 17543 5808231 1 301
8140 17542 5808241 1 317
8138 17541 5808251 1 335
8137 17541 5808261 1 355
8136 17540 5808271 1 377
8136 17540 5808281 1 399
8135 17540 5808291 1 422
8134 17540 5808301 1 434
8133 17540 5808311 1 447
8133 17540 5808321 1 473
8132 17540 5808331 1 500
8131 17541 5808341 1 527
8130 17541 5808351 1 555
8129 17541 5808361 1 584
8128 17542 5808371 1 598
8127 17542 5808381 1 613
8126 17542 5808391 1 643
8124 17543 5808401 1 673
8123 17543 5808411 1 703
8122 17543 5808421 1 733
8120 17544 5808431 1 764
8119 17544 5808441 1 794
8119 17544 5808451 1 824
8118 17544 5808461 1 839
8117 17545 5808471 1 855
8117 17545 5808481 1 884
8117 17545 5808491 1 913
8117 17545 5808501 1 942
8118 17545 5808511 1 952
8118 17545 5808521 1 951
8119 17545 5808531 1 951
8119 17545 5808541 1 951
8119 17545 5808551 1 951
8119 17545 5808561 1 951
8120 17545 5808571 1 951
8120 17545 5808581 1 951
8120 17544 5808591 1 950
8121 17544 5808601 1 950
8122 17543 5808611 1 950
8122 17543 5808621 1 950
8123 17542 5808631 1 950
8124 17542 5808641 1 950
8124 17541 5808651 1 950
8125 17541 5808661 1 949
8125 17541 5808671 1 949
8126 17540 5808681 1 949
8127 17540 5808691 1 949
8127 17540 5808701 1 949
8127 17540 5808711 1 948
8128 17540 5808721 1 948
8128 17540 5808731 1 948
8128 17540 5808741 1 948
8128 17541 5808751 1 948
8128 17541 5808761 1 948
8128 17541 5808771 1 948
8129 17541 5808781 1 947
8130 17542 5808791 1 947
8131 17542 5808801 1 947
8132 17542 5808811 1 947
8133 17542 5808821 1 947
8135 17543 5808831 1 947
8136 17543 5808841 1 946
8137 17543 5808851 1 946
8138 17543 5808861 1 946
8139 17543 5808871 1 946
8140 17543 5808881 1 946
8140 17543 5808891 1 946
8141 17543 5808901 1 946
8142 17544 5808911 1 945
8143 17544 5808921 1 945
8144 17544 5808931 1 945
8145 17543 5808941 1 945
8145 17543 5808951 1 945
8145 17543 5808961 1 944
8145 17542 5808971 1 944
8145 17542 5808981 1 944
8144 17542 5808991 1 944
8144 17541 5809001 1 944
8143 17541 5809011 1 944
8143 17541 5809021 1 943
8142 17541 5809031 1 943
8142 17540 5809041 1 943
8141 17540 5809051 1 943
8141 17540 5809061 1 943
8140 17540 5809071 1 942
8139 17539 5809081 1 942
8138 17539 5809091 1 942
8137 17539 5809101 1 941
8137 17539 5809111 1 941
8136 17540 5809121 1 941
8136 17540 5809131 1 941
8136 17540 5809141 1 941
8135 17541 5809151 1 940
8135 17541 5809161 1 940
8135 17542 5809171 1 940
8135 17542 5809181 1 940
8135 17543 5809191 1 940
8135 17543 5809201 1 939
8135 17543 5809211 1 939
8135 17543 5809221 1 939
8134 17544 5809231 1 939
8134 17544 5809241 1 939
8134 17544 5809251 1 939
8133 17545 5809261 1 938
8133 17545 5809271 1 938
8132 17545 5809281 1 938
8131 17545 5809291 1 938
8130 17546 5809301 1 938
8128 17545 5809311 1 938
8127 17545 5809321 1 937
8125 17545 5809331 1 937
8124 17545 5809341 1 937
8123 17544 5809351 1 937
8121 17544 5809361 1 937
8120 17543 5809371 1 936
8118 17543 5809381 1 936
8117 17542 5809391 1 936
8115 17542 5809401 1 936
8113 17541 5809411 1 936
8111 17541 5809421 1 936
8110 17540 5809431 1 935
8108 17539 5809441 1 935
8107 17539 5809451 1 935
8107 17538 5809461 1 935
8107 17537 5809471 1 935
8107 17537 5809481 1 935
8108 17537 5809491 1 934
8109 17537 5809501 1 934
8110 17537 5809511 1 934
