8063 18574 3055545 1 733
8063 18574 3055555 1 742
8063 18574 3055565 1 746
8063 18574 3055575 1 747
8063 18574 3055585 1 747
8063 18574 3055595 1 747
8063 18574 3055605 1 747
8063 18574 3055615 1 748
8062 18573 3055625 1 748
8062 18573 3055635 1 748
8061 18572 3055645 1 748
8060 18571 3055655 1 749
8059 18569 3055665 1 749
8057 18568 3055675 1 749
8056 18566 3055685 1 750
8054 18565 3055695 1 750
8052 18563 3055705 1 750
8050 18562 3055715 1 750
8048 18560 3055725 1 750
8045 18559 3055735 1 751
8043 18558 3055745 1 751
8041 18557 3055755 1 751
8039 18556 3055765 1 751
8037 18556 3055775 1 752
8035 18556 3055785 1 752
8035 18555 3055795 1 752
8034 18555 3055805 1 753
8033 18555 3055815 1 752
8032 18555 3055825 1 753
8031 18555 3055835 1 753
8030 18555 3055845 1 754
8029 18555 3055855 1 754
8028 18554 3055865 1 754
8027 18554 3055875 1 754
8026 18554 3055885 1 755
8026 18554 3055895 1 755
8025 18554 3055905 1 755
8025 18553 3055915 1 755
8024 18553 3055925 1 756
8024 18553 3055935 1 756
8025 18553 3055945 1 756
8025 18553 3055955 1 756
8026 18553 3055965 1 757
8026 18552 3055975 1 757
8027 18552 3055985 1 758
8028 18551 3055995 1 758
8029 18550 3056005 1 758
8031 18550 3056015 1 759
8033 18549 3056025 1 759
8035 18549 3056035 1 759
8036 18548 3056045 1 759
8037 18548 3056055 1 759
8040 18547 3056065 1 759
8042 18547 3056075 1 760
8045 18546 3056085 1 761
8049 18546 3056095 1 761
8052 18545 3056105 1 761
8055 18545 3056115 1 761
8059 18544 3056125 1 762
8062 18544 3056135 1 762
8065 18544 3056145 1 762
8068 18544 3056155 1 763
8070 18543 3056165 1 763
8072 18543 3056175 1 763
8074 18543 3056185 1 764
8075 18543 3056195 1 764
8077 18542 3056205 1 764
8078 18542 3056215 1 765
8080 18542 3056225 1 765
8081 18542 3056235 1 766
8083 18541 3056245 1 765
8084 18541 3056255 1 766
8086 18541 3056265 1 767
8087 18541 3056275 1 767
8089 18541 3056285 1 767
8089 18541 3056295 1 767
8090 18541 3056305 1 767
8091 18540 3056315 1 768
8092 18540 3056325 1 769
8094 18539 3056335 1 769
8095 18539 3056345 1 769
8096 18538 3056355 1 769
8097 18537 3056365 1 769
8098 18535 3056375 1 770
8100 18533 3056385 1 771
8101 18532 3056395 1 771
8102 18529 3056405 1 771
8104 18527 3056415 1 772
8106 18524 3056425 1 772
8108 18522 3056435 1 773
8110 18519 3056445 1 773
8112 18516 3056455 1 773
8113 18512 3056465 1 774
8115 18509 3056475 1 774
8117 18506 3056485 1 774
8119 18503 3056495 1 775
8122 18500 3056505 1 775
8124 18497 3056515 1 775
8126 18495 3056525 1 776
8128 18492 3056535 1 776
8129 18491 3056545 1 776
8130 18490 3056555 1 777
8133 18488 3056565 1 777
8135 18487 3056575 1 777
8138 18485 3056585 1 778
8140 18484 3056595 1 779
8142 18483 3056605 1 779
8143 18482 3056615 1 779
8145 18482 3056625 1 780
8146 18481 3056635 1 780
8147 18481 3056645 1 780
8147 18481 3056655 1 781
8147 18481 3056665 1 781
8147 18481 3056675 1 781
8147 18482 3056685 1 782
8146 18483 3056695 1 783
8145 18484 3056705 1 783
8144 18485 3056715 1 783
8143 18487 3056725 1 784
8141 18488 3056735 1 784
8139 18490 3056745 1 785
8137 18492 3056755 1 786
8134 18494 3056765 1 786
8131 18496 3056775 1 786
8128 18498 3056785 1 787
8126 18499 3056795 1 787
8123 18500 3056805 1 787
8119 18502 3056815 1 787
8114 18504 3056825 1 788
8110 18505 3056835 1 788
8105 18507 3056845 1 788
8100 18508 3056855 1 789
8094 18508 3056865 1 790
8089 18509 3056875 1 790
8084 18509 3056885 1 790
8078 18509 3056895 1 791
8073 18508 3056905 1 792
8068 18507 3056915 1 792
8063 18506 3056925 1 793
8058 18505 3056935 1 793
8053 18504 3056945 1 793
8049 18502 3056955 1 794
8045 18501 3056965 1 795
8041 18499 3056975 1 795
8038 18498 3056985 1 796
8035 18496 3056995 1 796
8032 18495 3057005 1 797
8029 18493 3057015 1 797
8027 18491 3057025 1 798
8025 18489 3057035 1 799
8024 18488 3057045 1 799
8024 18486 3057055 1 799
8023 18484 3057065 1 799
8023 18482 3057075 1 800
8024 18479 3057085 1 801
8025 18477 3057095 1 801
8027 18474 3057105 1 802
8029 18472 3057115 1 802
8032 18470 3057125 1 802
8036 18468 3057135 1 803
8040 18466 3057145 1 803
8043 18464 3057155 1 804
8047 18463 3057165 1 805
8051 18463 3057175 1 805
8054 18462 3057185 1 805
8057 18462 3057195 1 806
8060 18462 3057205 1 807
8062 18463 3057215 1 807
8064 18463 3057225 1 808
8066 18464 3057235 1 808
8068 18466 3057245 1 809
8069 18467 3057255 1 809
8070 18469 3057265 1 809
8071 18471 3057275 1 810
8071 18473 3057285 1 811
8072 18474 3057295 1 811
8072 18475 3057305 1 812
8072 18477 3057315 1 812
8071 18479 3057325 1 812
8071 18481 3057335 1 813
8070 18484 3057345 1 814
8069 18486 3057355 1 815
8068 18489 3057365 1 815
8066 18491 3057375 1 815
8065 18494 3057385 1 816
8064 18496 3057395 1 817
8064 18499 3057405 1 817
8063 18501 3057415 1 818
8062 18504 3057425 1 818
8062 18506 3057435 1 819
8061 18508 3057445 1 819
8060 18510 3057455 1 819
8059 18511 3057465 1 820
8058 18513 3057475 1 821
8057 18515 3057485 1 822
8056 18516 3057495 1 823
8055 18517 3057505 1 823
8055 18519 3057515 1 823
8055 18520 3057525 1 824
8055 18522 3057535 1 825
8055 18522 3057545 1 826
8055 18523 3057555 1 826
8055 18524 3057565 1 826
8054 18525 3057575 1 827
8054 18527 3057585 1 827
8054 18528 3057595 1 828
8053 18529 3057605 1 828
8053 18529 3057615 1 829
8052 18530 3057625 1 829
8052 18531 3057635 1 830
8052 18531 3057645 1 831
8051 18532 3057655 1 832
8051 18532 3057665 1 832
8051 18532 3057675 1 832
8052 18532 3057685 1 833
8053 18532 3057695 1 834
8054 18532 3057705 1 835
8055 18531 3057715 1 836
8057 18531 3057725 1 836
8058 18531 3057735 1 836
8060 18531 3057745 1 837
8061 18530 3057755 1 838
8062 18530 3057765 1 838
8063 18530 3057775 1 839
8064 18529 3057785 1 840
8064 18529 3057795 1 840
8064 18529 3057805 1 840
8064 18528 3057815 1 841
8065 18527 3057825 1 842
8065 18527 3057835 1 843
8065 18526 3057845 1 843
8066 18525 3057855 1 844
8067 18525 3057865 1 844
8068 18524 3057875 1 845
8070 18523 3057885 1 846
8071 18522 3057895 1 846
8073 18520 3057905 1 847
8075 18519 3057915 1 848
8077 18518 3057925 1 849
8079 18517 3057935 1 849
8081 18515 3057945 1 849
8083 18514 3057955 1 850
8085 18513 3057965 1 851
8087 18512 3057975 1 852
8089 18510 3057985 1 853
8091 18509 3057995 1 854
8092 18508 3058005 1 855
8094 18508 3058015 1 855
8096 18507 3058025 1 856
8098 18506 3058035 1 856
8099 18506 3058045 1 857
8100 18505 3058055 1 857
8101 18504 3058065 1 857
8103 18503 3058075 1 858
8104 18502 3058085 1 859
8106 18500 3058095 1 860
8107 18498 3058105 1 860
8108 18495 3058115 1 861
8109 18493 3058125 1 862
8110 18490 3058135 1 863
8111 18488 3058145 1 863
8112 18485 3058155 1 864
8113 18483 3058165 1 865
8113 18480 3058175 1 866
8113 18477 3058185 1 867
8114 18475 3058195 1 867
8113 18473 3058205 1 867
8113 18471 3058215 1 868
8113 18469 3058225 1 869
8112 18467 3058235 1 870
8112 18466 3058245 1 871
8111 18464 3058255 1 872
8111 18463 3058265 1 872
8110 18462 3058275 1 873
8110 18461 3058285 1 874
8109 18460 3058295 1 875
8109 18460 3058305 1 875
8109 18459 3058315 1 875
8109 18459 3058325 1 876
8108 18458 3058335 1 877
8108 18458 3058345 1 878
8108 18458 3058355 1 879
8108 18458 3058365 1 880
8107 18459 3058375 1 881
8107 18459 3058385 1 882
8106 18460 3058395 1 882
8106 18461 3058405 1 883
8105 18462 3058415 1 884
8104 18463 3058425 1 885
8104 18464 3058435 1 885
8103 18466 3058445 1 886
8103 18468 3058455 1 887
8103 18469 3058465 1 888
8103 18471 3058475 1 889
8103 18473 3058485 1 890
8104 18475 3058495 1 891
8104 18477 3058505 1 892
8105 18479 3058515 1 892
8106 18480 3058525 1 893
8107 18482 3058535 1 894
8107 18483 3058545 1 894
8108 18483 3058555 1 895
8108 18485 3058565 1 895
8109 18486 3058575 1 896
8110 18487 3058585 1 897
8111 18488 3058595 1 898
8112 18488 3058605 1 899
8112 18489 3058615 1 900
8112 18489 3058625 1 900
8112 18490 3058635 1 901
8111 18490 3058645 1 902
8111 18490 3058655 1 903
8111 18490 3058665 1 904
8110 18490 3058675 1 905
8109 18490 3058685 1 905
8108 18489 3058695 1 906
8107 18489 3058705 1 907
8107 18489 3058715 1 908
8106 18488 3058725 1 909
8106 18488 3058735 1 910
8106 18488 3058745 1 911
8107 18488 3058755 1 912
8107 18488 3058765 1 913
8108 18488 3058775 1 914
8109 18489 3058785 1 915
8109 18489 3058795 1 915
8110 18489 3058805 1 916
8111 18489 3058815 1 917
8112 18490 3058825 1 917
8113 18490 3058835 1 918
8114 18490 3058845 1 919
8115 18490 3058855 1 920
8115 18491 3058865 1 920
8115 18491 3058875 1 921
8115 18491 3058885 1 922
8114 18491 3058895 1 923
8114 18491 3058905 1 924
8113 18491 3058915 1 925
8113 18491 3058925 1 926
8113 18491 3058935 1 927
8113 18491 3058945 1 928
8113 18491 3058955 1 929
8114 18491 3058965 1 930
8114 18491 3058975 1 931
8115 18491 3058985 1 932
8116 18491 3058995 1 932
8117 18490 3059005 1 933
8118 18490 3059015 1 934
8120 18489 3059025 1 935
8121 18489 3059035 1 936
8122 18488 3059045 1 937
8122 18488 3059055 1 937
8124 18487 3059065 1 938
8125 18486 3059075 1 939
8126 18485 3059085 1 940
8127 18485 3059095 1 941
8128 18484 3059105 1 942
8130 18484 3059115 1 943
8131 18484 3059125 1 944
8133 18483 3059135 1 946
8134 18483 3059145 1 947
8136 18484 3059155 1 947
8138 18484 3059165 1 948
8139 18484 3059175 1 949
8140 18485 3059185 1 950
8142 18485 3059195 1 951
8143 18486 3059205 1 952
8144 18487 3059215 1 953
8145 18488 3059225 1 954
8146 18489 3059235 1 955
8147 18489 3059245 1 956
8147 18490 3059255 1 958
8147 18491 3059265 1 959
8148 18492 3059275 1 960
8148 18493 3059285 1 961
8148 18494 3059295 1 961
8148 18494 3059305 1 961
8147 18495 3059315 1 962
8147 18496 3059325 1 963
8146 18497 3059335 1 964
8146 18498 3059345 1 965
8146 18499 3059355 1 966
8145 18500 3059365 1 967
8145 18501 3059375 1 968
8145 18502 3059385 1 969
8145 18503 3059395 1 970
8146 18504 3059405 1 971
8147 18504 3059415 1 972
8147 18505 3059425 1 973
8148 18505 3059435 1 974
8149 18505 3059445 1 975
8150 18505 3059455 1 976
8151 18505 3059465 1 976
8152 18505 3059475 1 977
8153 18505 3059485 1 979
8154 18505 3059495 1 980
8155 18505 3059505 1 981
8156 18505 3059515 1 982
8157 18505 3059525 1 983
8158 18504 3059535 1 984
8158 18504 3059545 1 984
8159 18504 3059555 1 985
8159 18503 3059565 1 986
8160 18503 3059575 1 987
8160 18502 3059585 1 988
8161 18502 3059595 1 989
8161 18501 3059605 1 990
8161 18500 3059615 1 991
8161 18499 3059625 1 991
8161 18499 3059635 1 992
8162 18498 3059645 1 994
8162 18497 3059655 1 995
8163 18496 3059665 1 997
8163 18495 3059675 1 998
8164 18494 3059685 1 999
8165 18493 3059695 1 1000
8165 18493 3059705 1 1001
8166 18492 3059715 1 1001
8166 18492 3059725 1 1001
8166 18491 3059735 1 1002
8166 18491 3059745 1 1002
8166 18491 3059755 1 1003
8166 18491 3059765 1 1002
8166 18491 3059775 1 1003
8166 18491 3059785 1 1004
8166 18491 3059795 1 1004
8166 18491 3059805 1 1004
8166 18491 3059815 1 1004
8165 18491 3059825 1 1004
8165 18491 3059835 1 1004
8164 18491 3059845 1 1005
8164 18491 3059855 1 1006
8163 18491 3059865 1 1006
8162 18491 3059875 1 1006
8161 18491 3059885 1 1006
8161 18491 3059895 1 1006
8160 18491 3059905 1 1006
8160 18490 3059915 1 1007
8160 18490 3059925 1 1008
8160 18489 3059935 1 1008
8160 18488 3059945 1 1008
8161 18487 3059955 1 1008
8161 18487 3059965 1 1008
8162 18486 3059975 1 1008
8163 18485 3059985 1 1009
8164 18484 3059995 1 1010
8165 18483 3060005 1 1010
8167 18482 3060015 1 1010
8168 18481 3060025 1 1010
8170 18480 3060035 1 1011
8171 18480 3060045 1 1011
8171 18480 3060055 1 1011
8173 18479 3060065 1 1011
8174 18478 3060075 1 1011
8175 18477 3060085 1 1012
8175 18476 3060095 1 1012
8176 18476 3060105 1 1012
8176 18475 3060115 1 1013
8175 18475 3060125 1 1013
8174 18474 3060135 1 1013
8173 18474 3060145 1 1013
8172 18473 3060155 1 1014
8171 18473 3060165 1 1014
8169 18473 3060175 1 1015
8168 18473 3060185 1 1015
8167 18473 3060195 1 1015
8166 18472 3060205 1 1015
8165 18472 3060215 1 1015
8165 18472 3060225 1 1015
8164 18472 3060235 1 1016
8164 18472 3060245 1 1017
8163 18472 3060255 1 1017
8163 18472 3060265 1 1017
8162 18472 3060275 1 1017
8162 18473 3060285 1 1017
8161 18473 3060295 1 1018
8161 18473 3060305 1 1018
8160 18474 3060315 1 1019
8159 18475 3060325 1 1019
8158 18475 3060335 1 1019
8158 18476 3060345 1 1019
8157 18477 3060355 1 1019
8156 18478 3060365 1 1020
8156 18479 3060375 1 1020
8156 18480 3060385 1 1021
8155 18481 3060395 1 1021
8155 18482 3060405 1 1021
8155 18483 3060415 1 1021
8155 18484 3060425 1 1021
8155 18485 3060435 1 1022
8155 18486 3060445 1 1022
8156 18487 3060455 1 1023
8156 18487 3060465 1 1022
8156 18488 3060475 1 1022
8157 18488 3060485 1 1023
8157 18489 3060495 1 1022
8157 18489 3060505 1 1022
8157 18490 3060515 1 1022
8157 18490 3060525 1 1022
8157 18490 3060535 1 1021
8157 18490 3060545 1 1021
8157 18490 3060555 1 1021
8157 18491 3060565 1 1020
8157 18491 3060575 1 1020
8157 18491 3060585 1 1020
8157 18491 3060595 1 1020
8158 18491 3060605 1 1020
8159 18492 3060615 1 1019
8159 18492 3060625 1 1018
8160 18492 3060635 1 1018
8162 18493 3060645 1 1018
8163 18493 3060655 1 1018
8164 18493 3060665 1 1018
8165 18493 3060675 1 1018
8166 18494 3060685 1 1016
8167 18494 3060695 1 1016
8167 18494 3060705 1 1016
8168 18494 3060715 1 1016
8169 18495 3060725 1 1016
8171 18495 3060735 1 1016
8172 18496 3060745 1 1015
8174 18496 3060755 1 1014
8175 18496 3060765 1 1014
8177 18497 3060775 1 1014
8178 18497 3060785 1 1014
8179 18497 3060795 1 1014
8180 18497 3060805 1 1014
8181 18497 3060815 1 1013
8182 18497 3060825 1 1013
8183 18497 3060835 1 1013
8184 18497 3060845 1 1012
8184 18498 3060855 1 1012
8185 18498 3060865 1 1012
8185 18498 3060875 1 1012
8186 18499 3060885 1 1011
8187 18499 3060895 1 1011
8187 18499 3060905 1 1011
8188 18500 3060915 1 1010
8188 18500 3060925 1 1010
8188 18500 3060935 1 1010
8188 18500 3060945 1 1009
8188 18500 3060955 1 1009
8188 18500 3060965 1 1009
8188 18500 3060975 1 1009
8187 18500 3060985 1 1009
8187 18500 3060995 1 1007
8186 18500 3061005 1 1007
8186 18500 3061015 1 1007
8185 18500 3061025 1 1007
8185 18500 3061035 1 1007
8185 18499 3061045 1 1007
8184 18499 3061055 1 1007
8184 18499 3061065 1 1007
8184 18499 3061075 1 1006
8183 18500 3061085 1 1005
8183 18500 3061095 1 1005
8182 18500 3061105 1 1005
8182 18500 3061115 1 1005
8181 18501 3061125 1 1005
8180 18502 3061135 1 1004
8179 18502 3061145 1 1004
8178 18503 3061155 1 1004
8177 18504 3061165 1 1003
8176 18506 3061175 1 1003
8175 18507 3061185 1 1003
8175 18508 3061195 1 1002
8174 18510 3061205 1 1002
8174 18512 3061215 1 1002
8174 18513 3061225 1 1002
8174 18515 3061235 1 1001
8175 18517 3061245 1 1000
8175 18519 3061255 1 1000
8176 18520 3061265 1 1000
8177 18522 3061275 1 1000
8178 18523 3061285 1 1000
8178 18524 3061295 1 1000
8179 18524 3061305 1 1000
8180 18525 3061315 1 999
8182 18526 3061325 1 999
8184 18527 3061335 1 998
8185 18528 3061345 1 998
8187 18528 3061355 1 998
8188 18528 3061365 1 998
8189 18529 3061375 1 998
8189 18529 3061385 1 997
8189 18529 3061395 1 997
8189 18529 3061405 1 997
8189 18529 3061415 1 996
8189 18529 3061425 1 996
8189 18529 3061435 1 995
8189 18529 3061445 1 995
8189 18529 3061455 1 995
8189 18529 3061465 1 995
8189 18529 3061475 1 995
8189 18529 3061485 1 995
8189 18529 3061495 1 994
8189 18529 3061505 1 993
8189 18529 3061515 1 993
8189 18530 3061525 1 993
8189 18530 3061535 1 993
8189 18530 3061545 1 993
8189 18530 3061555 1 993
8189 18531 3061565 1 993
8189 18531 3061575 1 992
8189 18531 3061585 1 992
8188 18531 3061595 1 991
8188 18532 3061605 1 991
8187 18532 3061615 1 991
8186 18532 3061625 1 991
8185 18532 3061635 1 990
8185 18532 3061645 1 990
8184 18532 3061655 1 990
8183 18532 3061665 1 990
8183 18532 3061675 1 989
8182 18532 3061685 1 989
8182 18531 3061695 1 988
8181 18531 3061705 1 988
8181 18530 3061715 1 961
8180 18530 3061725 1 934
8180 18529 3061735 1 905
8179 18529 3061745 1 876
8179 18528 3061755 1 846
8179 18527 3061765 1 815
8179 18527 3061775 1 784
8180 18526 3061785 1 753
8180 18525 3061795 1 741
8180 18525 3061805 1 737
8181 18524 3061815 1 721
8182 18523 3061825 1 689
8182 18522 3061835 1 658
8183 18521 3061845 1 627
8183 18520 3061855 1 595
8184 18518 3061865 1 565
8185 18517 3061875 1 534
8186 18516 3061885 1 504
8188 18515 3061895 1 475
8189 18514 3061905 1 446
8188 18512 3061915 1 419
8184 18511 3061925 1 392
8178 18510 3061935 1 366
8170 18509 3061945 1 342
8161 18508 3061955 1 331
8151 18507 3061965 1 319
8140 18506 3061975 1 297
8129 18506 3061985 1 277
8119 18505 3061995 1 259
8110 18504 3062005 1 241
8101 18504 3062015 1 226
8092 18503 3062025 1 213
8083 18503 3062035 1 200
8078 18502 3062045 1 195
8073 18502 3062055 1 191
8064 18501 3062065 1 184
8056 18501 3062075 1 179
8051 18500 3062085 1 175
8048 18500 3062095 1 176
8047 18499 3062105 1 177
8048 18498 3062115 1 177
8051 18497 3062125 1 179
8053 18496 3062135 1 180
8055 18494 3062145 1 180
8057 18493 3062155 1 182
8057 18493 3062165 1 183
8058 18492 3062175 1 184
8058 18491 3062185 1 185
8059 18490 3062195 1 186
8060 18489 3062205 1 187
8061 18487 3062215 1 194
8061 18486 3062225 1 205
8062 18486 3062235 1 222
8062 18485 3062245 1 244
8062 18485 3062255 1 270
8062 18485 3062265 1 285
8062 18485 3062275 1 301
8062 18485 3062285 1 334
8062 18485 3062295 1 352
8062 18485 3062305 1 370
8062 18485 3062315 1 409
8062 18485 3062325 1 450
8061 18485 3062335 1 492
8061 18485 3062345 1 535
8060 18486 3062355 1 579
8059 18486 3062365 1 622
8058 18487 3062375 1 666
8057 18488 3062385 1 709
8056 18489 3062395 1 750
8056 18490 3062405 1 789
8055 18491 3062415 1 826
8055 18492 3062425 1 845
8055 18494 3062435 1 861
8055 18496 3062445 1 893
8056 18497 3062455 1 922
8056 18499 3062465 1 951
8057 18501 3062475 1 968
8057 18503 3062485 1 968
8058 18505 3062495 1 968
8058 18507 3062505 1 968
8058 18508 3062515 1 968
8057 18510 3062525 1 967
8056 18512 3062535 1 967
8056 18512 3062545 1 967
8056 18513 3062555 1 967
8055 18514 3062565 1 966
8054 18515 3062575 1 966
8054 18515 3062585 1 966
8054 18516 3062595 1 965
8054 18516 3062605 1 965
8054 18516 3062615 1 965
8054 18516 3062625 1 965
8055 18516 3062635 1 965
8055 18515 3062645 1 964
8056 18515 3062655 1 964
8057 18514 3062665 1 964
8057 18513 3062675 1 963
8057 18512 3062685 1 963
8057 18511 3062695 1 963
8057 18510 3062705 1 962
8058 18509 3062715 1 962
8058 18507 3062725 1 962
8059 18506 3062735 1 962
8061 18504 3062745 1 962
8063 18502 3062755 1 962
8065 18500 3062765 1 962
8067 18499 3062775 1 961
8070 18497 3062785 1 961
8071 18496 3062795 1 960
8073 18495 3062805 1 960
8075 18494 3062815 1 960
8078 18492 3062825 1 960
8081 18491 3062835 1 960
8084 18489 3062845 1 935
8087 18488 3062855 1 896
8090 18487 3062865 1 857
8093 18486 3062875 1 818
8096 18485 3062885 1 778
8099 18485 3062895 1 757
8101 18484 3062905 1 737
8103 18484 3062915 1 698
8105 18484 3062925 1 658
8107 18484 3062935 1 620
8108 18483 3062945 1 582
8110 18483 3062955 1 545
8111 18483 3062965 1 510
8112 18483 3062975 1 476
8113 18484 3062985 1 444
8114 18484 3062995 1 413
8115 18484 3063005 1 385
8115 18484 3063015 1 361
8116 18484 3063025 1 338
8116 18484 3063035 1 319
8116 18484 3063045 1 312
8116 18484 3063055 1 310
8115 18484 3063065 1 303
8115 18484 3063075 1 289
8114 18484 3063085 1 281
8113 18484 3063095 1 274
8112 18484 3063105 1 275
8111 18485 3063115 1 276
8110 18485 3063125 1 278
8108 18485 3063135 1 278
8107 18485 3063145 1 279
8106 18485 3063155 1 281
8104 18485 3063165 1 281
8103 18485 3063175 1 282
8102 18484 3063185 1 284
8101 18484 3063195 1 284
8100 18483 3063205 1 286
8099 18482 3063215 1 292
8099 18482 3063225 1 307
8098 18481 3063235 1 329
8097 18480 3063245 1 356
8097 18479 3063255 1 389
8096 18478 3063265 1 425
8096 18477 3063275 1 465
8096 18477 3063285 1 509
8096 18476 3063295 1 530
8096 18476 3063305 1 553
8096 18475 3063315 1 598
8096 18474 3063325 1 645
8097 18473 3063335 1 690
8097 18472 3063345 1 734
8098 18471 3063355 1 775
8098 18470 3063365 1 796
8097 18469 3063375 1 815
8097 18469 3063385 1 849
8098 18468 3063395 1 881
8098 18467 3063405 1 906
8099 18467 3063415 1 926
8101 18466 3063425 1 940
8102 18466 3063435 1 945
8103 18466 3063445 1 945
8105 18465 3063455 1 945
8106 18465 3063465 1 945
8107 18465 3063475 1 944
8109 18465 3063485 1 944
8111 18466 3063495 1 944
8112 18466 3063505 1 944
8114 18467 3063515 1 944
8116 18467 3063525 1 944
8118 18468 3063535 1 943
8119 18469 3063545 1 943
8120 18469 3063555 1 943
8122 18470 3063565 1 942
8123 18472 3063575 1 942
8125 18473 3063585 1 942
8126 18474 3063595 1 942
8127 18476 3063605 1 941
8128 18477 3063615 1 941
8128 18478 3063625 1 941
8127 18480 3063635 1 941
8127 18481 3063645 1 941
8127 18483 3063655 1 941
8127 18484 3063665 1 940
8128 18486 3063675 1 942
8128 18487 3063685 1 940
8128 18489 3063695 1 921
8128 18490 3063705 1 892
8129 18492 3063715 1 863
8129 18493 3063725 1 834
8129 18495 3063735 1 803
8130 18496 3063745 1 773
8130 18497 3063755 1 743
8131 18498 3063765 1 713
8132 18499 3063775 1 683
8133 18500 3063785 1 655
8133 18501 3063795 1 640
8134 18501 3063805 1 626
8135 18502 3063815 1 598
8135 18503 3063825 1 570
8136 18504 3063835 1 557
8137 18504 3063845 1 545
8139 18505 3063855 1 520
8140 18506 3063865 1 496
8141 18506 3063875 1 473
8143 18507 3063885 1 452
8145 18508 3063895 1 432
8147 18508 3063905 1 414
8149 18509 3063915 1 398
8150 18509 3063925 1 383
8152 18509 3063935 1 371
8153 18509 3063945 1 360
8154 18509 3063955 1 352
8155 18508 3063965 1 354
8156 18508 3063975 1 355
8157 18507 3063985 1 355
8157 18506 3063995 1 356
8158 18504 3064005 1 358
8158 18503 3064015 1 358
8158 18502 3064025 1 359
8158 18500 3064035 1 364
8158 18499 3064045 1 368
8158 18499 3064055 1 374
8158 18497 3064065 1 385
8157 18496 3064075 1 397
8157 18494 3064085 1 411
8156 18493 3064095 1 426
8155 18492 3064105 1 442
8154 18491 3064115 1 460
8152 18490 3064125 1 479
8150 18489 3064135 1 498
8149 18488 3064145 1 508
8146 18488 3064155 1 518
8144 18488 3064165 1 539
8142 18488 3064175 1 561
8139 18488 3064185 1 583
8136 18489 3064195 1 606
8133 18489 3064205 1 630
8131 18490 3064215 1 653
8129 18491 3064225 1 677
8127 18492 3064235 1 701
8126 18493 3064245 1 726
8125 18494 3064255 1 750
8125 18494 3064265 1 775
8125 18495 3064275 1 799
8126 18496 3064285 1 823
8126 18496 3064295 1 832
8126 18497 3064305 1 835
8127 18497 3064315 1 848
8128 18498 3064325 1 871
8129 18498 3064335 1 894
8129 18498 3064345 1 917
8130 18499 3064355 1 925
8131 18499 3064365 1 924
8131 18499 3064375 1 924
8132 18500 3064385 1 924
8133 18500 3064395 1 924
8133 18500 3064405 1 924
8135 18500 3064415 1 924
8136 18501 3064425 1 923
8137 18501 3064435 1 923
8139 18501 3064445 1 923
8141 18501 3064455 1 923
8143 18501 3064465 1 923
8145 18501 3064475 1 923
8147 18501 3064485 1 923
8148 18500 3064495 1 922
8150 18500 3064505 1 922
8151 18500 3064515 1 922
8152 18500 3064525 1 921
8153 18499 3064535 1 921
8153 18499 3064545 1 921
8153 18499 3064555 1 921
8153 18499 3064565 1 920
8153 18498 3064575 1 920
8152 18498 3064585 1 920
8151 18497 3064595 1 920
8150 18497 3064605 1 920
8148 18496 3064615 1 919
8146 18496 3064625 1 919
8143 18496 3064635 1 919
8141 18495 3064645 1 919
8138 18495 3064655 1 919
8136 18494 3064665 1 919
8134 18494 3064675 1 918
8132 18493 3064685 1 918
8131 18493 3064695 1 918
8130 18493 3064705 1 918
8130 18493 3064715 1 918
8130 18492 3064725 1 917
8130 18492 3064735 1 917
8131 18492 3064745 1 917
8132 18492 3064755 1 916
8134 18492 3064765 1 916
8135 18492 3064775 1 916
8137 18493 3064785 1 915
8138 18493 3064795 1 915
8140 18494 3064805 1 915
8141 18494 3064815 1 915
8142 18495 3064825 1 915
8143 18495 3064835 1 915
8144 18496 3064845 1 914
8145 18497 3064855 1 914
8145 18497 3064865 1 914
8146 18497 3064875 1 914
8146 18498 3064885 1 914
8146 18498 3064895 1 914
8146 18498 3064905 1 913
8145 18498 3064915 1 913
8144 18498 3064925 1 913
8143 18498 3064935 1 913
8142 18498 3064945 1 913
8140 18498 3064955 1 912
8138 18498 3064965 1 912
8136 18498 3064975 1 912
8134 18498 3064985 1 911
8132 18498 3064995 1 911
8130 18498 3065005 1 911
8128 18497 3065015 1 911
8126 18497 3065025 1 910
8124 18497 3065035 1 910
8122 18496 3065045 1 910
8121 18496 3065055 1 910
8120 18495 3065065 1 910
8120 18495 3065075 1 909
8120 18495 3065085 1 909
8121 18494 3065095 1 909
8122 18494 3065105 1 909
8123 18494 3065115 1 909
8124 18494 3065125 1 909
8125 18494 3065135 1 908
8127 18494 3065145 1 908
8128 18494 3065155 1 908
8130 18494 3065165 1 908
8132 18494 3065175 1 908
8134 18495 3065185 1 907
8136 18495 3065195 1 907
8137 18496 3065205 1 907
8138 18496 3065215 1 907
8139 18496 3065225 1 907
8140 18497 3065235 1 906
8140 18497 3065245 1 906
8140 18497 3065255 1 906
8140 18497 3065265 1 906
8140 18497 3065275 1 905
8140 18497 3065285 1 905
8139 18497 3065295 1 905
8139 18497 3065305 1 905
8138 18496 3065315 1 904
8137 18496 3065325 1 904
