7533 17301 8267886 1 945
7534 17301 8267896 1 705
7535 17301 8267906 1 509
7536 17301 8267916 1 354
7537 17300 8267926 1 233
7538 17300 8267936 1 144
7539 17299 8267946 1 81
7540 17298 8267956 1 39
7541 17297 8267966 1 15
7543 17296 8267976 1 3
7543 17294 8267986 0 0
7544 17293 8267996 0 0
7544 17291 8268006 0 0
7544 17289 8268016 0 0
7545 17287 8268026 0 0
7545 17285 8268036 0 0
7547 17283 8268046 0 0
7547 17282 8268056 0 0
7548 17282 8268066 0 0
7550 17280 8268076 0 0
7551 17279 8268086 0 0
7552 17279 8268096 0 0
7553 17278 8268106 0 0
7554 17278 8268116 0 0
7555 17277 8268126 0 0
7556 17277 8268136 0 0
7557 17277 8268146 0 0
7557 17277 8268156 0 0
7558 17277 8268166 0 0
7558 17277 8268176 1 9
7559 17277 8268186 1 143
7560 17277 8268196 1 260
7561 17277 8268206 1 315
7562 17277 8268216 1 363
7562 17278 8268226 1 401
7563 17278 8268236 1 449
7564 17278 8268246 1 521
7566 17278 8268256 1 579
7567 17278 8268266 1 605
7568 17278 8268276 1 624
7569 17278 8268286 1 657
7570 17278 8268296 1 678
7571 17278 8268306 1 686
7571 17278 8268316 1 688
7572 17277 8268326 1 689
7573 17277 8268336 1 690
7574 17276 8268346 1 682
7574 17275 8268356 1 666
7575 17275 8268366 1 656
7575 17274 8268376 1 642
7576 17273 8268386 1 612
7576 17272 8268396 1 596
7576 17272 8268406 1 575
7577 17271 8268416 1 534
7577 17269 8268426 1 513
7578 17268 8268436 1 487
7579 17267 8268446 1 438
7580 17266 8268456 1 413
7581 17265 8268466 1 386
7582 17265 8268476 1 364
7583 17264 8268486 1 331
7585 17264 8268496 1 275
7586 17264 8268506 1 217
7587 17263 8268516 1 160
7589 17264 8268526 1 132
7589 17264 8268536 1 104
7590 17264 8268546 1 49
7591 17265 8268556 0 0
7591 17265 8268566 0 0
7592 17266 8268576 0 0
7592 17267 8268586 0 0
7592 17268 8268596 0 0
7592 17270 8268606 0 0
7592 17271 8268616 0 0
7591 17273 8268626 0 0
7590 17275 8268636 0 0
7589 17277 8268646 0 0
7588 17279 8268656 0 0
7587 17281 8268666 0 0
7586 17283 8268676 0 0
7585 17285 8268686 0 0
7584 17286 8268696 0 0
7583 17288 8268706 0 0
7582 17289 8268716 0 0
7582 17291 8268726 0 0
7582 17291 8268736 0 0
7582 17292 8268746 0 0
7582 17293 8268756 0 0
7582 17294 8268766 0 0
7582 17295 8268776 0 0
7582 17295 8268786 0 0
7582 17295 8268796 0 0
7581 17294 8268806 0 0
7580 17293 8268816 0 0
7579 17292 8268826 0 0
7578 17291 8268836 0 0
7577 17289 8268846 0 0
7575 17286 8268856 0 0
7574 17284 8268866 0 0
7572 17281 8268876 0 0
7570 17278 8268886 0 0
7569 17275 8268896 0 0
7568 17274 8268906 0 0
7567 17272 8268916 0 0
7565 17270 8268926 0 0
7564 17267 8268936 1 57
7563 17264 8268946 1 131
7561 17261 8268956 1 169
7560 17258 8268966 1 208
7559 17254 8268976 1 287
7559 17251 8268986 1 368
7558 17248 8268996 1 447
7558 17245 8269006 1 485
7559 17243 8269016 1 525
7559 17241 8269026 1 599
7560 17239 8269036 1 637
7561 17238 8269046 1 671
7563 17236 8269056 1 698
7565 17235 8269066 1 736
7566 17235 8269076 1 764
7568 17235 8269086 1 795
7571 17234 8269096 1 845
7575 17234 8269106 1 886
7579 17234 8269116 1 905
7583 17235 8269126 1 917
7587 17235 8269136 1 936
7591 17236 8269146 1 944
7594 17237 8269156 1 949
7597 17238 8269166 1 951
7600 17239 8269176 1 952
7603 17240 8269186 1 953
7606 17242 8269196 1 952
7609 17244 8269206 1 950
7612 17246 8269216 1 948
7615 17249 8269226 1 945
7618 17251 8269236 1 939
7619 17252 8269246 1 936
7620 17253 8269256 1 930
7622 17255 8269266 1 922
7624 17256 8269276 1 917
7627 17258 8269286 1 910
7629 17259 8269296 1 898
7631 17260 8269306 1 885
7634 17262 8269316 1 870
7636 17264 8269326 1 865
7638 17266 8269336 1 863
7640 17267 8269346 1 856
7641 17269 8269356 1 840
7642 17270 8269366 1 825
7643 17271 8269376 1 817
7643 17271 8269386 1 808
7642 17272 8269396 1 793
7642 17272 8269406 1 777
7641 17273 8269416 1 768
7641 17273 8269426 1 762
7640 17273 8269436 1 755
7638 17274 8269446 1 748
7637 17274 8269456 1 733
7636 17274 8269466 1 719
7635 17274 8269476 1 712
7634 17274 8269486 1 711
7634 17274 8269496 1 706
7634 17275 8269506 1 693
7635 17275 8269516 1 681
7635 17275 8269526 1 669
7636 17276 8269536 1 662
7638 17276 8269546 1 656
7639 17277 8269556 1 644
7640 17278 8269566 1 633
7641 17279 8269576 1 624
7641 17280 8269586 1 620
7642 17280 8269596 1 618
7642 17281 8269606 1 613
7643 17282 8269616 1 604
7643 17284 8269626 1 598
7643 17285 8269636 1 594
7644 17286 8269646 1 591
7644 17287 8269656 1 585
7644 17289 8269666 1 577
7645 17291 8269676 1 569
7645 17292 8269686 1 561
7645 17294 8269696 1 558
7646 17295 8269706 1 555
7646 17297 8269716 1 548
7646 17298 8269726 1 542
7646 17299 8269736 1 536
7645 17300 8269746 1 534
7645 17300 8269756 1 533
7645 17300 8269766 1 531
7644 17301 8269776 1 528
7644 17302 8269786 1 526
7644 17304 8269796 1 521
7644 17305 8269806 1 520
7643 17306 8269816 1 518
7643 17307 8269826 1 515
7642 17308 8269836 1 512
7642 17308 8269846 1 509
7641 17309 8269856 1 508
7641 17309 8269866 1 508
7641 17310 8269876 1 505
7642 17310 8269886 1 504
7643 17311 8269896 1 504
7645 17311 8269906 1 504
7647 17311 8269916 1 504
7647 17312 8269926 1 503
7648 17312 8269936 1 504
7650 17312 8269946 1 505
7652 17311 8269956 1 506
7654 17311 8269966 1 507
7656 17311 8269976 1 507
7657 17311 8269986 1 508
7659 17310 8269996 1 511
7660 17310 8270006 1 514
7661 17309 8270016 1 515
7661 17309 8270026 1 517
7662 17308 8270036 1 521
7662 17308 8270046 1 526
7662 17307 8270056 1 528
7661 17307 8270066 1 528
7661 17307 8270076 1 530
7660 17306 8270086 1 536
7659 17306 8270096 1 538
7659 17306 8270106 1 541
7658 17306 8270116 1 548
7656 17306 8270126 1 552
7655 17306 8270136 1 555
7653 17306 8270146 1 562
7652 17306 8270156 1 570
7651 17306 8270166 1 578
7650 17306 8270176 1 582
7649 17306 8270186 1 588
7648 17306 8270196 1 596
7647 17307 8270206 1 602
7646 17307 8270216 1 607
7646 17307 8270226 1 611
7646 17307 8270236 1 617
7645 17307 8270246 1 629
7645 17307 8270256 1 640
7644 17307 8270266 1 647
7644 17307 8270276 1 653
7643 17307 8270286 1 658
7642 17307 8270296 1 664
7641 17307 8270306 1 678
7640 17307 8270316 1 691
7640 17307 8270326 1 706
7640 17307 8270336 1 715
7640 17306 8270346 1 720
7640 17306 8270356 1 728
7641 17305 8270366 1 736
7642 17305 8270376 1 751
7643 17304 8270386 1 760
7644 17304 8270396 1 768
7645 17303 8270406 1 786
7645 17302 8270416 1 803
7646 17302 8270426 1 821
7646 17301 8270436 1 828
7647 17301 8270446 1 830
7647 17300 8270456 1 839
7648 17299 8270466 1 858
7648 17298 8270476 1 879
7648 17297 8270486 1 899
7648 17296 8270496 1 906
7648 17295 8270506 1 908
7648 17294 8270516 1 919
7648 17293 8270526 1 940
7648 17292 8270536 1 962
7649 17291 8270546 1 972
7649 17291 8270556 1 983
7650 17290 8270566 1 1004
7650 17289 8270576 1 1024
7651 17289 8270586 1 1024
7652 17288 8270596 1 1024
7652 17288 8270606 1 1024
7653 17288 8270616 1 1024
7653 17288 8270626 1 1024
7654 17288 8270636 1 1024
7655 17288 8270646 1 1024
7655 17288 8270656 1 1024
7656 17288 8270666 1 1024
7656 17288 8270676 1 1024
7656 17288 8270686 1 1024
7656 17288 8270696 1 1024
7655 17289 8270706 1 1024
7655 17289 8270716 1 1024
7655 17290 8270726 1 1024
7654 17291 8270736 1 1024
7654 17292 8270746 1 1024
7653 17293 8270756 1 1024
7652 17294 8270766 1 1024
7652 17295 8270776 1 1024
7652 17295 8270786 1 1024
7652 17296 8270796 1 1024
7651 17297 8270806 1 1024
7651 17298 8270816 1 1024
7650 17299 8270826 1 1024
7650 17300 8270836 1 1024
7649 17301 8270846 1 1024
7649 17302 8270856 1 1024
7648 17303 8270866 1 1024
7648 17304 8270876 1 1024
7648 17305 8270886 1 1024
7648 17306 8270896 1 1024
7648 17307 8270906 1 1024
7648 17307 8270916 1 1024
7649 17308 8270926 1 1024
7649 17308 8270936 1 1024
7649 17308 8270946 1 1024
7649 17308 8270956 1 1024
7649 17309 8270966 1 1024
7649 17309 8270976 1 1024
7649 17309 8270986 1 1024
7649 17309 8270996 1 1024
7649 17309 8271006 1 1024
7650 17309 8271016 1 1024
7650 17309 8271026 1 1024
7650 17309 8271036 1 1024
7651 17308 8271046 1 1024
7652 17308 8271056 1 1024
7653 17307 8271066 1 1024
7654 17307 8271076 1 1024
7656 17307 8271086 1 1024
7657 17306 8271096 1 1024
7659 17306 8271106 1 1024
7660 17306 8271116 1 1024
7661 17305 8271126 1 1024
7663 17305 8271136 1 1024
7664 17305 8271146 1 1024
7665 17304 8271156 1 1024
7667 17304 8271166 1 1024
7668 17304 8271176 1 1024
7669 17304 8271186 1 1024
7669 17304 8271196 1 1024
7670 17304 8271206 1 1024
7670 17305 8271216 1 1024
7670 17305 8271226 1 1024
7669 17305 8271236 1 1024
7669 17305 8271246 1 1024
7668 17305 8271256 1 1024
7668 17305 8271266 1 1024
7667 17306 8271276 1 1024
7667 17306 8271286 1 1024
7667 17306 8271296 1 1024
7666 17307 8271306 1 1024
7665 17307 8271316 1 1011
7665 17307 8271326 1 965
7665 17308 8271336 1 916
7664 17308 8271346 1 893
7664 17308 8271356 1 864
7664 17309 8271366 1 810
7663 17309 8271376 1 783
7663 17310 8271386 1 755
7663 17310 8271396 1 732
7663 17310 8271406 1 697
7663 17311 8271416 1 638
7663 17311 8271426 1 578
7663 17311 8271436 1 519
7663 17311 8271446 1 489
7663 17311 8271456 1 481
7663 17312 8271466 1 459
7663 17312 8271476 1 399
7662 17311 8271486 1 340
7662 17311 8271496 1 282
7661 17311 8271506 1 248
7660 17310 8271516 1 226
7659 17309 8271526 1 198
7658 17308 8271536 1 171
7657 17308 8271546 1 119
7656 17307 8271556 1 92
7656 17306 8271566 1 70
7655 17305 8271576 1 23
7654 17304 8271586 0 0
7652 17303 8271596 0 0
7651 17302 8271606 0 0
7650 17302 8271616 0 0
7649 17302 8271626 0 0
7648 17301 8271636 0 0
7646 17301 8271646 0 0
7644 17300 8271656 0 0
7643 17299 8271666 0 0
7641 17298 8271676 0 0
7640 17297 8271686 0 0
7639 17296 8271696 0 0
7638 17296 8271706 0 0
7639 17295 8271716 0 0
7639 17294 8271726 0 0
7640 17293 8271736 0 0
7641 17293 8271746 0 0
7642 17292 8271756 0 0
7644 17291 8271766 0 0
7645 17290 8271776 0 0
7646 17289 8271786 0 0
7646 17288 8271796 0 0
7647 17288 8271806 0 0
7648 17287 8271816 1 7
7648 17286 8271826 1 16
7649 17285 8271836 1 35
7649 17285 8271846 1 99
7649 17284 8271856 1 167
7649 17283 8271866 1 241
7649 17283 8271876 1 278
7649 17283 8271886 1 317
7650 17282 8271896 1 394
7651 17282 8271906 1 474
7651 17282 8271916 1 552
7652 17282 8271926 1 589
7653 17282 8271936 1 629
7654 17282 8271946 1 703
7655 17282 8271956 1 740
7655 17282 8271966 1 757
7655 17282 8271976 1 774
7656 17282 8271986 1 802
7657 17282 8271996 1 841
7658 17281 8272006 1 901
7658 17281 8272016 1 954
7658 17281 8272026 1 1000
7658 17281 8272036 1 1024
7658 17281 8272046 1 1024
7658 17280 8272056 1 1024
7657 17280 8272066 1 1024
7656 17280 8272076 1 1024
7656 17280 8272086 1 1024
7655 17279 8272096 1 1024
7654 17279 8272106 1 1024
7653 17279 8272116 1 1024
7653 17279 8272126 1 1024
7652 17279 8272136 1 1024
7652 17279 8272146 1 1024
7651 17279 8272156 1 1024
7650 17279 8272166 1 1024
7650 17279 8272176 1 1024
7650 17279 8272186 1 1024
7649 17279 8272196 1 1024
7650 17279 8272206 1 1024
7650 17279 8272216 1 1024
7650 17279 8272226 1 1024
7651 17278 8272236 1 1024
7652 17278 8272246 1 1024
7653 17278 8272256 1 1024
7653 17278 8272266 1 1024
7654 17277 8272276 1 1008
7655 17277 8272286 1 989
7657 17277 8272296 1 979
7657 17277 8272306 1 976
7658 17276 8272316 1 969
7659 17276 8272326 1 952
7660 17276 8272336 1 935
7660 17275 8272346 1 918
7661 17275 8272356 1 910
7661 17274 8272366 1 903
7661 17274 8272376 1 889
7661 17274 8272386 1 875
7661 17273 8272396 1 869
7661 17273 8272406 1 868
7661 17273 8272416 1 863
7661 17273 8272426 1 851
7661 17272 8272436 1 841
7660 17272 8272446 1 830
7660 17273 8272456 1 825
7660 17273 8272466 1 820
7660 17273 8272476 1 817
7661 17273 8272486 1 812
7661 17274 8272496 1 804
7661 17274 8272506 1 797
7662 17275 8272516 1 794
7663 17276 8272526 1 791
7664 17277 8272536 1 785
7664 17278 8272546 1 782
7665 17279 8272556 1 780
7666 17280 8272566 1 778
7667 17281 8272576 1 775
7667 17282 8272586 1 771
7668 17283 8272596 1 768
7669 17284 8272606 1 765
7669 17285 8272616 1 764
7670 17286 8272626 1 763
7670 17287 8272636 1 762
7671 17287 8272646 1 762
7671 17288 8272656 1 761
7672 17289 8272666 1 760
7673 17290 8272676 1 760
7674 17292 8272686 1 760
7675 17293 8272696 1 760
7676 17294 8272706 1 761
7676 17295 8272716 1 762
7677 17295 8272726 1 762
7678 17296 8272736 1 763
7679 17297 8272746 1 765
7679 17297 8272756 1 767
7680 17298 8272766 1 770
7681 17298 8272776 1 771
7681 17298 8272786 1 773
7682 17298 8272796 1 776
7682 17298 8272806 1 780
7683 17298 8272816 1 782
7683 17298 8272826 1 784
7683 17297 8272836 1 785
7683 17297 8272846 1 786
7683 17296 8272856 1 788
7683 17296 8272866 1 793
7682 17295 8272876 1 798
7682 17295 8272886 1 800
7682 17295 8272896 1 803
7681 17294 8272906 1 808
7681 17294 8272916 1 814
7680 17293 8272926 1 820
7680 17293 8272936 1 823
7679 17292 8272946 1 826
7679 17292 8272956 1 832
7678 17292 8272966 1 838
7678 17292 8272976 1 841
7678 17292 8272986 1 842
7678 17291 8272996 1 842
7677 17291 8273006 1 845
7677 17291 8273016 1 851
7677 17291 8273026 1 858
7676 17291 8273036 1 865
7676 17290 8273046 1 868
7676 17290 8273056 1 871
7675 17290 8273066 1 878
7675 17289 8273076 1 886
7675 17289 8273086 1 893
7675 17288 8273096 1 896
7676 17288 8273106 1 900
7676 17288 8273116 1 907
7676 17287 8273126 1 910
7676 17287 8273136 1 914
7676 17287 8273146 1 917
7676 17287 8273156 1 919
7676 17287 8273166 1 921
7675 17286 8273176 1 927
7675 17286 8273186 1 935
7674 17286 8273196 1 942
7674 17286 8273206 1 945
7673 17286 8273216 1 949
7672 17286 8273226 1 955
7671 17286 8273236 1 962
7670 17286 8273246 1 969
7670 17286 8273256 1 973
7669 17286 8273266 1 976
7669 17286 8273276 1 979
7668 17286 8273286 1 982
7668 17286 8273296 1 988
7668 17286 8273306 1 991
7668 17286 8273316 1 994
7667 17286 8273326 1 997
7667 17286 8273336 1 1000
7667 17286 8273346 1 1006
7667 17286 8273356 1 1011
7666 17285 8273366 1 1013
7666 17285 8273376 1 1016
7666 17285 8273386 1 1021
7666 17285 8273396 1 1024
7667 17284 8273406 1 1024
7667 17284 8273416 1 1024
7667 17284 8273426 1 1024
7668 17284 8273436 1 1024
7668 17284 8273446 1 1024
7669 17284 8273456 1 1024
7669 17283 8273466 1 1024
7669 17283 8273476 1 1024
7669 17283 8273486 1 1024
7670 17283 8273496 1 1024
7670 17283 8273506 1 1024
7670 17283 8273516 1 1024
7670 17283 8273526 1 1024
7670 17283 8273536 1 1024
7670 17283 8273546 1 1024
7671 17283 8273556 1 1024
7671 17283 8273566 1 1024
7672 17283 8273576 1 1024
7672 17283 8273586 1 1024
7672 17283 8273596 1 1024
7672 17283 8273606 1 1024
7672 17283 8273616 1 1024
7672 17283 8273626 1 1024
7672 17282 8273636 1 1024
7671 17282 8273646 1 1024
7671 17282 8273656 1 1024
7670 17282 8273666 1 1024
7670 17282 8273676 1 1024
7669 17282 8273686 1 1024
7668 17281 8273696 1 1024
7667 17281 8273706 1 1024
7666 17281 8273716 1 1024
7665 17280 8273726 1 1024
7665 17280 8273736 1 1024
7664 17279 8273746 1 1024
7663 17278 8273756 1 1024
7663 17278 8273766 1 1024
7662 17277 8273776 1 1024
7661 17276 8273786 1 1024
7660 17275 8273796 1 1024
7660 17275 8273806 1 1024
7659 17274 8273816 1 1024
7659 17273 8273826 1 1024
7659 17273 8273836 1 1024
7659 17273 8273846 1 1024
7659 17272 8273856 1 1024
7660 17271 8273866 1 1024
7660 17270 8273876 1 1024
7661 17270 8273886 1 1024
7662 17269 8273896 1 1024
7664 17268 8273906 1 1024
7666 17268 8273916 1 1024
7667 17267 8273926 1 1024
7669 17267 8273936 1 1024
7671 17267 8273946 1 1024
7672 17267 8273956 1 1024
7674 17267 8273966 1 1024
7675 17267 8273976 1 1024
7676 17267 8273986 1 1024
7676 17267 8273996 1 1024
7677 17267 8274006 1 1024
7677 17268 8274016 1 1024
7677 17268 8274026 1 1024
7678 17268 8274036 1 1024
7678 17269 8274046 1 1024
7678 17269 8274056 1 1024
7677 17270 8274066 1 1024
7677 17271 8274076 1 1020
7676 17272 8274086 1 990
7675 17273 8274096 1 960
7674 17274 8274106 1 945
7672 17276 8274116 1 930
7671 17277 8274126 1 900
7670 17279 8274136 1 872
7668 17280 8274146 1 859
7667 17282 8274156 1 855
7666 17283 8274166 1 846
7665 17284 8274176 1 837
7664 17285 8274186 1 824
7663 17286 8274196 1 803
7662 17288 8274206 1 787
7661 17289 8274216 1 780
7660 17291 8274226 1 776
7658 17293 8274236 1 770
7657 17295 8274246 1 769
7655 17296 8274256 1 775
7653 17297 8274266 1 779
7652 17299 8274276 1 789
7651 17299 8274286 1 809
7649 17300 8274296 1 822
7649 17301 8274306 1 840
7648 17301 8274316 1 854
7648 17302 8274326 1 878
7648 17302 8274336 1 926
7648 17302 8274346 1 954
7648 17301 8274356 1 986
7648 17301 8274366 1 1024
7649 17301 8274376 1 1024
7649 17300 8274386 1 1024
7649 17300 8274396 1 1024
7650 17300 8274406 1 1024
7651 17299 8274416 1 1024
7652 17298 8274426 1 1024
7653 17298 8274436 1 1024
7654 17297 8274446 1 1024
7655 17296 8274456 1 1024
7657 17295 8274466 1 1024
7658 17295 8274476 1 1024
7660 17294 8274486 1 1024
7661 17293 8274496 1 1024
7663 17293 8274506 1 1024
7664 17292 8274516 1 1024
7664 17292 8274526 1 1024
7665 17292 8274536 1 1024
7666 17291 8274546 1 1024
7667 17291 8274556 1 1024
7668 17291 8274566 1 1024
7669 17291 8274576 1 1024
7670 17291 8274586 1 1024
7672 17291 8274596 1 1024
7673 17291 8274606 1 1024
7675 17292 8274616 1 865
7677 17292 8274626 1 516
7679 17293 8274636 1 282
7681 17294 8274646 1 121
7683 17295 8274656 0 0
7684 17295 8274666 0 0
7685 17296 8274676 0 0
7686 17296 8274686 0 0
7687 17297 8274696 0 0
7688 17297 8274706 0 0
7689 17298 8274716 0 0
7690 17298 8274726 0 0
7692 17299 8274736 0 0
7693 17299 8274746 0 0
7694 17299 8274756 0 0
7694 17299 8274766 0 0
7695 17299 8274776 0 0
7695 17299 8274786 0 0
7696 17299 8274796 0 0
7696 17299 8274806 0 0
7697 17299 8274816 0 0
7697 17299 8274826 0 0
7697 17298 8274836 0 0
7697 17298 8274846 0 0
7697 17297 8274856 0 0
7697 17297 8274866 0 0
7697 17296 8274876 0 0
7698 17296 8274886 0 0
7698 17295 8274896 0 0
7698 17294 8274906 0 0
7698 17292 8274916 0 0
7698 17291 8274926 0 0
7698 17289 8274936 0 0
7698 17288 8274946 0 0
7698 17286 8274956 0 0
7698 17284 8274966 0 0
7698 17283 8274976 0 0
7697 17281 8274986 0 0
7697 17280 8274996 0 0
7697 17279 8275006 1 501
7696 17278 8275016 1 1024
7696 17278 8275026 1 1024
7695 17277 8275036 1 1024
7694 17276 8275046 1 1024
7693 17276 8275056 1 1024
7692 17275 8275066 1 1024
7690 17274 8275076 1 1024
7689 17274 8275086 1 1024
7688 17273 8275096 1 1024
7687 17273 8275106 1 1024
7686 17273 8275116 1 1024
7686 17273 8275126 1 1024
7685 17273 8275136 1 1024
7685 17273 8275146 1 1024
7684 17274 8275156 1 1024
7684 17274 8275166 1 1024
7684 17275 8275176 1 1024
7684 17276 8275186 1 1024
7684 17276 8275196 1 1024
7685 17277 8275206 1 1024
7685 17278 8275216 1 1024
7685 17279 8275226 1 1024
7685 17280 8275236 1 1024
7685 17281 8275246 1 1024
7685 17282 8275256 1 1024
7685 17283 8275266 1 1024
7686 17284 8275276 1 1024
7686 17284 8275286 1 1024
7687 17285 8275296 1 1024
7688 17286 8275306 1 1024
7689 17286 8275316 1 1024
7690 17287 8275326 1 1024
7692 17287 8275336 1 1024
7693 17287 8275346 1 1024
7694 17288 8275356 1 1024
7695 17288 8275366 1 1024
7695 17288 8275376 1 1024
7696 17288 8275386 1 1024
7697 17288 8275396 1 1024
7698 17288 8275406 1 1024
7699 17289 8275416 1 1024
7699 17289 8275426 1 1024
7700 17289 8275436 1 1024
7700 17290 8275446 1 1024
7701 17290 8275456 1 1024
7701 17290 8275466 1 949
7701 17290 8275476 1 655
7701 17290 8275486 1 452
7701 17290 8275496 1 239
7701 17290 8275506 0 0
7701 17290 8275516 0 0
7702 17290 8275526 0 0
7702 17290 8275536 0 0
7702 17290 8275546 0 0
7702 17290 8275556 0 0
7703 17289 8275566 0 0
7703 17289 8275576 0 0
7704 17289 8275586 0 0
7704 17289 8275596 0 0
7705 17288 8275606 0 0
7706 17288 8275616 0 0
7706 17288 8275626 0 0
7707 17288 8275636 0 0
7708 17288 8275646 0 0
7708 17288 8275656 0 0
7708 17288 8275666 0 0
7707 17289 8275676 0 0
7706 17289 8275686 0 0
7705 17289 8275696 0 0
7704 17289 8275706 0 0
7703 17289 8275716 0 0
7700 17290 8275726 0 0
7698 17290 8275736 0 0
7695 17291 8275746 0 0
7692 17292 8275756 0 0
7689 17292 8275766 0 0
7686 17293 8275776 0 0
7684 17294 8275786 0 0
7682 17295 8275796 0 0
7680 17296 8275806 0 0
7679 17296 8275816 0 0
7678 17297 8275826 0 0
7678 17297 8275836 0 0
7678 17298 8275846 1 90
7678 17298 8275856 1 184
7679 17298 8275866 1 272
7679 17299 8275876 1 343
7680 17299 8275886 1 451
7681 17299 8275896 1 624
7682 17299 8275906 1 711
7684 17299 8275916 1 789
7685 17299 8275926 1 945
7687 17299 8275936 1 1024
7688 17298 8275946 1 1024
7689 17298 8275956 1 1024
7690 17298 8275966 1 1024
7692 17298 8275976 1 1024
7693 17297 8275986 1 1024
7694 17297 8275996 1 1024
7695 17297 8276006 1 1024
7696 17297 8276016 1 1024
7696 17297 8276026 1 1024
7697 17296 8276036 1 1024
7697 17296 8276046 1 1024
7698 17296 8276056 1 1024
7699 17296 8276066 1 1024
7699 17296 8276076 1 1024
7700 17296 8276086 1 1024
7701 17296 8276096 1 1024
7702 17296 8276106 1 1024
7702 17296 8276116 1 1024
7703 17296 8276126 1 1024
7704 17296 8276136 1 1024
7705 17296 8276146 1 1024
7705 17296 8276156 1 1024
7706 17296 8276166 1 1024
7707 17296 8276176 1 1024
7708 17297 8276186 1 1024
7709 17297 8276196 1 1024
7709 17297 8276206 1 1024
7709 17297 8276216 1 1024
7710 17297 8276226 1 1024
7710 17297 8276236 1 1024
7711 17297 8276246 1 1024
7711 17297 8276256 1 1024
7712 17296 8276266 1 1024
7713 17296 8276276 1 1024
7713 17295 8276286 1 1024
7714 17295 8276296 1 1024
7715 17294 8276306 1 1024
7716 17293 8276316 1 1024
7717 17293 8276326 1 1024
7718 17292 8276336 1 1024
7719 17291 8276346 1 1024
7720 17291 8276356 1 1024
7721 17290 8276366 1 1024
7722 17289 8276376 1 1024
7722 17289 8276386 1 1024
7722 17289 8276396 1 1024
7723 17289 8276406 1 1024
7723 17288 8276416 1 1024
7724 17288 8276426 1 1024
7724 17288 8276436 1 1024
7725 17288 8276446 1 1024
7726 17288 8276456 1 1024
7726 17288 8276466 1 1024
7727 17288 8276476 1 1024
7727 17289 8276486 1 1024
7727 17289 8276496 1 1024
7727 17289 8276506 1 1024
7727 17290 8276516 1 1024
7726 17290 8276526 1 1024
7726 17290 8276536 1 1024
7725 17290 8276546 1 1024
7725 17291 8276556 1 1024
7724 17291 8276566 1 1024
7723 17291 8276576 1 1024
7723 17291 8276586 1 1024
7722 17291 8276596 1 1024
7721 17291 8276606 1 1024
7720 17291 8276616 1 1024
7719 17291 8276626 1 1024
7718 17291 8276636 1 1024
7717 17291 8276646 1 1024
7716 17291 8276656 1 1024
7716 17291 8276666 1 1024
7715 17291 8276676 1 1024
7715 17291 8276686 1 1024
7714 17291 8276696 1 1024
7714 17291 8276706 1 1024
7714 17291 8276716 1 1024
7714 17291 8276726 1 1024
7714 17291 8276736 1 1024
7714 17291 8276746 1 1024
7714 17291 8276756 1 1024
7715 17290 8276766 1 1024
7716 17290 8276776 1 1024
7717 17290 8276786 1 1024
7718 17290 8276796 1 1024
7719 17290 8276806 1 1024
7719 17290 8276816 1 1024
7720 17290 8276826 1 1024
7721 17289 8276836 1 1024
7721 17289 8276846 1 1024
7721 17289 8276856 1 1024
7721 17288 8276866 1 1024
7721 17288 8276876 1 1024
7720 17288 8276886 1 1024
7720 17287 8276896 1 1024
7719 17287 8276906 1 1024
7718 17287 8276916 1 1024
7717 17287 8276926 1 1024
7716 17287 8276936 1 1024
7714 17286 8276946 1 1024
7713 17286 8276956 1 1024
7711 17286 8276966 1 1024
7710 17285 8276976 1 1024
7708 17285 8276986 1 1024
7707 17285 8276996 1 1024
7706 17285 8277006 1 1024
7705 17284 8277016 1 1024
7704 17284 8277026 1 1024
7703 17284 8277036 1 1024
7702 17283 8277046 1 1024
7701 17283 8277056 1 1024
7701 17283 8277066 1 1024
7700 17283 8277076 1 1024
7700 17283 8277086 1 1024
7699 17283 8277096 1 1024
7698 17283 8277106 1 1024
7697 17283 8277116 1 1024
7696 17283 8277126 1 1024
7696 17283 8277136 1 1024
7696 17283 8277146 1 1024
7696 17283 8277156 0 0
7696 17283 8277166 0 0
7696 17283 8277176 0 0
7697 17283 8277186 0 0
7697 17282 8277196 0 0
7698 17282 8277206 0 0
7699 17282 8277216 0 0
7701 17282 8277226 0 0
7701 17282 8277236 0 0
7702 17282 8277246 0 0
7704 17282 8277256 0 0
7706 17282 8277266 0 0
7708 17282 8277276 0 0
7710 17282 8277286 0 0
7712 17282 8277296 0 0
7713 17282 8277306 0 0
7714 17281 8277316 0 0
7715 17281 8277326 0 0
7716 17281 8277336 0 0
7717 17281 8277346 1 28
7717 17281 8277356 1 113
7717 17281 8277366 1 203
7718 17281 8277376 1 298
7718 17281 8277386 1 396
7718 17280 8277396 1 494
7717 17280 8277406 1 544
7717 17280 8277416 1 592
7717 17280 8277426 1 687
7717 17280 8277436 1 779
7718 17280 8277446 1 865
7718 17280 8277456 1 943
7718 17280 8277466 1 1012
7719 17280 8277476 1 1024
7719 17280 8277486 1 1024
7719 17281 8277496 1 1024
7719 17281 8277506 1 1024
7719 17281 8277516 1 1024
7719 17282 8277526 1 1024
7719 17282 8277536 1 1024
7718 17283 8277546 1 1024
7717 17283 8277556 1 1024
7716 17283 8277566 1 1024
7715 17284 8277576 1 1024
7714 17284 8277586 1 1024
7714 17284 8277596 1 1024
7713 17284 8277606 1 1024
7712 17285 8277616 1 1024
7711 17285 8277626 1 1024
7710 17285 8277636 0 0
7710 17285 8277646 0 0
7709 17285 8277656 0 0
7709 17285 8277666 0 0
7708 17286 8277676 0 0
7708 17286 8277686 0 0
7707 17286 8277696 0 0
7707 17286 8277706 0 0
7706 17286 8277716 0 0
7705 17286 8277726 0 0
7705 17287 8277736 0 0
7704 17286 8277746 0 0
7705 17286 8277756 0 0
7705 17286 8277766 0 0
7706 17286 8277776 0 0
7707 17286 8277786 0 0
7709 17285 8277796 1 1
7711 17285 8277806 1 8
7713 17285 8277816 1 21
7715 17285 8277826 1 44
7717 17284 8277836 1 78
7719 17284 8277846 1 127
7721 17284 8277856 1 193
7724 17284 8277866 1 278
7725 17284 8277876 1 385
7727 17284 8277886 1 516
7729 17284 8277896 1 673
