7639 17749 7671419 1 1024
7639 17749 7671429 1 1024
7640 17749 7671439 1 900
7641 17748 7671449 1 710
7642 17747 7671459 1 555
7642 17746 7671469 1 432
7643 17745 7671479 1 376
7644 17744 7671489 1 336
7645 17743 7671499 1 265
7646 17742 7671509 1 214
7646 17741 7671519 1 181
7647 17740 7671529 1 167
7647 17739 7671539 1 161
7648 17738 7671549 1 151
7648 17737 7671559 1 148
7649 17735 7671569 1 148
7650 17734 7671579 1 148
7651 17733 7671589 1 147
7652 17732 7671599 1 147
7653 17731 7671609 1 147
7654 17731 7671619 1 146
7654 17730 7671629 1 146
7655 17729 7671639 1 146
7656 17729 7671649 1 145
7656 17728 7671659 1 145
7657 17728 7671669 1 145
7658 17727 7671679 1 150
7658 17727 7671689 1 169
7659 17726 7671699 1 215
7660 17726 7671709 1 307
7661 17725 7671719 1 389
7661 17725 7671729 1 426
7662 17725 7671739 1 459
7663 17725 7671749 1 519
7664 17724 7671759 1 569
7666 17724 7671769 1 609
7667 17723 7671779 1 628
7668 17722 7671789 1 641
7669 17720 7671799 1 664
7670 17719 7671809 1 679
7671 17718 7671819 1 684
7672 17717 7671829 1 685
7673 17716 7671839 1 686
7674 17715 7671849 1 687
7675 17713 7671859 1 681
7676 17712 7671869 1 670
7677 17710 7671879 1 663
7678 17709 7671889 1 653
7679 17707 7671899 1 632
7680 17706 7671909 1 606
7681 17704 7671919 1 577
7681 17703 7671929 1 562
7681 17702 7671939 1 544
7681 17701 7671949 1 508
7681 17702 7671959 1 491
7681 17702 7671969 1 471
7681 17703 7671979 1 455
7681 17704 7671989 1 432
7681 17705 7671999 1 392
7682 17707 7672009 1 350
7682 17708 7672019 1 309
7682 17709 7672029 1 289
7683 17711 7672039 1 269
7683 17711 7672049 1 252
7683 17712 7672059 1 229
7683 17715 7672069 1 191
7684 17717 7672079 1 155
7684 17720 7672089 1 136
7684 17723 7672099 1 131
7685 17727 7672109 1 131
7685 17730 7672119 1 131
7685 17733 7672129 1 130
7685 17735 7672139 1 130
7685 17738 7672149 1 130
7686 17740 7672159 1 129
7686 17741 7672169 1 129
7686 17742 7672179 1 129
7686 17743 7672189 1 128
7686 17743 7672199 1 128
7687 17743 7672209 1 128
7687 17742 7672219 1 127
7688 17742 7672229 1 127
7688 17741 7672239 1 127
7689 17741 7672249 1 126
7690 17740 7672259 1 126
7691 17739 7672269 1 126
7692 17738 7672279 1 125
7693 17737 7672289 1 125
7694 17735 7672299 1 125
7694 17733 7672309 1 124
7694 17731 7672319 1 124
7694 17729 7672329 1 124
7693 17726 7672339 1 123
7691 17723 7672349 1 123
7690 17720 7672359 1 123
7688 17717 7672369 1 122
7686 17714 7672379 1 122
7684 17711 7672389 1 115
7682 17709 7672399 1 126
7679 17706 7672409 1 171
7677 17704 7672419 1 221
7674 17701 7672429 1 275
7672 17698 7672439 1 303
7669 17695 7672449 1 331
7666 17692 7672459 1 390
7663 17688 7672469 1 449
7661 17685 7672479 1 507
7659 17682 7672489 1 535
7657 17679 7672499 1 565
7656 17677 7672509 1 620
7656 17675 7672519 1 648
7656 17673 7672529 1 673
7656 17672 7672539 1 694
7657 17672 7672549 1 722
7659 17671 7672559 1 766
7661 17671 7672569 1 803
7664 17672 7672579 1 834
7667 17673 7672589 1 848
7671 17674 7672599 1 857
7674 17676 7672609 1 871
7678 17678 7672619 1 878
7682 17680 7672629 1 882
7685 17683 7672639 1 883
7688 17686 7672649 1 884
7692 17689 7672659 1 885
7696 17693 7672669 1 885
7699 17694 7672679 1 884
7701 17696 7672689 1 883
7706 17700 7672699 1 882
7711 17704 7672709 1 880
7715 17708 7672719 1 876
7719 17712 7672729 1 869
7723 17714 7672739 1 863
7726 17717 7672749 1 859
7729 17719 7672759 1 855
7731 17721 7672769 1 845
7734 17722 7672779 1 835
7737 17723 7672789 1 825
7739 17725 7672799 1 820
7741 17726 7672809 1 819
7743 17726 7672819 1 814
7744 17726 7672829 1 802
7745 17726 7672839 1 791
7746 17725 7672849 1 784
7747 17724 7672859 1 778
7747 17722 7672869 1 766
7748 17721 7672879 1 755
7747 17719 7672889 1 743
7747 17718 7672899 1 737
7746 17717 7672909 1 732
7745 17716 7672919 1 721
7744 17715 7672929 1 710
7742 17714 7672939 1 705
7741 17714 7672949 1 704
7740 17714 7672959 1 700
7738 17714 7672969 1 690
7737 17714 7672979 1 680
7736 17714 7672989 1 671
7735 17714 7672999 1 666
7734 17714 7673009 1 662
7733 17714 7673019 1 652
7732 17715 7673029 1 644
7732 17715 7673039 1 636
7731 17717 7673049 1 632
7730 17718 7673059 1 628
7729 17720 7673069 1 621
7729 17722 7673079 1 616
7728 17725 7673089 1 613
7728 17727 7673099 1 610
7727 17730 7673109 1 606
7727 17733 7673119 1 599
7727 17736 7673129 1 593
7728 17738 7673139 1 587
7728 17741 7673149 1 584
7729 17744 7673159 1 582
7730 17747 7673169 1 577
7731 17749 7673179 1 571
7732 17751 7673189 1 567
7733 17752 7673199 1 565
7734 17754 7673209 1 563
7735 17755 7673219 1 560
7736 17757 7673229 1 558
7737 17758 7673239 1 555
7739 17759 7673249 1 553
7740 17761 7673259 1 552
7742 17762 7673269 1 549
7744 17763 7673279 1 547
7746 17764 7673289 1 544
7747 17765 7673299 1 543
7748 17766 7673309 1 544
7749 17767 7673319 1 543
7751 17768 7673329 1 541
7752 17770 7673339 1 540
7754 17771 7673349 1 540
7755 17772 7673359 1 540
7757 17773 7673369 1 539
7758 17774 7673379 1 539
7759 17774 7673389 1 540
7759 17774 7673399 1 541
7760 17774 7673409 1 541
7760 17773 7673419 1 541
7760 17773 7673429 1 542
7760 17772 7673439 1 545
7761 17771 7673449 1 546
7761 17771 7673459 1 547
7761 17770 7673469 1 549
7761 17769 7673479 1 552
7761 17768 7673489 1 556
7760 17768 7673499 1 557
7760 17767 7673509 1 558
7759 17766 7673519 1 559
7758 17765 7673529 1 563
7757 17764 7673539 1 568
7756 17763 7673549 1 573
7755 17762 7673559 1 576
7754 17761 7673569 1 579
7752 17760 7673579 1 584
7751 17759 7673589 1 591
7749 17758 7673599 1 597
7748 17758 7673609 1 601
7747 17757 7673619 1 605
7746 17757 7673629 1 612
7746 17757 7673639 1 616
7745 17758 7673649 1 621
7745 17758 7673659 1 623
7745 17758 7673669 1 628
7745 17758 7673679 1 638
7745 17759 7673689 1 647
7745 17759 7673699 1 657
7744 17759 7673709 1 662
7744 17759 7673719 1 667
7744 17759 7673729 1 679
7744 17759 7673739 1 689
7744 17759 7673749 1 702
7743 17759 7673759 1 709
7743 17759 7673769 1 713
7743 17759 7673779 1 719
7743 17759 7673789 1 726
7743 17759 7673799 1 739
7742 17759 7673809 1 746
7742 17759 7673819 1 753
7743 17759 7673829 1 767
7743 17759 7673839 1 782
7743 17759 7673849 1 797
7743 17759 7673859 1 804
7743 17759 7673869 1 812
7744 17758 7673879 1 828
7744 17758 7673889 1 845
7744 17757 7673899 1 862
7744 17757 7673909 1 868
7745 17756 7673919 1 870
7745 17755 7673929 1 879
7745 17754 7673939 1 887
7745 17753 7673949 1 897
7745 17751 7673959 1 915
7745 17749 7673969 1 924
7746 17747 7673979 1 934
7746 17745 7673989 1 952
7746 17742 7673999 1 971
7747 17740 7674009 1 988
7747 17737 7674019 1 991
7747 17734 7674029 1 988
7748 17732 7674039 1 988
7748 17730 7674049 1 988
7748 17728 7674059 1 989
7748 17727 7674069 1 989
7748 17726 7674079 1 989
7748 17725 7674089 1 989
7748 17724 7674099 1 989
7748 17724 7674109 1 989
7748 17725 7674119 1 990
7748 17725 7674129 1 990
7748 17726 7674139 1 990
7748 17727 7674149 1 990
7748 17728 7674159 1 990
7748 17729 7674169 1 990
7748 17731 7674179 1 991
7748 17732 7674189 1 991
7748 17733 7674199 1 991
7748 17734 7674209 1 991
7748 17735 7674219 1 991
7748 17736 7674229 1 991
7749 17737 7674239 1 992
7749 17737 7674249 1 992
7750 17738 7674259 1 992
7750 17738 7674269 1 992
7751 17739 7674279 1 992
7751 17739 7674289 1 992
7752 17740 7674299 1 993
7752 17740 7674309 1 993
7753 17741 7674319 1 993
7753 17742 7674329 1 993
7753 17743 7674339 1 993
7754 17744 7674349 1 993
7754 17746 7674359 1 994
7755 17748 7674369 1 994
7756 17750 7674379 1 994
7756 17752 7674389 1 994
7757 17754 7674399 1 994
7758 17756 7674409 1 994
7758 17758 7674419 1 994
7759 17759 7674429 1 995
7759 17761 7674439 1 995
7760 17762 7674449 1 995
7760 17763 7674459 1 995
7760 17763 7674469 1 995
7760 17764 7674479 1 995
7760 17764 7674489 1 996
7760 17764 7674499 1 996
7760 17764 7674509 1 996
7759 17763 7674519 1 996
7759 17763 7674529 1 996
7758 17762 7674539 1 996
7758 17762 7674549 1 997
7757 17761 7674559 1 997
7757 17761 7674569 1 997
7757 17761 7674579 1 997
7757 17761 7674589 1 997
7757 17760 7674599 1 997
7757 17760 7674609 1 997
7757 17759 7674619 1 998
7757 17758 7674629 1 998
7757 17758 7674639 1 998
7757 17758 7674649 1 998
7757 17757 7674659 1 998
7756 17757 7674669 1 998
7756 17757 7674679 1 1003
7755 17757 7674689 1 999
7755 17756 7674699 1 974
7755 17756 7674709 1 933
7754 17756 7674719 1 890
7754 17756 7674729 1 869
7754 17755 7674739 1 844
7755 17755 7674749 1 796
7755 17755 7674759 1 772
7756 17755 7674769 1 747
7756 17756 7674779 1 726
7757 17757 7674789 1 695
7758 17758 7674799 1 642
7759 17758 7674809 1 589
7760 17759 7674819 1 536
7760 17760 7674829 1 508
7761 17761 7674839 1 481
7762 17762 7674849 1 428
7762 17763 7674859 1 374
7762 17763 7674869 1 322
7761 17764 7674879 1 291
7761 17763 7674889 1 271
7760 17763 7674899 1 245
7759 17763 7674909 1 221
7758 17762 7674919 1 173
7757 17761 7674929 1 148
7756 17761 7674939 1 128
7754 17760 7674949 1 85
7753 17759 7674959 1 45
7751 17758 7674969 1 39
7750 17757 7674979 1 40
7749 17756 7674989 1 39
7747 17756 7674999 1 38
7746 17755 7675009 1 38
7744 17753 7675019 1 38
7743 17752 7675029 1 37
7742 17750 7675039 1 37
7741 17749 7675049 1 37
7740 17747 7675059 1 36
7740 17746 7675069 1 36
7739 17745 7675079 1 36
7740 17743 7675089 1 36
7740 17742 7675099 1 35
7740 17741 7675109 1 35
7741 17740 7675119 1 35
7741 17738 7675129 1 34
7742 17737 7675139 1 34
7743 17736 7675149 1 34
7743 17734 7675159 1 33
7744 17733 7675169 1 60
7746 17733 7675179 1 67
7747 17732 7675189 1 85
7747 17732 7675199 1 107
7748 17732 7675209 1 143
7749 17732 7675219 1 206
7750 17732 7675229 1 273
7751 17732 7675239 1 308
7752 17733 7675249 1 344
7753 17733 7675259 1 415
7754 17733 7675269 1 488
7755 17732 7675279 1 561
7755 17732 7675289 1 596
7755 17731 7675299 1 633
7755 17730 7675309 1 702
7756 17730 7675319 1 736
7756 17729 7675329 1 768
7756 17728 7675339 1 794
7756 17727 7675349 1 830
7756 17726 7675359 1 887
7757 17725 7675369 1 937
7757 17724 7675379 1 980
7758 17723 7675389 1 1003
7758 17722 7675399 1 1010
7759 17722 7675409 1 1010
7759 17722 7675419 1 1011
7760 17722 7675429 1 1011
7760 17722 7675439 1 1011
7760 17722 7675449 1 1011
7761 17721 7675459 1 1011
7761 17721 7675469 1 1011
7761 17721 7675479 1 1012
7761 17721 7675489 1 1012
7762 17721 7675499 1 1012
7762 17721 7675509 1 1012
7762 17721 7675519 1 1012
7762 17721 7675529 1 1012
7763 17721 7675539 1 1013
7763 17721 7675549 1 1013
7763 17722 7675559 1 1013
7763 17723 7675569 1 1013
7762 17723 7675579 1 1013
7762 17724 7675589 1 1013
7762 17725 7675599 1 1014
7761 17725 7675609 1 1012
7760 17725 7675619 1 993
7760 17725 7675629 1 975
7759 17725 7675639 1 966
7758 17724 7675649 1 957
7758 17724 7675659 1 940
7757 17724 7675669 1 924
7757 17723 7675679 1 909
7756 17723 7675689 1 901
7756 17722 7675699 1 894
7756 17721 7675709 1 881
7756 17720 7675719 1 868
7755 17719 7675729 1 862
7755 17718 7675739 1 861
7755 17717 7675749 1 857
7755 17716 7675759 1 845
7755 17715 7675769 1 835
7755 17714 7675779 1 825
7755 17713 7675789 1 820
7756 17713 7675799 1 816
7757 17714 7675809 1 808
7757 17715 7675819 1 800
7758 17715 7675829 1 796
7758 17716 7675839 1 793
7759 17717 7675849 1 791
7760 17719 7675859 1 788
7761 17720 7675869 1 782
7761 17722 7675879 1 779
7762 17724 7675889 1 777
7763 17725 7675899 1 775
7764 17727 7675909 1 773
7765 17729 7675919 1 769
7765 17730 7675929 1 766
7766 17732 7675939 1 763
7767 17733 7675949 1 762
7768 17735 7675959 1 761
7769 17737 7675969 1 761
7770 17739 7675979 1 760
7770 17741 7675989 1 759
7771 17743 7675999 1 759
7771 17746 7676009 1 759
7772 17748 7676019 1 759
7772 17749 7676029 1 760
7772 17751 7676039 1 761
7772 17752 7676049 1 761
7772 17753 7676059 1 762
7773 17754 7676069 1 764
7773 17754 7676079 1 766
7773 17754 7676089 1 769
7774 17754 7676099 1 771
7774 17754 7676109 1 772
7774 17753 7676119 1 775
7774 17752 7676129 1 779
7774 17751 7676139 1 783
7775 17750 7676149 1 785
7775 17749 7676159 1 785
7775 17748 7676169 1 787
7775 17747 7676179 1 792
7775 17746 7676189 1 797
7775 17746 7676199 1 800
7775 17745 7676209 1 802
7775 17744 7676219 1 808
7775 17743 7676229 1 813
7775 17743 7676239 1 819
7775 17742 7676249 1 822
7775 17741 7676259 1 825
7775 17741 7676269 1 831
7775 17740 7676279 1 837
7775 17739 7676289 1 840
7775 17738 7676299 1 841
7774 17737 7676309 1 844
7774 17736 7676319 1 850
7774 17736 7676329 1 857
7774 17735 7676339 1 863
7774 17734 7676349 1 866
7774 17734 7676359 1 869
7774 17733 7676369 1 876
7774 17733 7676379 1 883
7774 17733 7676389 1 890
7774 17732 7676399 1 893
7774 17732 7676409 1 897
7774 17731 7676419 1 903
7774 17731 7676429 1 906
7774 17730 7676439 1 910
7774 17730 7676449 1 913
7775 17730 7676459 1 914
7775 17730 7676469 1 917
7775 17730 7676479 1 923
7775 17730 7676489 1 929
7775 17730 7676499 1 936
7775 17731 7676509 1 940
7775 17732 7676519 1 943
7776 17734 7676529 1 949
7776 17736 7676539 1 955
7776 17738 7676549 1 962
7776 17740 7676559 1 966
7776 17742 7676569 1 968
7777 17743 7676579 1 971
7777 17745 7676589 1 973
7777 17747 7676599 1 979
7777 17748 7676609 1 982
7777 17749 7676619 1 985
7777 17749 7676629 1 990
7777 17750 7676639 1 995
7777 17749 7676649 1 1000
7776 17749 7676659 1 1002
7776 17748 7676669 1 1005
7776 17747 7676679 1 1009
7776 17746 7676689 1 1013
7776 17746 7676699 1 1016
7776 17745 7676709 1 1016
7776 17744 7676719 1 1015
7777 17743 7676729 1 1015
7777 17742 7676739 1 1015
7777 17742 7676749 1 1015
7777 17741 7676759 1 1015
7778 17741 7676769 1 1015
7778 17741 7676779 1 1014
7778 17741 7676789 1 1014
7778 17741 7676799 1 1014
7779 17741 7676809 1 1014
7779 17742 7676819 1 1014
7779 17742 7676829 1 1014
7780 17743 7676839 1 1014
7780 17744 7676849 1 1013
7780 17744 7676859 1 1013
7780 17744 7676869 1 1013
7780 17745 7676879 1 1013
7780 17745 7676889 1 1013
7780 17745 7676899 1 1013
7780 17745 7676909 1 1012
7780 17744 7676919 1 1012
7780 17744 7676929 1 1012
7781 17743 7676939 1 1012
7781 17742 7676949 1 1012
7781 17741 7676959 1 1012
7782 17740 7676969 1 1011
7782 17739 7676979 1 1011
7782 17738 7676989 1 1011
7782 17737 7676999 1 1011
7782 17736 7677009 1 1011
7782 17734 7677019 1 1011
7781 17733 7677029 1 1010
7781 17731 7677039 1 1010
7780 17730 7677049 1 1010
7779 17729 7677059 1 1010
7778 17727 7677069 1 1010
7777 17726 7677079 1 1010
7777 17725 7677089 1 1009
7776 17725 7677099 1 1009
7775 17723 7677109 1 1009
7774 17722 7677119 1 1009
7773 17720 7677129 1 1009
7772 17718 7677139 1 1009
7771 17716 7677149 1 1009
7770 17714 7677159 1 1008
7769 17713 7677169 1 1008
7768 17712 7677179 1 1008
7767 17711 7677189 1 1008
7767 17711 7677199 1 1008
7767 17710 7677209 1 1008
7767 17710 7677219 1 1007
7767 17710 7677229 1 1007
7767 17709 7677239 1 1007
7768 17709 7677249 1 1007
7768 17710 7677259 1 1007
7768 17711 7677269 1 1007
7769 17712 7677279 1 1006
7769 17713 7677289 1 1006
7769 17715 7677299 1 1006
7770 17717 7677309 1 1006
7770 17719 7677319 1 1008
7771 17721 7677329 1 1006
7771 17723 7677339 1 991
7771 17725 7677349 1 964
7771 17727 7677359 1 936
7771 17729 7677369 1 922
7771 17731 7677379 1 908
7771 17732 7677389 1 881
7771 17733 7677399 1 855
7770 17734 7677409 1 843
7770 17735 7677419 1 839
7770 17736 7677429 1 831
7770 17737 7677439 1 811
7769 17737 7677449 1 792
7769 17738 7677459 1 777
7768 17739 7677469 1 771
7767 17741 7677479 1 767
7767 17742 7677489 1 761
7766 17743 7677499 1 760
7765 17745 7677509 1 766
7764 17746 7677519 1 769
7763 17747 7677529 1 778
7763 17748 7677539 1 797
7762 17749 7677549 1 808
7761 17749 7677559 1 824
7760 17749 7677569 1 837
7759 17749 7677579 1 858
7759 17749 7677589 1 901
7758 17748 7677599 1 954
7757 17748 7677609 1 1001
7757 17748 7677619 1 1010
7756 17749 7677629 1 1001
7756 17749 7677639 1 1001
7756 17749 7677649 1 1000
7756 17750 7677659 1 1000
7757 17751 7677669 1 1000
7757 17752 7677679 1 1000
7758 17753 7677689 1 1000
7760 17753 7677699 1 1000
7761 17753 7677709 1 999
7762 17753 7677719 1 999
7762 17753 7677729 1 999
7764 17753 7677739 1 999
7766 17752 7677749 1 999
7768 17751 7677759 1 999
7770 17750 7677769 1 999
7771 17749 7677779 1 998
7773 17748 7677789 1 998
7775 17747 7677799 1 998
7776 17745 7677809 1 998
7778 17744 7677819 1 998
7781 17743 7677829 1 992
7783 17742 7677839 1 997
7785 17741 7677849 1 997
7786 17741 7677859 1 843
7788 17740 7677869 1 536
7789 17741 7677879 1 330
7790 17741 7677889 1 189
7790 17741 7677899 1 53
7791 17741 7677909 1 53
7791 17742 7677919 1 54
7792 17742 7677929 1 52
7792 17743 7677939 1 54
7792 17743 7677949 1 55
7792 17744 7677959 1 55
7792 17745 7677969 1 55
7792 17745 7677979 1 56
7792 17745 7677989 1 56
7792 17744 7677999 1 56
7792 17744 7678009 1 57
7791 17743 7678019 1 57
7791 17742 7678029 1 57
7790 17741 7678039 1 58
7790 17739 7678049 1 58
7789 17738 7678059 1 58
7789 17737 7678069 1 59
7788 17737 7678079 1 59
7788 17736 7678089 1 59
7787 17735 7678099 1 60
7787 17735 7678109 1 60
7787 17735 7678119 1 60
7787 17735 7678129 1 60
7787 17734 7678139 1 61
7786 17734 7678149 1 61
7785 17733 7678159 1 61
7785 17732 7678169 1 62
7784 17731 7678179 1 64
7784 17729 7678189 1 62
7784 17727 7678199 1 63
7783 17725 7678209 1 63
7783 17724 7678219 1 63
7783 17722 7678229 1 527
7783 17721 7678239 1 991
7783 17720 7678249 1 991
7783 17719 7678259 1 991
7784 17718 7678269 1 990
7784 17717 7678279 1 989
7785 17717 7678289 1 990
7786 17716 7678299 1 990
7787 17716 7678309 1 990
7788 17716 7678319 1 990
7789 17716 7678329 1 989
7790 17717 7678339 1 989
7791 17717 7678349 1 989
7791 17717 7678359 1 989
7792 17717 7678369 1 989
7793 17718 7678379 1 989
7794 17718 7678389 1 989
7794 17718 7678399 1 988
7795 17718 7678409 1 988
7796 17718 7678419 1 988
7796 17718 7678429 1 988
7797 17719 7678439 1 988
7797 17719 7678449 1 988
7798 17720 7678459 1 987
7798 17722 7678469 1 987
7799 17723 7678479 1 987
7799 17725 7678489 1 987
7800 17727 7678499 1 987
7800 17729 7678509 1 987
7801 17731 7678519 1 986
7801 17733 7678529 1 986
7801 17734 7678539 1 986
7801 17736 7678549 1 986
7802 17737 7678559 1 986
7802 17739 7678569 1 986
7802 17740 7678579 1 985
7802 17741 7678589 1 985
7803 17742 7678599 1 985
7802 17743 7678609 1 985
7802 17744 7678619 1 985
7802 17744 7678629 1 985
7802 17745 7678639 1 983
7801 17745 7678649 1 984
7801 17746 7678659 1 984
7800 17746 7678669 1 902
7799 17746 7678679 1 659
7799 17747 7678689 1 493
7798 17747 7678699 1 317
7798 17747 7678709 1 79
7797 17748 7678719 1 79
7797 17748 7678729 1 80
7796 17748 7678739 1 76
7796 17749 7678749 1 80
7795 17749 7678759 1 81
7795 17749 7678769 1 81
7794 17750 7678779 1 81
7793 17750 7678789 1 82
7793 17750 7678799 1 82
7793 17750 7678809 1 82
7792 17751 7678819 1 83
7792 17751 7678829 1 83
7792 17751 7678839 1 83
7791 17751 7678849 1 84
7791 17750 7678859 1 84
7790 17750 7678869 1 84
7790 17750 7678879 1 84
7789 17750 7678889 1 85
7788 17750 7678899 1 85
7787 17751 7678909 1 85
7787 17751 7678919 1 86
7787 17751 7678929 1 86
7786 17751 7678939 1 86
7787 17751 7678949 1 87
7787 17751 7678959 1 87
7787 17751 7678969 1 87
7787 17750 7678979 1 88
7788 17750 7678989 1 88
7788 17749 7678999 1 86
7789 17748 7679009 1 88
7790 17747 7679019 1 89
7791 17746 7679029 1 89
7791 17745 7679039 1 208
7792 17744 7679049 1 283
7793 17743 7679059 1 354
7793 17742 7679069 1 498
7794 17741 7679079 1 635
7794 17740 7679089 1 705
7795 17740 7679099 1 767
7796 17740 7679109 1 890
7797 17741 7679119 1 977
7797 17742 7679129 1 977
7798 17743 7679139 1 976
7799 17744 7679149 1 976
7799 17745 7679159 1 976
7800 17746 7679169 1 976
7800 17747 7679179 1 976
7801 17748 7679189 1 976
7802 17748 7679199 1 975
7802 17749 7679209 1 975
7803 17750 7679219 1 975
7804 17750 7679229 1 975
7804 17750 7679239 1 975
7805 17750 7679249 1 975
7805 17750 7679259 1 974
7805 17749 7679269 1 974
7805 17748 7679279 1 974
7806 17748 7679289 1 974
7806 17747 7679299 1 974
7806 17747 7679309 1 974
7806 17747 7679319 1 974
7807 17747 7679329 1 973
7807 17747 7679339 1 973
7808 17747 7679349 1 973
7808 17748 7679359 1 973
7809 17748 7679369 1 973
7809 17748 7679379 1 973
7810 17749 7679389 1 972
7810 17749 7679399 1 972
7810 17748 7679409 1 972
7811 17748 7679419 1 972
7811 17747 7679429 1 972
7811 17747 7679439 1 972
7811 17746 7679449 1 971
7811 17745 7679459 1 971
7810 17744 7679469 1 971
7810 17743 7679479 1 971
7810 17742 7679489 1 971
7809 17742 7679499 1 971
7809 17741 7679509 1 970
7809 17740 7679519 1 970
7809 17740 7679529 1 970
7809 17739 7679539 1 970
7808 17739 7679549 1 970
7808 17738 7679559 1 970
7809 17738 7679569 1 969
7809 17738 7679579 1 969
7809 17737 7679589 1 969
7809 17737 7679599 1 969
7810 17736 7679609 1 969
7810 17736 7679619 1 969
7810 17736 7679629 1 969
7811 17735 7679639 1 968
7811 17735 7679649 1 968
7812 17736 7679659 1 968
7812 17736 7679669 1 968
7813 17737 7679679 1 968
7813 17737 7679689 1 968
7814 17738 7679699 1 967
7814 17738 7679709 1 967
7814 17738 7679719 1 967
7815 17739 7679729 1 967
7815 17739 7679739 1 967
7815 17738 7679749 1 967
7814 17738 7679759 1 966
7814 17738 7679769 1 966
7813 17738 7679779 1 966
7813 17738 7679789 1 966
7812 17738 7679799 1 966
7811 17739 7679809 1 966
7811 17740 7679819 1 965
7811 17741 7679829 1 965
7810 17741 7679839 1 965
7810 17742 7679849 1 965
7810 17742 7679859 1 965
7810 17742 7679869 1 965
7810 17742 7679879 1 964
7810 17742 7679889 1 964
7811 17741 7679899 1 964
7811 17740 7679909 1 964
7811 17740 7679919 1 964
7811 17738 7679929 1 964
7812 17737 7679939 1 964
7812 17736 7679949 1 963
7813 17735 7679959 1 963
7813 17734 7679969 1 963
7814 17733 7679979 1 963
7814 17732 7679989 1 963
7815 17732 7679999 1 963
7815 17731 7680009 1 962
7816 17731 7680019 1 962
7816 17731 7680029 1 962
7816 17732 7680039 1 962
7816 17732 7680049 1 962
7816 17733 7680059 1 962
7816 17733 7680069 1 961
7816 17734 7680079 1 961
7816 17735 7680089 1 961
7815 17736 7680099 1 961
7815 17737 7680109 1 961
7814 17738 7680119 1 961
7813 17738 7680129 1 960
7813 17739 7680139 1 960
7812 17739 7680149 1 960
7811 17738 7680159 1 960
7811 17738 7680169 1 960
7810 17737 7680179 1 960
7810 17736 7680189 1 959
7810 17735 7680199 1 959
7810 17735 7680209 1 959
7810 17734 7680219 1 959
7811 17734 7680229 1 959
7811 17734 7680239 1 955
7811 17734 7680249 1 959
7811 17733 7680259 1 958
7811 17733 7680269 1 958
7811 17734 7680279 1 958
7811 17734 7680289 1 129
7811 17735 7680299 1 130
7811 17736 7680309 1 130
7811 17737 7680319 1 130
7811 17737 7680329 1 131
7811 17738 7680339 1 131
7811 17739 7680349 1 131
7811 17740 7680359 1 132
7812 17741 7680369 1 132
7812 17742 7680379 1 132
7812 17743 7680389 1 132
7812 17743 7680399 1 133
7812 17744 7680409 1 133
7812 17744 7680419 1 133
7812 17745 7680429 1 134
7812 17745 7680439 1 134
7812 17745 7680449 1 134
7812 17745 7680459 1 163
7811 17744 7680469 1 218
7811 17744 7680479 1 278
7811 17743 7680489 1 342
7810 17742 7680499 1 409
7810 17741 7680509 1 479
7810 17740 7680519 1 549
7810 17739 7680529 1 618
7810 17738 7680539 1 685
7811 17737 7680549 1 750
7811 17736 7680559 1 810
7812 17736 7680569 1 865
7812 17735 7680579 1 913
7813 17735 7680589 1 953
7813 17734 7680599 1 953
7813 17732 7680609 1 953
7814 17731 7680619 1 953
7814 17729 7680629 1 952
7814 17728 7680639 1 952
7815 17727 7680649 1 952
7815 17727 7680659 1 952
7815 17727 7680669 1 952
7815 17726 7680679 1 952
7815 17726 7680689 1 951
7815 17726 7680699 1 951
7815 17726 7680709 1 951
7814 17727 7680719 1 951
7814 17727 7680729 1 951
7813 17728 7680739 1 951
7812 17729 7680749 1 144
7811 17730 7680759 1 144
7811 17731 7680769 1 145
7810 17732 7680779 1 145
7809 17733 7680789 1 145
7808 17734 7680799 1 146
7807 17735 7680809 1 146
7807 17736 7680819 1 146
7806 17736 7680829 1 147
7806 17737 7680839 1 147
7805 17737 7680849 1 147
7805 17737 7680859 1 148
7805 17736 7680869 1 148
7805 17736 7680879 1 148
7805 17736 7680889 1 149
7806 17736 7680899 1 149
7807 17736 7680909 1 150
7807 17735 7680919 1 155
7808 17735 7680929 1 165
7809 17735 7680939 1 181
7810 17735 7680949 1 206
7811 17735 7680959 1 241
7811 17735 7680969 1 287
7812 17735 7680979 1 348
7813 17736 7680989 1 424
7813 17736 7680999 1 516
7814 17736 7681009 1 627
