7758 17500 5002429 1 959
7756 17500 5002439 1 972
7754 17500 5002449 1 978
7751 17502 5002459 1 979
7749 17505 5002469 1 979
7748 17510 5002479 1 980
7750 17514 5002489 1 979
7755 17512 5002499 1 979
7765 17508 5002509 1 980
7772 17504 5002519 1 980
7774 17499 5002529 1 981
7774 17496 5002539 1 981
7772 17493 5002549 1 981
7767 17488 5002559 1 981
7761 17482 5002569 1 982
7757 17478 5002579 1 981
7756 17477 5002589 1 982
7756 17479 5002599 1 982
7757 17482 5002609 1 982
7758 17485 5002619 1 983
7758 17487 5002629 1 983
7756 17487 5002639 1 984
7754 17486 5002649 1 984
7752 17485 5002659 1 984
7747 17483 5002669 1 983
7743 17481 5002679 1 984
7742 17480 5002689 1 984
7744 17481 5002699 1 985
7748 17484 5002709 1 985
7754 17487 5002719 1 830
7761 17490 5002729 1 665
7769 17493 5002739 1 515
7779 17495 5002749 1 380
7784 17496 5002759 1 329
7790 17497 5002769 1 314
7801 17499 5002779 1 258
7813 17501 5002789 1 149
7824 17503 5002799 1 54
7834 17506 5002809 1 47
7842 17509 5002819 1 46
7847 17513 5002829 1 46
7849 17518 5002839 1 45
7849 17524 5002849 1 44
7847 17533 5002859 1 45
7846 17537 5002869 1 45
7845 17543 5002879 1 44
7842 17557 5002889 1 44
7839 17573 5002899 1 44
7838 17591 5002909 1 43
7838 17609 5002919 1 43
7840 17625 5002929 1 43
7844 17640 5002939 1 42
7850 17650 5002949 1 41
7857 17657 5002959 1 41
7865 17660 5002969 1 41
7870 17660 5002979 1 40
7873 17657 5002989 1 41
7880 17650 5002999 1 41
7886 17639 5003009 1 40
7888 17623 5003019 1 39
7888 17605 5003029 1 40
7883 17586 5003039 1 39
7875 17568 5003049 1 94
7864 17551 5003059 1 150
7851 17537 5003069 1 207
7837 17525 5003079 1 264
7829 17521 5003089 1 285
7821 17518 5003099 1 292
7806 17513 5003109 1 321
7792 17512 5003119 1 376
7780 17512 5003129 1 432
7771 17516 5003139 1 485
7765 17520 5003149 1 535
7763 17526 5003159 1 583
7765 17533 5003169 1 627
7771 17540 5003179 1 668
7780 17547 5003189 1 704
7785 17550 5003199 1 718
7791 17553 5003209 1 722
7804 17558 5003219 1 734
7816 17561 5003229 1 748
7827 17564 5003239 1 760
7835 17565 5003249 1 780
7840 17566 5003259 1 794
7841 17566 5003269 1 805
7839 17566 5003279 1 809
7833 17566 5003289 1 807
7825 17565 5003299 1 800
7821 17565 5003309 1 797
7816 17565 5003319 1 795
7806 17565 5003329 1 787
7796 17565 5003339 1 770
7787 17565 5003349 1 746
7781 17564 5003359 1 715
7776 17563 5003369 1 680
7773 17561 5003379 1 639
7773 17559 5003389 1 595
7775 17556 5003399 1 547
7779 17553 5003409 1 497
7782 17551 5003419 1 478
7785 17549 5003429 1 472
7792 17546 5003439 1 445
7801 17542 5003449 1 392
7810 17539 5003459 1 340
7820 17536 5003469 1 288
7830 17535 5003479 1 238
7840 17534 5003489 1 192
7851 17535 5003499 1 149
7860 17538 5003509 1 110
7869 17542 5003519 1 77
7874 17544 5003529 1 65
7877 17547 5003539 1 64
7882 17554 5003549 1 50
7886 17562 5003559 1 24
7887 17569 5003569 1 24
7885 17576 5003579 1 23
7882 17583 5003589 1 23
7876 17588 5003599 1 22
7870 17592 5003609 1 22
7863 17594 5003619 1 22
7856 17594 5003629 1 21
7853 17594 5003639 1 21
7849 17593 5003649 1 21
7843 17590 5003659 1 22
7838 17585 5003669 1 21
7835 17580 5003679 1 20
7833 17575 5003689 1 20
7832 17570 5003699 1 19
7831 17565 5003709 1 28
7830 17561 5003719 1 46
7828 17557 5003729 1 73
7825 17554 5003739 1 109
7824 17553 5003749 1 122
7822 17552 5003759 1 127
7818 17551 5003769 1 150
7813 17549 5003779 1 197
7809 17548 5003789 1 250
7806 17547 5003799 1 304
7805 17547 5003809 1 362
7805 17546 5003819 1 421
7809 17545 5003829 1 479
7814 17544 5003839 1 537
7823 17544 5003849 1 593
7827 17544 5003859 1 613
7833 17544 5003869 1 620
7845 17543 5003879 1 645
7859 17543 5003889 1 692
7873 17543 5003899 1 735
7887 17543 5003909 1 771
7899 17543 5003919 1 798
7911 17542 5003929 1 817
7920 17541 5003939 1 826
7928 17540 5003949 1 822
7932 17539 5003959 1 810
7934 17538 5003969 1 805
7934 17537 5003979 1 804
7933 17535 5003989 1 799
7930 17532 5003999 1 789
7924 17528 5004009 1 783
7915 17525 5004019 1 779
7905 17521 5004029 1 773
7893 17518 5004039 1 769
7881 17516 5004049 1 768
7868 17514 5004059 1 768
7856 17514 5004069 1 769
7850 17514 5004079 1 769
7846 17515 5004089 1 770
7837 17518 5004099 1 772
7831 17522 5004109 1 775
7827 17527 5004119 1 779
7826 17533 5004129 1 781
7828 17539 5004139 1 784
7831 17545 5004149 1 787
7835 17551 5004159 1 789
7839 17557 5004169 1 790
7842 17561 5004179 1 791
7844 17563 5004189 1 791
7845 17565 5004199 1 791
7847 17567 5004209 1 792
7848 17569 5004219 1 793
7848 17569 5004229 1 793
7848 17570 5004239 1 794
7848 17570 5004249 1 794
7849 17570 5004259 1 794
7850 17570 5004269 1 794
7853 17570 5004279 1 794
7856 17570 5004289 1 795
7858 17570 5004299 1 796
7861 17570 5004309 1 795
7866 17570 5004319 1 795
7872 17570 5004329 1 796
7878 17571 5004339 1 797
7884 17570 5004349 1 798
7890 17570 5004359 1 799
7895 17569 5004369 1 800
7900 17567 5004379 1 801
7904 17565 5004389 1 802
7908 17561 5004399 1 804
7910 17559 5004409 1 804
7911 17557 5004419 1 805
7912 17552 5004429 1 806
7913 17548 5004439 1 808
7912 17544 5004449 1 809
7910 17541 5004459 1 811
7906 17540 5004469 1 813
7902 17540 5004479 1 815
7896 17542 5004489 1 817
7889 17546 5004499 1 820
7882 17550 5004509 1 823
7879 17553 5004519 1 823
7875 17556 5004529 1 823
7868 17562 5004539 1 825
7863 17568 5004549 1 828
7858 17574 5004559 1 830
7856 17579 5004569 1 832
7855 17583 5004579 1 834
7857 17587 5004589 1 836
7861 17589 5004599 1 839
7866 17590 5004609 1 840
7872 17590 5004619 1 841
7875 17590 5004629 1 841
7878 17590 5004639 1 841
7884 17588 5004649 1 841
7889 17586 5004659 1 842
7893 17584 5004669 1 841
7896 17582 5004679 1 840
7898 17579 5004689 1 839
7900 17577 5004699 1 837
7900 17574 5004709 1 835
7900 17572 5004719 1 831
7901 17570 5004729 1 827
7901 17569 5004739 1 825
7901 17568 5004749 1 825
7901 17567 5004759 1 823
7902 17565 5004769 1 818
7902 17565 5004779 1 813
7901 17565 5004789 1 810
7900 17565 5004799 1 808
7899 17566 5004809 1 804
7897 17567 5004819 1 801
7895 17569 5004829 1 798
7893 17571 5004839 1 797
7892 17573 5004849 1 797
7891 17575 5004859 1 797
7891 17578 5004869 1 797
7891 17582 5004879 1 799
7893 17586 5004889 1 804
7896 17590 5004899 1 810
7900 17593 5004909 1 819
7905 17596 5004919 1 830
7911 17598 5004929 1 845
7917 17599 5004939 1 861
7923 17600 5004949 1 881
7926 17600 5004959 1 888
7929 17600 5004969 1 891
7934 17600 5004979 1 899
7939 17599 5004989 1 916
7943 17597 5004999 1 930
7947 17594 5005009 1 939
7950 17591 5005019 1 941
7953 17588 5005029 1 935
7955 17583 5005039 1 920
7957 17579 5005049 1 893
7958 17575 5005059 1 853
7959 17573 5005069 1 838
7959 17571 5005079 1 830
7960 17567 5005089 1 800
7959 17564 5005099 1 735
7958 17562 5005109 1 660
7955 17561 5005119 1 580
7951 17560 5005129 1 496
7946 17561 5005139 1 411
7939 17562 5005149 1 329
7932 17562 5005159 1 251
7924 17563 5005169 1 179
7919 17563 5005179 1 152
7915 17563 5005189 1 143
7906 17562 5005199 1 117
7898 17560 5005209 1 68
7890 17557 5005219 1 20
7882 17554 5005229 1 19
7875 17549 5005239 1 20
7869 17545 5005249 1 20
7864 17540 5005259 1 21
7860 17535 5005269 1 22
7857 17531 5005279 1 21
7856 17529 5005289 1 21
7856 17528 5005299 1 22
7858 17527 5005309 1 22
7861 17526 5005319 1 22
7866 17527 5005329 1 22
7874 17530 5005339 1 23
7884 17533 5005349 1 23
7895 17537 5005359 1 24
7907 17542 5005369 1 32
7920 17546 5005379 1 50
7934 17550 5005389 1 76
7941 17552 5005399 1 86
7948 17553 5005409 1 91
7961 17555 5005419 1 110
7974 17556 5005429 1 150
7986 17555 5005439 1 196
7997 17554 5005449 1 247
8005 17551 5005459 1 300
8012 17548 5005469 1 357
8017 17545 5005479 1 414
8019 17542 5005489 1 473
8019 17540 5005499 1 531
8018 17539 5005509 1 553
8016 17539 5005519 1 560
8011 17539 5005529 1 588
8005 17540 5005539 1 643
7996 17542 5005549 1 694
7987 17545 5005559 1 741
7978 17549 5005569 1 764
7968 17552 5005579 1 784
7959 17555 5005589 1 820
7951 17557 5005599 1 848
7944 17559 5005609 1 869
7941 17559 5005619 1 877
7938 17559 5005629 1 879
7934 17557 5005639 1 882
7931 17555 5005649 1 886
7929 17552 5005659 1 890
7928 17547 5005669 1 893
7929 17543 5005679 1 895
7930 17539 5005689 1 897
7932 17535 5005699 1 899
7935 17532 5005709 1 900
7937 17530 5005719 1 900
7939 17529 5005729 1 900
7940 17528 5005739 1 900
7944 17527 5005749 1 900
7947 17527 5005759 1 900
7951 17529 5005769 1 899
7955 17532 5005779 1 898
7959 17536 5005789 1 897
7962 17541 5005799 1 896
7964 17546 5005809 1 899
7966 17551 5005819 1 906
7966 17557 5005829 1 918
7967 17559 5005839 1 924
7967 17561 5005849 1 932
7967 17565 5005859 1 948
7968 17568 5005869 1 963
7969 17570 5005879 1 977
7971 17570 5005889 1 987
7973 17569 5005899 1 992
7974 17567 5005909 1 992
7976 17563 5005919 1 988
7978 17559 5005929 1 972
7979 17554 5005939 1 946
7979 17552 5005949 1 930
7978 17550 5005959 1 908
7977 17545 5005969 1 858
7976 17542 5005979 1 797
7973 17538 5005989 1 726
7970 17536 5005999 1 650
7967 17534 5006009 1 568
7965 17532 5006019 1 485
7965 17531 5006029 1 400
7965 17530 5006039 1 318
7967 17530 5006049 1 239
7971 17530 5006059 1 166
7975 17530 5006069 1 102
7980 17531 5006079 1 48
7984 17531 5006089 1 47
7987 17532 5006099 1 48
7988 17532 5006109 1 49
7987 17533 5006119 1 49
7984 17533 5006129 1 50
7979 17533 5006139 1 50
7971 17533 5006149 1 120
7962 17533 5006159 1 220
7951 17532 5006169 1 349
7939 17530 5006179 1 507
7928 17529 5006189 1 698
7917 17527 5006199 1 924
7907 17526 5006209 1 983
7899 17525 5006219 1 982
7894 17524 5006229 1 982
7891 17524 5006239 1 981
7892 17525 5006249 1 981
7896 17526 5006259 1 980
7904 17528 5006269 1 981
7914 17531 5006279 1 980
7928 17534 5006289 1 980
7943 17536 5006299 1 980
7960 17538 5006309 1 979
