8142 18154 6908579 1 1024
8140 18153 6908589 1 1024
8138 18154 6908599 1 1024
8135 18156 6908609 1 1024
8132 18159 6908619 1 1024
8132 18164 6908629 1 1024
8134 18169 6908639 1 1024
8139 18167 6908649 1 1024
8149 18163 6908659 1 1024
8155 18160 6908669 1 1024
8157 18155 6908679 1 1024
8154 18150 6908689 1 1024
8148 18146 6908699 1 1024
8141 18141 6908709 1 1024
8136 18139 6908719 1 1024
8134 18138 6908729 1 1024
8134 18139 6908739 1 1024
8134 18142 6908749 1 1024
8135 18146 6908759 1 1024
8137 18149 6908769 1 1024
8138 18149 6908779 1 1024
8137 18147 6908789 1 1024
8135 18142 6908799 1 1024
8133 18136 6908809 1 1024
8132 18131 6908819 1 1024
8133 18127 6908829 1 1024
8137 18125 6908839 1 1024
8142 18126 6908849 1 1024
8149 18129 6908859 1 898
8155 18133 6908869 1 686
8159 18135 6908879 1 588
8163 18137 6908889 1 494
8171 18142 6908899 1 321
8180 18146 6908909 1 238
8190 18151 6908919 1 167
8201 18157 6908929 1 30
8213 18163 6908939 0 0
8225 18170 6908949 0 0
8237 18177 6908959 0 0
8248 18183 6908969 0 0
8259 18191 6908979 0 0
8268 18200 6908989 0 0
8277 18211 6908999 0 0
8284 18223 6909009 0 0
8290 18238 6909019 0 0
8293 18246 6909029 0 0
8294 18254 6909039 0 0
8296 18272 6909049 0 0
8295 18289 6909059 0 0
8291 18304 6909069 0 0
8285 18316 6909079 0 0
8277 18325 6909089 0 0
8267 18330 6909099 0 0
8256 18331 6909109 0 0
8244 18327 6909119 0 0
8232 18319 6909129 0 0
8220 18307 6909139 0 0
8208 18292 6909149 0 0
8198 18274 6909159 0 0
8190 18256 6909169 0 0
8186 18247 6909179 0 0
8184 18238 6909189 0 0
8180 18221 6909199 1 49
8179 18207 6909209 1 120
8180 18195 6909219 1 190
8184 18186 6909229 1 226
8188 18180 6909239 1 261
8194 18176 6909249 1 329
8199 18174 6909259 1 398
8204 18173 6909269 1 462
8208 18175 6909279 1 523
8211 18177 6909289 1 582
8213 18182 6909299 1 635
8215 18187 6909309 1 684
8215 18194 6909319 1 727
8215 18197 6909329 1 743
8214 18201 6909339 1 749
8213 18208 6909349 1 763
8211 18215 6909359 1 780
8208 18222 6909369 1 793
8205 18228 6909379 1 817
8201 18233 6909389 1 834
8198 18236 6909399 1 846
8194 18238 6909409 1 850
8191 18239 6909419 1 848
8189 18238 6909429 1 839
8186 18236 6909439 1 833
8184 18233 6909449 1 824
8183 18229 6909459 1 802
8181 18224 6909469 1 773
8180 18222 6909479 1 758
8180 18219 6909489 1 738
8179 18214 6909499 1 696
8178 18208 6909509 1 648
8178 18202 6909519 1 595
8178 18197 6909529 1 539
8180 18192 6909539 1 481
8182 18187 6909549 1 452
8185 18183 6909559 1 421
8188 18180 6909569 1 360
8193 18178 6909579 1 299
8198 18177 6909589 1 239
8204 18178 6909599 1 183
8209 18179 6909609 1 130
8215 18182 6909619 1 80
8218 18184 6909629 1 58
8220 18186 6909639 1 37
8224 18191 6909649 0 0
8227 18197 6909659 0 0
8228 18204 6909669 0 0
8227 18210 6909679 0 0
8224 18216 6909689 0 0
8221 18222 6909699 0 0
8216 18226 6909709 0 0
8212 18229 6909719 0 0
8207 18231 6909729 0 0
8203 18232 6909739 0 0
8200 18232 6909749 0 0
8197 18229 6909759 0 0
8195 18226 6909769 0 0
8195 18224 6909779 0 0
8195 18222 6909789 0 0
8195 18217 6909799 0 0
8196 18213 6909809 0 0
8198 18209 6909819 0 0
8200 18205 6909829 0 0
8202 18202 6909839 0 0
8204 18200 6909849 1 14
8206 18199 6909859 1 54
8208 18198 6909869 1 76
8209 18198 6909879 1 102
8210 18198 6909889 1 155
8211 18198 6909899 1 213
8212 18199 6909909 1 274
8212 18199 6909919 1 339
8213 18199 6909929 1 372
8213 18200 6909939 1 404
8214 18200 6909949 1 468
8215 18200 6909959 1 532
8217 18199 6909969 1 593
8218 18198 6909979 1 622
8218 18197 6909989 1 649
8218 18195 6909999 1 702
8217 18194 6910009 1 748
8215 18191 6910019 1 786
8211 18189 6910029 1 816
8207 18187 6910039 1 835
8202 18185 6910049 1 844
8196 18184 6910059 1 840
8190 18183 6910069 1 827
8187 18182 6910079 1 821
8185 18182 6910089 1 820
8181 18182 6910099 1 814
8178 18183 6910109 1 802
8178 18183 6910119 1 796
8180 18183 6910129 1 792
8184 18184 6910139 1 785
8191 18184 6910149 1 780
8199 18186 6910159 1 779
8208 18187 6910169 1 778
8217 18189 6910179 1 779
8226 18192 6910189 1 780
8236 18194 6910199 1 781
8244 18198 6910209 1 784
8251 18202 6910219 1 788
8255 18204 6910229 1 789
8257 18206 6910239 1 790
8262 18212 6910249 1 793
8265 18217 6910259 1 796
8266 18223 6910269 1 797
8266 18228 6910279 1 798
8265 18233 6910289 1 799
8262 18238 6910299 1 799
8260 18242 6910309 1 799
8257 18245 6910319 1 799
8255 18247 6910329 1 799
8253 18249 6910339 1 799
8252 18250 6910349 1 799
8251 18250 6910359 1 798
8251 18250 6910369 1 799
8252 18250 6910379 1 799
8252 18249 6910389 1 798
8254 18248 6910399 1 799
8256 18246 6910409 1 798
8258 18245 6910419 1 798
8261 18243 6910429 1 798
8264 18242 6910439 1 799
8267 18240 6910449 1 799
8270 18239 6910459 1 800
8273 18238 6910469 1 801
8276 18236 6910479 1 801
8278 18234 6910489 1 802
8279 18231 6910499 1 804
8280 18228 6910509 1 806
8279 18224 6910519 1 807
8279 18222 6910529 1 808
8278 18220 6910539 1 810
8277 18217 6910549 1 811
8274 18215 6910559 1 814
8272 18215 6910569 1 816
8270 18215 6910579 1 819
8268 18216 6910589 1 821
8267 18219 6910599 1 825
8266 18222 6910609 1 828
8266 18225 6910619 1 829
8265 18229 6910629 1 831
8266 18233 6910639 1 834
8266 18236 6910649 1 837
8266 18239 6910659 1 840
8265 18242 6910669 1 842
8265 18243 6910679 1 844
8265 18244 6910689 1 845
8264 18246 6910699 1 848
8263 18247 6910709 1 849
8261 18249 6910719 1 851
8260 18250 6910729 1 852
8258 18252 6910739 1 852
8257 18253 6910749 1 854
8256 18254 6910759 1 853
8256 18254 6910769 1 853
8256 18253 6910779 1 852
8257 18252 6910789 1 851
8258 18249 6910799 1 848
8260 18246 6910809 1 845
8263 18241 6910819 1 841
8264 18238 6910829 1 840
8266 18236 6910839 1 839
8268 18230 6910849 1 838
8271 18224 6910859 1 833
8273 18218 6910869 1 828
8275 18212 6910879 1 825
8277 18208 6910889 1 824
8279 18204 6910899 1 820
8282 18203 6910909 1 817
8284 18204 6910919 1 814
8288 18207 6910929 1 813
8292 18213 6910939 1 814
8296 18220 6910949 1 814
8301 18229 6910959 1 817
8305 18239 6910969 1 822
8308 18243 6910979 1 825
8310 18248 6910989 1 829
8314 18257 6910999 1 840
8316 18264 6911009 1 853
8318 18271 6911019 1 869
8319 18275 6911029 1 887
8318 18278 6911039 1 909
8316 18279 6911049 1 921
8314 18278 6911059 1 931
8311 18276 6911069 1 950
8307 18273 6911079 1 966
8305 18269 6911089 1 976
8302 18264 6911099 1 979
8300 18258 6911109 1 973
8300 18253 6911119 1 957
8300 18251 6911129 1 948
8300 18248 6911139 1 928
8302 18244 6911149 1 884
8304 18241 6911159 1 859
8307 18238 6911169 1 825
8310 18236 6911179 1 753
8313 18235 6911189 1 669
8314 18235 6911199 1 579
8315 18235 6911209 1 484
8314 18235 6911219 1 388
8311 18235 6911229 1 294
8307 18234 6911239 1 205
8301 18233 6911249 1 123
8294 18232 6911259 1 82
8286 18230 6911269 1 51
8283 18229 6911279 1 30
8279 18228 6911289 0 0
8272 18226 6911299 0 0
8267 18223 6911309 0 0
8262 18220 6911319 0 0
8260 18217 6911329 0 0
8258 18213 6911339 0 0
8259 18209 6911349 0 0
8260 18205 6911359 0 0
8263 18202 6911369 0 0
8266 18198 6911379 0 0
8270 18195 6911389 0 0
8273 18193 6911399 0 0
8276 18192 6911409 0 0
8280 18193 6911419 0 0
8281 18194 6911429 0 0
8283 18195 6911439 0 0
8286 18199 6911449 0 0
8289 18204 6911459 0 0
8293 18210 6911469 0 0
8298 18217 6911479 1 3
8303 18223 6911489 1 25
8309 18229 6911499 1 72
8316 18233 6911509 1 125
8324 18235 6911519 1 184
8333 18235 6911529 1 246
8343 18233 6911539 1 314
8354 18230 6911549 1 381
8365 18225 6911559 1 450
8377 18218 6911569 1 520
8383 18215 6911579 1 546
8389 18212 6911589 1 554
8400 18207 6911599 1 588
8410 18203 6911609 1 653
8418 18201 6911619 1 714
8424 18200 6911629 1 771
8427 18202 6911639 1 799
8428 18205 6911649 1 823
8426 18209 6911659 1 867
8421 18214 6911669 1 902
8414 18219 6911679 1 927
8405 18223 6911689 1 939
8395 18226 6911699 1 944
8385 18228 6911709 1 950
8376 18227 6911719 1 954
8371 18227 6911729 1 957
8367 18225 6911739 1 959
8361 18221 6911749 1 962
8357 18217 6911759 1 965
8355 18212 6911769 1 967
8356 18206 6911779 1 969
8358 18201 6911789 1 970
8362 18196 6911799 1 971
8367 18192 6911809 1 971
8373 18189 6911819 1 972
8378 18187 6911829 1 972
8383 18188 6911839 1 971
8388 18191 6911849 1 970
8391 18196 6911859 1 970
8393 18202 6911869 1 973
8393 18206 6911879 1 976
8393 18210 6911889 1 983
8392 18217 6911899 1 998
8391 18225 6911909 1 1016
8388 18233 6911919 1 1024
8386 18239 6911929 1 1024
8383 18245 6911939 1 1024
8379 18248 6911949 1 1024
8375 18248 6911959 1 1024
8370 18246 6911969 1 1024
8364 18241 6911979 1 1024
8359 18234 6911989 1 1024
8353 18225 6911999 1 1024
8347 18215 6912009 1 992
8341 18204 6912019 1 929
8339 18198 6912029 1 894
8336 18193 6912039 1 852
8333 18182 6912049 1 763
8330 18172 6912059 1 666
8329 18163 6912069 1 562
8330 18157 6912079 1 456
8331 18154 6912089 1 347
8334 18153 6912099 1 242
8338 18154 6912109 1 141
8342 18157 6912119 1 47
8347 18161 6912129 0 0
8351 18166 6912139 0 0
8355 18172 6912149 0 0
8358 18177 6912159 0 0
8360 18182 6912169 0 0
8361 18185 6912179 0 0
8361 18188 6912189 0 0
8360 18190 6912199 0 0
8359 18190 6912209 0 0
8357 18191 6912219 1 110
8355 18191 6912229 1 276
8354 18190 6912239 1 482
8352 18190 6912249 1 730
8352 18190 6912259 1 1024
8351 18191 6912269 1 1024
8352 18191 6912279 1 1024
8352 18192 6912289 1 1024
8353 18193 6912299 1 1024
8354 18193 6912309 1 1024
8354 18192 6912319 1 1024
8355 18192 6912329 1 1024
8355 18190 6912339 1 1024
8355 18188 6912349 1 1024
8354 18185 6912359 1 1024
8353 18182 6912369 1 1024
