7852 17336 6524529 1 704
7852 17336 6524539 1 705
7852 17336 6524549 1 706
7852 17336 6524559 1 705
7852 17337 6524569 1 706
7851 17337 6524579 1 707
7851 17337 6524589 1 708
7851 17338 6524599 1 708
7850 17338 6524609 1 709
7846 17341 6524619 1 710
7843 17344 6524629 1 711
7839 17348 6524639 1 711
7834 17353 6524649 1 712
7826 17360 6524659 1 712
7817 17369 6524669 1 713
7807 17380 6524679 1 714
7795 17392 6524689 1 714
7783 17405 6524699 1 715
7757 17434 6524709 1 716
7745 17448 6524719 1 717
7734 17461 6524729 1 717
7725 17473 6524739 1 717
7718 17483 6524749 1 719
7713 17491 6524759 1 719
7710 17496 6524769 1 720
7710 17498 6524779 1 720
7712 17497 6524789 1 720
7727 17486 6524799 1 721
7739 17477 6524809 1 723
7754 17467 6524819 1 724
7771 17456 6524829 1 723
7791 17446 6524839 1 724
7813 17436 6524849 1 725
7836 17426 6524859 1 725
7860 17416 6524869 1 727
7883 17409 6524879 1 727
7928 17403 6524889 1 728
7948 17406 6524899 1 729
7966 17414 6524909 1 730
7981 17425 6524919 1 731
7992 17441 6524929 1 731
8000 17460 6524939 1 732
8005 17482 6524949 1 732
8006 17506 6524959 1 733
8003 17533 6524969 1 734
7988 17589 6524979 1 735
7975 17617 6524989 1 736
7960 17643 6524999 1 737
7943 17668 6525009 1 737
7924 17690 6525019 1 738
7903 17709 6525029 1 739
7883 17725 6525039 1 739
7862 17737 6525049 1 740
7841 17746 6525059 1 740
7805 17755 6525069 1 742
7789 17756 6525079 1 743
7776 17755 6525089 1 743
7765 17753 6525099 1 744
7757 17751 6525109 1 745
7750 17747 6525119 1 745
7745 17744 6525129 1 746
7742 17740 6525139 1 747
7739 17736 6525149 1 748
7736 17726 6525159 1 749
7735 17719 6525169 1 750
7733 17712 6525179 1 751
7732 17702 6525189 1 752
7730 17691 6525199 1 753
7727 17678 6525209 1 753
7724 17663 6525219 1 754
7720 17646 6525229 1 754
7716 17629 6525239 1 755
7708 17591 6525249 1 758
7705 17572 6525259 1 759
7702 17553 6525269 1 759
7700 17536 6525279 1 759
7700 17520 6525289 1 759
7700 17505 6525299 1 760
7702 17492 6525309 1 761
7704 17482 6525319 1 762
7707 17474 6525329 1 763
7713 17467 6525339 1 765
7716 17469 6525349 1 765
7718 17473 6525359 1 766
7719 17480 6525369 1 768
7719 17490 6525379 1 768
7719 17501 6525389 1 769
7718 17515 6525399 1 770
7717 17528 6525409 1 771
7715 17542 6525419 1 772
7712 17568 6525429 1 774
7711 17579 6525439 1 775
7709 17588 6525449 1 775
7708 17596 6525459 1 776
7707 17602 6525469 1 777
7706 17606 6525479 1 779
7705 17608 6525489 1 780
7704 17609 6525499 1 780
7703 17608 6525509 1 780
7702 17601 6525519 1 782
7703 17596 6525529 1 783
7705 17590 6525539 1 783
7708 17584 6525549 1 784
7712 17577 6525559 1 785
7718 17570 6525569 1 785
7726 17563 6525579 1 786
7736 17558 6525589 1 787
7747 17554 6525599 1 788
7771 17549 6525609 1 789
7784 17549 6525619 1 790
7797 17550 6525629 1 791
7810 17552 6525639 1 792
7822 17555 6525649 1 795
7832 17558 6525659 1 796
7842 17562 6525669 1 797
7849 17565 6525679 1 799
7855 17568 6525689 1 800
7861 17571 6525699 1 804
7862 17570 6525709 1 805
7861 17569 6525719 1 806
7858 17566 6525729 1 807
7854 17563 6525739 1 808
7849 17559 6525749 1 809
7844 17555 6525759 1 809
7838 17550 6525769 1 809
7831 17547 6525779 1 809
7819 17541 6525789 1 808
7813 17540 6525799 1 806
7808 17540 6525809 1 805
7804 17541 6525819 1 803
7801 17543 6525829 1 802
7798 17545 6525839 1 802
7796 17548 6525849 1 803
7795 17552 6525859 1 804
7795 17557 6525869 1 807
7796 17567 6525879 1 820
7797 17573 6525889 1 827
7798 17579 6525899 1 836
7800 17586 6525909 1 845
7801 17592 6525919 1 856
7803 17598 6525929 1 878
7804 17603 6525939 1 889
7804 17608 6525949 1 901
7804 17612 6525959 1 911
7801 17618 6525969 1 930
7798 17619 6525979 1 944
7794 17620 6525989 1 948
7790 17620 6525999 1 951
7785 17619 6526009 1 951
7779 17618 6526019 1 950
7774 17617 6526029 1 945
7769 17615 6526039 1 937
7766 17613 6526049 1 926
7761 17608 6526059 1 893
7760 17605 6526069 1 870
7760 17601 6526079 1 843
7761 17596 6526089 1 811
7762 17590 6526099 1 735
7763 17584 6526109 1 693
7764 17577 6526119 1 647
7765 17569 6526129 1 599
7765 17561 6526139 1 550
7762 17544 6526149 1 393
7760 17535 6526159 1 341
7757 17527 6526169 1 288
7754 17519 6526179 1 238
7752 17513 6526189 1 188
7749 17507 6526199 1 140
7748 17503 6526209 1 53
7748 17500 6526219 1 23
7749 17498 6526229 1 21
7756 17498 6526239 1 18
7761 17500 6526249 1 17
7767 17502 6526259 1 15
7774 17504 6526269 1 14
7781 17507 6526279 1 13
7787 17509 6526289 1 10
7793 17512 6526299 1 10
7798 17514 6526309 1 10
7803 17516 6526319 1 8
7809 17520 6526329 1 123
7810 17522 6526339 1 191
7812 17523 6526349 1 265
7813 17523 6526359 1 343
7814 17523 6526369 1 423
7815 17522 6526379 1 581
7816 17520 6526389 1 657
7817 17518 6526399 1 726
7818 17515 6526409 1 789
7821 17509 6526419 1 886
7822 17507 6526429 1 940
7824 17506 6526439 1 952
7825 17506 6526449 1 957
7826 17506 6526459 1 954
7827 17508 6526469 1 947
7828 17511 6526479 1 936
7829 17516 6526489 1 909
7830 17521 6526499 1 896
7831 17534 6526509 1 872
7831 17541 6526519 1 863
7832 17548 6526529 1 856
7833 17555 6526539 1 849
7834 17561 6526549 1 844
7836 17566 6526559 1 841
7838 17570 6526569 1 838
7841 17574 6526579 1 837
7844 17577 6526589 1 836
7852 17581 6526599 1 840
7857 17582 6526609 1 843
7862 17584 6526619 1 847
7866 17586 6526629 1 851
7870 17589 6526639 1 855
7873 17592 6526649 1 860
7876 17596 6526659 1 870
7877 17599 6526669 1 876
7877 17603 6526679 1 882
7874 17609 6526689 1 893
7870 17610 6526699 1 899
7865 17610 6526709 1 910
7859 17609 6526719 1 915
7853 17605 6526729 1 919
7846 17600 6526739 1 923
7840 17593 6526749 1 927
7834 17585 6526759 1 930
7829 17576 6526769 1 936
7823 17557 6526779 1 939
7822 17548 6526789 1 940
7822 17539 6526799 1 940
7824 17532 6526809 1 942
7828 17526 6526819 1 943
7833 17521 6526829 1 944
7838 17518 6526839 1 944
7845 17517 6526849 1 944
7851 17517 6526859 1 944
7862 17521 6526869 1 944
7867 17525 6526879 1 943
7870 17530 6526889 1 943
7872 17535 6526899 1 942
7873 17542 6526909 1 942
7873 17548 6526919 1 942
7873 17556 6526929 1 941
7873 17563 6526939 1 941
7872 17571 6526949 1 940
7873 17585 6526959 1 940
7875 17591 6526969 1 940
7879 17596 6526979 1 940
7883 17601 6526989 1 941
7888 17604 6526999 1 942
7894 17607 6527009 1 943
7900 17608 6527019 1 944
7906 17608 6527029 1 944
7912 17606 6527039 1 945
7921 17600 6527049 1 947
7924 17595 6527059 1 948
7926 17589 6527069 1 949
7927 17582 6527079 1 949
7926 17574 6527089 1 950
7925 17566 6527099 1 951
7923 17557 6527109 1 953
7920 17549 6527119 1 954
7917 17541 6527129 1 955
7912 17525 6527139 1 956
7909 17518 6527149 1 957
7908 17512 6527159 1 958
7907 17507 6527169 1 959
7908 17503 6527179 1 959
7910 17500 6527189 1 960
7913 17499 6527199 1 960
7916 17499 6527209 1 961
7920 17500 6527219 1 963
7926 17504 6527229 1 963
7928 17506 6527239 1 964
7929 17508 6527249 1 964
7928 17509 6527259 1 965
7925 17509 6527269 1 967
7921 17508 6527279 1 967
7916 17506 6527289 1 967
7910 17503 6527299 1 968
7904 17499 6527309 1 968
7890 17490 6527319 1 969
7883 17486 6527329 1 970
7877 17482 6527339 1 971
7871 17480 6527349 1 971
7867 17478 6527359 1 972
7863 17477 6527369 1 973
7862 17478 6527379 1 974
7862 17481 6527389 1 974
7864 17484 6527399 1 975
7875 17495 6527409 1 976
7883 17502 6527419 1 977
7892 17509 6527429 1 977
7903 17516 6527439 1 978
7914 17523 6527449 1 979
7925 17530 6527459 1 980
7936 17536 6527469 1 980
7947 17541 6527479 1 980
7957 17545 6527489 1 981
7973 17552 6527499 1 983
7980 17554 6527509 1 983
7986 17556 6527519 1 982
7990 17558 6527529 1 981
7993 17559 6527539 1 981
7996 17560 6527549 1 981
7997 17561 6527559 1 981
7996 17561 6527569 1 981
7994 17563 6527579 1 981
7987 17566 6527589 1 980
7981 17569 6527599 1 979
7974 17572 6527609 1 979
7967 17577 6527619 1 979
7959 17583 6527629 1 978
7952 17590 6527639 1 978
7946 17598 6527649 1 978
7941 17607 6527659 1 978
7938 17615 6527669 1 978
7935 17632 6527679 1 976
7935 17639 6527689 1 976
7936 17645 6527699 1 976
7937 17651 6527709 1 976
7939 17655 6527719 1 975
7941 17657 6527729 1 975
7943 17658 6527739 1 975
7946 17658 6527749 1 975
7949 17655 6527759 1 975
7956 17646 6527769 1 973
7960 17639 6527779 1 973
7965 17632 6527789 1 973
7969 17624 6527799 1 973
7972 17617 6527809 1 973
7975 17610 6527819 1 973
7977 17604 6527829 1 972
7978 17600 6527839 1 972
7978 17596 6527849 1 971
7975 17594 6527859 1 971
7972 17596 6527869 1 970
7969 17599 6527879 1 970
7965 17604 6527889 1 970
7961 17610 6527899 1 970
7958 17616 6527909 1 970
7954 17623 6527919 1 969
7952 17629 6527929 1 969
7951 17634 6527939 1 968
7954 17642 6527949 1 968
7958 17643 6527959 1 967
7962 17643 6527969 1 967
7966 17641 6527979 1 967
7970 17637 6527989 1 967
7973 17632 6527999 1 967
7974 17625 6528009 1 966
7974 17618 6528019 1 966
7972 17610 6528029 1 965
7962 17593 6528039 1 965
7955 17586 6528049 1 964
7947 17579 6528059 1 964
7938 17573 6528069 1 964
7930 17568 6528079 1 964
7923 17565 6528089 1 964
7916 17562 6528099 1 964
7912 17561 6528109 1 963
7908 17560 6528119 1 962
7906 17562 6528129 1 962
7907 17564 6528139 1 962
7908 17567 6528149 1 961
7910 17570 6528159 1 961
7912 17572 6528169 1 961
7914 17575 6528179 1 961
7915 17577 6528189 1 961
7915 17578 6528199 1 960
7914 17579 6528209 1 960
