7780 18345 7584176 1 724
7780 18345 7584186 1 724
7780 18345 7584196 1 725
7780 18345 7584206 1 725
7780 18346 7584216 1 725
7780 18346 7584226 1 726
7780 18347 7584236 1 726
7779 18348 7584246 1 727
7778 18349 7584256 1 727
7776 18351 7584266 1 727
7773 18353 7584276 1 728
7768 18357 7584286 1 728
7762 18361 7584296 1 729
7755 18367 7584306 1 729
7747 18374 7584316 1 729
7738 18383 7584326 1 730
7728 18393 7584336 1 730
7719 18404 7584346 1 730
7710 18415 7584356 1 731
7697 18439 7584366 1 732
7693 18450 7584376 1 732
7689 18460 7584386 1 733
7687 18468 7584396 1 733
7684 18475 7584406 1 734
7683 18481 7584416 1 734
7681 18483 7584426 1 734
7680 18484 7584436 1 735
7680 18481 7584446 1 735
7682 18477 7584456 1 735
7686 18470 7584466 1 735
7691 18462 7584476 1 736
7700 18453 7584486 1 737
7711 18445 7584496 1 737
7724 18438 7584506 1 737
7740 18430 7584516 1 738
7756 18423 7584526 1 738
7774 18417 7584536 1 739
7793 18413 7584546 1 740
7830 18414 7584556 1 740
7847 18420 7584566 1 741
7862 18429 7584576 1 742
7876 18443 7584586 1 742
7888 18460 7584596 1 743
7897 18479 7584606 1 743
7905 18501 7584616 1 743
7910 18525 7584626 1 744
7912 18551 7584636 1 745
7911 18576 7584646 1 745
7908 18601 7584656 1 746
7901 18625 7584666 1 746
7891 18648 7584676 1 747
7878 18668 7584686 1 747
7862 18685 7584696 1 748
7843 18699 7584706 1 748
7823 18710 7584716 1 749
7801 18719 7584726 1 750
7778 18724 7584736 1 749
7735 18728 7584746 1 751
7715 18728 7584756 1 751
7698 18727 7584766 1 752
7683 18725 7584776 1 753
7671 18722 7584786 1 753
7662 18720 7584796 1 753
7655 18718 7584806 1 754
7650 18716 7584816 1 755
7647 18714 7584826 1 756
7645 18712 7584836 1 756
7644 18708 7584846 1 757
7644 18704 7584856 1 757
7644 18697 7584866 1 758
7644 18688 7584876 1 759
7645 18677 7584886 1 760
7645 18662 7584896 1 760
7646 18646 7584906 1 761
7647 18627 7584916 1 761
7648 18606 7584926 1 762
7649 18562 7584936 1 764
7650 18541 7584946 1 764
7651 18521 7584956 1 764
7652 18503 7584966 1 765
7653 18487 7584976 1 765
7654 18475 7584986 1 766
7655 18465 7584996 1 766
7656 18459 7585006 1 767
7658 18456 7585016 1 768
7660 18456 7585026 1 769
7662 18458 7585036 1 769
7664 18463 7585046 1 770
7666 18469 7585056 1 771
7668 18477 7585066 1 773
7669 18486 7585076 1 772
7669 18495 7585086 1 773
7668 18505 7585096 1 774
7665 18514 7585106 1 775
7662 18524 7585116 1 776
7652 18542 7585126 1 778
7646 18550 7585136 1 779
7639 18557 7585146 1 779
7633 18563 7585156 1 779
7626 18567 7585166 1 780
7620 18571 7585176 1 782
7614 18574 7585186 1 783
7610 18576 7585196 1 783
7608 18577 7585206 1 783
7607 18576 7585216 1 784
7609 18575 7585226 1 785
7614 18573 7585236 1 785
7621 18570 7585246 1 786
7631 18566 7585256 1 787
7643 18562 7585266 1 787
7657 18557 7585276 1 787
7673 18552 7585286 1 788
7690 18547 7585296 1 789
7708 18543 7585306 1 790
7742 18536 7585316 1 791
7757 18534 7585326 1 792
7772 18534 7585336 1 793
7785 18534 7585346 1 794
7795 18536 7585356 1 797
7804 18539 7585366 1 797
7811 18543 7585376 1 798
7815 18548 7585386 1 800
7817 18553 7585396 1 801
7817 18558 7585406 1 803
7816 18562 7585416 1 805
7812 18565 7585426 1 806
7808 18567 7585436 1 807
7802 18568 7585446 1 808
7797 18567 7585456 1 809
7791 18564 7585466 1 810
7785 18560 7585476 1 810
7780 18555 7585486 1 810
7776 18550 7585496 1 810
7771 18537 7585506 1 809
7769 18531 7585516 1 807
7767 18526 7585526 1 806
7766 18522 7585536 1 804
7764 18519 7585546 1 803
7762 18518 7585556 1 803
7760 18518 7585566 1 804
7757 18519 7585576 1 805
7755 18522 7585586 1 808
7753 18527 7585596 1 815
7751 18532 7585606 1 820
7749 18539 7585616 1 827
7748 18546 7585626 1 835
7747 18553 7585636 1 844
7747 18560 7585646 1 855
7747 18567 7585656 1 876
7747 18573 7585666 1 886
7748 18579 7585676 1 898
7748 18583 7585686 1 908
7749 18590 7585696 1 926
7749 18592 7585706 1 940
7748 18594 7585716 1 944
7747 18595 7585726 1 947
7745 18596 7585736 1 948
7741 18597 7585746 1 946
7737 18598 7585756 1 941
7732 18598 7585766 1 934
7726 18597 7585776 1 923
7720 18596 7585786 1 909
7714 18594 7585796 1 891
7708 18591 7585806 1 869
7702 18587 7585816 1 842
7697 18582 7585826 1 811
7693 18576 7585836 1 737
7690 18569 7585846 1 696
7688 18560 7585856 1 651
7687 18551 7585866 1 603
7686 18541 7585876 1 555
7687 18522 7585886 1 401
7688 18514 7585896 1 349
7690 18507 7585906 1 297
7692 18502 7585916 1 247
7694 18498 7585926 1 197
7697 18496 7585936 1 150
7700 18495 7585946 1 63
7705 18496 7585956 1 32
7709 18499 7585966 1 30
7715 18502 7585976 1 28
7720 18506 7585986 1 26
7726 18510 7585996 1 25
7731 18514 7586006 1 22
7737 18518 7586016 1 21
7741 18521 7586026 1 18
7746 18523 7586036 1 16
7749 18524 7586046 1 15
7752 18524 7586056 1 14
7754 18523 7586066 1 12
7756 18519 7586076 1 125
7756 18517 7586086 1 192
7757 18514 7586096 1 266
7758 18511 7586106 1 343
7759 18509 7586116 1 423
7761 18507 7586126 1 581
7763 18506 7586136 1 657
7766 18506 7586146 1 726
7769 18506 7586156 1 789
7772 18507 7586166 1 842
7774 18508 7586176 1 886
7776 18510 7586186 1 939
7777 18512 7586196 1 951
7777 18514 7586206 1 956
7776 18516 7586216 1 954
7774 18518 7586226 1 946
7772 18520 7586236 1 935
7769 18522 7586246 1 908
7767 18524 7586256 1 895
7765 18528 7586266 1 871
7766 18532 7586276 1 862
7769 18536 7586286 1 856
7773 18540 7586296 1 849
7778 18546 7586306 1 844
7784 18552 7586316 1 841
7790 18558 7586326 1 838
7796 18565 7586336 1 837
7801 18571 7586346 1 836
7805 18578 7586356 1 837
7808 18583 7586366 1 840
7810 18588 7586376 1 843
7810 18592 7586386 1 846
7808 18594 7586396 1 850
7805 18595 7586406 1 854
7801 18595 7586416 1 859
7796 18593 7586426 1 869
7791 18591 7586436 1 875
7785 18587 7586446 1 880
7771 18579 7586456 1 892
7765 18575 7586466 1 897
7759 18572 7586476 1 907
7754 18569 7586486 1 912
7750 18566 7586496 1 916
7747 18564 7586506 1 920
7746 18562 7586516 1 924
7745 18561 7586526 1 926
7745 18559 7586536 1 932
7746 18557 7586546 1 933
7748 18554 7586556 1 935
7750 18551 7586566 1 935
7753 18547 7586576 1 936
7756 18542 7586586 1 937
7759 18536 7586596 1 938
7763 18530 7586606 1 939
7768 18524 7586616 1 940
7772 18518 7586626 1 939
7777 18513 7586636 1 939
7789 18507 7586646 1 939
7795 18507 7586656 1 938
7801 18509 7586666 1 938
7808 18513 7586676 1 936
7814 18519 7586686 1 936
7819 18526 7586696 1 936
7824 18536 7586706 1 935
7826 18546 7586716 1 935
7827 18557 7586726 1 935
7826 18567 7586736 1 934
7823 18578 7586746 1 934
7818 18587 7586756 1 934
7812 18594 7586766 1 934
7805 18600 7586776 1 935
7798 18604 7586786 1 935
7792 18606 7586796 1 936
7788 18605 7586806 1 937
7785 18601 7586816 1 937
7785 18595 7586826 1 938
7791 18576 7586836 1 940
7797 18564 7586846 1 940
7804 18551 7586856 1 941
7812 18537 7586866 1 942
7820 18525 7586876 1 942
7828 18514 7586886 1 943
7835 18505 7586896 1 945
7841 18498 7586906 1 945
7845 18493 7586916 1 946
7848 18491 7586926 1 947
7850 18491 7586936 1 947
7850 18492 7586946 1 948
7850 18495 7586956 1 949
7849 18498 7586966 1 949
7848 18502 7586976 1 950
7847 18505 7586986 1 950
7845 18508 7586996 1 950
7843 18510 7587006 1 951
7841 18512 7587016 1 952
7834 18511 7587026 1 953
7830 18509 7587036 1 953
7826 18505 7587046 1 953
7822 18501 7587056 1 954
7817 18496 7587066 1 955
7814 18490 7587076 1 955
7811 18484 7587086 1 956
7809 18478 7587096 1 956
7808 18473 7587106 1 956
7809 18468 7587116 1 956
7812 18465 7587126 1 956
7815 18463 7587136 1 958
7819 18463 7587146 1 959
7825 18464 7587156 1 958
7830 18466 7587166 1 959
7836 18470 7587176 1 959
7842 18476 7587186 1 960
7847 18483 7587196 1 961
7853 18490 7587206 1 961
7863 18507 7587216 1 962
7868 18516 7587226 1 962
7873 18524 7587236 1 963
7877 18532 7587246 1 963
7881 18538 7587256 1 964
7884 18543 7587266 1 964
7887 18546 7587276 1 964
7889 18548 7587286 1 965
7891 18549 7587296 1 965
7892 18548 7587306 1 966
7892 18547 7587316 1 966
7892 18546 7587326 1 966
7891 18544 7587336 1 966
7890 18543 7587346 1 965
7889 18542 7587356 1 965
7887 18543 7587366 1 964
7886 18544 7587376 1 964
7884 18546 7587386 1 964
7883 18549 7587396 1 964
7880 18559 7587406 1 962
7878 18566 7587416 1 962
7875 18572 7587426 1 962
7872 18580 7587436 1 961
7868 18587 7587446 1 960
7864 18594 7587456 1 960
7860 18600 7587466 1 960
7856 18606 7587476 1 960
7852 18610 7587486 1 959
7849 18613 7587496 1 958
7847 18615 7587506 1 958
7846 18615 7587516 1 958
7846 18615 7587526 1 958
7847 18615 7587536 1 957
7849 18614 7587546 1 956
7853 18612 7587556 1 956
7857 18610 7587566 1 956
7862 18608 7587576 1 955
7867 18605 7587586 1 955
7880 18598 7587596 1 954
7887 18593 7587606 1 954
7894 18589 7587616 1 953
7900 18584 7587626 1 953
7907 18580 7587636 1 953
7912 18576 7587646 1 953
7917 18573 7587656 1 952
7922 18571 7587666 1 951
7925 18569 7587676 1 951
7927 18569 7587686 1 951
7928 18570 7587696 1 951
7928 18572 7587706 1 950
7927 18576 7587716 1 949
7924 18581 7587726 1 949
7920 18588 7587736 1 949
7915 18595 7587746 1 949
7909 18602 7587756 1 948
7903 18609 7587766 1 947
7896 18615 7587776 1 947
7883 18623 7587786 1 947
7877 18626 7587796 1 946
7871 18627 7587806 1 945
7866 18627 7587816 1 945
7860 18625 7587826 1 945
7855 18623 7587836 1 945
7849 18619 7587846 1 944
7844 18615 7587856 1 943
7838 18610 7587866 1 943
7833 18606 7587876 1 943
7828 18601 7587886 1 943
7824 18597 7587896 1 942
7821 18593 7587906 1 941
7820 18589 7587916 1 941
7819 18587 7587926 1 941
7821 18584 7587936 1 941
7824 18582 7587946 1 940
7829 18580 7587956 1 940
7836 18579 7587966 1 939
7851 18575 7587976 1 939
7859 18574 7587986 1 939
7867 18572 7587996 1 938
7874 18570 7588006 1 937
7880 18569 7588016 1 937
7885 18567 7588026 1 937
7888 18566 7588036 1 937
7889 18566 7588046 1 936
7889 18567 7588056 1 935
