7760 17548 6777403 1 600
7760 17548 6777413 1 610
7760 17549 6777423 1 615
7760 17550 6777433 1 616
7760 17552 6777443 1 617
7760 17555 6777453 1 619
7761 17560 6777463 1 620
7762 17567 6777473 1 621
7764 17573 6777483 1 624
7766 17579 6777493 1 625
7767 17584 6777503 1 627
7768 17587 6777513 1 628
7769 17589 6777523 1 629
7769 17590 6777533 1 629
7770 17590 6777543 1 629
7770 17591 6777553 1 631
7771 17591 6777563 1 633
7773 17590 6777573 1 635
7775 17587 6777583 1 636
7778 17582 6777593 1 637
7782 17576 6777603 1 639
7785 17569 6777613 1 640
7788 17562 6777623 1 642
7791 17555 6777633 1 644
7792 17549 6777643 1 645
7792 17543 6777653 1 646
7792 17541 6777663 1 647
7791 17539 6777673 1 647
7789 17536 6777683 1 648
7784 17534 6777693 1 649
7779 17534 6777703 1 652
7772 17535 6777713 1 653
7766 17538 6777723 1 654
7760 17542 6777733 1 655
7757 17546 6777743 1 657
7754 17550 6777753 1 658
7754 17554 6777763 1 660
7756 17557 6777773 1 662
7759 17558 6777783 1 664
7761 17559 6777793 1 664
7764 17558 6777803 1 664
7771 17557 6777813 1 664
7779 17554 6777823 1 666
7789 17549 6777833 1 667
7800 17543 6777843 1 669
7811 17535 6777853 1 671
7822 17526 6777863 1 672
7832 17515 6777873 1 674
7840 17505 6777883 1 674
7847 17495 6777893 1 676
7851 17486 6777903 1 679
7853 17477 6777913 1 680
7854 17473 6777923 1 680
7852 17470 6777933 1 680
7849 17464 6777943 1 681
7845 17461 6777953 1 682
7837 17460 6777963 1 684
7828 17461 6777973 1 685
7816 17465 6777983 1 687
7803 17471 6777993 1 689
7789 17479 6778003 1 690
7776 17489 6778013 1 691
7763 17501 6778023 1 692
7751 17513 6778033 1 694
7740 17525 6778043 1 697
7735 17531 6778053 1 698
7731 17537 6778063 1 697
7723 17548 6778073 1 697
7717 17558 6778083 1 699
7713 17567 6778093 1 700
7711 17575 6778103 1 701
7711 17581 6778113 1 703
7713 17586 6778123 1 705
7715 17591 6778133 1 706
7717 17594 6778143 1 708
7720 17597 6778153 1 709
7722 17599 6778163 1 710
7723 17600 6778173 1 711
7723 17601 6778183 1 712
7722 17601 6778193 1 713
7720 17602 6778203 1 714
7718 17603 6778213 1 715
7715 17604 6778223 1 716
7712 17605 6778233 1 717
7710 17606 6778243 1 718
7708 17607 6778253 1 720
7707 17607 6778263 1 722
7708 17606 6778273 1 724
7710 17605 6778283 1 724
7713 17603 6778293 1 726
7717 17600 6778303 1 727
7720 17599 6778313 1 727
7723 17598 6778323 1 727
7730 17596 6778333 1 728
7738 17594 6778343 1 731
7746 17593 6778353 1 732
7755 17593 6778363 1 733
7763 17593 6778373 1 734
7770 17594 6778383 1 736
7777 17595 6778393 1 737
7782 17597 6778403 1 740
7785 17598 6778413 1 741
7786 17600 6778423 1 741
7786 17601 6778433 1 743
7786 17602 6778443 1 744
7784 17602 6778453 1 744
7781 17603 6778463 1 744
7777 17604 6778473 1 745
7772 17604 6778483 1 748
7767 17604 6778493 1 749
7762 17604 6778503 1 750
7757 17604 6778513 1 751
7753 17603 6778523 1 752
7750 17602 6778533 1 753
7748 17601 6778543 1 756
7747 17600 6778553 1 757
7747 17599 6778563 1 759
7747 17598 6778573 1 759
7748 17598 6778583 1 759
7749 17597 6778593 1 760
7750 17597 6778603 1 760
7752 17597 6778613 1 761
7752 17597 6778623 1 764
7753 17597 6778633 1 765
7752 17597 6778643 1 766
7752 17597 6778653 1 768
7751 17597 6778663 1 769
7749 17598 6778673 1 770
7748 17598 6778683 1 772
7747 17599 6778693 1 773
7747 17599 6778703 1 774
7747 17600 6778713 1 774
7747 17601 6778723 1 774
7749 17602 6778733 1 775
7752 17603 6778743 1 777
7756 17605 6778753 1 778
7761 17606 6778763 1 780
7767 17607 6778773 1 782
7773 17608 6778783 1 783
7780 17609 6778793 1 784
7786 17609 6778803 1 785
7791 17609 6778813 1 785
7795 17609 6778823 1 788
7796 17609 6778833 1 789
7797 17609 6778843 1 789
7798 17609 6778853 1 789
7798 17608 6778863 1 790
7796 17607 6778873 1 791
7793 17605 6778883 1 793
7789 17602 6778893 1 794
7785 17598 6778903 1 796
7781 17593 6778913 1 797
7778 17587 6778923 1 799
7776 17581 6778933 1 800
7775 17575 6778943 1 801
7776 17570 6778953 1 802
7776 17567 6778963 1 802
7777 17565 6778973 1 803
7779 17560 6778983 1 803
7783 17556 6778993 1 804
7787 17554 6779003 1 806
7791 17552 6779013 1 807
7796 17551 6779023 1 808
7801 17551 6779033 1 809
7807 17552 6779043 1 811
7812 17554 6779053 1 812
7816 17556 6779063 1 814
7820 17559 6779073 1 815
7824 17562 6779083 1 816
7825 17564 6779093 1 816
7826 17565 6779103 1 816
7828 17568 6779113 1 817
7829 17571 6779123 1 819
7830 17574 6779133 1 820
7830 17576 6779143 1 821
7830 17578 6779153 1 822
7829 17580 6779163 1 823
7829 17581 6779173 1 825
7828 17582 6779183 1 827
7827 17582 6779193 1 828
7825 17582 6779203 1 829
7823 17582 6779213 1 830
7822 17581 6779223 1 830
7821 17581 6779233 1 830
7820 17579 6779243 1 831
7819 17576 6779253 1 832
7818 17573 6779263 1 834
7818 17570 6779273 1 835
7819 17567 6779283 1 836
7819 17564 6779293 1 837
7819 17561 6779303 1 838
7819 17558 6779313 1 839
7819 17555 6779323 1 842
7818 17552 6779333 1 843
7816 17550 6779343 1 844
7816 17549 6779353 1 844
7814 17548 6779363 1 844
7811 17547 6779373 1 845
7808 17546 6779383 1 846
7804 17546 6779393 1 847
7799 17548 6779403 1 849
7794 17550 6779413 1 850
7789 17553 6779423 1 851
7784 17557 6779433 1 852
7779 17562 6779443 1 853
7775 17566 6779453 1 854
7772 17571 6779463 1 856
7770 17575 6779473 1 857
7769 17577 6779483 1 857
7769 17578 6779493 1 857
7770 17580 6779503 1 858
7772 17582 6779513 1 859
7776 17582 6779523 1 860
7781 17581 6779533 1 861
7787 17579 6779543 1 862
7794 17576 6779553 1 863
7801 17572 6779563 1 864
7808 17568 6779573 1 865
7814 17564 6779583 1 866
7820 17560 6779593 1 867
7826 17557 6779603 1 869
7828 17555 6779613 1 870
7831 17554 6779623 1 870
7835 17552 6779633 1 870
7838 17551 6779643 1 871
7840 17551 6779653 1 872
7841 17552 6779663 1 873
7842 17553 6779673 1 874
7841 17555 6779683 1 876
7840 17558 6779693 1 877
7837 17561 6779703 1 877
7834 17564 6779713 1 878
7831 17567 6779723 1 879
7827 17570 6779733 1 880
7825 17572 6779743 1 881
7823 17573 6779753 1 881
7819 17576 6779763 1 882
7816 17578 6779773 1 884
7813 17579 6779783 1 884
7811 17580 6779793 1 885
7810 17580 6779803 1 886
7809 17580 6779813 1 887
7810 17579 6779823 1 889
7812 17577 6779833 1 890
7815 17575 6779843 1 891
7818 17574 6779853 1 892
7821 17572 6779863 1 893
7823 17571 6779873 1 893
7825 17570 6779883 1 894
7828 17568 6779893 1 895
7831 17567 6779903 1 897
7834 17566 6779913 1 898
7835 17566 6779923 1 899
7836 17567 6779933 1 900
7836 17569 6779943 1 902
7835 17572 6779953 1 902
7834 17576 6779963 1 904
7832 17580 6779973 1 905
7829 17585 6779983 1 907
7826 17590 6779993 1 908
7824 17593 6780003 1 908
7823 17595 6780013 1 909
7819 17600 6780023 1 909
7816 17605 6780033 1 910
7814 17608 6780043 1 913
7812 17611 6780053 1 914
7810 17613 6780063 1 915
7810 17614 6780073 1 916
7810 17613 6780083 1 916
7811 17612 6780093 1 917
7812 17611 6780103 1 919
7813 17608 6780113 1 920
7814 17606 6780123 1 921
7814 17604 6780133 1 921
7814 17603 6780143 1 922
7814 17600 6780153 1 922
7813 17597 6780163 1 923
7812 17595 6780173 1 924
7810 17593 6780183 1 926
7808 17592 6780193 1 927
7806 17591 6780203 1 927
7804 17591 6780213 1 928
7803 17590 6780223 1 929
7803 17590 6780233 1 931
7805 17590 6780243 1 933
7809 17590 6780253 1 934
7811 17590 6780263 1 934
7815 17590 6780273 1 935
7822 17590 6780283 1 936
7832 17589 6780293 1 937
7842 17588 6780303 1 938
7852 17587 6780313 1 940
7863 17585 6780323 1 944
7872 17583 6780333 1 946
7880 17581 6780343 1 948
7886 17578 6780353 1 950
7891 17576 6780363 1 951
7893 17573 6780373 1 953
7893 17571 6780383 1 956
7892 17569 6780393 1 957
7891 17568 6780403 1 957
7887 17566 6780413 1 957
7883 17564 6780423 1 957
7878 17563 6780433 1 957
7874 17561 6780443 1 955
7869 17561 6780453 1 954
7866 17561 6780463 1 954
7863 17561 6780473 1 957
7862 17562 6780483 1 964
7862 17563 6780493 1 973
7863 17564 6780503 1 987
7864 17565 6780513 1 1002
7865 17566 6780523 1 1009
7867 17567 6780533 1 1011
7870 17569 6780543 1 1014
7873 17571 6780553 1 1014
7876 17573 6780563 1 1014
7878 17575 6780573 1 1014
7880 17577 6780583 1 1014
7882 17578 6780593 1 1013
7882 17579 6780603 1 1013
7881 17580 6780613 1 1013
7879 17580 6780623 1 1013
7876 17579 6780633 1 1013
7873 17579 6780643 1 1013
7871 17578 6780653 1 1013
7869 17578 6780663 1 1013
7864 17577 6780673 1 1013
7859 17576 6780683 1 1012
7855 17575 6780693 1 1012
7850 17574 6780703 1 1012
7846 17573 6780713 1 990
7842 17573 6780723 1 930
7839 17573 6780733 1 861
7836 17573 6780743 1 705
7835 17574 6780753 1 621
7834 17574 6780763 1 535
7834 17574 6780773 1 448
7834 17574 6780783 1 414
7834 17574 6780793 1 401
7836 17574 6780803 1 363
7837 17573 6780813 1 279
7840 17572 6780823 1 127
7844 17571 6780833 1 61
7848 17570 6780843 1 47
7852 17569 6780853 1 48
7857 17567 6780863 1 48
7862 17566 6780873 1 49
7867 17564 6780883 1 49
7872 17563 6780893 1 50
7875 17561 6780903 1 50
7877 17561 6780913 1 50
7879 17560 6780923 1 51
7881 17559 6780933 1 51
7882 17558 6780943 1 52
7882 17557 6780953 1 52
7880 17556 6780963 1 52
7878 17555 6780973 1 53
7875 17554 6780983 1 53
7871 17553 6780993 1 54
7866 17552 6781003 1 54
7861 17550 6781013 1 71
7856 17549 6781023 1 198
7851 17548 6781033 1 269
7849 17547 6781043 1 288
7847 17547 6781053 1 301
7844 17546 6781063 1 344
7843 17545 6781073 1 420
7843 17543 6781083 1 497
7844 17542 6781093 1 574
7848 17541 6781103 1 717
7852 17540 6781113 1 782
7858 17539 6781123 1 840
7865 17538 6781133 1 891
7872 17538 6781143 1 932
7878 17538 6781153 1 962
7885 17539 6781163 1 985
7888 17540 6781173 1 992
7890 17541 6781183 1 987
7894 17543 6781193 1 978
7897 17545 6781203 1 972
7898 17548 6781213 1 968
7899 17552 6781223 1 964
7899 17556 6781233 1 962
7898 17560 6781243 1 962
7896 17565 6781253 1 963
7893 17569 6781263 1 965
7888 17574 6781273 1 968
7881 17578 6781283 1 972
7872 17583 6781293 1 976
7866 17585 6781303 1 978
7860 17587 6781313 1 980
7846 17590 6781323 1 986
7832 17592 6781333 1 993
7818 17592 6781343 1 999
7806 17590 6781353 1 1004
7797 17585 6781363 1 1004
7791 17577 6781373 1 1004
7788 17567 6781383 1 1004
7789 17555 6781393 1 1004
7793 17543 6781403 1 1003
7800 17532 6781413 1 1003
7808 17524 6781423 1 1003
7812 17520 6781433 1 1003
7816 17518 6781443 1 1003
7825 17516 6781453 1 1003
7833 17516 6781463 1 1003
7841 17519 6781473 1 1003
7847 17524 6781483 1 1003
7851 17531 6781493 1 1002
7854 17539 6781503 1 1002
7856 17546 6781513 1 1002
7858 17554 6781523 1 1002
7859 17561 6781533 1 1002
7860 17566 6781543 1 1002
7861 17571 6781553 1 1002
7862 17573 6781563 1 1002
7864 17574 6781573 1 1002
7867 17576 6781583 1 1001
7872 17578 6781593 1 1001
7877 17579 6781603 1 1001
7883 17581 6781613 1 1001
7888 17582 6781623 1 1001
7893 17583 6781633 1 1001
7895 17584 6781643 1 1001
7894 17583 6781653 1 1000
7896 17581 6781663 1 1000
7898 17580 6781673 1 1000
7898 17580 6781683 1 1000
7897 17579 6781693 1 1000
7896 17578 6781703 1 1000
7895 17576 6781713 1 1000
7895 17575 6781723 1 1000
7896 17573 6781733 1 999
7897 17571 6781743 1 999
7899 17570 6781753 1 999
7901 17569 6781763 1 999
7904 17568 6781773 1 999
7908 17567 6781783 1 999
7911 17566 6781793 1 999
7914 17565 6781803 1 998
7916 17564 6781813 1 998
7918 17563 6781823 1 998
7919 17562 6781833 1 998
7918 17561 6781843 1 998
7917 17561 6781853 1 998
7915 17561 6781863 1 998
7913 17561 6781873 1 998
7911 17562 6781883 1 997
7908 17564 6781893 1 997
7906 17566 6781903 1 997
7904 17568 6781913 1 997
7902 17571 6781923 1 997
7902 17573 6781933 1 997
7901 17575 6781943 1 997
7902 17577 6781953 1 996
7903 17578 6781963 1 996
7904 17577 6781973 1 996
7905 17576 6781983 1 996
7907 17575 6781993 1 996
7908 17572 6782003 1 996
7908 17569 6782013 1 996
7908 17566 6782023 1 996
7908 17564 6782033 1 995
7907 17561 6782043 1 995
7905 17559 6782053 1 995
7903 17558 6782063 1 995
7902 17557 6782073 1 995
7901 17558 6782083 1 995
7901 17559 6782093 1 995
