8126 17467 5274415 1 538
8126 17467 5274425 1 551
8126 17467 5274435 1 558
8126 17468 5274445 1 560
8127 17470 5274455 1 562
8127 17473 5274465 1 564
8128 17478 5274475 1 566
8129 17485 5274485 1 568
8131 17491 5274495 1 572
8132 17494 5274505 1 574
8134 17496 5274515 1 574
8137 17501 5274525 1 576
8140 17503 5274535 1 578
8143 17505 5274545 1 580
8146 17505 5274555 1 580
8149 17505 5274565 1 582
8152 17505 5274575 1 585
8155 17503 5274585 1 588
8157 17502 5274595 1 588
8158 17500 5274605 1 589
8161 17496 5274615 1 591
8162 17490 5274625 1 594
8163 17484 5274635 1 595
8163 17478 5274645 1 599
8162 17473 5274655 1 601
8160 17468 5274665 1 603
8158 17464 5274675 1 604
8157 17462 5274685 1 605
8155 17460 5274695 1 606
8153 17458 5274705 1 607
8150 17457 5274715 1 608
8147 17456 5274725 1 613
8144 17457 5274735 1 614
8142 17458 5274745 1 616
8140 17459 5274755 1 617
8139 17461 5274765 1 620
8139 17462 5274775 1 620
8138 17462 5274785 1 621
8137 17463 5274795 1 624
8135 17463 5274805 1 627
8133 17462 5274815 1 629
8131 17461 5274825 1 630
8129 17458 5274835 1 630
8127 17455 5274845 1 633
8127 17452 5274855 1 634
8126 17450 5274865 1 635
8127 17447 5274875 1 637
8129 17441 5274885 1 640
8131 17435 5274895 1 641
8135 17429 5274905 1 643
8140 17423 5274915 1 644
8146 17417 5274925 1 647
8153 17411 5274935 1 650
8161 17406 5274945 1 651
8164 17403 5274955 1 652
8168 17401 5274965 1 652
8176 17396 5274975 1 654
8183 17393 5274985 1 655
8189 17391 5274995 1 657
8192 17391 5275005 1 658
8192 17392 5275015 1 662
8189 17395 5275025 1 664
8183 17400 5275035 1 665
8180 17402 5275045 1 666
8175 17406 5275055 1 667
8164 17415 5275065 1 669
8151 17425 5275075 1 671
8137 17436 5275085 1 674
8123 17448 5275095 1 675
8109 17461 5275105 1 675
8096 17474 5275115 1 678
8085 17486 5275125 1 679
8079 17492 5275135 1 679
8076 17497 5275145 1 680
8071 17507 5275155 1 682
8068 17516 5275165 1 686
8067 17523 5275175 1 687
8070 17528 5275185 1 689
8074 17532 5275195 1 690
8080 17533 5275205 1 691
8087 17533 5275215 1 694
8090 17532 5275225 1 695
8093 17531 5275235 1 695
8098 17528 5275245 1 697
8103 17524 5275255 1 698
8106 17520 5275265 1 699
8107 17516 5275275 1 701
8107 17512 5275285 1 703
8106 17509 5275295 1 705
8103 17506 5275305 1 707
8102 17504 5275315 1 708
8100 17503 5275325 1 709
8097 17500 5275335 1 710
8095 17498 5275345 1 713
8094 17496 5275355 1 714
8094 17495 5275365 1 714
8096 17493 5275375 1 715
8100 17493 5275385 1 718
8105 17492 5275395 1 719
8108 17492 5275405 1 720
8111 17492 5275415 1 722
8117 17492 5275425 1 723
8123 17492 5275435 1 725
8129 17492 5275445 1 726
8133 17493 5275455 1 729
8136 17493 5275465 1 730
8137 17494 5275475 1 732
8137 17496 5275485 1 734
8137 17496 5275495 1 735
8136 17497 5275505 1 735
8134 17500 5275515 1 735
8131 17502 5275525 1 736
8128 17505 5275535 1 739
8125 17508 5275545 1 740
8123 17510 5275555 1 741
8122 17513 5275565 1 744
8122 17515 5275575 1 745
8123 17516 5275585 1 745
8124 17516 5275595 1 746
8126 17518 5275605 1 749
8129 17519 5275615 1 750
8132 17519 5275625 1 752
8135 17520 5275635 1 753
8138 17520 5275645 1 753
8140 17520 5275655 1 755
8141 17520 5275665 1 756
8142 17521 5275675 1 757
8142 17521 5275685 1 759
8142 17521 5275695 1 760
8141 17521 5275705 1 761
8140 17521 5275715 1 763
8140 17521 5275725 1 764
8139 17521 5275735 1 765
8139 17522 5275745 1 769
8139 17522 5275755 1 770
8138 17523 5275765 1 770
8139 17523 5275775 1 770
8139 17523 5275785 1 771
8139 17522 5275795 1 772
8139 17522 5275805 1 774
8139 17520 5275815 1 775
8139 17518 5275825 1 777
8139 17516 5275835 1 779
8139 17512 5275845 1 780
8139 17511 5275855 1 781
8138 17509 5275865 1 781
8138 17505 5275875 1 782
8137 17501 5275885 1 784
8136 17498 5275895 1 787
8135 17495 5275905 1 788
8134 17492 5275915 1 788
8133 17490 5275925 1 789
8132 17488 5275935 1 790
8131 17487 5275945 1 791
8131 17487 5275955 1 792
8130 17485 5275965 1 793
8129 17484 5275975 1 795
8129 17482 5275985 1 796
8129 17481 5275995 1 798
8129 17479 5276005 1 799
8130 17477 5276015 1 800
8130 17475 5276025 1 801
8131 17473 5276035 1 802
8131 17472 5276045 1 803
8133 17469 5276055 1 804
8135 17467 5276065 1 805
8138 17464 5276075 1 807
8143 17462 5276085 1 808
8148 17461 5276095 1 809
8155 17460 5276105 1 810
8162 17459 5276115 1 812
8166 17460 5276125 1 812
8170 17460 5276135 1 813
8179 17462 5276145 1 815
8187 17464 5276155 1 816
8195 17466 5276165 1 817
8202 17469 5276175 1 817
8209 17472 5276185 1 818
8216 17474 5276195 1 820
8221 17476 5276205 1 821
8224 17477 5276215 1 822
8227 17478 5276225 1 822
8231 17478 5276235 1 823
8235 17478 5276245 1 824
8238 17478 5276255 1 826
8240 17476 5276265 1 828
8240 17475 5276275 1 829
8238 17473 5276285 1 830
8235 17471 5276295 1 831
8233 17470 5276305 1 832
8231 17469 5276315 1 832
8225 17468 5276325 1 832
8218 17466 5276335 1 833
8211 17466 5276345 1 835
8203 17466 5276355 1 836
8196 17466 5276365 1 837
8189 17467 5276375 1 838
8182 17468 5276385 1 839
8179 17469 5276395 1 839
8177 17470 5276405 1 840
8172 17471 5276415 1 843
8168 17472 5276425 1 844
8165 17472 5276435 1 845
8163 17472 5276445 1 846
8162 17472 5276455 1 846
8161 17472 5276465 1 847
8160 17471 5276475 1 848
8160 17470 5276485 1 849
8159 17470 5276495 1 850
8159 17470 5276505 1 851
8159 17470 5276515 1 852
8158 17470 5276525 1 853
8158 17471 5276535 1 854
8158 17473 5276545 1 855
8159 17475 5276555 1 857
8159 17478 5276565 1 858
8159 17479 5276575 1 859
8160 17480 5276585 1 859
8161 17482 5276595 1 859
8162 17484 5276605 1 860
8162 17486 5276615 1 861
8162 17486 5276625 1 862
8162 17487 5276635 1 863
8161 17487 5276645 1 864
8160 17486 5276655 1 865
8159 17485 5276665 1 866
8158 17485 5276675 1 866
8156 17483 5276685 1 867
8155 17482 5276695 1 868
8154 17480 5276705 1 870
8153 17477 5276715 1 871
8154 17475 5276725 1 871
8156 17473 5276735 1 872
8159 17471 5276745 1 873
8161 17470 5276755 1 874
8163 17470 5276765 1 874
8168 17468 5276775 1 875
8174 17467 5276785 1 877
8180 17467 5276795 1 878
8186 17468 5276805 1 878
8191 17469 5276815 1 879
8196 17471 5276825 1 880
8199 17473 5276835 1 881
8200 17474 5276845 1 881
8201 17476 5276855 1 882
8201 17478 5276865 1 883
8200 17480 5276875 1 884
8197 17482 5276885 1 885
8193 17483 5276895 1 886
8189 17484 5276905 1 887
8185 17483 5276915 1 888
8181 17482 5276925 1 890
8180 17481 5276935 1 891
8179 17480 5276945 1 891
8178 17478 5276955 1 892
8178 17474 5276965 1 893
8180 17471 5276975 1 894
8184 17468 5276985 1 895
8188 17465 5276995 1 896
8193 17463 5277005 1 898
8197 17462 5277015 1 899
8200 17462 5277025 1 900
8201 17463 5277035 1 900
8202 17464 5277045 1 901
8202 17467 5277055 1 903
8199 17470 5277065 1 905
8194 17475 5277075 1 907
8187 17480 5277085 1 908
8179 17486 5277095 1 910
8170 17492 5277105 1 911
8166 17494 5277115 1 911
8162 17497 5277125 1 912
8156 17502 5277135 1 912
8151 17506 5277145 1 913
8148 17509 5277155 1 916
8149 17511 5277165 1 917
8152 17513 5277175 1 918
8157 17514 5277185 1 919
8165 17514 5277195 1 921
8169 17514 5277205 1 921
8174 17514 5277215 1 922
8183 17515 5277225 1 924
8193 17515 5277235 1 925
8201 17515 5277245 1 926
8209 17515 5277255 1 927
8214 17516 5277265 1 927
8217 17517 5277275 1 928
8218 17518 5277285 1 929
8217 17519 5277295 1 930
8216 17519 5277305 1 931
8212 17520 5277315 1 933
8206 17521 5277325 1 934
8199 17522 5277335 1 935
8192 17523 5277345 1 936
8185 17522 5277355 1 938
8178 17521 5277365 1 940
8173 17519 5277375 1 941
8171 17518 5277385 1 942
8171 17517 5277395 1 942
8170 17513 5277405 1 943
8171 17508 5277415 1 945
8175 17503 5277425 1 947
8181 17497 5277435 1 949
8188 17491 5277445 1 953
8197 17485 5277455 1 955
8206 17480 5277465 1 957
8211 17477 5277475 1 958
8216 17474 5277485 1 959
8225 17469 5277495 1 962
8233 17466 5277505 1 964
8239 17462 5277515 1 967
8244 17460 5277525 1 968
8248 17459 5277535 1 968
8249 17458 5277545 1 968
8249 17459 5277555 1 968
8248 17459 5277565 1 968
8247 17460 5277575 1 966
8244 17463 5277585 1 966
8240 17466 5277595 1 967
8235 17469 5277605 1 970
8230 17473 5277615 1 977
8225 17478 5277625 1 988
8220 17482 5277635 1 1002
8217 17486 5277645 1 1019
8215 17488 5277655 1 1024
8214 17489 5277665 1 1024
8212 17492 5277675 1 1024
8211 17495 5277685 1 1024
8211 17497 5277695 1 1024
8211 17499 5277705 1 1024
8211 17500 5277715 1 1024
8211 17501 5277725 1 1024
8210 17502 5277735 1 1024
8209 17502 5277745 1 1024
8208 17502 5277755 1 1024
8205 17502 5277765 1 1024
8201 17501 5277775 1 1024
8197 17500 5277785 1 1024
8194 17499 5277795 1 1024
8190 17498 5277805 1 1024
8187 17498 5277815 1 1024
8184 17497 5277825 1 1024
8183 17497 5277835 1 1024
8183 17497 5277845 1 1024
8182 17497 5277855 1 1011
8183 17497 5277865 1 945
8185 17496 5277875 1 868
8189 17496 5277885 1 694
8194 17495 5277895 1 600
8200 17493 5277905 1 504
8208 17492 5277915 1 406
8211 17491 5277925 1 368
8215 17489 5277935 1 353
8222 17487 5277945 1 310
8228 17485 5277955 1 215
8233 17483 5277965 1 43
8236 17481 5277975 0 0
8238 17480 5277985 0 0
8237 17480 5277995 0 0
8234 17480 5278005 0 0
8232 17481 5278015 0 0
8229 17481 5278025 0 0
8223 17482 5278035 0 0
8217 17483 5278045 0 0
8209 17484 5278055 0 0
8202 17484 5278065 0 0
8195 17484 5278075 0 0
8189 17483 5278085 0 0
8185 17481 5278095 0 0
8183 17480 5278105 0 0
8181 17479 5278115 0 0
8179 17476 5278125 0 0
8178 17473 5278135 0 0
8177 17470 5278145 0 0
8177 17468 5278155 0 0
8178 17466 5278165 0 0
8179 17465 5278175 1 107
8179 17464 5278185 1 188
8179 17464 5278195 1 209
8179 17464 5278205 1 224
8179 17465 5278215 1 273
8178 17466 5278225 1 360
8177 17467 5278235 1 449
8176 17468 5278245 1 537
8175 17469 5278255 1 704
8173 17470 5278265 1 779
8172 17472 5278275 1 847
8171 17472 5278285 1 881
8170 17473 5278295 1 906
8169 17474 5278305 1 953
8169 17476 5278315 1 989
8169 17477 5278325 1 1016
8170 17479 5278335 1 1018
8171 17481 5278345 1 1008
8174 17482 5278355 1 1001
8177 17483 5278365 1 997
8179 17484 5278375 1 995
8182 17484 5278385 1 993
8188 17485 5278395 1 991
8195 17486 5278405 1 991
8202 17486 5278415 1 992
8208 17487 5278425 1 994
8213 17487 5278435 1 999
8215 17487 5278445 1 1003
8213 17487 5278455 1 1008
8212 17488 5278465 1 1010
8208 17488 5278475 1 1014
8200 17489 5278485 1 1021
8189 17489 5278495 1 1024
8177 17489 5278505 1 1024
8165 17488 5278515 1 1024
8156 17486 5278525 1 1024
8149 17482 5278535 1 1024
8146 17476 5278545 1 1024
8145 17473 5278555 1 1024
8147 17470 5278565 1 1024
8151 17463 5278575 1 1024
8158 17458 5278585 1 1024
8167 17455 5278595 1 1024
8179 17453 5278605 1 1024
8191 17453 5278615 1 1024
8204 17455 5278625 1 1024
8216 17457 5278635 1 1024
8222 17459 5278645 1 1024
8226 17460 5278655 1 1024
8235 17464 5278665 1 1024
8242 17468 5278675 1 1024
8246 17471 5278685 1 1024
8248 17474 5278695 1 1024
8248 17476 5278705 1 1024
8246 17478 5278715 1 1024
8242 17479 5278725 1 1024
8237 17480 5278735 1 1024
8233 17482 5278745 1 1024
8229 17483 5278755 1 1024
8227 17485 5278765 1 1024
8226 17488 5278775 1 1024
8226 17490 5278785 1 1024
8227 17493 5278795 1 1024
8228 17495 5278805 1 1024
8231 17497 5278815 1 1024
8236 17496 5278825 1 1024
8244 17497 5278835 1 1024
8251 17499 5278845 1 1024
8258 17500 5278855 1 1024
8264 17500 5278865 1 1024
8268 17500 5278875 1 1024
8271 17501 5278885 1 1024
8272 17501 5278895 1 1024
8270 17501 5278905 1 1024
8265 17501 5278915 1 1024
8259 17501 5278925 1 1024
8251 17501 5278935 1 1024
8242 17501 5278945 1 1024
8234 17500 5278955 1 1024
8227 17499 5278965 1 1024
8222 17497 5278975 1 1024
8219 17495 5278985 1 1024
8219 17493 5278995 1 1024
8222 17490 5279005 1 1024
8227 17488 5279015 1 1024
8235 17486 5279025 1 1024
8243 17485 5279035 1 1024
8251 17484 5279045 1 1024
8260 17484 5279055 1 1024
8267 17485 5279065 1 1024
8272 17487 5279075 1 1024
8276 17489 5279085 1 1024
8277 17493 5279095 1 1024
8276 17496 5279105 1 1024
8273 17500 5279115 1 1024
8269 17503 5279125 1 1024
8264 17506 5279135 1 1024
8259 17509 5279145 1 1024
8254 17510 5279155 1 1024
8249 17510 5279165 1 1024
8246 17510 5279175 1 1024
8244 17508 5279185 1 1024
8244 17505 5279195 1 1024
8245 17502 5279205 1 1024
8247 17498 5279215 1 1024
8251 17494 5279225 1 1024
8255 17490 5279235 1 1024
8259 17486 5279245 1 1024
8264 17483 5279255 1 1024
