8062 17810 3130153 1 731
8062 17810 3130163 1 726
8062 17810 3130173 1 724
8062 17810 3130183 1 724
8062 17810 3130193 1 725
8062 17810 3130203 1 726
8062 17811 3130213 1 727
8062 17811 3130223 1 727
8063 17812 3130233 1 728
8064 17814 3130243 1 728
8065 17816 3130253 1 729
8065 17818 3130263 1 729
8066 17819 3130273 1 730
8066 17821 3130283 1 731
8066 17822 3130293 1 732
8066 17823 3130303 1 732
8065 17824 3130313 1 732
8065 17826 3130323 1 733
8064 17827 3130333 1 734
8063 17827 3130343 1 735
8063 17828 3130353 1 735
8063 17828 3130363 1 735
8062 17828 3130373 1 736
8061 17828 3130383 1 737
8060 17828 3130393 1 737
8060 17828 3130403 1 738
8059 17828 3130413 1 738
8058 17828 3130423 1 739
8057 17827 3130433 1 740
8057 17827 3130443 1 741
8057 17827 3130453 1 741
8057 17826 3130463 1 741
8056 17825 3130473 1 742
8056 17824 3130483 1 743
8056 17824 3130493 1 744
8056 17823 3130503 1 745
8056 17822 3130513 1 745
8057 17821 3130523 1 746
8057 17820 3130533 1 746
8058 17820 3130543 1 747
8059 17819 3130553 1 747
8059 17819 3130563 1 748
8060 17818 3130573 1 748
8061 17818 3130583 1 749
8062 17818 3130593 1 750
8062 17817 3130603 1 750
8063 17817 3130613 1 751
8062 17817 3130623 1 751
8062 17817 3130633 1 752
8061 17817 3130643 1 753
8060 17817 3130653 1 754
8058 17817 3130663 1 754
8056 17817 3130673 1 755
8054 17817 3130683 1 755
8052 17818 3130693 1 756
8050 17819 3130703 1 757
8049 17819 3130713 1 758
8047 17820 3130723 1 758
8045 17821 3130733 1 759
8043 17822 3130743 1 760
8042 17823 3130753 1 761
8041 17824 3130763 1 761
8039 17825 3130773 1 761
8038 17826 3130783 1 761
8036 17827 3130793 1 762
8035 17828 3130803 1 763
8034 17829 3130813 1 764
8034 17830 3130823 1 764
8034 17830 3130833 1 765
8034 17830 3130843 1 766
8034 17830 3130853 1 766
8034 17830 3130863 1 767
8034 17830 3130873 1 768
8035 17829 3130883 1 768
8036 17828 3130893 1 769
8036 17827 3130903 1 770
8037 17825 3130913 1 771
8038 17823 3130923 1 772
8039 17821 3130933 1 772
8040 17819 3130943 1 772
8040 17818 3130953 1 773
8041 17816 3130963 1 773
8042 17814 3130973 1 774
8043 17811 3130983 1 775
8045 17808 3130993 1 775
8047 17805 3131003 1 776
8048 17803 3131013 1 777
8050 17800 3131023 1 777
8052 17797 3131033 1 778
8054 17795 3131043 1 779
8056 17793 3131053 1 779
8058 17791 3131063 1 780
8060 17789 3131073 1 781
8061 17787 3131083 1 782
8062 17786 3131093 1 783
8063 17785 3131103 1 783
8065 17785 3131113 1 783
8066 17785 3131123 1 784
8068 17785 3131133 1 785
8070 17785 3131143 1 786
8071 17785 3131153 1 786
8072 17786 3131163 1 787
8074 17787 3131173 1 787
8076 17788 3131183 1 788
8078 17789 3131193 1 789
8080 17791 3131203 1 789
8083 17793 3131213 1 790
8085 17795 3131223 1 791
8087 17797 3131233 1 791
8089 17800 3131243 1 792
8090 17803 3131253 1 793
8092 17806 3131263 1 794
8094 17810 3131273 1 795
8096 17814 3131283 1 795
8098 17818 3131293 1 795
8100 17822 3131303 1 796
8101 17825 3131313 1 797
8103 17829 3131323 1 798
8105 17833 3131333 1 799
8107 17836 3131343 1 800
8107 17838 3131353 1 800
8108 17839 3131363 1 800
8110 17842 3131373 1 801
8112 17845 3131383 1 801
8114 17848 3131393 1 802
8116 17850 3131403 1 803
8118 17853 3131413 1 804
8121 17855 3131423 1 804
8123 17857 3131433 1 805
8125 17858 3131443 1 806
8128 17859 3131453 1 807
8130 17859 3131463 1 808
8132 17859 3131473 1 808
8134 17859 3131483 1 808
8136 17858 3131493 1 809
8138 17857 3131503 1 810
8139 17856 3131513 1 811
8141 17854 3131523 1 812
8142 17852 3131533 1 813
8143 17850 3131543 1 813
8143 17848 3131553 1 814
8144 17847 3131563 1 814
8145 17845 3131573 1 815
8145 17843 3131583 1 815
8146 17840 3131593 1 816
8147 17838 3131603 1 817
8147 17836 3131613 1 818
8147 17834 3131623 1 818
8147 17832 3131633 1 819
8146 17830 3131643 1 820
8146 17828 3131653 1 821
8145 17826 3131663 1 822
8143 17824 3131673 1 823
8142 17822 3131683 1 823
8140 17821 3131693 1 823
8138 17820 3131703 1 824
8136 17819 3131713 1 825
8134 17818 3131723 1 826
8132 17817 3131733 1 827
8131 17816 3131743 1 828
8130 17816 3131753 1 828
8129 17816 3131763 1 828
8128 17816 3131773 1 829
8127 17816 3131783 1 830
8126 17816 3131793 1 830
8125 17816 3131803 1 831
8124 17816 3131813 1 832
8123 17817 3131823 1 833
8122 17817 3131833 1 833
8121 17818 3131843 1 834
8120 17818 3131853 1 835
8120 17818 3131863 1 836
8119 17819 3131873 1 837
8118 17819 3131883 1 838
8117 17819 3131893 1 839
8116 17819 3131903 1 838
8116 17818 3131913 1 839
8115 17818 3131923 1 840
8114 17818 3131933 1 841
8114 17818 3131943 1 842
8114 17818 3131953 1 842
8113 17818 3131963 1 843
8113 17818 3131973 1 844
8113 17817 3131983 1 844
8112 17817 3131993 1 845
8112 17817 3132003 1 846
8112 17817 3132013 1 847
8112 17817 3132023 1 847
8113 17817 3132033 1 848
8114 17817 3132043 1 849
8115 17817 3132053 1 850
8116 17816 3132063 1 850
8117 17816 3132073 1 851
8118 17816 3132083 1 852
8119 17815 3132093 1 853
8120 17814 3132103 1 854
8121 17814 3132113 1 855
8123 17813 3132123 1 856
8124 17812 3132133 1 856
8126 17811 3132143 1 857
8127 17810 3132153 1 857
8128 17809 3132163 1 857
8129 17808 3132173 1 858
8131 17807 3132183 1 859
8134 17806 3132193 1 860
8136 17804 3132203 1 861
8138 17803 3132213 1 862
8141 17803 3132223 1 863
8143 17802 3132233 1 863
8145 17801 3132243 1 864
8148 17801 3132253 1 865
8150 17801 3132263 1 866
8152 17800 3132273 1 867
8154 17800 3132283 1 867
8156 17800 3132293 1 867
8158 17799 3132303 1 869
8160 17799 3132313 1 869
8162 17798 3132323 1 870
8163 17798 3132333 1 871
8164 17797 3132343 1 872
8165 17797 3132353 1 873
8165 17797 3132363 1 873
8166 17796 3132373 1 874
8166 17795 3132383 1 875
8167 17795 3132393 1 876
8167 17794 3132403 1 876
8167 17794 3132413 1 877
8166 17793 3132423 1 877
8166 17793 3132433 1 878
8166 17792 3132443 1 879
8166 17792 3132453 1 880
8165 17792 3132463 1 881
8165 17792 3132473 1 882
8165 17792 3132483 1 883
8164 17792 3132493 1 884
8164 17792 3132503 1 884
8163 17792 3132513 1 885
8163 17792 3132523 1 886
8163 17793 3132533 1 887
8163 17793 3132543 1 888
8163 17794 3132553 1 889
8163 17794 3132563 1 889
8163 17795 3132573 1 889
8164 17795 3132583 1 890
8164 17796 3132593 1 891
8164 17796 3132603 1 891
8165 17797 3132613 1 892
8165 17797 3132623 1 893
8165 17798 3132633 1 894
8165 17798 3132643 1 895
8165 17799 3132653 1 896
8164 17799 3132663 1 897
8163 17800 3132673 1 898
8162 17801 3132683 1 899
8161 17801 3132693 1 900
8159 17802 3132703 1 900
8158 17803 3132713 1 901
8157 17804 3132723 1 902
8156 17804 3132733 1 903
8155 17805 3132743 1 903
8154 17805 3132753 1 903
8154 17805 3132763 1 904
8152 17806 3132773 1 905
8151 17806 3132783 1 906
8150 17806 3132793 1 907
8149 17806 3132803 1 908
8147 17806 3132813 1 909
8146 17806 3132823 1 909
8144 17806 3132833 1 910
8143 17806 3132843 1 911
8142 17806 3132853 1 912
8140 17806 3132863 1 913
8138 17805 3132873 1 914
8136 17805 3132883 1 915
8133 17804 3132893 1 916
8131 17804 3132903 1 917
8129 17803 3132913 1 917
8127 17803 3132923 1 918
8124 17802 3132933 1 918
8122 17802 3132943 1 919
8121 17801 3132953 1 920
8120 17801 3132963 1 920
8118 17801 3132973 1 921
8116 17800 3132983 1 922
8115 17800 3132993 1 923
8113 17799 3133003 1 924
8112 17799 3133013 1 925
8110 17799 3133023 1 926
8109 17798 3133033 1 927
8107 17798 3133043 1 928
8106 17798 3133053 1 929
8104 17798 3133063 1 929
8103 17798 3133073 1 930
8102 17798 3133083 1 931
8101 17798 3133093 1 932
8100 17798 3133103 1 933
8099 17798 3133113 1 933
8099 17797 3133123 1 934
8099 17797 3133133 1 935
8099 17797 3133143 1 936
8100 17797 3133153 1 936
8100 17797 3133163 1 937
8101 17796 3133173 1 938
8102 17796 3133183 1 939
8103 17796 3133193 1 940
8104 17796 3133203 1 941
8106 17796 3133213 1 941
8107 17795 3133223 1 942
8108 17795 3133233 1 943
8109 17795 3133243 1 944
8110 17795 3133253 1 945
8111 17795 3133263 1 946
8112 17794 3133273 1 947
8113 17794 3133283 1 948
8114 17794 3133293 1 949
8115 17794 3133303 1 950
8116 17793 3133313 1 951
8117 17793 3133323 1 952
8117 17793 3133333 1 953
8119 17793 3133343 1 954
8119 17793 3133353 1 954
8120 17793 3133363 1 954
8122 17793 3133373 1 955
8124 17793 3133383 1 955
8126 17793 3133393 1 956
8128 17793 3133403 1 957
8130 17793 3133413 1 958
8132 17793 3133423 1 959
8134 17794 3133433 1 960
8136 17794 3133443 1 961
8138 17795 3133453 1 962
8140 17796 3133463 1 963
8142 17797 3133473 1 964
8144 17798 3133483 1 965
8146 17799 3133493 1 966
8147 17800 3133503 1 967
8149 17801 3133513 1 968
8150 17802 3133523 1 969
8151 17803 3133533 1 970
8152 17804 3133543 1 971
8152 17805 3133553 1 971
8153 17805 3133563 1 971
8153 17807 3133573 1 972
8154 17808 3133583 1 973
8155 17809 3133593 1 974
8155 17811 3133603 1 975
8156 17812 3133613 1 976
8156 17814 3133623 1 977
8157 17815 3133633 1 978
8158 17817 3133643 1 979
8159 17819 3133653 1 980
8159 17820 3133663 1 981
8160 17822 3133673 1 981
8160 17823 3133683 1 982
8160 17824 3133693 1 983
8160 17826 3133703 1 984
8160 17827 3133713 1 985
8160 17828 3133723 1 986
8160 17829 3133733 1 987
8159 17830 3133743 1 988
8159 17830 3133753 1 988
8158 17831 3133763 1 989
8158 17831 3133773 1 990
8157 17832 3133783 1 991
8157 17832 3133793 1 992
8156 17832 3133803 1 993
8156 17832 3133813 1 993
8155 17832 3133823 1 994
8154 17832 3133833 1 995
8153 17832 3133843 1 996
8152 17832 3133853 1 997
8151 17832 3133863 1 998
8150 17831 3133873 1 999
8149 17831 3133883 1 1000
8148 17831 3133893 1 1001
8147 17831 3133903 1 1002
8146 17831 3133913 1 1003
8145 17830 3133923 1 1004
8144 17830 3133933 1 1005
8144 17830 3133943 1 1006
8144 17830 3133953 1 1007
8144 17829 3133963 1 1007
8144 17829 3133973 1 1008
8144 17829 3133983 1 1009
8144 17828 3133993 1 1010
8144 17828 3134003 1 1011
8144 17827 3134013 1 1012
8144 17827 3134023 1 1013
8145 17826 3134033 1 1014
8145 17826 3134043 1 1015
8146 17826 3134053 1 1016
8146 17826 3134063 1 1017
8147 17826 3134073 1 1018
8147 17826 3134083 1 1019
8147 17826 3134093 1 1019
8148 17826 3134103 1 1019
8148 17827 3134113 1 1019
8149 17827 3134123 1 1019
8149 17828 3134133 1 1019
8150 17828 3134143 1 1019
8150 17828 3134153 1 1019
8151 17829 3134163 1 1019
8152 17829 3134173 1 1019
8152 17830 3134183 1 1019
8153 17831 3134193 1 1019
8154 17831 3134203 1 1019
8154 17832 3134213 1 1019
8154 17833 3134223 1 1019
8154 17833 3134233 1 1019
8154 17834 3134243 1 1019
8153 17835 3134253 1 1019
8153 17835 3134263 1 1019
8153 17836 3134273 1 1019
8153 17836 3134283 1 1019
8153 17837 3134293 1 1019
8153 17837 3134303 1 1019
8154 17837 3134313 1 1019
8154 17838 3134323 1 1019
8154 17838 3134333 1 1019
8155 17839 3134343 1 1019
8155 17839 3134353 1 1019
8155 17839 3134363 1 1019
8156 17839 3134373 1 1019
8157 17839 3134383 1 1019
8158 17839 3134393 1 1019
8158 17838 3134403 1 1019
8159 17838 3134413 1 1019
8160 17837 3134423 1 1019
8161 17837 3134433 1 1019
8162 17836 3134443 1 1019
8162 17836 3134453 1 1019
8163 17835 3134463 1 1019
8163 17834 3134473 1 1020
8164 17833 3134483 1 1020
8164 17832 3134493 1 1020
8164 17831 3134503 1 1020
8164 17830 3134513 1 1020
8164 17829 3134523 1 1020
8164 17828 3134533 1 1020
8164 17827 3134543 1 1020
8164 17827 3134553 1 1020
8164 17826 3134563 1 1020
8164 17825 3134573 1 1020
8165 17824 3134583 1 1020
8165 17822 3134593 1 1020
8164 17821 3134603 1 1020
8164 17820 3134613 1 1020
8163 17819 3134623 1 1020
8163 17818 3134633 1 1020
8162 17817 3134643 1 1020
8161 17816 3134653 1 1020
8160 17816 3134663 1 1020
8159 17815 3134673 1 1020
8159 17814 3134683 1 1020
8158 17814 3134693 1 1020
8158 17813 3134703 1 1020
8158 17813 3134713 1 1020
8159 17813 3134723 1 1020
8159 17813 3134733 1 1020
8160 17812 3134743 1 1021
8160 17812 3134753 1 1021
8160 17812 3134763 1 1021
8161 17813 3134773 1 1021
8162 17813 3134783 1 1021
8163 17813 3134793 1 1021
8164 17813 3134803 1 1021
8165 17814 3134813 1 1021
8165 17814 3134823 1 1021
8165 17815 3134833 1 1021
8165 17815 3134843 1 1021
8165 17815 3134853 1 1021
8165 17816 3134863 1 1021
8166 17816 3134873 1 1021
8166 17817 3134883 1 1021
8167 17817 3134893 1 1021
8168 17818 3134903 1 1021
8169 17818 3134913 1 1021
8169 17819 3134923 1 1021
8170 17819 3134933 1 1021
8170 17820 3134943 1 1021
8170 17820 3134953 1 1021
8170 17820 3134963 1 1021
8170 17820 3134973 1 1021
8169 17820 3134983 1 1022
8169 17821 3134993 1 1022
8168 17821 3135003 1 1022
8168 17821 3135013 1 1022
8168 17821 3135023 1 1022
8168 17821 3135033 1 1022
8168 17821 3135043 1 1022
8169 17821 3135053 1 1022
8170 17821 3135063 1 1022
8170 17821 3135073 1 1022
8170 17821 3135083 1 1022
8170 17820 3135093 1 1022
8171 17820 3135103 1 1022
8171 17819 3135113 1 1022
8171 17819 3135123 1 1022
8171 17819 3135133 1 1022
8171 17818 3135143 1 1022
8171 17818 3135153 1 1022
8171 17818 3135163 1 1022
8171 17818 3135173 1 1022
8170 17818 3135183 1 1022
8170 17817 3135193 1 1022
8170 17817 3135203 1 1022
8170 17817 3135213 1 1022
8170 17817 3135223 1 1022
8170 17816 3135233 1 1022
8170 17816 3135243 1 1022
8170 17816 3135253 1 1022
8170 17816 3135263 1 1022
8170 17815 3135273 1 1022
8170 17815 3135283 1 1022
8171 17815 3135293 1 1022
8171 17815 3135303 1 1022
8171 17814 3135313 1 1022
8171 17814 3135323 1 1022
8171 17814 3135333 1 1022
8171 17814 3135343 1 1022
8171 17814 3135353 1 1022
8171 17814 3135363 1 1022
8171 17814 3135373 1 1022
8171 17814 3135383 1 1022
8170 17814 3135393 1 1022
8170 17815 3135403 1 1022
8170 17815 3135413 1 1022
8169 17816 3135423 1 1022
8169 17817 3135433 1 1022
8169 17818 3135443 1 1022
8168 17819 3135453 1 1022
8168 17819 3135463 1 1022
8167 17820 3135473 1 1022
8167 17821 3135483 1 1022
8167 17822 3135493 1 1022
8167 17823 3135503 1 1022
8168 17823 3135513 1 1022
8168 17824 3135523 1 1022
8169 17825 3135533 1 1022
8170 17825 3135543 1 1022
8170 17825 3135553 1 1023
8171 17826 3135563 1 1023
8171 17826 3135573 1 1022
8172 17826 3135583 1 1022
8172 17827 3135593 1 1022
8173 17827 3135603 1 1022
8173 17827 3135613 1 1022
8174 17827 3135623 1 1022
8175 17827 3135633 1 1022
8175 17827 3135643 1 1022
8176 17826 3135653 1 1022
8176 17826 3135663 1 1022
8176 17825 3135673 1 1022
8176 17825 3135683 1 1022
8176 17824 3135693 1 1022
8176 17824 3135703 1 1022
8176 17823 3135713 1 1022
8176 17822 3135723 1 1022
8176 17821 3135733 1 1022
8176 17820 3135743 1 1022
8176 17820 3135753 1 1022
8176 17820 3135763 1 1022
8175 17819 3135773 1 1022
8175 17818 3135783 1 1022
8175 17817 3135793 1 1022
8175 17816 3135803 1 1022
8175 17816 3135813 1 1022
8175 17815 3135823 1 1022
8175 17815 3135833 1 1022
8174 17814 3135843 1 1022
8173 17814 3135853 1 1022
8172 17813 3135863 1 1022
8171 17813 3135873 1 1022
8169 17813 3135883 1 1022
8168 17813 3135893 1 1022
8167 17813 3135903 1 1022
8165 17813 3135913 1 1022
8164 17813 3135923 1 1022
8163 17813 3135933 1 1022
8163 17813 3135943 1 1022
8163 17813 3135953 1 1021
8162 17813 3135963 1 1021
8162 17813 3135973 1 1021
8162 17814 3135983 1 1021
8161 17814 3135993 1 1021
8161 17814 3136003 1 1021
8162 17815 3136013 1 1021
8162 17815 3136023 1 1021
8163 17815 3136033 1 1021
8163 17815 3136043 1 1021
8164 17816 3136053 1 1021
8165 17816 3136063 1 1021
8165 17816 3136073 1 1021
8166 17817 3136083 1 1021
8167 17817 3136093 1 1021
8167 17817 3136103 1 1021
8168 17817 3136113 1 1021
8168 17817 3136123 1 1021
8169 17817 3136133 1 1021
8169 17817 3136143 1 1021
8169 17816 3136153 1 1021
8169 17816 3136163 1 1021
8169 17816 3136173 1 1021
8168 17815 3136183 1 1021
8168 17814 3136193 1 1021
8167 17814 3136203 1 1021
8166 17813 3136213 1 1021
8165 17812 3136223 1 1021
8163 17811 3136233 1 1021
8162 17810 3136243 1 1021
8161 17809 3136253 1 1021
8160 17809 3136263 1 1021
8160 17808 3136273 1 1021
8159 17807 3136283 1 1021
8159 17807 3136293 1 1021
8159 17806 3136303 1 1021
8159 17806 3136313 1 1021
8160 17805 3136323 1 1021
8160 17805 3136333 1 1021
8161 17805 3136343 1 1021
8162 17805 3136353 1 1021
8163 17805 3136363 1 1021
8164 17805 3136373 1 1021
8165 17806 3136383 1 1020
8167 17806 3136393 1 1020
8168 17806 3136403 1 1020
8169 17807 3136413 1 1020
8170 17807 3136423 1 1020
8171 17808 3136433 1 1020
8171 17808 3136443 1 1020
8172 17808 3136453 1 1020
8172 17808 3136463 1 1019
8172 17809 3136473 1 1019
8173 17809 3136483 1 1019
8173 17809 3136493 1 1019
8173 17809 3136503 1 1019
8174 17809 3136513 1 1019
8174 17809 3136523 1 1019
8174 17809 3136533 1 1019
8174 17809 3136543 1 1019
8173 17809 3136553 1 1019
8173 17808 3136563 1 1019
8173 17808 3136573 1 1019
8173 17808 3136583 1 1019
8173 17808 3136593 1 1019
8173 17808 3136603 1 1019
8173 17808 3136613 1 1019
8174 17808 3136623 1 1019
8174 17808 3136633 1 1019
8175 17808 3136643 1 1019
8175 17808 3136653 1 1019
8176 17808 3136663 1 1019
8177 17808 3136673 1 1019
8178 17808 3136683 1 1019
8179 17808 3136693 1 1019
8180 17808 3136703 1 1019
8181 17808 3136713 1 1019
8182 17809 3136723 1 1019
8183 17809 3136733 1 1019
8184 17809 3136743 1 1019
8185 17809 3136753 1 1019
8185 17809 3136763 1 1019
8187 17808 3136773 1 1019
8188 17808 3136783 1 1019
8188 17808 3136793 1 1019
8189 17807 3136803 1 1019
8189 17807 3136813 1 1019
8190 17807 3136823 1 1019
8190 17806 3136833 1 1019
8190 17806 3136843 1 1019
8190 17806 3136853 1 1019
8190 17805 3136863 1 1019
8190 17805 3136873 1 1019
8191 17805 3136883 1 1019
8191 17805 3136893 1 1019
8191 17805 3136903 1 1019
8191 17804 3136913 1 1019
8191 17804 3136923 1 1019
8192 17804 3136933 1 1019
8192 17804 3136943 1 1019
8192 17804 3136953 1 1018
8192 17803 3136963 1 1018
8192 17803 3136973 1 1018
8193 17803 3136983 1 1018
8193 17802 3136993 1 1018
8194 17802 3137003 1 1018
8194 17802 3137013 1 1018
8194 17801 3137023 1 1018
8195 17800 3137033 1 1018
8196 17800 3137043 1 1018
8197 17799 3137053 1 1018
8197 17798 3137063 1 1018
8198 17798 3137073 1 1018
8199 17797 3137083 1 1018
8200 17796 3137093 1 1018
8201 17795 3137103 1 1018
8203 17795 3137113 1 1018
8204 17794 3137123 1 1018
8205 17793 3137133 1 1018
8206 17792 3137143 1 1018
8207 17792 3137153 1 1018
8208 17792 3137163 1 1018
8209 17791 3137173 1 1018
8210 17791 3137183 1 1018
8210 17790 3137193 1 1017
8211 17790 3137203 1 1017
8211 17789 3137213 1 1017
8211 17789 3137223 1 1017
8211 17789 3137233 1 1017
8211 17789 3137243 1 1017
8210 17789 3137253 1 1017
8209 17789 3137263 1 1017
8208 17789 3137273 1 1017
8207 17790 3137283 1 1017
8206 17791 3137293 1 1017
8205 17791 3137303 1 1017
8204 17792 3137313 1 1017
8203 17793 3137323 1 1017
8202 17794 3137333 1 1017
8201 17795 3137343 1 1017
8201 17796 3137353 1 1017
8201 17797 3137363 1 1017
8200 17798 3137373 1 1017
8200 17799 3137383 1 1017
8200 17800 3137393 1 1017
8199 17802 3137403 1 1017
8199 17803 3137413 1 1017
8199 17805 3137423 1 1017
8199 17806 3137433 1 1017
8199 17807 3137443 1 1017
8198 17808 3137453 1 1017
8198 17809 3137463 1 1017
8198 17810 3137473 1 1017
8198 17811 3137483 1 1016
8198 17811 3137493 1 1016
8198 17812 3137503 1 1016
8198 17812 3137513 1 1016
8198 17813 3137523 1 1016
8198 17813 3137533 1 1016
8198 17814 3137543 1 1016
8198 17814 3137553 1 1016
8198 17814 3137563 1 1016
8198 17815 3137573 1 1016
8197 17815 3137583 1 1016
8197 17816 3137593 1 1016
8196 17816 3137603 1 1016
8195 17816 3137613 1 1016
8194 17816 3137623 1 1016
8193 17816 3137633 1 1016
8192 17816 3137643 1 1016
8192 17815 3137653 1 1016
8192 17815 3137663 1 1016
8192 17815 3137673 1 1016
8193 17814 3137683 1 1016
8194 17814 3137693 1 1016
8194 17814 3137703 1 1016
8195 17814 3137713 1 1016
8196 17813 3137723 1 1016
8197 17813 3137733 1 1016
8197 17813 3137743 1 1016
8198 17813 3137753 1 1016
8198 17814 3137763 1 1016
8198 17814 3137773 1 1016
8198 17815 3137783 1 1016
8199 17815 3137793 1 1016
8199 17816 3137803 1 1016
8200 17817 3137813 1 1016
8200 17819 3137823 1 1016
8201 17820 3137833 1 1016
8203 17821 3137843 1 1016
8204 17823 3137853 1 1016
8205 17824 3137863 1 1016
8207 17825 3137873 1 1016
8208 17826 3137883 1 1016
8210 17828 3137893 1 1016
8212 17829 3137903 1 1016
8214 17830 3137913 1 1016
8216 17830 3137923 1 1016
8218 17831 3137933 1 1016
8220 17831 3137943 1 1016
8221 17831 3137953 1 1016
8221 17831 3137963 1 1016
8223 17832 3137973 1 1016
8224 17832 3137983 1 1015
8226 17832 3137993 1 1015
8227 17832 3138003 1 1015
8228 17832 3138013 1 1015
8229 17832 3138023 1 1014
8230 17832 3138033 1 1014
8230 17832 3138043 1 1014
8231 17832 3138053 1 1014
8231 17832 3138063 1 1014
8231 17832 3138073 1 1014
8232 17832 3138083 1 1014
8232 17832 3138093 1 1014
8232 17831 3138103 1 1014
8231 17831 3138113 1 1014
8231 17831 3138123 1 1014
8230 17831 3138133 1 1014
8228 17830 3138143 1 1014
8228 17830 3138153 1 1014
8227 17830 3138163 1 1014
8225 17830 3138173 1 1014
8224 17829 3138183 1 1014
8222 17829 3138193 1 1014
8220 17829 3138203 1 1014
8219 17828 3138213 1 1014
8218 17828 3138223 1 1014
8217 17827 3138233 1 1014
8216 17827 3138243 1 1014
8215 17826 3138253 1 1014
8215 17826 3138263 1 1014
8214 17826 3138273 1 1014
8214 17825 3138283 1 1014
8213 17825 3138293 1 1014
8213 17825 3138303 1 1014
8213 17825 3138313 1 1014
8213 17825 3138323 1 1014
8213 17825 3138333 1 1014
8213 17825 3138343 1 1014
8213 17825 3138353 1 1014
8213 17826 3138363 1 1014
8214 17826 3138373 1 1014
8214 17826 3138383 1 1014
8214 17826 3138393 1 1014
8215 17826 3138403 1 1014
8215 17826 3138413 1 1014
8216 17826 3138423 1 1014
8216 17826 3138433 1 1014
8217 17825 3138443 1 1014
8217 17825 3138453 1 1014
8217 17825 3138463 1 1014
8217 17825 3138473 1 1014
8216 17824 3138483 1 1014
8216 17824 3138493 1 1014
8215 17824 3138503 1 1014
8214 17823 3138513 1 1014
8213 17823 3138523 1 1014
8212 17823 3138533 1 1013
8211 17823 3138543 1 1013
8210 17823 3138553 1 1013
8209 17822 3138563 1 1013
8208 17822 3138573 1 1013
8207 17822 3138583 1 1013
8206 17822 3138593 1 1013
8206 17822 3138603 1 1013
8205 17822 3138613 1 1013
8204 17822 3138623 1 1013
8203 17822 3138633 1 1013
8202 17821 3138643 1 1013
8201 17821 3138653 1 1013
8200 17821 3138663 1 1013
8200 17820 3138673 1 1013
8199 17820 3138683 1 1013
8199 17819 3138693 1 1013
8198 17818 3138703 1 1013
8198 17818 3138713 1 1013
8198 17817 3138723 1 1013
8199 17817 3138733 1 1013
8199 17817 3138743 1 1013
8199 17817 3138753 1 1013
8199 17817 3138763 1 1013
8199 17817 3138773 1 1013
8199 17817 3138783 1 1013
8200 17817 3138793 1 1013
8200 17816 3138803 1 1013
8201 17816 3138813 1 1013
8201 17816 3138823 1 1012
8202 17816 3138833 1 1012
8203 17816 3138843 1 1012
8204 17816 3138853 1 1012
8205 17816 3138863 1 1012
8205 17816 3138873 1 1012
8206 17816 3138883 1 1012
8207 17816 3138893 1 1012
8207 17816 3138903 1 1012
8208 17816 3138913 1 1012
8208 17816 3138923 1 1012
8208 17816 3138933 1 1012
8207 17816 3138943 1 1012
8207 17816 3138953 1 1012
8207 17816 3138963 1 1012
8206 17815 3138973 1 1012
8206 17815 3138983 1 1012
8205 17814 3138993 1 1012
8205 17813 3139003 1 1012
8205 17812 3139013 1 1012
8206 17811 3139023 1 1012
8206 17810 3139033 1 1012
8207 17809 3139043 1 1012
8208 17808 3139053 1 1012
8209 17807 3139063 1 1012
8211 17806 3139073 1 1012
8212 17805 3139083 1 1012
8213 17804 3139093 1 1012
8215 17803 3139103 1 1011
8217 17801 3139113 1 1011
8219 17800 3139123 1 1011
8221 17799 3139133 1 1011
8223 17798 3139143 1 1011
8224 17798 3139153 1 1011
8225 17798 3139163 1 1011
8227 17797 3139173 1 1011
8228 17797 3139183 1 1011
8229 17796 3139193 1 1011
8231 17796 3139203 1 1011
8232 17796 3139213 1 1011
8233 17796 3139223 1 1011
8234 17796 3139233 1 1011
8235 17796 3139243 1 1011
8236 17795 3139253 1 1011
8236 17795 3139263 1 1011
8237 17795 3139273 1 1011
8237 17795 3139283 1 1011
8237 17795 3139293 1 1011
8237 17795 3139303 1 1011
8237 17795 3139313 1 1011
8238 17795 3139323 1 1011
8238 17795 3139333 1 1011
8238 17795 3139343 1 1011
8238 17795 3139353 1 1011
8238 17795 3139363 1 1011
8239 17795 3139373 1 1011
8239 17795 3139383 1 1011
8239 17795 3139393 1 1011
8239 17795 3139403 1 1011
8238 17796 3139413 1 1011
8238 17796 3139423 1 1011
8238 17796 3139433 1 1011
8238 17796 3139443 1 1011
8238 17797 3139453 1 1011
8238 17797 3139463 1 1011
8238 17797 3139473 1 1011
8238 17798 3139483 1 1011
8238 17798 3139493 1 1011
8238 17798 3139503 1 1011
8238 17799 3139513 1 1011
8238 17799 3139523 1 1011
8238 17799 3139533 1 1011
8238 17799 3139543 1 1011
8238 17799 3139553 1 1011
8238 17799 3139563 1 1011
8238 17799 3139573 1 1011
8238 17799 3139583 1 1011
8238 17799 3139593 1 1011
8239 17799 3139603 1 1011
8239 17799 3139613 1 1011
8240 17799 3139623 1 1010
8241 17799 3139633 1 1010
8242 17799 3139643 1 1010
8243 17799 3139653 1 1010
8244 17799 3139663 1 1010
8245 17799 3139673 1 1010
8245 17798 3139683 1 1009
8245 17798 3139693 1 1009
8245 17798 3139703 1 1009
8245 17798 3139713 1 1009
8244 17798 3139723 1 1009
8244 17798 3139733 1 1009
8244 17798 3139743 1 1009
8243 17798 3139753 1 1009
8243 17798 3139763 1 1009
8243 17798 3139773 1 1009
8244 17798 3139783 1 1009
8244 17798 3139793 1 1009
8245 17798 3139803 1 1009
8245 17799 3139813 1 1009
8246 17799 3139823 1 1009
8247 17799 3139833 1 1009
8248 17800 3139843 1 1009
8249 17800 3139853 1 1009
8250 17801 3139863 1 1009
8252 17801 3139873 1 1009
8253 17801 3139883 1 1009
8254 17802 3139893 1 1009
8255 17802 3139903 1 1009
8256 17802 3139913 1 1009
8257 17803 3139923 1 1009
8258 17803 3139933 1 1009
8259 17803 3139943 1 1009
8260 17803 3139953 1 1009
8260 17803 3139963 1 1009
8261 17803 3139973 1 1009
8261 17803 3139983 1 1009
8262 17803 3139993 1 1009
8263 17802 3140003 1 1009
8263 17802 3140013 1 1009
8264 17802 3140023 1 1009
8264 17801 3140033 1 1009
8264 17801 3140043 1 1009
8264 17800 3140053 1 1009
8264 17800 3140063 1 1009
8264 17800 3140073 1 1009
8263 17799 3140083 1 1009
8263 17799 3140093 1 1009
8263 17799 3140103 1 1009
8263 17799 3140113 1 1009
8263 17799 3140123 1 1009
8264 17799 3140133 1 1009
8263 17799 3140143 1 1009
8263 17799 3140153 1 1009
8263 17800 3140163 1 1009
8262 17800 3140173 1 1009
8261 17800 3140183 1 1009
8260 17800 3140193 1 1009
8259 17801 3140203 1 1008
8258 17801 3140213 1 1008
8257 17801 3140223 1 1008
8256 17801 3140233 1 1008
8255 17800 3140243 1 1008
8253 17800 3140253 1 1008
8252 17800 3140263 1 1008
8250 17800 3140273 1 1008
8249 17800 3140283 1 1008
8248 17800 3140293 1 1008
8247 17799 3140303 1 1008
8247 17799 3140313 1 1008
8247 17799 3140323 1 1007
8247 17799 3140333 1 1007
8247 17798 3140343 1 1007
8247 17798 3140353 1 1007
8247 17798 3140363 1 1007
8247 17798 3140373 1 1007
8247 17798 3140383 1 1007
8248 17798 3140393 1 1007
8248 17798 3140403 1 1007
8248 17798 3140413 1 1007
8248 17797 3140423 1 1007
8248 17797 3140433 1 1007
8247 17797 3140443 1 1007
8247 17797 3140453 1 1007
8246 17797 3140463 1 1007
8245 17797 3140473 1 1007
8245 17797 3140483 1 1007
8245 17797 3140493 1 1007
8246 17797 3140503 1 1007
8246 17797 3140513 1 1007
8247 17797 3140523 1 1007
8248 17797 3140533 1 1007
8249 17797 3140543 1 1007
8249 17797 3140553 1 1007
8250 17797 3140563 1 1007
8252 17797 3140573 1 1007
8253 17797 3140583 1 1007
8255 17797 3140593 1 1007
8257 17797 3140603 1 1007
8258 17798 3140613 1 1007
8260 17798 3140623 1 1007
8261 17798 3140633 1 1007
8262 17798 3140643 1 1003
8262 17799 3140653 1 999
8263 17799 3140663 1 991
8262 17799 3140673 1 978
8262 17800 3140683 1 961
8262 17800 3140693 1 938
8261 17800 3140703 1 869
8261 17800 3140713 1 823
8261 17800 3140723 1 766
