8425 18770 5977994 1 62
8290 18221 5978004 1 265
8207 17977 5978014 1 427
8180 17936 5978024 1 550
8179 18004 5978034 1 639
8110 18112 5978044 1 698
8090 18172 5978054 1 730
8087 18195 5978064 1 741
8089 18221 5978074 1 740
8099 18270 5978084 1 734
8106 18298 5978094 1 727
8120 18320 5978104 1 714
8150 18350 5978114 1 686
8173 18363 5978124 1 655
8177 18370 5978134 1 640
8182 18382 5978144 1 627
8209 18392 5978154 1 604
8250 18356 5978164 1 591
8266 18304 5978174 1 595
8274 18293 5978184 1 618
8279 18301 5978194 1 639
8281 18306 5978204 1 647
8272 18314 5978214 1 659
8251 18326 5978224 1 679
8235 18326 5978234 1 633
8227 18320 5978244 1 492
8220 18306 5978254 1 297
8231 18288 5978264 0 0
8241 18280 5978274 0 0
8245 18280 5978284 0 0
8247 18284 5978294 0 0
8247 18286 5978304 0 0
8238 18287 5978314 0 0
8216 18291 5978324 0 0
8209 18298 5978334 0 0
8209 18304 5978344 1 2
8205 18320 5978354 1 12
8196 18352 5978364 1 37
8198 18382 5978374 1 96
8197 18405 5978384 1 199
8184 18426 5978394 1 359
8178 18444 5978404 1 588
8177 18453 5978414 1 756
8181 18457 5978424 1 899
8192 18457 5978434 1 1024
8204 18439 5978444 1 1024
8211 18418 5978454 1 1024
8213 18403 5978464 1 1024
8216 18388 5978474 1 1024
8217 18380 5978484 1 1024
8218 18375 5978494 1 1024
8221 18369 5978504 1 1024
8223 18364 5978514 1 1024
8225 18354 5978524 1 1024
8227 18338 5978534 1 1024
8233 18337 5978544 1 1024
8241 18345 5978554 1 1024
8256 18362 5978564 1 1024
8278 18386 5978574 1 1024
8290 18387 5978584 1 1024
8292 18377 5978594 1 1024
8275 18370 5978604 1 1024
8250 18365 5978614 1 1024
8233 18366 5978624 1 1024
8223 18373 5978634 1 1024
8208 18378 5978644 1 1024
8169 18357 5978654 1 1024
8126 18369 5978664 1 1024
8159 18368 5978674 1 1024
8153 18417 5978684 1 1024
