8150 17240 2401921 1 465
8119 17204 2401931 1 569
8118 17262 2401941 1 644
8039 17357 2401951 1 694
8017 17410 2401961 1 722
8017 17453 2401971 1 731
8029 17496 2401981 1 726
8039 17520 2401991 1 721
8056 17538 2402001 1 709
8091 17562 2402011 1 685
8118 17570 2402021 1 657
8130 17583 2402031 1 632
8162 17587 2402041 1 611
8207 17551 2402051 1 598
8226 17500 2402061 1 601
8236 17487 2402071 1 623
8242 17493 2402081 1 641
8233 17507 2402091 1 660
8209 17522 2402101 1 679
8181 17531 2402111 1 502
8172 17527 2402121 1 316
8183 17520 2402131 1 8
8196 17519 2402141 1 7
8199 17528 2402151 1 5
8200 17533 2402161 1 1
8192 17533 2402171 1 5
8172 17533 2402181 1 3
8165 17533 2402191 1 2
8161 17546 2402201 1 12
8149 17567 2402211 1 41
8146 17584 2402221 1 103
8140 17595 2402231 1 208
8121 17605 2402241 1 367
8108 17614 2402251 1 591
8106 17620 2402261 1 891
8114 17619 2402271 1 1024
8126 17604 2402281 1 1024
8136 17591 2402291 1 1024
8156 17581 2402301 1 1024
8167 17579 2402311 1 1024
8180 17581 2402321 1 1024
8191 17581 2402331 1 1024
8199 17572 2402341 1 1024
8204 17555 2402351 1 1024
8210 17547 2402361 1 1024
8233 17560 2402371 1 1024
8253 17572 2402381 1 1024
8262 17565 2402391 1 1024
8262 17550 2402401 1 1024
8241 17540 2402411 1 1024
8212 17537 2402421 1 1024
8193 17544 2402431 1 1024
8182 17559 2402441 1 1024
8164 17575 2402451 1 1024
8118 17569 2402461 1 1024
8064 17591 2402471 1 1024
8097 17599 2402481 1 1024
