8110 17742 7740835 1 365
7948 17186 7740845 1 462
7849 16939 7740855 1 542
7817 16898 7740865 1 606
7816 16967 7740875 1 654
7735 17076 7740885 1 687
7712 17137 7740895 1 706
7709 17161 7740905 1 713
7712 17187 7740915 1 713
7724 17238 7740925 1 710
7734 17267 7740935 1 707
7752 17289 7740945 1 699
7788 17320 7740955 1 681
7816 17333 7740965 1 661
7823 17340 7740975 1 651
7831 17353 7740985 1 641
7865 17363 7740995 1 624
7915 17328 7741005 1 614
7938 17276 7741015 1 615
7952 17267 7741025 1 632
7962 17277 7741035 1 646
7965 17284 7741045 1 652
7957 17293 7741055 1 662
7935 17310 7741065 1 678
7917 17316 7741075 1 640
7905 17317 7741085 1 522
7894 17310 7741095 1 353
7900 17300 7741105 1 69
7907 17295 7741115 1 5
7908 17298 7741125 1 59
7902 17308 7741135 1 49
7896 17314 7741145 1 36
7881 17315 7741155 1 31
7856 17315 7741165 1 21
7848 17314 7741175 1 11
7848 17316 7741185 1 3
7846 17326 7741195 1 12
7840 17346 7741205 1 49
7845 17361 7741215 1 118
7849 17369 7741225 1 226
7838 17377 7741235 1 383
7833 17383 7741245 1 596
7832 17386 7741255 1 749
7835 17387 7741265 1 874
7842 17383 7741275 1 993
7850 17364 7741285 1 989
7852 17346 7741295 1 985
7848 17336 7741305 1 981
7847 17328 7741315 1 976
7846 17322 7741325 1 974
7846 17321 7741335 1 972
7850 17320 7741345 1 968
7856 17319 7741355 1 963
7862 17310 7741365 1 959
7869 17294 7741375 1 955
7881 17292 7741385 1 950
7893 17299 7741395 1 948
7912 17317 7741405 1 946
7940 17341 7741415 1 942
7954 17343 7741425 1 938
7956 17335 7741435 1 933
7935 17329 7741445 1 929
7903 17327 7741455 1 925
7880 17331 7741465 1 920
7865 17342 7741475 1 916
7845 17349 7741485 1 912
7798 17330 7741495 1 907
7746 17343 7741505 1 903
7786 17341 7741515 1 899
7782 17389 7741525 1 895
