8021 18165 4773998 1 697
8021 18165 4774008 1 716
8021 18165 4774018 1 758
8021 18165 4774028 1 806
8021 18166 4774038 1 844
8021 18166 4774048 1 862
8021 18166 4774058 1 875
8023 18169 4774068 1 897
8026 18179 4774078 1 913
8029 18189 4774088 1 919
8030 18197 4774098 1 924
8028 18200 4774108 1 929
8026 18201 4774118 1 931
8023 18201 4774128 1 930
8018 18201 4774138 1 930
8014 18202 4774148 1 931
8011 18204 4774158 1 931
8009 18207 4774168 1 932
8008 18210 4774178 1 932
8008 18212 4774188 1 933
8007 18214 4774198 1 933
8006 18214 4774208 1 934
8005 18213 4774218 1 951
8005 18211 4774228 1 935
8006 18210 4774238 1 909
8007 18209 4774248 1 837
8009 18207 4774258 1 706
8012 18205 4774268 1 645
8015 18204 4774278 1 607
8017 18203 4774288 1 538
8019 18203 4774298 1 497
8021 18203 4774308 1 482
8021 18203 4774318 1 479
8022 18205 4774328 1 481
8024 18209 4774338 1 501
8026 18214 4774348 1 513
8027 18216 4774358 1 516
8028 18220 4774368 1 531
8031 18227 4774378 1 572
8033 18236 4774388 1 618
8036 18245 4774398 1 642
8038 18254 4774408 1 665
8040 18264 4774418 1 710
8042 18273 4774428 1 749
8043 18281 4774438 1 766
8044 18289 4774448 1 780
8044 18295 4774458 1 806
8043 18300 4774468 1 827
8042 18302 4774478 1 834
8041 18304 4774488 1 837
8038 18308 4774498 1 842
8035 18310 4774508 1 848
8032 18312 4774518 1 852
8029 18313 4774528 1 855
8025 18313 4774538 1 858
8022 18312 4774548 1 860
8019 18310 4774558 1 857
8017 18306 4774568 1 856
8016 18302 4774578 1 853
8017 18297 4774588 1 844
8017 18294 4774598 1 838
8018 18290 4774608 1 833
8021 18283 4774618 1 828
8026 18276 4774628 1 821
8031 18268 4774638 1 807
8038 18261 4774648 1 792
8044 18255 4774658 1 785
8051 18250 4774668 1 777
8057 18245 4774678 1 761
8063 18242 4774688 1 746
8068 18239 4774698 1 738
8071 18236 4774708 1 731
8073 18235 4774718 1 725
8074 18233 4774728 1 718
8076 18231 4774738 1 707
8077 18227 4774748 1 702
8078 18224 4774758 1 698
8078 18220 4774768 1 690
8079 18215 4774778 1 685
8079 18212 4774788 1 682
8080 18208 4774798 1 680
8082 18207 4774808 1 677
8084 18207 4774818 1 676
8087 18209 4774828 1 675
8088 18210 4774838 1 675
8090 18213 4774848 1 675
8094 18219 4774858 1 676
8097 18228 4774868 1 678
8100 18238 4774878 1 679
8102 18248 4774888 1 680
8103 18260 4774898 1 684
8103 18271 4774908 1 688
8101 18281 4774918 1 691
8098 18290 4774928 1 693
8092 18298 4774938 1 697
8086 18304 4774948 1 703
8083 18307 4774958 1 705
8079 18308 4774968 1 706
8071 18310 4774978 1 709
8064 18311 4774988 1 714
8058 18310 4774998 1 717
8053 18309 4775008 1 718
8049 18306 4775018 1 720
8048 18303 4775028 1 724
8049 18300 4775038 1 730
8051 18297 4775048 1 732
8055 18295 4775058 1 734
8060 18293 4775068 1 738
8063 18292 4775078 1 740
8065 18291 4775088 1 742
8071 18289 4775098 1 744
8075 18288 4775108 1 745
8079 18286 4775118 1 748
8082 18284 4775128 1 750
8084 18281 4775138 1 751
8086 18277 4775148 1 752
8086 18272 4775158 1 753
8087 18267 4775168 1 755
8087 18261 4775178 1 755
8087 18254 4775188 1 756
8088 18251 4775198 1 756
8088 18248 4775208 1 756
8090 18242 4775218 1 757
8092 18237 4775228 1 757
8094 18232 4775238 1 757
8096 18229 4775248 1 757
8098 18226 4775258 1 757
8100 18223 4775268 1 757
8102 18222 4775278 1 757
8103 18221 4775288 1 757
8103 18220 4775298 1 756
8103 18220 4775308 1 755
8103 18219 4775318 1 755
8102 18220 4775328 1 755
8101 18220 4775338 1 755
8099 18221 4775348 1 754
8096 18223 4775358 1 753
8093 18225 4775368 1 753
8090 18228 4775378 1 752
8087 18232 4775388 1 752
8084 18236 4775398 1 751
8082 18241 4775408 1 751
8081 18245 4775418 1 750
8080 18249 4775428 1 750
8080 18251 4775438 1 750
8080 18252 4775448 1 750
8080 18254 4775458 1 749
8081 18255 4775468 1 749
8082 18256 4775478 1 749
8083 18255 4775488 1 749
8085 18254 4775498 1 749
8087 18252 4775508 1 749
8089 18250 4775518 1 750
8091 18248 4775528 1 750
8093 18246 4775538 1 750
8096 18245 4775548 1 751
8097 18244 4775558 1 751
8099 18244 4775568 1 752
8101 18244 4775578 1 752
8104 18246 4775588 1 752
8107 18248 4775598 1 753
8109 18250 4775608 1 754
8112 18254 4775618 1 755
8114 18258 4775628 1 756
8116 18263 4775638 1 757
8118 18267 4775648 1 758
8120 18271 4775658 1 759
8122 18274 4775668 1 759
8123 18276 4775678 1 760
8123 18277 4775688 1 760
8124 18278 4775698 1 761
8125 18278 4775708 1 762
8126 18277 4775718 1 763
8126 18275 4775728 1 764
8125 18272 4775738 1 765
8124 18268 4775748 1 766
8123 18265 4775758 1 767
8122 18261 4775768 1 768
8121 18258 4775778 1 769
8120 18255 4775788 1 769
8120 18254 4775798 1 769
8120 18253 4775808 1 770
8119 18251 4775818 1 771
8120 18250 4775828 1 772
8121 18250 4775838 1 772
8123 18249 4775848 1 773
8126 18249 4775858 1 774
8129 18249 4775868 1 774
8132 18249 4775878 1 774
8135 18248 4775888 1 775
8139 18247 4775898 1 776
8142 18245 4775908 1 777
8143 18244 4775918 1 777
8144 18243 4775928 1 777
8146 18239 4775938 1 778
8146 18236 4775948 1 779
8146 18231 4775958 1 780
8145 18227 4775968 1 780
8144 18222 4775978 1 780
8141 18218 4775988 1 781
8138 18214 4775998 1 781
8135 18211 4776008 1 781
8131 18208 4776018 1 782
8127 18207 4776028 1 784
8125 18207 4776038 1 785
8123 18207 4776048 1 785
8119 18209 4776058 1 786
8115 18212 4776068 1 786
8111 18216 4776078 1 788
8107 18222 4776088 1 789
8104 18227 4776098 1 789
8102 18233 4776108 1 790
8100 18238 4776118 1 792
8100 18242 4776128 1 793
8100 18245 4776138 1 793
8100 18246 4776148 1 794
8101 18247 4776158 1 794
8101 18246 4776168 1 794
8102 18243 4776178 1 795
8103 18239 4776188 1 795
8103 18233 4776198 1 795
8104 18227 4776208 1 795
8103 18219 4776218 1 794
8102 18212 4776228 1 794
8101 18205 4776238 1 794
8099 18200 4776248 1 794
8097 18196 4776258 1 793
8094 18193 4776268 1 793
8093 18192 4776278 1 793
8091 18192 4776288 1 793
8088 18192 4776298 1 793
8085 18195 4776308 1 793
8083 18199 4776318 1 793
8081 18205 4776328 1 793
8079 18212 4776338 1 794
8079 18220 4776348 1 795
8079 18229 4776358 1 796
8080 18239 4776368 1 798
8082 18248 4776378 1 799
8084 18258 4776388 1 803
8085 18263 4776398 1 804
8087 18268 4776408 1 804
8090 18276 4776418 1 806
8093 18284 4776428 1 812
8097 18291 4776438 1 817
8101 18297 4776448 1 819
8105 18302 4776458 1 823
8109 18305 4776468 1 830
8112 18307 4776478 1 833
8116 18307 4776488 1 834
8120 18306 4776498 1 837
8123 18304 4776508 1 844
8124 18303 4776518 1 849
8125 18301 4776528 1 852
8127 18297 4776538 1 856
8128 18293 4776548 1 860
8129 18289 4776558 1 868
8129 18285 4776568 1 876
8128 18282 4776578 1 880
8126 18279 4776588 1 884
8124 18276 4776598 1 892
8121 18272 4776608 1 899
8119 18268 4776618 1 903
8117 18263 4776628 1 906
8115 18260 4776638 1 909
8114 18256 4776648 1 914
8111 18250 4776658 1 920
8109 18243 4776668 1 923
8106 18238 4776678 1 925
8103 18234 4776688 1 931
8100 18231 4776698 1 935
8098 18230 4776708 1 937
8095 18230 4776718 1 938
8094 18232 4776728 1 941
8092 18235 4776738 1 943
8091 18237 4776748 1 944
8090 18238 4776758 1 944
8090 18239 4776768 1 944
8087 18239 4776778 1 943
8083 18239 4776788 1 942
8076 18238 4776798 1 941
8068 18239 4776808 1 939
8059 18241 4776818 1 935
8051 18244 4776828 1 930
8044 18249 4776838 1 927
8040 18256 4776848 1 923
8038 18262 4776858 1 915
8041 18269 4776868 1 906
8042 18272 4776878 1 902
8045 18275 4776888 1 900
8052 18279 4776898 1 894
8062 18280 4776908 1 881
8074 18279 4776918 1 866
8088 18277 4776928 1 858
8102 18273 4776938 1 849
8115 18270 4776948 1 831
8127 18265 4776958 1 811
8136 18258 4776968 1 803
8143 18252 4776978 1 801
8147 18249 4776988 1 790
8150 18249 4776998 1 778
8151 18252 4777008 1 767
8154 18260 4777018 1 755
8155 18270 4777028 1 745
8155 18282 4777038 1 723
8153 18293 4777048 1 700
8150 18304 4777058 1 680
8147 18313 4777068 1 662
8144 18321 4777078 1 646
8140 18327 4777088 1 632
8137 18331 4777098 1 621
8135 18334 4777108 1 614
8134 18335 4777118 1 611
8134 18336 4777128 1 611
8133 18336 4777138 1 613
8133 18336 4777148 1 619
8133 18336 4777158 1 631
8133 18336 4777168 1 649
8134 18335 4777178 1 674
8134 18335 4777188 1 705
8134 18334 4777198 1 743
8135 18333 4777208 1 789
8136 18332 4777218 1 843
8137 18331 4777228 1 904
8137 18330 4777238 1 941
8138 18329 4777248 1 953
8141 18327 4777258 1 952
8143 18324 4777268 1 952
8147 18321 4777278 1 950
8150 18317 4777288 1 950
8154 18313 4777298 1 949
8158 18309 4777308 1 949
8162 18305 4777318 1 948
8165 18302 4777328 1 948
8168 18299 4777338 1 947
8171 18297 4777348 1 947
8172 18296 4777358 1 947
8173 18296 4777368 1 946
8174 18296 4777378 1 946
8174 18298 4777388 1 945
8173 18301 4777398 1 945
8171 18305 4777408 1 944
8168 18311 4777418 1 944
8163 18316 4777428 1 943
8158 18321 4777438 1 943
8152 18326 4777448 1 941
8146 18330 4777458 1 941
8139 18333 4777468 1 852
8133 18334 4777478 1 648
8128 18334 4777488 1 443
8124 18333 4777498 1 269
8121 18331 4777508 1 270
8121 18329 4777518 1 272
8122 18326 4777528 1 274
8126 18323 4777538 1 276
8131 18321 4777548 1 278
8138 18320 4777558 1 279
8146 18319 4777568 1 281
8154 18318 4777578 1 389
8163 18319 4777588 1 506
8171 18320 4777598 1 624
8178 18321 4777608 1 739
8184 18322 4777618 1 845
8187 18323 4777628 1 931
8189 18324 4777638 1 931
8189 18323 4777648 1 930
8187 18322 4777658 1 930
8183 18319 4777668 1 929
8177 18315 4777678 1 929
8170 18310 4777688 1 928
8163 18304 4777698 1 928
8155 18297 4777708 1 927
8148 18291 4777718 1 927
8142 18285 4777728 1 926
8137 18280 4777738 1 925
8133 18277 4777748 1 868
8132 18277 4777758 1 697
