8066 18397 3764897 1 647
8066 18397 3764907 1 678
8067 18397 3764917 1 745
8067 18397 3764927 1 822
8067 18397 3764937 1 882
8067 18397 3764947 1 909
8067 18397 3764957 1 929
8068 18400 3764967 1 963
8072 18408 3764977 1 987
8075 18417 3764987 1 996
8076 18423 3764997 1 1002
8075 18427 3765007 1 1010
8073 18428 3765017 1 1012
8071 18428 3765027 1 1010
8068 18428 3765037 1 1010
8066 18429 3765047 1 1010
8065 18430 3765057 1 1010
8065 18432 3765067 1 1010
8066 18433 3765077 1 1010
8066 18433 3765087 1 1010
8066 18433 3765097 1 1010
8066 18431 3765107 1 1010
8065 18427 3765117 1 1024
8064 18424 3765127 1 1010
8064 18422 3765137 1 972
8065 18420 3765147 1 864
8067 18418 3765157 1 671
8069 18417 3765167 1 581
8071 18416 3765177 1 526
8073 18416 3765187 1 426
8074 18417 3765197 1 367
8073 18417 3765207 1 347
8072 18417 3765217 1 344
8069 18418 3765227 1 349
8066 18419 3765237 1 378
8063 18420 3765247 1 397
8061 18421 3765257 1 403
8059 18422 3765267 1 424
8055 18424 3765277 1 484
8052 18426 3765287 1 550
8049 18430 3765297 1 585
8047 18434 3765307 1 618
8045 18439 3765317 1 681
8045 18446 3765327 1 736
8046 18453 3765337 1 761
8047 18460 3765347 1 780
8049 18469 3765357 1 817
8051 18477 3765367 1 846
8052 18481 3765377 1 856
8053 18486 3765387 1 858
8055 18494 3765397 1 865
8057 18501 3765407 1 874
8058 18507 3765417 1 879
8059 18513 3765427 1 883
8061 18516 3765437 1 887
8062 18519 3765447 1 889
8064 18519 3765457 1 885
8065 18518 3765467 1 883
8068 18516 3765477 1 878
8071 18512 3765487 1 866
8072 18510 3765497 1 858
8074 18507 3765507 1 852
8078 18502 3765517 1 844
8082 18496 3765527 1 835
8086 18489 3765537 1 816
8090 18483 3765547 1 796
8095 18477 3765557 1 786
8100 18471 3765567 1 776
8105 18465 3765577 1 755
8110 18461 3765587 1 735
8115 18456 3765597 1 725
8121 18452 3765607 1 716
8123 18451 3765617 1 709
8126 18449 3765627 1 699
8131 18446 3765637 1 686
8136 18444 3765647 1 680
8141 18441 3765657 1 675
8145 18439 3765667 1 665
8148 18438 3765677 1 658
8150 18436 3765687 1 655
8151 18435 3765697 1 653
8152 18435 3765707 1 650
8151 18435 3765717 1 648
8149 18435 3765727 1 647
8148 18435 3765737 1 647
8146 18435 3765747 1 648
8143 18436 3765757 1 650
8139 18438 3765767 1 652
8134 18439 3765777 1 653
8129 18441 3765787 1 656
8124 18443 3765797 1 661
8120 18445 3765807 1 667
8115 18447 3765817 1 670
8111 18450 3765827 1 673
8108 18453 3765837 1 679
8105 18456 3765847 1 685
8104 18458 3765857 1 688
8103 18460 3765867 1 689
8102 18464 3765877 1 693
8102 18468 3765887 1 700
8103 18472 3765897 1 703
8104 18475 3765907 1 704
8106 18479 3765917 1 707
8108 18482 3765927 1 713
8111 18485 3765937 1 720
8114 18487 3765947 1 723
8117 18488 3765957 1 725
8120 18489 3765967 1 730
8122 18489 3765977 1 733
8123 18489 3765987 1 735
8126 18489 3765997 1 737
8128 18489 3766007 1 739
8129 18489 3766017 1 742
8130 18488 3766027 1 745
8131 18487 3766037 1 746
8131 18487 3766047 1 747
8132 18486 3766057 1 749
8132 18486 3766067 1 751
8132 18486 3766077 1 751
8132 18486 3766087 1 752
8132 18485 3766097 1 752
8132 18485 3766107 1 753
8132 18485 3766117 1 754
8132 18484 3766127 1 754
8132 18483 3766137 1 754
8132 18482 3766147 1 754
8132 18480 3766157 1 754
8131 18478 3766167 1 754
8131 18476 3766177 1 754
8130 18474 3766187 1 754
8130 18471 3766197 1 753
8130 18469 3766207 1 752
8130 18468 3766217 1 752
8130 18467 3766227 1 752
8130 18465 3766237 1 752
8131 18464 3766247 1 751
8131 18464 3766257 1 750
8132 18464 3766267 1 750
8133 18465 3766277 1 749
8133 18467 3766287 1 749
8134 18468 3766297 1 748
8134 18470 3766307 1 748
8133 18472 3766317 1 747
8133 18474 3766327 1 747
8133 18474 3766337 1 747
8132 18475 3766347 1 747
8132 18476 3766357 1 747
8132 18477 3766367 1 747
8132 18478 3766377 1 747
8133 18478 3766387 1 747
8134 18478 3766397 1 747
8135 18479 3766407 1 747
8137 18479 3766417 1 748
8139 18479 3766427 1 748
8141 18479 3766437 1 748
8143 18479 3766447 1 749
8144 18478 3766457 1 749
8145 18478 3766467 1 750
8146 18478 3766477 1 750
8147 18477 3766487 1 751
8146 18476 3766497 1 752
8146 18475 3766507 1 753
8144 18474 3766517 1 754
8143 18473 3766527 1 755
8142 18472 3766537 1 756
8141 18471 3766547 1 757
8140 18471 3766557 1 758
8141 18470 3766567 1 759
8141 18470 3766577 1 759
8142 18470 3766587 1 760
8143 18469 3766597 1 761
8146 18469 3766607 1 762
8149 18468 3766617 1 763
8152 18467 3766627 1 764
8155 18466 3766637 1 765
8158 18464 3766647 1 766
8161 18462 3766657 1 767
8164 18460 3766667 1 768
8167 18457 3766677 1 769
8169 18454 3766687 1 769
8171 18452 3766697 1 769
8172 18450 3766707 1 770
8173 18447 3766717 1 771
8175 18444 3766727 1 772
8176 18441 3766737 1 772
8177 18439 3766747 1 773
8178 18437 3766757 1 774
8177 18436 3766767 1 774
8177 18436 3766777 1 774
8176 18437 3766787 1 775
8175 18438 3766797 1 776
8173 18440 3766807 1 777
8172 18441 3766817 1 777
8171 18442 3766827 1 777
8169 18445 3766837 1 778
8167 18447 3766847 1 779
8166 18450 3766857 1 780
8165 18452 3766867 1 780
8165 18454 3766877 1 780
8165 18456 3766887 1 781
8165 18457 3766897 1 781
8166 18459 3766907 1 782
8167 18460 3766917 1 782
8167 18461 3766927 1 784
8168 18461 3766937 1 785
8168 18462 3766947 1 785
8168 18462 3766957 1 786
8168 18463 3766967 1 786
8167 18463 3766977 1 788
8166 18464 3766987 1 789
8165 18464 3766997 1 790
8163 18464 3767007 1 790
8162 18464 3767017 1 792
8160 18463 3767027 1 793
8159 18462 3767037 1 794
8158 18460 3767047 1 794
8158 18459 3767057 1 794
8158 18459 3767067 1 794
8158 18457 3767077 1 795
8157 18455 3767087 1 796
8157 18453 3767097 1 795
8157 18452 3767107 1 795
8156 18451 3767117 1 795
8156 18450 3767127 1 795
8155 18450 3767137 1 795
8154 18450 3767147 1 795
8153 18452 3767157 1 794
8152 18453 3767167 1 794
8152 18454 3767177 1 794
8151 18456 3767187 1 794
8150 18459 3767197 1 794
8148 18463 3767207 1 794
8147 18468 3767217 1 794
8146 18473 3767227 1 794
8144 18478 3767237 1 795
8143 18484 3767247 1 796
8142 18489 3767257 1 798
8140 18494 3767267 1 799
8138 18499 3767277 1 801
8136 18504 3767287 1 805
8136 18506 3767297 1 807
8135 18507 3767307 1 807
8133 18510 3767317 1 809
8131 18512 3767327 1 815
8129 18513 3767337 1 821
8127 18514 3767347 1 824
8125 18513 3767357 1 828
8124 18512 3767367 1 836
8124 18509 3767377 1 840
8124 18506 3767387 1 841
8125 18503 3767397 1 844
8127 18498 3767407 1 853
8128 18496 3767417 1 859
8130 18493 3767427 1 862
8134 18488 3767437 1 866
8138 18482 3767447 1 871
8143 18476 3767457 1 881
8148 18470 3767467 1 891
8153 18465 3767477 1 895
8158 18460 3767487 1 900
8162 18455 3767497 1 910
8166 18451 3767507 1 918
8169 18446 3767517 1 923
8172 18442 3767527 1 927
8173 18440 3767537 1 931
8174 18438 3767547 1 936
8175 18434 3767557 1 944
8175 18431 3767567 1 948
8175 18430 3767577 1 951
8173 18430 3767587 1 958
8172 18431 3767597 1 964
8169 18432 3767607 1 966
8166 18433 3767617 1 968
8163 18435 3767627 1 972
8159 18435 3767637 1 975
8155 18433 3767647 1 976
8153 18432 3767657 1 977
8150 18430 3767667 1 977
8144 18425 3767677 1 977
8134 18418 3767687 1 976
8123 18413 3767697 1 975
8109 18409 3767707 1 973
8096 18408 3767717 1 969
8083 18409 3767727 1 963
8072 18414 3767737 1 960
8064 18423 3767747 1 956
8061 18434 3767757 1 946
8062 18447 3767767 1 935
8063 18455 3767777 1 931
8067 18462 3767787 1 929
8076 18478 3767797 1 921
8089 18491 3767807 1 905
8104 18504 3767817 1 887
8122 18514 3767827 1 878
8140 18523 3767837 1 867
8158 18530 3767847 1 844
8173 18532 3767857 1 819
8186 18531 3767867 1 810
8195 18527 3767877 1 806
8202 18524 3767887 1 792
8205 18522 3767897 1 778
8207 18523 3767907 1 764
8211 18524 3767917 1 749
8213 18526 3767927 1 735
8214 18528 3767937 1 706
8213 18529 3767947 1 678
8213 18530 3767957 1 651
8211 18530 3767967 1 627
8210 18529 3767977 1 606
8209 18528 3767987 1 587
8209 18525 3767997 1 572
8209 18522 3768007 1 562
8209 18520 3768017 1 558
8209 18518 3768027 1 558
8211 18514 3768037 1 560
8212 18509 3768047 1 568
8214 18505 3768057 1 583
8217 18501 3768067 1 607
8219 18498 3768077 1 638
8221 18496 3768087 1 680
8222 18495 3768097 1 731
8224 18495 3768107 1 792
8224 18496 3768117 1 864
8224 18498 3768127 1 948
8224 18500 3768137 1 998
8224 18501 3768147 1 1014
8222 18504 3768157 1 1014
8221 18507 3768167 1 1014
8218 18510 3768177 1 1013
8216 18512 3768187 1 1013
8213 18514 3768197 1 1013
8210 18515 3768207 1 1013
8207 18515 3768217 1 1013
8205 18515 3768227 1 1013
8202 18514 3768237 1 1013
8201 18513 3768247 1 1013
8200 18513 3768257 1 1013
8200 18512 3768267 1 1013
8199 18511 3768277 1 1013
8199 18510 3768287 1 1013
8200 18509 3768297 1 1013
8201 18509 3768307 1 1013
8204 18509 3768317 1 1013
8206 18510 3768327 1 1013
8209 18511 3768337 1 1013
8211 18512 3768347 1 1012
8214 18514 3768357 1 1012
8216 18517 3768367 1 885
8217 18519 3768377 1 589
8218 18522 3768387 1 291
8218 18524 3768397 1 35
8218 18527 3768407 1 35
8216 18529 3768417 1 35
8215 18530 3768427 1 35
8213 18531 3768437 1 36
8210 18531 3768447 1 36
8208 18530 3768457 1 37
8205 18529 3768467 1 37
8202 18526 3768477 1 196
8199 18523 3768487 1 369
8197 18519 3768497 1 546
8195 18516 3768507 1 719
8193 18512 3768517 1 879
8192 18509 3768527 1 1010
8191 18506 3768537 1 1010
8191 18504 3768547 1 1010
8192 18503 3768557 1 1010
8193 18503 3768567 1 1010
8195 18504 3768577 1 1010
8196 18505 3768587 1 1010
8198 18507 3768597 1 1010
8199 18509 3768607 1 1010
8200 18512 3768617 1 1010
8201 18514 3768627 1 1010
8200 18516 3768637 1 1009
8200 18519 3768647 1 920
8198 18520 3768657 1 648
