8154 17278 4324323 1 709
8155 17278 4324333 1 725
8155 17278 4324343 1 761
8155 17278 4324353 1 802
8155 17278 4324363 1 835
8155 17278 4324373 1 850
8155 17278 4324383 1 861
8156 17282 4324393 1 881
8160 17294 4324403 1 894
8164 17307 4324413 1 900
8164 17316 4324423 1 904
8162 17322 4324433 1 909
8157 17325 4324443 1 910
8154 17326 4324453 1 910
8152 17327 4324463 1 910
8149 17330 4324473 1 911
8149 17335 4324483 1 912
8151 17340 4324493 1 912
8154 17344 4324503 1 913
8156 17346 4324513 1 914
8159 17346 4324523 1 914
8159 17345 4324533 1 915
8159 17340 4324543 1 930
8159 17335 4324553 1 916
8160 17330 4324563 1 830
8161 17326 4324573 1 715
8161 17324 4324583 1 670
8162 17322 4324593 1 661
8162 17320 4324603 1 627
8162 17319 4324613 1 566
8161 17319 4324623 1 529
8159 17318 4324633 1 516
8155 17319 4324643 1 512
8151 17320 4324653 1 514
8147 17322 4324663 1 531
8144 17325 4324673 1 542
8141 17328 4324683 1 558
8138 17333 4324693 1 594
8135 17338 4324703 1 635
8134 17341 4324713 1 650
8133 17345 4324723 1 656
8132 17352 4324733 1 677
8133 17361 4324743 1 717
8134 17371 4324753 1 752
8136 17381 4324763 1 768
8140 17392 4324773 1 780
8143 17402 4324783 1 804
8147 17413 4324793 1 823
8151 17422 4324803 1 831
8154 17431 4324813 1 836
8157 17438 4324823 1 842
8159 17444 4324833 1 845
8160 17446 4324843 1 847
8161 17447 4324853 1 848
8161 17450 4324863 1 851
8162 17450 4324873 1 853
8161 17449 4324883 1 851
8161 17445 4324893 1 849
8161 17441 4324903 1 846
8162 17435 4324913 1 839
8162 17428 4324923 1 829
8163 17420 4324933 1 824
8164 17411 4324943 1 818
8166 17403 4324953 1 805
8168 17393 4324963 1 791
8170 17389 4324973 1 786
8171 17384 4324983 1 784
8175 17376 4324993 1 777
8180 17367 4325003 1 762
8186 17360 4325013 1 748
8193 17353 4325023 1 741
8201 17347 4325033 1 735
8210 17342 4325043 1 722
8219 17338 4325053 1 712
8228 17335 4325063 1 708
8237 17333 4325073 1 704
8246 17333 4325083 1 697
8254 17333 4325093 1 691
8258 17334 4325103 1 689
8262 17335 4325113 1 689
8268 17337 4325123 1 687
8273 17340 4325133 1 684
8276 17344 4325143 1 683
8278 17348 4325153 1 682
8279 17352 4325163 1 682
8278 17357 4325173 1 683
8276 17361 4325183 1 684
8273 17364 4325193 1 685
8270 17368 4325203 1 686
8266 17371 4325213 1 690
8261 17374 4325223 1 694
8258 17375 4325233 1 695
8255 17376 4325243 1 696
8250 17379 4325253 1 698
8244 17382 4325263 1 702
8238 17385 4325273 1 707
8231 17388 4325283 1 710
8225 17391 4325293 1 713
8220 17395 4325303 1 718
8215 17399 4325313 1 720
8211 17403 4325323 1 721
8207 17407 4325333 1 723
8205 17410 4325343 1 727
8205 17413 4325353 1 732
8205 17415 4325363 1 734
8205 17416 4325373 1 735
8207 17417 4325383 1 736
8211 17418 4325393 1 740
8215 17418 4325403 1 744
8221 17418 4325413 1 746
8227 17417 4325423 1 747
8233 17415 4325433 1 749
8239 17413 4325443 1 751
8244 17410 4325453 1 752
8248 17408 4325463 1 753
8251 17405 4325473 1 754
8253 17403 4325483 1 756
8253 17402 4325493 1 756
8253 17400 4325503 1 756
8252 17398 4325513 1 756
8251 17396 4325523 1 757
8248 17394 4325533 1 758
8246 17392 4325543 1 758
8243 17390 4325553 1 758
8241 17388 4325563 1 758
8239 17386 4325573 1 758
8238 17384 4325583 1 758
8237 17382 4325593 1 758
8238 17379 4325603 1 757
8238 17377 4325613 1 757
8238 17376 4325623 1 756
8239 17375 4325633 1 756
8239 17373 4325643 1 756
8239 17371 4325653 1 755
8239 17370 4325663 1 755
8238 17370 4325673 1 754
8236 17370 4325683 1 754
8235 17370 4325693 1 753
8233 17372 4325703 1 752
8231 17373 4325713 1 752
8230 17375 4325723 1 751
8229 17377 4325733 1 750
8229 17379 4325743 1 750
8229 17380 4325753 1 750
8230 17381 4325763 1 750
8232 17383 4325773 1 750
8235 17385 4325783 1 750
8238 17387 4325793 1 750
8241 17388 4325803 1 750
8244 17389 4325813 1 750
8247 17390 4325823 1 750
8248 17390 4325833 1 751
8249 17390 4325843 1 751
8248 17389 4325853 1 750
8247 17389 4325863 1 751
8244 17388 4325873 1 752
8243 17388 4325883 1 752
8241 17388 4325893 1 752
8238 17388 4325903 1 753
8236 17388 4325913 1 754
8234 17388 4325923 1 754
8233 17388 4325933 1 755
8233 17388 4325943 1 756
8235 17389 4325953 1 757
8237 17389 4325963 1 758
8241 17389 4325973 1 759
8246 17389 4325983 1 760
8251 17389 4325993 1 761
8255 17388 4326003 1 761
8258 17388 4326013 1 762
8260 17387 4326023 1 762
8263 17386 4326033 1 763
8266 17384 4326043 1 764
8267 17382 4326053 1 765
8267 17380 4326063 1 766
8267 17378 4326073 1 767
8266 17375 4326083 1 768
8264 17373 4326093 1 769
8263 17371 4326103 1 769
8261 17369 4326113 1 770
8260 17367 4326123 1 771
8260 17366 4326133 1 772
8260 17365 4326143 1 772
8261 17365 4326153 1 772
8262 17364 4326163 1 773
8264 17363 4326173 1 774
8267 17363 4326183 1 774
8270 17363 4326193 1 774
8273 17363 4326203 1 775
8275 17363 4326213 1 776
8277 17363 4326223 1 777
8278 17362 4326233 1 777
8278 17361 4326243 1 778
8276 17359 4326253 1 779
8273 17357 4326263 1 780
8272 17356 4326273 1 780
8270 17355 4326283 1 780
8266 17352 4326293 1 780
8261 17350 4326303 1 781
8256 17347 4326313 1 781
8252 17345 4326323 1 781
8248 17344 4326333 1 782
8245 17342 4326343 1 784
8243 17342 4326353 1 785
8242 17342 4326363 1 785
8242 17343 4326373 1 786
8244 17344 4326383 1 788
8246 17345 4326393 1 789
8247 17346 4326403 1 789
8249 17347 4326413 1 789
8252 17349 4326423 1 790
8255 17351 4326433 1 792
8257 17352 4326443 1 793
8260 17354 4326453 1 793
8261 17355 4326463 1 794
8263 17355 4326473 1 794
8264 17356 4326483 1 794
8264 17356 4326493 1 795
8265 17356 4326503 1 794
8266 17355 4326513 1 794
8267 17355 4326523 1 794
8268 17355 4326533 1 794
8268 17355 4326543 1 794
8269 17356 4326553 1 794
8270 17357 4326563 1 794
8271 17359 4326573 1 793
8271 17361 4326583 1 793
8270 17364 4326593 1 793
8268 17368 4326603 1 793
8266 17372 4326613 1 793
8264 17377 4326623 1 793
8260 17383 4326633 1 793
8257 17388 4326643 1 794
8254 17394 4326653 1 795
8252 17397 4326663 1 795
8251 17400 4326673 1 796
8249 17405 4326683 1 797
8247 17411 4326693 1 799
8247 17416 4326703 1 802
8247 17420 4326713 1 804
8248 17424 4326723 1 806
8250 17427 4326733 1 811
8253 17430 4326743 1 816
8256 17431 4326753 1 818
8259 17432 4326763 1 822
8261 17432 4326773 1 828
8263 17431 4326783 1 832
8264 17430 4326793 1 832
8264 17429 4326803 1 832
8265 17425 4326813 1 835
8265 17420 4326823 1 842
8265 17414 4326833 1 850
8265 17408 4326843 1 853
8265 17401 4326853 1 857
8265 17394 4326863 1 865
8265 17387 4326873 1 873
8266 17381 4326883 1 876
8267 17376 4326893 1 880
8268 17372 4326903 1 888
8270 17368 4326913 1 895
8271 17366 4326923 1 897
8272 17364 4326933 1 898
8274 17360 4326943 1 901
8276 17356 4326953 1 908
8277 17352 4326963 1 914
8277 17349 4326973 1 917
8276 17346 4326983 1 919
8275 17344 4326993 1 924
8273 17343 4327003 1 928
8270 17342 4327013 1 930
8268 17340 4327023 1 931
8265 17337 4327033 1 933
8262 17333 4327043 1 935
8261 17331 4327053 1 936
8260 17328 4327063 1 936
8256 17320 4327073 1 936
8251 17310 4327083 1 935
8243 17300 4327093 1 934
8231 17292 4327103 1 932
8216 17287 4327113 1 930
8200 17286 4327123 1 927
8184 17290 4327133 1 922
8169 17299 4327143 1 919
8156 17314 4327153 1 915
8148 17332 4327163 1 907
8145 17352 4327173 1 898
8143 17363 4327183 1 895
8145 17375 4327193 1 893
8151 17397 4327203 1 887
8162 17417 4327213 1 875
8177 17435 4327223 1 861
8196 17449 4327233 1 853
8218 17461 4327243 1 845
8240 17468 4327253 1 827
8262 17470 4327263 1 809
8280 17466 4327273 1 802
8297 17458 4327283 1 799
8310 17450 4327293 1 789
8323 17445 4327303 1 768
8329 17443 4327313 1 759
8333 17443 4327323 1 757
8342 17442 4327333 1 747
8348 17442 4327343 1 727
8353 17442 4327353 1 706
8356 17442 4327363 1 687
8359 17442 4327373 1 671
8360 17443 4327383 1 655
8362 17443 4327393 1 643
8363 17443 4327403 1 633
8363 17444 4327413 1 626
8364 17444 4327423 1 624
8365 17445 4327433 1 626
8365 17445 4327443 1 628
8365 17445 4327453 1 632
8365 17445 4327463 1 643
8364 17445 4327473 1 660
8362 17445 4327483 1 682
8360 17445 4327493 1 711
8356 17445 4327503 1 746
8352 17445 4327513 1 788
8347 17445 4327523 1 837
8341 17445 4327533 1 893
8336 17445 4327543 1 937
8331 17446 4327553 1 937
8326 17447 4327563 1 936
8324 17447 4327573 1 936
8322 17448 4327583 1 935
8320 17449 4327593 1 934
8318 17451 4327603 1 934
8318 17452 4327613 1 933
8319 17453 4327623 1 932
8322 17454 4327633 1 932
8325 17454 4327643 1 931
8329 17454 4327653 1 930
8334 17453 4327663 1 930
8338 17452 4327673 1 929
8343 17451 4327683 1 928
8348 17449 4327693 1 928
8352 17448 4327703 1 927
8354 17446 4327713 1 926
8356 17444 4327723 1 926
8356 17443 4327733 1 925
8355 17442 4327743 1 924
8352 17442 4327753 1 923
8348 17441 4327763 1 844
8343 17442 4327773 1 662
8337 17442 4327783 1 481
8331 17443 4327793 1 327
8325 17443 4327803 1 329
8320 17444 4327813 1 331
8315 17444 4327823 1 333
8312 17444 4327833 1 336
8311 17444 4327843 1 338
8311 17443 4327853 1 340
8312 17442 4327863 1 342
8316 17440 4327873 1 437
8320 17439 4327883 1 540
8325 17437 4327893 1 644
8330 17435 4327903 1 744
8336 17434 4327913 1 837
8340 17433 4327923 1 912
8344 17432 4327933 1 911
8347 17432 4327943 1 910
8348 17432 4327953 1 910
8347 17433 4327963 1 909
8345 17434 4327973 1 908
8341 17435 4327983 1 908
8337 17436 4327993 1 907
8332 17436 4328003 1 907
8326 17437 4328013 1 906
8322 17438 4328023 1 905
8318 17438 4328033 1 904
8315 17439 4328043 1 855
8314 17439 4328053 1 709
