7711 17667 6452073 1 649
7711 17667 6452083 1 654
7711 17667 6452093 1 658
7711 17667 6452103 1 660
7711 17667 6452113 1 663
7712 17667 6452123 1 666
7713 17668 6452133 1 668
7713 17669 6452143 1 668
7716 17672 6452153 1 669
7722 17680 6452163 1 672
7727 17686 6452173 1 675
7729 17688 6452183 1 678
7728 17687 6452193 1 679
7725 17682 6452203 1 680
7722 17679 6452213 1 680
7720 17676 6452223 1 682
7717 17671 6452233 1 685
7716 17669 6452243 1 687
7717 17669 6452253 1 688
7720 17669 6452263 1 688
7724 17668 6452273 1 690
7725 17668 6452283 1 690
7726 17666 6452293 1 690
7727 17662 6452303 1 693
7727 17656 6452313 1 694
7727 17650 6452323 1 695
7728 17644 6452333 1 696
7730 17640 6452343 1 698
7730 17638 6452353 1 699
7732 17637 6452363 1 700
7734 17635 6452373 1 701
7736 17633 6452383 1 701
7737 17631 6452393 1 703
7737 17628 6452403 1 704
7736 17624 6452413 1 706
7735 17622 6452423 1 706
7735 17621 6452433 1 706
7734 17618 6452443 1 706
7734 17616 6452453 1 708
7735 17616 6452463 1 708
7736 17617 6452473 1 709
7736 17619 6452483 1 709
7736 17620 6452493 1 709
7736 17621 6452503 1 710
7736 17623 6452513 1 711
7736 17625 6452523 1 712
7736 17628 6452533 1 713
7737 17631 6452543 1 713
7739 17636 6452553 1 713
7739 17638 6452563 1 714
7740 17640 6452573 1 715
7743 17646 6452583 1 716
7745 17652 6452593 1 716
7747 17657 6452603 1 717
7750 17663 6452613 1 717
7752 17668 6452623 1 718
7753 17670 6452633 1 718
7754 17672 6452643 1 718
7756 17676 6452653 1 719
7757 17678 6452663 1 719
7758 17681 6452673 1 718
7759 17682 6452683 1 719
7759 17683 6452693 1 720
7758 17683 6452703 1 720
7758 17683 6452713 1 720
7757 17683 6452723 1 720
7756 17683 6452733 1 721
7754 17681 6452743 1 721
7752 17679 6452753 1 721
7749 17677 6452763 1 722
7748 17676 6452773 1 722
7746 17674 6452783 1 722
7742 17671 6452793 1 722
7739 17667 6452803 1 723
7735 17662 6452813 1 723
7731 17658 6452823 1 723
7727 17653 6452833 1 724
7726 17651 6452843 1 724
7724 17649 6452853 1 723
7721 17644 6452863 1 723
7718 17640 6452873 1 724
7716 17636 6452883 1 724
7714 17633 6452893 1 724
7713 17629 6452903 1 725
7713 17627 6452913 1 725
7714 17626 6452923 1 725
7716 17623 6452933 1 725
7718 17621 6452943 1 725
7722 17620 6452953 1 726
7725 17620 6452963 1 726
7729 17620 6452973 1 726
7731 17621 6452983 1 726
7733 17621 6452993 1 727
7738 17623 6453003 1 728
7743 17625 6453013 1 728
7750 17628 6453023 1 728
7757 17631 6453033 1 728
7764 17636 6453043 1 728
7768 17638 6453053 1 729
7772 17640 6453063 1 729
7780 17646 6453073 1 729
7787 17651 6453083 1 729
7794 17657 6453093 1 730
7800 17662 6453103 1 731
7806 17667 6453113 1 731
7808 17670 6453123 1 732
7810 17672 6453133 1 732
7814 17676 6453143 1 732
7818 17680 6453153 1 733
7821 17684 6453163 1 734
7824 17687 6453173 1 734
7827 17691 6453183 1 735
7828 17693 6453193 1 735
7829 17694 6453203 1 735
7832 17698 6453213 1 737
7833 17701 6453223 1 737
7835 17704 6453233 1 738
7836 17706 6453243 1 739
7837 17708 6453253 1 739
7837 17709 6453263 1 739
7838 17709 6453273 1 740
7838 17711 6453283 1 742
7838 17712 6453293 1 743
7837 17713 6453303 1 743
7837 17715 6453313 1 744
7836 17716 6453323 1 746
7835 17716 6453333 1 746
7835 17717 6453343 1 747
7833 17718 6453353 1 748
7832 17719 6453363 1 749
7830 17721 6453373 1 750
7828 17722 6453383 1 752
7826 17723 6453393 1 752
7826 17723 6453403 1 753
7825 17724 6453413 1 753
7823 17725 6453423 1 754
7821 17726 6453433 1 754
7820 17728 6453443 1 756
7819 17729 6453453 1 758
7817 17731 6453463 1 759
7816 17732 6453473 1 760
7815 17733 6453483 1 760
7814 17736 6453493 1 760
7812 17738 6453503 1 762
7810 17741 6453513 1 763
7808 17743 6453523 1 765
7806 17746 6453533 1 766
7805 17747 6453543 1 765
7804 17748 6453553 1 766
7802 17750 6453563 1 768
7800 17751 6453573 1 769
7798 17753 6453583 1 770
7797 17754 6453593 1 771
7795 17755 6453603 1 771
7794 17755 6453613 1 771
7793 17755 6453623 1 771
7791 17755 6453633 1 773
7789 17754 6453643 1 774
7787 17753 6453653 1 774
7784 17752 6453663 1 775
7782 17750 6453673 1 776
7781 17748 6453683 1 777
7780 17747 6453693 1 777
7777 17744 6453703 1 778
7775 17741 6453713 1 778
7773 17738 6453723 1 778
7772 17735 6453733 1 779
7771 17732 6453743 1 780
7770 17731 6453753 1 780
7770 17730 6453763 1 780
7769 17727 6453773 1 780
7768 17723 6453783 1 781
7768 17719 6453793 1 781
7769 17715 6453803 1 781
7769 17711 6453813 1 781
7770 17709 6453823 1 781
7771 17706 6453833 1 781
7772 17702 6453843 1 781
7775 17699 6453853 1 781
7777 17695 6453863 1 781
7780 17692 6453873 1 780
7783 17690 6453883 1 779
7785 17688 6453893 1 779
7786 17687 6453903 1 779
7790 17685 6453913 1 779
7793 17684 6453923 1 778
7797 17682 6453933 1 777
7800 17681 6453943 1 776
7804 17680 6453953 1 776
7805 17679 6453963 1 775
7807 17679 6453973 1 774
7810 17678 6453983 1 774
7812 17677 6453993 1 773
7814 17677 6454003 1 773
7816 17677 6454013 1 771
7817 17678 6454023 1 769
7818 17678 6454033 1 768
7818 17678 6454043 1 767
7818 17679 6454053 1 764
7817 17680 6454063 1 763
7817 17681 6454073 1 763
7816 17682 6454083 1 760
7814 17683 6454093 1 757
7813 17684 6454103 1 756
7813 17685 6454113 1 754
7811 17686 6454123 1 753
7809 17688 6454133 1 752
7808 17690 6454143 1 749
7806 17692 6454153 1 747
7804 17694 6454163 1 745
7803 17694 6454173 1 745
7802 17695 6454183 1 745
7800 17697 6454193 1 745
7798 17698 6454203 1 743
7797 17699 6454213 1 741
7795 17699 6454223 1 739
7794 17700 6454233 1 738
7793 17700 6454243 1 738
7793 17701 6454253 1 737
7792 17701 6454263 1 736
7792 17702 6454273 1 735
7793 17702 6454283 1 734
7793 17702 6454293 1 734
7795 17702 6454303 1 734
7795 17702 6454313 1 734
7796 17703 6454323 1 734
7798 17703 6454333 1 735
7799 17703 6454343 1 736
7801 17703 6454353 1 737
7803 17703 6454363 1 737
7805 17702 6454373 1 738
7806 17702 6454383 1 738
7807 17702 6454393 1 740
7809 17701 6454403 1 742
7811 17700 6454413 1 744
7813 17699 6454423 1 746
7814 17698 6454433 1 750
7815 17697 6454443 1 754
7816 17696 6454453 1 757
7816 17695 6454463 1 760
7816 17694 6454473 1 763
7816 17692 6454483 1 766
7815 17691 6454493 1 774
7815 17690 6454503 1 782
7814 17689 6454513 1 790
7813 17688 6454523 1 794
7813 17688 6454533 1 796
7812 17687 6454543 1 801
7811 17686 6454553 1 805
7811 17685 6454563 1 811
7811 17684 6454573 1 823
7810 17684 6454583 1 829
7810 17684 6454593 1 830
7810 17684 6454603 1 834
7810 17685 6454613 1 848
7810 17686 6454623 1 860
7810 17687 6454633 1 872
7811 17688 6454643 1 878
7811 17690 6454653 1 883
7812 17691 6454663 1 888
7813 17693 6454673 1 895
7814 17695 6454683 1 905
7816 17698 6454693 1 915
7818 17701 6454703 1 919
7820 17704 6454713 1 923
7823 17707 6454723 1 929
7824 17708 6454733 1 932
7826 17710 6454743 1 932
7829 17712 6454753 1 933
7832 17715 6454763 1 935
7835 17717 6454773 1 937
7837 17719 6454783 1 937
7840 17720 6454793 1 934
7841 17721 6454803 1 931
7842 17722 6454813 1 929
7845 17723 6454823 1 925
7847 17724 6454833 1 920
7849 17725 6454843 1 909
7850 17725 6454853 1 893
7851 17726 6454863 1 874
7851 17726 6454873 1 867
7850 17726 6454883 1 863
7850 17725 6454893 1 850
7849 17725 6454903 1 823
7847 17724 6454913 1 790
7846 17723 6454923 1 773
7844 17723 6454933 1 769
7843 17722 6454943 1 769
7842 17722 6454953 1 754
7841 17721 6454963 1 714
7840 17720 6454973 1 670
7838 17719 6454983 1 624
7837 17718 6454993 1 601
7835 17717 6455003 1 577
7834 17717 6455013 1 556
7833 17716 6455023 1 526
7832 17715 6455033 1 476
7830 17714 6455043 1 425
7829 17712 6455053 1 400
7828 17711 6455063 1 374
7827 17710 6455073 1 325
7827 17710 6455083 1 300
7827 17710 6455093 1 276
7826 17709 6455103 1 229
7826 17709 6455113 1 211
7826 17708 6455123 1 205
7825 17708 6455133 1 184
7825 17707 6455143 1 142
7825 17707 6455153 1 118
7825 17707 6455163 1 105
7825 17707 6455173 1 88
7826 17707 6455183 1 70
7827 17707 6455193 1 41
7827 17707 6455203 1 40
7828 17707 6455213 1 38
7829 17707 6455223 1 36
7829 17707 6455233 1 36
7830 17707 6455243 1 36
7831 17707 6455253 1 35
7832 17706 6455263 1 33
7833 17706 6455273 1 32
7833 17706 6455283 1 30
7834 17706 6455293 1 30
7834 17705 6455303 1 30
7835 17705 6455313 1 29
7835 17704 6455323 1 27
7836 17704 6455333 1 26
7836 17703 6455343 1 24
7836 17703 6455353 1 33
7836 17703 6455363 1 43
7836 17702 6455373 1 59
7836 17702 6455383 1 90
7835 17701 6455393 1 126
7835 17701 6455403 1 144
7834 17700 6455413 1 165
7833 17700 6455423 1 209
7832 17700 6455433 1 232
7832 17700 6455443 1 258
7831 17700 6455453 1 310
7830 17700 6455463 1 336
7829 17700 6455473 1 367
7828 17700 6455483 1 428
7828 17701 6455493 1 459
7827 17701 6455503 1 475
7827 17701 6455513 1 493
7826 17702 6455523 1 520
7826 17703 6455533 1 561
7825 17703 6455543 1 634
7825 17704 6455553 1 709
7825 17705 6455563 1 787
7825 17705 6455573 1 817
7826 17705 6455583 1 828
7826 17706 6455593 1 870
7827 17706 6455603 1 954
7828 17707 6455613 1 1019
7830 17707 6455623 1 1020
7831 17708 6455633 1 1017
7832 17708 6455643 1 1018
7833 17708 6455653 1 1020
7835 17708 6455663 1 1019
7836 17708 6455673 1 1020
7837 17708 6455683 1 1020
7839 17709 6455693 1 1019
7840 17709 6455703 1 1018
7840 17709 6455713 1 1018
7840 17709 6455723 1 1018
7841 17709 6455733 1 1018
7841 17709 6455743 1 1017
7841 17710 6455753 1 1016
7841 17710 6455763 1 1016
7842 17710 6455773 1 1016
7842 17711 6455783 1 1016
7842 17711 6455793 1 1016
7843 17711 6455803 1 1015
7843 17712 6455813 1 1014
7844 17712 6455823 1 1014
7844 17712 6455833 1 1014
7845 17713 6455843 1 1014
7845 17713 6455853 1 1013
7845 17713 6455863 1 1013
7846 17713 6455873 1 1013
7846 17712 6455883 1 1013
7847 17712 6455893 1 1012
7847 17711 6455903 1 1012
7847 17710 6455913 1 975
7847 17710 6455923 1 944
7847 17709 6455933 1 889
7847 17708 6455943 1 784
7847 17707 6455953 1 566
7847 17706 6455963 1 40
7847 17704 6455973 1 41
7848 17703 6455983 1 74
7848 17703 6455993 1 58
7848 17702 6456003 1 44
7848 17701 6456013 1 45
7848 17700 6456023 1 46
7849 17700 6456033 1 47
7849 17699 6456043 1 49
7851 17698 6456053 1 50
7851 17698 6456063 1 50
7852 17698 6456073 1 50
7853 17697 6456083 1 52
7855 17696 6456093 1 54
7857 17696 6456103 1 55
7859 17695 6456113 1 56
7861 17695 6456123 1 56
7862 17695 6456133 1 55
7863 17695 6456143 1 58
7865 17695 6456153 1 68
7867 17695 6456163 1 75
7868 17695 6456173 1 87
7870 17695 6456183 1 116
7872 17694 6456193 1 150
7872 17694 6456203 1 174
7873 17694 6456213 1 193
7874 17694 6456223 1 213
7876 17694 6456233 1 240
7877 17694 6456243 1 291
7878 17694 6456253 1 318
7879 17694 6456263 1 346
7879 17693 6456273 1 358
7879 17693 6456283 1 370
7880 17693 6456293 1 404
7881 17693 6456303 1 462
7881 17692 6456313 1 520
7882 17692 6456323 1 579
7882 17691 6456333 1 607
7882 17691 6456343 1 614
7882 17690 6456353 1 634
7882 17690 6456363 1 688
7882 17689 6456373 1 738
7881 17688 6456383 1 783
7881 17687 6456393 1 805
7880 17686 6456403 1 823
7879 17685 6456413 1 838
7879 17685 6456423 1 857
7878 17683 6456433 1 883
7877 17682 6456443 1 894
7875 17681 6456453 1 896
7874 17680 6456463 1 900
7873 17679 6456473 1 908
7873 17679 6456483 1 910
7873 17678 6456493 1 909
7872 17677 6456503 1 909
7871 17677 6456513 1 909
7871 17676 6456523 1 909
7870 17676 6456533 1 910
7869 17676 6456543 1 911
7869 17676 6456553 1 911
7869 17676 6456563 1 912
7869 17677 6456573 1 912
7869 17677 6456583 1 911
7869 17678 6456593 1 912
7869 17679 6456603 1 913
7869 17680 6456613 1 914
7869 17681 6456623 1 914
7869 17682 6456633 1 914
7869 17684 6456643 1 913
7869 17686 6456653 1 914
7869 17688 6456663 1 914
7868 17691 6456673 1 915
7868 17693 6456683 1 915
7868 17694 6456693 1 915
7868 17695 6456703 1 915
7868 17697 6456713 1 916
7867 17699 6456723 1 916
7867 17701 6456733 1 917
7867 17702 6456743 1 917
7866 17704 6456753 1 917
7866 17704 6456763 1 918
7866 17705 6456773 1 918
7865 17705 6456783 1 918
7865 17706 6456793 1 919
7865 17707 6456803 1 919
7865 17707 6456813 1 919
7864 17707 6456823 1 919
7864 17707 6456833 1 920
7864 17707 6456843 1 920
7864 17706 6456853 1 920
7864 17706 6456863 1 920
7864 17705 6456873 1 920
7864 17704 6456883 1 921
7864 17703 6456893 1 922
7864 17702 6456903 1 922
7864 17701 6456913 1 922
7865 17700 6456923 1 922
7865 17698 6456933 1 922
7865 17697 6456943 1 923
7866 17695 6456953 1 923
7866 17694 6456963 1 924
7866 17693 6456973 1 924
7867 17692 6456983 1 924
7867 17691 6456993 1 924
7867 17690 6457003 1 925
7867 17690 6457013 1 925
7868 17689 6457023 1 925
7868 17689 6457033 1 925
7868 17689 6457043 1 925
7868 17689 6457053 1 925
7868 17689 6457063 1 926
7869 17690 6457073 1 927
7869 17691 6457083 1 927
7870 17692 6457093 1 927
7870 17693 6457103 1 927
7871 17694 6457113 1 928
7871 17695 6457123 1 928
7872 17697 6457133 1 928
7872 17698 6457143 1 928
7873 17700 6457153 1 929
7874 17702 6457163 1 929
7874 17704 6457173 1 930
7874 17705 6457183 1 929
7874 17706 6457193 1 929
7875 17708 6457203 1 930
7875 17710 6457213 1 930
7875 17711 6457223 1 930
7875 17713 6457233 1 931
7875 17714 6457243 1 930
7875 17715 6457253 1 930
7875 17715 6457263 1 931
7875 17716 6457273 1 932
7875 17716 6457283 1 932
7876 17717 6457293 1 931
7876 17717 6457303 1 932
7876 17717 6457313 1 933
7876 17717 6457323 1 933
7877 17716 6457333 1 933
7877 17716 6457343 1 932
7877 17716 6457353 1 933
7877 17715 6457363 1 934
7878 17714 6457373 1 934
7877 17713 6457383 1 934
7877 17712 6457393 1 934
7877 17711 6457403 1 934
7877 17710 6457413 1 934
7876 17708 6457423 1 935
7875 17707 6457433 1 934
7875 17705 6457443 1 934
7874 17704 6457453 1 935
7874 17703 6457463 1 936
7874 17703 6457473 1 936
7873 17702 6457483 1 936
7873 17701 6457493 1 936
7873 17700 6457503 1 937
7872 17699 6457513 1 937
7872 17699 6457523 1 936
7871 17699 6457533 1 937
7871 17699 6457543 1 937
7870 17699 6457553 1 938
7869 17699 6457563 1 938
7868 17699 6457573 1 937
7867 17699 6457583 1 938
7866 17700 6457593 1 938
7865 17700 6457603 1 938
7865 17700 6457613 1 939
7864 17701 6457623 1 939
7863 17701 6457633 1 938
7863 17702 6457643 1 939
7862 17702 6457653 1 940
7861 17703 6457663 1 939
7861 17703 6457673 1 939
7860 17703 6457683 1 939
7859 17703 6457693 1 940
7859 17704 6457703 1 941
7858 17704 6457713 1 940
7857 17704 6457723 1 941
7856 17704 6457733 1 941
7856 17704 6457743 1 941
7856 17704 6457753 1 941
7855 17704 6457763 1 941
7855 17704 6457773 1 942
7855 17704 6457783 1 942
7856 17704 6457793 1 942
7856 17704 6457803 1 943
7857 17704 6457813 1 943
7857 17704 6457823 1 943
7859 17704 6457833 1 943
7860 17704 6457843 1 943
7861 17704 6457853 1 944
7863 17705 6457863 1 944
7864 17705 6457873 1 944
7865 17706 6457883 1 945
7865 17706 6457893 1 945
7867 17707 6457903 1 945
7868 17707 6457913 1 945
7870 17708 6457923 1 945
7871 17709 6457933 1 946
7873 17710 6457943 1 945
7874 17711 6457953 1 945
7875 17711 6457963 1 944
7875 17712 6457973 1 944
7876 17712 6457983 1 943
7875 17713 6457993 1 943
7875 17713 6458003 1 943
7874 17714 6458013 1 943
7873 17714 6458023 1 942
7872 17714 6458033 1 941
7871 17714 6458043 1 941
7870 17715 6458053 1 941
7868 17715 6458063 1 941
7867 17715 6458073 1 940
7867 17716 6458083 1 940
7866 17716 6458093 1 939
7866 17717 6458103 1 939
7866 17717 6458113 1 938
7866 17718 6458123 1 938
7867 17718 6458133 1 938
7867 17719 6458143 1 938
7868 17719 6458153 1 937
7868 17720 6458163 1 937
7869 17720 6458173 1 936
7869 17720 6458183 1 936
7870 17721 6458193 1 935
7870 17721 6458203 1 935
7870 17721 6458213 1 935
7870 17721 6458223 1 935
7871 17720 6458233 1 934
7871 17720 6458243 1 933
7871 17720 6458253 1 933
7872 17720 6458263 1 933
7872 17720 6458273 1 932
7872 17719 6458283 1 932
7871 17719 6458293 1 932
7871 17719 6458303 1 932
7870 17718 6458313 1 931
7869 17718 6458323 1 930
7868 17717 6458333 1 930
7867 17717 6458343 1 930
7867 17716 6458353 1 930
7866 17716 6458363 1 929
7865 17715 6458373 1 929
7864 17714 6458383 1 928
7863 17714 6458393 1 928
7862 17713 6458403 1 927
7862 17713 6458413 1 927
7862 17712 6458423 1 927
7862 17712 6458433 1 927
7863 17712 6458443 1 926
7864 17712 6458453 1 926
7865 17712 6458463 1 925
7865 17712 6458473 1 925
7866 17712 6458483 1 924
7867 17712 6458493 1 924
7868 17712 6458503 1 924
7869 17712 6458513 1 924
7870 17712 6458523 1 923
7870 17713 6458533 1 923
7871 17713 6458543 1 922
7871 17714 6458553 1 922
7871 17714 6458563 1 921
7871 17715 6458573 1 921
7870 17716 6458583 1 921
7869 17716 6458593 1 921
7868 17717 6458603 1 920
7866 17718 6458613 1 920
7864 17718 6458623 1 919
7862 17718 6458633 1 919
7860 17719 6458643 1 918
7858 17719 6458653 1 918
7857 17720 6458663 1 918
7855 17720 6458673 1 918
7853 17720 6458683 1 917
7852 17721 6458693 1 917
7851 17721 6458703 1 917
7850 17722 6458713 1 916
7850 17722 6458723 1 915
7850 17722 6458733 1 915
7849 17722 6458743 1 915
7850 17722 6458753 1 915
7850 17722 6458763 1 914
7851 17722 6458773 1 914
