8035 17350 5487413 1 554
8033 17350 5487423 1 557
8031 17350 5487433 1 559
8030 17351 5487443 1 560
8029 17353 5487453 1 563
8029 17355 5487463 1 565
8031 17356 5487473 1 566
8033 17354 5487483 1 569
8033 17351 5487493 1 572
8032 17349 5487503 1 575
8029 17347 5487513 1 577
8027 17345 5487523 1 579
8026 17345 5487533 1 579
8026 17345 5487543 1 582
8026 17347 5487553 1 583
8027 17348 5487563 1 585
8025 17348 5487573 1 589
8023 17348 5487583 1 591
8021 17348 5487593 1 592
8019 17349 5487603 1 595
8018 17350 5487613 1 597
8018 17351 5487623 1 598
8018 17353 5487633 1 601
8017 17355 5487643 1 601
8017 17357 5487653 1 604
8016 17358 5487663 1 605
8015 17360 5487673 1 607
8015 17361 5487683 1 609
8014 17362 5487693 1 610
8013 17363 5487703 1 612
8013 17365 5487713 1 615
8012 17365 5487723 1 616
8012 17367 5487733 1 621
8013 17367 5487743 1 622
8013 17367 5487753 1 624
8012 17367 5487763 1 625
8012 17367 5487773 1 625
8011 17367 5487783 1 628
8011 17366 5487793 1 630
8010 17366 5487803 1 631
8009 17364 5487813 1 635
8008 17363 5487823 1 637
8008 17362 5487833 1 638
8007 17361 5487843 1 641
8006 17360 5487853 1 643
8005 17360 5487863 1 644
8005 17359 5487873 1 646
8005 17358 5487883 1 647
8005 17356 5487893 1 650
8005 17356 5487903 1 651
8005 17355 5487913 1 651
8004 17355 5487923 1 653
8004 17356 5487933 1 656
8004 17356 5487943 1 657
8004 17357 5487953 1 659
8004 17357 5487963 1 660
8005 17359 5487973 1 664
8005 17360 5487983 1 666
8007 17361 5487993 1 667
8008 17362 5488003 1 668
8010 17364 5488013 1 670
8012 17365 5488023 1 671
8015 17367 5488033 1 673
8017 17369 5488043 1 674
8023 17372 5488053 1 678
8027 17374 5488063 1 680
8030 17375 5488073 1 681
8034 17376 5488083 1 684
8038 17378 5488093 1 685
8041 17380 5488103 1 687
8044 17382 5488113 1 688
8047 17385 5488123 1 689
8053 17392 5488133 1 692
8056 17396 5488143 1 693
8059 17400 5488153 1 694
8061 17404 5488163 1 695
8064 17408 5488173 1 696
8067 17412 5488183 1 699
8070 17415 5488193 1 700
8072 17417 5488203 1 702
8076 17423 5488213 1 704
8078 17425 5488223 1 707
8080 17427 5488233 1 708
8082 17430 5488243 1 708
8084 17431 5488253 1 710
8086 17433 5488263 1 711
8087 17434 5488273 1 712
8089 17434 5488283 1 715
8091 17434 5488293 1 718
8092 17433 5488303 1 719
8092 17432 5488313 1 720
8093 17430 5488323 1 723
8094 17428 5488333 1 724
8095 17426 5488343 1 726
8095 17422 5488353 1 727
8096 17419 5488363 1 728
8097 17409 5488373 1 731
8098 17404 5488383 1 732
8098 17399 5488393 1 734
8098 17395 5488403 1 734
8098 17390 5488413 1 735
8098 17386 5488423 1 736
8098 17382 5488433 1 738
8099 17379 5488443 1 740
8100 17371 5488453 1 743
8101 17367 5488463 1 744
8101 17363 5488473 1 745
8102 17358 5488483 1 747
8102 17353 5488493 1 747
8102 17348 5488503 1 749
8102 17344 5488513 1 750
8102 17340 5488523 1 752
8101 17333 5488533 1 754
8100 17331 5488543 1 755
8100 17329 5488553 1 758
8099 17327 5488563 1 759
8099 17324 5488573 1 760
8098 17322 5488583 1 762
8098 17320 5488593 1 763
8097 17318 5488603 1 764
8095 17314 5488613 1 765
8094 17313 5488623 1 768
8093 17312 5488633 1 769
8093 17312 5488643 1 770
8092 17312 5488653 1 771
8092 17312 5488663 1 772
8092 17313 5488673 1 773
8092 17314 5488683 1 774
8093 17317 5488693 1 778
8093 17320 5488703 1 779
8094 17322 5488713 1 780
8095 17325 5488723 1 780
8095 17328 5488733 1 781
8096 17330 5488743 1 783
8097 17333 5488753 1 784
8098 17336 5488763 1 785
8101 17342 5488773 1 789
8102 17344 5488783 1 790
8103 17347 5488793 1 791
8104 17350 5488803 1 792
8106 17353 5488813 1 793
8107 17356 5488823 1 795
8109 17358 5488833 1 796
8110 17360 5488843 1 797
8112 17364 5488853 1 799
8113 17365 5488863 1 801
8114 17367 5488873 1 802
8115 17367 5488883 1 803
8116 17368 5488893 1 804
8118 17368 5488903 1 805
8119 17368 5488913 1 805
8119 17368 5488923 1 806
8121 17368 5488933 1 809
8122 17367 5488943 1 810
8122 17366 5488953 1 812
8123 17365 5488963 1 812
8123 17364 5488973 1 813
8123 17363 5488983 1 814
8123 17362 5488993 1 816
8123 17361 5489003 1 817
8123 17361 5489013 1 819
8124 17361 5489023 1 820
8124 17361 5489033 1 821
8124 17362 5489043 1 822
8124 17362 5489053 1 824
8125 17361 5489063 1 825
8126 17361 5489073 1 827
8126 17361 5489083 1 827
8127 17360 5489093 1 829
8127 17360 5489103 1 830
8127 17359 5489113 1 831
8127 17359 5489123 1 832
8127 17358 5489133 1 834
8127 17358 5489143 1 835
8127 17358 5489153 1 835
8128 17357 5489163 1 836
8129 17356 5489173 1 838
8129 17356 5489183 1 839
8129 17355 5489193 1 840
8129 17354 5489203 1 841
8128 17353 5489213 1 841
8127 17352 5489223 1 842
8125 17352 5489233 1 843
8124 17351 5489243 1 844
8120 17349 5489253 1 848
8118 17349 5489263 1 849
8117 17348 5489273 1 850
8115 17347 5489283 1 851
8114 17347 5489293 1 852
8113 17346 5489303 1 853
8113 17345 5489313 1 854
8112 17345 5489323 1 854
8112 17345 5489333 1 856
8111 17345 5489343 1 857
8110 17346 5489353 1 858
8109 17346 5489363 1 859
8108 17347 5489373 1 860
8108 17347 5489383 1 861
8106 17348 5489393 1 862
8105 17348 5489403 1 863
8103 17348 5489413 1 864
8102 17348 5489423 1 865
8101 17348 5489433 1 866
8100 17347 5489443 1 867
8100 17347 5489453 1 867
8100 17346 5489463 1 868
8100 17345 5489473 1 869
8100 17345 5489483 1 870
8102 17343 5489493 1 872
8103 17343 5489503 1 873
8104 17343 5489513 1 874
8105 17342 5489523 1 875
8106 17342 5489533 1 876
8107 17342 5489543 1 877
8108 17341 5489553 1 878
8108 17341 5489563 1 879
8110 17340 5489573 1 880
8110 17340 5489583 1 881
8111 17340 5489593 1 881
8111 17340 5489603 1 881
8112 17340 5489613 1 881
8112 17340 5489623 1 880
8113 17339 5489633 1 878
8114 17339 5489643 1 877
8115 17337 5489653 1 876
8115 17336 5489663 1 874
8116 17335 5489673 1 871
8116 17334 5489683 1 870
8117 17333 5489693 1 869
8117 17333 5489703 1 867
8117 17332 5489713 1 865
8118 17332 5489723 1 862
8119 17330 5489733 1 858
8120 17329 5489743 1 854
8120 17328 5489753 1 852
8121 17326 5489763 1 850
8121 17325 5489773 1 848
8122 17324 5489783 1 845
8122 17323 5489793 1 842
8123 17322 5489803 1 841
8124 17319 5489813 1 839
8124 17318 5489823 1 837
8124 17316 5489833 1 836
8124 17315 5489843 1 834
8124 17314 5489853 1 833
8124 17312 5489863 1 833
8124 17310 5489873 1 832
8125 17308 5489883 1 832
8125 17305 5489893 1 833
8125 17303 5489903 1 833
8124 17302 5489913 1 834
8124 17301 5489923 1 835
8124 17300 5489933 1 836
8124 17299 5489943 1 838
8124 17299 5489953 1 840
8123 17299 5489963 1 843
8123 17298 5489973 1 850
8123 17298 5489983 1 855
8123 17298 5489993 1 860
8123 17298 5490003 1 866
8123 17298 5490013 1 872
8124 17298 5490023 1 879
8125 17298 5490033 1 886
8126 17298 5490043 1 890
8128 17299 5490053 1 903
8128 17299 5490063 1 913
8129 17299 5490073 1 923
8129 17299 5490083 1 935
8129 17299 5490093 1 946
8129 17300 5490103 1 959
8129 17300 5490113 1 972
8128 17300 5490123 1 985
8128 17301 5490133 1 1013
8127 17302 5490143 1 1023
8127 17302 5490153 1 1024
8128 17303 5490163 1 1024
8128 17303 5490173 1 1024
8129 17304 5490183 1 1024
8129 17304 5490193 1 1024
8130 17305 5490203 1 1024
8131 17306 5490213 1 1024
8132 17306 5490223 1 1024
8133 17306 5490233 1 1024
8134 17307 5490243 1 1024
8135 17307 5490253 1 1024
8136 17307 5490263 1 1024
8136 17307 5490273 1 1024
8137 17308 5490283 1 1024
8138 17310 5490293 1 1024
8139 17311 5490303 1 1024
8139 17312 5490313 1 1024
8140 17314 5490323 1 1024
8140 17315 5490333 1 1024
8141 17316 5490343 1 1024
8141 17318 5490353 1 1024
8142 17319 5490363 1 1024
8144 17321 5490373 1 1024
8145 17323 5490383 1 1024
8146 17323 5490393 1 1024
8147 17324 5490403 1 1024
8149 17325 5490413 1 1024
8150 17326 5490423 1 1024
8151 17327 5490433 1 1024
8152 17328 5490443 1 1024
8154 17330 5490453 1 1024
8155 17332 5490463 1 1024
8156 17333 5490473 1 1024
8157 17334 5490483 1 1024
8157 17335 5490493 1 1024
8157 17336 5490503 1 1024
8157 17337 5490513 1 1024
8156 17338 5490523 1 1024
8155 17340 5490533 1 1024
8154 17340 5490543 1 1024
8154 17341 5490553 1 1024
8153 17341 5490563 1 1024
8152 17342 5490573 1 1024
8151 17342 5490583 1 1024
8150 17343 5490593 1 1024
8149 17343 5490603 1 1024
8147 17344 5490613 1 1024
8146 17344 5490623 1 1024
8144 17344 5490633 1 1024
8143 17345 5490643 1 1024
8142 17345 5490653 1 1024
8141 17345 5490663 1 1024
8140 17345 5490673 1 1024
8139 17345 5490683 1 1024
8138 17344 5490693 1 1024
8138 17344 5490703 1 1024
8137 17343 5490713 1 1024
8137 17342 5490723 1 1024
8138 17341 5490733 1 1002
8138 17340 5490743 1 955
8139 17339 5490753 1 904
8139 17338 5490763 1 879
8140 17335 5490773 1 798
8141 17334 5490783 1 742
8142 17332 5490793 1 685
8143 17331 5490803 1 627
8144 17330 5490813 1 569
8145 17329 5490823 1 512
8147 17328 5490833 1 453
8148 17328 5490843 1 397
8151 17328 5490853 1 286
8153 17328 5490863 1 232
8154 17329 5490873 1 206
8155 17329 5490883 1 181
8156 17330 5490893 1 161
8157 17331 5490903 1 132
8158 17332 5490913 1 87
8158 17332 5490923 1 45
8158 17334 5490933 0 0
8158 17334 5490943 0 0
8158 17335 5490953 0 0
8157 17335 5490963 0 0
8157 17336 5490973 0 0
8156 17336 5490983 0 0
8155 17337 5490993 0 0
8155 17338 5491003 0 0
8153 17339 5491013 0 0
8152 17340 5491023 0 0
8150 17341 5491033 0 0
8149 17341 5491043 0 0
8147 17342 5491053 0 0
8145 17343 5491063 0 0
8144 17343 5491073 0 0
8142 17344 5491083 0 0
8139 17345 5491093 0 0
8138 17345 5491103 0 0
8137 17345 5491113 1 3
8137 17345 5491123 1 33
8137 17345 5491133 1 99
8138 17345 5491143 1 134
8138 17344 5491153 1 170
8139 17344 5491163 1 248
8142 17342 5491173 1 414
8143 17341 5491183 1 498
8144 17340 5491193 1 583
8146 17340 5491203 1 665
8147 17339 5491213 1 745
8147 17338 5491223 1 820
8148 17337 5491233 1 888
8148 17336 5491243 1 921
8149 17334 5491253 1 998
8149 17333 5491263 1 1024
8149 17331 5491273 1 1024
8149 17330 5491283 1 1024
8149 17329 5491293 1 1024
8149 17327 5491303 1 1024
8149 17326 5491313 1 1024
8148 17325 5491323 1 1024
8147 17323 5491333 1 1024
8147 17322 5491343 1 1024
8147 17322 5491353 1 1024
8147 17322 5491363 1 1024
8147 17322 5491373 1 1024
8147 17322 5491383 1 1024
8147 17323 5491393 1 1024
8148 17324 5491403 1 1024
8149 17326 5491413 1 1024
8151 17328 5491423 1 1024
8152 17330 5491433 1 1024
8154 17332 5491443 1 1024
8156 17334 5491453 1 1024
8158 17336 5491463 1 1024
8161 17338 5491473 1 1024
8163 17340 5491483 1 1024
8167 17345 5491493 1 1024
8169 17347 5491503 1 1024
8171 17348 5491513 1 1024
8172 17350 5491523 1 1024
8173 17352 5491533 1 1024
8174 17353 5491543 1 1024
8175 17355 5491553 1 1024
8176 17356 5491563 1 1024
8176 17358 5491573 1 1024
8175 17359 5491583 1 1024
8175 17360 5491593 1 1024
8174 17361 5491603 1 1024
8173 17361 5491613 1 1024
8172 17361 5491623 1 1024
8171 17361 5491633 1 1024
8169 17361 5491643 1 1024
8166 17361 5491653 1 1024
8165 17361 5491663 1 1024
8163 17360 5491673 1 1024
8161 17360 5491683 1 1024
8160 17359 5491693 1 1024
8158 17358 5491703 1 1024
8157 17357 5491713 1 1024
8156 17356 5491723 1 1024
8154 17354 5491733 1 1024
8154 17353 5491743 1 1024
8153 17353 5491753 1 1024
8153 17352 5491763 1 1024
8154 17351 5491773 1 1024
8154 17351 5491783 1 1024
8154 17351 5491793 1 1024
8155 17351 5491803 1 1024
8157 17351 5491813 1 1024
8158 17351 5491823 1 1024
8159 17352 5491833 1 1024
8161 17352 5491843 1 1024
8162 17353 5491853 1 1024
8164 17353 5491863 1 1024
8166 17354 5491873 1 1024
8167 17354 5491883 1 1024
8170 17355 5491893 1 1024
8171 17355 5491903 1 1024
8172 17355 5491913 1 1024
8173 17355 5491923 1 1024
8174 17355 5491933 1 1024
8175 17354 5491943 1 1024
8176 17353 5491953 1 1024
8177 17352 5491963 1 1024
8179 17350 5491973 1 1024
8181 17349 5491983 1 1024
8182 17348 5491993 1 1024
8183 17347 5492003 1 1024
8185 17346 5492013 1 1024
8186 17345 5492023 1 1024
8187 17344 5492033 1 1024
8188 17343 5492043 1 1024
8189 17342 5492053 1 1024
8190 17341 5492063 1 1024
8190 17341 5492073 1 1024
8191 17340 5492083 1 1024
8192 17340 5492093 1 1024
8193 17340 5492103 1 1024
8194 17340 5492113 1 1024
8195 17339 5492123 1 1024
8199 17340 5492133 1 1024
8200 17340 5492143 1 1024
8201 17340 5492153 1 1024
8201 17341 5492163 1 1024
8201 17341 5492173 1 1024
8201 17342 5492183 1 1024
8200 17342 5492193 1 1024
8199 17343 5492203 1 1024
8195 17344 5492213 1 1024
8193 17344 5492223 1 1024
8192 17344 5492233 1 1024
8190 17345 5492243 1 1024
8189 17345 5492253 1 1024
8188 17346 5492263 1 1024
8187 17346 5492273 1 1024
8187 17347 5492283 1 1024
8187 17349 5492293 1 1024
8188 17350 5492303 1 1024
8188 17351 5492313 1 1024
8189 17352 5492323 1 1024
8189 17352 5492333 1 968
8190 17353 5492343 1 847
8191 17354 5492353 1 733
8192 17355 5492363 1 631
8193 17357 5492373 1 493
8193 17357 5492383 1 469
8193 17358 5492393 1 468
8193 17359 5492403 1 481
8193 17360 5492413 1 541
8194 17361 5492423 1 649
8194 17362 5492433 1 816
8194 17363 5492443 1 970
8194 17365 5492453 1 1024
8195 17366 5492463 1 1024
8195 17366 5492473 0 0
8196 17367 5492483 0 0
8197 17368 5492493 0 0
8198 17368 5492503 0 0
8199 17369 5492513 0 0
8200 17369 5492523 0 0
8202 17370 5492533 0 0
8203 17369 5492543 0 0
8204 17369 5492553 0 0
8205 17369 5492563 0 0
8206 17368 5492573 0 0
8206 17367 5492583 0 0
8207 17366 5492593 0 0
8207 17365 5492603 0 0
8206 17362 5492613 0 0
8205 17360 5492623 0 0
8204 17358 5492633 0 0
8203 17355 5492643 0 0
8201 17353 5492653 0 0
8200 17351 5492663 0 0
8198 17348 5492673 0 0
8196 17346 5492683 0 0
8193 17343 5492693 0 0
8191 17341 5492703 0 0
8190 17340 5492713 0 0
8188 17339 5492723 0 0
8187 17338 5492733 0 0
8186 17338 5492743 0 0
8185 17338 5492753 0 0
8184 17338 5492763 0 0
8184 17339 5492773 1 1024
8184 17339 5492783 1 1024
8184 17339 5492793 1 1024
8185 17339 5492803 1 1024
8186 17340 5492813 1 1024
8187 17340 5492823 1 1024
8187 17341 5492833 1 1024
8188 17341 5492843 1 1024
8190 17342 5492853 1 1024
8192 17342 5492863 1 1024
8193 17342 5492873 1 1024
8194 17342 5492883 1 1024
8195 17342 5492893 1 1024
8196 17342 5492903 1 1024
8197 17342 5492913 1 1024
8197 17341 5492923 1 1024
8199 17340 5492933 1 1024
8199 17340 5492943 1 1024
8200 17339 5492953 1 1024
8200 17338 5492963 1 1024
8201 17338 5492973 1 1024
8201 17337 5492983 1 1024
8202 17336 5492993 1 1024
8203 17335 5493003 1 1024
8204 17333 5493013 1 1024
8204 17332 5493023 1 1024
8204 17331 5493033 1 1024
8204 17330 5493043 1 1024
8203 17329 5493053 1 1024
8202 17328 5493063 1 1024
8201 17328 5493073 1 1024
8200 17327 5493083 1 1024
8198 17326 5493093 1 1024
8197 17325 5493103 1 1024
8196 17325 5493113 1 1024
8196 17325 5493123 1 1024
8195 17324 5493133 1 1024
8195 17324 5493143 1 1024
8194 17325 5493153 1 1024
