8122 17355 2599356 1 1024
8117 17349 2599366 1 1024
8112 17343 2599376 1 1024
8109 17338 2599386 1 1024
8107 17333 2599396 1 1024
8104 17327 2599406 1 1024
8104 17323 2599416 1 1024
8104 17320 2599426 1 1024
8104 17316 2599436 1 1024
8104 17313 2599446 1 1024
8105 17310 2599456 1 1024
8105 17308 2599466 1 1024
8104 17306 2599476 1 1024
8103 17305 2599486 1 1024
8101 17304 2599496 1 1024
8099 17302 2599506 1 1024
8099 17302 2599516 1 1024
8101 17301 2599526 1 1024
8106 17300 2599536 1 1024
8115 17299 2599546 1 1024
8126 17298 2599556 1 1024
8141 17296 2599566 1 1024
8157 17294 2599576 1 1024
8175 17293 2599586 1 1024
8193 17292 2599596 1 682
8209 17292 2599606 1 317
8223 17292 2599616 1 8
8232 17294 2599626 0 0
8236 17298 2599636 0 0
8235 17308 2599646 0 0
8226 17315 2599656 0 0
8214 17324 2599666 0 0
8202 17333 2599676 0 0
8189 17343 2599686 0 0
8179 17352 2599696 0 0
8171 17362 2599706 0 0
8166 17370 2599716 0 0
8165 17376 2599726 0 0
8166 17381 2599736 0 0
8170 17383 2599746 0 0
8175 17384 2599756 0 0
8181 17382 2599766 0 0
8186 17378 2599776 1 25
8190 17368 2599786 1 268
8192 17361 2599796 1 378
8192 17354 2599806 1 478
8191 17346 2599816 1 563
8189 17340 2599826 1 633
8187 17335 2599836 1 683
8186 17331 2599846 1 712
8185 17329 2599856 1 716
8187 17329 2599866 1 695
8188 17330 2599876 1 679
8190 17331 2599886 1 651
8194 17335 2599896 1 589
8199 17339 2599906 1 514
8206 17345 2599916 1 429
8213 17351 2599926 1 337
8221 17363 2599936 1 152
8227 17368 2599946 1 66
8231 17373 2599956 0 0
8235 17376 2599966 0 0
8238 17378 2599976 0 0
8240 17378 2599986 0 0
8240 17377 2599996 0 0
8240 17375 2600006 0 0
8239 17372 2600016 0 0
8237 17368 2600026 0 0
8234 17364 2600036 0 0
8231 17360 2600046 0 0
8229 17356 2600056 0 0
8227 17352 2600066 0 0
8226 17345 2600076 0 0
8225 17343 2600086 0 0
8225 17341 2600096 0 0
8225 17340 2600106 0 0
8227 17340 2600116 1 29
8230 17340 2600126 1 78
8233 17341 2600136 1 131
8236 17341 2600146 1 187
8240 17342 2600156 1 245
8244 17342 2600166 1 305
8247 17342 2600176 1 364
8250 17342 2600186 1 423
8253 17342 2600196 1 480
8255 17341 2600206 1 533
8257 17340 2600216 1 628
8259 17339 2600226 1 668
8261 17338 2600236 1 702
8263 17338 2600246 1 728
8265 17337 2600256 1 745
8266 17338 2600266 1 754
8267 17338 2600276 1 756
8268 17339 2600286 1 757
8268 17340 2600296 1 758
8267 17342 2600306 1 757
8265 17344 2600316 1 758
8262 17346 2600326 1 758
8259 17347 2600336 1 759
8255 17349 2600346 1 759
8252 17351 2600356 1 759
8247 17352 2600366 1 759
8243 17351 2600376 1 759
8239 17351 2600386 1 759
8237 17350 2600396 1 759
8236 17349 2600406 1 760
8233 17348 2600416 1 761
8232 17346 2600426 1 762
8232 17344 2600436 1 763
8234 17341 2600446 1 765
8237 17339 2600456 1 766
8241 17338 2600466 1 768
8246 17336 2600476 1 770
8253 17335 2600486 1 771
8260 17335 2600496 1 773
8268 17333 2600506 1 777
8276 17334 2600516 1 778
8282 17335 2600526 1 779
8288 17336 2600536 1 781
8291 17338 2600546 1 783
8293 17340 2600556 1 785
8292 17342 2600566 1 786
8288 17345 2600576 1 789
8282 17347 2600586 1 790
8275 17349 2600596 1 791
8266 17351 2600606 1 794
8256 17354 2600616 1 795
8247 17356 2600626 1 797
8237 17358 2600636 1 799
8228 17362 2600646 1 802
8222 17363 2600656 1 803
8218 17363 2600666 1 806
8216 17363 2600676 1 807
8217 17363 2600686 1 808
8220 17362 2600696 1 811
8224 17361 2600706 1 812
8231 17359 2600716 1 815
8238 17357 2600726 1 816
8245 17355 2600736 1 818
8253 17353 2600746 1 820
8260 17351 2600756 1 822
8267 17348 2600766 1 824
8273 17347 2600776 1 825
8280 17344 2600786 1 830
8283 17344 2600796 1 831
8286 17344 2600806 1 834
8289 17345 2600816 1 835
8292 17346 2600826 1 838
8294 17348 2600836 1 839
8298 17350 2600846 1 842
8301 17352 2600856 1 843
8306 17354 2600866 1 846
8310 17356 2600876 1 847
8316 17358 2600886 1 850
8322 17359 2600896 1 851
8327 17360 2600906 1 854
8330 17361 2600916 1 854
8333 17361 2600926 1 855
8338 17360 2600936 1 860
8341 17359 2600946 1 861
8343 17358 2600956 1 864
8345 17356 2600966 1 865
8346 17355 2600976 1 868
8347 17354 2600986 1 871
8347 17352 2600996 1 872
8347 17351 2601006 1 875
8345 17350 2601016 1 876
8343 17349 2601026 1 879
8340 17349 2601036 1 882
8336 17350 2601046 1 883
8331 17342 2601056 1 886
8324 17334 2601066 1 889
8316 17318 2601076 1 893
8299 17310 2601086 1 895
8275 17302 2601096 1 897
8247 17295 2601106 1 900
8217 17289 2601116 1 902
8189 17289 2601126 1 904
8162 17293 2601136 1 907
8139 17301 2601146 1 909
8121 17311 2601156 1 911
8108 17322 2601166 1 914
8112 17334 2601176 1 917
8128 17344 2601186 1 919
8154 17353 2601196 1 921
8187 17358 2601206 1 924
8256 17359 2601216 1 928
8288 17354 2601226 1 931
8313 17347 2601236 1 933
8329 17337 2601246 1 936
8333 17326 2601256 1 938
8326 17315 2601266 1 941
8307 17306 2601276 1 944
8279 17299 2601286 1 947
8243 17296 2601296 1 949
8204 17296 2601306 1 951
8165 17301 2601316 1 954
8132 17309 2601326 1 957
8109 17319 2601336 1 960
8096 17332 2601346 1 963
8109 17358 2601356 1 967
8134 17370 2601366 1 970
8170 17378 2601376 1 973
8213 17382 2601386 1 976
8259 17381 2601396 1 978
8303 17373 2601406 1 981
8342 17369 2601416 1 984
8371 17355 2601426 1 987
8386 17329 2601436 1 990
8382 17288 2601446 1 993
