7769 17728 2656956 1 385
7730 17688 2656966 1 237
7725 17679 2656976 1 130
7726 17676 2656986 1 100
7728 17676 2656996 1 100
7726 17671 2657006 1 99
7730 17673 2657016 1 98
7736 17676 2657026 1 98
7741 17680 2657036 1 129
7746 17685 2657046 1 198
7752 17689 2657056 1 276
7757 17695 2657066 1 359
7762 17699 2657076 1 445
7766 17703 2657086 1 526
7770 17706 2657096 1 601
7773 17708 2657106 1 664
7775 17709 2657116 1 694
7777 17710 2657126 1 713
7778 17710 2657136 1 742
7779 17709 2657146 1 746
7778 17708 2657156 1 724
7776 17707 2657166 1 669
7774 17706 2657176 1 581
7770 17705 2657186 1 469
7765 17705 2657196 1 344
7760 17706 2657206 1 219
7755 17706 2657216 1 105
7749 17705 2657226 1 85
7745 17703 2657236 1 84
7740 17699 2657246 1 83
7737 17693 2657256 1 83
7734 17672 2657266 1 81
7735 17667 2657276 1 81
7736 17660 2657286 1 80
7737 17645 2657296 1 140
7739 17631 2657306 1 227
7741 17617 2657316 1 321
7744 17604 2657326 1 417
7747 17596 2657336 1 513
7751 17591 2657346 1 604
7756 17590 2657356 1 688
7762 17593 2657366 1 761
7769 17601 2657376 1 823
7777 17612 2657386 1 875
7786 17626 2657396 1 918
7796 17642 2657406 1 952
7806 17659 2657416 1 976
7817 17675 2657426 1 976
7828 17691 2657436 1 977
7833 17698 2657446 1 977
7839 17706 2657456 1 978
7849 17718 2657466 1 978
7858 17730 2657476 1 978
7867 17740 2657486 1 979
7874 17748 2657496 1 973
7880 17756 2657506 1 955
7885 17763 2657516 1 933
7888 17769 2657526 1 910
7889 17774 2657536 1 885
7889 17779 2657546 1 859
7888 17783 2657556 1 834
7885 17786 2657566 1 809
7875 17790 2657576 1 762
7869 17791 2657586 1 743
7863 17792 2657596 1 726
7859 17792 2657606 1 719
7855 17793 2657616 1 713
7847 17793 2657626 1 704
7840 17793 2657636 1 699
7833 17793 2657646 1 697
7826 17794 2657656 1 699
7820 17794 2657666 1 702
7814 17794 2657676 1 708
7808 17794 2657686 1 714
7803 17794 2657696 1 722
7799 17794 2657706 1 729
7795 17793 2657716 1 736
7792 17793 2657726 1 739
7790 17792 2657736 1 740
7788 17790 2657746 1 737
7788 17788 2657756 1 727
7788 17785 2657766 1 711
7788 17782 2657776 1 701
7788 17778 2657786 1 688
7789 17773 2657796 1 661
7792 17768 2657806 1 628
7794 17761 2657816 1 590
7798 17754 2657826 1 549
7801 17746 2657836 1 505
7805 17737 2657846 1 458
7810 17729 2657856 1 411
7815 17720 2657866 1 362
7821 17711 2657876 1 314
7833 17696 2657886 1 219
7839 17690 2657896 1 174
7845 17685 2657906 1 132
7851 17681 2657916 1 93
7857 17679 2657926 1 57
7861 17679 2657936 1 42
7865 17678 2657946 1 35
7868 17678 2657956 1 35
7871 17679 2657966 1 34
7872 17680 2657976 1 34
7872 17681 2657986 1 33
7871 17683 2657996 1 32
7869 17684 2658006 1 32
7866 17685 2658016 1 31
7862 17685 2658026 1 30
7858 17685 2658036 1 30
7853 17684 2658046 1 29
7849 17684 2658056 1 39
7845 17683 2658066 1 65
7842 17683 2658076 1 93
7839 17684 2658086 1 124
7837 17685 2658096 1 157
7836 17686 2658106 1 174
7836 17688 2658116 1 191
7835 17691 2658126 1 228
7836 17694 2658136 1 266
7836 17699 2658146 1 305
7837 17703 2658156 1 345
7839 17708 2658166 1 385
7840 17712 2658176 1 424
7840 17716 2658186 1 464
7841 17722 2658196 1 541
7841 17725 2658206 1 579
7840 17726 2658216 1 614
7840 17727 2658226 1 648
7839 17728 2658236 1 679
7838 17727 2658246 1 708
7837 17727 2658256 1 735
7836 17726 2658266 1 748
7836 17724 2658276 1 759
7835 17723 2658286 1 779
7835 17722 2658296 1 796
7836 17721 2658306 1 809
7836 17719 2658316 1 820
7836 17717 2658326 1 827
7837 17716 2658336 1 832
7838 17714 2658346 1 834
7838 17712 2658356 1 834
7838 17711 2658366 1 834
7838 17710 2658376 1 830
7838 17710 2658386 1 826
7838 17710 2658396 1 821
7837 17710 2658406 1 815
7836 17711 2658416 1 808
7835 17712 2658426 1 801
7835 17713 2658436 1 798
7834 17715 2658446 1 794
7833 17716 2658456 1 788
7833 17718 2658466 1 781
7833 17719 2658476 1 774
7834 17720 2658486 1 769
7835 17721 2658496 1 763
7838 17724 2658506 1 753
7841 17725 2658516 1 749
7843 17726 2658526 1 746
7845 17727 2658536 1 743
7848 17728 2658546 1 741
7850 17730 2658556 1 738
7852 17731 2658566 1 737
7854 17732 2658576 1 736
7856 17733 2658586 1 737
7857 17733 2658596 1 737
7857 17733 2658606 1 738
7858 17735 2658616 1 740
7858 17736 2658626 1 742
7858 17738 2658636 1 745
7857 17740 2658646 1 750
7856 17743 2658656 1 756
7854 17745 2658666 1 761
7853 17748 2658676 1 769
7851 17750 2658686 1 777
7850 17752 2658696 1 786
7848 17754 2658706 1 797
7847 17755 2658716 1 808
7846 17755 2658726 1 822
7846 17755 2658736 1 834
7846 17754 2658746 1 838
7846 17754 2658756 1 825
7846 17754 2658766 1 813
7847 17754 2658776 1 786
7848 17754 2658786 1 725
7850 17756 2658796 1 647
7853 17758 2658806 1 557
7861 17764 2658816 1 360
7867 17768 2658826 1 263
7873 17772 2658836 1 176
7879 17776 2658846 1 100
7885 17779 2658856 1 42
7892 17782 2658866 1 26
7898 17784 2658876 1 26
7903 17784 2658886 1 27
7906 17782 2658896 1 28
7909 17780 2658906 1 28
7911 17777 2658916 1 29
7909 17776 2658926 1 30
7907 17774 2658936 1 30
7906 17770 2658946 1 31
7904 17766 2658956 1 32
7902 17763 2658966 1 32
7900 17761 2658976 1 33
7898 17759 2658986 1 34
7897 17759 2658996 1 34
7897 17759 2659006 1 35
7896 17759 2659016 1 35
7896 17759 2659026 1 53
7896 17759 2659036 1 86
7897 17758 2659046 1 125
7896 17756 2659056 1 168
7895 17753 2659066 1 217
7894 17749 2659076 1 269
7891 17745 2659086 1 323
7889 17743 2659096 1 351
7887 17740 2659106 1 380
7881 17735 2659116 1 437
7866 17728 2659126 1 549
7858 17725 2659136 1 603
7850 17724 2659146 1 653
7842 17723 2659156 1 699
7835 17722 2659166 1 740
7829 17721 2659176 1 776
7825 17720 2659186 1 806
7822 17717 2659196 1 826
7821 17714 2659206 1 839
7821 17710 2659216 1 844
7823 17705 2659226 1 851
7827 17699 2659236 1 856
7832 17694 2659246 1 860
7836 17690 2659256 1 863
7841 17686 2659266 1 865
7847 17683 2659276 1 869
7854 17681 2659286 1 874
7860 17681 2659296 1 876
7866 17684 2659306 1 879
7873 17688 2659316 1 881
7878 17695 2659326 1 883
7883 17703 2659336 1 884
7888 17714 2659346 1 885
7892 17724 2659356 1 886
7895 17736 2659366 1 886
7898 17746 2659376 1 886
7900 17756 2659386 1 887
7902 17765 2659396 1 886
7903 17771 2659406 1 887
7904 17776 2659416 1 887
7904 17778 2659426 1 886
7905 17779 2659436 1 887
7906 17777 2659446 1 887
7907 17775 2659456 1 888
7908 17771 2659466 1 888
7909 17766 2659476 1 890
7910 17761 2659486 1 890
7911 17756 2659496 1 891
7912 17751 2659506 1 892
7913 17746 2659516 1 894
7913 17743 2659526 1 894
7914 17741 2659536 1 896
7914 17739 2659546 1 897
7914 17739 2659556 1 898
7914 17739 2659566 1 899
7915 17740 2659576 1 900
7915 17741 2659586 1 900
7914 17742 2659596 1 901
7914 17744 2659606 1 901
7913 17745 2659616 1 903
7912 17747 2659626 1 903
7911 17748 2659636 1 904
7910 17750 2659646 1 905
7908 17751 2659656 1 906
7907 17752 2659666 1 907
7905 17731 2659676 1 908
7903 17714 2659686 1 909
7902 17695 2659696 1 909
7901 17674 2659706 1 910
7889 17655 2659716 1 911
7871 17636 2659726 1 912
7848 17620 2659736 1 913
7813 17601 2659746 1 914
7802 17602 2659756 1 915
7779 17609 2659766 1 915
7759 17624 2659776 1 917
7743 17644 2659786 1 917
7730 17667 2659796 1 918
7733 17692 2659806 1 919
7748 17716 2659816 1 920
7772 17736 2659826 1 921
7801 17753 2659836 1 922
7833 17763 2659846 1 922
7866 17767 2659856 1 924
7897 17763 2659866 1 924
7922 17752 2659876 1 925
7939 17735 2659886 1 926
7948 17711 2659896 1 926
7948 17684 2659906 1 928
7938 17654 2659916 1 928
7920 17625 2659926 1 929
7893 17599 2659936 1 930
7861 17580 2659946 1 931
7824 17569 2659956 1 932
7787 17571 2659966 1 933
7752 17587 2659976 1 934
7722 17595 2659986 1 935
7701 17625 2659996 1 936
7692 17682 2660006 1 936
7699 17772 2660016 1 938
