7867 17661 7051128 1 706
7867 17661 7051138 1 711
7867 17660 7051148 1 713
7866 17660 7051158 1 714
7866 17660 7051168 1 714
7865 17660 7051178 1 714
7864 17660 7051188 1 715
7866 17660 7051198 1 715
7867 17661 7051208 1 716
7871 17663 7051218 1 716
7878 17665 7051228 1 716
7884 17665 7051238 1 717
7889 17664 7051248 1 717
7893 17662 7051258 1 717
7897 17660 7051268 1 718
7901 17658 7051278 1 718
7904 17657 7051288 1 719
7907 17657 7051298 1 719
7913 17656 7051308 1 719
7918 17656 7051318 1 720
7921 17657 7051328 1 720
7923 17658 7051338 1 720
7924 17659 7051348 1 721
7924 17659 7051358 1 721
7923 17660 7051368 1 721
7923 17660 7051378 1 721
7921 17661 7051388 1 722
7920 17663 7051398 1 722
7918 17665 7051408 1 723
7916 17667 7051418 1 723
7913 17670 7051428 1 724
7911 17673 7051438 1 724
7909 17674 7051448 1 724
7908 17676 7051458 1 724
7906 17678 7051468 1 725
7904 17681 7051478 1 725
7902 17685 7051488 1 725
7901 17688 7051498 1 726
7901 17692 7051508 1 726
7901 17697 7051518 1 727
7901 17699 7051528 1 727
7902 17701 7051538 1 727
7902 17704 7051548 1 727
7901 17707 7051558 1 728
7900 17710 7051568 1 729
7898 17712 7051578 1 729
7896 17714 7051588 1 730
7893 17715 7051598 1 730
7891 17716 7051608 1 730
7889 17716 7051618 1 731
7885 17717 7051628 1 731
7880 17717 7051638 1 732
7875 17717 7051648 1 731
7870 17716 7051658 1 731
7865 17715 7051668 1 732
7860 17713 7051678 1 732
7858 17712 7051688 1 733
7856 17710 7051698 1 733
7852 17707 7051708 1 733
7849 17704 7051718 1 734
7846 17700 7051728 1 734
7844 17696 7051738 1 735
7844 17691 7051748 1 736
7846 17686 7051758 1 736
7847 17684 7051768 1 736
7849 17681 7051778 1 736
7853 17676 7051788 1 737
7858 17671 7051798 1 737
7864 17666 7051808 1 738
7870 17662 7051818 1 738
7877 17657 7051828 1 738
7883 17652 7051838 1 739
7886 17650 7051848 1 740
7888 17648 7051858 1 740
7893 17644 7051868 1 740
7897 17640 7051878 1 740
7900 17636 7051888 1 741
7901 17632 7051898 1 741
7901 17629 7051908 1 742
7899 17625 7051918 1 742
7898 17624 7051928 1 742
7895 17622 7051938 1 743
7890 17618 7051948 1 744
7882 17614 7051958 1 744
7873 17610 7051968 1 744
7863 17605 7051978 1 745
7853 17599 7051988 1 745
7842 17593 7051998 1 746
7837 17590 7052008 1 747
7832 17587 7052018 1 747
7822 17580 7052028 1 747
7813 17573 7052038 1 748
7805 17566 7052048 1 748
7798 17560 7052058 1 748
7792 17553 7052068 1 749
7788 17547 7052078 1 750
7786 17545 7052088 1 750
7784 17542 7052098 1 750
7782 17537 7052108 1 751
7782 17532 7052118 1 752
7782 17527 7052128 1 752
7784 17524 7052138 1 753
7788 17521 7052148 1 753
7793 17520 7052158 1 753
7796 17520 7052168 1 754
7798 17520 7052178 1 754
7803 17520 7052188 1 754
7807 17522 7052198 1 755
7810 17524 7052208 1 755
7813 17528 7052218 1 756
7815 17532 7052228 1 757
7817 17538 7052238 1 757
7818 17542 7052248 1 757
7818 17545 7052258 1 758
7819 17553 7052268 1 758
7820 17561 7052278 1 759
7821 17569 7052288 1 759
7822 17576 7052298 1 760
7822 17583 7052308 1 761
7823 17590 7052318 1 761
7824 17593 7052328 1 761
7825 17595 7052338 1 762
7826 17600 7052348 1 763
7828 17605 7052358 1 763
7830 17608 7052368 1 763
7833 17611 7052378 1 764
7837 17613 7052388 1 765
7842 17615 7052398 1 765
7844 17615 7052408 1 765
7847 17615 7052418 1 765
7852 17615 7052428 1 766
7859 17614 7052438 1 766
7865 17613 7052448 1 767
7872 17610 7052458 1 768
7878 17608 7052468 1 768
7884 17605 7052478 1 768
7887 17603 7052488 1 769
7889 17602 7052498 1 769
7894 17599 7052508 1 770
7898 17596 7052518 1 770
7901 17594 7052528 1 770
7904 17592 7052538 1 771
7906 17591 7052548 1 772
7909 17589 7052558 1 773
7910 17588 7052568 1 774
7911 17588 7052578 1 773
7914 17587 7052588 1 773
7917 17587 7052598 1 774
7920 17586 7052608 1 775
7923 17586 7052618 1 775
7926 17587 7052628 1 776
7928 17587 7052638 1 777
7929 17588 7052648 1 778
7930 17588 7052658 1 778
7932 17590 7052668 1 778
7934 17592 7052678 1 778
7936 17594 7052688 1 779
7938 17596 7052698 1 780
7939 17598 7052708 1 781
7940 17601 7052718 1 781
7940 17602 7052728 1 781
7940 17604 7052738 1 782
7940 17607 7052748 1 783
7940 17609 7052758 1 783
7939 17612 7052768 1 784
7937 17615 7052778 1 785
7935 17617 7052788 1 785
7933 17619 7052798 1 786
7932 17620 7052808 1 786
7930 17621 7052818 1 786
7927 17622 7052828 1 787
7924 17623 7052838 1 788
7921 17624 7052848 1 789
7917 17624 7052858 1 789
7914 17623 7052868 1 790
7910 17623 7052878 1 790
7909 17622 7052888 1 790
7907 17622 7052898 1 790
7905 17620 7052908 1 791
7902 17619 7052918 1 792
7901 17617 7052928 1 793
7899 17616 7052938 1 793
7898 17614 7052948 1 794
7897 17613 7052958 1 795
7897 17613 7052968 1 795
7896 17612 7052978 1 796
7896 17611 7052988 1 797
7895 17611 7052998 1 797
7895 17611 7053008 1 797
7894 17611 7053018 1 798
7893 17611 7053028 1 799
7892 17611 7053038 1 800
7892 17611 7053048 1 800
7892 17611 7053058 1 800
7891 17612 7053068 1 801
7890 17613 7053078 1 802
7889 17614 7053088 1 802
7889 17616 7053098 1 803
7888 17617 7053108 1 804
7887 17618 7053118 1 805
7887 17618 7053128 1 805
7887 17619 7053138 1 805
7886 17620 7053148 1 806
7886 17621 7053158 1 807
7885 17623 7053168 1 808
7885 17624 7053178 1 809
7885 17625 7053188 1 809
7885 17625 7053198 1 809
7885 17626 7053208 1 809
7885 17626 7053218 1 810
7885 17626 7053228 1 810
7885 17626 7053238 1 811
7886 17626 7053248 1 812
7886 17626 7053258 1 813
7886 17625 7053268 1 814
7886 17624 7053278 1 814
7886 17624 7053288 1 814
7886 17623 7053298 1 814
7886 17622 7053308 1 815
7885 17621 7053318 1 816
7884 17619 7053328 1 817
7883 17617 7053338 1 818
7881 17615 7053348 1 819
7879 17613 7053358 1 820
7878 17612 7053368 1 820
7876 17610 7053378 1 820
7874 17607 7053388 1 821
7871 17605 7053398 1 821
7868 17602 7053408 1 822
7866 17598 7053418 1 823
7865 17595 7053428 1 824
7864 17593 7053438 1 825
7863 17591 7053448 1 825
7863 17590 7053458 1 826
7863 17588 7053468 1 826
7864 17586 7053478 1 827
7865 17585 7053488 1 828
7866 17584 7053498 1 828
7868 17583 7053508 1 829
7870 17582 7053518 1 830
7871 17582 7053528 1 830
7872 17581 7053538 1 831
7874 17581 7053548 1 832
7877 17581 7053558 1 832
7879 17581 7053568 1 833
7881 17581 7053578 1 834
7883 17582 7053588 1 834
7885 17583 7053598 1 834
7886 17584 7053608 1 834
7887 17585 7053618 1 834
7888 17587 7053628 1 835
7888 17588 7053638 1 836
7888 17591 7053648 1 837
7888 17593 7053658 1 838
7887 17595 7053668 1 839
7886 17598 7053678 1 840
7886 17599 7053688 1 841
7885 17600 7053698 1 841
7883 17603 7053708 1 842
7882 17605 7053718 1 842
7880 17608 7053728 1 843
7878 17610 7053738 1 844
7876 17613 7053748 1 844
7874 17615 7053758 1 845
7873 17616 7053768 1 846
7872 17617 7053778 1 846
7871 17619 7053788 1 847
7870 17621 7053798 1 848
7870 17622 7053808 1 849
7870 17624 7053818 1 849
7871 17625 7053828 1 850
7872 17626 7053838 1 851
7872 17626 7053848 1 852
7873 17626 7053858 1 852
7875 17626 7053868 1 853
7877 17627 7053878 1 854
7880 17627 7053888 1 855
7883 17627 7053898 1 855
7886 17628 7053908 1 856
7890 17629 7053918 1 856
7892 17629 7053928 1 857
7894 17629 7053938 1 857
7898 17630 7053948 1 858
7902 17632 7053958 1 859
7906 17632 7053968 1 860
7911 17633 7053978 1 860
7915 17634 7053988 1 861
7919 17634 7053998 1 862
7921 17634 7054008 1 863
7923 17634 7054018 1 863
7927 17634 7054028 1 863
7930 17633 7054038 1 864
7934 17633 7054048 1 865
7937 17631 7054058 1 866
7940 17629 7054068 1 867
7942 17627 7054078 1 868
7943 17626 7054088 1 869
7944 17625 7054098 1 869
7946 17622 7054108 1 870
7947 17620 7054118 1 871
7947 17617 7054128 1 871
7947 17615 7054138 1 872
7946 17613 7054148 1 873
7946 17611 7054158 1 874
7945 17610 7054168 1 875
7945 17610 7054178 1 875
7944 17609 7054188 1 876
7943 17608 7054198 1 877
7942 17607 7054208 1 878
7942 17607 7054218 1 879
7942 17608 7054228 1 879
7941 17608 7054238 1 880
7941 17608 7054248 1 881
7941 17609 7054258 1 881
7941 17609 7054268 1 881
7941 17610 7054278 1 882
7942 17611 7054288 1 883
7942 17612 7054298 1 884
7942 17614 7054308 1 885
7942 17615 7054318 1 886
7942 17616 7054328 1 887
7942 17617 7054338 1 887
7942 17619 7054348 1 888
7942 17622 7054358 1 889
7942 17624 7054368 1 890
7942 17626 7054378 1 891
7942 17627 7054388 1 892
7941 17629 7054398 1 893
7941 17630 7054408 1 894
7940 17630 7054418 1 894
7939 17631 7054428 1 895
7937 17632 7054438 1 895
7935 17633 7054448 1 897
7933 17634 7054458 1 898
7930 17635 7054468 1 899
7928 17636 7054478 1 900
7927 17636 7054488 1 901
7925 17637 7054498 1 901
7923 17638 7054508 1 902
7920 17638 7054518 1 903
7918 17639 7054528 1 904
7916 17639 7054538 1 904
7914 17640 7054548 1 905
7912 17640 7054558 1 906
7911 17640 7054568 1 907
7910 17640 7054578 1 907
7908 17640 7054588 1 908
7906 17640 7054598 1 909
7905 17639 7054608 1 910
7903 17639 7054618 1 911
7902 17639 7054628 1 912
7900 17638 7054638 1 912
7899 17638 7054648 1 912
7899 17638 7054658 1 912
7897 17638 7054668 1 913
7896 17638 7054678 1 914
7896 17638 7054688 1 915
7895 17639 7054698 1 916
7895 17639 7054708 1 916
7896 17640 7054718 1 917
7896 17640 7054728 1 918
7896 17641 7054738 1 918
7898 17642 7054748 1 918
7899 17643 7054758 1 918
7900 17643 7054768 1 919
7902 17644 7054778 1 919
7904 17644 7054788 1 920
7905 17643 7054798 1 921
7906 17643 7054808 1 921
7907 17643 7054818 1 921
7909 17642 7054828 1 922
7911 17640 7054838 1 922
7913 17639 7054848 1 922
7916 17637 7054858 1 923
7918 17636 7054868 1 924
7921 17634 7054878 1 924
7923 17633 7054888 1 925
7924 17632 7054898 1 925
7927 17630 7054908 1 926
7930 17628 7054918 1 926
7933 17626 7054928 1 927
7935 17624 7054938 1 927
7936 17622 7054948 1 927
7938 17620 7054958 1 928
7938 17619 7054968 1 929
7938 17618 7054978 1 929
7939 17615 7054988 1 929
7938 17613 7054998 1 930
7937 17611 7055008 1 931
7936 17609 7055018 1 932
7934 17607 7055028 1 933
7932 17605 7055038 1 934
7931 17604 7055048 1 934
7930 17604 7055058 1 934
7927 17603 7055068 1 935
7925 17602 7055078 1 936
7923 17601 7055088 1 938
7922 17601 7055098 1 939
7921 17601 7055108 1 940
7921 17601 7055118 1 942
7921 17601 7055128 1 943
7921 17601 7055138 1 943
7922 17602 7055148 1 943
7923 17602 7055158 1 944
7925 17603 7055168 1 946
7927 17603 7055178 1 948
7929 17604 7055188 1 949
7931 17604 7055198 1 951
7932 17604 7055208 1 952
7934 17605 7055218 1 953
7936 17605 7055228 1 955
7939 17606 7055238 1 957
7942 17607 7055248 1 958
7945 17607 7055258 1 959
7947 17608 7055268 1 960
7950 17608 7055278 1 962
7951 17609 7055288 1 963
7952 17609 7055298 1 963
7954 17609 7055308 1 964
7956 17609 7055318 1 966
7958 17609 7055328 1 968
7960 17608 7055338 1 969
7961 17608 7055348 1 970
7962 17607 7055358 1 971
7963 17607 7055368 1 972
7963 17607 7055378 1 973
7963 17606 7055388 1 974
7964 17606 7055398 1 976
7964 17605 7055408 1 977
7965 17605 7055418 1 978
7965 17605 7055428 1 980
7966 17605 7055438 1 981
7967 17605 7055448 1 981
7967 17606 7055458 1 981
7968 17606 7055468 1 982
7969 17606 7055478 1 982
7970 17607 7055488 1 983
7971 17607 7055498 1 984
7971 17607 7055508 1 984
7972 17607 7055518 1 984
7973 17607 7055528 1 984
7973 17607 7055538 1 984
7973 17608 7055548 1 984
7974 17609 7055558 1 983
7974 17610 7055568 1 983
7973 17611 7055578 1 983
7972 17613 7055588 1 982
7972 17615 7055598 1 981
7971 17616 7055608 1 980
7971 17617 7055618 1 980
7970 17619 7055628 1 978
7970 17621 7055638 1 977
7970 17622 7055648 1 976
7971 17623 7055658 1 975
7971 17624 7055668 1 974
7972 17624 7055678 1 972
7973 17624 7055688 1 970
7974 17624 7055698 1 969
7975 17624 7055708 1 967
7977 17623 7055718 1 965
7979 17622 7055728 1 962
7981 17621 7055738 1 960
7983 17620 7055748 1 959
7986 17619 7055758 1 958
7988 17619 7055768 1 958
7990 17618 7055778 1 958
7994 17617 7055788 1 957
7998 17615 7055798 1 957
8003 17613 7055808 1 958
8007 17610 7055818 1 960
8011 17607 7055828 1 963
8015 17604 7055838 1 966
8016 17603 7055848 1 969
8018 17601 7055858 1 971
8020 17599 7055868 1 974
8022 17597 7055878 1 977
8023 17595 7055888 1 985
8023 17593 7055898 1 994
8023 17591 7055908 1 1000
8023 17590 7055918 1 999
8022 17589 7055928 1 999
8022 17589 7055938 1 999
8020 17588 7055948 1 999
8018 17588 7055958 1 999
8015 17588 7055968 1 998
8012 17588 7055978 1 998
8010 17589 7055988 1 999
8007 17591 7055998 1 998
8006 17591 7056008 1 999
8005 17592 7056018 1 991
8004 17594 7056028 1 965
8002 17596 7056038 1 934
8001 17599 7056048 1 894
7999 17601 7056058 1 850
7997 17603 7056068 1 828
7995 17605 7056078 1 802
7994 17607 7056088 1 781
7993 17608 7056098 1 749
7991 17610 7056108 1 695
7990 17612 7056118 1 638
7988 17615 7056128 1 581
7988 17617 7056138 1 524
7987 17620 7056148 1 466
7987 17622 7056158 1 412
7987 17623 7056168 1 391
7987 17624 7056178 1 384
7987 17626 7056188 1 358
7988 17628 7056198 1 310
7989 17629 7056208 1 264
7989 17630 7056218 1 225
7990 17630 7056228 1 190
7990 17630 7056238 1 162
7990 17630 7056248 1 141
7990 17629 7056258 1 130
7990 17628 7056268 1 131
7990 17627 7056278 1 133
7990 17625 7056288 1 132
7990 17624 7056298 1 133
7990 17622 7056308 1 134
7991 17620 7056318 1 135
7991 17619 7056328 1 136
7992 17618 7056338 1 136
7994 17616 7056348 1 136
7996 17613 7056358 1 138
7999 17611 7056368 1 139
8002 17608 7056378 1 140
8006 17605 7056388 1 140
8010 17602 7056398 1 141
8012 17601 7056408 1 143
8013 17599 7056418 1 150
8017 17595 7056428 1 169
8021 17591 7056438 1 197
8025 17587 7056448 1 232
8028 17582 7056458 1 273
8031 17578 7056468 1 320
8034 17574 7056478 1 344
8035 17571 7056488 1 351
8036 17569 7056498 1 371
8038 17566 7056508 1 425
8039 17562 7056518 1 483
8040 17559 7056528 1 541
8041 17556 7056538 1 599
8041 17554 7056548 1 658
8041 17552 7056558 1 714
8041 17551 7056568 1 746
8040 17551 7056578 1 767
8039 17550 7056588 1 793
8038 17550 7056598 1 817
8037 17550 7056608 1 862
8036 17550 7056618 1 902
8034 17550 7056628 1 935
8033 17550 7056638 1 961
8033 17550 7056648 1 972
8033 17550 7056658 1 978
8032 17550 7056668 1 986
8032 17551 7056678 1 986
8031 17551 7056688 1 986
8031 17551 7056698 1 985
8031 17552 7056708 1 985
8031 17552 7056718 1 984
8031 17552 7056728 1 984
8031 17553 7056738 1 984
8032 17553 7056748 1 984
8032 17554 7056758 1 984
8032 17554 7056768 1 983
8032 17554 7056778 1 983
8032 17554 7056788 1 984
8032 17554 7056798 1 983
8032 17554 7056808 1 983
8032 17555 7056818 1 983
8031 17555 7056828 1 983
8030 17555 7056838 1 982
8029 17555 7056848 1 982
8028 17556 7056858 1 982
8027 17556 7056868 1 982
8026 17557 7056878 1 981
8026 17557 7056888 1 981
8026 17558 7056898 1 981
8025 17559 7056908 1 981
8025 17560 7056918 1 981
8024 17561 7056928 1 981
8023 17563 7056938 1 980
8022 17565 7056948 1 980
8022 17567 7056958 1 980
8021 17568 7056968 1 980
8020 17569 7056978 1 980
8019 17571 7056988 1 979
8018 17573 7056998 1 979
8017 17576 7057008 1 979
8016 17579 7057018 1 979
8016 17582 7057028 1 979
8015 17585 7057038 1 979
8015 17587 7057048 1 979
8015 17589 7057058 1 979
8014 17592 7057068 1 978
8013 17595 7057078 1 978
8012 17599 7057088 1 978
8011 17602 7057098 1 978
8009 17606 7057108 1 978
8008 17609 7057118 1 977
8007 17611 7057128 1 977
8006 17612 7057138 1 977
8004 17616 7057148 1 977
8002 17619 7057158 1 977
8000 17622 7057168 1 976
7998 17625 7057178 1 976
7996 17627 7057188 1 976
7994 17629 7057198 1 976
7993 17630 7057208 1 977
7992 17631 7057218 1 976
7990 17632 7057228 1 975
7989 17633 7057238 1 975
7989 17634 7057248 1 975
7989 17634 7057258 1 975
7990 17634 7057268 1 974
7991 17633 7057278 1 974
7992 17633 7057288 1 974
7993 17633 7057298 1 974
7995 17632 7057308 1 974
7997 17631 7057318 1 974
8000 17630 7057328 1 974
8003 17630 7057338 1 973
8005 17629 7057348 1 973
8007 17628 7057358 1 973
8008 17628 7057368 1 973
8009 17627 7057378 1 973
8010 17627 7057388 1 972
8011 17626 7057398 1 972
8012 17625 7057408 1 972
8013 17624 7057418 1 972
8014 17623 7057428 1 972
8015 17622 7057438 1 971
8015 17621 7057448 1 971
8016 17620 7057458 1 971
8016 17620 7057468 1 971
8016 17619 7057478 1 970
8016 17619 7057488 1 970
8016 17619 7057498 1 970
8016 17619 7057508 1 970
8016 17619 7057518 1 970
8016 17619 7057528 1 970
8016 17619 7057538 1 969
8016 17619 7057548 1 969
8016 17620 7057558 1 969
8015 17620 7057568 1 969
8015 17621 7057578 1 968
8014 17622 7057588 1 968
8014 17624 7057598 1 968
8014 17625 7057608 1 968
8014 17627 7057618 1 968
8014 17629 7057628 1 967
8014 17630 7057638 1 967
8015 17632 7057648 1 967
8015 17634 7057658 1 967
8015 17635 7057668 1 967
8015 17637 7057678 1 966
8015 17638 7057688 1 966
8015 17639 7057698 1 966
8015 17639 7057708 1 966
8014 17639 7057718 1 966
8013 17639 7057728 1 965
8011 17639 7057738 1 965
8009 17639 7057748 1 965
8008 17639 7057758 1 965
8006 17638 7057768 1 964
8004 17638 7057778 1 964
8003 17638 7057788 1 964
8002 17637 7057798 1 964
8001 17637 7057808 1 963
8001 17637 7057818 1 963
8001 17637 7057828 1 963
8001 17637 7057838 1 963
8002 17637 7057848 1 962
8003 17637 7057858 1 962
8004 17638 7057868 1 962
8005 17638 7057878 1 962
8006 17638 7057888 1 962
8007 17638 7057898 1 961
8008 17638 7057908 1 961
8009 17637 7057918 1 961
8009 17637 7057928 1 961
8010 17637 7057938 1 960
8011 17636 7057948 1 960
8011 17635 7057958 1 960
8012 17635 7057968 1 960
8012 17634 7057978 1 959
8012 17634 7057988 1 959
8013 17634 7057998 1 959
8013 17634 7058008 1 959
8014 17634 7058018 1 958
8014 17634 7058028 1 958
