8201 17309 2738157 1 707
8201 17309 2738167 1 712
8201 17309 2738177 1 715
8201 17309 2738187 1 716
8201 17309 2738197 1 716
8201 17309 2738207 1 716
8202 17309 2738217 1 717
8205 17311 2738227 1 717
8207 17312 2738237 1 717
8211 17314 2738247 1 718
8219 17317 2738257 1 718
8226 17319 2738267 1 718
8231 17320 2738277 1 718
8234 17320 2738287 1 718
8236 17320 2738297 1 719
8240 17320 2738307 1 719
8242 17320 2738317 1 720
8244 17320 2738327 1 720
8249 17321 2738337 1 720
8253 17323 2738347 1 721
8256 17325 2738357 1 721
8258 17326 2738367 1 722
8260 17327 2738377 1 722
8261 17327 2738387 1 722
8261 17328 2738397 1 722
8262 17328 2738407 1 722
8263 17329 2738417 1 723
8264 17330 2738427 1 723
8264 17332 2738437 1 724
8264 17333 2738447 1 724
8264 17336 2738457 1 725
8263 17338 2738467 1 725
8262 17339 2738477 1 725
8261 17339 2738487 1 725
8259 17341 2738497 1 726
8256 17343 2738507 1 726
8254 17345 2738517 1 726
8252 17348 2738527 1 727
8251 17351 2738537 1 727
8249 17355 2738547 1 728
8248 17356 2738557 1 728
8247 17358 2738567 1 728
8245 17361 2738577 1 728
8243 17363 2738587 1 729
8240 17365 2738597 1 730
8237 17366 2738607 1 730
8234 17367 2738617 1 731
8230 17367 2738627 1 731
8228 17367 2738637 1 731
8226 17367 2738647 1 732
8221 17367 2738657 1 732
8216 17366 2738667 1 733
8211 17365 2738677 1 733
8206 17363 2738687 1 733
8201 17361 2738697 1 734
8197 17359 2738707 1 734
8195 17357 2738717 1 734
8193 17356 2738727 1 734
8190 17352 2738737 1 734
8187 17349 2738747 1 735
8186 17345 2738757 1 735
8185 17341 2738767 1 736
8186 17337 2738777 1 737
8188 17333 2738787 1 737
8189 17331 2738797 1 737
8191 17328 2738807 1 737
8195 17324 2738817 1 738
8200 17319 2738827 1 738
8205 17315 2738837 1 739
8210 17310 2738847 1 739
8215 17305 2738857 1 739
8220 17300 2738867 1 740
8222 17298 2738877 1 741
8224 17296 2738887 1 741
8228 17291 2738897 1 741
8232 17287 2738907 1 741
8234 17283 2738917 1 742
8236 17279 2738927 1 742
8236 17275 2738937 1 743
8234 17271 2738947 1 743
8232 17269 2738957 1 743
8230 17267 2738967 1 744
8224 17262 2738977 1 745
8216 17258 2738987 1 745
8207 17253 2738997 1 745
8197 17248 2739007 1 746
8187 17243 2739017 1 746
8176 17238 2739027 1 747
8171 17235 2739037 1 748
8166 17232 2739047 1 748
8156 17226 2739057 1 748
8148 17220 2739067 1 749
8141 17214 2739077 1 749
8135 17209 2739087 1 749
8130 17204 2739097 1 750
8126 17199 2739107 1 751
8125 17197 2739117 1 751
8124 17195 2739127 1 751
8123 17191 2739137 1 752
8123 17188 2739147 1 753
8123 17185 2739157 1 753
8125 17182 2739167 1 754
8129 17180 2739177 1 754
8134 17180 2739187 1 754
8137 17180 2739197 1 754
8140 17180 2739207 1 754
8145 17181 2739217 1 754
8150 17183 2739227 1 755
8155 17185 2739237 1 755
8158 17188 2739247 1 756
8162 17193 2739257 1 757
8165 17198 2739267 1 757
8166 17201 2739277 1 758
8167 17204 2739287 1 758
8169 17211 2739297 1 759
8171 17218 2739307 1 759
8172 17225 2739317 1 759
8173 17231 2739327 1 760
8174 17237 2739337 1 761
8175 17243 2739347 1 761
8175 17246 2739357 1 761
8176 17248 2739367 1 762
8177 17252 2739377 1 763
8180 17256 2739387 1 763
8183 17259 2739397 1 763
8187 17262 2739407 1 764
8191 17263 2739417 1 765
8197 17264 2739427 1 765
8199 17264 2739437 1 765
8202 17264 2739447 1 766
8208 17264 2739457 1 767
8214 17263 2739467 1 767
8221 17260 2739477 1 768
8226 17258 2739487 1 769
8231 17255 2739497 1 769
8236 17251 2739507 1 769
8238 17250 2739517 1 769
8239 17248 2739527 1 770
8242 17245 2739537 1 771
8244 17243 2739547 1 771
8246 17240 2739557 1 771
8247 17238 2739567 1 772
8248 17237 2739577 1 773
8248 17236 2739587 1 774
8249 17235 2739597 1 774
8249 17235 2739607 1 774
8250 17235 2739617 1 774
8251 17235 2739627 1 775
8252 17235 2739637 1 776
8253 17236 2739647 1 776
8254 17237 2739657 1 777
8256 17239 2739667 1 778
8256 17239 2739677 1 778
8257 17240 2739687 1 779
8259 17243 2739697 1 779
8260 17245 2739707 1 779
8262 17248 2739717 1 780
8263 17251 2739727 1 781
8264 17254 2739737 1 782
8265 17257 2739747 1 782
8265 17258 2739757 1 782
8265 17260 2739767 1 782
8264 17263 2739777 1 783
8264 17265 2739787 1 783
8262 17268 2739797 1 784
8261 17270 2739807 1 785
8259 17272 2739817 1 785
8256 17274 2739827 1 786
8255 17275 2739837 1 786
8254 17276 2739847 1 786
8251 17277 2739857 1 787
8249 17277 2739867 1 788
8246 17278 2739877 1 789
8244 17278 2739887 1 789
8242 17278 2739897 1 790
8239 17278 2739907 1 790
8238 17278 2739917 1 790
8237 17277 2739927 1 790
8235 17277 2739937 1 791
8234 17276 2739947 1 792
8232 17276 2739957 1 793
8231 17275 2739967 1 793
8229 17275 2739977 1 794
8228 17274 2739987 1 795
8228 17274 2739997 1 796
8227 17273 2740007 1 796
8226 17272 2740017 1 797
8225 17271 2740027 1 797
8224 17270 2740037 1 797
8224 17269 2740047 1 798
8223 17268 2740057 1 799
8222 17267 2740067 1 800
8222 17266 2740077 1 800
8221 17265 2740087 1 800
8221 17265 2740097 1 801
8220 17264 2740107 1 802
8220 17264 2740117 1 802
8219 17264 2740127 1 803
8219 17264 2740137 1 804
8219 17265 2740147 1 805
8219 17265 2740157 1 805
8219 17265 2740167 1 805
8219 17266 2740177 1 806
8220 17267 2740187 1 807
8220 17268 2740197 1 808
8221 17269 2740207 1 809
8221 17270 2740217 1 809
8222 17271 2740227 1 809
8222 17272 2740237 1 809
8223 17272 2740247 1 810
8224 17273 2740257 1 810
8225 17274 2740267 1 811
8226 17275 2740277 1 812
8227 17275 2740287 1 813
8228 17276 2740297 1 814
8229 17276 2740307 1 814
8229 17276 2740317 1 814
8230 17276 2740327 1 814
8230 17276 2740337 1 815
8231 17276 2740347 1 816
8231 17276 2740357 1 817
8231 17275 2740367 1 818
8230 17274 2740377 1 819
8229 17272 2740387 1 820
8228 17271 2740397 1 820
8227 17270 2740407 1 820
8225 17268 2740417 1 821
8223 17266 2740427 1 821
8221 17263 2740437 1 822
8219 17260 2740447 1 823
8217 17258 2740457 1 824
8215 17255 2740467 1 825
8214 17253 2740477 1 825
8213 17252 2740487 1 826
8212 17250 2740497 1 826
8211 17247 2740507 1 827
8211 17245 2740517 1 828
8211 17243 2740527 1 828
8212 17242 2740537 1 829
8213 17241 2740547 1 830
8214 17241 2740557 1 830
8215 17240 2740567 1 831
8217 17240 2740577 1 832
8219 17240 2740587 1 832
8221 17240 2740597 1 833
8223 17240 2740607 1 834
8225 17241 2740617 1 834
8227 17241 2740627 1 834
8228 17242 2740637 1 834
8229 17242 2740647 1 834
8230 17243 2740657 1 835
8231 17244 2740667 1 836
8231 17245 2740677 1 837
8231 17246 2740687 1 838
8231 17247 2740697 1 839
8231 17248 2740707 1 840
8231 17248 2740717 1 841
8230 17249 2740727 1 841
8229 17250 2740737 1 842
8228 17251 2740747 1 842
8227 17252 2740757 1 843
8226 17254 2740767 1 844
8226 17256 2740777 1 844
8225 17257 2740787 1 845
8225 17258 2740797 1 846
8225 17259 2740807 1 846
8224 17260 2740817 1 847
8224 17262 2740827 1 848
8225 17263 2740837 1 849
8226 17265 2740847 1 849
8227 17266 2740857 1 850
8228 17267 2740867 1 851
8228 17267 2740877 1 852
8229 17268 2740887 1 852
8231 17269 2740897 1 853
8233 17270 2740907 1 854
8236 17271 2740917 1 855
8239 17273 2740927 1 855
8243 17274 2740937 1 856
8247 17276 2740947 1 856
8249 17277 2740957 1 857
8252 17277 2740967 1 857
8257 17279 2740977 1 858
8262 17280 2740987 1 859
8267 17282 2740997 1 860
8272 17283 2741007 1 860
8276 17284 2741017 1 861
8281 17284 2741027 1 862
8282 17285 2741037 1 863
8284 17285 2741047 1 863
8287 17285 2741057 1 863
8289 17286 2741067 1 864
8291 17285 2741077 1 865
8292 17285 2741087 1 866
8293 17284 2741097 1 867
8293 17283 2741107 1 868
8293 17282 2741117 1 869
8292 17281 2741127 1 869
8291 17279 2741137 1 870
8290 17277 2741147 1 871
8289 17275 2741157 1 871
8287 17273 2741167 1 872
8284 17271 2741177 1 873
8282 17269 2741187 1 874
8281 17268 2741197 1 875
8280 17268 2741207 1 875
8277 17267 2741217 1 876
8275 17266 2741227 1 877
8274 17265 2741237 1 878
8272 17265 2741247 1 879
8271 17265 2741257 1 879
8271 17265 2741267 1 880
8270 17266 2741277 1 881
8270 17266 2741287 1 881
8270 17266 2741297 1 881
8271 17267 2741307 1 882
8271 17267 2741317 1 883
8272 17268 2741327 1 884
8274 17270 2741337 1 885
8276 17271 2741347 1 886
8277 17272 2741357 1 887
8278 17272 2741367 1 887
8279 17274 2741377 1 888
8281 17276 2741387 1 889
8283 17278 2741397 1 890
8284 17280 2741407 1 891
8284 17281 2741417 1 892
8285 17283 2741427 1 893
8285 17284 2741437 1 894
8285 17284 2741447 1 894
8285 17285 2741457 1 895
8284 17286 2741467 1 895
8282 17287 2741477 1 897
8280 17287 2741487 1 898
8277 17288 2741497 1 899
8274 17288 2741507 1 900
8273 17289 2741517 1 901
8271 17289 2741527 1 901
8269 17289 2741537 1 902
8266 17289 2741547 1 903
8263 17289 2741557 1 904
8261 17289 2741567 1 904
8259 17289 2741577 1 905
8258 17289 2741587 1 906
8257 17289 2741597 1 907
8256 17289 2741607 1 907
8255 17289 2741617 1 908
8254 17289 2741627 1 909
8253 17289 2741637 1 910
8252 17289 2741647 1 911
8251 17289 2741657 1 912
8251 17290 2741667 1 912
8250 17290 2741677 1 912
8250 17290 2741687 1 912
8250 17290 2741697 1 913
8250 17290 2741707 1 914
8249 17290 2741717 1 915
8249 17290 2741727 1 916
8249 17290 2741737 1 916
8249 17290 2741747 1 917
8249 17290 2741757 1 918
8249 17290 2741767 1 918
8249 17290 2741777 1 918
8249 17289 2741787 1 918
8249 17289 2741797 1 919
8249 17288 2741807 1 919
8249 17287 2741817 1 920
8250 17286 2741827 1 921
8250 17285 2741837 1 921
8250 17285 2741847 1 921
8252 17283 2741857 1 922
8253 17282 2741867 1 922
8254 17280 2741877 1 922
8256 17278 2741887 1 923
8258 17277 2741897 1 924
8260 17275 2741907 1 924
8261 17274 2741917 1 924
8263 17273 2741927 1 925
8265 17272 2741937 1 926
8268 17270 2741947 1 926
8271 17269 2741957 1 927
8274 17268 2741967 1 927
8276 17267 2741977 1 927
8279 17267 2741987 1 928
8280 17267 2741997 1 929
8281 17266 2742007 1 929
8283 17266 2742017 1 929
8285 17265 2742027 1 930
8286 17265 2742037 1 931
8287 17264 2742047 1 932
8288 17263 2742057 1 933
8288 17263 2742067 1 934
8288 17262 2742077 1 934
8288 17262 2742087 1 934
8287 17261 2742097 1 935
8286 17260 2742107 1 936
8284 17260 2742117 1 938
8283 17260 2742127 1 939
8281 17259 2742137 1 940
8280 17259 2742147 1 942
8279 17259 2742157 1 943
8278 17258 2742167 1 943
8277 17258 2742177 1 943
8276 17258 2742187 1 944
8275 17258 2742197 1 946
8274 17258 2742207 1 948
8274 17257 2742217 1 949
8274 17257 2742227 1 951
8273 17258 2742237 1 952
8274 17258 2742247 1 953
8274 17258 2742257 1 955
8274 17259 2742267 1 957
8275 17259 2742277 1 958
8275 17260 2742287 1 959
8276 17261 2742297 1 960
8278 17262 2742307 1 962
8278 17262 2742317 1 962
8279 17262 2742327 1 963
8280 17263 2742337 1 964
8282 17263 2742347 1 966
8283 17263 2742357 1 968
8285 17263 2742367 1 969
8287 17263 2742377 1 969
8288 17262 2742387 1 971
8289 17262 2742397 1 972
8290 17262 2742407 1 972
8291 17261 2742417 1 973
8293 17261 2742427 1 975
8294 17261 2742437 1 976
8296 17261 2742447 1 977
8297 17261 2742457 1 979
8298 17260 2742467 1 980
8299 17260 2742477 1 981
8299 17260 2742487 1 981
8300 17260 2742497 1 981
8301 17260 2742507 1 981
8302 17261 2742517 1 982
8302 17261 2742527 1 983
8303 17261 2742537 1 983
8303 17262 2742547 1 983
8303 17262 2742557 1 983
8303 17262 2742567 1 983
8303 17263 2742577 1 983
8303 17264 2742587 1 983
8304 17265 2742597 1 982
8304 17266 2742607 1 982
8305 17268 2742617 1 981
8305 17270 2742627 1 980
8306 17271 2742637 1 980
8306 17272 2742647 1 979
8308 17274 2742657 1 977
8310 17276 2742667 1 976
8312 17278 2742677 1 975
8314 17279 2742687 1 974
8316 17281 2742697 1 973
8319 17281 2742707 1 971
8320 17281 2742717 1 970
8321 17281 2742727 1 968
8324 17281 2742737 1 966
8327 17280 2742747 1 964
8329 17279 2742757 1 961
8332 17278 2742767 1 959
8334 17276 2742777 1 958
8336 17274 2742787 1 958
8338 17273 2742797 1 958
8339 17272 2742807 1 957
8342 17269 2742817 1 956
8346 17266 2742827 1 956
8349 17263 2742837 1 957
8352 17260 2742847 1 959
8354 17256 2742857 1 962
8356 17253 2742867 1 966
8357 17251 2742877 1 969
8357 17250 2742887 1 971
8358 17247 2742897 1 973
8358 17244 2742907 1 977
8358 17242 2742917 1 985
8357 17240 2742927 1 993
8356 17238 2742937 1 999
8355 17236 2742947 1 998
8354 17236 2742957 1 998
8353 17235 2742967 1 998
8351 17235 2742977 1 998
8350 17235 2742987 1 998
8348 17235 2742997 1 998
8346 17236 2743007 1 997
8345 17237 2743017 1 998
8343 17238 2743027 1 997
8342 17239 2743037 1 998
8342 17240 2743047 1 990
8340 17242 2743057 1 965
8339 17243 2743067 1 933
8338 17245 2743077 1 894
8338 17247 2743087 1 850
8337 17248 2743097 1 828
8336 17250 2743107 1 802
8336 17251 2743117 1 781
8336 17252 2743127 1 750
8336 17254 2743137 1 696
8336 17257 2743147 1 639
8336 17259 2743157 1 582
8336 17262 2743167 1 525
8336 17265 2743177 1 468
8336 17267 2743187 1 414
8335 17268 2743197 1 394
8335 17269 2743207 1 386
8335 17271 2743217 1 361
8335 17273 2743227 1 313
8334 17274 2743237 1 267
8333 17275 2743247 1 228
8332 17276 2743257 1 194
8331 17276 2743267 1 166
8331 17277 2743277 1 145
8330 17277 2743287 1 134
8329 17276 2743297 1 135
8328 17276 2743307 1 137
8327 17275 2743317 1 136
8327 17273 2743327 1 137
8327 17272 2743337 1 138
8328 17270 2743347 1 139
8328 17269 2743357 1 140
8329 17268 2743367 1 140
8330 17266 2743377 1 140
8332 17264 2743387 1 142
8334 17262 2743397 1 143
8337 17259 2743407 1 144
8339 17257 2743417 1 145
8343 17253 2743427 1 146
8344 17252 2743437 1 147
8346 17250 2743447 1 155
8350 17246 2743457 1 173
8354 17242 2743467 1 201
8357 17238 2743477 1 235
8361 17234 2743487 1 277
8364 17230 2743497 1 323
8366 17226 2743507 1 347
8368 17224 2743517 1 354
8369 17223 2743527 1 374
8370 17220 2743537 1 428
8372 17217 2743547 1 485
8372 17215 2743557 1 543
8373 17214 2743567 1 601
8373 17213 2743577 1 659
8373 17212 2743587 1 715
8373 17211 2743597 1 747
8373 17211 2743607 1 768
8373 17211 2743617 1 793
8373 17211 2743627 1 817
8372 17212 2743637 1 862
8372 17212 2743647 1 901
8372 17213 2743657 1 934
8372 17214 2743667 1 960
8372 17214 2743677 1 971
8372 17215 2743687 1 977
8372 17216 2743697 1 984
8371 17217 2743707 1 985
8370 17218 2743717 1 985
8370 17218 2743727 1 984
8369 17219 2743737 1 984
8368 17220 2743747 1 983
8367 17221 2743757 1 983
8366 17221 2743767 1 983
8365 17222 2743777 1 983
8363 17223 2743787 1 983
8361 17224 2743797 1 982
8359 17225 2743807 1 982
8356 17226 2743817 1 982
8354 17226 2743827 1 982
8353 17226 2743837 1 982
8352 17227 2743847 1 982
8350 17227 2743857 1 982
8348 17227 2743867 1 981
8346 17226 2743877 1 981
8344 17226 2743887 1 981
8343 17225 2743897 1 981
8343 17225 2743907 1 980
8342 17224 2743917 1 980
8342 17224 2743927 1 980
8342 17224 2743937 1 980
8342 17223 2743947 1 980
8343 17223 2743957 1 980
8343 17222 2743967 1 979
8344 17223 2743977 1 979
8345 17223 2743987 1 979
8346 17223 2743997 1 979
8346 17223 2744007 1 979
8347 17224 2744017 1 978
8348 17225 2744027 1 978
8349 17227 2744037 1 978
8350 17229 2744047 1 978
8350 17231 2744057 1 978
8350 17233 2744067 1 978
8350 17235 2744077 1 978
8350 17236 2744087 1 978
8350 17239 2744097 1 977
8349 17242 2744107 1 977
8348 17246 2744117 1 977
8348 17249 2744127 1 977
8347 17252 2744137 1 977
8346 17255 2744147 1 976
8346 17257 2744157 1 976
8345 17258 2744167 1 976
8345 17261 2744177 1 976
8344 17263 2744187 1 976
8343 17265 2744197 1 975
8343 17267 2744207 1 975
8343 17269 2744217 1 975
8343 17271 2744227 1 975
8343 17272 2744237 1 975
8343 17274 2744247 1 974
8344 17275 2744257 1 974
8345 17277 2744267 1 974
8345 17278 2744277 1 974
8346 17279 2744287 1 973
8347 17280 2744297 1 973
8349 17281 2744307 1 973
8350 17281 2744317 1 973
8352 17281 2744327 1 973
8353 17281 2744337 1 973
8355 17281 2744347 1 972
8357 17281 2744357 1 972
8358 17281 2744367 1 972
8360 17280 2744377 1 972
8361 17280 2744387 1 972
8361 17280 2744397 1 971
8362 17280 2744407 1 970
8362 17280 2744417 1 971
8362 17280 2744427 1 971
8362 17281 2744437 1 971
8361 17281 2744447 1 970
8361 17282 2744457 1 970
8360 17283 2744467 1 970
8359 17283 2744477 1 970
8359 17284 2744487 1 969
8358 17285 2744497 1 968
8357 17286 2744507 1 969
8357 17286 2744517 1 969
8356 17287 2744527 1 969
8355 17288 2744537 1 969
8354 17289 2744547 1 968
8353 17290 2744557 1 968
8352 17291 2744567 1 968
8352 17291 2744577 1 968
8351 17292 2744587 1 967
8351 17292 2744597 1 967
8351 17292 2744607 1 966
8351 17292 2744617 1 966
8351 17291 2744627 1 966
8351 17291 2744637 1 965
8352 17291 2744647 1 965
8353 17290 2744657 1 965
8353 17290 2744667 1 965
8354 17290 2744677 1 965
8355 17290 2744687 1 964
8356 17290 2744697 1 964
8357 17290 2744707 1 964
8358 17289 2744717 1 964
8359 17289 2744727 1 964
8360 17289 2744737 1 963
8361 17288 2744747 1 963
8362 17288 2744757 1 963
8362 17288 2744767 1 963
8363 17288 2744777 1 962
8362 17288 2744787 1 962
8362 17288 2744797 1 962
8362 17288 2744807 1 962
8361 17289 2744817 1 961
8361 17289 2744827 1 961
8361 17290 2744837 1 961
8360 17290 2744847 1 961
8360 17290 2744857 1 960
8360 17290 2744867 1 960
8361 17290 2744877 1 960
8361 17290 2744887 1 960
8361 17290 2744897 1 960
8362 17290 2744907 1 959
8362 17289 2744917 1 959
8363 17289 2744927 1 959
8364 17289 2744937 1 959
8365 17288 2744947 1 958
8366 17288 2744957 1 958
8367 17288 2744967 1 958
8367 17287 2744977 1 958
8368 17287 2744987 1 957
8369 17286 2744997 1 957
8369 17285 2745007 1 957
8369 17284 2745017 1 957
8368 17282 2745027 1 956
8368 17281 2745037 1 956
