8406 17961 5392618 1 491
8273 17844 5392628 1 497
8223 17800 5392638 1 500
8214 17791 5392648 1 502
8210 17786 5392658 1 504
8209 17783 5392668 1 507
8202 17774 5392678 1 509
8203 17772 5392688 1 512
8204 17770 5392698 1 514
8206 17768 5392708 1 516
8207 17765 5392718 1 519
8208 17762 5392728 1 521
8210 17758 5392738 1 523
8211 17755 5392748 1 526
8212 17751 5392758 1 528
8213 17747 5392768 1 529
8214 17743 5392778 1 533
8215 17739 5392788 1 534
8216 17735 5392798 1 538
8216 17733 5392808 1 538
8216 17730 5392818 1 540
8216 17727 5392828 1 541
8216 17725 5392838 1 543
8217 17723 5392848 1 545
8218 17719 5392858 1 546
8218 17716 5392868 1 548
8220 17712 5392878 1 551
8221 17709 5392888 1 553
8222 17707 5392898 1 555
8224 17704 5392908 1 558
8226 17703 5392918 1 560
8228 17701 5392928 1 561
8230 17699 5392938 1 564
8232 17698 5392948 1 566
8233 17697 5392958 1 568
8235 17695 5392968 1 571
8237 17694 5392978 1 573
8238 17693 5392988 1 574
8240 17692 5392998 1 577
8240 17691 5393008 1 578
8241 17691 5393018 1 579
8242 17690 5393028 1 581
8244 17690 5393038 1 584
8245 17690 5393048 1 586
8246 17691 5393058 1 586
8246 17691 5393068 1 588
8247 17692 5393078 1 591
8248 17693 5393088 1 592
8248 17694 5393098 1 594
8247 17696 5393108 1 597
8246 17697 5393118 1 599
8245 17699 5393128 1 600
8244 17701 5393138 1 602
8242 17704 5393148 1 605
8241 17706 5393158 1 607
8239 17708 5393168 1 608
8237 17711 5393178 1 611
8236 17713 5393188 1 613
8235 17715 5393198 1 615
8235 17716 5393208 1 616
8235 17718 5393218 1 618
8235 17720 5393228 1 620
8235 17722 5393238 1 621
8235 17724 5393248 1 623
8236 17725 5393258 1 626
8237 17727 5393268 1 627
8237 17727 5393278 1 628
8238 17727 5393288 1 629
8239 17728 5393298 1 632
8241 17728 5393308 1 634
8242 17727 5393318 1 635
8243 17727 5393328 1 637
8245 17725 5393338 1 640
8245 17723 5393348 1 641
8246 17721 5393358 1 643
8245 17719 5393368 1 646
8244 17717 5393378 1 647
8243 17714 5393388 1 649
8241 17712 5393398 1 650
8240 17710 5393408 1 652
8239 17709 5393418 1 654
8236 17707 5393428 1 655
8232 17705 5393438 1 657
8229 17703 5393448 1 658
8224 17701 5393458 1 661
8220 17700 5393468 1 663
8215 17698 5393478 1 664
8210 17697 5393488 1 666
8207 17696 5393498 1 667
8205 17696 5393508 1 669
8200 17694 5393518 1 670
8196 17693 5393528 1 672
8193 17692 5393538 1 675
8190 17691 5393548 1 676
8188 17690 5393558 1 678
8187 17689 5393568 1 679
8186 17688 5393578 1 681
8187 17688 5393588 1 684
8189 17688 5393598 1 685
8190 17688 5393608 1 687
8192 17689 5393618 1 687
8195 17689 5393628 1 688
8199 17690 5393638 1 691
8204 17692 5393648 1 692
8209 17693 5393658 1 694
8216 17695 5393668 1 695
8223 17698 5393678 1 698
8230 17701 5393688 1 700
8238 17703 5393698 1 701
8246 17706 5393708 1 703
8250 17708 5393718 1 704
8254 17709 5393728 1 705
8261 17712 5393738 1 707
8268 17715 5393748 1 708
8275 17718 5393758 1 710
8281 17721 5393768 1 711
8287 17724 5393778 1 714
8292 17727 5393788 1 715
8297 17730 5393798 1 717
8299 17732 5393808 1 718
8301 17733 5393818 1 719
8305 17737 5393828 1 721
8308 17740 5393838 1 723
8311 17744 5393848 1 724
8313 17748 5393858 1 726
8315 17752 5393868 1 727
8316 17756 5393878 1 730
8317 17759 5393888 1 731
8318 17763 5393898 1 732
8318 17767 5393908 1 734
8318 17770 5393918 1 735
8318 17773 5393928 1 738
8317 17775 5393938 1 739
8317 17777 5393948 1 739
8316 17779 5393958 1 741
8315 17782 5393968 1 742
8314 17784 5393978 1 744
8313 17786 5393988 1 745
8312 17788 5393998 1 748
8311 17789 5394008 1 748
8311 17790 5394018 1 749
8310 17791 5394028 1 750
8310 17792 5394038 1 752
8311 17792 5394048 1 753
8312 17793 5394058 1 756
8313 17793 5394068 1 757
8314 17792 5394078 1 759
8316 17791 5394088 1 760
8318 17790 5394098 1 761
8320 17788 5394108 1 763
8323 17787 5394118 1 765
8325 17784 5394128 1 767
8327 17782 5394138 1 768
8328 17780 5394148 1 769
8329 17779 5394158 1 770
8330 17778 5394168 1 771
8331 17775 5394178 1 772
8332 17773 5394188 1 774
8332 17770 5394198 1 776
8333 17769 5394208 1 776
8333 17767 5394218 1 777
8333 17765 5394228 1 778
8334 17762 5394238 1 780
8334 17760 5394248 1 781
8334 17757 5394258 1 784
8334 17754 5394268 1 785
8335 17752 5394278 1 786
8335 17750 5394288 1 787
8334 17747 5394298 1 789
8334 17745 5394308 1 790
8333 17744 5394318 1 791
8333 17742 5394328 1 794
8332 17741 5394338 1 795
8331 17739 5394348 1 796
8331 17738 5394358 1 798
8330 17738 5394368 1 799
8330 17737 5394378 1 800
8329 17737 5394388 1 800
8329 17736 5394398 1 801
8328 17736 5394408 1 803
8328 17737 5394418 1 803
8328 17736 5394428 1 805
8328 17736 5394438 1 806
8327 17736 5394448 1 808
8327 17736 5394458 1 809
8327 17736 5394468 1 810
8326 17737 5394478 1 811
8326 17737 5394488 1 813
8325 17737 5394498 1 814
8323 17738 5394508 1 816
8322 17738 5394518 1 818
8320 17738 5394528 1 819
8319 17739 5394538 1 820
8317 17739 5394548 1 821
8315 17739 5394558 1 822
8312 17740 5394568 1 824
8310 17740 5394578 1 825
8308 17740 5394588 1 826
8307 17740 5394598 1 827
8306 17740 5394608 1 827
8304 17741 5394618 1 828
8302 17741 5394628 1 830
8300 17742 5394638 1 831
8298 17742 5394648 1 832
8297 17743 5394658 1 833
8296 17743 5394668 1 834
8295 17744 5394678 1 836
8295 17745 5394688 1 837
8295 17746 5394698 1 838
8296 17746 5394708 1 839
8297 17747 5394718 1 840
8298 17748 5394728 1 843
8299 17749 5394738 1 844
8301 17750 5394748 1 845
8302 17750 5394758 1 846
8304 17751 5394768 1 847
8305 17752 5394778 1 848
8306 17752 5394788 1 849
8306 17752 5394798 1 851
8306 17752 5394808 1 851
8306 17752 5394818 1 851
8307 17753 5394828 1 852
8307 17753 5394838 1 853
8306 17753 5394848 1 854
8306 17753 5394858 1 855
8306 17753 5394868 1 856
8305 17752 5394878 1 859
8304 17752 5394888 1 860
8302 17752 5394898 1 861
8301 17751 5394908 1 862
8299 17751 5394918 1 863
8297 17751 5394928 1 864
8295 17751 5394938 1 865
8293 17751 5394948 1 866
8291 17751 5394958 1 867
8289 17751 5394968 1 868
8287 17752 5394978 1 870
8286 17752 5394988 1 871
8285 17752 5394998 1 872
8284 17752 5395008 1 872
8283 17752 5395018 1 873
8282 17753 5395028 1 874
8282 17753 5395038 1 874
8282 17753 5395048 1 875
8282 17753 5395058 1 876
8282 17753 5395068 1 877
8282 17754 5395078 1 878
8283 17754 5395088 1 879
8284 17755 5395098 1 880
8286 17755 5395108 1 881
8287 17756 5395118 1 883
8289 17757 5395128 1 885
8291 17757 5395138 1 886
8292 17758 5395148 1 887
8294 17759 5395158 1 888
8296 17760 5395168 1 889
8298 17760 5395178 1 890
8300 17761 5395188 1 891
8301 17761 5395198 1 891
8301 17761 5395208 1 892
8303 17762 5395218 1 893
8304 17762 5395228 1 894
8305 17762 5395238 1 895
8306 17762 5395248 1 896
8307 17762 5395258 1 896
8307 17761 5395268 1 897
8307 17761 5395278 1 898
8308 17760 5395288 1 899
8308 17759 5395298 1 900
8309 17758 5395308 1 901
8309 17757 5395318 1 902
8310 17756 5395328 1 903
8310 17755 5395338 1 904
8311 17754 5395348 1 905
8312 17753 5395358 1 906
8313 17751 5395368 1 907
8314 17750 5395378 1 908
8314 17749 5395388 1 909
8314 17748 5395398 1 909
8315 17747 5395408 1 910
8315 17746 5395418 1 910
8315 17745 5395428 1 911
8316 17743 5395438 1 912
8316 17742 5395448 1 913
8316 17740 5395458 1 914
8317 17739 5395468 1 915
8317 17738 5395478 1 916
8317 17737 5395488 1 916
8318 17735 5395498 1 917
8319 17734 5395508 1 918
8319 17733 5395518 1 919
8320 17732 5395528 1 919
8321 17731 5395538 1 920
8321 17730 5395548 1 921
8321 17729 5395558 1 922
8321 17729 5395568 1 923
8321 17729 5395578 1 924
8320 17728 5395588 1 924
8320 17728 5395598 1 925
8319 17728 5395608 1 925
8318 17728 5395618 1 926
8317 17728 5395628 1 927
8315 17728 5395638 1 928
8314 17728 5395648 1 929
8313 17728 5395658 1 930
8311 17728 5395668 1 931
8310 17728 5395678 1 932
8309 17729 5395688 1 932
8309 17729 5395698 1 933
8309 17729 5395708 1 933
8309 17730 5395718 1 934
8308 17731 5395728 1 935
8308 17732 5395738 1 936
8308 17734 5395748 1 937
8308 17735 5395758 1 938
8308 17736 5395768 1 939
8308 17737 5395778 1 940
8308 17738 5395788 1 940
8308 17738 5395798 1 940
8309 17738 5395808 1 940
8309 17739 5395818 1 941
8310 17739 5395828 1 942
8310 17739 5395838 1 943
8311 17739 5395848 1 943
8311 17740 5395858 1 944
8312 17740 5395868 1 945
8312 17740 5395878 1 946
8313 17739 5395888 1 947
8313 17739 5395898 1 948
8313 17739 5395908 1 949
8313 17738 5395918 1 949
8313 17738 5395928 1 950
8314 17737 5395938 1 951
8314 17737 5395948 1 952
8314 17736 5395958 1 953
8315 17735 5395968 1 954
8315 17734 5395978 1 956
8315 17733 5395988 1 957
8315 17733 5395998 1 957
8315 17732 5396008 1 958
8315 17732 5396018 1 959
8314 17732 5396028 1 961
8313 17731 5396038 1 962
8313 17731 5396048 1 963
8312 17731 5396058 1 964
8312 17730 5396068 1 965
8312 17730 5396078 1 967
8311 17730 5396088 1 968
8311 17729 5396098 1 970
8311 17728 5396108 1 971
8312 17728 5396118 1 973
8312 17727 5396128 1 974
8312 17727 5396138 1 974
8313 17727 5396148 1 975
8314 17727 5396158 1 976
8315 17726 5396168 1 977
8316 17726 5396178 1 979
8317 17726 5396188 1 981
8317 17726 5396198 1 981
8318 17726 5396208 1 982
8319 17726 5396218 1 984
8319 17725 5396228 1 985
8320 17725 5396238 1 986
8321 17725 5396248 1 989
8321 17725 5396258 1 990
8321 17725 5396268 1 991
8321 17726 5396278 1 992
8321 17726 5396288 1 995
8321 17727 5396298 1 996
8320 17728 5396308 1 997
8320 17729 5396318 1 999
8319 17730 5396328 1 1001
8319 17731 5396338 1 1002
8318 17732 5396348 1 1004
8318 17732 5396358 1 1005
8318 17733 5396368 1 1006
8318 17734 5396378 1 1007
8318 17736 5396388 1 1008
8318 17737 5396398 1 1010
8318 17738 5396408 1 1011
8318 17740 5396418 1 1012
8318 17742 5396428 1 1014
8318 17744 5396438 1 1015
8318 17747 5396448 1 1017
8319 17749 5396458 1 1019
8320 17751 5396468 1 1020
8321 17752 5396478 1 1023
8322 17754 5396488 1 1024
8323 17756 5396498 1 1024
8324 17757 5396508 1 1024
8326 17758 5396518 1 1024
8328 17760 5396528 1 1024
8329 17760 5396538 1 1024
8331 17761 5396548 1 1024
8333 17761 5396558 1 1024
8335 17761 5396568 1 1024
8337 17761 5396578 1 1024
8337 17761 5396588 1 1024
8339 17760 5396598 1 1024
8340 17760 5396608 1 1024
8341 17759 5396618 1 1024
8343 17758 5396628 1 1024
8344 17757 5396638 1 1024
8344 17756 5396648 1 1024
8345 17755 5396658 1 1024
8345 17754 5396668 1 1024
8345 17753 5396678 1 1024
8344 17752 5396688 1 1024
8344 17752 5396698 1 1024
8343 17752 5396708 1 1024
8343 17751 5396718 1 1024
8342 17751 5396728 1 1024
8341 17751 5396738 1 1024
8340 17751 5396748 1 1024
8339 17752 5396758 1 1024
8339 17752 5396768 1 1024
8338 17752 5396778 1 1024
8337 17753 5396788 1 1024
8337 17753 5396798 1 1024
8336 17753 5396808 1 1024
8335 17754 5396818 1 1024
8334 17754 5396828 1 1024
8332 17754 5396838 1 1024
8331 17755 5396848 1 1024
8330 17755 5396858 1 1024
8328 17755 5396868 1 1024
8328 17756 5396878 1 1024
8327 17756 5396888 1 1024
8327 17756 5396898 1 1024
8327 17757 5396908 1 1024
8327 17757 5396918 1 1024
8328 17758 5396928 1 1024
8329 17758 5396938 1 1024
8330 17758 5396948 1 1024
8331 17758 5396958 1 1024
8333 17759 5396968 1 1024
8334 17758 5396978 1 1024
8335 17758 5396988 1 1024
8336 17758 5396998 1 1024
8337 17757 5397008 1 1024
8338 17757 5397018 1 1024
8339 17757 5397028 1 1024
8340 17756 5397038 1 1024
8341 17756 5397048 1 1024
8342 17756 5397058 1 1024
8343 17755 5397068 1 1024
8344 17755 5397078 1 1024
8345 17755 5397088 1 1024
8346 17755 5397098 1 1024
8347 17755 5397108 1 1024
8348 17756 5397118 1 1024
8349 17757 5397128 1 1024
8349 17758 5397138 1 1024
8350 17760 5397148 1 1024
8350 17762 5397158 1 1024
8351 17764 5397168 1 1024
8351 17765 5397178 1 1024
8351 17767 5397188 1 1024
8351 17768 5397198 1 1024
8352 17769 5397208 1 1024
8352 17771 5397218 1 1024
8352 17772 5397228 1 1024
8352 17772 5397238 1 1024
8351 17773 5397248 1 1024
8351 17774 5397258 1 1024
8350 17774 5397268 1 1024
8349 17775 5397278 1 1024
8349 17775 5397288 1 1024
8348 17775 5397298 1 1024
8347 17775 5397308 1 1024
8346 17774 5397318 1 1024
8346 17774 5397328 1 1024
8346 17774 5397338 1 1024
8345 17773 5397348 1 1024
8345 17773 5397358 1 1024
8345 17772 5397368 1 1024
8346 17772 5397378 1 1024
8346 17772 5397388 1 1024
8346 17771 5397398 1 1024
8345 17771 5397408 1 1024
8345 17770 5397418 1 1024
8345 17770 5397428 1 1024
8346 17769 5397438 1 1024
8346 17767 5397448 1 1024
8346 17767 5397458 1 1024
8346 17766 5397468 1 1024
8346 17764 5397478 1 1024
8346 17763 5397488 1 1024
8346 17761 5397498 1 1024
8345 17760 5397508 1 1016
8345 17758 5397518 1 1007
8345 17757 5397528 1 998
8344 17755 5397538 1 988
8344 17754 5397548 1 981
8343 17752 5397558 1 973
8343 17751 5397568 1 967
8342 17750 5397578 1 961
8342 17750 5397588 1 957
8343 17749 5397598 1 955
8343 17748 5397608 1 951
8342 17747 5397618 1 948
8342 17746 5397628 1 947
8342 17745 5397638 1 945
8342 17744 5397648 1 946
8343 17743 5397658 1 948
8343 17742 5397668 1 952
8343 17742 5397678 1 954
8343 17741 5397688 1 957
8344 17741 5397698 1 964
8344 17740 5397708 1 973
8345 17740 5397718 1 983
8346 17739 5397728 1 996
8347 17739 5397738 1 1010
8348 17739 5397748 1 1024
8349 17738 5397758 1 1024
8349 17738 5397768 1 1024
8350 17738 5397778 1 1024
8351 17737 5397788 1 1024
8352 17737 5397798 1 1024
8352 17736 5397808 1 1024
8353 17735 5397818 1 1024
8353 17735 5397828 1 1024
8353 17734 5397838 1 1024
8352 17733 5397848 1 1024
8351 17733 5397858 1 1024
8350 17732 5397868 1 1024
8348 17732 5397878 1 1024
8347 17732 5397888 1 1024
8346 17732 5397898 1 1024
8345 17732 5397908 1 1024
8343 17732 5397918 1 1024
8341 17732 5397928 1 1024
8339 17733 5397938 1 1024
8337 17733 5397948 1 1024
8335 17734 5397958 1 1024
8334 17734 5397968 1 1024
8333 17735 5397978 1 1024
8333 17736 5397988 1 1024
8332 17736 5397998 1 1024
8332 17737 5398008 1 1024
8333 17738 5398018 1 1024
8334 17739 5398028 1 1024
8336 17740 5398038 1 1024
8337 17741 5398048 1 1024
8340 17742 5398058 1 1024
8342 17743 5398068 1 1024
8345 17744 5398078 1 1024
8349 17744 5398088 1 1024
8352 17745 5398098 1 1024
8355 17746 5398108 1 1024
8357 17746 5398118 1 1024
8359 17747 5398128 1 1024
8362 17747 5398138 1 1024
8366 17748 5398148 1 1024
8369 17749 5398158 1 1024
8371 17751 5398168 1 1024
8374 17752 5398178 1 1024
8375 17752 5398188 1 1024
8376 17753 5398198 1 1024
8379 17754 5398208 1 1024
8380 17754 5398218 1 1024
8382 17755 5398228 1 1024
8384 17755 5398238 1 1024
8385 17755 5398248 0 0
8386 17756 5398258 0 0
8388 17756 5398268 0 0
8389 17756 5398278 0 0
8390 17757 5398288 0 0
8391 17757 5398298 0 0
8392 17757 5398308 0 0
8393 17757 5398318 0 0
8395 17756 5398328 0 0
8396 17756 5398338 0 0
8397 17756 5398348 0 0
8398 17755 5398358 0 0
8400 17754 5398368 0 0
8401 17753 5398378 0 0
8403 17752 5398388 0 0
8404 17750 5398398 0 0
8405 17749 5398408 0 0
8405 17747 5398418 0 0
8405 17746 5398428 0 0
8404 17744 5398438 0 0
8404 17743 5398448 0 0
8403 17742 5398458 0 0
8401 17741 5398468 1 33
8400 17740 5398478 1 144
8399 17739 5398488 1 257
8397 17738 5398498 1 372
8396 17738 5398508 1 487
8388 17737 5398518 1 598
8373 17737 5398528 1 705
8354 17737 5398538 1 804
8332 17736 5398548 1 895
8320 17736 5398558 1 938
8306 17736 5398568 1 975
8279 17736 5398578 1 1024
8265 17736 5398588 1 1024
8251 17736 5398598 1 1024
8223 17732 5398608 1 1024
8196 17725 5398618 1 1024
8178 17717 5398628 1 1024
8168 17706 5398638 1 1024
8165 17695 5398648 1 1024
8168 17684 5398658 1 1024
8177 17673 5398668 1 713
8191 17663 5398678 1 305
8209 17654 5398688 0 0
8229 17650 5398698 0 0
8251 17650 5398708 0 0
8275 17655 5398718 0 0
8299 17663 5398728 0 0
8322 17674 5398738 0 0
8344 17688 5398748 0 0
8364 17703 5398758 0 0
8380 17719 5398768 0 0
8388 17728 5398778 0 0
8393 17736 5398788 0 0
8401 17754 5398798 0 0
8404 17771 5398808 0 0
8401 17787 5398818 1 191
8393 17802 5398828 1 426
8381 17815 5398838 1 662
8364 17826 5398848 1 894
8343 17834 5398858 1 1024
8320 17839 5398868 1 1024
8296 17840 5398878 1 1024
8272 17838 5398888 1 1024
8250 17833 5398898 1 1024
8231 17824 5398908 1 1024
8216 17813 5398918 1 1024
8205 17799 5398928 1 1024
8199 17784 5398938 1 1024
8200 17768 5398948 1 1024
8205 17752 5398958 1 1024
8216 17737 5398968 1 1024
8231 17725 5398978 1 1024
8250 17714 5398988 1 1024
8272 17706 5398998 1 1024
8297 17702 5399008 1 1024
8323 17701 5399018 1 1024
8349 17703 5399028 1 1024
8375 17709 5399038 1 1024
8399 17718 5399048 1 1024
8420 17729 5399058 1 1024
8438 17743 5399068 1 1024
8451 17758 5399078 1 1024
8458 17774 5399088 1 1024
8458 17791 5399098 1 1024
8451 17807 5399108 1 1024
8435 17822 5399118 1 1024
8409 17835 5399128 1 1024
8373 17846 5399138 1 1024
8342 17860 5399148 1 1024
8297 17870 5399158 1 1024
8236 17876 5399168 1 1024
8156 17876 5399178 1 1024
