8247 18959 7253612 1 521
8092 18797 7253622 1 526
8034 18736 7253632 1 529
8024 18724 7253642 1 531
8021 18717 7253652 1 532
8020 18712 7253662 1 535
8012 18701 7253672 1 537
8010 18698 7253682 1 538
8014 18699 7253692 1 540
8016 18697 7253702 1 541
8018 18695 7253712 1 543
8019 18692 7253722 1 546
8021 18690 7253732 1 547
8022 18687 7253742 1 549
8023 18685 7253752 1 550
8023 18683 7253762 1 552
8024 18679 7253772 1 553
8025 18674 7253782 1 555
8025 18669 7253792 1 558
8025 18665 7253802 1 559
8026 18660 7253812 1 562
8027 18658 7253822 1 563
8027 18657 7253832 1 562
8028 18654 7253842 1 564
8029 18649 7253852 1 566
8031 18645 7253862 1 568
8033 18640 7253872 1 570
8035 18635 7253882 1 572
8036 18633 7253892 1 573
8038 18630 7253902 1 574
8040 18625 7253912 1 576
8043 18620 7253922 1 577
8047 18615 7253932 1 580
8050 18610 7253942 1 582
8053 18605 7253952 1 583
8054 18602 7253962 1 585
8056 18600 7253972 1 586
8059 18596 7253982 1 588
8061 18591 7253992 1 589
8063 18588 7254002 1 592
8065 18585 7254012 1 594
8067 18583 7254022 1 595
8069 18582 7254032 1 597
8069 18582 7254042 1 598
8070 18582 7254052 1 598
8070 18583 7254062 1 600
8072 18585 7254072 1 601
8073 18586 7254082 1 604
8074 18589 7254092 1 605
8075 18590 7254102 1 606
8075 18591 7254112 1 607
8075 18594 7254122 1 610
8075 18597 7254132 1 611
8074 18599 7254142 1 613
8072 18602 7254152 1 615
8071 18605 7254162 1 617
8070 18606 7254172 1 618
8069 18607 7254182 1 618
8067 18609 7254192 1 620
8065 18612 7254202 1 623
8062 18613 7254212 1 624
8060 18614 7254222 1 626
8057 18615 7254232 1 628
8055 18615 7254242 1 629
8054 18614 7254252 1 630
8051 18614 7254262 1 631
8049 18612 7254272 1 633
8047 18611 7254282 1 634
8045 18610 7254292 1 636
8044 18610 7254302 1 637
8043 18609 7254312 1 637
8043 18609 7254322 1 639
8043 18609 7254332 1 641
8044 18608 7254342 1 643
8045 18607 7254352 1 644
8047 18607 7254362 1 647
8048 18607 7254372 1 648
8049 18606 7254382 1 649
8050 18606 7254392 1 650
8051 18606 7254402 1 651
8052 18605 7254412 1 654
8053 18604 7254422 1 655
8053 18603 7254432 1 657
8052 18603 7254442 1 659
8051 18603 7254452 1 660
8049 18602 7254462 1 661
8047 18602 7254472 1 662
8043 18601 7254482 1 664
8039 18602 7254492 1 665
8035 18603 7254502 1 666
8030 18603 7254512 1 668
8027 18603 7254522 1 669
8024 18603 7254532 1 669
8018 18603 7254542 1 671
8012 18603 7254552 1 673
8006 18602 7254562 1 675
8000 18601 7254572 1 676
7995 18599 7254582 1 678
7992 18598 7254592 1 679
7990 18597 7254602 1 680
7985 18594 7254612 1 682
7981 18592 7254622 1 683
7977 18590 7254632 1 686
7975 18588 7254642 1 687
7974 18586 7254652 1 688
7974 18585 7254662 1 689
7974 18584 7254672 1 690
7976 18582 7254682 1 691
7979 18580 7254692 1 694
7984 18579 7254702 1 695
7987 18577 7254712 1 696
7992 18576 7254722 1 697
7994 18576 7254732 1 697
7998 18576 7254742 1 698
8005 18576 7254752 1 701
8012 18577 7254762 1 702
8020 18579 7254772 1 703
8029 18581 7254782 1 705
8038 18584 7254792 1 707
8042 18586 7254802 1 708
8047 18587 7254812 1 709
8056 18591 7254822 1 710
8064 18594 7254832 1 711
8072 18598 7254842 1 714
8080 18602 7254852 1 715
8087 18607 7254862 1 716
8090 18609 7254872 1 717
8094 18611 7254882 1 718
8100 18616 7254892 1 719
8107 18621 7254902 1 722
8113 18626 7254912 1 723
8119 18631 7254922 1 724
8122 18634 7254932 1 726
8122 18634 7254942 1 725
8124 18636 7254952 1 726
8129 18641 7254962 1 728
8134 18645 7254972 1 730
8139 18649 7254982 1 731
8143 18653 7254992 1 732
8147 18657 7255002 1 734
8148 18658 7255012 1 735
8150 18660 7255022 1 736
8152 18664 7255032 1 737
8154 18667 7255042 1 739
8156 18671 7255052 1 740
8157 18674 7255062 1 741
8158 18677 7255072 1 744
8158 18679 7255082 1 745
8158 18681 7255092 1 745
8158 18685 7255102 1 746
8157 18688 7255112 1 748
8156 18691 7255122 1 749
8154 18694 7255132 1 750
8153 18697 7255142 1 753
8151 18698 7255152 1 753
8150 18698 7255162 1 753
8148 18700 7255172 1 754
8146 18702 7255182 1 755
8143 18704 7255192 1 757
8141 18706 7255202 1 758
8140 18708 7255212 1 760
8139 18709 7255222 1 761
8138 18709 7255232 1 762
8137 18709 7255242 1 763
8136 18708 7255252 1 764
8136 18707 7255262 1 765
8136 18705 7255272 1 767
8135 18702 7255282 1 769
8135 18701 7255292 1 770
8135 18699 7255302 1 770
8136 18696 7255312 1 772
8136 18692 7255322 1 773
8136 18688 7255332 1 774
8137 18684 7255342 1 775
8137 18680 7255352 1 778
8137 18678 7255362 1 779
8138 18676 7255372 1 779
8138 18674 7255382 1 779
8139 18672 7255392 1 780
8140 18669 7255402 1 781
8141 18666 7255412 1 783
8142 18664 7255422 1 784
8143 18663 7255432 1 785
8143 18662 7255442 1 786
8145 18660 7255452 1 787
8147 18659 7255462 1 789
8148 18659 7255472 1 790
8150 18659 7255482 1 791
8151 18659 7255492 1 792
8151 18659 7255502 1 793
8152 18660 7255512 1 794
8152 18661 7255522 1 796
8153 18662 7255532 1 797
8152 18663 7255542 1 798
8152 18664 7255552 1 800
8151 18664 7255562 1 801
8151 18665 7255572 1 801
8150 18665 7255582 1 802
8149 18665 7255592 1 803
8149 18666 7255602 1 804
8148 18666 7255612 1 804
8147 18666 7255622 1 807
8146 18666 7255632 1 808
8146 18666 7255642 1 808
8145 18665 7255652 1 809
8144 18665 7255662 1 810
8142 18664 7255672 1 811
8140 18664 7255682 1 813
8138 18664 7255692 1 814
8136 18664 7255702 1 815
8134 18664 7255712 1 816
8133 18664 7255722 1 817
8131 18664 7255732 1 818
8129 18665 7255742 1 820
8127 18665 7255752 1 821
8125 18665 7255762 1 822
8124 18666 7255772 1 823
8123 18666 7255782 1 824
8122 18666 7255792 1 824
8120 18665 7255802 1 825
8118 18665 7255812 1 826
8117 18664 7255822 1 828
8115 18663 7255832 1 829
8113 18662 7255842 1 830
8112 18662 7255852 1 830
8111 18662 7255862 1 831
8110 18662 7255872 1 832
8108 18662 7255882 1 833
8108 18662 7255892 1 834
8108 18662 7255902 1 836
8109 18663 7255912 1 837
8109 18663 7255922 1 837
8110 18664 7255932 1 838
8111 18664 7255942 1 839
8113 18664 7255952 1 840
8114 18664 7255962 1 842
8115 18664 7255972 1 843
8116 18663 7255982 1 845
8117 18663 7255992 1 845
8117 18663 7256002 1 846
8118 18663 7256012 1 847
8118 18662 7256022 1 848
8119 18662 7256032 1 849
8118 18661 7256042 1 850
8118 18660 7256052 1 850
8118 18660 7256062 1 850
8119 18660 7256072 1 851
8119 18660 7256082 1 852
8120 18659 7256092 1 853
8120 18658 7256102 1 854
8121 18657 7256112 1 856
8122 18656 7256122 1 858
8122 18656 7256132 1 859
8122 18655 7256142 1 859
8122 18654 7256152 1 860
8122 18654 7256162 1 861
8121 18654 7256172 1 862
8120 18653 7256182 1 863
8119 18653 7256192 1 864
8119 18653 7256202 1 865
8118 18653 7256212 1 865
8117 18654 7256222 1 866
8116 18654 7256232 1 867
8116 18655 7256242 1 868
8116 18656 7256252 1 870
8117 18656 7256262 1 871
8117 18657 7256272 1 871
8118 18657 7256282 1 871
8118 18657 7256292 1 872
8119 18657 7256302 1 873
8121 18657 7256312 1 874
8122 18657 7256322 1 875
8124 18658 7256332 1 876
8125 18658 7256342 1 876
8126 18658 7256352 1 877
8128 18658 7256362 1 878
8130 18658 7256372 1 879
8132 18658 7256382 1 880
8133 18657 7256392 1 882
8134 18656 7256402 1 883
8135 18655 7256412 1 884
8136 18655 7256422 1 884
8137 18653 7256432 1 885
8138 18652 7256442 1 886
8139 18650 7256452 1 887
8139 18649 7256462 1 888
8140 18648 7256472 1 889
8140 18647 7256482 1 889
8140 18647 7256492 1 889
8139 18646 7256502 1 890
8139 18645 7256512 1 891
8139 18645 7256522 1 892
8138 18644 7256532 1 893
8137 18644 7256542 1 894
8136 18644 7256552 1 895
8135 18644 7256562 1 895
8133 18645 7256572 1 896
8130 18646 7256582 1 897
8128 18647 7256592 1 898
8126 18647 7256602 1 899
8124 18648 7256612 1 900
8123 18648 7256622 1 901
8122 18649 7256632 1 901
8121 18649 7256642 1 902
8120 18649 7256652 1 903
8120 18649 7256662 1 904
8121 18649 7256672 1 905
8121 18649 7256682 1 906
8122 18649 7256692 1 907
8123 18649 7256702 1 907
8123 18650 7256712 1 907
8124 18651 7256722 1 908
8126 18651 7256732 1 909
8127 18651 7256742 1 910
8128 18650 7256752 1 911
8129 18650 7256762 1 912
8129 18650 7256772 1 912
8131 18649 7256782 1 913
8132 18649 7256792 1 914
8134 18649 7256802 1 915
8136 18649 7256812 1 916
8137 18649 7256822 1 917
8138 18650 7256832 1 918
8139 18650 7256842 1 918
8140 18649 7256852 1 918
8141 18648 7256862 1 919
8140 18647 7256872 1 920
8139 18645 7256882 1 921
8137 18643 7256892 1 922
8136 18642 7256902 1 922
8134 18641 7256912 1 922
8131 18640 7256922 1 923
8128 18639 7256932 1 924
8124 18638 7256942 1 924
8120 18638 7256952 1 925
8115 18639 7256962 1 926
8113 18639 7256972 1 927
8111 18639 7256982 1 927
8107 18640 7256992 1 928
8103 18641 7257002 1 929
8100 18643 7257012 1 930
8098 18644 7257022 1 931
8096 18645 7257032 1 932
8095 18645 7257042 1 932
8094 18646 7257052 1 933
8093 18647 7257062 1 934
8092 18649 7257072 1 934
8092 18650 7257082 1 935
8092 18651 7257092 1 936
8092 18651 7257102 1 937
8092 18652 7257112 1 938
8093 18652 7257122 1 938
8094 18652 7257132 1 939
8095 18653 7257142 1 940
8096 18653 7257152 1 940
8097 18653 7257162 1 940
8098 18654 7257172 1 941
8098 18654 7257182 1 941
8098 18654 7257192 1 941
8099 18654 7257202 1 942
8100 18655 7257212 1 943
8102 18655 7257222 1 944
8104 18655 7257232 1 945
8105 18655 7257242 1 946
8106 18655 7257252 1 946
8108 18656 7257262 1 947
8110 18656 7257272 1 948
8112 18656 7257282 1 949
8114 18656 7257292 1 950
8116 18657 7257302 1 951
8118 18657 7257312 1 952
8119 18657 7257322 1 952
8119 18657 7257332 1 953
8120 18657 7257342 1 954
8121 18657 7257352 1 955
8122 18656 7257362 1 956
8123 18655 7257372 1 957
8123 18653 7257382 1 958
8124 18653 7257392 1 958
8124 18652 7257402 1 959
8125 18649 7257412 1 960
8125 18647 7257422 1 961
8126 18645 7257432 1 962
8126 18642 7257442 1 963
8126 18640 7257452 1 965
8126 18639 7257462 1 965
8125 18638 7257472 1 966
8125 18637 7257482 1 967
8124 18635 7257492 1 969
8124 18634 7257502 1 970
8123 18632 7257512 1 971
8123 18631 7257522 1 973
8122 18630 7257532 1 973
8122 18630 7257542 1 974
8122 18628 7257552 1 975
8121 18626 7257562 1 976
8120 18625 7257572 1 977
8119 18623 7257582 1 980
8118 18621 7257592 1 980
8118 18621 7257602 1 980
8118 18620 7257612 1 981
8118 18618 7257622 1 982
8118 18616 7257632 1 983
8118 18615 7257642 1 984
8118 18614 7257652 1 987
8118 18613 7257662 1 988
8118 18613 7257672 1 988
8118 18612 7257682 1 989
8118 18612 7257692 1 990
8118 18612 7257702 1 992
8117 18613 7257712 1 994
8116 18614 7257722 1 995
8114 18616 7257732 1 996
8113 18617 7257742 1 997
8112 18618 7257752 1 998
8111 18620 7257762 1 1000
8110 18623 7257772 1 1001
8109 18627 7257782 1 1003
8109 18630 7257792 1 1004
8109 18634 7257802 1 1006
8109 18636 7257812 1 1006
8109 18638 7257822 1 1007
8110 18641 7257832 1 1008
8111 18645 7257842 1 1009
8112 18649 7257852 1 1010
8114 18653 7257862 1 1012
8116 18657 7257872 1 1014
8117 18659 7257882 1 1015
8119 18661 7257892 1 1015
8122 18664 7257902 1 1016
8125 18667 7257912 1 1019
8129 18668 7257922 1 1020
8133 18670 7257932 1 1021
8137 18670 7257942 1 1023
8138 18671 7257952 1 1023
8140 18671 7257962 1 1024
8145 18671 7257972 1 1024
8148 18672 7257982 1 1024
8152 18672 7257992 1 1024
8156 18671 7258002 1 1024
8159 18671 7258012 1 1024
8161 18671 7258022 1 1024
8162 18671 7258032 1 1024
8163 18670 7258042 1 1024
8163 18669 7258052 1 1024
8163 18669 7258062 1 1024
8163 18669 7258072 1 1024
8161 18668 7258082 1 1024
8161 18668 7258092 1 1024
8160 18668 7258102 1 1024
8158 18667 7258112 1 1024
8155 18666 7258122 1 1024
8153 18666 7258132 1 1024
8150 18665 7258142 1 1024
8149 18665 7258152 1 1024
8148 18665 7258162 1 1024
8148 18664 7258172 1 1024
8147 18664 7258182 1 1024
8147 18663 7258192 1 1024
8147 18662 7258202 1 1024
8147 18661 7258212 1 1024
8148 18660 7258222 1 1024
8149 18659 7258232 1 1024
8149 18658 7258242 1 1024
8151 18657 7258252 1 1024
8153 18657 7258262 1 1024
8156 18657 7258272 1 1024
8158 18656 7258282 1 1024
8159 18656 7258292 1 1024
8160 18656 7258302 1 1024
8161 18656 7258312 1 1024
8162 18656 7258322 1 1024
8163 18656 7258332 1 1024
8164 18657 7258342 1 1024
8166 18657 7258352 1 1024
8167 18657 7258362 1 1024
8168 18657 7258372 1 1024
8168 18657 7258382 1 1024
8170 18658 7258392 1 1024
8171 18658 7258402 1 1024
8172 18658 7258412 1 1024
8173 18658 7258422 1 1024
8173 18659 7258432 1 1024
8174 18659 7258442 1 1024
8174 18659 7258452 1 1024
8175 18660 7258462 1 1024
8177 18660 7258472 1 1024
8177 18661 7258482 1 1024
8178 18661 7258492 1 1024
8180 18662 7258502 1 1024
8180 18662 7258512 1 1024
8181 18662 7258522 1 1024
8183 18663 7258532 1 1024
8184 18663 7258542 1 1024
8186 18664 7258552 1 1024
8188 18665 7258562 1 1024
8190 18666 7258572 1 1024
8191 18666 7258582 1 1024
8192 18667 7258592 1 1024
8194 18669 7258602 1 1024
8195 18670 7258612 1 1024
8197 18672 7258622 1 1024
8197 18675 7258632 1 1024
8198 18676 7258642 1 1024
8198 18677 7258652 1 1024
8197 18678 7258662 1 1024
8197 18680 7258672 1 1024
8196 18681 7258682 1 1024
8195 18682 7258692 1 1024
8195 18681 7258702 1 1024
8194 18681 7258712 1 1024
8193 18681 7258722 1 1024
8193 18680 7258732 1 1024
8192 18680 7258742 1 1024
8190 18680 7258752 1 1024
8189 18680 7258762 1 1024
8187 18680 7258772 1 1024
8185 18680 7258782 1 1024
8184 18681 7258792 1 1024
8183 18682 7258802 1 1024
8180 18683 7258812 1 1024
8178 18685 7258822 1 1024
8177 18688 7258832 1 1024
8176 18690 7258842 1 1024
8175 18693 7258852 1 1024
8175 18694 7258862 1 1024
8175 18695 7258872 1 1024
8174 18697 7258882 1 1024
8174 18700 7258892 1 1024
8175 18702 7258902 1 1024
8176 18704 7258912 1 1024
8176 18706 7258922 1 1024
8177 18708 7258932 1 1024
8177 18708 7258942 1 1024
8179 18709 7258952 1 1024
8180 18710 7258962 1 1024
8183 18710 7258972 1 1024
8186 18709 7258982 1 1024
8189 18708 7258992 1 1024
8191 18708 7259002 1 1024
8192 18708 7259012 1 1024
8195 18707 7259022 1 1024
8197 18705 7259032 1 1024
8198 18704 7259042 1 1017
8200 18703 7259052 1 1007
8200 18702 7259062 1 998
8201 18702 7259072 1 994
8201 18701 7259082 1 990
8201 18700 7259092 1 981
8200 18700 7259102 1 974
8200 18699 7259112 1 966
8198 18698 7259122 1 960
8197 18696 7259132 1 954
8197 18696 7259142 1 952
8197 18695 7259152 1 951
8196 18694 7259162 1 949
8195 18692 7259172 1 945
8195 18689 7259182 1 942
8194 18687 7259192 1 941
8193 18685 7259202 1 940
8193 18684 7259212 1 939
8193 18683 7259222 1 940
8192 18681 7259232 1 942
8191 18679 7259242 1 946
8190 18677 7259252 1 951
8189 18675 7259262 1 957
8189 18672 7259272 1 965
8188 18671 7259282 1 969
8188 18669 7259292 1 975
8188 18666 7259302 1 987
8188 18663 7259312 1 1000
8188 18660 7259322 1 1016
8188 18657 7259332 1 1024
8188 18655 7259342 1 1024
8188 18653 7259352 1 1024
8188 18652 7259362 1 1024
8189 18650 7259372 1 1024
8189 18648 7259382 1 1024
8189 18646 7259392 1 1024
8188 18644 7259402 1 1024
8187 18642 7259412 1 1024
8187 18642 7259422 1 1024
8186 18641 7259432 1 1024
8184 18640 7259442 1 1024
8182 18638 7259452 1 1024
8179 18637 7259462 1 1024
8176 18636 7259472 1 1024
8173 18635 7259482 1 1024
8171 18635 7259492 1 1024
8169 18635 7259502 1 1024
8166 18635 7259512 1 1024
8162 18635 7259522 1 1024
8159 18636 7259532 1 1024
8156 18638 7259542 1 1024
8153 18639 7259552 1 1024
8152 18640 7259562 1 1024
8151 18640 7259572 1 1024
8149 18642 7259582 1 1024
8149 18643 7259592 1 1024
8148 18644 7259602 1 1024
8148 18646 7259612 1 1024
8149 18647 7259622 1 1024
8150 18648 7259632 1 1024
8151 18648 7259642 1 1024
8154 18650 7259652 1 1024
8157 18651 7259662 1 1024
8161 18652 7259672 1 1024
8165 18653 7259682 1 1024
8170 18654 7259692 1 1024
8176 18656 7259702 1 1024
8182 18658 7259712 1 1024
8188 18660 7259722 1 1024
8194 18663 7259732 1 1024
8199 18666 7259742 1 1024
8204 18668 7259752 1 1024
8209 18670 7259762 1 1024
8213 18672 7259772 1 1024
8217 18674 7259782 1 1024
8219 18675 7259792 1 1024
8222 18676 7259802 1 1024
8225 18676 7259812 1 1024
8228 18676 7259822 1 1024
8231 18675 7259832 1 1024
8233 18674 7259842 1 1024
8235 18672 7259852 0 0
8237 18671 7259862 0 0
8238 18670 7259872 0 0
8240 18670 7259882 0 0
8241 18670 7259892 0 0
8243 18670 7259902 0 0
8244 18671 7259912 0 0
8246 18672 7259922 0 0
8247 18672 7259932 0 0
8248 18673 7259942 0 0
8249 18673 7259952 0 0
8250 18674 7259962 0 0
8251 18674 7259972 0 0
8251 18674 7259982 0 0
8252 18675 7259992 0 0
8253 18675 7260002 0 0
8254 18676 7260012 0 0
8254 18676 7260022 0 0
8254 18677 7260032 0 0
8254 18677 7260042 0 0
8253 18677 7260052 0 0
8253 18677 7260062 1 91
8252 18677 7260072 1 194
8251 18677 7260082 1 299
8250 18677 7260092 1 406
8248 18677 7260102 1 512
8238 18677 7260112 1 615
8220 18677 7260122 1 714
8197 18676 7260132 1 806
8168 18676 7260142 1 891
8137 18676 7260152 1 965
8104 18676 7260162 1 1024
8086 18676 7260172 1 1024
8069 18675 7260182 1 1024
8036 18669 7260192 1 1024
8004 18658 7260202 1 1024
7983 18645 7260212 1 1024
7972 18629 7260222 1 1024
7969 18611 7260232 1 1024
7973 18593 7260242 1 1024
7984 18574 7260252 1 722
7999 18556 7260262 1 345
8019 18540 7260272 1 18
8043 18530 7260282 0 0
8068 18526 7260292 0 0
8096 18529 7260302 0 0
8123 18537 7260312 0 0
8150 18549 7260322 0 0
8175 18565 7260332 0 0
8198 18584 7260342 0 0
8217 18606 7260352 0 0
8231 18629 7260362 0 0
8239 18653 7260372 0 0
8240 18677 7260382 1 34
8236 18700 7260392 1 242
8225 18721 7260402 1 458
8209 18740 7260412 1 676
8187 18755 7260422 1 889
8162 18767 7260432 1 1024
8134 18774 7260442 1 1024
8104 18775 7260452 1 1024
8074 18772 7260462 1 1024
8045 18764 7260472 1 1024
8020 18753 7260482 1 1024
7999 18737 7260492 1 1024
7984 18719 7260502 1 1024
7975 18698 7260512 1 1024
7973 18677 7260522 1 1024
7977 18655 7260532 1 1024
7988 18635 7260542 1 1024
8005 18617 7260552 1 1024
8027 18603 7260562 1 1024
8053 18592 7260572 1 1024
8082 18586 7260582 1 1024
8113 18585 7260592 1 1024
8144 18589 7260602 1 1024
8175 18597 7260612 1 1024
8204 18610 7260622 1 1024
8230 18626 7260632 1 1024
8252 18646 7260642 1 1024
8268 18669 7260652 1 1024
8278 18693 7260662 1 1024
8281 18717 7260672 1 1024
8275 18742 7260682 1 1024
8259 18765 7260692 1 1024
8233 18786 7260702 1 1024
8195 18803 7260712 1 1024
8163 18823 7260722 1 1024
8115 18839 7260732 1 1024
8047 18848 7260742 1 1024
7958 18848 7260752 1 1024
