8085 17760 5908461 1 636
8085 17760 5908471 1 637
8085 17760 5908481 1 639
8085 17760 5908491 1 640
8085 17760 5908501 1 641
8087 17762 5908511 1 642
8095 17773 5908521 1 644
8095 17776 5908531 1 645
8095 17777 5908541 1 646
8092 17776 5908551 1 647
8087 17774 5908561 1 648
8083 17774 5908571 1 648
8081 17777 5908581 1 650
8082 17781 5908591 1 652
8082 17785 5908601 1 653
8081 17788 5908611 1 654
8080 17790 5908621 1 654
8078 17791 5908631 1 654
8074 17794 5908641 1 656
8073 17797 5908651 1 657
8073 17800 5908661 1 659
8073 17803 5908671 1 660
8072 17806 5908681 1 661
8072 17809 5908691 1 662
8070 17815 5908701 1 663
8069 17817 5908711 1 664
8069 17819 5908721 1 666
8069 17821 5908731 1 667
8070 17824 5908741 1 668
8071 17826 5908751 1 669
8073 17830 5908761 1 670
8075 17831 5908771 1 671
8076 17833 5908781 1 672
8077 17834 5908791 1 674
8078 17835 5908801 1 674
8080 17837 5908811 1 675
8083 17839 5908821 1 677
8085 17841 5908831 1 678
8087 17842 5908841 1 678
8090 17842 5908851 1 679
8092 17843 5908861 1 681
8094 17843 5908871 1 682
8099 17843 5908881 1 684
8101 17843 5908891 1 684
8104 17843 5908901 1 685
8106 17843 5908911 1 686
8109 17843 5908921 1 687
8112 17842 5908931 1 688
8118 17841 5908941 1 690
8122 17841 5908951 1 691
8125 17840 5908961 1 692
8129 17839 5908971 1 693
8133 17838 5908981 1 693
8137 17837 5908991 1 694
8144 17834 5909001 1 696
8148 17833 5909011 1 697
8152 17831 5909021 1 698
8155 17830 5909031 1 699
8159 17828 5909041 1 700
8162 17827 5909051 1 701
8168 17824 5909061 1 704
8171 17823 5909071 1 705
8174 17822 5909081 1 705
8177 17820 5909091 1 706
8180 17819 5909101 1 707
8183 17817 5909111 1 708
8190 17814 5909121 1 710
8193 17813 5909131 1 711
8196 17811 5909141 1 712
8200 17810 5909151 1 712
8203 17808 5909161 1 713
8206 17807 5909171 1 714
8211 17806 5909181 1 716
8214 17806 5909191 1 717
8216 17806 5909201 1 718
8219 17806 5909211 1 719
8221 17806 5909221 1 721
8223 17806 5909231 1 721
8227 17806 5909241 1 723
8229 17806 5909251 1 724
8231 17805 5909261 1 725
8233 17805 5909271 1 726
8234 17804 5909281 1 726
8235 17804 5909291 1 727
8237 17804 5909301 1 730
8238 17804 5909311 1 730
8239 17804 5909321 1 730
8240 17804 5909331 1 731
8240 17804 5909341 1 732
8241 17804 5909351 1 733
8242 17805 5909361 1 735
8242 17805 5909371 1 736
8242 17806 5909381 1 737
8242 17806 5909391 1 738
8242 17807 5909401 1 739
8242 17808 5909411 1 740
8240 17810 5909421 1 742
8238 17811 5909431 1 743
8236 17811 5909441 1 744
8235 17812 5909451 1 745
8232 17813 5909461 1 745
8230 17814 5909471 1 746
8226 17816 5909481 1 749
8223 17817 5909491 1 749
8221 17817 5909501 1 750
8219 17818 5909511 1 751
8217 17818 5909521 1 752
8215 17818 5909531 1 753
8211 17817 5909541 1 754
8209 17817 5909551 1 755
8206 17816 5909561 1 756
8203 17815 5909571 1 758
8200 17814 5909581 1 759
8197 17813 5909591 1 760
8191 17811 5909601 1 762
8188 17809 5909611 1 762
8185 17808 5909621 1 763
8182 17806 5909631 1 764
8179 17804 5909641 1 765
8176 17803 5909651 1 766
8171 17799 5909661 1 768
8168 17797 5909671 1 769
8166 17796 5909681 1 770
8164 17794 5909691 1 770
8162 17792 5909701 1 771
8159 17790 5909711 1 772
8155 17786 5909721 1 774
8153 17783 5909731 1 775
8151 17781 5909741 1 776
8149 17779 5909751 1 777
8147 17776 5909761 1 778
8145 17774 5909771 1 778
8142 17770 5909781 1 780
8141 17768 5909791 1 781
8139 17767 5909801 1 782
8138 17765 5909811 1 783
8137 17763 5909821 1 784
8136 17761 5909831 1 785
8135 17758 5909841 1 786
8134 17756 5909851 1 786
8134 17755 5909861 1 787
8134 17753 5909871 1 788
8135 17751 5909881 1 789
8135 17749 5909891 1 791
8136 17744 5909901 1 793
8137 17742 5909911 1 794
8137 17740 5909921 1 795
8138 17738 5909931 1 795
8139 17736 5909941 1 796
8140 17733 5909951 1 797
8142 17729 5909961 1 799
8142 17728 5909971 1 800
8143 17726 5909981 1 801
8143 17725 5909991 1 803
8143 17723 5910001 1 804
8142 17722 5910011 1 804
8142 17720 5910021 1 805
8142 17719 5910031 1 806
8142 17719 5910041 1 807
8143 17718 5910051 1 808
8143 17718 5910061 1 809
8143 17717 5910071 1 810
8144 17717 5910081 1 811
8144 17716 5910091 1 812
8145 17716 5910101 1 813
8145 17716 5910111 1 814
8146 17716 5910121 1 815
8147 17716 5910131 1 817
8149 17716 5910141 1 819
8150 17716 5910151 1 819
8150 17717 5910161 1 820
8151 17717 5910171 1 821
8152 17718 5910181 1 822
8153 17719 5910191 1 822
8155 17720 5910201 1 824
8156 17721 5910211 1 825
8158 17721 5910221 1 826
8160 17722 5910231 1 826
8162 17722 5910241 1 827
8165 17723 5910251 1 828
8169 17724 5910261 1 830
8172 17724 5910271 1 832
8174 17725 5910281 1 833
8176 17726 5910291 1 834
8178 17726 5910301 1 835
8180 17727 5910311 1 835
8183 17728 5910321 1 837
8185 17729 5910331 1 838
8186 17730 5910341 1 839
8186 17731 5910351 1 840
8186 17732 5910361 1 841
8187 17733 5910371 1 841
8186 17735 5910381 1 842
8185 17736 5910391 1 843
8185 17737 5910401 1 844
8184 17738 5910411 1 845
8183 17739 5910421 1 846
8183 17740 5910431 1 847
8182 17743 5910441 1 850
8182 17744 5910451 1 851
8182 17745 5910461 1 851
8182 17747 5910471 1 852
8182 17748 5910481 1 853
8182 17749 5910491 1 854
8183 17751 5910501 1 856
8182 17753 5910511 1 856
8182 17754 5910521 1 857
8182 17755 5910531 1 858
8182 17756 5910541 1 858
8182 17758 5910551 1 858
8182 17761 5910561 1 860
8181 17762 5910571 1 861
8181 17763 5910581 1 862
8181 17765 5910591 1 863
8181 17766 5910601 1 864
8182 17767 5910611 1 865
8183 17770 5910621 1 867
8183 17771 5910631 1 868
8183 17772 5910641 1 869
8183 17772 5910651 1 870
8183 17773 5910661 1 871
8184 17774 5910671 1 872
8184 17775 5910681 1 874
8184 17775 5910691 1 875
8184 17776 5910701 1 875
8184 17776 5910711 1 875
8184 17777 5910721 1 876
8184 17777 5910731 1 877
8183 17778 5910741 1 879
8182 17778 5910751 1 880
8181 17779 5910761 1 881
8180 17779 5910771 1 882
8179 17780 5910781 1 882
8178 17780 5910791 1 883
8175 17780 5910801 1 885
8173 17779 5910811 1 886
8172 17779 5910821 1 887
8170 17778 5910831 1 888
8169 17777 5910841 1 889
8168 17776 5910851 1 890
8167 17774 5910861 1 891
8167 17772 5910871 1 892
8167 17771 5910881 1 893
8167 17769 5910891 1 894
8167 17768 5910901 1 895
8167 17767 5910911 1 896
8168 17764 5910921 1 898
8168 17763 5910931 1 898
8168 17761 5910941 1 899
8168 17759 5910951 1 900
8168 17758 5910961 1 901
8169 17756 5910971 1 902
8169 17752 5910981 1 904
8169 17750 5910991 1 905
8169 17748 5911001 1 906
8169 17746 5911011 1 906
8169 17744 5911021 1 907
8169 17742 5911031 1 908
8167 17739 5911041 1 910
8166 17737 5911051 1 910
8165 17736 5911061 1 911
8164 17735 5911071 1 912
8163 17734 5911081 1 913
8161 17733 5911091 1 913
8158 17731 5911101 1 915
8157 17730 5911111 1 916
8155 17729 5911121 1 917
8154 17727 5911131 1 918
8152 17726 5911141 1 919
8151 17725 5911151 1 920
8148 17723 5911161 1 921
8147 17723 5911171 1 922
8146 17722 5911181 1 923
8145 17722 5911191 1 924
8145 17721 5911201 1 925
8144 17721 5911211 1 926
8143 17720 5911221 1 927
8142 17720 5911231 1 927
8142 17719 5911241 1 928
8142 17719 5911251 1 929
8141 17719 5911261 1 930
8141 17718 5911271 1 931
8141 17719 5911281 1 933
8141 17719 5911291 1 934
8141 17719 5911301 1 935
8141 17720 5911311 1 936
8142 17721 5911321 1 936
8142 17721 5911331 1 937
8143 17723 5911341 1 939
8144 17724 5911351 1 940
8144 17725 5911361 1 941
8145 17726 5911371 1 942
8146 17728 5911381 1 943
8147 17729 5911391 1 944
8148 17732 5911401 1 944
8149 17734 5911411 1 945
8149 17736 5911421 1 946
8150 17737 5911431 1 947
8150 17739 5911441 1 948
8149 17741 5911451 1 949
8149 17745 5911461 1 951
8149 17747 5911471 1 951
8149 17749 5911481 1 952
8149 17751 5911491 1 953
8148 17753 5911501 1 954
8148 17755 5911511 1 955
8148 17759 5911521 1 957
8148 17761 5911531 1 958
8149 17762 5911541 1 959
8150 17763 5911551 1 959
8151 17764 5911561 1 960
8152 17765 5911571 1 961
8153 17767 5911581 1 962
8154 17768 5911591 1 963
8155 17769 5911601 1 964
8156 17769 5911611 1 965
8156 17770 5911621 1 966
8157 17770 5911631 1 966
8158 17770 5911641 1 968
8158 17769 5911651 1 969
8159 17769 5911661 1 970
8159 17769 5911671 1 971
8160 17768 5911681 1 972
8161 17768 5911691 1 973
8164 17767 5911701 1 974
8165 17767 5911711 1 975
8166 17767 5911721 1 976
8168 17767 5911731 1 977
8170 17768 5911741 1 978
8172 17768 5911751 1 979
8176 17769 5911761 1 980
8178 17769 5911771 1 981
8179 17769 5911781 1 981
8181 17769 5911791 1 982
8182 17768 5911801 1 983
8183 17768 5911811 1 984
8185 17768 5911821 1 986
8186 17768 5911831 1 987
8187 17768 5911841 1 988
8188 17768 5911851 1 989
8189 17768 5911861 1 989
8190 17768 5911871 1 990
8191 17768 5911881 1 992
8191 17768 5911891 1 993
8190 17767 5911901 1 994
8190 17767 5911911 1 995
8190 17767 5911921 1 996
8190 17766 5911931 1 996
8190 17765 5911941 1 997
8190 17765 5911951 1 998
8190 17764 5911961 1 999
8190 17764 5911971 1 1000
8190 17763 5911981 1 1001
8190 17763 5911991 1 1002
8189 17762 5912001 1 1004
8189 17761 5912011 1 1004
8189 17761 5912021 1 1005
8189 17761 5912031 1 1006
8189 17760 5912041 1 1007
8189 17760 5912051 1 1007
8190 17760 5912061 1 1009
8190 17761 5912071 1 1010
8191 17761 5912081 1 1011
8192 17761 5912091 1 1011
8192 17761 5912101 1 1012
8193 17762 5912111 1 1012
8195 17762 5912121 1 1014
8196 17762 5912131 1 1015
8196 17762 5912141 1 1015
8197 17762 5912151 1 1016
8197 17762 5912161 1 1017
8198 17763 5912171 1 1018
8198 17764 5912181 1 1020
8197 17765 5912191 1 1021
8197 17766 5912201 1 1022
8196 17766 5912211 1 1022
8195 17767 5912221 1 1023
8193 17767 5912231 1 1023
8190 17768 5912241 1 1023
8188 17768 5912251 1 1023
8187 17768 5912261 1 1023
8185 17768 5912271 1 1023
8183 17768 5912281 1 1023
8182 17769 5912291 1 1023
8179 17769 5912301 1 1023
8178 17770 5912311 1 1023
8177 17770 5912321 1 1023
8177 17771 5912331 1 1023
8177 17771 5912341 1 1023
8177 17772 5912351 1 1023
8178 17773 5912361 1 1023
8179 17773 5912371 1 1023
8180 17773 5912381 1 1023
8181 17773 5912391 1 1023
8183 17773 5912401 1 1023
8184 17773 5912411 1 1023
8186 17773 5912421 1 1023
8187 17774 5912431 1 1023
8188 17774 5912441 1 1023
8189 17773 5912451 1 1023
8189 17773 5912461 1 1023
8190 17773 5912471 1 1023
8191 17771 5912481 1 1023
8192 17770 5912491 1 1023
8193 17769 5912501 1 1023
8193 17768 5912511 1 1023
8194 17767 5912521 1 1023
8194 17766 5912531 1 1023
8195 17764 5912541 1 1023
8195 17764 5912551 1 1023
8196 17763 5912561 1 1023
8196 17762 5912571 1 1023
8197 17762 5912581 1 1023
8198 17761 5912591 1 1023
8199 17761 5912601 1 1023
8200 17761 5912611 1 1023
8201 17761 5912621 1 1023
8202 17761 5912631 1 1023
8203 17761 5912641 1 1023
8204 17762 5912651 1 1023
8207 17762 5912661 1 1023
8209 17762 5912671 1 1023
8210 17762 5912681 1 1023
8212 17763 5912691 1 1023
8214 17763 5912701 1 1023
8216 17763 5912711 1 1023
8218 17763 5912721 1 1023
8219 17763 5912731 1 1023
8219 17763 5912741 1 1023
8220 17763 5912751 1 1023
8220 17763 5912761 1 1023
8220 17763 5912771 1 1023
8219 17763 5912781 1 1023
8219 17762 5912791 1 1023
8219 17762 5912801 1 1023
8219 17762 5912811 1 1023
8220 17762 5912821 1 1023
8220 17762 5912831 1 978
8221 17763 5912841 1 750
8222 17764 5912851 1 689
8222 17765 5912861 1 623
8223 17765 5912871 1 489
8223 17766 5912881 1 350
8224 17767 5912891 1 205
8225 17769 5912901 0 0
8225 17769 5912911 0 0
8225 17770 5912921 0 0
8226 17770 5912931 0 0
8226 17770 5912941 0 0
8226 17771 5912951 0 0
8227 17770 5912961 0 0
8227 17769 5912971 0 0
8228 17769 5912981 0 0
8228 17768 5912991 0 0
8229 17767 5913001 0 0
8229 17767 5913011 0 0
8230 17766 5913021 0 0
8231 17765 5913031 0 0
8232 17764 5913041 0 0
8232 17764 5913051 0 0
8233 17763 5913061 0 0
8234 17763 5913071 0 0
8235 17761 5913081 0 0
8235 17761 5913091 0 0
8236 17760 5913101 0 0
8236 17760 5913111 0 0
8236 17759 5913121 0 0
8236 17759 5913131 0 0
8236 17758 5913141 0 0
8236 17758 5913151 0 0
8235 17758 5913161 0 0
8234 17758 5913171 0 0
8233 17758 5913181 0 0
8232 17759 5913191 0 0
8229 17759 5913201 0 0
8227 17759 5913211 0 0
8226 17759 5913221 0 0
8225 17758 5913231 0 0
8223 17758 5913241 0 0
8222 17757 5913251 1 36
8219 17756 5913261 1 337
8218 17755 5913271 1 699
8217 17754 5913281 1 1023
8216 17754 5913291 1 1023
8214 17754 5913301 1 1023
8213 17754 5913311 1 1023
8210 17754 5913321 1 1023
8209 17754 5913331 1 1023
8208 17755 5913341 1 1023
8208 17756 5913351 1 1023
8207 17756 5913361 1 1023
8206 17757 5913371 1 1023
8205 17758 5913381 1 1023
8205 17758 5913391 1 1023
8205 17758 5913401 1 1023
8204 17758 5913411 1 1023
8204 17758 5913421 1 1023
8204 17758 5913431 1 1023
8203 17758 5913441 1 1023
8203 17757 5913451 1 1023
8202 17757 5913461 1 1023
8202 17757 5913471 1 1023
8201 17757 5913481 1 1023
8200 17757 5913491 1 1023
8199 17758 5913501 1 1023
8199 17759 5913511 1 1023
8199 17759 5913521 1 1023
8199 17760 5913531 1 1023
8199 17761 5913541 1 1023
8199 17762 5913551 1 1024
8199 17763 5913561 1 1023
8199 17764 5913571 1 1023
8199 17764 5913581 1 1023
8200 17765 5913591 1 1023
8200 17766 5913601 1 2
8200 17767 5913611 0 0
8201 17768 5913621 0 0
8201 17768 5913631 0 0
8201 17768 5913641 0 0
8201 17768 5913651 0 0
8202 17768 5913661 0 0
8202 17767 5913671 0 0
8203 17766 5913681 0 0
8203 17766 5913691 0 0
8204 17765 5913701 0 0
8204 17763 5913711 0 0
8204 17762 5913721 0 0
8204 17760 5913731 1 13
8204 17757 5913741 1 42
8203 17756 5913751 1 85
8202 17754 5913761 1 140
8202 17753 5913771 1 205
8201 17752 5913781 1 278
8200 17751 5913791 1 357
8198 17748 5913801 1 440
8197 17748 5913811 1 525
8196 17747 5913821 1 611
8195 17746 5913831 1 695
8194 17746 5913841 1 775
8194 17746 5913851 1 850
8192 17747 5913861 1 918
8192 17747 5913871 1 976
8191 17747 5913881 1 1023
8191 17747 5913891 1 1024
8191 17748 5913901 1 1024
8191 17748 5913911 1 1024
8191 17748 5913921 1 1024
8191 17748 5913931 1 1021
8191 17747 5913941 1 924
8190 17747 5913951 1 656
8190 17746 5913961 1 314
8190 17746 5913971 1 4
8189 17744 5913981 1 4
8188 17743 5913991 1 4
8188 17742 5914001 1 4
8188 17741 5914011 1 3
8188 17741 5914021 1 4
8188 17740 5914031 1 4
8188 17740 5914041 1 4
8189 17739 5914051 1 4
8189 17739 5914061 1 4
8190 17739 5914071 1 4
8190 17738 5914081 1 4
8191 17738 5914091 1 4
8192 17737 5914101 1 4
8192 17736 5914111 1 4
8193 17736 5914121 1 4
8193 17735 5914131 1 4
8194 17735 5914141 1 4
8195 17734 5914151 1 4
8197 17734 5914161 1 5
8198 17734 5914171 1 4
8199 17735 5914181 1 4
8200 17735 5914191 1 4
8200 17736 5914201 1 4
8201 17737 5914211 1 4
8203 17740 5914221 1 1022
8204 17742 5914231 1 1022
8205 17744 5914241 1 962
8206 17746 5914251 1 928
8207 17748 5914261 1 651
8208 17750 5914271 1 398
8211 17753 5914281 1 5
8213 17754 5914291 1 5
8215 17756 5914301 1 5
8216 17757 5914311 1 5
8218 17758 5914321 1 5
8219 17759 5914331 1 5
8221 17761 5914341 1 5
8222 17761 5914351 1 5
8222 17762 5914361 1 5
8223 17762 5914371 1 5
8223 17763 5914381 1 5
8224 17763 5914391 1 5
8225 17765 5914401 1 5
8226 17766 5914411 1 5
8227 17766 5914421 1 5
8227 17767 5914431 1 5
8228 17768 5914441 1 5
8228 17769 5914451 1 5
8229 17770 5914461 1 6
8229 17771 5914471 1 6
8229 17772 5914481 1 6
8229 17773 5914491 1 6
8230 17774 5914501 1 6
8230 17775 5914511 1 6
8232 17776 5914521 1 6
8233 17776 5914531 1 6
8234 17776 5914541 1 6
8235 17776 5914551 1 6
8236 17776 5914561 1 6
8237 17776 5914571 1 6
8238 17775 5914581 1 138
8239 17774 5914591 1 244
8239 17774 5914601 1 349
8239 17774 5914611 1 452
8238 17773 5914621 1 553
8238 17773 5914631 1 603
8237 17773 5914641 1 744
8236 17772 5914651 1 832
8236 17772 5914661 1 915
8236 17771 5914671 1 992
8235 17771 5914681 1 1021
8235 17770 5914691 1 1021
8234 17769 5914701 1 1022
8233 17768 5914711 1 1021
8232 17767 5914721 1 1021
8230 17766 5914731 1 1021
8229 17765 5914741 1 1021
8228 17763 5914751 1 1021
8225 17761 5914761 1 1021
8224 17760 5914771 1 1021
8222 17759 5914781 1 1021
8221 17758 5914791 1 1021
8220 17757 5914801 1 1021
8219 17756 5914811 1 1021
8217 17755 5914821 1 1021
8217 17754 5914831 1 1021
8216 17754 5914841 1 1021
8217 17754 5914851 1 1021
8217 17753 5914861 1 1021
8217 17753 5914871 1 1021
8218 17753 5914881 1 1021
8218 17753 5914891 1 1021
8218 17753 5914901 1 1021
8218 17752 5914911 1 1021
8218 17752 5914921 1 1021
8218 17752 5914931 1 1021
8216 17752 5914941 1 1021
8216 17752 5914951 1 1021
8215 17752 5914961 1 1021
8215 17752 5914971 1 1021
8214 17752 5914981 1 1021
8214 17752 5914991 1 1021
8212 17752 5915001 1 1021
8212 17752 5915011 1 1021
8211 17752 5915021 1 1021
8210 17752 5915031 1 1021
8209 17752 5915041 1 1021
8208 17753 5915051 1 1021
8207 17754 5915061 1 1021
8206 17754 5915071 1 1021
8205 17755 5915081 1 1021
8205 17755 5915091 1 1021
8205 17756 5915101 1 1021
8205 17757 5915111 1 1021
8206 17758 5915121 1 1021
8207 17759 5915131 1 1021
8208 17760 5915141 1 1021
8210 17761 5915151 1 1021
8211 17761 5915161 1 1021
8213 17762 5915171 1 1021
8215 17764 5915181 1 1021
8217 17764 5915191 1 1021
8219 17765 5915201 1 1021
8221 17765 5915211 1 1021
8223 17766 5915221 1 1021
8225 17766 5915231 1 1021
8229 17767 5915241 1 1021
8230 17767 5915251 1 1021
8232 17767 5915261 1 1021
8233 17767 5915271 1 1021
8234 17767 5915281 1 1021
8235 17767 5915291 1 1021
8237 17767 5915301 1 1021
8238 17767 5915311 1 1021
8239 17767 5915321 1 1021
8240 17766 5915331 1 1021
8241 17765 5915341 1 1020
8242 17764 5915351 1 1020
8244 17762 5915361 1 1020
8244 17760 5915371 1 1020
8245 17759 5915381 1 1020
8245 17758 5915391 1 1020
8246 17757 5915401 1 1020
8246 17757 5915411 1 1020
8247 17755 5915421 1 1020
8248 17755 5915431 1 1020
8248 17754 5915441 1 1020
8249 17754 5915451 1 1020
8249 17754 5915461 1 1020
8249 17754 5915471 1 1020
8249 17754 5915481 1 1020
8249 17754 5915491 1 1020
8248 17755 5915501 1 1020
8248 17755 5915511 1 1020
8247 17756 5915521 1 1020
8247 17756 5915531 1 1020
8246 17757 5915541 1 1020
8245 17758 5915551 1 1020
8244 17758 5915561 1 1020
8244 17759 5915571 1 1020
8243 17759 5915581 1 1020
8242 17760 5915591 1 1020
8240 17762 5915601 1 1020
8239 17763 5915611 1 1020
8238 17765 5915621 1 1020
8238 17767 5915631 1 1020
8237 17769 5915641 1 1020
8237 17771 5915651 1 1020
8236 17775 5915661 1 1020
8236 17777 5915671 1 1020
8235 17779 5915681 1 1020
8236 17780 5915691 1 1020
8236 17782 5915701 1 1020
8236 17783 5915711 1 1020
8238 17785 5915721 1 1020
8238 17786 5915731 1 1020
8239 17786 5915741 1 1020
8240 17787 5915751 1 1020
8241 17787 5915761 1 1020
8241 17788 5915771 1 1020
8243 17789 5915781 1 1020
8243 17789 5915791 1 1020
8244 17790 5915801 1 1020
8245 17791 5915811 1 1020
8245 17792 5915821 1 1020
8246 17792 5915831 1 1020
8246 17793 5915841 1 1020
8246 17794 5915851 1 1020
8246 17794 5915861 1 1020
8246 17794 5915871 1 1020
8245 17794 5915881 1 1020
8245 17794 5915891 1 1020
8244 17795 5915901 1 1020
8244 17796 5915911 1 1020
8243 17796 5915921 1 1020
8243 17797 5915931 1 1020
8243 17798 5915941 1 1020
8243 17798 5915951 1 1020
8242 17799 5915961 1 1020
8242 17799 5915971 1 1020
8243 17798 5915981 1 1020
8243 17797 5915991 1 1020
8244 17795 5916001 1 1020
8244 17794 5916011 1 1020
8246 17790 5916021 1 1020
8247 17787 5916031 1 1020
8248 17785 5916041 1 1020
8250 17783 5916051 1 1020
8251 17781 5916061 1 1020
8252 17778 5916071 1 1020
8254 17774 5916081 1 1020
8256 17772 5916091 1 1020
8257 17771 5916101 1 1020
8259 17769 5916111 1 1020
8261 17768 5916121 1 1020
8263 17768 5916131 1 1020
8267 17767 5916141 1 1019
8268 17767 5916151 1 1019
8270 17768 5916161 1 1019
8271 17768 5916171 1 1019
8273 17769 5916181 1 1019
8274 17769 5916191 1 1019
8276 17772 5916201 1 1019
8277 17773 5916211 1 1019
8277 17774 5916221 1 1019
8278 17775 5916231 1 1019
8278 17775 5916241 1 1019
8279 17776 5916251 1 1019
8279 17776 5916261 1 1019
8279 17776 5916271 1 1019
8280 17776 5916281 1 1019
8280 17776 5916291 1 1019
8280 17775 5916301 1 1019
8280 17775 5916311 1 1019
8280 17774 5916321 1 1019
8280 17773 5916331 1 1019
8280 17773 5916341 1 1019
8280 17772 5916351 1 1019
8280 17772 5916361 1 1019
8281 17771 5916371 1 1019
8281 17770 5916381 1 1019
8281 17770 5916391 1 1019
8282 17769 5916401 1 1019
8282 17768 5916411 1 1019
8283 17768 5916421 1 1019
8284 17767 5916431 1 1019
8284 17765 5916441 1 1019
8284 17764 5916451 1 1019
8284 17763 5916461 1 1019
8284 17762 5916471 1 1019
8283 17762 5916481 1 1019
8283 17761 5916491 1 1019
8282 17760 5916501 1 1019
8282 17759 5916511 1 1019
8281 17759 5916521 1 1019
8281 17759 5916531 1 1019
8281 17758 5916541 1 1019
8281 17758 5916551 1 1019
8282 17757 5916561 1 1019
8282 17756 5916571 1 1019
8283 17756 5916581 1 1019
8284 17755 5916591 1 1019
8285 17755 5916601 1 1019
8286 17754 5916611 1 1019
8288 17754 5916621 1 1019
8289 17754 5916631 1 1019
8290 17754 5916641 1 1019
8291 17754 5916651 1 1019
8293 17754 5916661 1 1019
8294 17754 5916671 1 1019
8295 17754 5916681 1 1019
8296 17754 5916691 1 1019
8297 17754 5916701 1 1019
8297 17755 5916711 1 1019
8297 17755 5916721 1 1019
8297 17755 5916731 1 1019
8295 17756 5916741 1 1019
8294 17756 5916751 1 1019
8293 17757 5916761 1 1012
8291 17757 5916771 1 676
8289 17758 5916781 1 222
8288 17758 5916791 1 29
8284 17758 5916801 1 15
8283 17759 5916811 1 15
8282 17759 5916821 1 15
8281 17759 5916831 1 15
8279 17760 5916841 1 15
8278 17760 5916851 1 15
8276 17762 5916861 1 15
8275 17763 5916871 1 15
8273 17764 5916881 1 15
8272 17765 5916891 1 15
8270 17765 5916901 1 15
8269 17766 5916911 1 15
8268 17768 5916921 1 15
8268 17768 5916931 1 41
8269 17768 5916941 1 95
8270 17768 5916951 1 156
8270 17768 5916961 1 222
8271 17767 5916971 1 295
8274 17765 5916981 1 446
8275 17764 5916991 1 525
8277 17763 5917001 1 602
8278 17762 5917011 1 678
8280 17760 5917021 1 749
8281 17759 5917031 1 817
8284 17755 5917041 1 932
8285 17754 5917051 1 977
8286 17752 5917061 1 1012
8287 17751 5917071 1 1018
8288 17750 5917081 1 1018
8289 17748 5917091 1 1018
8290 17747 5917101 1 1018
8291 17746 5917111 1 1018
8291 17746 5917121 1 1018
8292 17746 5917131 1 1018
8292 17746 5917141 1 1018
8292 17747 5917151 1 1018
8293 17748 5917161 1 1018
8292 17749 5917171 1 1018
8292 17750 5917181 1 1018
8292 17751 5917191 1 1018
8291 17753 5917201 1 1018
8291 17754 5917211 1 1018
8290 17757 5917221 1 1018
8290 17758 5917231 1 1018
8290 17759 5917241 1 1018
8290 17760 5917251 1 1018
8290 17760 5917261 1 1018
8290 17761 5917271 1 1018
8289 17762 5917281 1 1018
8289 17763 5917291 1 1018
8289 17763 5917301 1 1018
8289 17763 5917311 1 1018
8288 17764 5917321 1 1018
8287 17764 5917331 1 1018
8286 17764 5917341 1 1018
8285 17765 5917351 1 1018
8285 17765 5917361 1 1018
8284 17765 5917371 1 1018
8284 17765 5917381 1 1018
8284 17765 5917391 1 1018
8283 17764 5917401 1 1018
8283 17763 5917411 1 1018
8283 17762 5917421 1 1018
8283 17762 5917431 1 1018
8283 17761 5917441 1 1018
8283 17760 5917451 1 1018
8283 17758 5917461 1 1018
