8174 18250 6289111 1 1008
8174 18250 6289121 1 812
8174 18250 6289131 1 648
8174 18250 6289141 1 512
8174 18249 6289151 1 401
8174 18249 6289161 1 313
8174 18249 6289171 1 244
8176 18249 6289181 1 193
8181 18251 6289191 1 157
8185 18253 6289201 1 133
8188 18252 6289211 1 119
8187 18248 6289221 1 113
8184 18243 6289231 1 111
8181 18236 6289241 1 109
8180 18230 6289251 1 109
8180 18226 6289261 1 109
8181 18224 6289271 1 109
8182 18223 6289281 1 108
8183 18222 6289291 1 108
8184 18219 6289301 1 108
8184 18216 6289311 1 107
8183 18211 6289321 1 107
8182 18206 6289331 1 107
8181 18202 6289341 1 106
8180 18200 6289351 1 106
8179 18198 6289361 1 106
8179 18198 6289371 1 105
8178 18197 6289381 1 105
8177 18196 6289391 1 105
8176 18194 6289401 1 105
8174 18193 6289411 1 118
8172 18191 6289421 1 132
8171 18191 6289431 1 155
8171 18192 6289441 1 196
8170 18192 6289451 1 242
8169 18193 6289461 1 291
8168 18194 6289471 1 316
8168 18196 6289481 1 341
8167 18198 6289491 1 394
8167 18200 6289501 1 447
8166 18203 6289511 1 499
8166 18206 6289521 1 526
8166 18209 6289531 1 550
8166 18212 6289541 1 599
8166 18215 6289551 1 644
8166 18218 6289561 1 666
8166 18221 6289571 1 686
8166 18223 6289581 1 722
8167 18226 6289591 1 751
8168 18228 6289601 1 774
8169 18230 6289611 1 789
8170 18232 6289621 1 795
8171 18234 6289631 1 795
8172 18236 6289641 1 793
8173 18237 6289651 1 792
8175 18238 6289661 1 790
8176 18240 6289671 1 785
8178 18241 6289681 1 779
8180 18241 6289691 1 771
8182 18242 6289701 1 762
8184 18242 6289711 1 751
8186 18243 6289721 1 745
8188 18242 6289731 1 740
8190 18242 6289741 1 734
8191 18241 6289751 1 727
8193 18240 6289761 1 714
8194 18238 6289771 1 698
8194 18236 6289781 1 682
8194 18233 6289791 1 666
8194 18231 6289801 1 648
8194 18228 6289811 1 629
8193 18225 6289821 1 621
8192 18223 6289831 1 619
8191 18220 6289841 1 609
8190 18217 6289851 1 589
8188 18214 6289861 1 568
8187 18211 6289871 1 546
8186 18208 6289881 1 524
8185 18205 6289891 1 501
8184 18202 6289901 1 478
8184 18199 6289911 1 465
8183 18196 6289921 1 463
8183 18193 6289931 1 454
8183 18192 6289941 1 444
8183 18190 6289951 1 429
8184 18187 6289961 1 405
8184 18185 6289971 1 380
8185 18182 6289981 1 355
8186 18180 6289991 1 329
8186 18178 6290001 1 303
8187 18176 6290011 1 291
8188 18175 6290021 1 278
8189 18173 6290031 1 267
8191 18172 6290041 1 253
8192 18172 6290051 1 227
8194 18172 6290061 1 201
8195 18172 6290071 1 176
8197 18174 6290081 1 150
8199 18175 6290091 1 126
8201 18177 6290101 1 113
8203 18180 6290111 1 101
8205 18183 6290121 1 83
8207 18187 6290131 1 79
8210 18191 6290141 1 82
8213 18196 6290151 1 82
8216 18200 6290161 1 82
8220 18205 6290171 1 81
8223 18210 6290181 1 81
8227 18215 6290191 1 81
8231 18221 6290201 1 80
8236 18226 6290211 1 80
8240 18231 6290221 1 80
8245 18236 6290231 1 79
8251 18241 6290241 1 79
8256 18246 6290251 1 79
8261 18250 6290261 1 79
8267 18255 6290271 1 78
8272 18259 6290281 1 78
8278 18264 6290291 1 78
8284 18268 6290301 1 77
8289 18272 6290311 1 77
8295 18276 6290321 1 77
8301 18280 6290331 1 76
8306 18283 6290341 1 76
8311 18287 6290351 1 76
8316 18290 6290361 1 75
8321 18292 6290371 1 75
8325 18295 6290381 1 75
8330 18297 6290391 1 75
8334 18299 6290401 1 74
8337 18301 6290411 1 74
8341 18302 6290421 1 74
8344 18304 6290431 1 73
8347 18305 6290441 1 73
8350 18307 6290451 1 73
8353 18308 6290461 1 72
8355 18309 6290471 1 72
8357 18310 6290481 1 72
8359 18311 6290491 1 71
8361 18312 6290501 1 71
8363 18313 6290511 1 71
8364 18314 6290521 1 71
8366 18315 6290531 1 70
8368 18316 6290541 1 70
8369 18317 6290551 1 70
8370 18318 6290561 1 69
8370 18319 6290571 1 69
8370 18320 6290581 1 69
8369 18322 6290591 1 68
8368 18323 6290601 1 68
8366 18324 6290611 1 68
8364 18326 6290621 1 67
8361 18327 6290631 1 67
8359 18328 6290641 1 67
8355 18329 6290651 1 67
8352 18331 6290661 1 66
8349 18332 6290671 1 66
8345 18333 6290681 1 66
8341 18334 6290691 1 65
8338 18335 6290701 1 65
8334 18337 6290711 1 65
8329 18338 6290721 1 64
8325 18339 6290731 1 64
8321 18340 6290741 1 64
8317 18341 6290751 1 64
8312 18342 6290761 1 63
8310 18342 6290771 1 63
8307 18342 6290781 1 63
8302 18343 6290791 1 63
8298 18343 6290801 1 62
8293 18343 6290811 1 62
8289 18342 6290821 1 62
8285 18342 6290831 1 61
8282 18341 6290841 1 61
8278 18341 6290851 1 61
8275 18339 6290861 1 60
8273 18338 6290871 1 60
8270 18337 6290881 1 60
8268 18335 6290891 1 60
8266 18333 6290901 1 59
8265 18331 6290911 1 59
8263 18329 6290921 1 59
8262 18326 6290931 1 58
8261 18324 6290941 1 58
8260 18321 6290951 1 58
8258 18319 6290961 1 57
8257 18317 6290971 1 57
8257 18314 6290981 1 57
8256 18312 6290991 1 56
8255 18309 6291001 1 56
8255 18307 6291011 1 56
8255 18305 6291021 1 79
8256 18302 6291031 1 110
8258 18300 6291041 1 126
8259 18297 6291051 1 143
8261 18295 6291061 1 177
8264 18292 6291071 1 210
8267 18290 6291081 1 245
8269 18288 6291091 1 262
8272 18285 6291101 1 279
8275 18283 6291111 1 314
8278 18281 6291121 1 348
8281 18280 6291131 1 383
8284 18278 6291141 1 401
8286 18277 6291151 1 417
8288 18275 6291161 1 450
8290 18275 6291171 1 483
8291 18274 6291181 1 499
8293 18274 6291191 1 515
8294 18274 6291201 1 547
8295 18274 6291211 1 577
8295 18275 6291221 1 606
8295 18276 6291231 1 634
8296 18277 6291241 1 647
8296 18278 6291251 1 660
8296 18279 6291261 1 686
8296 18281 6291271 1 697
8297 18283 6291281 1 709
8297 18285 6291291 1 730
8298 18287 6291301 1 750
8300 18290 6291311 1 768
8301 18292 6291321 1 783
8303 18294 6291331 1 796
8304 18297 6291341 1 802
8306 18299 6291351 1 806
8308 18302 6291361 1 812
8309 18304 6291371 1 815
8311 18306 6291381 1 820
8313 18308 6291391 1 823
8314 18310 6291401 1 821
8315 18312 6291411 1 818
8316 18314 6291421 1 811
8317 18315 6291431 1 801
8317 18317 6291441 1 797
8317 18318 6291451 1 796
8317 18319 6291461 1 789
8317 18319 6291471 1 774
8316 18320 6291481 1 758
8315 18320 6291491 1 740
8314 18321 6291501 1 722
8313 18321 6291511 1 703
8311 18320 6291521 1 685
8309 18320 6291531 1 675
8308 18319 6291541 1 672
8306 18319 6291551 1 666
8304 18318 6291561 1 648
8303 18316 6291571 1 631
8301 18315 6291581 1 616
8300 18313 6291591 1 603
8300 18312 6291601 1 596
8299 18311 6291611 1 592
8299 18309 6291621 1 583
8299 18307 6291631 1 580
8299 18304 6291641 1 579
8300 18302 6291651 1 578
8301 18299 6291661 1 577
8301 18296 6291671 1 580
8302 18293 6291681 1 587
8303 18290 6291691 1 599
8303 18287 6291701 1 615
8303 18284 6291711 1 638
8304 18281 6291721 1 650
8304 18279 6291731 1 666
8304 18276 6291741 1 701
8304 18274 6291751 1 721
8303 18272 6291761 1 743
8303 18270 6291771 1 792
8302 18268 6291781 1 848
8301 18266 6291791 1 913
8300 18264 6291801 1 985
8299 18263 6291811 1 988
8299 18261 6291821 1 989
8299 18260 6291831 1 989
8298 18259 6291841 1 989
8298 18258 6291851 1 990
8298 18257 6291861 1 990
8299 18256 6291871 1 990
8300 18255 6291881 1 991
8300 18255 6291891 1 991
8301 18254 6291901 1 991
8302 18253 6291911 1 992
8303 18253 6291921 1 992
8304 18253 6291931 1 992
8305 18253 6291941 1 993
8306 18252 6291951 1 993
8308 18252 6291961 1 993
8309 18252 6291971 1 994
8310 18253 6291981 1 994
8311 18253 6291991 1 994
8312 18253 6292001 1 995
8314 18253 6292011 1 995
8316 18254 6292021 1 995
8318 18254 6292031 1 996
8320 18255 6292041 1 996
8322 18255 6292051 1 996
8324 18256 6292061 1 997
8326 18256 6292071 1 997
8328 18257 6292081 1 997
8330 18257 6292091 1 998
8332 18258 6292101 1 998
8333 18258 6292111 1 998
8335 18259 6292121 1 999
8337 18259 6292131 1 999
8338 18260 6292141 1 999
8339 18260 6292151 1 1000
8340 18260 6292161 1 1000
8341 18261 6292171 1 1000
8342 18261 6292181 1 1001
8343 18262 6292191 1 1001
8344 18262 6292201 1 1001
8344 18262 6292211 1 1002
8345 18262 6292221 1 1002
8346 18263 6292231 1 1002
8347 18263 6292241 1 1003
8347 18263 6292251 1 1016
8348 18263 6292261 1 1003
8348 18263 6292271 1 891
8348 18263 6292281 1 605
8348 18262 6292291 1 295
8347 18262 6292301 1 17
8348 18263 6292311 1 16
8348 18263 6292321 1 16
8348 18263 6292331 1 16
8349 18264 6292341 1 15
8349 18264 6292351 1 15
8350 18265 6292361 1 15
8350 18266 6292371 1 15
8350 18267 6292381 1 14
8350 18268 6292391 1 14
8349 18268 6292401 1 14
8348 18269 6292411 1 13
8347 18270 6292421 1 13
8346 18271 6292431 1 13
8345 18271 6292441 1 13
8343 18272 6292451 1 12
8341 18272 6292461 1 12
8338 18273 6292471 1 12
8335 18273 6292481 1 11
8333 18273 6292491 1 11
8330 18274 6292501 1 11
8327 18274 6292511 1 11
8324 18274 6292521 1 10
8321 18274 6292531 1 10
8319 18273 6292541 1 10
8317 18273 6292551 1 9
8315 18273 6292561 1 9
8313 18272 6292571 1 9
8311 18272 6292581 1 8
8310 18272 6292591 1 8
8309 18271 6292601 1 8
8308 18271 6292611 1 7
8308 18270 6292621 1 7
8307 18269 6292631 1 7
8307 18269 6292641 1 7
8306 18268 6292651 1 6
8306 18266 6292661 1 6
8306 18265 6292671 1 6
8306 18264 6292681 1 5
8306 18262 6292691 1 5
8305 18260 6292701 1 5
8305 18259 6292711 1 4
8304 18257 6292721 1 4
8304 18255 6292731 1 4
8303 18253 6292741 1 3
8302 18251 6292751 1 3
8302 18250 6292761 1 3
8301 18248 6292771 1 3
8300 18246 6292781 1 2
8299 18245 6292791 1 2
8299 18243 6292801 1 2
8298 18242 6292811 1 1
8298 18240 6292821 1 1
8298 18239 6292831 1 1
8298 18238 6292841 0 0
8299 18237 6292851 0 0
8300 18236 6292861 0 0
8301 18235 6292871 0 0
8303 18234 6292881 0 0
8304 18233 6292891 0 0
8306 18232 6292901 0 0
8307 18232 6292911 0 0
8309 18231 6292921 0 0
8310 18230 6292931 0 0
8311 18230 6292941 0 0
8312 18230 6292951 0 0
8313 18230 6292961 0 0
8313 18230 6292971 0 0
8313 18231 6292981 0 0
8313 18232 6292991 0 0
8313 18233 6293001 0 0
8313 18234 6293011 0 0
8312 18236 6293021 1 1
8311 18237 6293031 1 1
8311 18239 6293041 1 2
8311 18241 6293051 1 2
8311 18243 6293061 1 3
8311 18245 6293071 1 3
8312 18247 6293081 1 4
8312 18249 6293091 1 5
8313 18251 6293101 1 5
8314 18253 6293111 1 6
8315 18255 6293121 1 6
8316 18257 6293131 1 7
8317 18258 6293141 1 7
8317 18260 6293151 1 8
8318 18262 6293161 1 8
8319 18263 6293171 1 9
8319 18265 6293181 1 9
8320 18266 6293191 1 9
8320 18268 6293201 1 10
8320 18269 6293211 1 25
8321 18270 6293221 1 101
8321 18271 6293231 1 181
8321 18272 6293241 1 221
8322 18273 6293251 1 263
8322 18274 6293261 1 281
8323 18274 6293271 1 297
8324 18275 6293281 1 347
8324 18276 6293291 1 432
8325 18277 6293301 1 518
8326 18277 6293311 1 601
8327 18278 6293321 1 684
8328 18279 6293331 1 763
8329 18279 6293341 1 802
8330 18280 6293351 1 838
8331 18280 6293361 1 909
8332 18280 6293371 1 949
8333 18280 6293381 1 974
8333 18280 6293391 1 1006
8334 18279 6293401 1 1006
8334 18279 6293411 1 1006
8335 18278 6293421 1 1005
8335 18278 6293431 1 1005
8335 18277 6293441 1 1005
8336 18276 6293451 1 1004
8336 18275 6293461 1 1004
8335 18274 6293471 1 1004
8335 18273 6293481 1 1003
8335 18273 6293491 1 1003
8334 18272 6293501 1 1003
8334 18271 6293511 1 1002
8333 18270 6293521 1 1002
8332 18269 6293531 1 1002
8331 18268 6293541 1 1001
8330 18267 6293551 1 1001
8329 18267 6293561 1 1001
8328 18266 6293571 1 1000
8328 18265 6293581 1 1000
8327 18265 6293591 1 1000
8326 18264 6293601 1 999
8326 18264 6293611 1 999
8325 18263 6293621 1 999
8325 18263 6293631 1 998
8324 18263 6293641 1 998
8324 18263 6293651 1 998
8323 18264 6293661 1 997
8323 18264 6293671 1 997
8323 18265 6293681 1 997
8324 18266 6293691 1 996
8324 18267 6293701 1 996
8325 18269 6293711 1 996
8325 18271 6293721 1 995
8326 18272 6293731 1 995
8326 18274 6293741 1 995
8326 18276 6293751 1 994
8327 18278 6293761 1 994
8327 18279 6293771 1 994
8327 18281 6293781 1 993
8327 18282 6293791 1 993
8327 18283 6293801 1 993
8327 18285 6293811 1 988
8327 18285 6293821 1 978
8327 18286 6293831 1 969
8326 18287 6293841 1 961
8325 18288 6293851 1 955
8324 18289 6293861 1 951
8323 18289 6293871 1 949
8322 18290 6293881 1 949
8321 18290 6293891 1 947
8320 18291 6293901 1 945
8319 18291 6293911 1 945
8318 18292 6293921 1 946
8317 18293 6293931 1 947
8316 18293 6293941 1 950
8316 18294 6293951 1 953
8315 18295 6293961 1 955
8314 18295 6293971 1 954
8313 18296 6293981 1 956
8312 18296 6293991 1 961
8312 18296 6294001 1 966
8311 18297 6294011 1 972
8310 18297 6294021 1 978
8310 18297 6294031 1 984
8311 18298 6294041 1 985
8311 18298 6294051 1 984
8312 18298 6294061 1 984
8313 18299 6294071 1 984
8314 18299 6294081 1 983
8314 18299 6294091 1 983
8315 18299 6294101 1 983
8316 18300 6294111 1 983
8317 18300 6294121 1 982
8318 18301 6294131 1 982
8319 18301 6294141 1 981
8319 18302 6294151 1 981
8320 18302 6294161 1 981
8321 18303 6294171 1 980
8321 18303 6294181 1 980
8322 18303 6294191 1 980
8322 18304 6294201 1 979
8323 18304 6294211 1 979
8324 18305 6294221 1 979
8325 18305 6294231 1 978
8326 18305 6294241 1 978
8326 18306 6294251 1 978
8327 18306 6294261 1 977
8328 18305 6294271 1 977
8328 18305 6294281 1 977
8329 18305 6294291 1 976
8329 18304 6294301 1 976
8329 18303 6294311 1 976
8330 18303 6294321 1 975
8330 18302 6294331 1 975
8330 18301 6294341 1 975
8329 18301 6294351 1 974
8329 18300 6294361 1 974
8329 18299 6294371 1 974
8328 18298 6294381 1 973
8327 18298 6294391 1 973
8327 18297 6294401 1 973
8326 18296 6294411 1 972
8325 18296 6294421 1 972
8324 18295 6294431 1 972
8324 18295 6294441 1 971
8324 18295 6294451 1 971
8324 18294 6294461 1 971
8325 18294 6294471 1 970
8325 18294 6294481 1 970
8326 18293 6294491 1 970
8327 18293 6294501 1 969
8329 18292 6294511 1 969
8330 18291 6294521 1 969
8331 18290 6294531 1 968
8332 18290 6294541 1 968
8333 18289 6294551 1 968
8334 18288 6294561 1 967
8335 18287 6294571 1 967
8336 18287 6294581 1 967
8337 18286 6294591 1 966
8337 18285 6294601 1 966
8338 18285 6294611 1 966
8339 18284 6294621 1 965
8340 18283 6294631 1 965
8341 18282 6294641 1 965
8342 18281 6294651 1 964
8344 18280 6294661 1 964
8346 18279 6294671 1 964
8348 18278 6294681 1 963
8350 18277 6294691 1 963
8352 18276 6294701 1 963
8354 18275 6294711 1 962
8355 18274 6294721 1 962
8357 18273 6294731 1 962
8358 18273 6294741 1 961
8358 18272 6294751 1 961
8359 18271 6294761 1 961
8359 18270 6294771 1 960
8359 18270 6294781 1 960
8358 18269 6294791 1 960
8358 18268 6294801 1 959
8357 18268 6294811 1 959
8357 18267 6294821 1 959
8356 18267 6294831 1 958
8356 18267 6294841 1 958
8356 18266 6294851 1 958
8356 18266 6294861 1 944
8356 18266 6294871 1 906
8357 18265 6294881 1 877
8357 18265 6294891 1 833
8356 18265 6294901 1 748
8356 18264 6294911 1 652
8356 18264 6294921 1 601
8356 18264 6294931 1 546
8355 18264 6294941 1 432
8355 18264 6294951 1 309
8355 18264 6294961 1 252
8355 18264 6294971 1 179
8355 18265 6294981 1 63
8356 18265 6294991 1 39
8357 18266 6295001 1 64
8358 18267 6295011 1 64
8360 18268 6295021 1 64
8362 18269 6295031 1 65
8364 18270 6295041 1 65
8366 18271 6295051 1 65
8368 18272 6295061 1 66
8369 18273 6295071 1 66
8371 18274 6295081 1 66
8372 18274 6295091 1 67
8373 18275 6295101 1 67
8375 18276 6295111 1 67
8375 18277 6295121 1 67
8376 18278 6295131 1 68
8376 18279 6295141 1 68
8376 18279 6295151 1 68
8376 18280 6295161 1 69
8375 18281 6295171 1 69
8374 18281 6295181 1 69
8373 18282 6295191 1 70
8372 18283 6295201 1 70
8372 18283 6295211 1 70
8371 18284 6295221 1 71
8371 18285 6295231 1 71
8371 18286 6295241 1 71
8371 18287 6295251 1 71
8371 18287 6295261 1 72
8371 18288 6295271 1 72
8371 18289 6295281 1 72
8372 18289 6295291 1 73
8373 18290 6295301 1 73
8375 18290 6295311 1 73
8377 18291 6295321 1 74
8378 18291 6295331 1 74
8380 18292 6295341 1 74
8383 18292 6295351 1 75
8385 18293 6295361 1 75
8387 18294 6295371 1 75
8389 18295 6295381 1 75
8391 18295 6295391 1 76
8393 18296 6295401 1 76
8396 18297 6295411 1 76
8398 18297 6295421 1 77
8400 18296 6295431 1 77
8402 18295 6295441 1 77
8403 18291 6295451 1 78
8403 18286 6295461 1 78
8401 18278 6295471 1 264
8396 18268 6295481 1 666
8387 18256 6295491 1 831
8374 18244 6295501 1 936
8358 18233 6295511 1 936
8339 18223 6295521 1 80
8319 18214 6295531 1 80
8298 18207 6295541 1 80
8278 18202 6295551 1 81
8260 18200 6295561 1 81
8245 18199 6295571 1 81
8234 18201 6295581 1 82
8225 18203 6295591 1 82
8220 18207 6295601 1 82
8217 18212 6295611 1 82
8216 18219 6295621 1 83
8217 18226 6295631 1 83
8219 18234 6295641 1 83
8223 18243 6295651 1 84
8228 18253 6295661 1 84
8234 18264 6295671 1 84
8242 18274 6295681 1 85
8250 18285 6295691 1 80
8260 18295 6295701 1 87
8271 18305 6295711 1 120
8282 18315 6295721 1 158
8293 18323 6295731 1 199
8304 18330 6295741 1 243
8310 18334 6295751 1 268
8315 18337 6295761 1 286
8325 18342 6295771 1 307
8335 18347 6295781 1 327
8344 18350 6295791 1 365
8352 18353 6295801 1 385
8357 18352 6295811 1 399
8362 18351 6295821 1 426
8366 18350 6295831 1 446
8369 18350 6295841 1 456
8372 18349 6295851 1 455
8374 18349 6295861 1 453
8376 18348 6295871 1 441
8377 18348 6295881 1 414
8379 18348 6295891 1 370
8380 18347 6295901 1 341
8381 18347 6295911 1 309
8381 18346 6295921 1 229
8382 18346 6295931 1 92
8383 18345 6295941 1 92
8383 18345 6295951 1 93
8384 18344 6295961 1 93
8384 18344 6295971 1 93
8384 18344 6295981 1 94
8384 18343 6295991 1 94
8384 18343 6296001 1 94
8383 18343 6296011 1 94
8383 18343 6296021 1 95
8383 18342 6296031 1 95
8383 18342 6296041 1 95
8382 18342 6296051 1 96
8382 18342 6296061 1 103
8382 18342 6296071 1 121
8381 18342 6296081 1 147
8381 18342 6296091 1 180
8381 18342 6296101 1 220
8380 18341 6296111 1 265
8380 18341 6296121 1 314
8380 18341 6296131 1 366
8380 18341 6296141 1 421
8379 18341 6296151 1 478
8379 18340 6296161 1 535
8378 18340 6296171 1 591
8378 18340 6296181 1 646
8377 18340 6296191 1 697
8377 18340 6296201 1 746
8377 18340 6296211 1 790
8378 18340 6296221 1 829
8378 18340 6296231 1 861
8379 18340 6296241 1 886
8380 18341 6296251 1 903
8381 18341 6296261 1 911
8382 18341 6296271 1 911
8382 18342 6296281 1 910
8383 18342 6296291 1 910
8384 18343 6296301 1 910
8385 18343 6296311 1 909
8386 18344 6296321 1 909
8387 18344 6296331 1 885
8387 18345 6296341 1 850
8388 18345 6296351 1 819
8389 18346 6296361 1 792
8390 18346 6296371 1 772
8391 18347 6296381 1 756
8392 18347 6296391 1 747
8392 18347 6296401 1 745
8392 18347 6296411 1 751
8392 18347 6296421 1 766
8392 18347 6296431 1 789
8391 18347 6296441 1 822
8391 18346 6296451 1 866
8390 18346 6296461 1 904
8390 18346 6296471 1 904
8389 18345 6296481 1 904
8389 18345 6296491 1 903
8388 18345 6296501 1 903
8387 18344 6296511 1 903
8386 18344 6296521 1 902
8385 18344 6296531 1 902
8384 18344 6296541 1 902
8383 18343 6296551 1 901
8382 18343 6296561 1 901
8380 18343 6296571 1 901
8379 18343 6296581 1 900
8378 18342 6296591 1 900
8377 18342 6296601 1 900
8376 18342 6296611 1 899
8376 18342 6296621 1 899
