8449 17888 2216674 1 459
8329 17781 2216684 1 456
8283 17740 2216694 1 457
8273 17731 2216704 1 461
8268 17727 2216714 1 462
8264 17723 2216724 1 464
8255 17715 2216734 1 467
8253 17714 2216744 1 469
8251 17711 2216754 1 473
8249 17709 2216764 1 474
8248 17708 2216774 1 476
8247 17706 2216784 1 478
8244 17703 2216794 1 480
8242 17700 2216804 1 481
8239 17697 2216814 1 485
8236 17694 2216824 1 486
8234 17692 2216834 1 490
8232 17689 2216844 1 491
8231 17688 2216854 1 493
8231 17687 2216864 1 495
8229 17685 2216874 1 496
8229 17685 2216884 1 498
8228 17684 2216894 1 498
8227 17683 2216904 1 502
8227 17683 2216914 1 503
8227 17683 2216924 1 506
8226 17684 2216934 1 508
8227 17685 2216944 1 511
8227 17686 2216954 1 513
8229 17687 2216964 1 516
8230 17689 2216974 1 518
8230 17691 2216984 1 520
8231 17692 2216994 1 521
8233 17695 2217004 1 523
8236 17697 2217014 1 526
8238 17700 2217024 1 528
8239 17702 2217034 1 528
8241 17703 2217044 1 530
8243 17707 2217054 1 533
8246 17711 2217064 1 534
8249 17714 2217074 1 538
8251 17718 2217084 1 539
8252 17719 2217094 1 541
8253 17721 2217104 1 543
8256 17724 2217114 1 544
8258 17727 2217124 1 547
8261 17729 2217134 1 549
8263 17732 2217144 1 552
8266 17734 2217154 1 554
8269 17735 2217164 1 557
8271 17736 2217174 1 559
8273 17737 2217184 1 562
8275 17737 2217194 1 562
8277 17737 2217204 1 564
8278 17737 2217214 1 565
8278 17737 2217224 1 567
8279 17736 2217234 1 568
8280 17735 2217244 1 570
8281 17734 2217254 1 573
8281 17732 2217264 1 575
8281 17731 2217274 1 578
8280 17728 2217284 1 579
8280 17726 2217294 1 582
8279 17725 2217304 1 583
8279 17724 2217314 1 584
8278 17721 2217324 1 587
8277 17717 2217334 1 589
8276 17713 2217344 1 590
8274 17709 2217354 1 593
8273 17705 2217364 1 595
8271 17700 2217374 1 598
8270 17696 2217384 1 600
8269 17693 2217394 1 601
8268 17691 2217404 1 603
8267 17689 2217414 1 603
8266 17686 2217424 1 604
8265 17682 2217434 1 606
8264 17677 2217444 1 609
8263 17673 2217454 1 611
8262 17669 2217464 1 614
8261 17666 2217474 1 615
8260 17663 2217484 1 617
8259 17660 2217494 1 620
8257 17658 2217504 1 621
8256 17657 2217514 1 623
8255 17657 2217524 1 624
8253 17655 2217534 1 626
8249 17654 2217544 1 628
8246 17653 2217554 1 630
8242 17653 2217564 1 632
8239 17652 2217574 1 632
8237 17653 2217584 1 634
8232 17653 2217594 1 636
8227 17653 2217604 1 638
8221 17655 2217614 1 640
8218 17655 2217624 1 641
8215 17656 2217634 1 643
8209 17657 2217644 1 644
8204 17659 2217654 1 646
8198 17661 2217664 1 649
8193 17664 2217674 1 650
8188 17667 2217684 1 652
8184 17670 2217694 1 655
8180 17673 2217704 1 656
8177 17677 2217714 1 658
8176 17678 2217724 1 659
8174 17680 2217734 1 661
8173 17684 2217744 1 662
8172 17686 2217754 1 663
8172 17688 2217764 1 664
8172 17692 2217774 1 666
8172 17696 2217784 1 668
8174 17701 2217794 1 669
8176 17705 2217804 1 672
8179 17709 2217814 1 674
8183 17713 2217824 1 675
8185 17715 2217834 1 677
8188 17717 2217844 1 678
8193 17720 2217854 1 680
8198 17724 2217864 1 681
8203 17727 2217874 1 684
8209 17730 2217884 1 686
8215 17733 2217894 1 687
8220 17735 2217904 1 690
8226 17737 2217914 1 691
8231 17738 2217924 1 694
8233 17739 2217934 1 694
8233 17739 2217944 1 694
8235 17740 2217954 1 696
8240 17740 2217964 1 697
8245 17741 2217974 1 700
8249 17741 2217984 1 701
8253 17741 2217994 1 704
8257 17741 2218004 1 706
8260 17740 2218014 1 708
8263 17739 2218024 1 710
8266 17738 2218034 1 712
8267 17738 2218044 1 713
8268 17737 2218054 1 714
8271 17736 2218064 1 715
8273 17735 2218074 1 718
8275 17733 2218084 1 720
8277 17732 2218094 1 722
8279 17731 2218104 1 724
8279 17731 2218114 1 724
8279 17730 2218124 1 725
8279 17729 2218134 1 727
8279 17728 2218144 1 728
8279 17728 2218154 1 729
8279 17728 2218164 1 729
8277 17727 2218174 1 731
8276 17728 2218184 1 732
8275 17728 2218194 1 734
8273 17728 2218204 1 735
8271 17729 2218214 1 735
8269 17730 2218224 1 737
8267 17731 2218234 1 738
8264 17732 2218244 1 738
8263 17733 2218254 1 739
8262 17733 2218264 1 740
8259 17735 2218274 1 741
8257 17736 2218284 1 741
8256 17737 2218294 1 741
8255 17737 2218304 1 742
8254 17739 2218314 1 744
8252 17740 2218324 1 745
8251 17741 2218334 1 747
8250 17743 2218344 1 748
8249 17744 2218354 1 749
8249 17745 2218364 1 751
8249 17746 2218374 1 751
8249 17747 2218384 1 753
8249 17748 2218394 1 755
8249 17749 2218404 1 757
8249 17750 2218414 1 760
8250 17751 2218424 1 763
8251 17752 2218434 1 765
8252 17752 2218444 1 769
8253 17752 2218454 1 772
8254 17753 2218464 1 774
8254 17753 2218474 1 775
8254 17753 2218484 1 775
8256 17753 2218494 1 779
8257 17753 2218504 1 783
8259 17752 2218514 1 788
8260 17752 2218524 1 792
8262 17752 2218534 1 797
8263 17751 2218544 1 801
8265 17751 2218554 1 806
8266 17750 2218564 1 809
8267 17749 2218574 1 812
8267 17749 2218584 1 814
8268 17749 2218594 1 818
8269 17748 2218604 1 822
8270 17748 2218614 1 825
8270 17747 2218624 1 828
8271 17747 2218634 1 832
8272 17746 2218644 1 833
8272 17746 2218654 1 834
8272 17746 2218664 1 835
8273 17746 2218674 1 837
8274 17746 2218684 1 837
8275 17746 2218694 1 837
8276 17745 2218704 1 837
8277 17745 2218714 1 837
8279 17744 2218724 1 835
8280 17744 2218734 1 833
8282 17743 2218744 1 829
8283 17743 2218754 1 826
8284 17742 2218764 1 821
8285 17742 2218774 1 815
8286 17741 2218784 1 813
8286 17740 2218794 1 809
8287 17740 2218804 1 802
8287 17740 2218814 1 794
8288 17740 2218824 1 785
8288 17740 2218834 1 782
8288 17740 2218844 1 778
8288 17740 2218854 1 770
8289 17740 2218864 1 763
8289 17739 2218874 1 757
8290 17739 2218884 1 752
8290 17739 2218894 1 750
8290 17738 2218904 1 749
8290 17738 2218914 1 747
8291 17737 2218924 1 747
8291 17737 2218934 1 748
8291 17737 2218944 1 753
8291 17737 2218954 1 760
8291 17736 2218964 1 770
8291 17736 2218974 1 783
8290 17736 2218984 1 800
8290 17736 2218994 1 809
8289 17737 2219004 1 820
8289 17737 2219014 1 829
8289 17737 2219024 1 844
8288 17737 2219034 1 871
8287 17737 2219044 1 902
8287 17738 2219054 1 932
8287 17738 2219064 1 963
8286 17738 2219074 1 990
8286 17738 2219084 1 1014
8285 17739 2219094 1 1024
8285 17739 2219104 1 1024
8285 17740 2219114 1 1024
8284 17740 2219124 1 1024
8284 17740 2219134 1 1024
8284 17740 2219144 1 1013
8284 17741 2219154 1 979
8283 17741 2219164 1 929
8283 17741 2219174 1 863
8283 17741 2219184 1 779
8283 17741 2219194 1 723
8283 17741 2219204 1 681
8283 17741 2219214 1 629
8283 17741 2219224 1 571
8282 17741 2219234 1 453
8280 17741 2219244 1 329
8279 17741 2219254 1 203
8277 17741 2219264 1 77
8275 17741 2219274 0 0
8273 17741 2219284 0 0
8272 17741 2219294 0 0
8269 17741 2219304 0 0
8268 17741 2219314 0 0
8267 17741 2219324 0 0
8264 17742 2219334 0 0
8262 17742 2219344 0 0
8260 17742 2219354 0 0
8258 17742 2219364 0 0
8257 17742 2219374 0 0
8256 17742 2219384 0 0
8255 17742 2219394 0 0
8254 17742 2219404 0 0
8254 17742 2219414 0 0
8254 17742 2219424 0 0
8254 17742 2219434 1 47
8254 17743 2219444 1 282
8255 17743 2219454 1 562
8256 17743 2219464 1 892
8257 17743 2219474 1 1024
8258 17743 2219484 1 1024
8260 17743 2219494 1 1024
8262 17742 2219504 1 1024
8264 17742 2219514 1 1024
8265 17742 2219524 1 1024
8266 17742 2219534 1 1024
8268 17741 2219544 1 1024
8270 17740 2219554 1 1024
8271 17740 2219564 1 1024
8273 17739 2219574 1 1024
8276 17738 2219584 1 1024
8279 17737 2219594 1 1024
8282 17736 2219604 1 1024
8286 17735 2219614 1 1024
8289 17734 2219624 1 1024
8291 17733 2219634 1 1024
8294 17732 2219644 1 1024
8298 17731 2219654 1 1024
8302 17730 2219664 1 1024
8306 17729 2219674 1 1024
8310 17729 2219684 1 1024
8314 17728 2219694 1 1024
8317 17727 2219704 1 1024
8320 17727 2219714 1 1024
8323 17727 2219724 1 1024
8324 17727 2219734 1 1024
8325 17727 2219744 1 1024
8326 17727 2219754 1 1024
8328 17727 2219764 1 1024
8329 17726 2219774 1 1024
8330 17726 2219784 1 1024
8331 17725 2219794 1 1024
8331 17725 2219804 1 1024
8331 17725 2219814 1 1024
8330 17724 2219824 1 1024
8330 17724 2219834 1 1024
8329 17724 2219844 1 1024
8328 17723 2219854 1 1024
8327 17723 2219864 1 1024
8325 17723 2219874 1 1024
8323 17723 2219884 1 1024
8321 17723 2219894 1 1024
8319 17723 2219904 0 0
8318 17723 2219914 0 0
8317 17723 2219924 0 0
8315 17723 2219934 0 0
8312 17723 2219944 0 0
8311 17723 2219954 0 0
8310 17723 2219964 0 0
8308 17723 2219974 0 0
8305 17723 2219984 0 0
8303 17723 2219994 0 0
8300 17723 2220004 0 0
8298 17722 2220014 0 0
8296 17722 2220024 0 0
8293 17722 2220034 0 0
8291 17722 2220044 0 0
8290 17722 2220054 0 0
8289 17721 2220064 0 0
8287 17721 2220074 0 0
8285 17720 2220084 1 24
8284 17720 2220094 1 46
8283 17719 2220104 1 72
8281 17718 2220114 1 126
8279 17717 2220124 1 186
8277 17716 2220134 1 249
8275 17715 2220144 1 315
8273 17714 2220154 1 384
8272 17713 2220164 1 417
8271 17712 2220174 1 452
8270 17711 2220184 1 521
8270 17711 2220194 1 588
8270 17710 2220204 1 651
8270 17709 2220214 1 712
8271 17709 2220224 1 768
8272 17708 2220234 1 817
8274 17708 2220244 1 861
8275 17708 2220254 1 896
8276 17707 2220264 1 912
8277 17707 2220274 1 916
8278 17707 2220284 1 923
8280 17707 2220294 1 939
8282 17707 2220304 1 948
8284 17707 2220314 1 955
8287 17707 2220324 1 963
8289 17708 2220334 1 970
8291 17708 2220344 1 976
8293 17709 2220354 1 982
8296 17710 2220364 1 988
8297 17711 2220374 1 990
8299 17712 2220384 1 993
8301 17712 2220394 1 997
8304 17713 2220404 1 1001
8306 17714 2220414 1 1005
8309 17715 2220424 1 1007
8312 17716 2220434 1 1010
8314 17717 2220444 1 1013
8315 17718 2220454 1 1014
8316 17718 2220464 1 1015
8318 17719 2220474 1 1017
8319 17719 2220484 1 1017
8320 17719 2220494 1 1018
8321 17720 2220504 1 1019
8322 17721 2220514 1 1020
8322 17722 2220524 1 1021
8322 17723 2220534 1 1022
8322 17724 2220544 1 1023
8321 17725 2220554 1 1023
8320 17726 2220564 1 1023
8320 17727 2220574 1 1023
8319 17728 2220584 1 1024
8319 17729 2220594 1 1024
8318 17731 2220604 1 1023
8317 17732 2220614 1 1022
8316 17734 2220624 1 1022
8315 17735 2220634 1 1022
8314 17735 2220644 1 1022
8313 17737 2220654 1 1021
8311 17738 2220664 1 1020
8310 17740 2220674 1 1019
8308 17741 2220684 1 1018
8307 17741 2220694 1 1017
8305 17742 2220704 1 1017
8304 17743 2220714 1 1016
8302 17744 2220724 1 1015
8301 17745 2220734 1 1014
8300 17746 2220744 1 1013
8299 17747 2220754 1 1012
8299 17747 2220764 1 1012
8299 17748 2220774 1 1011
8299 17748 2220784 1 1010
8299 17748 2220794 1 1010
8299 17748 2220804 1 1010
8299 17748 2220814 1 1010
8299 17748 2220824 1 1009
8300 17748 2220834 1 1010
8302 17748 2220844 1 1009
8303 17747 2220854 1 1009
8305 17747 2220864 1 1009
8306 17747 2220874 1 1009
8308 17746 2220884 1 1010
8309 17746 2220894 1 1011
8310 17745 2220904 1 1011
8312 17745 2220914 1 1012
8313 17745 2220924 1 1012
8314 17744 2220934 1 1013
8316 17744 2220944 1 1015
8317 17743 2220954 1 1015
8318 17743 2220964 1 1016
8319 17742 2220974 1 1017
8319 17742 2220984 1 1019
8319 17742 2220994 1 1020
8319 17741 2221004 1 1021
8319 17741 2221014 1 1021
8319 17741 2221024 1 1022
8319 17740 2221034 1 1024
8318 17740 2221044 1 1024
8317 17739 2221054 1 1024
8316 17739 2221064 1 1024
8315 17738 2221074 1 1024
8314 17738 2221084 1 1024
8312 17737 2221094 1 1024
8311 17737 2221104 1 1024
8310 17737 2221114 1 1024
8309 17737 2221124 1 1024
8308 17736 2221134 1 1024
8308 17736 2221144 1 1024
8307 17736 2221154 1 1024
8306 17735 2221164 1 1024
8306 17735 2221174 1 1024
8305 17735 2221184 1 1024
8305 17735 2221194 1 1024
8305 17734 2221204 1 1024
8304 17734 2221214 1 1024
8304 17734 2221224 1 1024
8305 17733 2221234 1 1024
8305 17733 2221244 1 1024
8304 17732 2221254 1 1024
8305 17732 2221264 1 1024
8304 17732 2221274 1 1024
8305 17731 2221284 1 1024
8305 17731 2221294 1 1024
8305 17731 2221304 1 1024
8304 17731 2221314 1 1024
8304 17731 2221324 1 1024
8304 17731 2221334 1 1024
8304 17731 2221344 1 1024
8304 17732 2221354 1 1024
8304 17732 2221364 1 1024
8304 17732 2221374 1 1024
8305 17732 2221384 1 1024
8305 17733 2221394 1 1024
8306 17733 2221404 1 1024
8307 17733 2221414 1 1024
8308 17734 2221424 1 1024
8309 17734 2221434 1 1024
8310 17734 2221444 1 1024
8311 17735 2221454 1 1024
8313 17735 2221464 1 1024
8315 17736 2221474 1 1024
8316 17737 2221484 1 1024
8318 17737 2221494 1 1024
8320 17738 2221504 1 1024
8321 17738 2221514 1 1024
8323 17739 2221524 1 1024
8323 17739 2221534 1 1024
8323 17739 2221544 1 1024
8324 17739 2221554 1 1024
8325 17739 2221564 1 1024
8327 17739 2221574 1 1024
8328 17739 2221584 1 1024
8330 17739 2221594 1 1024
8332 17739 2221604 1 1024
8334 17739 2221614 1 1024
8335 17740 2221624 1 1024
8337 17740 2221634 1 1024
8338 17740 2221644 1 1024
8339 17740 2221654 1 1024
8339 17740 2221664 1 1024
8340 17740 2221674 1 1024
8340 17740 2221684 1 1024
8339 17739 2221694 1 1024
8339 17739 2221704 1 1024
8339 17739 2221714 1 1024
8338 17738 2221724 1 1024
8338 17737 2221734 1 1024
8337 17737 2221744 1 1024
8335 17736 2221754 1 1024
8334 17736 2221764 1 1024
8334 17735 2221774 1 1024
8333 17734 2221784 1 1024
8331 17733 2221794 1 1024
8330 17733 2221804 1 1024
8329 17732 2221814 1 1024
8328 17731 2221824 1 1024
8327 17730 2221834 1 1024
8326 17729 2221844 1 1024
8326 17728 2221854 1 1024
8326 17728 2221864 1 1024
8326 17727 2221874 1 1024
8326 17726 2221884 1 1024
8326 17725 2221894 1 1024
8326 17725 2221904 1 1024
8327 17724 2221914 1 1024
8328 17723 2221924 1 1024
8329 17722 2221934 1 1024
8330 17721 2221944 1 1024
8331 17721 2221954 1 1024
8332 17721 2221964 1 1024
8333 17720 2221974 1 1024
8334 17720 2221984 1 1024
8335 17720 2221994 1 1024
8337 17721 2222004 1 1024
8338 17721 2222014 1 1024
8340 17721 2222024 1 1024
8342 17722 2222034 1 1024
8344 17723 2222044 1 1024
8346 17724 2222054 1 1024
8347 17724 2222064 1 1024
8347 17725 2222074 1 1024
8348 17725 2222084 1 1024
8349 17726 2222094 1 1024
8352 17727 2222104 1 1024
8354 17729 2222114 1 1024
8356 17730 2222124 1 1024
8358 17732 2222134 1 1024
8361 17733 2222144 1 1024
8363 17735 2222154 1 1024
8365 17736 2222164 1 1024
8366 17737 2222174 1 1024
8368 17739 2222184 1 1024
8370 17740 2222194 1 1024
8371 17741 2222204 1 1024
8373 17743 2222214 1 1024
8374 17744 2222224 1 1024
8375 17745 2222234 1 1024
8376 17746 2222244 1 1024
8376 17746 2222254 1 1024
8376 17747 2222264 1 1024
8375 17747 2222274 1 1024
8375 17747 2222284 1 1024
8374 17748 2222294 1 1024
8373 17748 2222304 1 1024
8372 17748 2222314 1 1024
8371 17748 2222324 1 1024
8370 17749 2222334 1 1024
8368 17749 2222344 1 1024
8367 17749 2222354 1 1024
8366 17749 2222364 1 1024
8365 17749 2222374 1 1024
8364 17749 2222384 1 1024
8364 17749 2222394 1 1024
8363 17749 2222404 1 1024
8362 17749 2222414 1 1024
8361 17748 2222424 1 1024
8361 17748 2222434 1 1024
8361 17748 2222444 1 1024
8360 17747 2222454 1 1024
8360 17746 2222464 1 1024
8361 17745 2222474 1 1024
8361 17744 2222484 1 1024
8362 17744 2222494 1 1024
8363 17743 2222504 1 1024
8364 17742 2222514 1 1024
8366 17740 2222524 1 1024
8367 17739 2222534 1 1024
8369 17737 2222544 1 1024
8371 17735 2222554 1 1024
8373 17734 2222564 1 1024
8374 17732 2222574 1 1024
8377 17731 2222584 1 1024
8378 17730 2222594 1 1024
8379 17729 2222604 1 1024
8380 17728 2222614 1 1024
8381 17728 2222624 1 1024
8383 17726 2222634 1 1024
8384 17725 2222644 1 1024
8386 17724 2222654 1 1024
8387 17723 2222664 1 1024
8388 17722 2222674 1 1024
8388 17721 2222684 1 1024
8389 17721 2222694 1 1024
8389 17720 2222704 1 1024
8389 17720 2222714 1 1024
8390 17720 2222724 1 1024
8390 17719 2222734 1 1024
8390 17719 2222744 1 1024
8390 17719 2222754 1 1024
8390 17718 2222764 1 1024
8390 17718 2222774 1 1024
8389 17718 2222784 1 1024
8389 17718 2222794 1 1024
8389 17717 2222804 1 1024
8388 17717 2222814 1 1024
8387 17716 2222824 1 1024
8386 17716 2222834 1 1024
8386 17715 2222844 1 1024
8385 17714 2222854 1 1024
8384 17714 2222864 1 1024
8384 17713 2222874 1 1024
8384 17713 2222884 1 1024
8384 17713 2222894 1 1024
8384 17712 2222904 1 1024
8384 17712 2222914 1 1024
8385 17712 2222924 1 1024
8386 17713 2222934 1 1024
8387 17713 2222944 1 1024
8389 17713 2222954 1 1024
8390 17714 2222964 1 1024
8391 17714 2222974 1 1024
8392 17714 2222984 1 1024
8394 17715 2222994 1 1024
8396 17715 2223004 1 1024
8397 17716 2223014 1 1024
8398 17716 2223024 1 1024
8398 17716 2223034 1 1024
8399 17717 2223044 1 1024
8400 17718 2223054 1 1024
8401 17719 2223064 1 1024
8402 17720 2223074 1 1024
8402 17720 2223084 1 1024
8403 17721 2223094 1 1024
8403 17722 2223104 1 1024
8404 17722 2223114 1 1024
8404 17723 2223124 1 1024
8404 17723 2223134 1 1024
8404 17723 2223144 1 1024
8405 17724 2223154 1 1024
8405 17724 2223164 1 1024
8405 17724 2223174 1 1024
8406 17724 2223184 1 1024
8406 17725 2223194 1 1024
8406 17725 2223204 1 1024
8407 17725 2223214 1 1024
8407 17725 2223224 1 1024
8407 17725 2223234 1 1024
8407 17724 2223244 1 1024
8406 17724 2223254 1 1024
8406 17724 2223264 1 1024
8405 17723 2223274 1 1024
8405 17723 2223284 1 1024
8404 17722 2223294 1 1024
8403 17722 2223304 1 1024
8402 17721 2223314 1 1024
8402 17720 2223324 1 1024
8401 17720 2223334 1 1024
8401 17720 2223344 1 1024
8401 17719 2223354 1 1024
8400 17719 2223364 1 1024
8399 17718 2223374 1 1024
8398 17718 2223384 1 1024
8397 17717 2223394 1 1024
8396 17717 2223404 1 1024
8396 17717 2223414 1 1024
8395 17717 2223424 1 1024
8395 17717 2223434 1 1024
8394 17717 2223444 1 1024
8393 17718 2223454 1 1024
8392 17718 2223464 1 1024
8391 17719 2223474 1 1024
8390 17719 2223484 1 1024
8390 17720 2223494 1 1024
8389 17720 2223504 1 1024
8388 17721 2223514 1 1024
8388 17721 2223524 1 1024
8387 17721 2223534 1 1024
8386 17722 2223544 1 1024
8385 17722 2223554 1 1024
8385 17723 2223564 1 1024
8385 17723 2223574 1 1024
8385 17724 2223584 1 1024
8386 17724 2223594 1 1024
8386 17724 2223604 1 1024
8387 17724 2223614 1 1024
8388 17725 2223624 1 1024
8388 17725 2223634 1 1024
8389 17725 2223644 1 1024
8390 17725 2223654 1 1024
8391 17726 2223664 1 1024
8391 17726 2223674 1 1024
8392 17727 2223684 1 1024
8393 17727 2223694 1 1024
8393 17727 2223704 1 1024
8394 17728 2223714 1 1024
8395 17728 2223724 1 1024
8396 17729 2223734 1 1024
8397 17730 2223744 1 1024
8398 17730 2223754 1 1024
8399 17731 2223764 1 1024
8400 17732 2223774 1 1024
8401 17732 2223784 1 1024
8402 17733 2223794 1 1024
8403 17734 2223804 1 1024
8404 17735 2223814 1 1024
8406 17736 2223824 1 1024
8407 17737 2223834 1 1024
8409 17738 2223844 1 1024
8411 17738 2223854 1 1024
8412 17739 2223864 1 1024
8413 17740 2223874 1 1024
8414 17740 2223884 1 1024
8416 17741 2223894 1 1024
8417 17742 2223904 1 1024
8419 17742 2223914 1 1024
8420 17743 2223924 1 1024
8421 17743 2223934 1 1024
8423 17744 2223944 1 1024
8424 17744 2223954 1 1024
8425 17745 2223964 1 1024
8426 17745 2223974 1 1024
8428 17746 2223984 1 1024
8429 17746 2223994 1 1024
8430 17747 2224004 1 1024
8431 17747 2224014 1 1024
8432 17747 2224024 1 1024
8433 17747 2224034 1 1024
8433 17747 2224044 1 1024
8434 17748 2224054 1 1024
8434 17748 2224064 1 1024
8434 17748 2224074 1 1024
8434 17748 2224084 1 1024
8434 17748 2224094 1 1024
8434 17748 2224104 1 1024
8434 17749 2224114 1 1024
8434 17749 2224124 1 1024
8433 17749 2224134 1 1024
8432 17750 2224144 1 1024
8432 17751 2224154 1 1024
8431 17751 2224164 1 1024
8430 17752 2224174 1 1024
8430 17752 2224184 1 1024
8430 17753 2224194 1 1024
8429 17754 2224204 1 1024
8429 17754 2224214 1 1024
8430 17755 2224224 1 1024
8430 17755 2224234 1 1024
8431 17756 2224244 1 1024
8432 17756 2224254 1 1024
8433 17757 2224264 1 1024
