8186 18161 4990162 1 1024
8186 18161 4990172 1 1024
8186 18161 4990182 1 799
8186 18161 4990192 1 31
8186 18161 4990202 1 31
8186 18161 4990212 1 31
8186 18161 4990222 1 31
8186 18161 4990232 1 26
8186 18161 4990242 1 31
8187 18161 4990252 1 31
8189 18161 4990262 1 31
8191 18161 4990272 1 494
8193 18160 4990282 1 913
8195 18160 4990292 1 1024
8198 18159 4990302 1 1008
8200 18158 4990312 1 653
8203 18157 4990322 1 30
8205 18156 4990332 1 30
8206 18155 4990342 1 68
8207 18155 4990352 1 30
8208 18153 4990362 1 21
8209 18152 4990372 1 30
8210 18150 4990382 1 30
8210 18148 4990392 1 30
8210 18146 4990402 1 30
8209 18144 4990412 1 30
8208 18143 4990422 1 30
8207 18141 4990432 1 29
8205 18140 4990442 1 29
8203 18140 4990452 1 29
8200 18139 4990462 1 29
8197 18139 4990472 1 29
8193 18140 4990482 1 29
8189 18141 4990492 1 29
8184 18142 4990502 1 29
8178 18143 4990512 1 29
8175 18144 4990522 1 26
8172 18145 4990532 1 51
8167 18147 4990542 1 114
8161 18149 4990552 1 150
8155 18151 4990562 1 175
8150 18154 4990572 1 232
8146 18157 4990582 1 322
8142 18161 4990592 1 351
8138 18165 4990602 1 366
8134 18170 4990612 1 372
8132 18175 4990622 1 365
8130 18180 4990632 1 345
8129 18186 4990642 1 305
8130 18191 4990652 1 242
8132 18197 4990662 1 152
8135 18203 4990672 1 78
8139 18209 4990682 1 36
8144 18214 4990692 1 28
8147 18217 4990702 1 27
8149 18219 4990712 1 28
8155 18224 4990722 1 27
8161 18227 4990732 1 27
8166 18229 4990742 1 27
8172 18231 4990752 1 27
8178 18232 4990762 1 27
8185 18233 4990772 1 27
8191 18233 4990782 1 27
8198 18232 4990792 1 27
8205 18232 4990802 1 27
8212 18232 4990812 1 27
8218 18231 4990822 1 27
8223 18230 4990832 1 27
8227 18229 4990842 1 27
8231 18228 4990852 1 26
8233 18227 4990862 1 30
8234 18226 4990872 1 26
8235 18225 4990882 1 14
8235 18224 4990892 1 26
8234 18223 4990902 1 98
8233 18221 4990912 1 218
8230 18219 4990922 1 335
8228 18216 4990932 1 391
8224 18214 4990942 1 444
8221 18211 4990952 1 548
8217 18207 4990962 1 642
8213 18204 4990972 1 728
8209 18202 4990982 1 865
8205 18199 4990992 1 913
8200 18196 4991002 1 919
8195 18193 4991012 1 963
8191 18190 4991022 1 998
8186 18187 4991032 1 1011
8182 18185 4991042 1 1011
8178 18184 4991052 1 1010
8176 18183 4991062 1 1011
8174 18183 4991072 1 1011
8170 18183 4991082 1 1011
8167 18184 4991092 1 1011
8163 18185 4991102 1 1011
8160 18186 4991112 1 1011
8157 18188 4991122 1 1010
8155 18191 4991132 1 1011
8154 18195 4991142 1 1011
8154 18200 4991152 1 992
8154 18207 4991162 1 969
8157 18214 4991172 1 943
8160 18221 4991182 1 915
8165 18230 4991192 1 888
8171 18238 4991202 1 861
8178 18246 4991212 1 833
8186 18253 4991222 1 807
8194 18259 4991232 1 782
8198 18262 4991242 1 772
8203 18265 4991252 1 770
8212 18270 4991262 1 759
8221 18276 4991272 1 737
8230 18281 4991282 1 720
8239 18286 4991292 1 705
8248 18291 4991302 1 691
8257 18296 4991312 1 685
8266 18300 4991322 1 680
8274 18304 4991332 1 671
8283 18308 4991342 1 663
8291 18310 4991352 1 658
8297 18312 4991362 1 654
8303 18313 4991372 1 653
8308 18313 4991382 1 653
8312 18312 4991392 1 653
8315 18311 4991402 1 655
8318 18309 4991412 1 658
8320 18308 4991422 1 661
8321 18307 4991432 1 663
8323 18305 4991442 1 665
8325 18303 4991452 1 668
8327 18300 4991462 1 675
8328 18297 4991472 1 682
8328 18293 4991482 1 689
8328 18289 4991492 1 697
8327 18285 4991502 1 701
8325 18280 4991512 1 706
8322 18276 4991522 1 714
8318 18272 4991532 1 723
8314 18268 4991542 1 733
8310 18265 4991552 1 742
8306 18261 4991562 1 747
8301 18258 4991572 1 751
8297 18256 4991582 1 760
8293 18253 4991592 1 776
8291 18251 4991602 1 782
8289 18250 4991612 1 784
8286 18247 4991622 1 791
8283 18243 4991632 1 795
8280 18239 4991642 1 798
8277 18234 4991652 1 803
8274 18229 4991662 1 807
8271 18224 4991672 1 811
8268 18218 4991682 1 815
8265 18213 4991692 1 817
8263 18207 4991702 1 817
8261 18201 4991712 1 819
8260 18195 4991722 1 820
8259 18189 4991732 1 821
8258 18184 4991742 1 821
8258 18179 4991752 1 821
8259 18175 4991762 1 820
8259 18171 4991772 1 819
8260 18169 4991782 1 819
8261 18167 4991792 1 817
8262 18164 4991802 1 813
8264 18162 4991812 1 811
8265 18159 4991822 1 809
8266 18157 4991832 1 808
8267 18156 4991842 1 804
8267 18155 4991852 1 800
8266 18154 4991862 1 796
8265 18153 4991872 1 791
8263 18152 4991882 1 789
8261 18152 4991892 1 786
8260 18152 4991902 1 783
8258 18152 4991912 1 778
8257 18153 4991922 1 772
8255 18153 4991932 1 767
8254 18154 4991942 1 765
8253 18154 4991952 1 762
8253 18154 4991962 1 760
8253 18155 4991972 1 756
8252 18155 4991982 1 752
8253 18156 4991992 1 747
8253 18156 4992002 1 736
8253 18156 4992012 1 732
8253 18156 4992022 1 731
8253 18156 4992032 1 726
8253 18157 4992042 1 721
8252 18157 4992052 1 717
8252 18158 4992062 1 713
8251 18159 4992072 1 711
8251 18160 4992082 1 709
8251 18162 4992092 1 705
8251 18164 4992102 1 701
8251 18166 4992112 1 698
8251 18169 4992122 1 695
8251 18172 4992132 1 694
8252 18173 4992142 1 694
8252 18175 4992152 1 693
8253 18178 4992162 1 691
8254 18181 4992172 1 689
8256 18185 4992182 1 688
8258 18190 4992192 1 688
8259 18194 4992202 1 688
8261 18199 4992212 1 688
8263 18205 4992222 1 690
8265 18210 4992232 1 691
8267 18216 4992242 1 694
8269 18222 4992252 1 697
8272 18227 4992262 1 699
8274 18233 4992272 1 701
8276 18238 4992282 1 705
8278 18243 4992292 1 710
8281 18247 4992302 1 716
8283 18252 4992312 1 723
8284 18254 4992322 1 725
8285 18256 4992332 1 726
8287 18261 4992342 1 730
8288 18266 4992352 1 739
8289 18271 4992362 1 748
8290 18276 4992372 1 759
8290 18280 4992382 1 769
8290 18284 4992392 1 771
8289 18288 4992402 1 781
8289 18292 4992412 1 808
8288 18295 4992422 1 823
8288 18298 4992432 1 840
8287 18301 4992442 1 856
8286 18304 4992452 1 865
8286 18306 4992462 1 875
8286 18308 4992472 1 894
8285 18309 4992482 1 914
8285 18310 4992492 1 936
8285 18310 4992502 1 949
8285 18310 4992512 1 957
8286 18310 4992522 1 968
8286 18310 4992532 1 980
8286 18309 4992542 1 1003
8286 18308 4992552 1 1016
8286 18307 4992562 1 1016
8286 18305 4992572 1 1016
8286 18303 4992582 1 1016
8286 18301 4992592 1 1016
8286 18298 4992602 1 1016
8286 18295 4992612 1 1016
8285 18292 4992622 1 1016
8284 18288 4992632 1 1016
8283 18286 4992642 1 1016
8282 18283 4992652 1 1016
8281 18280 4992662 1 1016
8279 18278 4992672 1 1016
8278 18276 4992682 1 1016
8277 18275 4992692 1 1017
8275 18273 4992702 1 1017
8272 18271 4992712 1 1017
8269 18269 4992722 1 1017
8266 18268 4992732 1 1017
8262 18266 4992742 1 1017
8259 18266 4992752 1 1017
8255 18265 4992762 1 1017
8251 18264 4992772 1 1017
8247 18264 4992782 1 1017
8243 18263 4992792 1 1017
8239 18262 4992802 1 1017
8235 18262 4992812 1 1017
8232 18261 4992822 1 1017
8228 18261 4992832 1 1017
8225 18261 4992842 1 1017
8222 18262 4992852 1 1017
8221 18262 4992862 1 1017
8220 18262 4992872 1 1017
8218 18262 4992882 1 1017
8217 18262 4992892 1 1017
8216 18262 4992902 1 1017
8216 18261 4992912 1 1017
8216 18261 4992922 1 1017
8217 18261 4992932 1 1017
8218 18261 4992942 1 1017
8219 18261 4992952 1 1017
8221 18260 4992962 1 1017
8224 18259 4992972 1 1018
8226 18258 4992982 1 1018
8229 18257 4992992 1 1018
8231 18255 4993002 1 1018
8233 18252 4993012 1 921
8236 18249 4993022 1 880
8238 18245 4993032 1 860
8240 18243 4993042 1 837
8241 18241 4993052 1 795
8243 18237 4993062 1 726
8245 18233 4993072 1 653
8247 18230 4993082 1 576
8249 18226 4993092 1 538
8250 18223 4993102 1 498
8252 18220 4993112 1 416
8253 18217 4993122 1 331
8254 18215 4993132 1 244
8255 18213 4993142 1 155
8256 18211 4993152 1 105
8257 18209 4993162 1 63
8259 18207 4993172 1 10
8260 18204 4993182 1 10
8262 18202 4993192 1 10
8264 18200 4993202 1 10
8266 18198 4993212 1 10
8267 18198 4993222 1 10
8269 18197 4993232 1 10
8271 18196 4993242 1 10
8273 18195 4993252 1 10
8275 18195 4993262 1 9
8277 18195 4993272 1 9
8280 18195 4993282 1 9
8281 18195 4993292 1 9
8283 18195 4993302 1 9
8284 18195 4993312 1 9
8284 18195 4993322 1 9
8285 18194 4993332 1 9
8285 18193 4993342 1 9
8284 18193 4993352 1 9
8283 18193 4993362 1 9
8281 18193 4993372 1 9
8279 18193 4993382 1 9
8277 18193 4993392 1 8
8276 18193 4993402 1 8
8275 18193 4993412 1 8
8272 18194 4993422 1 8
8270 18194 4993432 1 8
8268 18194 4993442 1 8
8266 18194 4993452 1 8
8264 18195 4993462 1 8
8262 18196 4993472 1 8
8260 18197 4993482 1 8
8258 18198 4993492 1 8
8256 18199 4993502 1 8
8255 18200 4993512 1 8
8253 18200 4993522 1 8
8251 18201 4993532 1 8
8250 18201 4993542 1 7
8249 18202 4993552 1 7
8249 18202 4993562 1 7
8249 18202 4993572 1 7
8249 18203 4993582 1 7
8249 18203 4993592 1 7
8250 18203 4993602 1 7
8252 18204 4993612 1 7
8253 18205 4993622 1 7
8256 18206 4993632 1 7
8259 18207 4993642 1 7
8262 18207 4993652 1 7
8265 18208 4993662 1 7
8268 18208 4993672 1 7
8271 18208 4993682 1 6
8275 18208 4993692 1 6
8278 18208 4993702 1 6
8281 18207 4993712 1 6
8283 18207 4993722 1 6
8286 18207 4993732 1 6
8289 18206 4993742 1 6
8292 18205 4993752 1 6
8293 18204 4993762 1 6
8295 18203 4993772 1 6
8298 18202 4993782 1 6
8302 18200 4993792 1 6
8305 18199 4993802 1 6
8310 18197 4993812 1 6
8314 18195 4993822 1 5
8319 18194 4993832 1 5
8323 18192 4993842 1 5
8326 18191 4993852 1 6
8329 18190 4993862 1 5
8331 18189 4993872 1 5
8333 18188 4993882 1 5
8334 18188 4993892 1 5
8335 18188 4993902 1 231
8335 18188 4993912 1 358
8335 18188 4993922 1 471
8335 18188 4993932 1 724
8335 18189 4993942 1 852
8335 18189 4993952 1 988
8334 18190 4993962 1 989
8333 18191 4993972 0 0
8331 18192 4993982 0 0
8329 18193 4993992 0 0
8326 18195 4994002 0 0
8323 18196 4994012 0 0
8320 18198 4994022 0 0
8316 18199 4994032 0 0
8313 18200 4994042 0 0
8310 18201 4994052 0 0
8307 18203 4994062 0 0
8305 18204 4994072 0 0
8303 18205 4994082 0 0
8302 18206 4994092 0 0
8302 18207 4994102 1 8
8301 18207 4994112 1 26
8301 18208 4994122 1 53
8302 18208 4994132 1 87
8302 18209 4994142 1 128
8302 18210 4994152 1 174
8303 18211 4994162 1 225
8303 18211 4994172 1 278
8304 18211 4994182 1 334
8304 18211 4994192 1 390
8305 18210 4994202 1 447
8306 18209 4994212 1 502
8308 18208 4994222 1 555
8309 18207 4994232 1 604
8311 18205 4994242 1 649
8313 18204 4994252 1 688
8315 18203 4994262 1 720
8316 18202 4994272 1 745
8318 18201 4994282 1 760
8318 18200 4994292 1 766
8319 18199 4994302 1 760
8319 18199 4994312 1 733
8319 18198 4994322 1 661
8319 18198 4994332 1 584
8319 18197 4994342 1 504
8320 18196 4994352 1 422
8320 18195 4994362 1 381
8320 18195 4994372 1 341
8320 18194 4994382 1 260
8320 18193 4994392 1 182
8320 18193 4994402 1 107
8320 18193 4994412 1 37
8320 18193 4994422 1 6
8320 18193 4994432 1 1
8320 18194 4994442 1 1
8320 18194 4994452 1 1
8319 18194 4994462 1 1
8319 18195 4994472 1 1
8318 18195 4994482 1 1
8318 18195 4994492 1 1
8317 18196 4994502 1 1
8316 18197 4994512 1 1
8314 18199 4994522 1 1
8311 18200 4994532 0 0
8308 18201 4994542 0 0
8305 18203 4994552 0 0
8301 18205 4994562 0 0
8298 18206 4994572 0 0
8295 18208 4994582 0 0
8292 18210 4994592 0 0
8291 18212 4994602 0 0
8289 18214 4994612 0 0
8289 18215 4994622 0 0
8289 18217 4994632 0 0
8289 18219 4994642 0 0
8290 18220 4994652 0 0
8290 18221 4994662 0 0
8291 18221 4994672 0 0
8292 18222 4994682 0 0
8294 18223 4994692 0 0
8295 18224 4994702 0 0
8297 18224 4994712 0 0
8300 18223 4994722 0 0
8302 18223 4994732 0 0
8304 18222 4994742 0 0
8307 18221 4994752 0 0
8309 18220 4994762 0 0
8312 18220 4994772 1 9
8314 18219 4994782 1 31
8317 18217 4994792 1 63
8319 18216 4994802 1 104
8322 18215 4994812 1 153
8324 18213 4994822 1 209
8326 18212 4994832 1 271
8327 18211 4994842 1 336
8327 18210 4994852 1 405
8327 18209 4994862 1 475
8327 18207 4994872 1 547
8325 18206 4994882 1 617
8323 18204 4994892 1 686
8321 18202 4994902 1 752
8318 18201 4994912 1 813
8315 18199 4994922 1 869
8312 18198 4994932 1 918
8309 18197 4994942 1 959
8306 18196 4994952 1 991
8303 18196 4994962 1 1013
8301 18196 4994972 1 1022
8299 18197 4994982 1 1022
8297 18198 4994992 1 1022
8296 18199 4995002 1 1022
8296 18200 4995012 1 1022
8296 18201 4995022 1 1022
8296 18201 4995032 1 1022
8297 18202 4995042 1 1022
8298 18203 4995052 1 1022
8300 18204 4995062 1 1022
8302 18205 4995072 1 1022
8304 18205 4995082 1 1022
8307 18205 4995092 1 1022
8309 18205 4995102 1 1022
8312 18205 4995112 1 1022
8314 18206 4995122 1 1022
8316 18207 4995132 1 1022
8317 18208 4995142 1 1022
8319 18209 4995152 1 1022
8321 18210 4995162 1 1022
8322 18211 4995172 1 1022
8322 18212 4995182 1 1022
8321 18213 4995192 1 1022
8321 18213 4995202 1 1022
8320 18213 4995212 1 1022
8319 18213 4995222 1 1022
8318 18213 4995232 1 1022
8316 18212 4995242 1 1021
8315 18212 4995252 1 1021
8313 18211 4995262 1 1021
8312 18210 4995272 1 1021
8311 18210 4995282 1 1021
8311 18209 4995292 1 1021
8310 18208 4995302 1 1021
8309 18207 4995312 1 1021
8308 18206 4995322 1 1021
8307 18205 4995332 1 1021
8307 18204 4995342 1 1021
8306 18203 4995352 1 1021
8305 18203 4995362 1 1021
8304 18203 4995372 1 1021
8304 18203 4995382 1 1021
8303 18203 4995392 1 1021
8302 18204 4995402 1 1021
8302 18205 4995412 1 1021
8301 18206 4995422 1 1021
8300 18207 4995432 1 1021
8300 18209 4995442 1 1021
8300 18211 4995452 1 1021
8300 18213 4995462 1 1021
8300 18215 4995472 1 1021
8300 18217 4995482 1 1021
8300 18219 4995492 1 1021
8300 18221 4995502 1 1021
8300 18224 4995512 1 1021
8300 18227 4995522 1 1020
8300 18230 4995532 1 1020
8300 18233 4995542 1 1020
8300 18236 4995552 1 1020
8300 18238 4995562 1 1020
8300 18239 4995572 1 1020
8300 18242 4995582 1 1020
8301 18245 4995592 1 1020
8302 18248 4995602 1 1020
8304 18251 4995612 1 1020
8305 18253 4995622 1 1020
8306 18255 4995632 1 1021
8307 18256 4995642 1 1020
8308 18257 4995652 1 998
8309 18257 4995662 1 924
8310 18258 4995672 1 883
8311 18258 4995682 1 841
8311 18258 4995692 1 818
8311 18258 4995702 1 796
8311 18258 4995712 1 751
8311 18258 4995722 1 703
8311 18257 4995732 1 654
8311 18256 4995742 1 625
8311 18256 4995752 1 604
8310 18254 4995762 1 579
8310 18252 4995772 1 554
8310 18250 4995782 1 504
8310 18248 4995792 1 452
8310 18245 4995802 1 401
8310 18242 4995812 1 349
8310 18239 4995822 1 325
8309 18237 4995832 1 298
8308 18234 4995842 1 248
8308 18231 4995852 1 199
8308 18229 4995862 1 103
8308 18226 4995872 1 57
8308 18224 4995882 1 31
8308 18222 4995892 1 13
8308 18220 4995902 1 8
8309 18218 4995912 1 8
8309 18218 4995922 1 8
8309 18217 4995932 1 8
8308 18216 4995942 1 8
8308 18215 4995952 1 9
8307 18215 4995962 1 9
8306 18215 4995972 1 9
8305 18216 4995982 1 9
8304 18217 4995992 1 9
8304 18218 4996002 1 9
8303 18219 4996012 1 9
8303 18220 4996022 1 9
8304 18221 4996032 1 9
8305 18223 4996042 1 9
8306 18224 4996052 1 9
8308 18225 4996062 1 9
8310 18225 4996072 1 9
8313 18225 4996082 1 10
8316 18225 4996092 1 10
8317 18225 4996102 1 10
8318 18224 4996112 1 10
8321 18224 4996122 1 10
8324 18223 4996132 1 10
8327 18221 4996142 1 10
8330 18220 4996152 1 10
8333 18219 4996162 1 10
8336 18218 4996172 1 10
8338 18216 4996182 1 32
8341 18215 4996192 1 97
8344 18214 4996202 1 132
8346 18213 4996212 1 167
8349 18212 4996222 1 241
8351 18211 4996232 1 318
8353 18210 4996242 1 397
8355 18209 4996252 1 479
8357 18209 4996262 1 561
8358 18208 4996272 1 643
8358 18208 4996282 1 684
8359 18208 4996292 1 726
8359 18208 4996302 1 807
8360 18207 4996312 1 887
8360 18207 4996322 1 965
8360 18207 4996332 1 1006
8359 18206 4996342 1 1018
8359 18206 4996352 1 1018
8360 18206 4996362 1 1018
8360 18207 4996372 1 1017
8360 18207 4996382 1 1017
8360 18208 4996392 1 1017
8360 18210 4996402 1 1017
8360 18212 4996412 1 1017
8360 18214 4996422 1 1017
8361 18217 4996432 1 1017
8362 18221 4996442 1 1017
8362 18224 4996452 1 1017
8362 18226 4996462 1 1017
8362 18228 4996472 1 1017
8361 18232 4996482 1 1017
8360 18235 4996492 1 1017
8358 18239 4996502 1 1017
8357 18243 4996512 1 1017
8354 18246 4996522 1 1017
8352 18249 4996532 1 1017
8350 18252 4996542 1 1017
8347 18254 4996552 1 1017
8345 18256 4996562 1 1017
8343 18257 4996572 1 1017
8342 18258 4996582 1 1017
8342 18259 4996592 1 1017
8342 18259 4996602 1 1017
8342 18260 4996612 1 1017
8342 18260 4996622 1 1017
8342 18259 4996632 1 1017
8342 18259 4996642 1 1017
8342 18259 4996652 1 1017
8341 18259 4996662 1 1016
8339 18260 4996672 1 1016
8338 18260 4996682 1 1016
8336 18261 4996692 1 1016
8335 18261 4996702 1 1016
8334 18262 4996712 1 1016
8332 18263 4996722 1 1016
8330 18263 4996732 1 1016
8328 18264 4996742 1 1016
8326 18265 4996752 1 1016
8325 18265 4996762 1 1016
8323 18265 4996772 1 1016
8322 18265 4996782 1 1016
8321 18264 4996792 1 1016
8320 18264 4996802 1 1016
8319 18264 4996812 1 1016
8319 18263 4996822 1 1016
8319 18263 4996832 1 1016
8318 18263 4996842 1 1016
8318 18262 4996852 1 1016
8318 18261 4996862 1 1016
8318 18261 4996872 1 1016
8317 18260 4996882 1 1016
8316 18258 4996892 1 1016
8316 18257 4996902 1 1016
8315 18256 4996912 1 1016
8315 18255 4996922 1 1016
8314 18254 4996932 1 1015
8314 18252 4996942 1 1015
8314 18251 4996952 1 1015
8315 18250 4996962 1 1015
8316 18248 4996972 1 1015
8317 18247 4996982 1 1015
8318 18247 4996992 1 1015
8318 18246 4997002 1 1015
8319 18246 4997012 1 1015
8320 18245 4997022 1 1015
8321 18245 4997032 1 1015
8323 18244 4997042 1 1015
8324 18243 4997052 1 1015
8325 18242 4997062 1 1015
8327 18241 4997072 1 1015
8328 18240 4997082 1 1015
8330 18239 4997092 1 1015
8333 18238 4997102 1 1015
8336 18237 4997112 1 1015
8340 18236 4997122 1 1015
8344 18235 4997132 1 1015
8348 18235 4997142 1 1015
8352 18235 4997152 1 1015
8356 18234 4997162 1 1015
8361 18234 4997172 1 1015
8362 18234 4997182 1 1015
8364 18234 4997192 1 1015
8368 18235 4997202 1 1015
8370 18235 4997212 1 1015
8373 18236 4997222 1 1014
8375 18236 4997232 1 1014
8376 18237 4997242 1 1014
8378 18237 4997252 1 1014
8378 18238 4997262 1 1014
8379 18239 4997272 1 1014
8379 18239 4997282 1 1014
8378 18239 4997292 1 1014
8377 18239 4997302 1 1014
8377 18238 4997312 1 1014
8376 18238 4997322 1 1014
8375 18237 4997332 1 1014
8374 18236 4997342 1 1014
8372 18235 4997352 1 1014
8371 18234 4997362 1 1014
8370 18233 4997372 1 1014
8368 18232 4997382 1 1014
8366 18231 4997392 1 1014
8364 18230 4997402 1 1014
8363 18229 4997412 1 1014
8362 18228 4997422 1 1014
8361 18227 4997432 1 1014
8360 18226 4997442 1 1014
8359 18225 4997452 1 1014
8359 18225 4997462 1 1014
8359 18225 4997472 1 1014
8359 18225 4997482 1 1014
8359 18225 4997492 1 1014
8360 18226 4997502 1 1013
8362 18226 4997512 1 1013
8363 18228 4997522 1 1013
8364 18229 4997532 1 1013
8364 18230 4997542 1 1013
8365 18230 4997552 1 1013
8366 18232 4997562 1 1013
8366 18233 4997572 1 1013
8367 18234 4997582 1 1013
8367 18234 4997592 1 1013
8368 18235 4997602 1 1013
8369 18235 4997612 1 1013
8370 18234 4997622 1 1013
8371 18233 4997632 1 1013
8372 18231 4997642 1 1013
8373 18229 4997652 1 1013
8374 18226 4997662 1 1013
8375 18223 4997672 1 1013
8375 18220 4997682 1 1013
8374 18217 4997692 1 1013
8374 18213 4997702 1 1013
8374 18210 4997712 1 1013
8374 18208 4997722 1 1013
8375 18207 4997732 1 1013
8375 18204 4997742 1 1013
8375 18201 4997752 1 1013
8376 18199 4997762 1 1013
8376 18197 4997772 1 1013
8376 18196 4997782 1 1012
8377 18194 4997792 1 1012
8377 18194 4997802 1 1012
8377 18193 4997812 1 1012
8377 18193 4997822 1 1012
8376 18193 4997832 1 1012
8376 18193 4997842 1 1012
8376 18193 4997852 1 1012
8375 18194 4997862 1 1012
8374 18194 4997872 1 1012
8373 18194 4997882 1 1012
8372 18195 4997892 1 1012
8371 18195 4997902 1 1012
8369 18196 4997912 1 1012
8367 18197 4997922 1 1012
8364 18198 4997932 1 1012
8362 18200 4997942 1 1012
8360 18202 4997952 1 1012
8358 18203 4997962 1 1012
8356 18204 4997972 1 1012
8355 18205 4997982 1 1012
8355 18206 4997992 1 1012
8354 18207 4998002 1 1012
8354 18208 4998012 1 1012
8354 18208 4998022 1 1012
8354 18209 4998032 1 1012
8354 18209 4998042 1 1012
8354 18209 4998052 1 1012
8354 18210 4998062 1 1011
8353 18210 4998072 1 1011
8353 18210 4998082 1 1011
8352 18210 4998092 1 1011
8352 18211 4998102 1 1011
8351 18210 4998112 1 1011
8350 18210 4998122 1 1011
8348 18209 4998132 1 1011
8347 18208 4998142 1 1011
8346 18207 4998152 1 1011
8345 18205 4998162 1 1011
8344 18203 4998172 1 1011
8343 18202 4998182 1 1011
8342 18200 4998192 1 1011
8342 18198 4998202 1 1011
8342 18197 4998212 1 1011
8342 18195 4998222 1 1011
8343 18194 4998232 1 1011
8345 18193 4998242 1 1011
8346 18191 4998252 1 1011
8347 18191 4998262 1 1011
8348 18190 4998272 1 1011
8350 18189 4998282 1 1011
8352 18188 4998292 1 1011
8354 18187 4998302 1 1011
8355 18186 4998312 1 1011
8356 18186 4998322 1 1011
8357 18185 4998332 1 1011
8357 18185 4998342 1 1011
8358 18186 4998352 1 1010
8358 18186 4998362 1 1010
8357 18187 4998372 1 1010
8357 18188 4998382 1 1010
8355 18189 4998392 1 1010
8354 18190 4998402 1 1010
8352 18191 4998412 1 1010
8351 18192 4998422 1 1010
8349 18192 4998432 1 1010
8348 18193 4998442 1 1010
8347 18194 4998452 1 1010
8344 18195 4998462 1 1010
8342 18196 4998472 1 1010
8340 18197 4998482 1 1010
8339 18198 4998492 1 1010
8337 18198 4998502 1 1010
8336 18198 4998512 1 1010
8334 18198 4998522 1 1010
8332 18198 4998532 1 1010
8330 18197 4998542 1 1010
8328 18196 4998552 1 1010
8327 18195 4998562 1 1010
8326 18194 4998572 1 1010
8325 18194 4998582 1 1010
8326 18193 4998592 1 1010
8327 18193 4998602 1 1010
8329 18193 4998612 1 1010
8330 18193 4998622 1 1010
8331 18193 4998632 1 1010
8333 18193 4998642 1 1009
8336 18194 4998652 1 1009
8338 18194 4998662 1 1009
8340 18195 4998672 1 1009
8341 18195 4998682 1 1009
8343 18196 4998692 1 1009
8344 18196 4998702 1 1009
8345 18197 4998712 1 1009
8345 18197 4998722 1 1009
8347 18198 4998732 1 1009
8348 18198 4998742 1 1009
8349 18198 4998752 1 1009
8351 18198 4998762 1 1009
8353 18198 4998772 1 1009
8355 18197 4998782 1 1009
8357 18196 4998792 1 1009
8359 18195 4998802 1 1009
8360 18194 4998812 1 1009
8362 18192 4998822 1 1009
8364 18191 4998832 1 1009
8366 18190 4998842 1 1009
8366 18189 4998852 1 1009
8367 18188 4998862 1 1009
8367 18188 4998872 1 1009
8367 18188 4998882 1 1009
8367 18189 4998892 1 1009
8367 18190 4998902 1 1008
8367 18192 4998912 1 1008
8366 18193 4998922 1 1008
8366 18195 4998932 1 1008
8366 18196 4998942 1 1008
8366 18197 4998952 1 1008
8366 18199 4998962 1 1008
8366 18200 4998972 1 1008
8365 18201 4998982 1 1008
8365 18202 4998992 1 1008
8364 18204 4999002 1 1008
8364 18205 4999012 1 1008
8363 18206 4999022 1 1008
8362 18207 4999032 1 1008
8360 18209 4999042 1 1008
8358 18210 4999052 1 1008
8356 18211 4999062 1 1008
8354 18212 4999072 1 1008
8351 18213 4999082 1 1008
8349 18214 4999092 1 1008
8346 18216 4999102 1 1008
8343 18217 4999112 1 1008
8340 18219 4999122 1 1008
8338 18220 4999132 1 1008
8336 18222 4999142 1 1008
