8263 18319 2414700 1 636
8239 18296 2414710 1 637
8225 18282 2414720 1 638
8219 18276 2414730 1 639
8217 18273 2414740 1 640
8206 18261 2414750 1 641
8206 18261 2414760 1 642
8207 18261 2414770 1 643
8208 18260 2414780 1 644
8210 18260 2414790 1 645
8211 18260 2414800 1 646
8212 18260 2414810 1 647
8212 18260 2414820 1 648
8213 18260 2414830 1 649
8213 18260 2414840 1 650
8213 18259 2414850 1 651
8213 18259 2414860 1 652
8212 18259 2414870 1 653
8212 18259 2414880 1 654
8212 18258 2414890 1 655
8212 18258 2414900 1 656
8212 18258 2414910 1 657
8213 18258 2414920 1 657
8213 18258 2414930 1 658
8213 18257 2414940 1 659
8213 18257 2414950 1 661
8213 18257 2414960 1 662
8212 18257 2414970 1 663
8212 18257 2414980 1 664
8211 18257 2414990 1 665
8210 18257 2415000 1 666
8209 18257 2415010 1 667
8208 18256 2415020 1 668
8207 18257 2415030 1 668
8206 18257 2415040 1 669
8205 18256 2415050 1 670
8204 18256 2415060 1 671
8203 18256 2415070 1 672
8202 18255 2415080 1 673
8202 18255 2415090 1 674
8201 18254 2415100 1 676
8201 18254 2415110 1 677
8201 18253 2415120 1 678
8201 18253 2415130 1 678
8200 18253 2415140 1 679
8200 18252 2415150 1 680
8199 18252 2415160 1 681
8198 18251 2415170 1 682
8197 18251 2415180 1 683
8197 18251 2415190 1 684
8196 18250 2415200 1 685
8196 18250 2415210 1 686
8195 18250 2415220 1 687
8194 18250 2415230 1 688
8194 18250 2415240 1 689
8193 18250 2415250 1 689
8192 18250 2415260 1 691
8192 18250 2415270 1 692
8191 18250 2415280 1 693
8190 18250 2415290 1 694
8190 18251 2415300 1 695
8190 18251 2415310 1 696
8189 18252 2415320 1 697
8189 18253 2415330 1 698
8189 18253 2415340 1 699
8189 18254 2415350 1 700
8189 18254 2415360 1 700
8189 18255 2415370 1 701
8188 18255 2415380 1 702
8187 18256 2415390 1 703
8186 18257 2415400 1 704
8185 18257 2415410 1 706
8184 18258 2415420 1 707
8183 18259 2415430 1 708
8183 18260 2415440 1 709
8182 18260 2415450 1 710
8182 18261 2415460 1 710
8182 18261 2415470 1 711
8182 18262 2415480 1 712
8182 18263 2415490 1 713
8181 18263 2415500 1 714
8182 18264 2415510 1 715
8182 18265 2415520 1 716
8182 18265 2415530 1 717
8183 18266 2415540 1 718
8183 18267 2415550 1 719
8183 18268 2415560 1 720
8184 18268 2415570 1 721
8184 18269 2415580 1 722
8184 18269 2415590 1 723
8184 18270 2415600 1 724
8185 18271 2415610 1 725
8185 18271 2415620 1 726
8186 18272 2415630 1 727
8186 18273 2415640 1 728
8187 18273 2415650 1 729
8187 18274 2415660 1 730
8188 18274 2415670 1 731
8188 18274 2415680 1 732
8189 18275 2415690 1 732
8188 18275 2415700 1 733
8188 18276 2415710 1 734
8187 18276 2415720 1 734
8186 18276 2415730 1 735
8185 18277 2415740 1 736
8184 18277 2415750 1 737
8183 18278 2415760 1 739
8182 18279 2415770 1 740
8180 18279 2415780 1 741
8179 18279 2415790 1 742
8178 18280 2415800 1 742
8177 18280 2415810 1 743
8176 18280 2415820 1 744
8174 18280 2415830 1 745
8174 18281 2415840 1 746
8173 18281 2415850 1 747
8172 18281 2415860 1 748
8172 18281 2415870 1 749
8172 18281 2415880 1 750
8172 18280 2415890 1 751
8173 18280 2415900 1 752
8173 18280 2415910 1 753
8174 18280 2415920 1 753
8175 18280 2415930 1 754
8175 18280 2415940 1 756
8176 18279 2415950 1 757
8177 18279 2415960 1 758
8177 18278 2415970 1 759
8178 18278 2415980 1 760
8178 18278 2415990 1 761
8178 18277 2416000 1 762
8179 18277 2416010 1 763
8179 18276 2416020 1 763
8179 18276 2416030 1 764
8178 18276 2416040 1 765
8178 18275 2416050 1 766
8177 18274 2416060 1 767
8176 18274 2416070 1 768
8174 18273 2416080 1 769
8172 18273 2416090 1 770
8170 18272 2416100 1 771
8168 18271 2416110 1 772
8166 18270 2416120 1 774
8164 18270 2416130 1 774
8162 18269 2416140 1 775
8161 18268 2416150 1 776
8160 18268 2416160 1 777
8159 18267 2416170 1 778
8158 18266 2416180 1 779
8158 18265 2416190 1 780
8158 18264 2416200 1 781
8158 18264 2416210 1 782
8159 18263 2416220 1 783
8159 18262 2416230 1 784
8160 18261 2416240 1 785
8160 18261 2416250 1 785
8161 18260 2416260 1 786
8162 18259 2416270 1 787
8163 18258 2416280 1 788
8165 18257 2416290 1 789
8166 18256 2416300 1 790
8167 18256 2416310 1 792
8168 18255 2416320 1 793
8169 18254 2416330 1 794
8170 18253 2416340 1 795
8170 18253 2416350 1 795
8171 18252 2416360 1 796
8171 18252 2416370 1 797
8172 18251 2416380 1 798
8173 18250 2416390 1 799
8174 18249 2416400 1 800
8176 18248 2416410 1 801
8177 18247 2416420 1 802
8178 18246 2416430 1 803
8180 18245 2416440 1 804
8181 18244 2416450 1 805
8181 18244 2416460 1 806
8182 18243 2416470 1 806
8183 18242 2416480 1 807
8184 18241 2416490 1 808
8185 18241 2416500 1 809
8186 18240 2416510 1 810
8187 18239 2416520 1 812
8187 18239 2416530 1 813
8188 18238 2416540 1 814
8189 18238 2416550 1 815
8190 18237 2416560 1 816
8191 18237 2416570 1 816
8193 18237 2416580 1 817
8194 18236 2416590 1 818
8196 18236 2416600 1 819
8197 18236 2416610 1 820
8199 18235 2416620 1 821
8200 18235 2416630 1 822
8202 18235 2416640 1 823
8203 18234 2416650 1 824
8204 18234 2416660 1 825
8204 18234 2416670 1 826
8205 18234 2416680 1 827
8206 18233 2416690 1 827
8206 18233 2416700 1 828
8207 18233 2416710 1 829
8208 18232 2416720 1 830
8208 18232 2416730 1 830
8209 18232 2416740 1 831
8210 18231 2416750 1 833
8212 18231 2416760 1 834
8213 18231 2416770 1 835
8215 18230 2416780 1 836
8216 18230 2416790 1 837
8217 18230 2416800 1 837
8218 18230 2416810 1 838
8219 18230 2416820 1 839
8220 18229 2416830 1 840
8220 18229 2416840 1 841
8220 18229 2416850 1 842
8220 18229 2416860 1 843
8220 18229 2416870 1 844
8220 18229 2416880 1 845
8220 18229 2416890 1 846
8220 18229 2416900 1 847
8220 18229 2416910 1 848
8220 18228 2416920 1 848
8220 18228 2416930 1 849
8219 18228 2416940 1 850
8219 18227 2416950 1 851
8218 18227 2416960 1 852
8217 18226 2416970 1 853
8215 18226 2416980 1 855
8214 18226 2416990 1 856
8212 18225 2417000 1 857
8210 18224 2417010 1 858
8208 18224 2417020 1 858
8207 18224 2417030 1 859
8204 18223 2417040 1 860
8202 18223 2417050 1 861
8200 18223 2417060 1 862
8198 18222 2417070 1 863
8197 18222 2417080 1 864
8196 18222 2417090 1 865
8195 18221 2417100 1 866
8195 18221 2417110 1 867
8195 18221 2417120 1 868
8195 18221 2417130 1 869
8195 18220 2417140 1 869
8196 18220 2417150 1 870
8196 18220 2417160 1 871
8196 18219 2417170 1 872
8195 18219 2417180 1 873
8195 18218 2417190 1 874
8194 18218 2417200 1 875
8193 18217 2417210 1 876
8192 18216 2417220 1 879
8191 18216 2417230 1 880
8190 18215 2417240 1 880
8189 18215 2417250 1 881
8188 18214 2417260 1 882
8188 18214 2417270 1 883
8187 18214 2417280 1 884
8187 18213 2417290 1 885
8187 18213 2417300 1 886
8186 18213 2417310 1 887
8186 18213 2417320 1 888
8186 18213 2417330 1 889
8186 18213 2417340 1 890
8186 18213 2417350 1 890
8187 18213 2417360 1 891
8187 18213 2417370 1 892
8187 18213 2417380 1 893
8188 18213 2417390 1 894
8189 18212 2417400 1 895
8190 18212 2417410 1 896
8192 18212 2417420 1 897
8193 18212 2417430 1 898
8195 18212 2417440 1 899
8197 18212 2417450 1 900
8198 18212 2417460 1 901
8199 18212 2417470 1 901
8201 18212 2417480 1 902
8202 18211 2417490 1 903
8202 18211 2417500 1 905
8203 18211 2417510 1 906
8202 18211 2417520 1 907
8202 18211 2417530 1 908
8201 18211 2417540 1 909
8200 18211 2417550 1 910
8200 18211 2417560 1 911
8199 18211 2417570 1 911
8198 18211 2417580 1 912
8199 18210 2417590 1 913
8199 18211 2417600 1 914
8200 18211 2417610 1 915
8201 18211 2417620 1 916
8202 18211 2417630 1 917
8203 18211 2417640 1 918
8205 18212 2417650 1 919
8206 18212 2417660 1 920
8208 18212 2417670 1 921
8209 18212 2417680 1 921
8210 18212 2417690 1 922
8211 18213 2417700 1 923
8212 18213 2417710 1 924
8213 18214 2417720 1 925
8213 18214 2417730 1 925
8213 18214 2417740 1 926
8214 18215 2417750 1 927
8215 18215 2417760 1 928
8217 18216 2417770 1 929
8218 18217 2417780 1 930
8220 18217 2417790 1 931
8221 18218 2417800 1 931
8222 18218 2417810 1 932
8224 18219 2417820 1 933
8226 18220 2417830 1 934
8228 18221 2417840 1 935
8230 18222 2417850 1 936
8232 18223 2417860 1 937
8234 18224 2417870 1 938
8235 18225 2417880 1 939
8237 18226 2417890 1 940
8238 18227 2417900 1 941
8238 18228 2417910 1 941
8239 18228 2417920 1 942
8239 18229 2417930 1 943
8240 18231 2417940 1 944
8240 18232 2417950 1 945
8241 18233 2417960 1 946
8241 18234 2417970 1 947
8242 18235 2417980 1 948
8242 18236 2417990 1 949
8242 18237 2418000 1 950
8242 18239 2418010 1 951
8242 18239 2418020 1 951
8241 18240 2418030 1 952
8241 18241 2418040 1 953
8241 18242 2418050 1 954
8241 18243 2418060 1 955
8242 18244 2418070 1 956
8242 18245 2418080 1 957
8243 18246 2418090 1 958
8244 18247 2418100 1 959
8246 18248 2418110 1 960
8247 18249 2418120 1 961
8248 18250 2418130 1 962
8249 18250 2418140 1 962
8250 18251 2418150 1 963
8252 18253 2418160 1 964
8254 18254 2418170 1 965
8256 18255 2418180 1 966
8258 18256 2418190 1 967
8260 18257 2418200 1 968
8261 18258 2418210 1 969
8263 18259 2418220 1 970
8264 18260 2418230 1 971
8265 18260 2418240 1 972
8265 18261 2418250 1 972
8266 18262 2418260 1 973
8266 18262 2418270 1 974
8266 18263 2418280 1 976
8267 18263 2418290 1 977
8267 18264 2418300 1 978
8267 18264 2418310 1 979
8268 18265 2418320 1 980
8268 18265 2418330 1 981
8269 18265 2418340 1 982
8269 18266 2418350 1 983
8270 18266 2418360 1 983
8271 18266 2418370 1 984
8272 18266 2418380 1 985
8274 18267 2418390 1 986
8276 18267 2418400 1 987
8277 18267 2418410 1 989
8279 18267 2418420 1 990
8281 18267 2418430 1 991
8282 18267 2418440 1 992
8283 18267 2418450 1 993
8284 18267 2418460 1 994
8285 18267 2418470 1 994
8285 18267 2418480 1 995
8285 18267 2418490 1 996
8285 18267 2418500 1 998
8284 18267 2418510 1 999
8283 18267 2418520 1 1000
8282 18267 2418530 1 1001
8281 18267 2418540 1 1002
8281 18267 2418550 1 1003
8280 18266 2418560 1 1005
8280 18266 2418570 1 1005
8280 18266 2418580 1 1006
8280 18266 2418590 1 1007
8281 18266 2418600 1 1008
8282 18265 2418610 1 1009
8282 18265 2418620 1 1011
8283 18264 2418630 1 1012
8283 18264 2418640 1 1013
8284 18263 2418650 1 1014
8283 18263 2418660 1 1015
8283 18262 2418670 1 1017
8283 18262 2418680 1 1017
8282 18261 2418690 1 1018
8281 18261 2418700 1 1019
8280 18260 2418710 1 1020
8279 18260 2418720 1 1021
8278 18259 2418730 1 1023
8278 18258 2418740 1 1024
8277 18258 2418750 1 1024
8277 18258 2418760 1 1024
8276 18257 2418770 1 1024
8275 18256 2418780 1 1024
8274 18256 2418790 1 1024
8274 18255 2418800 1 1024
8274 18255 2418810 1 1024
8273 18254 2418820 1 1024
8272 18254 2418830 1 1024
8272 18253 2418840 1 1024
8271 18252 2418850 1 1024
8271 18251 2418860 1 1024
8270 18250 2418870 1 1024
8269 18250 2418880 1 1024
8269 18249 2418890 1 1024
8269 18248 2418900 1 1024
8270 18247 2418910 1 1024
8270 18247 2418920 1 1024
8271 18246 2418930 1 1024
8271 18245 2418940 1 1024
8272 18244 2418950 1 1024
8273 18243 2418960 1 1024
8274 18242 2418970 1 1024
8274 18241 2418980 1 1024
8275 18240 2418990 1 1024
8275 18239 2419000 1 1024
8275 18238 2419010 1 1024
8275 18238 2419020 1 1024
8275 18237 2419030 1 1024
8274 18236 2419040 1 1024
8273 18236 2419050 1 1024
8272 18235 2419060 1 1024
8271 18234 2419070 1 1024
8270 18234 2419080 1 1024
8269 18233 2419090 1 1024
8269 18233 2419100 1 1024
8268 18232 2419110 1 1024
8267 18231 2419120 1 1024
8267 18231 2419130 1 1024
8267 18230 2419140 1 1024
8267 18230 2419150 1 1024
8267 18229 2419160 1 1024
8267 18228 2419170 1 1024
8266 18227 2419180 1 1024
8266 18227 2419190 1 1024
8265 18226 2419200 1 1024
8265 18225 2419210 1 1024
8264 18225 2419220 1 1024
8263 18224 2419230 1 1024
8263 18224 2419240 1 1024
8262 18224 2419250 1 1024
8261 18223 2419260 1 1024
8259 18223 2419270 1 1024
8258 18222 2419280 1 1024
8258 18222 2419290 1 1024
8257 18221 2419300 1 1024
8256 18221 2419310 1 1024
8256 18220 2419320 1 1024
8255 18220 2419330 1 1024
8255 18219 2419340 1 1024
8255 18219 2419350 1 1024
8255 18218 2419360 1 1024
8255 18218 2419370 1 1024
8255 18217 2419380 1 1024
8255 18217 2419390 1 1024
8256 18216 2419400 1 1024
8257 18216 2419410 1 1024
8259 18215 2419420 1 1024
8260 18215 2419430 1 1024
8262 18214 2419440 1 1024
8264 18214 2419450 1 1024
8266 18213 2419460 1 1024
8268 18213 2419470 1 1024
8270 18213 2419480 1 1024
8272 18212 2419490 1 1024
8273 18212 2419500 1 1024
8275 18212 2419510 1 1024
8276 18212 2419520 1 1024
8277 18212 2419530 1 1024
8278 18211 2419540 1 1024
8278 18211 2419550 1 1024
8279 18211 2419560 1 1024
8279 18211 2419570 1 1024
8278 18211 2419580 1 1024
8277 18211 2419590 1 1024
8276 18211 2419600 1 1024
8275 18211 2419610 1 1024
8274 18211 2419620 1 1024
8273 18211 2419630 1 1024
8271 18211 2419640 1 1024
8270 18211 2419650 1 1024
8269 18211 2419660 1 1024
8267 18211 2419670 1 1024
8266 18211 2419680 1 1024
8265 18211 2419690 1 1024
8264 18212 2419700 1 1024
8264 18212 2419710 1 1024
8265 18212 2419720 1 984
8265 18212 2419730 1 936
8266 18212 2419740 1 881
8267 18212 2419750 1 851
8268 18212 2419760 1 818
8270 18213 2419770 1 750
8271 18213 2419780 1 676
8273 18213 2419790 1 597
8274 18213 2419800 1 556
8275 18214 2419810 1 512
8276 18214 2419820 1 424
8277 18214 2419830 1 331
8279 18214 2419840 1 234
8280 18215 2419850 1 134
8281 18215 2419860 1 30
8283 18216 2419870 0 0
8284 18216 2419880 0 0
8285 18217 2419890 0 0
8285 18217 2419900 0 0
8286 18217 2419910 0 0
8287 18217 2419920 0 0
8287 18218 2419930 0 0
8287 18219 2419940 0 0
8288 18219 2419950 0 0
8288 18220 2419960 0 0
8288 18221 2419970 0 0
8288 18221 2419980 0 0
8289 18222 2419990 0 0
8289 18223 2420000 0 0
8289 18223 2420010 0 0
8290 18224 2420020 0 0
8290 18224 2420030 0 0
8290 18225 2420040 0 0
8290 18225 2420050 0 0
8290 18226 2420060 0 0
8290 18226 2420070 0 0
8290 18227 2420080 0 0
8290 18227 2420090 0 0
8290 18228 2420100 0 0
8290 18228 2420110 0 0
8290 18229 2420120 0 0
8290 18229 2420130 0 0
8291 18229 2420140 0 0
8291 18229 2420150 0 0
8291 18230 2420160 0 0
8292 18230 2420170 0 0
8292 18230 2420180 0 0
8292 18231 2420190 0 0
8291 18231 2420200 0 0
8290 18231 2420210 0 0
8289 18232 2420220 0 0
8287 18232 2420230 0 0
8285 18232 2420240 0 0
8283 18232 2420250 0 0
8281 18233 2420260 0 0
8279 18233 2420270 0 0
8278 18234 2420280 0 0
8276 18234 2420290 0 0
8275 18234 2420300 0 0
8275 18235 2420310 0 0
8274 18235 2420320 0 0
8274 18235 2420330 0 0
8274 18235 2420340 0 0
8274 18236 2420350 0 0
8274 18236 2420360 0 0
8274 18236 2420370 0 0
8275 18236 2420380 0 0
8277 18236 2420390 0 0
8277 18236 2420400 0 0
8278 18236 2420410 1 240
8278 18236 2420420 1 533
8278 18236 2420430 1 844
8278 18236 2420440 1 1024
8278 18236 2420450 1 1024
8277 18236 2420460 1 1019
8277 18236 2420470 1 1024
8276 18236 2420480 1 1024
8275 18236 2420490 1 1024
8275 18236 2420500 1 1024
8274 18236 2420510 1 1024
8274 18235 2420520 1 1024
8274 18235 2420530 1 1024
8274 18235 2420540 1 1024
8274 18235 2420550 1 1024
8274 18235 2420560 1 1024
8275 18235 2420570 1 1024
8275 18234 2420580 1 1024
8276 18234 2420590 1 1024
8277 18234 2420600 1 1024
8278 18234 2420610 1 1024
8278 18233 2420620 1 1024
8279 18233 2420630 1 1024
8280 18232 2420640 1 1024
8280 18232 2420650 1 1024
8280 18231 2420660 1 1024
8281 18231 2420670 1 1024
8281 18231 2420680 1 1024
8281 18230 2420690 1 1024
8281 18230 2420700 1 1024
8280 18230 2420710 1 1024
8280 18229 2420720 1 1024
8280 18229 2420730 1 1024
8280 18228 2420740 1 1024
8280 18228 2420750 1 1024
8280 18228 2420760 1 1024
8281 18228 2420770 1 1024
8281 18227 2420780 1 1024
8281 18227 2420790 1 1024
8282 18227 2420800 1 1024
8282 18226 2420810 1 1024
8282 18226 2420820 1 1024
8282 18226 2420830 1 1024
8282 18225 2420840 1 1024
8283 18225 2420850 1 1024
8282 18224 2420860 1 1024
8282 18224 2420870 1 1024
8282 18223 2420880 1 1024
8282 18223 2420890 1 1024
8281 18223 2420900 1 1024
8280 18222 2420910 1 1024
8280 18222 2420920 1 1024
8279 18222 2420930 1 1024
8278 18222 2420940 1 1024
8278 18221 2420950 1 1024
8277 18221 2420960 1 1024
8276 18221 2420970 1 1024
8276 18221 2420980 1 1024
8276 18221 2420990 1 1024
8276 18221 2421000 1 1024
8276 18221 2421010 1 1024
8277 18221 2421020 1 1024
8278 18221 2421030 1 1024
8279 18221 2421040 1 1024
8280 18221 2421050 1 1024
8281 18221 2421060 1 1024
8283 18221 2421070 1 1024
8284 18221 2421080 0 0
8284 18221 2421090 0 0
8285 18220 2421100 0 0
8285 18221 2421110 0 0
8286 18220 2421120 0 0
8286 18220 2421130 0 0
8285 18220 2421140 0 0
8285 18220 2421150 0 0
8284 18221 2421160 0 0
8283 18221 2421170 0 0
8282 18221 2421180 0 0
8280 18221 2421190 0 0
8279 18222 2421200 0 0
8278 18222 2421210 1 17
8277 18223 2421220 1 50
8277 18223 2421230 1 92
8276 18223 2421240 1 114
8276 18223 2421250 1 142
8276 18223 2421260 1 198
8277 18224 2421270 1 261
8277 18224 2421280 1 328
8277 18224 2421290 1 397
8278 18225 2421300 1 469
8279 18225 2421310 1 541
8280 18226 2421320 1 613
8281 18227 2421330 1 683
8282 18227 2421340 1 749
8283 18228 2421350 1 782
8284 18228 2421360 1 812
8285 18229 2421370 1 868
8286 18230 2421380 1 919
8287 18230 2421390 1 961
8288 18231 2421400 1 994
8288 18232 2421410 1 1015
8289 18232 2421420 1 1024
8289 18233 2421430 1 1024
8289 18234 2421440 1 1024
8290 18234 2421450 1 1024
8290 18235 2421460 1 1024
8290 18235 2421470 1 1024
8290 18236 2421480 1 1024
8289 18236 2421490 1 1024
8289 18237 2421500 1 1024
8289 18237 2421510 1 1024
8288 18238 2421520 1 1024
8288 18238 2421530 1 1024
8287 18239 2421540 1 1024
8286 18239 2421550 1 1024
8286 18239 2421560 1 1024
8285 18240 2421570 1 1024
8284 18240 2421580 1 1024
8283 18240 2421590 1 1024
8283 18241 2421600 1 1024
8283 18241 2421610 1 1024
8283 18242 2421620 1 1024
8283 18242 2421630 1 1024
8283 18243 2421640 1 1024
8284 18243 2421650 1 1024
8285 18244 2421660 1 1024
8285 18244 2421670 1 1024
8286 18244 2421680 1 1024
8287 18244 2421690 1 1024
8287 18245 2421700 1 1024
8288 18245 2421710 1 1024
8288 18245 2421720 1 1024
8287 18246 2421730 1 1024
8287 18246 2421740 1 1024
8287 18246 2421750 1 1024
8287 18246 2421760 1 1024
8287 18246 2421770 1 1024
8287 18246 2421780 1 1024
8286 18247 2421790 1 1024
8286 18247 2421800 1 1024
8286 18246 2421810 1 1024
8286 18247 2421820 1 1024
8287 18247 2421830 1 1024
8287 18247 2421840 1 1024
8287 18247 2421850 1 1024
8287 18247 2421860 1 1024
8287 18247 2421870 1 1024
8286 18247 2421880 1 1024
8285 18247 2421890 1 1024
8283 18247 2421900 1 1024
8282 18247 2421910 1 1024
8281 18248 2421920 1 1024
8279 18248 2421930 1 1024
8278 18248 2421940 1 1024
8277 18248 2421950 1 1024
8277 18248 2421960 1 1024
8276 18248 2421970 1 1024
8276 18248 2421980 1 1024
8276 18249 2421990 1 1024
8275 18249 2422000 1 1024
8275 18249 2422010 1 1024
8275 18249 2422020 1 1024
8275 18249 2422030 1 1024
8275 18249 2422040 1 1024
8275 18249 2422050 1 1024
8275 18249 2422060 1 1024
8274 18249 2422070 1 1024
8274 18249 2422080 1 1024
8274 18249 2422090 1 1024
8274 18249 2422100 1 1024
8274 18249 2422110 1 1024
8275 18249 2422120 1 1024
8275 18249 2422130 1 1024
8276 18249 2422140 1 1024
8276 18249 2422150 1 1024
8276 18248 2422160 1 1024
8276 18248 2422170 1 1024
8276 18248 2422180 1 1024
8276 18248 2422190 1 1024
8276 18248 2422200 1 1024
8276 18247 2422210 1 1024
8276 18247 2422220 1 1024
8276 18247 2422230 1 1024
8276 18247 2422240 1 1024
8275 18247 2422250 1 1024
8275 18247 2422260 1 1024
8275 18247 2422270 1 1024
8275 18246 2422280 1 1024
8275 18246 2422290 1 1024
8275 18246 2422300 1 1024
8275 18246 2422310 1 1024
8275 18246 2422320 1 1024
8275 18246 2422330 1 1024
8275 18245 2422340 1 1024
8275 18245 2422350 1 1024
8274 18245 2422360 1 1024
8274 18245 2422370 1 1024
8274 18245 2422380 1 1024
8274 18245 2422390 1 1024
8273 18245 2422400 1 1024
8273 18245 2422410 1 1024
8273 18245 2422420 1 1024
8273 18245 2422430 1 1024
8272 18245 2422440 1 1024
8272 18245 2422450 1 1024
8272 18245 2422460 1 1024
8272 18245 2422470 1 1024
8272 18245 2422480 1 1024
8272 18245 2422490 1 1024
8272 18244 2422500 1 1024
8271 18244 2422510 1 1024
8271 18244 2422520 1 1024
8271 18244 2422530 1 1024
8271 18243 2422540 1 1024
8272 18243 2422550 1 1024
8272 18243 2422560 1 1024
8272 18243 2422570 1 1024
8272 18243 2422580 1 1024
8272 18242 2422590 1 1024
8272 18242 2422600 1 1024
8272 18242 2422610 1 1024
8271 18242 2422620 1 1024
8271 18242 2422630 1 1024
8271 18242 2422640 1 1024
8271 18242 2422650 1 1024
8272 18242 2422660 1 1024
8272 18243 2422670 1 1024
8273 18243 2422680 1 1024
8274 18243 2422690 1 1024
8275 18243 2422700 1 1024
8276 18243 2422710 1 1024
8277 18243 2422720 1 1024
8278 18243 2422730 1 1024
8279 18243 2422740 1 1024
8281 18243 2422750 1 1024
8282 18243 2422760 1 1024
8284 18243 2422770 1 1024
8285 18243 2422780 1 1024
8285 18243 2422790 1 1024
8287 18243 2422800 1 1024
8288 18243 2422810 1 1024
8289 18243 2422820 1 1024
8290 18243 2422830 1 1024
8290 18242 2422840 1 1024
8290 18242 2422850 1 1024
8291 18242 2422860 1 1024
8291 18242 2422870 1 1024
8292 18242 2422880 0 0
8292 18242 2422890 0 0
8293 18242 2422900 0 0
8293 18242 2422910 0 0
8293 18242 2422920 0 0
8294 18242 2422930 0 0
8294 18242 2422940 0 0
8294 18242 2422950 0 0
8294 18242 2422960 0 0
8293 18242 2422970 0 0
8293 18242 2422980 0 0
8293 18242 2422990 0 0
8292 18242 2423000 0 0
8292 18242 2423010 1 6
8292 18242 2423020 1 14
8293 18242 2423030 1 28
8294 18242 2423040 1 60
8295 18242 2423050 1 101
8296 18242 2423060 1 151
8297 18242 2423070 1 207
8298 18242 2423080 1 268
8300 18242 2423090 1 334
8301 18242 2423100 1 403
8302 18242 2423110 1 474
8303 18242 2423120 1 545
8304 18242 2423130 1 581
8304 18242 2423140 1 616
8305 18242 2423150 1 685
8306 18242 2423160 1 751
8306 18241 2423170 1 813
8306 18241 2423180 1 869
8305 18241 2423190 1 919
8305 18241 2423200 1 960
8304 18241 2423210 1 992
8303 18241 2423220 1 1014
8303 18241 2423230 1 1024
8302 18241 2423240 1 1024
8302 18241 2423250 1 1024
8301 18240 2423260 1 1024
8301 18240 2423270 1 1024
8301 18240 2423280 1 1024
8302 18240 2423290 1 1024
8302 18239 2423300 1 1024
8302 18239 2423310 1 1024
8303 18238 2423320 1 1024
8303 18238 2423330 1 1024
8304 18237 2423340 1 1024
8304 18237 2423350 1 1024
8304 18237 2423360 1 1024
8305 18236 2423370 1 1024
8305 18236 2423380 1 1024
8305 18235 2423390 1 1024
8306 18235 2423400 1 1024
8306 18234 2423410 1 1024
8307 18234 2423420 1 1024
8307 18233 2423430 1 1024
8308 18233 2423440 1 1024
8309 18233 2423450 1 1024
8309 18232 2423460 1 1024
8309 18232 2423470 1 1024
8309 18232 2423480 1 1024
8309 18231 2423490 1 1024
8309 18231 2423500 1 1024
8308 18230 2423510 1 1024
8308 18230 2423520 1 1024
8307 18229 2423530 1 1024
8307 18229 2423540 1 1024
8307 18228 2423550 1 1024
8307 18228 2423560 1 1024
8306 18228 2423570 1 1024
8306 18227 2423580 1 1024
8306 18227 2423590 1 1024
8305 18226 2423600 1 1024
8305 18226 2423610 1 1024
8305 18226 2423620 1 1024
8305 18225 2423630 1 1024
8305 18225 2423640 1 1024
8306 18225 2423650 1 1024
8306 18225 2423660 1 1024
8307 18224 2423670 1 1024
8308 18224 2423680 1 1024
8309 18224 2423690 1 1024
8310 18224 2423700 1 1024
8310 18223 2423710 1 1024
8311 18223 2423720 1 1024
8312 18223 2423730 1 1024
8312 18222 2423740 1 1024
8313 18222 2423750 1 1024
8314 18222 2423760 1 1024
8315 18222 2423770 1 1024
8315 18222 2423780 1 1024
8316 18222 2423790 1 1024
8316 18222 2423800 1 1024
8317 18222 2423810 1 1024
8318 18222 2423820 1 1024
8319 18222 2423830 1 1024
8319 18222 2423840 1 1024
8320 18222 2423850 1 1024
8321 18222 2423860 1 1024
8322 18221 2423870 1 1024
8322 18221 2423880 1 1024
8322 18221 2423890 1 1024
8322 18221 2423900 1 1024
8322 18221 2423910 1 1024
8321 18221 2423920 1 1024
8320 18221 2423930 1 1024
8319 18221 2423940 1 1024
8317 18221 2423950 1 1024
8315 18220 2423960 1 1024
8313 18220 2423970 1 1024
8312 18221 2423980 1 1024
8310 18220 2423990 1 1024
8308 18221 2424000 1 1024
8307 18221 2424010 1 1024
8306 18221 2424020 1 1024
8305 18221 2424030 1 1024
8304 18221 2424040 1 1024
8304 18221 2424050 1 1024
8304 18221 2424060 1 1024
8304 18221 2424070 1 1024
8304 18222 2424080 1 1024
8304 18222 2424090 1 1024
8305 18222 2424100 1 1024
8306 18223 2424110 1 1024
8307 18223 2424120 1 1024
8308 18223 2424130 1 1024
8309 18224 2424140 1 1024
8310 18224 2424150 1 1024
8310 18224 2424160 1 1024
8310 18225 2424170 1 1024
8311 18225 2424180 1 1024
8311 18225 2424190 1 1024
8311 18226 2424200 1 1024
8311 18226 2424210 1 1024
8311 18227 2424220 1 1024
8311 18227 2424230 1 1024
8311 18227 2424240 1 1024
8311 18228 2424250 1 1024
8311 18228 2424260 1 1024
8311 18228 2424270 1 1024
8310 18229 2424280 1 1024
8310 18229 2424290 1 1024
8309 18229 2424300 1 1024
8308 18230 2424310 1 1024
8308 18230 2424320 1 1024
8307 18230 2424330 1 1024
8307 18230 2424340 1 1024
8306 18230 2424350 1 1024
8306 18231 2424360 1 1024
8305 18231 2424370 1 1024
8305 18231 2424380 1 1024
8304 18232 2424390 1 1024
8303 18232 2424400 1 1024
8303 18232 2424410 1 1024
8302 18233 2424420 1 1024
8301 18233 2424430 1 1024
8301 18234 2424440 1 1024
8300 18234 2424450 1 1024
8300 18234 2424460 1 1024
8300 18235 2424470 1 1024
8300 18235 2424480 1 1024
8301 18236 2424490 1 1024
8302 18236 2424500 1 1024
8303 18237 2424510 1 1024
8304 18237 2424520 1 1024
8305 18238 2424530 1 1024
8306 18238 2424540 1 1024
8307 18239 2424550 1 1024
8308 18239 2424560 1 1024
8308 18240 2424570 1 1024
8309 18240 2424580 1 1024
8310 18240 2424590 1 1024
8310 18241 2424600 1 1024
8311 18242 2424610 1 1024
8311 18242 2424620 1 1024
8312 18243 2424630 1 1024
8313 18243 2424640 1 1024
8313 18244 2424650 1 1024
8313 18245 2424660 1 1024
8314 18245 2424670 1 1024
8315 18246 2424680 1 1024
8315 18246 2424690 1 1024
8316 18247 2424700 1 1024
8317 18247 2424710 1 1024
8318 18248 2424720 1 1024
8320 18248 2424730 1 1024
8322 18249 2424740 1 1024
8323 18249 2424750 1 1024
8325 18249 2424760 1 1024
8327 18250 2424770 1 1024
8328 18250 2424780 1 1024
8329 18250 2424790 1 1024
8330 18250 2424800 1 1024
8330 18250 2424810 1 1024
8331 18250 2424820 1 1024
8331 18250 2424830 1 1024
8331 18250 2424840 1 1024
8330 18250 2424850 1 1024
8330 18250 2424860 1 1024
8329 18250 2424870 1 1024
8329 18250 2424880 1 1024
8328 18250 2424890 1 1024
8328 18250 2424900 1 1024
8327 18250 2424910 1 1024
8327 18250 2424920 1 1024
8327 18250 2424930 1 1024
8327 18250 2424940 1 1024
8327 18250 2424950 1 1024
8327 18250 2424960 1 1024
8327 18251 2424970 1 1024
8327 18251 2424980 1 1024
8327 18251 2424990 1 1024
8326 18251 2425000 1 1024
8326 18252 2425010 1 1024
8326 18252 2425020 1 1024
8325 18252 2425030 1 1024
8326 18253 2425040 1 1024
8327 18253 2425050 1 1024
8328 18253 2425060 1 1024
8329 18253 2425070 1 1024
8331 18253 2425080 1 1024
8332 18253 2425090 1 1024
8334 18253 2425100 1 1024
8336 18253 2425110 1 1024
8338 18253 2425120 1 1024
8339 18253 2425130 1 1024
8341 18253 2425140 1 1024
8343 18253 2425150 1 1024
8345 18252 2425160 1 1024
8347 18252 2425170 1 1024
8348 18251 2425180 1 1024
8349 18251 2425190 1 1024
8350 18250 2425200 1 1024
8351 18250 2425210 1 1024
8351 18249 2425220 1 1024
8351 18249 2425230 1 1024
8350 18249 2425240 1 1024
8349 18248 2425250 1 1024
8348 18248 2425260 1 1024
8348 18247 2425270 1 1024
8346 18247 2425280 1 1024
8345 18247 2425290 1 1024
8344 18246 2425300 1 1024
8343 18246 2425310 1 1024
8343 18246 2425320 1 1024
8342 18245 2425330 1 1024
8342 18245 2425340 1 1024
8341 18245 2425350 1 1024
8341 18245 2425360 1 1024
8341 18245 2425370 1 1024
8340 18245 2425380 1 1024
8340 18245 2425390 1 1024
8340 18245 2425400 1 1024
8340 18245 2425410 1 1024
8340 18245 2425420 1 1024
8340 18245 2425430 1 1024
8340 18244 2425440 1 1024
8340 18244 2425450 1 1024
8340 18244 2425460 1 1024
8341 18244 2425470 1 1024
8341 18244 2425480 1 1024
8341 18243 2425490 1 1024
8342 18243 2425500 1 1024
8342 18243 2425510 1 1024
8342 18242 2425520 1 1024
8342 18241 2425530 1 1024
8342 18241 2425540 1 1024
8342 18240 2425550 1 1024
8343 18240 2425560 1 1024
8343 18240 2425570 1 1024
8344 18239 2425580 1 1024
8345 18239 2425590 1 1024
8346 18238 2425600 1 1024
8347 18238 2425610 1 1024
8349 18237 2425620 1 1024
8349 18237 2425630 1 1024
8350 18236 2425640 1 1024
8349 18236 2425650 1 1024
8349 18236 2425660 1 1024
8348 18235 2425670 1 1024
8347 18235 2425680 1 1024
8345 18235 2425690 1 1024
8344 18235 2425700 1 1024
8343 18234 2425710 1 1024
8342 18234 2425720 1 1024
8341 18234 2425730 1 1024
8341 18233 2425740 1 1024
8340 18233 2425750 1 1024
8340 18233 2425760 1 1024
8339 18232 2425770 1 1024
8339 18232 2425780 1 1024
8339 18232 2425790 1 1024
8339 18232 2425800 1 1024
8339 18232 2425810 1 1024
8339 18231 2425820 1 1024
8339 18231 2425830 1 1024
8340 18231 2425840 1 1024
8341 18230 2425850 1 1024
8342 18230 2425860 1 1024
8342 18230 2425870 1 1024
8343 18230 2425880 1 1024
8344 18230 2425890 1 1024
8344 18230 2425900 1 1024
8344 18230 2425910 1 1024
8343 18230 2425920 1 1024
8343 18230 2425930 1 1024
8343 18230 2425940 1 1024
8342 18229 2425950 1 1024
8341 18229 2425960 1 1024
8341 18229 2425970 1 1024
8340 18230 2425980 1 1024
8340 18230 2425990 1 1024
8339 18229 2426000 1 1024
8339 18229 2426010 1 1024
8339 18229 2426020 1 1024
8339 18229 2426030 1 1024
8339 18229 2426040 1 805
8339 18229 2426050 0 0
8339 18229 2426060 0 0
8339 18229 2426070 0 0
8340 18229 2426080 0 0
8340 18229 2426090 0 0
8340 18229 2426100 0 0
8341 18229 2426110 0 0
8342 18229 2426120 0 0
8342 18229 2426130 0 0
8343 18229 2426140 0 0
8344 18230 2426150 0 0
8345 18230 2426160 0 0
8346 18230 2426170 0 0
8347 18230 2426180 1 14
8347 18230 2426190 1 46
8348 18230 2426200 1 88
8348 18230 2426210 1 138
8348 18230 2426220 1 195
8348 18230 2426230 1 258
8347 18231 2426240 1 290
8346 18231 2426250 1 325
8345 18231 2426260 1 395
8344 18231 2426270 1 467
8342 18231 2426280 1 540
8341 18231 2426290 1 612
8340 18232 2426300 1 682
8338 18232 2426310 1 749
8338 18232 2426320 1 811
8337 18232 2426330 1 868
8337 18231 2426340 1 920
8337 18231 2426350 1 943
8337 18231 2426360 1 962
8337 18231 2426370 1 994
8338 18231 2426380 1 1016
8339 18231 2426390 1 1024
8341 18231 2426400 1 1024
8343 18231 2426410 1 1024
8345 18231 2426420 1 1024
8347 18231 2426430 1 1024
8349 18231 2426440 1 1024
8352 18231 2426450 1 1024
8354 18231 2426460 1 1024
8356 18231 2426470 1 1024
8358 18231 2426480 1 1024
8359 18231 2426490 1 1024
8361 18231 2426500 1 1024
8361 18231 2426510 1 1024
8362 18231 2426520 1 1024
8363 18232 2426530 1 1024
8363 18232 2426540 1 1024
8363 18232 2426550 1 1024
8362 18233 2426560 1 1024
8362 18233 2426570 1 1024
8361 18233 2426580 1 1024
8360 18233 2426590 1 1024
8359 18234 2426600 1 1024
8358 18234 2426610 1 1024
8357 18234 2426620 1 1024
8357 18234 2426630 1 1024
8356 18234 2426640 1 1024
8356 18234 2426650 1 1024
8356 18235 2426660 1 1024
8355 18235 2426670 1 1024
8355 18235 2426680 1 1024
8354 18235 2426690 1 1024
8354 18235 2426700 1 1024
8354 18235 2426710 1 1024
8353 18235 2426720 1 1024
8353 18235 2426730 1 1024
8352 18235 2426740 1 1024
8352 18235 2426750 1 1024
8352 18235 2426760 1 1024
8352 18235 2426770 1 1024
8352 18235 2426780 1 1024
8352 18235 2426790 1 1024
8354 18235 2426800 1 1024
8354 18235 2426810 1 1024
8352 18235 2426820 1 1024
8346 18235 2426830 1 1024
8337 18235 2426840 1 1024
8328 18235 2426850 1 1024
8319 18235 2426860 1 1024
8311 18234 2426870 1 1024
8302 18234 2426880 1 1024
8292 18234 2426890 1 1024
8283 18234 2426900 1 1024
8279 18233 2426910 1 1024
8274 18233 2426920 1 1024
8264 18233 2426930 1 1024
8255 18232 2426940 1 1024
8245 18232 2426950 1 1024
8235 18232 2426960 1 1024
8225 18231 2426970 1 1024
8215 18231 2426980 1 1024
8215 18230 2426990 1 1024
8214 18230 2427000 1 1024
8214 18229 2427010 1 1024
8213 18229 2427020 1 1024
8212 18229 2427030 1 1024
8212 18228 2427040 1 1024
8212 18228 2427050 1 1024
8212 18227 2427060 1 1024
8212 18227 2427070 1 1024
8212 18227 2427080 1 1024
8212 18226 2427090 1 1024
8212 18226 2427100 1 1024
8212 18226 2427110 1 1024
8212 18225 2427120 1 1024
8212 18225 2427130 1 1024
8212 18225 2427140 1 1024
8213 18224 2427150 1 1024
8213 18224 2427160 1 1024
8213 18223 2427170 1 1024
8213 18223 2427180 1 1024
8213 18222 2427190 1 1024
8213 18222 2427200 1 1024
8213 18221 2427210 1 1024
8213 18221 2427220 1 1024
8213 18221 2427230 1 1024
8213 18221 2427240 1 1024
8213 18220 2427250 1 1024
8214 18220 2427260 1 1024
8215 18219 2427270 1 1024
8215 18219 2427280 1 1024
8216 18219 2427290 1 1024
8217 18218 2427300 1 1024
8218 18218 2427310 1 1024
8219 18217 2427320 1 1024
8220 18217 2427330 1 1024
8220 18216 2427340 1 1024
8220 18216 2427350 1 1024
8220 18216 2427360 1 1024
8220 18215 2427370 1 1024
8220 18215 2427380 1 1024
8219 18214 2427390 1 1024
8219 18213 2427400 1 1024
8219 18213 2427410 1 1024
8218 18213 2427420 1 1024
8218 18212 2427430 1 1024
8217 18211 2427440 1 1024
8217 18211 2427450 1 1024
8218 18211 2427460 1 1024
8218 18210 2427470 1 1024
8219 18210 2427480 1 1024
8220 18209 2427490 1 1024
8221 18209 2427500 1 1024
8222 18208 2427510 1 1024
8223 18208 2427520 1 1024
8224 18207 2427530 1 1024
8225 18207 2427540 1 1024
8226 18206 2427550 1 1024
8227 18206 2427560 1 1024
8227 18206 2427570 1 1024
8228 18206 2427580 1 1024
8228 18206 2427590 1 1024
8228 18206 2427600 1 1024
8228 18206 2427610 1 1024
8227 18206 2427620 1 1024
8226 18206 2427630 1 1024
8226 18206 2427640 1 1024
8225 18206 2427650 1 1024
8224 18206 2427660 1 1024
8223 18207 2427670 1 1024
8222 18207 2427680 1 1024
8222 18207 2427690 1 1024
8221 18207 2427700 1 1024
8221 18208 2427710 1 1024
8222 18208 2427720 1 1024
8222 18208 2427730 1 1024
8222 18209 2427740 1 1024
8223 18209 2427750 1 1024
8223 18210 2427760 1 1024
8224 18210 2427770 1 1024
8225 18210 2427780 1 1024
8226 18210 2427790 1 1024
8227 18210 2427800 1 1024
8227 18211 2427810 1 1024
8228 18211 2427820 1 1024
8228 18211 2427830 1 1024
8228 18211 2427840 1 1024
8229 18211 2427850 1 1024
8229 18211 2427860 1 1024
8229 18211 2427870 1 1024
8230 18211 2427880 1 1024
8231 18211 2427890 1 1024
8232 18211 2427900 1 1024
8234 18211 2427910 1 1024
8235 18212 2427920 1 1024
8237 18212 2427930 1 1024
8238 18212 2427940 1 1024
8239 18212 2427950 1 1024
8240 18213 2427960 1 1024
8240 18213 2427970 1 1024
8241 18213 2427980 1 1024
8241 18214 2427990 1 1024
8242 18214 2428000 1 1024
8242 18215 2428010 1 1024
8241 18215 2428020 1 1024
8241 18215 2428030 1 1024
8241 18215 2428040 1 1024
8240 18216 2428050 1 1024
8239 18217 2428060 1 1024
8239 18217 2428070 1 1024
8238 18218 2428080 1 1024
8237 18218 2428090 1 1024
8237 18219 2428100 1 1024
8236 18220 2428110 1 1024
8235 18220 2428120 1 1024
8235 18221 2428130 1 1024
8234 18221 2428140 1 1024
8234 18222 2428150 1 1024
8234 18223 2428160 1 1024
8234 18223 2428170 1 1024
8234 18224 2428180 1 1024
8235 18225 2428190 1 1024
8236 18226 2428200 1 1024
8237 18226 2428210 1 1024
8238 18227 2428220 1 1024
8240 18228 2428230 1 1024
8241 18228 2428240 1 1024
8243 18229 2428250 1 1024
8245 18229 2428260 1 1024
8247 18230 2428270 1 1024
8249 18231 2428280 1 1024
8251 18231 2428290 1 1024
8253 18232 2428300 1 1024
8255 18232 2428310 1 1024
8256 18233 2428320 1 1024
8257 18233 2428330 1 1024
8258 18234 2428340 1 1024
8258 18234 2428350 1 1024
8258 18234 2428360 1 1024
8257 18235 2428370 1 1024
8255 18235 2428380 1 1024
8253 18235 2428390 1 1024
8251 18236 2428400 1 1024
8249 18236 2428410 1 1024
8246 18236 2428420 1 1024
8244 18236 2428430 1 1024
8241 18236 2428440 1 1024
8238 18237 2428450 1 1024
8236 18237 2428460 1 1024
8234 18237 2428470 1 1024
8232 18237 2428480 1 1024
8231 18237 2428490 1 1024
8230 18237 2428500 1 1024
8228 18237 2428510 1 1024
8228 18237 2428520 1 1024
8227 18237 2428530 1 1024
8226 18237 2428540 1 1024
8226 18238 2428550 1 1024
8226 18238 2428560 1 1024
8226 18238 2428570 1 1024
8226 18238 2428580 1 1024
8226 18238 2428590 1 1024
8227 18238 2428600 1 1024
8228 18238 2428610 1 1024
8228 18238 2428620 1 1024
8229 18239 2428630 1 1024
8230 18239 2428640 1 1024
8231 18239 2428650 1 1024
8232 18239 2428660 1 1024
8233 18239 2428670 1 1024
8234 18239 2428680 1 1024
8235 18239 2428690 1 1024
8237 18239 2428700 1 1024
8237 18239 2428710 1 1024
8238 18239 2428720 1 1024
8238 18239 2428730 1 1024
8238 18239 2428740 1 1024
8238 18238 2428750 1 1024
8238 18238 2428760 1 1024
8238 18238 2428770 1 1024
8237 18238 2428780 1 1024
8236 18238 2428790 1 1024
8236 18238 2428800 1 1024
8236 18238 2428810 1 1024
8235 18238 2428820 1 1024
8235 18237 2428830 1 1024
8234 18237 2428840 1 1024
8234 18237 2428850 1 1024
8233 18237 2428860 1 1024
8233 18237 2428870 1 1024
8232 18237 2428880 1 1024
8231 18237 2428890 1 1024
8230 18236 2428900 1 1024
8229 18236 2428910 1 1024
8228 18236 2428920 1 1024
8228 18236 2428930 1 1024
8228 18236 2428940 1 1024
8228 18236 2428950 1 1024
8229 18235 2428960 1 1024
8230 18235 2428970 1 1024
8232 18235 2428980 1 1024
8233 18234 2428990 1 1024
8235 18234 2429000 1 1024
8236 18233 2429010 1 1024
8237 18233 2429020 1 1024
8238 18233 2429030 1 1024
8239 18232 2429040 1 1024
8240 18232 2429050 1 1024
8241 18231 2429060 1 1024
8242 18231 2429070 1 1024
8242 18231 2429080 1 1024
8242 18230 2429090 1 1024
8243 18230 2429100 1 1024
8243 18229 2429110 1 1024
8243 18229 2429120 1 1024
8243 18229 2429130 1 1024
8243 18228 2429140 1 1024
8243 18228 2429150 1 1024
8244 18227 2429160 1 1024
8245 18227 2429170 1 1024
8246 18226 2429180 1 1024
8246 18226 2429190 1 1024
8247 18225 2429200 1 1024
8247 18225 2429210 1 1024
8247 18224 2429220 1 1024
8246 18224 2429230 1 1024
8246 18224 2429240 1 1024
8245 18224 2429250 1 1024
8245 18223 2429260 1 1024
8244 18223 2429270 1 1024
8244 18223 2429280 1 1024
8244 18222 2429290 1 1024
8244 18222 2429300 1 1024
8244 18222 2429310 1 1024
8244 18221 2429320 1 1024
8244 18221 2429330 1 1024
8243 18221 2429340 1 1024
8243 18220 2429350 1 1024
8242 18220 2429360 1 1024
8241 18220 2429370 1 1024
8241 18220 2429380 1 1024
8240 18219 2429390 1 1024
8239 18219 2429400 1 1024
8239 18219 2429410 1 1024
8238 18218 2429420 1 1024
8238 18218 2429430 1 1024
8238 18218 2429440 1 1024
8239 18217 2429450 1 1024
8239 18217 2429460 1 1024
8239 18217 2429470 1 1024
8240 18217 2429480 1 1024
8241 18217 2429490 1 1024
8243 18217 2429500 1 1024
8244 18217 2429510 1 1024
8245 18217 2429520 1 1024
8247 18217 2429530 1 1024
8248 18217 2429540 1 1024
8249 18217 2429550 1 1024
8250 18216 2429560 1 1024
8250 18216 2429570 1 1024
8251 18216 2429580 1 1024
8252 18216 2429590 1 1024
8253 18216 2429600 1 1024
8254 18216 2429610 1 1024
8255 18216 2429620 1 1024
8256 18216 2429630 1 1024
8256 18215 2429640 1 1024
8257 18215 2429650 1 1024
8258 18215 2429660 1 1024
8259 18215 2429670 1 1024
8260 18215 2429680 1 1024
8260 18215 2429690 1 1024
8261 18215 2429700 1 1024
8262 18215 2429710 1 1024
8262 18215 2429720 1 1024
8263 18215 2429730 1 1024
8264 18215 2429740 1 1024
8264 18215 2429750 1 1024
8265 18215 2429760 1 1024
8266 18215 2429770 1 1024
8267 18215 2429780 1 1024
8267 18216 2429790 1 1024
8268 18216 2429800 1 1024
8268 18216 2429810 1 1024
8269 18217 2429820 1 1024
8269 18217 2429830 1 1024
8270 18218 2429840 1 1024
8270 18218 2429850 1 1024
8270 18218 2429860 1 1024
8271 18219 2429870 1 1024
8271 18219 2429880 1 1024
8272 18219 2429890 1 1024
8272 18220 2429900 1 1024
8272 18220 2429910 1 1024
8273 18220 2429920 1 1024
8274 18221 2429930 1 1024
8275 18221 2429940 1 1024
8275 18221 2429950 1 1024
8276 18222 2429960 1 1024
8277 18222 2429970 1 1024
8277 18222 2429980 1 1024
8278 18223 2429990 1 1024
8278 18223 2430000 1 1024
8278 18223 2430010 1 1024
8279 18223 2430020 1 1024
8279 18223 2430030 1 1024
8279 18224 2430040 1 1024
8279 18224 2430050 1 1024
8279 18224 2430060 1 1024
8280 18224 2430070 1 1024
8280 18225 2430080 1 1024
8281 18225 2430090 1 1024
8282 18225 2430100 1 1024
8283 18226 2430110 1 1024
8284 18226 2430120 1 1024
8285 18226 2430130 1 1024
8286 18227 2430140 1 1024
8286 18227 2430150 1 1024
8287 18227 2430160 1 1024
8287 18227 2430170 1 1024
8287 18228 2430180 1 1024
8286 18228 2430190 1 1024
8286 18228 2430200 1 1024
8285 18229 2430210 1 1024
8284 18229 2430220 1 1024
8283 18229 2430230 1 1024
8282 18229 2430240 1 1024
8281 18230 2430250 1 1024
8281 18230 2430260 1 1024
8281 18230 2430270 1 1024
8281 18230 2430280 1 1024
8282 18230 2430290 1 1024
8282 18231 2430300 1 1024
8284 18231 2430310 1 1024
8285 18231 2430320 1 1024
8286 18231 2430330 1 1024
8287 18231 2430340 1 1024
8288 18231 2430350 1 1024
8289 18231 2430360 1 1024
8290 18231 2430370 1 1024
8290 18232 2430380 1 1024
8290 18232 2430390 1 1024
8290 18232 2430400 1 1024
8289 18232 2430410 1 1024
8289 18232 2430420 1 1024
8288 18232 2430430 1 1024
8288 18232 2430440 1 1024
8287 18233 2430450 1 1024
8287 18233 2430460 1 1024
8287 18233 2430470 1 1024
8287 18233 2430480 1 1024
8288 18233 2430490 1 1024
8289 18233 2430500 1 1024
8289 18233 2430510 1 1024
8290 18233 2430520 1 1024
8291 18233 2430530 1 1024
8292 18233 2430540 1 1024
8293 18233 2430550 1 1024
8294 18233 2430560 1 1024
8295 18233 2430570 1 1024
8296 18233 2430580 1 1024
8297 18233 2430590 1 1024
8298 18234 2430600 1 1024
8299 18233 2430610 1 1024
8299 18233 2430620 1 1024
8300 18233 2430630 1 1024
8301 18233 2430640 1 1024
8301 18233 2430650 1 1024
8301 18233 2430660 1 1024
8301 18233 2430670 1 1024
8301 18233 2430680 1 1024
8302 18232 2430690 1 1024
8302 18232 2430700 1 1024
8302 18232 2430710 1 1024
8301 18232 2430720 1 1024
8301 18232 2430730 0 0
8301 18231 2430740 0 0
8301 18231 2430750 0 0
8300 18231 2430760 0 0
8299 18231 2430770 0 0
8298 18230 2430780 0 0
8297 18230 2430790 0 0
8296 18230 2430800 0 0
8295 18230 2430810 0 0
8294 18230 2430820 0 0
8293 18230 2430830 0 0
8291 18229 2430840 0 0
8290 18229 2430850 0 0
8290 18229 2430860 0 0
8289 18229 2430870 0 0
8288 18229 2430880 0 0
8286 18229 2430890 0 0
8285 18229 2430900 0 0
8284 18229 2430910 0 0
8282 18229 2430920 0 0
8281 18229 2430930 0 0
8280 18229 2430940 0 0
8279 18230 2430950 0 0
8278 18230 2430960 0 0
8278 18230 2430970 0 0
8279 18231 2430980 0 0
8280 18231 2430990 0 0
8280 18231 2431000 0 0
8282 18231 2431010 0 0
8283 18232 2431020 0 0
8285 18232 2431030 1 17
8287 18232 2431040 1 60
8289 18232 2431050 1 112
8292 18232 2431060 1 172
8294 18232 2431070 1 237
8296 18232 2431080 1 306
8298 18233 2431090 1 378
8299 18233 2431100 1 452
8301 18233 2431110 1 528
8303 18233 2431120 1 603
8304 18233 2431130 1 675
8305 18233 2431140 1 745
8306 18233 2431150 1 809
8307 18233 2431160 1 868
8307 18234 2431170 1 921
8308 18234 2431180 1 964
8307 18234 2431190 1 998
8307 18234 2431200 1 1021
8306 18234 2431210 1 1024
8304 18234 2431220 1 1024
8303 18234 2431230 1 1024
8301 18234 2431240 1 1024
8300 18234 2431250 1 1024
8298 18234 2431260 1 1024
8296 18234 2431270 1 1024
8294 18234 2431280 1 1024
8293 18234 2431290 1 1024
8291 18234 2431300 1 1024
8290 18234 2431310 1 1024
8289 18235 2431320 1 1024
8289 18235 2431330 1 1024
8288 18235 2431340 1 1024
8288 18236 2431350 1 1024
8288 18236 2431360 1 1024
8288 18236 2431370 1 1024
8288 18236 2431380 1 1024
8288 18236 2431390 1 1024
8287 18237 2431400 1 1024
8287 18237 2431410 1 1024
8287 18237 2431420 1 1024
8287 18237 2431430 1 1024
8288 18237 2431440 1 1024
8288 18237 2431450 1 1024
8288 18237 2431460 1 1024
8288 18237 2431470 1 1024
8289 18237 2431480 1 1024
8290 18237 2431490 1 1024
8291 18237 2431500 1 1024
8292 18237 2431510 1 1024
8294 18237 2431520 1 1024
8295 18237 2431530 1 1024
8297 18237 2431540 1 1024
8298 18237 2431550 1 1024
8299 18237 2431560 1 1024
8299 18237 2431570 1 1024
8299 18237 2431580 1 1024
8300 18237 2431590 1 1024
8300 18237 2431600 1 1024
8300 18236 2431610 1 1024
8301 18236 2431620 1 1024
8302 18236 2431630 1 1024
8303 18236 2431640 1 1024
8304 18236 2431650 1 1024
8305 18236 2431660 1 1024
8307 18236 2431670 1 1024
8309 18236 2431680 1 1024
8311 18236 2431690 1 1024
8312 18236 2431700 1 1024
8314 18235 2431710 1 1024
8315 18235 2431720 1 1024
8316 18235 2431730 1 1024
8316 18235 2431740 1 1024
8317 18234 2431750 1 1024
8317 18234 2431760 1 1024
8317 18234 2431770 1 1024
8317 18233 2431780 1 1024
8317 18233 2431790 1 1024
8317 18232 2431800 1 1024
8316 18232 2431810 1 1024
8316 18232 2431820 1 1024
8315 18232 2431830 1 1024
8315 18231 2431840 1 1024
8315 18231 2431850 1 1024
8314 18231 2431860 1 1024
8314 18231 2431870 1 1024
8314 18231 2431880 1 1024
8315 18231 2431890 1 1024
8315 18231 2431900 1 1024
8315 18231 2431910 1 1024
8316 18231 2431920 1 1024
8316 18231 2431930 1 1024
8316 18231 2431940 1 1024
8317 18231 2431950 1 1024
8318 18231 2431960 1 1024
8318 18231 2431970 1 1024
8318 18231 2431980 1 1024
8319 18231 2431990 1 1024
8319 18232 2432000 1 1024
