8015 17676 6084303 1 1024
8015 17676 6084313 1 1024
8016 17676 6084323 1 1024
8016 17676 6084333 1 1024
8017 17676 6084343 1 1024
8018 17676 6084353 1 1024
8019 17675 6084363 1 1024
8020 17675 6084373 1 1024
8021 17674 6084383 1 1024
8022 17673 6084393 1 1024
8022 17671 6084403 1 1024
8022 17669 6084413 1 1024
8021 17667 6084423 1 1024
8020 17665 6084433 1 1024
8017 17660 6084443 1 1024
8016 17657 6084453 1 1024
8014 17655 6084463 1 1024
8012 17652 6084473 1 1024
8011 17650 6084483 1 1024
8009 17647 6084493 1 1024
8008 17645 6084503 1 1024
8006 17643 6084513 1 1024
8004 17641 6084523 1 1024
8002 17638 6084533 1 1024
8001 17636 6084543 1 1024
7999 17634 6084553 1 1024
7998 17631 6084563 1 1024
7997 17629 6084573 1 1024
7995 17624 6084583 1 934
7994 17622 6084593 1 823
7993 17620 6084603 1 715
7992 17618 6084613 1 614
7991 17615 6084623 1 422
7991 17613 6084633 1 334
7990 17612 6084643 1 249
7989 17610 6084653 1 170
7989 17608 6084663 1 94
7989 17607 6084673 1 22
7989 17605 6084683 0 0
7989 17604 6084693 0 0
7990 17603 6084703 0 0
7990 17602 6084713 0 0
7992 17599 6084723 0 0
7993 17599 6084733 0 0
7993 17598 6084743 0 0
7994 17597 6084753 0 0
7995 17596 6084763 0 0
7997 17595 6084773 0 0
7998 17595 6084783 0 0
7999 17594 6084793 0 0
8001 17593 6084803 0 0
8002 17593 6084813 0 0
8004 17593 6084823 0 0
8005 17592 6084833 0 0
8008 17592 6084843 0 0
8010 17592 6084853 0 0
8014 17592 6084863 0 0
8017 17592 6084873 0 0
8020 17593 6084883 0 0
8024 17593 6084893 0 0
8027 17594 6084903 0 0
8031 17595 6084913 0 0
8035 17596 6084923 0 0
8039 17597 6084933 0 0
8043 17598 6084943 0 0
8047 17600 6084953 0 0
8050 17602 6084963 0 0
8053 17603 6084973 0 0
8056 17605 6084983 0 0
8058 17606 6084993 0 0
8061 17610 6085003 0 0
8063 17612 6085013 0 0
8064 17614 6085023 0 0
8065 17617 6085033 0 0
8067 17619 6085043 0 0
8068 17621 6085053 0 0
8068 17624 6085063 0 0
8069 17626 6085073 0 0
8068 17629 6085083 0 0
8068 17631 6085093 0 0
8066 17634 6085103 0 0
8064 17636 6085113 0 0
8062 17639 6085123 0 0
8060 17641 6085133 1 12
8055 17646 6085143 1 90
8052 17648 6085153 1 129
8049 17650 6085163 1 169
8046 17652 6085173 1 209
8044 17654 6085183 1 249
8041 17655 6085193 1 290
8039 17657 6085203 1 329
8037 17658 6085213 1 369
8034 17659 6085223 1 409
8032 17660 6085233 1 449
8030 17661 6085243 1 488
8027 17662 6085253 1 527
8024 17663 6085263 1 566
8021 17663 6085273 1 642
8015 17664 6085283 1 715
8011 17664 6085293 1 753
8008 17663 6085303 1 771
8005 17662 6085313 1 788
8002 17661 6085323 1 822
8000 17660 6085333 1 857
7998 17659 6085343 1 890
7997 17657 6085353 1 922
7996 17655 6085363 1 952
7996 17654 6085373 1 983
7996 17652 6085383 1 1012
7996 17650 6085393 1 1024
7997 17648 6085403 1 1024
7998 17645 6085413 1 1024
8000 17641 6085423 1 1024
8002 17639 6085433 1 1024
8004 17637 6085443 1 1024
8006 17634 6085453 1 1024
8008 17632 6085463 1 1024
8010 17629 6085473 1 1024
8013 17627 6085483 1 1024
8015 17625 6085493 1 1024
8017 17623 6085503 1 1024
8020 17620 6085513 1 1024
8022 17618 6085523 1 1024
8025 17616 6085533 1 1024
8028 17613 6085543 1 1024
8031 17611 6085553 1 1024
8037 17607 6085563 1 1024
8040 17605 6085573 1 1024
8043 17603 6085583 1 1024
8046 17601 6085593 1 1024
8049 17600 6085603 1 1024
8052 17599 6085613 1 1024
8054 17598 6085623 1 1024
8057 17597 6085633 1 1024
8060 17596 6085643 1 1024
8063 17595 6085653 1 1024
8065 17594 6085663 1 1024
8068 17594 6085673 1 1024
8070 17594 6085683 1 1024
8073 17593 6085693 1 1004
8076 17593 6085703 1 921
8078 17594 6085713 1 876
8080 17594 6085723 1 829
8081 17595 6085733 1 779
8083 17596 6085743 1 725
8084 17596 6085753 1 614
8086 17597 6085763 1 555
8086 17598 6085773 1 496
8087 17599 6085783 1 436
8087 17600 6085793 1 375
8087 17601 6085803 1 316
8087 17602 6085813 1 286
8088 17602 6085823 1 256
8088 17603 6085833 1 197
8089 17605 6085843 1 82
8090 17605 6085853 1 26
8090 17606 6085863 0 0
8091 17606 6085873 0 0
8091 17607 6085883 0 0
8092 17607 6085893 0 0
8093 17608 6085903 0 0
8093 17608 6085913 0 0
8094 17609 6085923 0 0
8095 17609 6085933 0 0
8096 17609 6085943 0 0
8098 17609 6085953 0 0
8099 17609 6085963 0 0
8101 17609 6085973 0 0
8103 17609 6085983 0 0
8104 17608 6085993 0 0
8104 17607 6086003 0 0
8105 17607 6086013 0 0
8105 17606 6086023 0 0
8104 17605 6086033 0 0
8104 17604 6086043 0 0
8104 17603 6086053 0 0
8104 17602 6086063 0 0
8104 17601 6086073 0 0
8104 17601 6086083 0 0
8104 17600 6086093 0 0
8103 17600 6086103 0 0
8103 17600 6086113 0 0
8102 17600 6086123 0 0
8101 17600 6086133 0 0
8100 17600 6086143 1 75
8098 17601 6086153 1 156
8097 17602 6086163 1 239
8096 17603 6086173 1 323
8094 17604 6086183 1 407
8093 17605 6086193 1 490
8093 17606 6086203 1 570
8092 17607 6086213 1 648
8092 17608 6086223 1 719
8092 17609 6086233 1 788
8093 17610 6086243 1 902
8093 17611 6086253 1 947
8094 17613 6086263 1 1018
8095 17613 6086273 1 1024
8096 17614 6086283 1 1024
8096 17614 6086293 1 1024
8097 17615 6086303 1 1024
8098 17615 6086313 1 1024
8099 17615 6086323 1 1024
8100 17616 6086333 1 1024
8101 17616 6086343 1 1024
8102 17616 6086353 1 1024
8103 17616 6086363 1 1024
8104 17616 6086373 1 1024
8104 17617 6086383 1 1024
8105 17617 6086393 1 1024
8105 17617 6086403 1 1024
8104 17618 6086413 1 1024
8104 17618 6086423 1 1024
8103 17619 6086433 1 1024
8102 17620 6086443 1 1024
8101 17620 6086453 1 1024
8100 17621 6086463 1 1024
8099 17622 6086473 1 1024
8098 17623 6086483 1 1024
8097 17624 6086493 1 1024
8096 17625 6086503 1 1024
8095 17626 6086513 1 1024
8095 17627 6086523 1 1024
8095 17628 6086533 1 1024
8095 17630 6086543 1 1024
8096 17631 6086553 1 1024
8097 17631 6086563 1 1024
8099 17632 6086573 1 1024
8101 17633 6086583 1 1024
8102 17633 6086593 1 1024
8104 17633 6086603 1 1024
8106 17634 6086613 1 1024
8108 17634 6086623 1 1024
8109 17634 6086633 1 1024
8111 17635 6086643 1 1024
8113 17635 6086653 1 1024
8115 17635 6086663 1 1024
8116 17635 6086673 1 1021
8120 17634 6086683 1 1000
8121 17634 6086693 1 990
8122 17634 6086703 1 981
8123 17633 6086713 1 971
8124 17633 6086723 1 956
8125 17632 6086733 1 949
8125 17631 6086743 1 943
8125 17630 6086753 1 938
8125 17629 6086763 1 934
8124 17628 6086773 1 930
8123 17627 6086783 1 926
8122 17626 6086793 1 924
8121 17626 6086803 1 921
8120 17625 6086813 1 919
8116 17623 6086823 1 917
8115 17622 6086833 1 917
8113 17621 6086843 1 917
8111 17620 6086853 1 917
8109 17620 6086863 1 917
8107 17619 6086873 1 918
8105 17618 6086883 1 920
8103 17617 6086893 1 923
8101 17616 6086903 1 925
8100 17615 6086913 1 927
8098 17614 6086923 1 930
8096 17613 6086933 1 932
8094 17612 6086943 1 936
8092 17611 6086953 1 939
8089 17609 6086963 1 946
8087 17608 6086973 1 949
8085 17608 6086983 1 952
8083 17607 6086993 1 957
8082 17606 6087003 1 961
8080 17606 6087013 1 964
8079 17606 6087023 1 968
8078 17605 6087033 1 971
8077 17605 6087043 1 976
8077 17605 6087053 1 983
8077 17605 6087063 1 986
8077 17606 6087073 1 989
8077 17606 6087083 1 993
8077 17606 6087093 1 996
8078 17607 6087103 1 1001
8079 17608 6087113 1 1004
8079 17609 6087123 1 1006
8080 17610 6087133 1 1008
8080 17610 6087143 1 1010
8080 17611 6087153 1 1012
8080 17612 6087163 1 1014
8079 17613 6087173 1 1015
8078 17614 6087183 1 1017
8077 17614 6087193 1 1017
8075 17615 6087203 1 1018
8073 17616 6087213 1 1021
8072 17617 6087223 1 1022
8070 17617 6087233 1 1023
8068 17619 6087243 1 1023
8068 17620 6087253 1 1024
8068 17620 6087263 1 1024
8068 17621 6087273 1 1024
8069 17622 6087283 1 1024
8070 17622 6087293 1 1024
8071 17623 6087303 1 1024
8073 17624 6087313 1 1024
8074 17624 6087323 1 1024
8076 17625 6087333 1 1024
8077 17625 6087343 1 1024
8079 17626 6087353 1 1024
8081 17626 6087363 1 1024
8083 17626 6087373 1 1024
8087 17627 6087383 1 1024
8089 17627 6087393 1 1024
8091 17628 6087403 1 1024
8093 17628 6087413 1 1024
8095 17628 6087423 1 1024
8097 17628 6087433 1 1024
8099 17628 6087443 1 1024
8100 17628 6087453 1 1024
8101 17628 6087463 1 1024
8102 17628 6087473 1 1024
8103 17628 6087483 1 1024
8103 17628 6087493 1 1024
8103 17628 6087503 1 1024
8102 17629 6087513 1 1024
8101 17629 6087523 1 1024
8101 17629 6087533 1 1024
8100 17629 6087543 1 1024
8099 17629 6087553 1 1024
8099 17629 6087563 1 1024
8098 17629 6087573 1 1024
8098 17629 6087583 1 1024
8097 17629 6087593 1 1024
8096 17629 6087603 1 1024
8096 17629 6087613 1 1024
8095 17629 6087623 1 1024
8095 17629 6087633 1 1024
8095 17628 6087643 1 1024
8095 17628 6087653 1 1024
8094 17628 6087663 1 1024
8094 17628 6087673 1 1024
8094 17628 6087683 1 1024
8094 17628 6087693 1 1024
8094 17628 6087703 1 1024
8095 17628 6087713 1 1024
8095 17627 6087723 1 1024
8095 17627 6087733 1 1024
8095 17627 6087743 1 1024
8095 17627 6087753 1 1024
8096 17627 6087763 1 1024
8096 17626 6087773 1 1024
8097 17626 6087783 1 1024
8098 17626 6087793 1 1024
8100 17625 6087803 1 1024
8101 17625 6087813 1 1024
8102 17624 6087823 1 1024
8103 17624 6087833 1 1024
8104 17623 6087843 1 1024
8105 17623 6087853 1 1024
8106 17622 6087863 1 1024
8107 17621 6087873 1 1024
8108 17621 6087883 1 1024
8108 17620 6087893 1 1024
8109 17620 6087903 1 1024
8110 17619 6087913 1 1024
8110 17619 6087923 1 1024
8110 17618 6087933 1 1024
8109 17617 6087943 1 1024
8108 17617 6087953 1 1024
8107 17617 6087963 1 1024
8106 17616 6087973 1 1024
8105 17616 6087983 1 1024
8104 17616 6087993 1 1024
8103 17615 6088003 1 1024
8103 17615 6088013 1 1024
8102 17615 6088023 1 1024
8102 17615 6088033 1 1024
8103 17615 6088043 1 1024
8103 17614 6088053 1 1024
8104 17614 6088063 1 1024
8105 17614 6088073 1 1024
8108 17614 6088083 1 1024
8110 17614 6088093 1 1024
8111 17613 6088103 1 1024
8113 17613 6088113 1 1024
8114 17613 6088123 1 1024
8116 17614 6088133 1 1024
8116 17614 6088143 1 1024
8117 17614 6088153 1 1024
8118 17614 6088163 1 1024
8118 17614 6088173 1 1024
8118 17615 6088183 1 1024
8118 17615 6088193 1 1024
8118 17615 6088203 1 1024
8118 17616 6088213 1 1024
8117 17617 6088223 1 1024
8116 17617 6088233 1 1024
8115 17617 6088243 1 1024
8114 17618 6088253 1 1024
8112 17618 6088263 1 1024
8111 17618 6088273 1 1024
8109 17619 6088283 1 1024
8108 17619 6088293 1 1024
8106 17619 6088303 1 1024
8105 17619 6088313 1 1024
8104 17619 6088323 1 1024
8103 17619 6088333 1 1024
8103 17619 6088343 1 1024
8102 17619 6088353 1 1024
8102 17619 6088363 1 1024
8101 17618 6088373 1 1024
8101 17618 6088383 1 1024
8101 17617 6088393 1 1024
8100 17617 6088403 1 1024
8099 17616 6088413 1 1024
8099 17615 6088423 1 1024
8098 17615 6088433 1 1024
8098 17614 6088443 1 1024
8098 17613 6088453 1 1024
8098 17612 6088463 1 1024
8097 17611 6088473 1 1024
8097 17610 6088483 1 1024
8097 17609 6088493 1 1024
8098 17607 6088503 1 1024
8099 17606 6088513 1 1024
8100 17605 6088523 1 1024
8101 17604 6088533 1 1024
8102 17603 6088543 1 1024
8103 17602 6088553 1 1024
8104 17602 6088563 1 1024
8106 17601 6088573 1 1024
8108 17601 6088583 1 1024
8111 17601 6088593 1 1024
8114 17601 6088603 1 1024
8117 17600 6088613 1 1024
8120 17600 6088623 1 1024
8123 17600 6088633 1 1024
8128 17601 6088643 1 1024
8131 17601 6088653 1 1024
8133 17601 6088663 1 1024
8135 17601 6088673 1 1024
8136 17602 6088683 1 1024
8138 17602 6088693 1 1024
8139 17603 6088703 1 1024
8141 17604 6088713 1 1024
8142 17605 6088723 1 1024
8143 17606 6088733 1 1024
8143 17607 6088743 1 1024
8143 17608 6088753 1 1024
8143 17610 6088763 1 1024
8142 17611 6088773 1 1024
8138 17614 6088783 1 1024
8135 17615 6088793 1 1024
8132 17616 6088803 1 1024
8129 17618 6088813 1 1024
8126 17619 6088823 1 1024
8122 17620 6088833 1 1024
8119 17622 6088843 1 1024
8116 17623 6088853 1 1024
8113 17624 6088863 1 1024
8110 17626 6088873 1 1024
8107 17627 6088883 1 1024
8105 17628 6088893 1 1024
8103 17629 6088903 1 1024
8102 17630 6088913 1 1024
8099 17631 6088923 1 1024
8098 17631 6088933 1 1024
8098 17632 6088943 1 1024
8097 17632 6088953 1 1024
8097 17632 6088963 1 1024
8097 17632 6088973 1 1024
8096 17632 6088983 1 1024
8096 17631 6088993 1 1024
8095 17631 6089003 1 1024
8095 17631 6089013 1 1024
8094 17630 6089023 1 1024
8093 17630 6089033 1 1024
8092 17629 6089043 1 1024
8091 17628 6089053 1 1024
8091 17626 6089063 1 1024
8091 17625 6089073 1 1024
8091 17624 6089083 1 1024
8091 17623 6089093 1 1024
8091 17622 6089103 1 1024
8091 17621 6089113 1 1024
8091 17619 6089123 1 1024
8091 17618 6089133 1 1024
8091 17617 6089143 1 1024
8090 17616 6089153 1 1024
8090 17615 6089163 1 1024
8090 17614 6089173 1 1024
8089 17614 6089183 1 1024
8089 17613 6089193 1 1024
8089 17611 6089203 1 1024
8089 17611 6089213 1 1024
8089 17610 6089223 1 1024
8089 17610 6089233 1 1024
8090 17609 6089243 1 1024
8090 17609 6089253 1 1024
8090 17609 6089263 1 1024
8091 17609 6089273 1 1024
8091 17609 6089283 1 1024
8091 17609 6089293 1 1024
8092 17609 6089303 1 1024
8093 17609 6089313 1 1024
8094 17609 6089323 1 1024
8095 17609 6089333 1 1024
8098 17609 6089343 1 1024
8100 17610 6089353 1 1024
8101 17610 6089363 1 1024
8103 17611 6089373 1 1024
8104 17611 6089383 1 1024
8105 17612 6089393 1 1024
8106 17613 6089403 1 1024
8107 17613 6089413 1 1024
8108 17614 6089423 1 1024
8108 17615 6089433 1 1024
8109 17616 6089443 1 1024
8109 17617 6089453 1 1024
8110 17617 6089463 1 1024
8111 17618 6089473 1 1024
8112 17620 6089483 1 1024
8112 17621 6089493 1 1024
8112 17622 6089503 1 1024
8111 17623 6089513 1 1024
8111 17624 6089523 1 1024
8110 17626 6089533 1 1024
8110 17627 6089543 1 1024
8109 17628 6089553 1 1024
8109 17629 6089563 1 1024
8109 17630 6089573 1 1024
8108 17630 6089583 1 1024
8108 17631 6089593 1 1024
8107 17632 6089603 1 1024
8106 17633 6089613 1 1024
8104 17634 6089623 1 1024
8103 17635 6089633 1 1024
8102 17636 6089643 1 1024
8101 17636 6089653 1 1024
8100 17636 6089663 1 1024
8098 17637 6089673 1 1024
8096 17637 6089683 1 1024
8095 17637 6089693 1 1024
8093 17638 6089703 1 1024
8091 17638 6089713 1 1024
8090 17638 6089723 1 1024
8089 17638 6089733 1 1024
8088 17638 6089743 1 1024
8088 17638 6089753 1 1024
8089 17637 6089763 1 1024
8089 17637 6089773 1 1024
8090 17637 6089783 1 1024
8091 17637 6089793 1 1024
8092 17637 6089803 1 1024
8094 17636 6089813 1 1024
8096 17636 6089823 1 1024
8097 17636 6089833 1 1024
8099 17635 6089843 1 1024
8101 17635 6089853 1 1024
8103 17635 6089863 1 1024
8104 17634 6089873 1 1024
8106 17634 6089883 1 1024
8107 17633 6089893 1 1024
8109 17633 6089903 1 921
8110 17632 6089913 1 636
8111 17632 6089923 1 308
8113 17631 6089933 0 0
8114 17631 6089943 0 0
8115 17631 6089953 0 0
8116 17631 6089963 0 0
8117 17630 6089973 0 0
8118 17630 6089983 0 0
8119 17630 6089993 0 0
8120 17629 6090003 0 0
8120 17629 6090013 0 0
8120 17629 6090023 0 0
8120 17629 6090033 0 0
8120 17628 6090043 0 0
8120 17628 6090053 0 0
8121 17628 6090063 0 0
8121 17628 6090073 0 0
8121 17628 6090083 0 0
8121 17628 6090093 0 0
8120 17627 6090103 0 0
8120 17627 6090113 0 0
8120 17627 6090123 0 0
8119 17627 6090133 0 0
8119 17627 6090143 0 0
8118 17627 6090153 0 0
8117 17627 6090163 0 0
8115 17627 6090173 0 0
8111 17627 6090183 0 0
8109 17627 6090193 0 0
8107 17627 6090203 0 0
8105 17627 6090213 1 747
8103 17627 6090223 1 1024
8101 17627 6090233 1 1024
8099 17627 6090243 1 1024
8097 17628 6090253 1 1024
8096 17628 6090263 1 1024
8096 17627 6090273 1 1024
8096 17627 6090283 0 0
8096 17627 6090293 0 0
8096 17627 6090303 0 0
8097 17627 6090313 0 0
8100 17626 6090323 0 0
8101 17626 6090333 0 0
8103 17626 6090343 0 0
8104 17625 6090353 0 0
8105 17625 6090363 0 0
8106 17624 6090373 0 0
8107 17624 6090383 0 0
8108 17623 6090393 0 0
8108 17622 6090403 0 0
8109 17622 6090413 0 0
8109 17621 6090423 0 0
8109 17621 6090433 0 0
8109 17620 6090443 0 0
8109 17620 6090453 0 0
8110 17619 6090463 0 0
8110 17618 6090473 0 0
8111 17618 6090483 0 0
8112 17617 6090493 0 0
8113 17617 6090503 1 49
8114 17616 6090513 1 111
8116 17616 6090523 1 163
8117 17616 6090533 1 199
8119 17615 6090543 1 218
8121 17615 6090553 1 214
8123 17615 6090563 1 187
8125 17614 6090573 1 132
8127 17614 6090583 1 46
8129 17614 6090593 0 0
8133 17613 6090603 0 0
8135 17613 6090613 0 0
8137 17612 6090623 0 0
8139 17612 6090633 0 0
8141 17612 6090643 0 0
8143 17611 6090653 0 0
8145 17611 6090663 0 0
8146 17611 6090673 0 0
8148 17611 6090683 0 0
8149 17610 6090693 0 0
8151 17610 6090703 0 0
8152 17610 6090713 0 0
8153 17610 6090723 0 0
8154 17611 6090733 0 0
8157 17611 6090743 0 0
8157 17611 6090753 0 0
8157 17612 6090763 0 0
8157 17612 6090773 1 84
8156 17613 6090783 1 173
8155 17613 6090793 1 268
8153 17614 6090803 1 366
8151 17614 6090813 1 464
8149 17614 6090823 1 562
8146 17615 6090833 1 658
8143 17615 6090843 1 749
8141 17616 6090853 1 793
8139 17616 6090863 1 835
8138 17616 6090873 1 913
8136 17616 6090883 1 1024
8136 17616 6090893 1 1024
8137 17617 6090903 1 1024
8137 17616 6090913 1 1024
8138 17616 6090923 1 1024
8139 17616 6090933 1 1024
8140 17616 6090943 1 1024
8142 17616 6090953 1 1024
8143 17616 6090963 1 1024
8144 17616 6090973 1 1024
8146 17616 6090983 1 1024
8148 17616 6090993 1 1024
8149 17615 6091003 1 1024
8152 17615 6091013 1 1024
8157 17615 6091023 1 1024
8159 17615 6091033 1 1024
8161 17614 6091043 1 1024
8163 17614 6091053 1 1024
8165 17614 6091063 1 1024
8167 17613 6091073 1 1024
8169 17613 6091083 1 1024
8171 17613 6091093 1 1024
8172 17612 6091103 1 1024
8173 17611 6091113 1 1024
8174 17611 6091123 1 1024
8175 17610 6091133 1 1024
8176 17609 6091143 1 1024
8176 17609 6091153 1 1024
8174 17607 6091163 1 1024
8173 17607 6091173 1 1024
8172 17606 6091183 1 1024
8171 17606 6091193 1 1024
8169 17605 6091203 1 1024
8168 17604 6091213 1 1024
8167 17604 6091223 1 1024
8167 17603 6091233 1 1024
8166 17603 6091243 1 1024
8166 17602 6091253 1 1024
8167 17602 6091263 1 1024
8167 17601 6091273 1 1024
8168 17601 6091283 1 1024
8169 17601 6091293 1 1024
8171 17601 6091303 1 1024
8172 17601 6091313 1 1024
8173 17600 6091323 1 1024
8174 17600 6091333 1 1024
8174 17600 6091343 1 1024
8175 17600 6091353 1 1024
8175 17600 6091363 1 1024
8175 17600 6091373 1 1024
8176 17600 6091383 1 1024
8176 17600 6091393 1 1024
8176 17600 6091403 1 1024
8176 17600 6091413 1 1024
8176 17600 6091423 1 1024
8176 17600 6091433 1 1024
