7954 17261 6975601 1 662
7942 17278 6975611 1 662
7930 17295 6975621 1 663
7914 17303 6975631 1 663
7904 17316 6975641 1 663
7892 17326 6975651 1 663
7880 17332 6975661 1 664
7868 17332 6975671 1 665
7848 17320 6975681 1 666
7841 17307 6975691 1 666
7836 17292 6975701 1 667
7835 17275 6975711 1 667
7836 17256 6975721 1 667
7840 17236 6975731 1 668
7848 17214 6975741 1 668
7859 17189 6975751 1 669
7887 17134 6975761 1 670
7904 17104 6975771 1 671
7921 17074 6975781 1 671
7939 17046 6975791 1 672
7955 17022 6975801 1 673
7970 17005 6975811 1 673
7981 16995 6975821 1 673
7990 16995 6975831 1 674
7993 17026 6975841 1 675
7987 17055 6975851 1 676
7978 17092 6975861 1 677
7964 17134 6975871 1 677
7948 17177 6975881 1 678
7929 17218 6975891 1 679
7909 17257 6975901 1 679
7889 17289 6975911 1 680
7855 17331 6975921 1 681
7842 17341 6975931 1 681
7831 17344 6975941 1 682
7825 17342 6975951 1 683
7822 17337 6975961 1 684
7821 17330 6975971 1 684
7823 17322 6975981 1 685
7826 17316 6975991 1 686
7834 17307 6976001 1 688
7837 17306 6976011 1 688
7838 17307 6976021 1 689
7838 17309 6976031 1 690
7835 17312 6976041 1 691
7831 17316 6976051 1 692
7825 17319 6976061 1 692
7817 17322 6976071 1 693
7802 17326 6976081 1 694
7794 17326 6976091 1 695
7789 17325 6976101 1 696
7786 17322 6976111 1 697
7786 17318 6976121 1 697
7788 17313 6976131 1 698
7794 17307 6976141 1 699
7802 17300 6976151 1 700
7825 17290 6976161 1 702
7838 17288 6976171 1 703
7850 17288 6976181 1 704
7862 17291 6976191 1 705
7871 17298 6976201 1 706
7879 17307 6976211 1 707
7884 17318 6976221 1 708
7886 17331 6976231 1 709
7882 17356 6976241 1 710
7876 17365 6976251 1 711
7869 17371 6976261 1 712
7860 17374 6976271 1 713
7852 17372 6976281 1 714
7843 17367 6976291 1 715
7836 17358 6976301 1 716
7830 17347 6976311 1 716
7824 17322 6976321 1 718
7824 17309 6976331 1 719
7825 17298 6976341 1 721
7829 17289 6976351 1 722
7835 17282 6976361 1 723
7841 17276 6976371 1 725
7862 17272 6976381 1 727
7871 17268 6976391 1 728
7886 17258 6976401 1 727
7893 17253 6976411 1 727
7899 17248 6976421 1 727
7904 17242 6976431 1 730
7909 17238 6976441 1 735
7914 17234 6976451 1 742
7918 17232 6976461 1 753
7922 17231 6976471 1 766
7931 17233 6976481 1 796
7935 17236 6976491 1 812
7939 17240 6976501 1 828
7943 17245 6976511 1 843
7946 17251 6976521 1 858
7949 17256 6976531 1 871
7951 17263 6976541 1 881
7953 17270 6976551 1 888
7954 17285 6976561 1 890
7954 17293 6976571 1 885
7954 17301 6976581 1 874
7953 17310 6976591 1 857
7952 17318 6976601 1 832
7950 17325 6976611 1 800
7949 17331 6976621 1 760
7947 17335 6976631 1 711
7942 17338 6976641 1 591
7939 17336 6976651 1 524
7935 17333 6976661 1 456
7932 17329 6976671 1 385
7928 17324 6976681 1 315
7924 17318 6976691 1 248
7921 17312 6976701 1 185
7918 17307 6976711 1 129
7913 17297 6976721 1 41
7911 17293 6976731 1 10
7911 17289 6976741 1 7
7911 17286 6976751 1 2
7911 17283 6976761 0 0
7912 17281 6976771 0 0
7914 17280 6976781 0 0
7916 17280 6976791 0 0
7920 17285 6976801 0 0
7922 17289 6976811 0 0
7924 17294 6976821 0 0
7926 17299 6976831 0 0
7929 17303 6976841 0 0
7931 17305 6976851 0 0
7932 17306 6976861 0 0
7934 17304 6976871 0 0
7937 17293 6976881 1 7
7938 17285 6976891 1 24
7939 17277 6976901 1 49
7940 17269 6976911 1 80
7940 17263 6976921 1 118
7939 17260 6976931 1 162
7939 17260 6976941 1 209
7937 17264 6976951 1 260
7936 17282 6976961 1 313
7936 17294 6976971 1 368
7936 17307 6976981 1 423
7938 17319 6976991 1 478
7939 17328 6977001 1 531
7942 17334 6977011 1 582
7944 17336 6977021 1 630
7946 17334 6977031 1 674
7949 17319 6977041 1 712
7950 17309 6977051 1 744
7949 17297 6977061 1 770
7948 17286 6977071 1 787
7945 17278 6977081 1 795
7942 17272 6977091 1 796
7939 17269 6977101 1 797
7935 17269 6977111 1 798
7929 17279 6977121 1 801
7927 17287 6977131 1 804
7926 17295 6977141 1 806
7927 17303 6977151 1 806
7935 17318 6977161 1 806
7941 17322 6977171 1 805
7948 17323 6977181 1 802
7956 17323 6977191 1 798
7975 17318 6977201 1 785
7984 17315 6977211 1 778
7993 17312 6977221 1 769
8001 17310 6977231 1 761
8007 17309 6977241 1 753
8011 17309 6977251 1 744
8013 17311 6977261 1 736
8012 17313 6977271 1 729
8006 17319 6977281 1 718
8001 17321 6977291 1 715
7996 17322 6977301 1 714
7991 17321 6977311 1 715
7986 17318 6977321 1 719
7983 17313 6977331 1 724
7981 17306 6977341 1 733
7981 17297 6977351 1 744
7984 17276 6977361 1 777
7987 17266 6977371 1 799
7990 17256 6977381 1 824
7994 17250 6977391 1 851
7997 17246 6977401 1 879
8000 17245 6977411 1 907
8002 17248 6977421 1 911
8003 17256 6977431 1 909
8001 17279 6977441 1 906
7999 17295 6977451 1 905
7996 17311 6977461 1 904
7992 17327 6977471 1 902
7988 17342 6977481 1 901
7983 17354 6977491 1 900
7979 17364 6977501 1 861
7974 17371 6977511 1 798
7967 17374 6977521 1 631
7965 17372 6977531 1 537
7963 17367 6977541 1 440
7964 17360 6977551 1 346
7965 17352 6977561 1 259
7969 17343 6977571 1 257
7975 17334 6977581 1 260
7982 17326 6977591 1 262
7999 17311 6977601 1 267
8008 17306 6977611 1 269
8016 17301 6977621 1 272
8024 17299 6977631 1 274
8030 17298 6977641 1 418
8035 17297 6977651 1 594
8037 17297 6977661 1 795
8038 17297 6977671 1 873
8035 17296 6977681 1 870
8032 17294 6977691 1 869
8029 17293 6977701 1 868
8026 17291 6977711 1 867
8023 17288 6977721 1 866
8021 17285 6977731 1 864
8021 17281 6977741 1 863
8022 17276 6977751 1 862
8027 17262 6977761 1 859
8031 17252 6977771 1 858
8034 17241 6977781 1 857
8039 17228 6977791 1 856
8042 17215 6977801 1 855
8045 17202 6977811 1 853
8046 17191 6977821 1 852
8046 17184 6977831 1 851
8044 17185 6977841 1 849
8042 17195 6977851 1 847
8039 17212 6977861 1 846
8037 17235 6977871 1 844
8034 17263 6977881 1 843
8031 17294 6977891 1 842
8029 17326 6977901 1 841
8027 17361 6977911 1 840
8022 17428 6977921 1 837
8022 17450 6977931 1 836
