8344 17451 8347109 1 663
8330 17466 8347119 1 663
8315 17481 8347129 1 664
8298 17489 8347139 1 664
8285 17500 8347149 1 665
8271 17509 8347159 1 665
8258 17514 8347169 1 666
8245 17513 8347179 1 667
8224 17500 8347189 1 668
8218 17487 8347199 1 668
8216 17473 8347209 1 669
8218 17457 8347219 1 669
8223 17440 8347229 1 670
8234 17422 8347239 1 671
8248 17404 8347249 1 671
8266 17385 8347259 1 672
8307 17344 8347269 1 673
8329 17322 8347279 1 674
8350 17299 8347289 1 674
8368 17278 8347299 1 675
8384 17260 8347309 1 676
8396 17246 8347319 1 676
8403 17239 8347329 1 677
8406 17240 8347339 1 678
8398 17268 8347349 1 679
8387 17295 8347359 1 680
8373 17327 8347369 1 681
8355 17364 8347379 1 681
8334 17401 8347389 1 682
8311 17437 8347399 1 683
8288 17467 8347409 1 683
8265 17491 8347419 1 684
8223 17514 8347429 1 686
8207 17514 8347439 1 686
8193 17508 8347449 1 687
8184 17498 8347459 1 688
8178 17487 8347469 1 689
8176 17477 8347479 1 689
8177 17470 8347489 1 690
8179 17466 8347499 1 691
8188 17473 8347509 1 693
8192 17482 8347519 1 693
8196 17493 8347529 1 694
8198 17504 8347539 1 695
8198 17514 8347549 1 696
8196 17522 8347559 1 697
8193 17527 8347569 1 697
8189 17527 8347579 1 698
8179 17517 8347589 1 700
8175 17508 8347599 1 701
8171 17497 8347609 1 702
8169 17485 8347619 1 703
8168 17475 8347629 1 703
8170 17465 8347639 1 704
8173 17458 8347649 1 705
8178 17453 8347659 1 706
8195 17452 8347669 1 708
8204 17456 8347679 1 709
8215 17461 8347689 1 710
8226 17469 8347699 1 711
8236 17478 8347709 1 712
8246 17488 8347719 1 713
8253 17498 8347729 1 714
8258 17506 8347739 1 715
8261 17516 8347749 1 716
8257 17516 8347759 1 717
8251 17513 8347769 1 718
8242 17507 8347779 1 719
8232 17498 8347789 1 720
8220 17487 8347799 1 721
8208 17475 8347809 1 722
8197 17462 8347819 1 722
8180 17440 8347829 1 724
8175 17431 8347839 1 725
8174 17425 8347849 1 727
8177 17421 8347859 1 728
8183 17419 8347869 1 729
8192 17419 8347879 1 731
8220 17421 8347889 1 733
8236 17422 8347899 1 734
8269 17424 8347909 1 732
8286 17426 8347919 1 732
8301 17429 8347929 1 732
8314 17433 8347939 1 735
8325 17437 8347949 1 740
8334 17444 8347959 1 748
8340 17450 8347969 1 759
8344 17458 8347979 1 774
8346 17472 8347989 1 805
8345 17478 8347999 1 822
8343 17482 8348009 1 838
8340 17484 8348019 1 854
8337 17484 8348029 1 869
8335 17483 8348039 1 882
8332 17480 8348049 1 892
8329 17477 8348059 1 899
8325 17471 8348069 1 901
8323 17470 8348079 1 895
8323 17469 8348089 1 883
8322 17470 8348099 1 865
8322 17472 8348109 1 838
8323 17475 8348119 1 805
8323 17478 8348129 1 763
8324 17481 8348139 1 713
8324 17487 8348149 1 589
8324 17489 8348159 1 521
8322 17490 8348169 1 451
8320 17491 8348179 1 379
8317 17490 8348189 1 309
8314 17489 8348199 1 240
8310 17487 8348209 1 177
8305 17485 8348219 1 121
8298 17481 8348229 1 35
8294 17480 8348239 1 5
8292 17479 8348249 1 3
8291 17478 8348259 0 0
8291 17479 8348269 0 0
8292 17481 8348279 0 0
8295 17484 8348289 0 0
8299 17488 8348299 0 0
8308 17498 8348309 0 0
8313 17504 8348319 0 0
8317 17510 8348329 0 0
8320 17515 8348339 0 0
8322 17519 8348349 0 0
8323 17522 8348359 0 0
8322 17522 8348369 1 5
8320 17520 8348379 1 22
8312 17510 8348389 1 79
8307 17503 8348399 1 117
8302 17496 8348409 1 161
8298 17490 8348419 1 210
8295 17485 8348429 1 262
8293 17482 8348439 1 316
8293 17481 8348449 1 371
8294 17482 8348459 1 427
8303 17491 8348469 1 538
8309 17496 8348479 1 590
8316 17501 8348489 1 638
8324 17505 8348499 1 683
8331 17507 8348509 1 721
8338 17506 8348519 1 754
8344 17502 8348529 1 779
8349 17496 8348539 1 797
8354 17477 8348549 1 805
8354 17466 8348559 1 805
8352 17455 8348569 1 805
8350 17446 8348579 1 805
8346 17439 8348589 1 805
8343 17435 8348599 1 806
8339 17434 8348609 1 807
8335 17437 8348619 1 809
8331 17452 8348629 1 813
8331 17463 8348639 1 816
8333 17475 8348649 1 818
8336 17487 8348659 1 819
8345 17507 8348669 1 819
8352 17516 8348679 1 818
8360 17521 8348689 1 815
8368 17525 8348699 1 811
8381 17523 8348709 1 798
8387 17518 8348719 1 790
8391 17511 8348729 1 781
8393 17504 8348739 1 772
8393 17496 8348749 1 763
8392 17489 8348759 1 754
8390 17482 8348769 1 745
8387 17477 8348779 1 738
8379 17470 8348789 1 726
8377 17468 8348799 1 723
8375 17467 8348809 1 722
8374 17466 8348819 1 723
8376 17466 8348829 1 727
8378 17465 8348839 1 733
8382 17464 8348849 1 743
8387 17463 8348859 1 756
8399 17462 8348869 1 794
8405 17462 8348879 1 819
8410 17463 8348889 1 848
8415 17466 8348899 1 880
8417 17470 8348909 1 913
8419 17475 8348919 1 946
8420 17482 8348929 1 951
8419 17489 8348939 1 949
8414 17504 8348949 1 947
8411 17510 8348959 1 946
8408 17514 8348969 1 945
8404 17518 8348979 1 945
8400 17519 8348989 1 944
8397 17518 8348999 1 943
8394 17516 8349009 1 898
8392 17512 8349019 1 823
8388 17503 8349029 1 626
8388 17499 8349039 1 513
8387 17495 8349049 1 397
8388 17491 8349059 1 285
8389 17489 8349069 1 179
8390 17488 8349079 1 176
8392 17488 8349089 1 178
8394 17490 8349099 1 180
8400 17494 8349109 1 184
8403 17497 8349119 1 185
8407 17499 8349129 1 187
8411 17501 8349139 1 189
8415 17502 8349149 1 364
8418 17502 8349159 1 579
8421 17500 8349169 1 826
8424 17497 8349179 1 923
8428 17487 8349189 1 921
8428 17481 8349199 1 920
8428 17475 8349209 1 919
8427 17469 8349219 1 918
8425 17465 8349229 1 917
8424 17461 8349239 1 916
8423 17459 8349249 1 915
8422 17458 8349259 1 914
8422 17457 8349269 1 912
8423 17456 8349279 1 911
8425 17454 8349289 1 910
8428 17450 8349299 1 909
8432 17445 8349309 1 908
8436 17440 8349319 1 907
8440 17434 8349329 1 906
8443 17429 8349339 1 905
8447 17427 8349349 1 903
8448 17431 8349359 1 902
8446 17440 8349369 1 901
8444 17453 8349379 1 899
8440 17470 8349389 1 898
8435 17490 8349399 1 897
8429 17512 8349409 1 896
8422 17538 8349419 1 896
8407 17588 8349429 1 894
8402 17605 8349439 1 893
