7662 17334 8982521 1 696
7640 17324 8982531 1 610
7628 17323 8982541 1 535
7622 17330 8982551 1 472
7616 17342 8982561 1 420
7610 17348 8982571 1 380
7611 17356 8982581 1 351
7620 17363 8982591 1 332
7637 17369 8982601 1 324
7661 17375 8982611 1 324
7673 17379 8982621 1 326
7685 17382 8982631 1 333
7705 17389 8982641 1 348
7721 17397 8982651 1 372
7733 17406 8982661 1 400
7743 17414 8982671 1 433
7751 17422 8982681 1 469
7755 17428 8982691 1 508
7754 17432 8982701 1 546
7747 17432 8982711 1 584
7742 17432 8982721 1 602
7736 17429 8982731 1 618
7724 17423 8982741 1 648
7716 17415 8982751 1 670
7711 17406 8982761 1 685
7709 17397 8982771 1 689
7706 17391 8982781 1 679
7699 17387 8982791 1 654
7692 17387 8982801 1 611
7687 17390 8982811 1 549
7685 17392 8982821 1 513
7687 17395 8982831 1 471
7695 17401 8982841 1 386
7707 17407 8982851 1 298
7720 17412 8982861 1 215
7735 17418 8982871 1 87
7737 17419 8982881 1 81
7738 17419 8982891 1 76
7738 17416 8982901 1 70
7737 17412 8982911 1 63
7737 17410 8982921 1 61
7735 17407 8982931 1 58
7731 17401 8982941 1 52
7726 17396 8982951 1 46
7723 17392 8982961 1 40
7720 17390 8982971 1 34
7718 17388 8982981 1 27
7715 17387 8982991 1 22
7712 17387 8983001 1 15
7707 17388 8983011 1 7
7704 17388 8983021 1 4
7699 17389 8983031 0 0
7689 17390 8983041 0 0
7677 17391 8983051 0 0
7663 17393 8983061 0 0
7648 17392 8983071 0 0
7633 17390 8983081 0 0
7618 17386 8983091 0 0
7605 17382 8983101 0 0
7595 17376 8983111 0 0
7591 17373 8983121 0 0
7589 17369 8983131 0 0
7586 17361 8983141 0 0
7586 17352 8983151 1 6
7589 17343 8983161 1 19
7594 17335 8983171 1 40
7601 17328 8983181 1 66
7609 17322 8983191 1 97
7618 17318 8983201 1 134
7637 17316 8983211 1 174
7644 17315 8983221 1 217
7647 17316 8983231 1 263
7657 17318 8983241 1 311
7667 17321 8983251 1 360
7677 17325 8983261 1 409
7688 17331 8983271 1 458
7698 17338 8983281 1 507
7709 17347 8983291 1 553
7721 17356 8983301 1 598
7733 17366 8983311 1 640
7739 17371 8983321 1 678
7745 17377 8983331 1 712
7756 17387 8983341 1 740
7767 17398 8983351 1 763
7777 17408 8983361 1 780
7786 17418 8983371 1 789
7793 17427 8983381 1 789
7798 17435 8983391 1 782
7801 17443 8983401 1 776
7802 17450 8983411 1 770
7799 17456 8983421 1 762
7794 17460 8983431 1 754
7785 17464 8983441 1 743
7774 17466 8983451 1 730
7759 17466 8983461 1 712
7741 17464 8983471 1 691
7720 17460 8983481 1 665
7701 17457 8983491 1 635
7678 17452 8983501 1 599
7650 17443 8983511 1 557
7617 17432 8983521 1 510
