7728 17458 7796662 1 597
7721 17467 7796672 1 501
7714 17481 7796682 1 424
7707 17489 7796692 1 366
7708 17498 7796702 1 325
7718 17506 7796712 1 299
7738 17514 7796722 1 288
7765 17522 7796732 1 290
7792 17529 7796742 1 303
7816 17538 7796752 1 326
7835 17547 7796762 1 358
7850 17557 7796772 1 397
7862 17567 7796782 1 440
7873 17577 7796792 1 487
7879 17585 7796802 1 536
7879 17591 7796812 1 584
7871 17592 7796822 1 629
7857 17590 7796832 1 670
7843 17583 7796842 1 704
7832 17573 7796852 1 729
7825 17562 7796862 1 744
7820 17552 7796872 1 746
7815 17543 7796882 1 732
7806 17539 7796892 1 699
7796 17538 7796902 1 646
7789 17542 7796912 1 571
7790 17547 7796922 1 481
7800 17555 7796932 1 382
7816 17562 7796942 1 282
7833 17567 7796952 1 190
7853 17573 7796962 1 49
7859 17574 7796972 1 45
7863 17572 7796982 1 42
7865 17568 7796992 1 39
7866 17563 7797002 1 35
7864 17557 7797012 1 32
7857 17550 7797022 1 28
7849 17545 7797032 1 24
7841 17543 7797042 1 22
7833 17543 7797052 1 18
7824 17543 7797062 1 14
7816 17543 7797072 1 11
7809 17545 7797082 1 7
7801 17547 7797092 1 1
7792 17549 7797102 0 0
7772 17552 7797112 0 0
7761 17552 7797122 1 1
7750 17549 7797132 1 2
7738 17544 7797142 1 3
7726 17536 7797152 1 4
7714 17527 7797162 1 5
7704 17516 7797172 1 6
7696 17504 7797182 1 7
7691 17492 7797192 1 8
7688 17479 7797202 1 8
7688 17467 7797212 1 18
7690 17457 7797222 1 39
7694 17450 7797232 1 68
7701 17446 7797242 1 106
7709 17443 7797252 1 150
7730 17444 7797262 1 201
7743 17447 7797272 1 256
7756 17451 7797282 1 315
7770 17456 7797292 1 377
7784 17462 7797302 1 439
7797 17469 7797312 1 501
7810 17477 7797322 1 563
7823 17486 7797332 1 622
7836 17496 7797342 1 679
7847 17507 7797352 1 731
7857 17518 7797362 1 779
7867 17531 7797372 1 819
7875 17543 7797382 1 852
7882 17556 7797392 1 877
7887 17569 7797402 1 893
7892 17581 7797412 1 898
7895 17593 7797422 1 894
7897 17603 7797432 1 890
7898 17612 7797442 1 888
7898 17619 7797452 1 883
7896 17624 7797462 1 876
7891 17628 7797472 1 867
7883 17629 7797482 1 853
7870 17628 7797492 1 833
7852 17625 7797502 1 809
7828 17620 7797512 1 776
7804 17617 7797522 1 736
7774 17611 7797532 1 687
7738 17602 7797542 1 629
7696 17590 7797552 1 560
