8464 17996 7296865 1 661
8328 17868 7296875 1 657
8257 17800 7296885 1 658
8229 17770 7296895 1 661
8222 17758 7296905 1 662
8216 17745 7296915 1 663
8211 17733 7296925 1 664
8203 17720 7296935 1 666
8200 17711 7296945 1 667
8197 17702 7296955 1 668
8194 17695 7296965 1 669
8192 17689 7296975 1 671
8191 17684 7296985 1 672
8191 17682 7296995 1 673
8192 17681 7297005 1 674
8194 17682 7297015 1 676
8197 17684 7297025 1 677
8199 17686 7297035 1 678
8202 17689 7297045 1 679
8205 17691 7297055 1 680
8208 17693 7297065 1 682
8209 17695 7297075 1 683
8211 17696 7297085 1 684
8213 17698 7297095 1 685
8214 17699 7297105 1 686
8215 17701 7297115 1 687
8215 17702 7297125 1 688
8216 17704 7297135 1 689
8216 17708 7297145 1 690
8217 17712 7297155 1 691
8216 17718 7297165 1 692
8215 17724 7297175 1 693
8212 17731 7297185 1 694
8209 17737 7297195 1 694
8204 17742 7297205 1 695
8197 17746 7297215 1 697
8190 17748 7297225 1 698
8181 17747 7297235 1 699
8172 17744 7297245 1 700
8163 17739 7297255 1 701
8154 17730 7297265 1 702
8146 17720 7297275 1 703
8140 17709 7297285 1 704
8135 17696 7297295 1 706
8133 17683 7297305 1 707
8132 17670 7297315 1 708
8134 17658 7297325 1 709
8137 17648 7297335 1 710
8143 17640 7297345 1 711
8150 17633 7297355 1 712
8158 17629 7297365 1 713
8167 17627 7297375 1 714
8173 17627 7297385 1 715
8177 17627 7297395 1 715
8183 17627 7297405 1 716
8189 17628 7297415 1 716
8199 17630 7297425 1 717
8208 17634 7297435 1 718
8217 17639 7297445 1 719
8226 17644 7297455 1 720
8234 17649 7297465 1 721
8241 17653 7297475 1 722
8248 17658 7297485 1 723
8254 17661 7297495 1 724
8259 17664 7297505 1 725
8264 17665 7297515 1 726
8269 17665 7297525 1 727
8273 17665 7297535 1 728
8276 17663 7297545 1 729
8278 17661 7297555 1 730
8281 17658 7297565 1 730
8282 17654 7297575 1 731
8284 17651 7297585 1 732
8286 17648 7297595 1 733
8287 17645 7297605 1 735
8288 17643 7297615 1 736
8289 17643 7297625 1 737
8289 17644 7297635 1 739
8289 17645 7297645 1 740
8289 17646 7297655 1 740
8288 17650 7297665 1 743
8287 17655 7297675 1 743
8285 17660 7297685 1 744
8282 17667 7297695 1 745
8280 17673 7297705 1 746
8278 17678 7297715 1 747
8275 17683 7297725 1 748
8274 17686 7297735 1 748
8273 17688 7297745 1 748
8273 17689 7297755 1 747
8273 17687 7297765 1 746
8274 17685 7297775 1 745
8276 17680 7297785 1 744
8278 17676 7297795 1 743
8281 17671 7297805 1 744
8285 17666 7297815 1 744
8288 17662 7297825 1 746
8292 17658 7297835 1 749
8295 17657 7297845 1 752
8298 17656 7297855 1 757
8301 17657 7297865 1 764
8304 17659 7297875 1 773
8306 17662 7297885 1 781
8307 17666 7297895 1 791
8308 17669 7297905 1 796
8308 17671 7297915 1 802
8307 17675 7297925 1 813
8307 17678 7297935 1 818
8307 17680 7297945 1 823
8305 17684 7297955 1 834
8303 17686 7297965 1 843
8299 17688 7297975 1 853
8296 17689 7297985 1 862
8292 17690 7297995 1 870
8287 17690 7298005 1 875
8282 17689 7298015 1 880
8278 17689 7298025 1 881
8273 17688 7298035 1 882
8270 17688 7298045 1 879
8267 17688 7298055 1 874
8265 17688 7298065 1 866
8263 17689 7298075 1 856
8262 17689 7298085 1 841
8262 17690 7298095 1 824
8262 17690 7298105 1 803
8262 17690 7298115 1 777
8262 17689 7298125 1 747
8262 17688 7298135 1 714
8262 17687 7298145 1 677
8262 17685 7298155 1 638
8262 17684 7298165 1 617
8262 17683 7298175 1 596
8262 17681 7298185 1 552
8262 17678 7298195 1 508
8262 17676 7298205 1 462
8262 17673 7298215 1 416
8262 17671 7298225 1 370
8262 17668 7298235 1 324
8262 17666 7298245 1 279
8263 17663 7298255 1 235
8264 17661 7298265 1 194
8265 17658 7298275 1 154
8267 17656 7298285 1 116
8270 17653 7298295 1 83
8272 17650 7298305 1 53
8275 17648 7298315 1 26
8278 17646 7298325 1 5
8280 17644 7298335 0 0
8282 17642 7298345 0 0
8283 17641 7298355 0 0
8284 17640 7298365 0 0
8284 17640 7298375 0 0
8283 17641 7298385 0 0
8282 17642 7298395 0 0
8280 17643 7298405 0 0
8279 17645 7298415 0 0
8278 17646 7298425 0 0
8278 17647 7298435 0 0
8277 17649 7298445 0 0
8276 17652 7298455 0 0
8276 17654 7298465 0 0
8276 17656 7298475 0 0
8276 17659 7298485 0 0
8275 17662 7298495 0 0
8275 17665 7298505 0 0
8274 17668 7298515 0 0
8273 17671 7298525 0 0
8272 17673 7298535 0 0
8270 17676 7298545 0 0
8268 17678 7298555 0 0
8266 17680 7298565 0 0
8264 17681 7298575 0 0
8262 17681 7298585 1 7
8260 17681 7298595 1 29
8258 17680 7298605 1 57
8256 17679 7298615 1 92
8255 17676 7298625 1 132
8255 17674 7298635 1 176
8254 17670 7298645 1 225
8255 17667 7298655 1 276
8256 17663 7298665 1 331
8258 17660 7298675 1 387
8259 17658 7298685 1 415
8260 17657 7298695 1 444
8263 17654 7298705 1 502
8265 17651 7298715 1 559
8268 17649 7298725 1 615
8270 17647 7298735 1 669
8271 17645 7298745 1 720
8272 17644 7298755 1 767
8273 17643 7298765 1 810
8273 17643 7298775 1 848
8273 17642 7298785 1 880
8273 17642 7298795 1 907
8274 17642 7298805 1 938
8274 17643 7298815 1 970
8275 17644 7298825 1 1003
8276 17645 7298835 1 1024
8277 17648 7298845 1 1024
8278 17651 7298855 1 1024
8279 17655 7298865 1 1024
8281 17659 7298875 1 1024
8282 17664 7298885 1 1024
8284 17669 7298895 1 1024
8286 17674 7298905 1 1024
8289 17679 7298915 1 1024
8292 17683 7298925 1 1024
8295 17687 7298935 1 1024
8297 17688 7298945 1 1024
8299 17689 7298955 1 1024
8303 17691 7298965 1 1024
8307 17691 7298975 1 956
8311 17691 7298985 1 870
8314 17690 7298995 1 824
8316 17689 7299005 1 768
8318 17688 7299015 1 654
8320 17686 7299025 1 533
8320 17684 7299035 1 410
8319 17683 7299045 1 290
8317 17681 7299055 1 179
8315 17681 7299065 1 82
8311 17680 7299075 1 4
8308 17680 7299085 0 0
8304 17681 7299095 0 0
8301 17682 7299105 0 0
8299 17683 7299115 0 0
8297 17684 7299125 0 0
8297 17686 7299135 0 0
8297 17688 7299145 0 0
8299 17690 7299155 0 0
8302 17692 7299165 0 0
8305 17693 7299175 0 0
8308 17694 7299185 0 0
8311 17695 7299195 0 0
8313 17695 7299205 0 0
8314 17695 7299215 0 0
8316 17695 7299225 0 0
8317 17694 7299235 0 0
8318 17693 7299245 0 0
8317 17692 7299255 1 8
8317 17691 7299265 1 51
8315 17690 7299275 1 102
8314 17689 7299285 1 157
8313 17687 7299295 1 217
8312 17686 7299305 1 279
8310 17685 7299315 1 344
8309 17684 7299325 1 411
8308 17684 7299335 1 478
8307 17684 7299345 1 544
8306 17684 7299355 1 606
8305 17684 7299365 1 667
8305 17685 7299375 1 723
8305 17686 7299385 1 773
8306 17688 7299395 1 817
8307 17690 7299405 1 853
8309 17692 7299415 1 881
8311 17694 7299425 1 899
8313 17696 7299435 1 908
8315 17698 7299445 1 918
8317 17698 7299455 1 928
8318 17699 7299465 1 933
8318 17699 7299475 1 937
8319 17699 7299485 1 946
8319 17698 7299495 1 954
8319 17696 7299505 1 959
8318 17694 7299515 1 965
8316 17691 7299525 1 968
8314 17689 7299535 1 970
8312 17686 7299545 1 973
8310 17682 7299555 1 975
8309 17677 7299565 1 976
8307 17673 7299575 1 977
8304 17669 7299585 1 978
8302 17665 7299595 1 977
8300 17661 7299605 1 977
8298 17659 7299615 1 976
8296 17656 7299625 1 975
8294 17655 7299635 1 975
8293 17655 7299645 1 974
8293 17655 7299655 1 975
8295 17656 7299665 1 974
8297 17659 7299675 1 975
8300 17662 7299685 1 977
8304 17665 7299695 1 977
8310 17669 7299705 1 979
8316 17672 7299715 1 981
8319 17674 7299725 1 982
8323 17676 7299735 1 983
8330 17679 7299745 1 985
8337 17682 7299755 1 987
8343 17683 7299765 1 990
8349 17685 7299775 1 992
8354 17685 7299785 1 995
8358 17684 7299795 1 997
8361 17682 7299805 1 1000
8363 17673 7299815 1 1002
8365 17667 7299825 1 1005
8365 17660 7299835 1 1007
8365 17652 7299845 1 1010
8361 17643 7299855 1 1012
8352 17635 7299865 1 1014
8339 17625 7299875 1 1016
8322 17618 7299885 1 1018
8303 17612 7299895 1 1019
8281 17608 7299905 1 1019
8257 17606 7299915 1 1020
8232 17606 7299925 1 1021
8205 17608 7299935 1 1020
8183 17612 7299945 1 1020
8164 17618 7299955 1 1019
8148 17626 7299965 1 1017
8136 17637 7299975 1 1015
8127 17649 7299985 1 1012
8121 17663 7299995 1 1008
8119 17680 7300005 1 1005
8120 17698 7300015 1 1000
8124 17718 7300025 1 994
8131 17739 7300035 1 988
8142 17760 7300045 1 981
8156 17783 7300055 1 974
8175 17809 7300065 1 965
8198 17838 7300075 1 955
