7606 18395 4926918 1 654
7606 18395 4926928 1 672
7606 18395 4926938 1 682
7606 18395 4926948 1 688
7607 18395 4926958 1 693
7607 18395 4926968 1 698
7607 18396 4926978 1 700
7609 18398 4926988 1 702
7611 18400 4926998 1 704
7615 18403 4927008 1 705
7620 18407 4927018 1 708
7623 18409 4927028 1 711
7622 18408 4927038 1 712
7619 18406 4927048 1 713
7617 18403 4927058 1 715
7615 18402 4927068 1 716
7614 18402 4927078 1 717
7614 18403 4927088 1 718
7615 18404 4927098 1 718
7617 18407 4927108 1 718
7618 18409 4927118 1 719
7619 18410 4927128 1 719
7617 18410 4927138 1 719
7615 18409 4927148 1 719
7614 18408 4927158 1 719
7613 18408 4927168 1 719
7610 18407 4927178 1 718
7609 18407 4927188 1 718
7608 18406 4927198 1 717
7607 18406 4927208 1 716
7606 18406 4927218 1 716
7606 18406 4927228 1 715
7605 18405 4927238 1 715
7604 18405 4927248 1 714
7603 18404 4927258 1 714
7603 18403 4927268 1 713
7604 18402 4927278 1 713
7605 18402 4927288 1 713
7606 18402 4927298 1 712
7608 18402 4927308 1 712
7609 18402 4927318 1 712
7610 18402 4927328 1 711
7612 18402 4927338 1 711
7615 18402 4927348 1 711
7617 18402 4927358 1 711
7619 18403 4927368 1 712
7622 18403 4927378 1 712
7625 18404 4927388 1 713
7627 18404 4927398 1 713
7629 18404 4927408 1 714
7633 18405 4927418 1 715
7636 18407 4927428 1 718
7640 18408 4927438 1 719
7644 18409 4927448 1 720
7648 18411 4927458 1 723
7651 18413 4927468 1 727
7653 18414 4927478 1 729
7654 18415 4927488 1 731
7657 18417 4927498 1 733
7659 18419 4927508 1 735
7661 18422 4927518 1 739
7663 18424 4927528 1 745
7663 18427 4927538 1 750
7664 18429 4927548 1 752
7664 18431 4927558 1 753
7663 18432 4927568 1 755
7663 18435 4927578 1 760
7662 18438 4927588 1 766
7660 18441 4927598 1 771
7659 18443 4927608 1 773
7657 18446 4927618 1 776
7654 18448 4927628 1 781
7653 18449 4927638 1 784
7652 18450 4927648 1 786
7650 18452 4927658 1 790
7648 18453 4927668 1 792
7646 18454 4927678 1 794
7644 18455 4927688 1 797
7642 18455 4927698 1 800
7640 18455 4927708 1 803
7639 18455 4927718 1 804
7639 18454 4927728 1 804
7637 18454 4927738 1 804
7636 18453 4927748 1 805
7634 18451 4927758 1 805
7633 18450 4927768 1 804
7632 18448 4927778 1 803
7631 18446 4927788 1 801
7631 18445 4927798 1 800
7630 18444 4927808 1 798
7630 18441 4927818 1 794
7630 18438 4927828 1 789
7630 18435 4927838 1 786
7632 18432 4927848 1 782
7633 18429 4927858 1 774
7635 18425 4927868 1 764
7636 18424 4927878 1 758
7638 18422 4927888 1 753
7641 18418 4927898 1 747
7644 18415 4927908 1 740
7647 18412 4927918 1 726
7650 18409 4927928 1 709
7654 18405 4927938 1 692
7657 18403 4927948 1 683
7658 18401 4927958 1 681
7660 18400 4927968 1 673
7663 18397 4927978 1 653
7665 18395 4927988 1 632
7667 18393 4927998 1 610
7669 18391 4928008 1 599
7671 18390 4928018 1 587
7673 18389 4928028 1 564
7673 18388 4928038 1 553
7674 18388 4928048 1 540
7675 18387 4928058 1 517
7676 18386 4928068 1 504
7677 18386 4928078 1 492
7678 18386 4928088 1 468
7679 18386 4928098 1 444
7679 18386 4928108 1 420
7680 18386 4928118 1 411
7680 18387 4928128 1 408
7680 18387 4928138 1 396
7680 18388 4928148 1 373
7679 18389 4928158 1 351
7680 18390 4928168 1 330
7680 18391 4928178 1 320
7681 18393 4928188 1 310
7681 18393 4928198 1 302
7682 18394 4928208 1 291
7684 18395 4928218 1 273
7686 18397 4928228 1 257
7688 18398 4928238 1 249
7690 18399 4928248 1 242
7693 18400 4928258 1 230
7695 18401 4928268 1 221
7696 18401 4928278 1 219
7697 18401 4928288 1 220
7699 18402 4928298 1 220
7701 18402 4928308 1 218
7702 18402 4928318 1 218
7703 18402 4928328 1 216
7704 18402 4928338 1 216
7705 18401 4928348 1 215
7705 18401 4928358 1 215
7705 18401 4928368 1 214
7706 18400 4928378 1 213
7706 18399 4928388 1 224
7706 18398 4928398 1 239
7706 18397 4928408 1 246
7706 18396 4928418 1 255
7705 18395 4928428 1 275
7705 18394 4928438 1 285
7705 18393 4928448 1 297
7704 18392 4928458 1 321
7703 18391 4928468 1 333
7702 18390 4928478 1 347
7700 18389 4928488 1 374
7699 18388 4928498 1 403
7697 18387 4928508 1 433
7696 18387 4928518 1 444
7695 18386 4928528 1 448
7692 18386 4928538 1 463
7690 18385 4928548 1 494
7688 18385 4928558 1 525
7687 18385 4928568 1 557
7685 18384 4928578 1 573
7683 18384 4928588 1 588
7682 18384 4928598 1 601
7681 18384 4928608 1 619
7680 18384 4928618 1 649
7678 18384 4928628 1 678
7676 18384 4928638 1 692
7675 18384 4928648 1 705
7674 18384 4928658 1 731
7673 18384 4928668 1 755
7673 18384 4928678 1 768
7673 18384 4928688 1 777
7672 18385 4928698 1 787
7672 18385 4928708 1 796
7672 18385 4928718 1 813
7672 18385 4928728 1 828
7672 18385 4928738 1 840
7673 18385 4928748 1 846
7673 18385 4928758 1 847
7674 18385 4928768 1 851
7675 18386 4928778 1 859
7676 18386 4928788 1 866
7677 18386 4928798 1 871
7678 18386 4928808 1 873
7680 18387 4928818 1 875
7681 18387 4928828 1 877
7682 18387 4928838 1 878
7682 18387 4928848 1 877
7683 18387 4928858 1 877
7684 18388 4928868 1 877
7685 18388 4928878 1 876
7685 18388 4928888 1 873
7685 18388 4928898 1 869
7685 18389 4928908 1 865
7684 18389 4928918 1 864
7684 18389 4928928 1 863
7684 18390 4928938 1 861
7683 18390 4928948 1 855
7682 18390 4928958 1 849
7681 18390 4928968 1 843
7680 18391 4928978 1 840
7679 18391 4928988 1 837
7679 18391 4928998 1 835
7678 18391 4929008 1 831
7677 18391 4929018 1 825
7676 18392 4929028 1 819
7675 18392 4929038 1 817
7674 18393 4929048 1 814
7673 18393 4929058 1 809
7673 18394 4929068 1 805
7672 18394 4929078 1 803
7672 18394 4929088 1 801
7672 18395 4929098 1 800
7671 18396 4929108 1 799
7670 18396 4929118 1 797
7670 18397 4929128 1 796
7669 18398 4929138 1 796
7668 18398 4929148 1 796
7668 18399 4929158 1 796
7668 18399 4929168 1 797
7667 18399 4929178 1 799
7666 18400 4929188 1 800
7666 18400 4929198 1 801
7665 18401 4929208 1 802
7664 18401 4929218 1 803
7663 18402 4929228 1 805
7663 18402 4929238 1 806
7662 18402 4929248 1 807
7661 18403 4929258 1 808
7660 18403 4929268 1 808
7659 18403 4929278 1 809
7658 18403 4929288 1 810
7657 18403 4929298 1 810
7657 18404 4929308 1 811
7656 18404 4929318 1 812
7656 18404 4929328 1 812
7655 18404 4929338 1 812
7655 18404 4929348 1 813
7655 18404 4929358 1 814
7656 18404 4929368 1 815
7657 18404 4929378 1 815
7658 18404 4929388 1 816
7659 18404 4929398 1 816
7660 18404 4929408 1 817
7661 18404 4929418 1 818
7663 18404 4929428 1 819
7665 18404 4929438 1 819
7667 18404 4929448 1 820
7669 18403 4929458 1 821
7671 18403 4929468 1 821
7673 18403 4929478 1 822
7674 18403 4929488 1 822
7676 18404 4929498 1 823
7678 18404 4929508 1 823
7680 18404 4929518 1 823
7681 18404 4929528 1 824
7683 18404 4929538 1 825
7684 18404 4929548 1 825
7684 18404 4929558 1 825
7685 18405 4929568 1 825
7685 18405 4929578 1 826
7685 18405 4929588 1 826
7684 18405 4929598 1 827
7683 18406 4929608 1 828
7682 18406 4929618 1 827
7681 18406 4929628 1 827
7680 18406 4929638 1 828
7680 18406 4929648 1 828
7678 18406 4929658 1 828
7677 18406 4929668 1 828
7676 18407 4929678 1 828
7675 18407 4929688 1 828
7674 18407 4929698 1 828
7673 18407 4929708 1 829
7673 18407 4929718 1 830
7673 18407 4929728 1 830
7673 18407 4929738 1 829
7673 18407 4929748 1 830
7673 18407 4929758 1 830
7673 18407 4929768 1 830
7673 18407 4929778 1 830
7674 18407 4929788 1 831
7674 18407 4929798 1 831
7674 18406 4929808 1 831
7675 18406 4929818 1 831
7675 18406 4929828 1 831
7676 18406 4929838 1 831
7677 18405 4929848 1 831
7678 18405 4929858 1 832
7679 18405 4929868 1 832
7679 18404 4929878 1 832
7680 18404 4929888 1 832
7681 18404 4929898 1 832
7682 18403 4929908 1 832
7683 18403 4929918 1 833
7684 18403 4929928 1 833
7686 18403 4929938 1 834
7687 18402 4929948 1 834
7687 18402 4929958 1 834
7687 18402 4929968 1 834
7688 18402 4929978 1 835
7689 18402 4929988 1 835
7689 18402 4929998 1 836
7690 18402 4930008 1 836
7690 18402 4930018 1 837
7690 18402 4930028 1 838
7691 18402 4930038 1 838
7691 18402 4930048 1 838
7691 18402 4930058 1 839
7691 18402 4930068 1 839
7692 18402 4930078 1 840
7692 18402 4930088 1 842
7692 18403 4930098 1 843
7692 18403 4930108 1 844
7692 18403 4930118 1 844
7692 18404 4930128 1 845
7692 18404 4930138 1 846
7692 18405 4930148 1 847
7692 18406 4930158 1 849
7692 18407 4930168 1 850
7692 18408 4930178 1 851
7692 18409 4930188 1 852
7692 18409 4930198 1 853
7692 18409 4930208 1 854
7693 18410 4930218 1 856
7693 18411 4930228 1 858
7693 18412 4930238 1 859
7693 18413 4930248 1 861
7693 18413 4930258 1 863
7693 18414 4930268 1 866
7693 18415 4930278 1 867
7693 18415 4930288 1 868
7693 18416 4930298 1 869
7693 18416 4930308 1 871
7692 18417 4930318 1 874
7692 18418 4930328 1 877
7691 18419 4930338 1 880
7691 18419 4930348 1 882
7690 18420 4930358 1 882
7690 18420 4930368 1 883
7690 18421 4930378 1 887
7690 18421 4930388 1 891
7690 18422 4930398 1 895
7691 18422 4930408 1 897
7691 18422 4930418 1 898
7692 18423 4930428 1 902
7692 18423 4930438 1 904
7692 18423 4930448 1 906
7693 18423 4930458 1 910
7693 18423 4930468 1 912
7693 18423 4930478 1 913
7694 18422 4930488 1 917
7695 18422 4930498 1 920
7695 18421 4930508 1 923
7696 18421 4930518 1 924
7696 18420 4930528 1 925
7697 18419 4930538 1 926
7698 18419 4930548 1 929
7699 18418 4930558 1 933
7700 18417 4930568 1 935
7702 18416 4930578 1 935
7703 18415 4930588 1 936
7703 18415 4930598 1 937
7704 18414 4930608 1 938
7705 18414 4930618 1 939
7706 18413 4930628 1 939
7708 18412 4930638 1 939
7709 18412 4930648 1 939
7710 18411 4930658 1 940
7711 18411 4930668 1 939
7712 18410 4930678 1 938
7712 18410 4930688 1 937
7713 18410 4930698 1 936
7713 18409 4930708 1 935
7714 18409 4930718 1 932
7714 18409 4930728 1 928
7714 18408 4930738 1 925
7714 18408 4930748 1 923
7714 18408 4930758 1 922
7714 18408 4930768 1 920
7714 18408 4930778 1 914
7714 18407 4930788 1 907
7714 18407 4930798 1 900
7714 18407 4930808 1 897
7714 18407 4930818 1 893
7714 18407 4930828 1 884
7714 18407 4930838 1 879
7714 18407 4930848 1 875
7714 18407 4930858 1 866
7714 18407 4930868 1 861
7715 18407 4930878 1 856
7715 18407 4930888 1 847
7716 18407 4930898 1 837
7716 18408 4930908 1 827
7717 18408 4930918 1 824
7717 18408 4930928 1 823
7718 18408 4930938 1 817
7718 18408 4930948 1 807
7719 18408 4930958 1 798
7720 18408 4930968 1 789
7720 18408 4930978 1 785
7720 18408 4930988 1 781
7720 18408 4930998 1 777
7720 18408 4931008 1 773
7719 18408 4931018 1 766
7718 18408 4931028 1 759
7718 18408 4931038 1 755
7717 18408 4931048 1 753
7715 18408 4931058 1 749
7714 18409 4931068 1 745
7713 18409 4931078 1 743
7713 18409 4931088 1 742
7711 18409 4931098 1 741
7710 18409 4931108 1 741
7708 18409 4931118 1 740
7707 18409 4931128 1 742
7705 18409 4931138 1 744
7704 18409 4931148 1 746
7703 18408 4931158 1 747
7703 18408 4931168 1 749
7701 18408 4931178 1 755
7700 18408 4931188 1 762
7698 18407 4931198 1 772
7697 18407 4931208 1 777
7695 18406 4931218 1 783
7694 18406 4931228 1 796
7693 18405 4931238 1 803
7693 18405 4931248 1 811
7692 18404 4931258 1 828
7691 18404 4931268 1 837
7690 18403 4931278 1 848
7689 18402 4931288 1 870
7689 18402 4931298 1 894
7689 18402 4931308 1 921
7689 18401 4931318 1 931
7689 18401 4931328 1 934
7690 18401 4931338 1 949
7691 18401 4931348 1 981
7693 18400 4931358 1 1013
7694 18400 4931368 1 1013
7696 18400 4931378 1 1011
7697 18400 4931388 1 1013
7698 18400 4931398 1 1013
7699 18399 4931408 1 1012
7700 18399 4931418 1 1012
7701 18399 4931428 1 1012
7702 18399 4931438 1 1012
7703 18398 4931448 1 1012
7703 18398 4931458 1 1010
7703 18398 4931468 1 1010
7704 18398 4931478 1 1010
7704 18398 4931488 1 1010
7704 18398 4931498 1 1010
7703 18398 4931508 1 1010
7703 18397 4931518 1 1009
7703 18397 4931528 1 1009
7703 18397 4931538 1 1009
7702 18397 4931548 1 1009
7702 18397 4931558 1 1009
7701 18397 4931568 1 1009
7701 18397 4931578 1 1007
7700 18397 4931588 1 1007
7698 18397 4931598 1 1007
7697 18397 4931608 1 1007
7696 18397 4931618 1 1007
7694 18397 4931628 1 1007
7693 18397 4931638 1 1006
7693 18398 4931648 1 1006
7691 18398 4931658 1 1006
7690 18398 4931668 1 1006
7688 18398 4931678 1 1006
7687 18398 4931688 1 1005
7686 18397 4931698 1 1004
7685 18397 4931708 1 1004
7685 18397 4931718 1 1004
7684 18397 4931728 1 1004
7683 18397 4931738 1 1004
7683 18397 4931748 1 1004
7682 18396 4931758 1 1003
7681 18396 4931768 1 1003
7680 18396 4931778 1 1003
7679 18396 4931788 1 1003
7679 18396 4931798 1 1004
7679 18396 4931808 1 1002
7678 18396 4931818 1 972
7678 18396 4931828 1 869
7679 18396 4931838 1 813
7679 18396 4931848 1 760
7680 18396 4931858 1 645
7681 18396 4931868 1 529
7682 18396 4931878 1 462
7682 18396 4931888 1 414
7684 18396 4931898 1 356
7685 18396 4931908 1 302
7687 18396 4931918 1 196
7688 18396 4931928 1 98
7689 18396 4931938 1 81
7691 18396 4931948 1 83
7691 18396 4931958 1 83
7692 18396 4931968 1 84
7694 18396 4931978 1 84
7695 18396 4931988 1 85
7697 18396 4931998 1 86
7698 18396 4932008 1 87
7699 18397 4932018 1 88
7701 18397 4932028 1 89
7702 18397 4932038 1 88
7702 18397 4932048 1 90
7704 18398 4932058 1 91
7705 18398 4932068 1 80
7706 18398 4932078 1 126
7707 18398 4932088 1 282
7708 18399 4932098 1 476
7709 18399 4932108 1 709
7709 18399 4932118 1 825
7709 18399 4932128 1 892
7710 18400 4932138 1 984
7710 18400 4932148 1 993
7710 18400 4932158 1 993
7710 18400 4932168 1 993
7710 18401 4932178 1 993
7709 18401 4932188 1 993
7709 18401 4932198 1 992
7708 18401 4932208 1 992
7707 18401 4932218 1 992
7707 18402 4932228 1 992
7706 18402 4932238 1 992
7705 18402 4932248 1 992
7705 18402 4932258 1 990
7705 18403 4932268 1 990
7704 18403 4932278 1 990
7704 18403 4932288 1 990
7704 18403 4932298 1 990
7704 18403 4932308 1 990
7703 18403 4932318 1 990
7703 18404 4932328 1 989
7703 18404 4932338 1 989
7703 18404 4932348 1 989
7703 18404 4932358 1 989
7703 18404 4932368 1 989
7703 18403 4932378 1 989
7703 18403 4932388 1 988
7703 18403 4932398 1 987
7703 18403 4932408 1 987
7703 18403 4932418 1 987
7704 18403 4932428 1 987
7704 18403 4932438 1 987
7705 18403 4932448 1 987
7705 18402 4932458 1 986
7706 18402 4932468 1 986
7706 18402 4932478 1 986
7706 18402 4932488 1 986
7707 18402 4932498 1 986
7707 18402 4932508 1 985
7707 18402 4932518 1 984
7707 18402 4932528 1 984
7707 18402 4932538 1 984
7707 18402 4932548 1 984
7707 18402 4932558 1 984
7708 18402 4932568 1 984
7708 18402 4932578 1 997
7708 18403 4932588 1 983
7708 18403 4932598 1 928
7707 18403 4932608 1 983
7707 18403 4932618 1 983
7707 18403 4932628 0 0
7707 18404 4932638 0 0
7707 18404 4932648 0 0
7708 18404 4932658 0 0
7708 18405 4932668 0 0
7708 18405 4932678 0 0
7708 18405 4932688 0 0
7709 18405 4932698 0 0
7709 18405 4932708 0 0
7709 18405 4932718 0 0
7709 18405 4932728 0 0
7709 18405 4932738 1 1
7708 18404 4932748 1 4
7708 18404 4932758 1 10
7708 18404 4932768 1 17
7708 18404 4932778 1 26
7709 18403 4932788 1 38
7709 18403 4932798 1 52
7710 18402 4932808 1 69
7710 18401 4932818 1 88
7711 18401 4932828 1 109
7712 18400 4932838 1 133
7712 18400 4932848 1 160
7713 18399 4932858 1 190
7713 18399 4932868 1 223
7714 18398 4932878 1 258
7714 18397 4932888 1 297
7715 18396 4932898 1 339
7715 18396 4932908 1 384
7715 18395 4932918 1 433
7714 18395 4932928 1 485
7714 18394 4932938 1 540
7714 18394 4932948 1 598
7713 18393 4932958 1 653
7713 18393 4932968 1 708
7712 18392 4932978 1 735
7712 18392 4932988 1 759
7712 18392 4932998 1 780
7712 18392 4933008 1 808
7712 18391 4933018 1 852
7712 18391 4933028 1 891
7713 18391 4933038 1 909
7713 18390 4933048 1 923
7713 18390 4933058 1 948
7713 18390 4933068 1 964
7713 18389 4933078 1 969
7713 18389 4933088 1 971
7712 18389 4933098 1 972
7712 18389 4933108 1 971
7711 18389 4933118 1 970
7709 18389 4933128 1 970
7706 18389 4933138 1 970
7701 18389 4933148 1 970
7699 18389 4933158 1 970
7695 18389 4933168 1 970
7686 18390 4933178 1 970
7675 18390 4933188 1 969
7661 18390 4933198 1 968
7646 18390 4933208 1 968
7631 18389 4933218 1 968
7618 18388 4933228 1 968
7611 18387 4933238 1 968
7607 18386 4933248 1 968
7598 18384 4933258 1 967
7593 18382 4933268 1 967
7591 18379 4933278 1 967
7593 18375 4933288 1 967
7597 18371 4933298 1 967
7603 18367 4933308 1 966
7606 18364 4933318 1 965
7611 18363 4933328 1 965
7621 18360 4933338 1 965
7632 18359 4933348 1 965
7645 18359 4933358 1 965
7657 18360 4933368 1 965
7671 18363 4933378 1 965
7684 18368 4933388 1 964
7690 18370 4933398 1 964
7696 18373 4933408 1 964
7708 18379 4933418 1 964
7720 18387 4933428 1 963
7731 18395 4933438 1 963
7740 18404 4933448 1 963
7746 18413 4933458 1 963
7750 18421 4933468 1 962
7751 18425 4933478 1 962
7752 18429 4933488 1 962
7754 18438 4933498 1 962
7757 18444 4933508 1 962
7760 18446 4933518 1 962
7762 18445 4933528 1 961
7760 18445 4933538 1 961
7758 18446 4933548 1 961
7757 18446 4933558 1 960
7756 18447 4933568 1 960
7755 18447 4933578 1 960
7754 18447 4933588 1 960
7753 18447 4933598 1 959
7752 18447 4933608 1 959
7752 18447 4933618 1 959
7751 18447 4933628 1 959
7751 18446 4933638 1 958
7751 18446 4933648 1 958
7752 18446 4933658 1 958
7752 18446 4933668 1 957
7752 18446 4933678 1 957
7752 18446 4933688 1 957
7751 18446 4933698 1 957
7751 18446 4933708 1 957
7751 18446 4933718 1 956
7750 18446 4933728 1 956
7750 18446 4933738 1 955
7749 18446 4933748 1 955
7749 18446 4933758 1 955
7749 18447 4933768 1 955
7749 18447 4933778 1 955
7748 18447 4933788 1 954
7748 18447 4933798 1 953
7747 18447 4933808 1 953
7746 18447 4933818 1 953
7745 18447 4933828 1 953
7744 18447 4933838 1 953
7742 18447 4933848 1 953
7741 18448 4933858 1 952
7740 18448 4933868 1 952
7738 18447 4933878 1 951
7737 18447 4933888 1 951
7736 18447 4933898 1 951
7735 18447 4933908 1 951
7734 18447 4933918 1 951
7733 18447 4933928 1 950
7733 18447 4933938 1 950
7732 18447 4933948 1 950
7731 18447 4933958 1 949
7730 18446 4933968 1 949
7730 18446 4933978 1 949
7729 18446 4933988 1 949
7729 18446 4933998 1 948
7729 18446 4934008 1 948
7729 18446 4934018 1 948
7730 18445 4934028 1 948
7730 18445 4934038 1 947
7731 18445 4934048 1 947
7731 18445 4934058 1 947
7732 18445 4934068 1 946
7732 18445 4934078 1 946
7733 18445 4934088 1 946
7734 18444 4934098 1 946
7734 18444 4934108 1 946
7735 18444 4934118 1 945
7735 18444 4934128 1 945
7736 18444 4934138 1 944
7736 18444 4934148 1 944
7736 18444 4934158 1 944
7736 18444 4934168 1 944
7736 18444 4934178 1 944
7736 18444 4934188 1 944
7736 18445 4934198 1 943
7736 18445 4934208 1 942
7736 18445 4934218 1 942
7736 18445 4934228 1 942
7736 18446 4934238 1 942
7736 18446 4934248 1 942
7736 18446 4934258 1 942
7737 18446 4934268 1 941
7737 18446 4934278 1 941
7738 18446 4934288 1 940
7739 18446 4934298 1 940
7741 18447 4934308 1 940
7742 18447 4934318 1 940
7744 18447 4934328 1 940
7745 18447 4934338 1 939
7747 18447 4934348 1 939
7748 18447 4934358 1 939
7750 18447 4934368 1 938
7751 18447 4934378 1 938
7752 18447 4934388 1 938
7753 18446 4934398 1 938
7754 18446 4934408 1 938
7755 18446 4934418 1 937
7755 18446 4934428 1 937
7756 18446 4934438 1 937
7755 18446 4934448 1 936
7755 18446 4934458 1 936
7754 18446 4934468 1 936
7753 18446 4934478 1 936
7752 18446 4934488 1 935
7751 18445 4934498 1 935
7750 18445 4934508 1 935
7749 18445 4934518 1 935
7748 18445 4934528 1 934
7747 18445 4934538 1 934
7746 18445 4934548 1 934
7745 18445 4934558 1 934
7745 18445 4934568 1 933
7745 18445 4934578 1 933
7745 18445 4934588 1 933
7745 18444 4934598 1 933
7745 18444 4934608 1 932
7745 18444 4934618 1 932
7745 18444 4934628 1 932
7745 18444 4934638 1 931
7745 18444 4934648 1 931
7745 18444 4934658 1 931
7744 18444 4934668 1 931
7744 18444 4934678 1 931
7744 18444 4934688 1 930
7744 18444 4934698 1 930
7744 18444 4934708 1 930
7744 18444 4934718 1 929
7744 18444 4934728 1 929
7743 18444 4934738 1 929
7743 18444 4934748 1 929
