7711 17710 5941354 1 615
7711 17710 5941364 1 625
7711 17710 5941374 1 633
7711 17710 5941384 1 642
7711 17711 5941394 1 645
7713 17713 5941404 1 649
7724 17722 5941414 1 659
7727 17723 5941424 1 664
7726 17722 5941434 1 666
7724 17720 5941444 1 667
7722 17717 5941454 1 671
7721 17716 5941464 1 673
7724 17719 5941474 1 676
7727 17722 5941484 1 677
7730 17725 5941494 1 678
7732 17726 5941504 1 678
7733 17726 5941514 1 678
7732 17725 5941524 1 678
7730 17723 5941534 1 677
7729 17723 5941544 1 677
7729 17723 5941554 1 676
7729 17723 5941564 1 675
7729 17723 5941574 1 675
7728 17722 5941584 1 674
7726 17721 5941594 1 672
7725 17720 5941604 1 671
7725 17719 5941614 1 671
7725 17718 5941624 1 671
7725 17718 5941634 1 670
7725 17717 5941644 1 670
7727 17717 5941654 1 669
7728 17716 5941664 1 670
7729 17716 5941674 1 670
7730 17716 5941684 1 671
7732 17716 5941694 1 671
7734 17717 5941704 1 672
7739 17718 5941714 1 677
7742 17719 5941724 1 680
7745 17720 5941734 1 683
7748 17722 5941744 1 685
7751 17724 5941754 1 690
7754 17726 5941764 1 695
7757 17730 5941774 1 704
7759 17732 5941784 1 708
7760 17735 5941794 1 715
7760 17738 5941804 1 723
7761 17741 5941814 1 731
7761 17744 5941824 1 735
7759 17751 5941834 1 747
7758 17755 5941844 1 755
7757 17758 5941854 1 763
7755 17761 5941864 1 767
7752 17764 5941874 1 771
7749 17767 5941884 1 778
7743 17771 5941894 1 791
7740 17773 5941904 1 794
7737 17774 5941914 1 798
7735 17775 5941924 1 802
7732 17775 5941934 1 807
7730 17775 5941944 1 810
7725 17773 5941954 1 812
7724 17772 5941964 1 813
7723 17770 5941974 1 813
7722 17767 5941984 1 811
7721 17764 5941994 1 810
7721 17761 5942004 1 808
7722 17754 5942014 1 798
7723 17750 5942024 1 790
7725 17745 5942034 1 785
7727 17741 5942044 1 780
7729 17737 5942054 1 767
7732 17732 5942064 1 754
7738 17724 5942074 1 729
7742 17721 5942084 1 719
7745 17717 5942094 1 699
7749 17714 5942104 1 675
7753 17711 5942114 1 651
7757 17708 5942124 1 638
7764 17703 5942134 1 596
7767 17701 5942144 1 566
7769 17700 5942154 1 535
7772 17698 5942164 1 520
7774 17697 5942174 1 504
7776 17696 5942184 1 472
7780 17695 5942194 1 405
7781 17695 5942204 1 388
7782 17695 5942214 1 372
7783 17695 5942224 1 339
7783 17696 5942234 1 305
7784 17696 5942244 1 272
7785 17698 5942254 1 240
7786 17700 5942264 1 210
7786 17701 5942274 1 180
7786 17702 5942284 1 151
7786 17704 5942294 1 137
7786 17706 5942304 1 125
7786 17709 5942314 1 76
7786 17711 5942324 1 55
7787 17712 5942334 1 45
7787 17713 5942344 1 37
7787 17714 5942354 1 20
7788 17715 5942364 1 10
7789 17716 5942374 1 10
7790 17716 5942384 1 10
7791 17716 5942394 1 10
7792 17716 5942404 1 9
7793 17716 5942414 1 9
7795 17715 5942424 1 10
7797 17713 5942434 1 9
7798 17712 5942444 1 25
7799 17711 5942454 1 46
7800 17710 5942464 1 57
7801 17709 5942474 1 70
7802 17708 5942484 1 98
7804 17706 5942494 1 162
7805 17705 5942504 1 179
7806 17704 5942514 1 198
7806 17703 5942524 1 235
7807 17701 5942534 1 274
7808 17700 5942544 1 315
7810 17698 5942554 1 357
7810 17698 5942564 1 399
7810 17697 5942574 1 440
7809 17696 5942584 1 483
7808 17696 5942594 1 505
7807 17696 5942604 1 525
7804 17696 5942614 1 605
7802 17696 5942624 1 643
7800 17696 5942634 1 662
7799 17697 5942644 1 679
7797 17697 5942654 1 713
7796 17697 5942664 1 745
7794 17698 5942674 1 787
7793 17699 5942684 1 798
7792 17699 5942694 1 820
7791 17700 5942704 1 840
7790 17701 5942714 1 856
7789 17701 5942724 1 863
7788 17702 5942734 1 880
7787 17703 5942744 1 888
7786 17703 5942754 1 895
7786 17704 5942764 1 897
7785 17704 5942774 1 899
7785 17705 5942784 1 902
7785 17706 5942794 1 902
7785 17707 5942804 1 902
7785 17707 5942814 1 900
7785 17707 5942824 1 897
7786 17708 5942834 1 891
7786 17708 5942844 1 886
7787 17708 5942854 1 880
7788 17708 5942864 1 873
7788 17708 5942874 1 865
7789 17708 5942884 1 858
7789 17708 5942894 1 854
7789 17709 5942904 1 850
7789 17709 5942914 1 835
7789 17710 5942924 1 827
7789 17711 5942934 1 824
7788 17711 5942944 1 821
7787 17712 5942954 1 814
7785 17712 5942964 1 809
7782 17713 5942974 1 803
7780 17713 5942984 1 801
7778 17714 5942994 1 799
7775 17714 5943004 1 798
7773 17715 5943014 1 798
7771 17715 5943024 1 798
7767 17715 5943034 1 801
7765 17715 5943044 1 802
7764 17715 5943054 1 805
7762 17715 5943064 1 806
7761 17714 5943074 1 807
7760 17714 5943084 1 809
7758 17714 5943094 1 812
7757 17714 5943104 1 813
7757 17714 5943114 1 813
7756 17714 5943124 1 814
7757 17714 5943134 1 815
7757 17714 5943144 1 816
7759 17715 5943154 1 817
7760 17715 5943164 1 818
7761 17716 5943174 1 819
7762 17716 5943184 1 820
7763 17717 5943194 1 821
7765 17717 5943204 1 821
7767 17719 5943214 1 824
7769 17720 5943224 1 825
7770 17720 5943234 1 825
7772 17721 5943244 1 826
7773 17722 5943254 1 827
7774 17723 5943264 1 828
7776 17724 5943274 1 830
7776 17725 5943284 1 830
7776 17725 5943294 1 830
7776 17726 5943304 1 831
7776 17726 5943314 1 832
7776 17727 5943324 1 832
7776 17727 5943334 1 833
7777 17728 5943344 1 833
7777 17728 5943354 1 834
7778 17728 5943364 1 834
7779 17728 5943374 1 834
7780 17728 5943384 1 834
7782 17727 5943394 1 835
7783 17727 5943404 1 835
7784 17727 5943414 1 835
7785 17727 5943424 1 835
7786 17727 5943434 1 835
7786 17727 5943444 1 836
7786 17727 5943454 1 836
7786 17727 5943464 1 836
7785 17727 5943474 1 836
7784 17727 5943484 1 836
7784 17727 5943494 1 836
7783 17727 5943504 1 837
7782 17726 5943514 1 837
7781 17726 5943524 1 837
7781 17726 5943534 1 836
7780 17726 5943544 1 837
7780 17725 5943554 1 838
7780 17725 5943564 1 838
7782 17724 5943574 1 837
7783 17724 5943584 1 837
7784 17723 5943594 1 838
7785 17722 5943604 1 838
7787 17722 5943614 1 839
7788 17721 5943624 1 839
7791 17719 5943634 1 840
7792 17719 5943644 1 840
7793 17718 5943654 1 841
7794 17718 5943664 1 842
7795 17717 5943674 1 842
7796 17717 5943684 1 843
7798 17716 5943694 1 844
7798 17716 5943704 1 845
7799 17716 5943714 1 845
7800 17716 5943724 1 847
7800 17717 5943734 1 848
7801 17717 5943744 1 849
7801 17718 5943754 1 851
7801 17718 5943764 1 852
7802 17719 5943774 1 854
7802 17720 5943784 1 855
7802 17720 5943794 1 856
7802 17721 5943804 1 857
7802 17723 5943814 1 862
7802 17724 5943824 1 864
7802 17724 5943834 1 865
7801 17725 5943844 1 867
7801 17726 5943854 1 869
7801 17726 5943864 1 872
7802 17727 5943874 1 875
7802 17728 5943884 1 877
7802 17728 5943894 1 880
7802 17729 5943904 1 884
7801 17729 5943914 1 887
7801 17729 5943924 1 888
7802 17730 5943934 1 894
7802 17730 5943944 1 898
7802 17730 5943954 1 902
7803 17731 5943964 1 903
7803 17731 5943974 1 905
7804 17731 5943984 1 909
7805 17732 5943994 1 917
7806 17732 5944004 1 918
7806 17732 5944014 1 920
7807 17732 5944024 1 924
7807 17733 5944034 1 927
7808 17733 5944044 1 930
7809 17733 5944054 1 933
7810 17733 5944064 1 936
7811 17733 5944074 1 939
7811 17733 5944084 1 941
7812 17732 5944094 1 941
7813 17732 5944104 1 942
7814 17731 5944114 1 944
7815 17730 5944124 1 944
7815 17729 5944134 1 944
7815 17729 5944144 1 944
7816 17728 5944154 1 944
7816 17728 5944164 1 943
7816 17727 5944174 1 940
7816 17726 5944184 1 939
7815 17726 5944194 1 936
7815 17726 5944204 1 932
7815 17726 5944214 1 928
7815 17726 5944224 1 925
7815 17726 5944234 1 916
7815 17725 5944244 1 909
7815 17725 5944254 1 902
7815 17725 5944264 1 898
7815 17725 5944274 1 894
7816 17725 5944284 1 885
7817 17725 5944294 1 867
7817 17725 5944304 1 862
7817 17725 5944314 1 857
7817 17725 5944324 1 848
7817 17725 5944334 1 838
7817 17725 5944344 1 828
7816 17725 5944354 1 818
7816 17725 5944364 1 808
7816 17724 5944374 1 799
7815 17724 5944384 1 790
7814 17724 5944394 1 785
7814 17724 5944404 1 780
7812 17724 5944414 1 765
7811 17723 5944424 1 758
7810 17723 5944434 1 755
7809 17723 5944444 1 752
7809 17723 5944454 1 748
7808 17723 5944464 1 744
7808 17723 5944474 1 740
7808 17723 5944484 1 740
7808 17722 5944494 1 739
7808 17722 5944504 1 741
7808 17722 5944514 1 743
7807 17722 5944524 1 745
7807 17721 5944534 1 754
7807 17721 5944544 1 761
7806 17720 5944554 1 771
7806 17720 5944564 1 776
7805 17719 5944574 1 782
7805 17719 5944584 1 797
7804 17718 5944594 1 830
7804 17717 5944604 1 839
7804 17716 5944614 1 850
7803 17715 5944624 1 874
7803 17715 5944634 1 899
7803 17714 5944644 1 927
7802 17712 5944654 1 957
7802 17711 5944664 1 991
7802 17710 5944674 1 1024
7802 17710 5944684 1 1024
7802 17709 5944694 1 1023
7802 17709 5944704 1 1024
7802 17709 5944714 1 1024
7802 17709 5944724 1 1024
7802 17709 5944734 1 1024
7802 17709 5944744 1 1024
7802 17710 5944754 1 1024
7801 17710 5944764 1 1024
7801 17712 5944774 1 1024
7801 17713 5944784 1 1024
7800 17713 5944794 1 1024
7800 17714 5944804 1 1024
7799 17714 5944814 1 1024
7799 17715 5944824 1 1024
7798 17715 5944834 1 1024
7798 17716 5944844 1 1024
7798 17716 5944854 1 1024
7798 17716 5944864 1 1024
7798 17717 5944874 1 1024
7798 17717 5944884 1 1024
7799 17717 5944894 1 1024
7799 17717 5944904 1 1024
7799 17716 5944914 1 1024
7800 17716 5944924 1 1024
7800 17715 5944934 1 1024
7800 17715 5944944 1 1024
7801 17713 5944954 1 1024
7801 17713 5944964 1 1024
7801 17712 5944974 1 1024
7801 17711 5944984 1 1024
7801 17711 5944994 1 1024
7801 17711 5945004 1 1024
7800 17711 5945014 1 992
7800 17711 5945024 1 878
7800 17711 5945034 1 816
7800 17711 5945044 1 756
7800 17711 5945054 1 629
7800 17711 5945064 1 499
7800 17712 5945074 1 304
7800 17713 5945084 1 244
7801 17713 5945094 1 124
7801 17714 5945104 1 13
7801 17715 5945114 0 0
7802 17715 5945124 0 0
7802 17717 5945134 0 0
7803 17717 5945144 0 0
7803 17718 5945154 0 0
7804 17718 5945164 0 0
7804 17719 5945174 0 0
7805 17719 5945184 0 0
7806 17720 5945194 0 0
7807 17720 5945204 0 0
7808 17720 5945214 1 31
7808 17720 5945224 1 209
7808 17720 5945234 1 430
7809 17720 5945244 1 697
7809 17719 5945254 1 1014
7809 17719 5945264 1 1024
7810 17719 5945274 1 1024
7810 17719 5945284 1 1024
7810 17718 5945294 1 1024
7810 17718 5945304 1 1024
7811 17717 5945314 1 1024
7812 17717 5945324 1 1024
7812 17717 5945334 1 1024
7813 17717 5945344 1 1024
7814 17717 5945354 1 1024
7814 17717 5945364 1 1024
7816 17716 5945374 1 1024
7817 17716 5945384 1 1024
7817 17716 5945394 1 1024
7818 17715 5945404 1 1024
7819 17715 5945414 1 1024
7819 17715 5945424 1 1024
7820 17715 5945434 1 1024
7821 17715 5945444 1 1024
7821 17715 5945454 1 1024
7821 17716 5945464 1 1024
7822 17716 5945474 1 1024
7821 17716 5945484 1 1024
7821 17717 5945494 1 1024
7821 17717 5945504 1 1024
7820 17718 5945514 1 1024
7820 17718 5945524 1 1024
7819 17718 5945534 1 1024
7819 17718 5945544 1 1024
7818 17719 5945554 1 1024
7817 17719 5945564 1 1024
7816 17719 5945574 1 1024
7815 17719 5945584 1 1024
7813 17719 5945594 1 1024
7812 17719 5945604 1 1024
7810 17719 5945614 1 1024
7809 17719 5945624 0 0
7808 17720 5945634 0 0
7807 17720 5945644 0 0
7806 17719 5945654 0 0
7806 17719 5945664 0 0
7806 17718 5945674 0 0
7807 17718 5945684 0 0
7807 17717 5945694 0 0
7808 17717 5945704 0 0
7808 17716 5945714 0 0
7809 17716 5945724 0 0
7810 17715 5945734 0 0
7811 17714 5945744 0 0
7811 17714 5945754 1 5
7812 17713 5945764 1 12
7812 17713 5945774 1 27
7813 17712 5945784 1 59
7813 17712 5945794 1 150
7813 17711 5945804 1 176
7812 17711 5945814 1 206
7812 17711 5945824 1 267
7812 17710 5945834 1 334
7812 17709 5945844 1 403
7812 17708 5945854 1 474
7812 17707 5945864 1 546
7812 17706 5945874 1 617
7812 17705 5945884 1 686
7812 17705 5945894 1 720
7811 17704 5945904 1 752
7811 17704 5945914 1 870
7811 17704 5945924 1 920
7811 17704 5945934 1 943
7811 17704 5945944 1 961
7811 17704 5945954 1 994
7811 17704 5945964 1 1015
7812 17705 5945974 1 1024
7812 17705 5945984 1 1024
7812 17706 5945994 1 1024
7811 17706 5946004 1 1024
7809 17707 5946014 1 1024
7806 17708 5946024 1 1024
7792 17709 5946034 1 1024
7781 17710 5946044 1 1024
7768 17710 5946054 1 1024
7754 17710 5946064 1 1024
7739 17709 5946074 1 1024
7725 17707 5946084 1 1024
7705 17702 5946094 1 1024
7699 17699 5946104 1 1024
7697 17695 5946114 1 1024
7697 17691 5946124 1 1024
7701 17686 5946134 1 1024
7707 17681 5946144 1 1024
7724 17673 5946154 1 1024
7735 17671 5946164 1 1024
7747 17670 5946174 1 1024
7759 17672 5946184 1 1024
7772 17674 5946194 1 1024
7784 17678 5946204 1 1024
7808 17690 5946214 1 1024
7819 17698 5946224 1 1024
7830 17707 5946234 1 1024
7838 17716 5946244 1 1024
7845 17726 5946254 1 1024
7849 17736 5946264 1 1024
7852 17756 5946274 1 1024
7855 17763 5946284 1 1024
7859 17767 5946294 1 1024
7861 17767 5946304 1 1024
7859 17767 5946314 1 1024
7858 17769 5946324 1 1024
7856 17771 5946334 1 1024
7856 17772 5946344 1 1024
7855 17773 5946354 1 1024
7855 17773 5946364 1 1024
7854 17773 5946374 1 1024
7853 17773 5946384 1 1024
7852 17773 5946394 1 1024
7851 17772 5946404 1 1024
7850 17772 5946414 1 1024
7849 17772 5946424 1 1024
7848 17772 5946434 1 1024
7847 17772 5946444 1 1024
7845 17771 5946454 1 1024
7844 17770 5946464 1 1024
7843 17770 5946474 1 1024
7843 17769 5946484 1 1024
7843 17769 5946494 1 1024
7843 17768 5946504 1 1024
7844 17766 5946514 1 1024
7844 17766 5946524 1 1024
7845 17765 5946534 1 1023
7845 17764 5946544 1 1023
7845 17763 5946554 1 1023
7846 17763 5946564 1 1023
7847 17762 5946574 1 1024
7847 17762 5946584 1 1024
7847 17762 5946594 1 1024
7848 17762 5946604 1 1023
7848 17762 5946614 1 1023
7848 17762 5946624 1 1023
7848 17763 5946634 1 1023
7847 17763 5946644 1 1023
7847 17763 5946654 1 1023
7847 17763 5946664 1 1024
7846 17764 5946674 1 1022
7846 17764 5946684 1 1023
7846 17765 5946694 1 1023
7846 17765 5946704 1 1023
7846 17766 5946714 1 1023
7845 17766 5946724 1 1023
7845 17767 5946734 1 1023
7845 17767 5946744 1 1022
7845 17768 5946754 1 1022
7845 17769 5946764 1 1022
7845 17769 5946774 1 1023
7845 17769 5946784 1 1023
7845 17769 5946794 1 1023
7846 17770 5946804 1 1023
7848 17770 5946814 1 1022
7849 17769 5946824 1 1022
7850 17769 5946834 1 1022
7850 17769 5946844 1 1022
7851 17769 5946854 1 1022
7851 17769 5946864 1 1022
7851 17768 5946874 1 1021
7851 17768 5946884 1 1021
7851 17768 5946894 1 1022
7850 17768 5946904 1 1022
7850 17768 5946914 1 1022
7850 17768 5946924 1 1022
7849 17768 5946934 1 1022
7849 17768 5946944 1 1021
7849 17768 5946954 1 1021
7848 17768 5946964 1 1021
7848 17768 5946974 1 1021
7847 17768 5946984 1 1021
7846 17768 5946994 1 1022
7846 17767 5947004 1 1022
7846 17767 5947014 1 1022
7846 17766 5947024 1 1021
7847 17766 5947034 1 1021
7847 17765 5947044 1 1021
7848 17764 5947054 1 1021
7848 17763 5947064 1 1021
7849 17762 5947074 1 1021
7849 17762 5947084 1 1021
7850 17761 5947094 1 1020
7851 17760 5947104 1 1020
7852 17759 5947114 1 1021
7853 17758 5947124 1 1021
7853 17757 5947134 1 1021
7854 17757 5947144 1 1021
7854 17756 5947154 1 1021
7855 17756 5947164 1 1020
7856 17755 5947174 1 1020
7856 17755 5947184 1 1020
7857 17755 5947194 1 1020
7857 17756 5947204 1 1020
7857 17756 5947214 1 1020
7857 17757 5947224 1 1021
7857 17759 5947234 1 1020
7857 17760 5947244 1 1020
7856 17761 5947254 1 1020
7855 17762 5947264 1 1020
7854 17763 5947274 1 1020
7853 17764 5947284 1 1020
7851 17765 5947294 1 1019
7850 17766 5947304 1 1019
7850 17767 5947314 1 1019
7849 17768 5947324 1 1019
7849 17768 5947334 1 1019
7849 17769 5947344 1 1020
