8175 18516 2372450 1 575
8175 18516 2372460 1 603
8175 18516 2372470 1 620
8175 18516 2372480 1 630
8175 18516 2372490 1 638
8175 18516 2372500 1 646
8175 18515 2372510 1 649
8178 18517 2372520 1 653
8183 18521 2372530 1 658
8189 18524 2372540 1 663
8191 18525 2372550 1 667
8191 18523 2372560 1 669
8188 18520 2372570 1 671
8186 18517 2372580 1 674
8185 18515 2372590 1 676
8185 18515 2372600 1 679
8186 18517 2372610 1 679
8189 18519 2372620 1 680
8191 18522 2372630 1 681
8193 18524 2372640 1 681
8193 18525 2372650 1 681
8192 18524 2372660 1 681
8191 18524 2372670 1 681
8189 18525 2372680 1 680
8189 18525 2372690 1 680
8189 18526 2372700 1 679
8190 18526 2372710 1 678
8190 18526 2372720 1 678
8189 18526 2372730 1 677
8188 18525 2372740 1 676
8187 18524 2372750 1 675
8187 18523 2372760 1 674
8187 18522 2372770 1 674
8187 18522 2372780 1 674
8187 18522 2372790 1 673
8187 18522 2372800 1 673
8188 18522 2372810 1 672
8189 18523 2372820 1 672
8190 18524 2372830 1 673
8191 18524 2372840 1 673
8193 18525 2372850 1 674
8195 18526 2372860 1 674
8197 18526 2372870 1 675
8199 18527 2372880 1 677
8202 18528 2372890 1 680
8205 18530 2372900 1 683
8208 18532 2372910 1 685
8211 18534 2372920 1 688
8213 18537 2372930 1 692
8215 18539 2372940 1 698
8217 18542 2372950 1 703
8219 18544 2372960 1 706
8220 18546 2372970 1 710
8222 18549 2372980 1 717
8222 18551 2372990 1 724
8223 18553 2373000 1 732
8223 18555 2373010 1 736
8223 18557 2373020 1 740
8222 18559 2373030 1 748
8221 18561 2373040 1 755
8220 18562 2373050 1 763
8218 18563 2373060 1 767
8216 18564 2373070 1 771
8214 18565 2373080 1 779
8211 18566 2373090 1 785
8209 18566 2373100 1 791
8206 18566 2373110 1 794
8203 18566 2373120 1 797
8200 18565 2373130 1 802
8197 18564 2373140 1 806
8194 18563 2373150 1 810
8192 18562 2373160 1 811
8190 18561 2373170 1 812
8189 18560 2373180 1 813
8188 18559 2373190 1 813
8188 18558 2373200 1 811
8189 18557 2373210 1 809
8190 18556 2373220 1 807
8191 18555 2373230 1 803
8194 18553 2373240 1 797
8196 18552 2373250 1 790
8198 18550 2373260 1 786
8201 18548 2373270 1 780
8204 18546 2373280 1 768
8206 18544 2373290 1 755
8209 18541 2373300 1 739
8212 18539 2373310 1 731
8215 18536 2373320 1 721
8218 18533 2373330 1 701
8221 18530 2373340 1 678
8223 18526 2373350 1 654
8226 18523 2373360 1 641
8228 18520 2373370 1 628
8230 18517 2373380 1 600
8232 18515 2373390 1 571
8234 18512 2373400 1 540
8236 18510 2373410 1 525
8237 18508 2373420 1 510
8238 18506 2373430 1 478
8239 18505 2373440 1 446
8240 18504 2373450 1 413
8241 18503 2373460 1 397
8241 18502 2373470 1 381
8241 18502 2373480 1 348
8241 18502 2373490 1 316
8241 18503 2373500 1 283
8241 18503 2373510 1 267
8241 18503 2373520 1 252
8241 18504 2373530 1 222
8241 18505 2373540 1 192
8242 18505 2373550 1 164
8242 18506 2373560 1 151
8243 18507 2373570 1 139
8243 18508 2373580 1 114
8244 18509 2373590 1 90
8245 18510 2373600 1 70
8246 18511 2373610 1 60
8246 18511 2373620 1 58
8247 18512 2373630 1 52
8248 18514 2373640 1 36
8249 18515 2373650 1 25
8251 18517 2373660 1 25
8252 18518 2373670 1 26
8253 18520 2373680 1 25
8255 18521 2373690 1 25
8256 18523 2373700 1 24
8257 18524 2373710 1 25
8259 18525 2373720 1 25
8260 18525 2373730 1 24
8261 18526 2373740 1 24
8262 18525 2373750 1 40
8262 18524 2373760 1 60
8263 18523 2373770 1 71
8263 18522 2373780 1 84
8263 18520 2373790 1 111
8264 18518 2373800 1 141
8263 18516 2373810 1 174
8263 18514 2373820 1 191
8263 18512 2373830 1 209
8262 18510 2373840 1 246
8262 18508 2373850 1 283
8261 18506 2373860 1 323
8261 18504 2373870 1 344
8260 18502 2373880 1 365
8260 18501 2373890 1 406
8259 18500 2373900 1 447
8258 18499 2373910 1 489
8257 18499 2373920 1 510
8255 18499 2373930 1 530
8254 18499 2373940 1 570
8253 18500 2373950 1 608
8251 18500 2373960 1 646
8250 18501 2373970 1 664
8249 18501 2373980 1 681
8248 18502 2373990 1 715
8247 18503 2374000 1 746
8246 18504 2374010 1 774
8245 18505 2374020 1 787
8244 18506 2374030 1 798
8244 18507 2374040 1 820
8243 18509 2374050 1 839
8243 18510 2374060 1 855
8242 18512 2374070 1 862
8242 18514 2374080 1 868
8241 18515 2374090 1 878
8240 18517 2374100 1 887
8240 18518 2374110 1 893
8239 18519 2374120 1 896
8239 18520 2374130 1 897
8238 18521 2374140 1 901
8238 18521 2374150 1 901
8238 18522 2374160 1 900
8238 18522 2374170 1 900
8238 18522 2374180 1 898
8238 18522 2374190 1 895
8238 18522 2374200 1 890
8238 18522 2374210 1 884
8238 18522 2374220 1 882
8239 18522 2374230 1 879
8240 18522 2374240 1 871
8240 18522 2374250 1 864
8241 18522 2374260 1 857
8242 18522 2374270 1 853
8243 18521 2374280 1 849
8244 18521 2374290 1 842
8245 18520 2374300 1 834
8246 18520 2374310 1 827
8246 18519 2374320 1 823
8246 18519 2374330 1 820
8246 18519 2374340 1 814
8246 18519 2374350 1 809
8246 18519 2374360 1 804
8246 18519 2374370 1 803
8245 18519 2374380 1 801
8244 18519 2374390 1 799
8243 18519 2374400 1 798
8241 18519 2374410 1 798
8239 18519 2374420 1 798
8237 18519 2374430 1 799
8235 18518 2374440 1 801
8232 18518 2374450 1 802
8230 18518 2374460 1 804
8228 18518 2374470 1 806
8226 18518 2374480 1 806
8224 18519 2374490 1 809
8222 18519 2374500 1 811
8221 18520 2374510 1 812
8220 18521 2374520 1 812
8218 18521 2374530 1 813
8218 18522 2374540 1 814
8217 18523 2374550 1 815
8216 18524 2374560 1 816
8215 18525 2374570 1 816
8215 18525 2374580 1 817
8214 18526 2374590 1 818
8214 18526 2374600 1 819
8214 18526 2374610 1 820
8214 18527 2374620 1 821
8215 18527 2374630 1 821
8216 18527 2374640 1 822
8217 18527 2374650 1 823
8218 18527 2374660 1 824
8219 18527 2374670 1 825
8220 18526 2374680 1 825
8222 18526 2374690 1 826
8223 18526 2374700 1 827
8225 18525 2374710 1 828
8226 18525 2374720 1 829
8228 18524 2374730 1 829
8229 18524 2374740 1 829
8230 18524 2374750 1 830
8231 18524 2374760 1 831
8232 18524 2374770 1 831
8233 18523 2374780 1 831
8233 18523 2374790 1 832
8234 18523 2374800 1 832
8234 18523 2374810 1 832
8235 18523 2374820 1 833
8235 18522 2374830 1 834
8235 18522 2374840 1 833
8236 18522 2374850 1 833
8236 18522 2374860 1 834
8237 18523 2374870 1 834
8238 18523 2374880 1 834
8238 18524 2374890 1 834
8239 18525 2374900 1 834
8240 18526 2374910 1 834
8241 18527 2374920 1 835
8243 18527 2374930 1 836
8244 18528 2374940 1 835
8245 18529 2374950 1 835
8246 18529 2374960 1 835
8247 18530 2374970 1 835
8248 18531 2374980 1 836
8249 18531 2374990 1 836
8250 18532 2375000 1 836
8250 18533 2375010 1 836
8251 18533 2375020 1 836
8252 18534 2375030 1 836
8252 18534 2375040 1 836
8253 18535 2375050 1 837
8253 18535 2375060 1 837
8254 18536 2375070 1 837
8255 18537 2375080 1 837
8256 18537 2375090 1 837
8257 18538 2375100 1 838
8258 18538 2375110 1 838
8260 18539 2375120 1 839
8261 18539 2375130 1 839
8263 18539 2375140 1 839
8264 18539 2375150 1 840
8265 18539 2375160 1 840
8267 18539 2375170 1 841
8268 18538 2375180 1 842
8268 18538 2375190 1 842
8269 18537 2375200 1 843
8269 18536 2375210 1 843
8269 18535 2375220 1 844
8268 18535 2375230 1 844
8267 18534 2375240 1 845
8266 18534 2375250 1 847
8265 18534 2375260 1 848
8264 18534 2375270 1 849
8263 18534 2375280 1 850
8262 18534 2375290 1 851
8261 18534 2375300 1 852
8260 18534 2375310 1 854
8259 18534 2375320 1 855
8258 18535 2375330 1 856
8257 18535 2375340 1 857
8256 18535 2375350 1 859
8256 18536 2375360 1 861
8256 18537 2375370 1 863
8256 18537 2375380 1 865
8256 18538 2375390 1 866
8256 18539 2375400 1 868
8256 18540 2375410 1 871
8257 18541 2375420 1 873
8257 18542 2375430 1 875
8258 18543 2375440 1 876
8258 18544 2375450 1 879
8259 18544 2375460 1 883
8259 18545 2375470 1 886
8260 18546 2375480 1 888
8261 18546 2375490 1 889
8262 18546 2375500 1 893
8263 18546 2375510 1 897
8264 18546 2375520 1 901
8266 18545 2375530 1 903
8267 18545 2375540 1 904
8269 18544 2375550 1 908
8270 18543 2375560 1 912
8272 18543 2375570 1 916
8273 18542 2375580 1 918
8274 18542 2375590 1 919
8275 18542 2375600 1 923
8276 18542 2375610 1 926
8276 18542 2375620 1 929
8277 18542 2375630 1 931
8277 18542 2375640 1 932
8277 18542 2375650 1 935
8277 18542 2375660 1 938
8277 18542 2375670 1 940
8276 18541 2375680 1 941
8275 18541 2375690 1 941
8275 18540 2375700 1 943
8274 18539 2375710 1 944
8273 18539 2375720 1 944
8272 18538 2375730 1 944
8271 18538 2375740 1 944
8271 18538 2375750 1 944
8271 18538 2375760 1 943
8270 18539 2375770 1 941
8270 18539 2375780 1 940
8270 18539 2375790 1 939
8269 18538 2375800 1 935
8269 18538 2375810 1 931
8269 18537 2375820 1 927
8269 18537 2375830 1 925
8269 18536 2375840 1 922
8270 18536 2375850 1 916
8270 18535 2375860 1 909
8271 18534 2375870 1 902
8272 18533 2375880 1 898
8272 18533 2375890 1 894
8273 18532 2375900 1 885
8273 18532 2375910 1 876
8274 18531 2375920 1 867
8274 18531 2375930 1 862
8274 18531 2375940 1 857
8274 18530 2375950 1 848
8274 18530 2375960 1 843
8274 18530 2375970 1 838
8274 18530 2375980 1 828
8274 18530 2375990 1 823
8274 18530 2376000 1 818
8274 18530 2376010 1 808
8274 18531 2376020 1 799
8274 18531 2376030 1 790
8274 18531 2376040 1 785
8275 18531 2376050 1 780
8275 18531 2376060 1 772
8276 18532 2376070 1 765
8276 18532 2376080 1 758
8277 18532 2376090 1 755
8278 18532 2376100 1 752
8278 18533 2376110 1 748
8279 18533 2376120 1 744
8279 18533 2376130 1 741
8279 18533 2376140 1 741
8279 18533 2376150 1 740
8279 18534 2376160 1 739
8279 18534 2376170 1 741
8278 18534 2376180 1 743
8277 18534 2376190 1 745
8277 18535 2376200 1 748
8276 18535 2376210 1 754
8276 18535 2376220 1 761
8275 18534 2376230 1 771
8274 18533 2376240 1 776
8273 18532 2376250 1 782
8272 18530 2376260 1 797
8271 18529 2376270 1 812
8269 18527 2376280 1 830
8268 18525 2376290 1 839
8266 18524 2376300 1 850
8265 18522 2376310 1 873
8264 18521 2376320 1 899
8263 18520 2376330 1 926
8263 18519 2376340 1 941
8262 18518 2376350 1 957
8263 18517 2376360 1 990
8263 18517 2376370 1 1024
8264 18517 2376380 1 1024
8264 18517 2376390 1 1022
8265 18517 2376400 1 1024
8266 18518 2376410 1 1024
8266 18518 2376420 1 1024
8267 18519 2376430 1 1024
8267 18520 2376440 1 1024
8267 18522 2376450 1 1024
8267 18523 2376460 1 1023
8267 18523 2376470 1 1024
8267 18524 2376480 1 1024
8266 18525 2376490 1 1024
8266 18525 2376500 1 1024
8265 18524 2376510 1 1024
8265 18524 2376520 1 1024
8264 18523 2376530 1 1024
8264 18521 2376540 1 1024
8263 18519 2376550 1 1024
8263 18518 2376560 1 1023
8263 18516 2376570 1 1023
8262 18515 2376580 1 1023
8262 18513 2376590 1 1024
8261 18512 2376600 1 1024
8261 18511 2376610 1 1024
8260 18511 2376620 1 1024
8259 18510 2376630 1 1024
8257 18510 2376640 1 1024
8256 18510 2376650 1 1024
8255 18510 2376660 1 1023
8254 18510 2376670 1 1023
8254 18511 2376680 1 1023
8253 18511 2376690 1 1023
8252 18512 2376700 1 1023
8252 18513 2376710 1 1024
8252 18514 2376720 1 1024
8252 18515 2376730 1 1024
8252 18516 2376740 1 1024
8252 18517 2376750 1 1024
8252 18518 2376760 1 1023
8251 18519 2376770 1 990
8251 18520 2376780 1 877
8251 18520 2376790 1 816
8252 18521 2376800 1 757
8252 18521 2376810 1 630
8252 18522 2376820 1 501
8253 18522 2376830 1 373
8253 18522 2376840 1 308
8253 18522 2376850 1 248
8254 18521 2376860 1 129
8254 18521 2376870 1 20
8255 18521 2376880 0 0
8255 18521 2376890 1 1
8256 18521 2376900 0 0
8257 18521 2376910 0 0
8258 18522 2376920 0 0
8259 18522 2376930 1 1
8260 18522 2376940 0 0
8261 18522 2376950 0 0
8262 18522 2376960 1 1
8262 18522 2376970 0 0
8263 18522 2376980 0 0
8264 18522 2376990 0 0
8264 18522 2377000 0 0
8264 18522 2377010 0 0
8264 18522 2377020 0 0
8265 18522 2377030 0 0
8265 18523 2377040 0 0
8265 18523 2377050 0 0
8265 18524 2377060 0 0
8266 18525 2377070 0 0
8266 18526 2377080 0 0
8267 18527 2377090 0 0
8268 18528 2377100 1 9
8269 18529 2377110 1 31
8270 18530 2377120 1 63
8270 18531 2377130 1 104
8271 18531 2377140 1 153
8272 18532 2377150 1 209
8272 18533 2377160 1 270
8273 18534 2377170 1 336
8274 18535 2377180 1 405
8274 18536 2377190 1 475
8274 18537 2377200 1 546
8275 18537 2377210 1 617
8276 18537 2377220 1 686
8276 18537 2377230 1 751
8277 18536 2377240 1 813
8277 18535 2377250 1 868
8278 18534 2377260 1 918
8278 18533 2377270 1 959
8279 18532 2377280 1 991
8279 18530 2377290 1 1012
8279 18529 2377300 1 1022
8279 18527 2377310 1 1022
8280 18526 2377320 1 1022
8280 18524 2377330 1 1022
8280 18523 2377340 1 1022
8280 18521 2377350 1 1023
8281 18520 2377360 1 1023
8281 18518 2377370 1 1023
8281 18517 2377380 1 1023
8281 18516 2377390 1 1022
8282 18515 2377400 1 1022
8282 18515 2377410 1 1022
8282 18514 2377420 1 1022
8282 18514 2377430 1 1022
8282 18514 2377440 1 1022
8283 18514 2377450 1 1024
8283 18514 2377460 1 1022
8284 18515 2377470 1 1022
8285 18515 2377480 1 1022
8286 18515 2377490 0 0
8287 18516 2377500 0 0
8288 18516 2377510 0 0
8289 18516 2377520 0 0
8290 18516 2377530 0 0
8292 18516 2377540 0 0
8293 18516 2377550 0 0
8294 18516 2377560 0 0
8295 18516 2377570 0 0
8295 18516 2377580 0 0
8296 18516 2377590 0 0
8296 18516 2377600 0 0
8295 18517 2377610 1 3
8295 18517 2377620 1 10
8294 18517 2377630 1 21
8293 18517 2377640 1 36
8292 18518 2377650 1 55
8290 18518 2377660 1 77
8289 18517 2377670 1 102
8287 18517 2377680 1 131
8286 18516 2377690 1 163
8284 18515 2377700 1 198
8283 18514 2377710 1 236
8281 18513 2377720 1 277
8280 18512 2377730 1 321
8278 18511 2377740 1 367
8277 18510 2377750 1 416
8276 18508 2377760 1 467
8274 18507 2377770 1 520
8273 18507 2377780 1 575
8272 18507 2377790 1 632
8272 18507 2377800 1 691
8271 18507 2377810 1 752
8271 18508 2377820 1 813
8271 18509 2377830 1 869
8271 18511 2377840 1 918
8271 18512 2377850 1 941
8271 18513 2377860 1 958
8271 18514 2377870 1 990
8272 18515 2377880 1 1011
8272 18516 2377890 1 1020
8272 18516 2377900 1 1022
8272 18516 2377910 1 1021
8271 18515 2377920 1 1021
8270 18515 2377930 1 1021
8268 18514 2377940 1 1021
8263 18512 2377950 1 1021
8257 18511 2377960 1 1021
8248 18509 2377970 1 1021
8236 18508 2377980 1 1021
8222 18506 2377990 1 1020
8207 18504 2378000 1 1020
8192 18501 2378010 1 1020
8178 18498 2378020 1 1020
8166 18494 2378030 1 1021
8157 18491 2378040 1 1021
8152 18487 2378050 1 1021
8150 18483 2378060 1 1021
8151 18479 2378070 1 1021
8155 18474 2378080 1 1021
8161 18470 2378090 1 1020
8170 18466 2378100 1 1020
8180 18464 2378110 1 1020
8192 18464 2378120 1 1020
8204 18466 2378130 1 1020
8217 18469 2378140 1 1020
8231 18474 2378150 1 1020
8244 18480 2378160 1 1020
8256 18488 2378170 1 1021
8269 18496 2378180 1 1021
8282 18505 2378190 1 1020
8293 18514 2378200 1 1019
8303 18525 2378210 1 1020
8310 18535 2378220 1 1020
8316 18544 2378230 1 1020
8318 18553 2378240 1 1020
8321 18562 2378250 1 1020
8325 18569 2378260 1 1020
8329 18572 2378270 1 1020
8331 18570 2378280 1 1020
8329 18570 2378290 1 1020
8328 18570 2378300 1 1020
8328 18570 2378310 1 1020
8326 18571 2378320 1 1019
8325 18572 2378330 1 1020
8324 18572 2378340 1 1020
8324 18572 2378350 1 1020
8323 18573 2378360 1 1020
8322 18573 2378370 1 1020
8322 18574 2378380 1 1020
8321 18574 2378390 1 1020
8320 18575 2378400 1 1019
8320 18576 2378410 1 1019
8319 18576 2378420 1 1019
8318 18576 2378430 1 1019
8317 18577 2378440 1 1019
8316 18577 2378450 1 1019
8315 18577 2378460 1 1019
8314 18577 2378470 1 1020
8314 18577 2378480 1 1019
8313 18576 2378490 1 1019
8313 18576 2378500 1 1019
8312 18576 2378510 1 1019
8312 18575 2378520 1 1019
8311 18575 2378530 1 1019
8310 18575 2378540 1 1019
8310 18574 2378550 1 1019
8309 18573 2378560 1 1018
8308 18573 2378570 1 1018
8308 18572 2378580 1 1018
8307 18572 2378590 1 1018
8307 18571 2378600 1 1018
8306 18571 2378610 1 1018
8306 18570 2378620 1 1019
8306 18569 2378630 1 1019
8306 18569 2378640 1 1018
8307 18568 2378650 1 1018
8308 18568 2378660 1 1018
8309 18567 2378670 1 1018
8310 18566 2378680 1 1018
8311 18566 2378690 1 1018
8312 18565 2378700 1 1018
8313 18565 2378710 1 1018
8314 18564 2378720 1 1017
8315 18564 2378730 1 1017
8316 18564 2378740 1 1017
8316 18564 2378750 1 1017
8317 18564 2378760 1 1017
8317 18564 2378770 1 1017
8317 18565 2378780 1 1018
8317 18566 2378790 1 1018
8316 18568 2378800 1 1017
8316 18569 2378810 1 1017
8315 18571 2378820 1 1017
8315 18572 2378830 1 1017
8314 18573 2378840 1 1017
8313 18575 2378850 1 1017
8312 18576 2378860 1 1017
8311 18577 2378870 1 1017
8311 18578 2378880 1 1016
8310 18578 2378890 1 1016
8309 18579 2378900 1 1016
8308 18580 2378910 1 1016
8307 18580 2378920 1 1016
8306 18581 2378930 1 1016
8305 18581 2378940 1 1017
8304 18581 2378950 1 1017
8303 18581 2378960 1 1016
8302 18581 2378970 1 1016
8302 18580 2378980 1 1016
8302 18579 2378990 1 1016
8302 18577 2379000 1 1016
8302 18576 2379010 1 1016
8302 18574 2379020 1 1016
8302 18572 2379030 1 1016
8302 18570 2379040 1 1015
8303 18568 2379050 1 1015
8303 18565 2379060 1 1015
8304 18563 2379070 1 1015
8305 18561 2379080 1 1015
8306 18560 2379090 1 1015
8307 18558 2379100 1 1016
8308 18557 2379110 1 1016
8309 18556 2379120 1 1016
8310 18555 2379130 1 1015
8311 18554 2379140 1 1015
8311 18554 2379150 1 1015
8312 18553 2379160 1 1015
8313 18553 2379170 1 1015
8314 18553 2379180 1 1015
8314 18553 2379190 1 1015
8315 18554 2379200 1 1015
8315 18554 2379210 1 1014
8316 18554 2379220 1 1014
8316 18554 2379230 1 1014
8316 18554 2379240 1 1014
8316 18554 2379250 1 1014
8316 18555 2379260 1 1014
8316 18555 2379270 1 1015
8316 18556 2379280 1 1015
8316 18556 2379290 1 1014
8316 18557 2379300 1 1014
8316 18558 2379310 1 1014
8316 18559 2379320 1 1014
8316 18560 2379330 1 1014
8315 18561 2379340 1 1014
8315 18562 2379350 1 1014
8315 18563 2379360 1 1014
8315 18564 2379370 1 1013
8315 18565 2379380 1 1013
8315 18565 2379390 1 1013
8315 18566 2379400 1 1013
8315 18567 2379410 1 1013
8315 18568 2379420 1 1013
8315 18569 2379430 1 1013
8315 18569 2379440 1 1014
8315 18570 2379450 1 1013
8315 18570 2379460 1 1013
8315 18571 2379470 1 1013
8316 18571 2379480 1 1013
8316 18571 2379490 1 1013
8316 18570 2379500 1 1013
8316 18570 2379510 1 1013
