8082 18571 2941537 1 659
8082 18571 2941547 1 660
8082 18571 2941557 1 660
8082 18570 2941567 1 661
8082 18569 2941577 1 663
8082 18568 2941587 1 663
8081 18565 2941597 1 664
8081 18564 2941607 1 665
8080 18563 2941617 1 666
8080 18562 2941627 1 666
8079 18560 2941637 1 667
8078 18559 2941647 1 669
8078 18560 2941657 1 670
8078 18560 2941667 1 670
8078 18561 2941677 1 670
8079 18562 2941687 1 671
8079 18564 2941697 1 672
8078 18566 2941707 1 673
8078 18572 2941717 1 674
8077 18575 2941727 1 676
8077 18578 2941737 1 676
8076 18582 2941747 1 677
8076 18586 2941757 1 677
8075 18589 2941767 1 678
8073 18596 2941777 1 680
8072 18598 2941787 1 680
8071 18600 2941797 1 682
8069 18601 2941807 1 683
8068 18602 2941817 1 683
8066 18603 2941827 1 683
8064 18603 2941837 1 684
8064 18602 2941847 1 685
8064 18601 2941857 1 686
8063 18600 2941867 1 687
8063 18599 2941877 1 687
8063 18597 2941887 1 689
8063 18595 2941897 1 690
8063 18594 2941907 1 691
8062 18592 2941917 1 691
8061 18591 2941927 1 692
8060 18590 2941937 1 693
8059 18588 2941947 1 694
8056 18584 2941957 1 696
8055 18582 2941967 1 696
8054 18580 2941977 1 696
8053 18578 2941987 1 697
8052 18575 2941997 1 698
8051 18573 2942007 1 699
8050 18568 2942017 1 700
8050 18566 2942027 1 701
8051 18565 2942037 1 701
8051 18565 2942047 1 703
8052 18565 2942057 1 703
8054 18566 2942067 1 704
8057 18567 2942077 1 706
8059 18568 2942087 1 707
8061 18570 2942097 1 707
8062 18571 2942107 1 707
8064 18573 2942117 1 708
8065 18575 2942127 1 708
8067 18578 2942137 1 711
8067 18579 2942147 1 711
8067 18580 2942157 1 712
8066 18581 2942167 1 713
8066 18581 2942177 1 713
8066 18582 2942187 1 714
8064 18581 2942197 1 715
8064 18580 2942207 1 717
8063 18579 2942217 1 718
8063 18577 2942227 1 719
8062 18576 2942237 1 719
8062 18575 2942247 1 720
8062 18572 2942257 1 720
8062 18571 2942267 1 721
8063 18570 2942277 1 722
8064 18569 2942287 1 724
8065 18567 2942297 1 724
8066 18566 2942307 1 725
8070 18562 2942317 1 726
8072 18561 2942327 1 727
8074 18559 2942337 1 728
8076 18557 2942347 1 728
8079 18556 2942357 1 729
8082 18554 2942367 1 730
8087 18551 2942377 1 733
8089 18550 2942387 1 733
8091 18548 2942397 1 733
8092 18548 2942407 1 733
8094 18547 2942417 1 734
8095 18547 2942427 1 735
8097 18547 2942437 1 737
8097 18546 2942447 1 737
8098 18546 2942457 1 738
8098 18546 2942467 1 740
8098 18545 2942477 1 740
8098 18544 2942487 1 741
8097 18541 2942497 1 742
8096 18539 2942507 1 743
8096 18537 2942517 1 744
8096 18535 2942527 1 745
8096 18533 2942537 1 745
8096 18531 2942547 1 746
8096 18528 2942557 1 746
8097 18527 2942567 1 748
8098 18527 2942577 1 749
8099 18527 2942587 1 750
8099 18527 2942597 1 751
8100 18527 2942607 1 751
8102 18527 2942617 1 752
8102 18526 2942627 1 753
8103 18525 2942637 1 754
8105 18524 2942647 1 756
8106 18523 2942657 1 757
8107 18521 2942667 1 757
8110 18518 2942677 1 759
8111 18516 2942687 1 759
8112 18515 2942697 1 759
8112 18514 2942707 1 760
8112 18514 2942717 1 761
8112 18515 2942727 1 761
8112 18517 2942737 1 763
8112 18519 2942747 1 765
8112 18521 2942757 1 765
8112 18524 2942767 1 766
8113 18527 2942777 1 767
8113 18529 2942787 1 767
8115 18536 2942797 1 769
8116 18539 2942807 1 770
8117 18542 2942817 1 771
8118 18546 2942827 1 771
8119 18550 2942837 1 771
8120 18553 2942847 1 772
8121 18562 2942857 1 774
8122 18567 2942867 1 775
8123 18573 2942877 1 776
8123 18578 2942887 1 777
8124 18584 2942897 1 777
8124 18590 2942907 1 778
8123 18602 2942917 1 779
8123 18608 2942927 1 780
8122 18613 2942937 1 781
8120 18618 2942947 1 783
8119 18622 2942957 1 783
8118 18626 2942967 1 784
8116 18632 2942977 1 785
8116 18634 2942987 1 785
8115 18635 2942997 1 786
8115 18637 2943007 1 787
8115 18637 2943017 1 788
8115 18637 2943027 1 789
8115 18636 2943037 1 790
8115 18634 2943047 1 792
8115 18632 2943057 1 791
8115 18629 2943067 1 793
8115 18626 2943077 1 794
8115 18623 2943087 1 795
8115 18617 2943097 1 796
8115 18615 2943107 1 797
8116 18612 2943117 1 798
8116 18610 2943127 1 798
8116 18608 2943137 1 798
8116 18607 2943147 1 799
8115 18607 2943157 1 801
8115 18607 2943167 1 801
8114 18608 2943177 1 803
8113 18609 2943187 1 804
8113 18610 2943197 1 805
8113 18611 2943207 1 805
8115 18613 2943217 1 807
8116 18613 2943227 1 808
8118 18614 2943237 1 808
8119 18615 2943247 1 809
8121 18615 2943257 1 810
8122 18615 2943267 1 811
8126 18614 2943277 1 812
8127 18613 2943287 1 813
8129 18611 2943297 1 814
8130 18609 2943307 1 815
8131 18606 2943317 1 815
8132 18604 2943327 1 816
8132 18599 2943337 1 818
8132 18597 2943347 1 818
8131 18594 2943357 1 819
8131 18591 2943367 1 820
8130 18589 2943377 1 821
8129 18586 2943387 1 821
8128 18582 2943397 1 824
8127 18580 2943407 1 825
8126 18578 2943417 1 825
8125 18577 2943427 1 825
8125 18575 2943437 1 826
8124 18573 2943447 1 827
8122 18570 2943457 1 829
8121 18567 2943467 1 829
8120 18565 2943477 1 830
8120 18563 2943487 1 831
8119 18561 2943497 1 831
8118 18559 2943507 1 832
8116 18556 2943517 1 834
8115 18555 2943527 1 836
8113 18554 2943537 1 837
8110 18553 2943547 1 837
8108 18553 2943557 1 838
8106 18553 2943567 1 838
8100 18552 2943577 1 839
8097 18551 2943587 1 840
8094 18551 2943597 1 841
8091 18550 2943607 1 842
8087 18549 2943617 1 843
8084 18548 2943627 1 844
8077 18545 2943637 1 844
8074 18544 2943647 1 845
8072 18543 2943657 1 846
8069 18542 2943667 1 847
8068 18541 2943677 1 849
8066 18541 2943687 1 850
8064 18539 2943697 1 851
8063 18538 2943707 1 852
8063 18536 2943717 1 853
8062 18535 2943727 1 853
8062 18534 2943737 1 853
8062 18533 2943747 1 854
8062 18531 2943757 1 856
8063 18531 2943767 1 857
8063 18531 2943777 1 857
8063 18530 2943787 1 858
8064 18530 2943797 1 859
8064 18531 2943807 1 860
8062 18531 2943817 1 863
8061 18532 2943827 1 863
8059 18532 2943837 1 864
8057 18532 2943847 1 865
8055 18532 2943857 1 865
8053 18532 2943867 1 865
8048 18531 2943877 1 867
8046 18530 2943887 1 868
8044 18530 2943897 1 869
8042 18531 2943907 1 870
8040 18531 2943917 1 871
8038 18533 2943927 1 871
8035 18537 2943937 1 872
8033 18539 2943947 1 873
8032 18542 2943957 1 874
8030 18545 2943967 1 875
8029 18548 2943977 1 876
8028 18550 2943987 1 878
8026 18554 2943997 1 879
8025 18555 2944007 1 879
8025 18555 2944017 1 880
8024 18555 2944027 1 881
8024 18554 2944037 1 882
8025 18553 2944047 1 883
8026 18549 2944057 1 884
8028 18547 2944067 1 885
8030 18545 2944077 1 885
8032 18542 2944087 1 886
8034 18540 2944097 1 887
8036 18538 2944107 1 888
8041 18534 2944117 1 890
8043 18532 2944127 1 891
8045 18531 2944137 1 891
8047 18530 2944147 1 892
8049 18529 2944157 1 893
8051 18528 2944167 1 893
8055 18529 2944177 1 896
8057 18529 2944187 1 896
8059 18529 2944197 1 897
8060 18529 2944207 1 898
8062 18529 2944217 1 899
8064 18530 2944227 1 899
8068 18530 2944237 1 901
8070 18530 2944247 1 902
8072 18530 2944257 1 903
8073 18529 2944267 1 904
8075 18529 2944277 1 905
8077 18528 2944287 1 905
8080 18525 2944297 1 907
8082 18524 2944307 1 907
8083 18524 2944317 1 908
8084 18523 2944327 1 909
8084 18522 2944337 1 909
8085 18522 2944347 1 910
8085 18522 2944357 1 912
8085 18523 2944367 1 912
8085 18524 2944377 1 913
8086 18525 2944387 1 915
8086 18526 2944397 1 916
8086 18527 2944407 1 917
8087 18530 2944417 1 919
8087 18531 2944427 1 919
8087 18532 2944437 1 920
8088 18533 2944447 1 920
8088 18533 2944457 1 921
8088 18534 2944467 1 922
8089 18536 2944477 1 924
8089 18537 2944487 1 925
8090 18538 2944497 1 925
8091 18538 2944507 1 925
8092 18539 2944517 1 925
8093 18540 2944527 1 924
8096 18541 2944537 1 920
8097 18541 2944547 1 918
8098 18542 2944557 1 915
8098 18542 2944567 1 910
8099 18542 2944577 1 909
8099 18542 2944587 1 907
8099 18541 2944597 1 902
8099 18540 2944607 1 896
8099 18539 2944617 1 891
8098 18537 2944627 1 884
8098 18535 2944637 1 877
8097 18533 2944647 1 870
8095 18530 2944657 1 862
8094 18528 2944667 1 854
8093 18527 2944677 1 846
8093 18526 2944687 1 836
8093 18525 2944697 1 827
8093 18525 2944707 1 817
8093 18523 2944717 1 802
8094 18523 2944727 1 796
8094 18522 2944737 1 792
8094 18521 2944747 1 786
8095 18519 2944757 1 774
8095 18518 2944767 1 763
8097 18515 2944777 1 738
8097 18514 2944787 1 726
8098 18513 2944797 1 719
8098 18512 2944807 1 713
8099 18511 2944817 1 700
8100 18511 2944827 1 687
8104 18511 2944837 1 659
8106 18512 2944847 1 646
8109 18513 2944857 1 632
8112 18514 2944867 1 625
8116 18515 2944877 1 618
8119 18516 2944887 1 612
8127 18517 2944897 1 589
8130 18518 2944907 1 575
8133 18519 2944917 1 560
8135 18519 2944927 1 545
8137 18520 2944937 1 531
8138 18520 2944947 1 523
8139 18521 2944957 1 501
8139 18521 2944967 1 485
8138 18521 2944977 1 470
8136 18521 2944987 1 455
8134 18521 2944997 1 440
8131 18520 2945007 1 425
8125 18520 2945017 1 410
8121 18520 2945027 1 404
8118 18520 2945037 1 395
8115 18520 2945047 1 381
8113 18519 2945057 1 366
8110 18519 2945067 1 351
8107 18518 2945077 1 322
8106 18517 2945087 1 315
8105 18517 2945097 1 307
8105 18516 2945107 1 293
8106 18515 2945117 1 279
8106 18515 2945127 1 265
8108 18513 2945137 1 237
8109 18512 2945147 1 225
8110 18511 2945157 1 218
8112 18510 2945167 1 212
8114 18509 2945177 1 207
8116 18507 2945187 1 199
8119 18504 2945197 1 174
8121 18502 2945207 1 162
8122 18501 2945217 1 150
8123 18499 2945227 1 138
8125 18497 2945237 1 133
8126 18495 2945247 1 128
8128 18491 2945257 1 107
8128 18489 2945267 1 96
8129 18487 2945277 1 87
8130 18485 2945287 1 77
8130 18483 2945297 1 69
8131 18481 2945307 1 64
8132 18478 2945317 1 57
8132 18477 2945327 1 52
8133 18476 2945337 1 45
8133 18476 2945347 1 37
8133 18475 2945357 1 31
8133 18475 2945367 1 26
8133 18476 2945377 1 26
8133 18476 2945387 1 25
8132 18476 2945397 1 25
8131 18477 2945407 1 25
8130 18477 2945417 1 25
8129 18478 2945427 1 25
8128 18479 2945437 1 25
8127 18480 2945447 1 24
8126 18481 2945457 1 24
8125 18482 2945467 1 24
8124 18482 2945477 1 24
8123 18483 2945487 1 25
8121 18486 2945497 1 24
8121 18487 2945507 1 24
8121 18488 2945517 1 24
8121 18490 2945527 1 24
8121 18491 2945537 1 23
8121 18494 2945547 1 24
8122 18499 2945557 1 24
8123 18502 2945567 1 30
8123 18505 2945577 1 38
8124 18509 2945587 1 47
8125 18512 2945597 1 51
8125 18515 2945607 1 55
8125 18523 2945617 1 65
8125 18526 2945627 1 76
8124 18530 2945637 1 87
8123 18534 2945647 1 99
8121 18537 2945657 1 112
8120 18541 2945667 1 125
8117 18546 2945677 1 138
8116 18548 2945687 1 152
8116 18550 2945697 1 167
8115 18551 2945707 1 182
8115 18552 2945717 1 197
8116 18552 2945727 1 213
8118 18552 2945737 1 238
8119 18552 2945747 1 247
8120 18551 2945757 1 254
8121 18550 2945767 1 264
8122 18550 2945777 1 281
8123 18549 2945787 1 299
8125 18548 2945797 1 337
8126 18548 2945807 1 356
8127 18548 2945817 1 364
8128 18548 2945827 1 375
8130 18548 2945837 1 394
8131 18548 2945847 1 413
8132 18549 2945857 1 454
8132 18550 2945867 1 473
8131 18550 2945877 1 493
8131 18551 2945887 1 503
8130 18552 2945897 1 514
8130 18554 2945907 1 523
8129 18557 2945917 1 554
8129 18559 2945927 1 576
8130 18560 2945937 1 596
8131 18562 2945947 1 616
8133 18564 2945957 1 637
8135 18565 2945967 1 646
8139 18567 2945977 1 677
8141 18568 2945987 1 697
8144 18567 2945997 1 717
8146 18567 2946007 1 737
8148 18566 2946017 1 757
8151 18564 2946027 1 777
8156 18561 2946037 1 796
8158 18559 2946047 1 804
8160 18557 2946057 1 815
8162 18555 2946067 1 834
8163 18552 2946077 1 853
8164 18550 2946087 1 871
8165 18547 2946097 1 907
8164 18545 2946107 1 915
8163 18544 2946117 1 923
8162 18543 2946127 1 941
8160 18542 2946137 1 957
8158 18541 2946147 1 974
8154 18541 2946157 1 1004
8151 18541 2946167 1 1016
8148 18541 2946177 1 1018
8146 18541 2946187 1 1015
8144 18540 2946197 1 1015
8142 18539 2946207 1 1015
8138 18537 2946217 1 1015
8136 18535 2946227 1 1015
8135 18533 2946237 1 1016
8134 18532 2946247 1 1016
8133 18530 2946257 1 1016
8133 18529 2946267 1 1016
8134 18527 2946277 1 1016
8136 18527 2946287 1 1016
8137 18527 2946297 1 1016
8139 18528 2946307 1 1016
8141 18528 2946317 1 1016
8143 18528 2946327 1 1017
8147 18530 2946337 1 1016
8148 18530 2946347 1 1016
8149 18531 2946357 1 1016
8150 18531 2946367 1 1016
8151 18532 2946377 1 1016
8151 18533 2946387 1 1016
8151 18534 2946397 1 1016
8150 18535 2946407 1 1016
8150 18536 2946417 1 1016
8149 18536 2946427 1 1017
8149 18537 2946437 1 1017
8148 18538 2946447 1 1017
8147 18540 2946457 1 1017
8146 18542 2946467 1 1016
8145 18543 2946477 1 1016
8143 18545 2946487 1 1016
8142 18546 2946497 1 1016
8140 18546 2946507 1 1016
8137 18546 2946517 1 1017
8136 18545 2946527 1 1017
8135 18544 2946537 1 1017
8133 18544 2946547 1 1017
8132 18543 2946557 1 1017
8131 18542 2946567 1 1017
8130 18541 2946577 1 1017
8130 18541 2946587 1 1017
8129 18540 2946597 1 1017
8129 18539 2946607 1 1018
8129 18538 2946617 1 1017
8129 18537 2946627 1 1017
8130 18536 2946637 1 1017
8130 18536 2946647 1 1017
8130 18537 2946657 1 1017
8131 18538 2946667 1 1017
8131 18539 2946677 1 1017
8132 18541 2946687 1 1017
8133 18544 2946697 1 1017
8133 18547 2946707 1 1018
8134 18549 2946717 1 1018
8135 18551 2946727 1 1018
8135 18553 2946737 1 1018
8136 18555 2946747 1 1018
8137 18559 2946757 1 1017
8138 18560 2946767 1 1017
8138 18561 2946777 1 1017
8139 18563 2946787 1 1017
8140 18564 2946797 1 1017
8141 18565 2946807 1 1018
8142 18566 2946817 1 1018
8143 18566 2946827 1 1018
8143 18565 2946837 1 1018
8143 18565 2946847 1 1018
8143 18563 2946857 1 1018
8143 18562 2946867 1 1018
8142 18558 2946877 1 1018
8142 18555 2946887 1 1019
8142 18553 2946897 1 1018
8143 18550 2946907 1 1018
8143 18548 2946917 1 1018
8144 18547 2946927 1 1018
8146 18545 2946937 1 1018
8146 18545 2946947 1 1018
8147 18545 2946957 1 1018
8147 18546 2946967 1 1018
8147 18547 2946977 1 1018
8148 18548 2946987 1 1019
8149 18550 2946997 1 1019
8150 18551 2947007 1 1019
8151 18553 2947017 1 1019
8151 18554 2947027 1 1018
8152 18555 2947037 1 1018
8153 18557 2947047 1 1018
8154 18559 2947057 1 1018
8155 18560 2947067 1 1018
8156 18562 2947077 1 1018
8158 18563 2947087 1 1019
8159 18564 2947097 1 1019
8160 18565 2947107 1 1019
8163 18566 2947117 1 1019
8165 18567 2947127 1 1019
8166 18568 2947137 1 1019
8168 18568 2947147 1 1019
8170 18569 2947157 1 1019
8171 18569 2947167 1 1018
8174 18570 2947177 1 1019
8175 18571 2947187 1 1019
8176 18571 2947197 1 1019
8176 18572 2947207 1 1019
8177 18573 2947217 1 1019
8177 18573 2947227 1 1019
8176 18574 2947237 1 1019
8176 18574 2947247 1 1019
8175 18574 2947257 1 1019
8175 18574 2947267 1 1020
8174 18573 2947277 1 1020
8174 18573 2947287 1 1020
8175 18571 2947297 1 1019
8175 18571 2947307 1 1019
8176 18570 2947317 1 1019
8176 18569 2947327 1 1019
8177 18569 2947337 1 1019
8177 18568 2947347 1 1019
8178 18567 2947357 1 1020
8179 18567 2947367 1 1020
8179 18567 2947377 1 1020
8180 18567 2947387 1 1020
8180 18567 2947397 1 1020
8181 18567 2947407 1 1020
8182 18566 2947417 1 1020
8183 18565 2947427 1 1020
8184 18564 2947437 1 1019
8185 18563 2947447 1 1019
8186 18562 2947457 1 1020
8187 18562 2947467 1 1020
8188 18560 2947477 1 1020
8189 18560 2947487 1 1020
8190 18559 2947497 1 1020
8190 18559 2947507 1 1020
8191 18558 2947517 1 1020
8192 18557 2947527 1 1020
8193 18555 2947537 1 1020
8193 18554 2947547 1 1021
8194 18553 2947557 1 1021
8194 18552 2947567 1 1020
8194 18551 2947577 1 1020
8194 18551 2947587 1 1020
8194 18549 2947597 1 1020
8193 18549 2947607 1 1020
8192 18549 2947617 1 1020
8191 18549 2947627 1 1020
8190 18548 2947637 1 1024
8188 18548 2947647 1 1021
8186 18548 2947657 1 1021
8186 18548 2947667 1 1021
8185 18548 2947677 1 5
8185 18548 2947687 1 5
8185 18548 2947697 1 4
8185 18548 2947707 1 4
8185 18548 2947717 1 5
8185 18549 2947727 1 5
8185 18549 2947737 1 4
8185 18549 2947747 1 4
8186 18550 2947757 1 4
8186 18550 2947767 1 5
8186 18550 2947777 1 3
8186 18549 2947787 1 4
8186 18548 2947797 1 6
8185 18547 2947807 1 13
8185 18546 2947817 1 33
8184 18545 2947827 1 61
8183 18542 2947837 1 136
8182 18542 2947847 1 180
8182 18541 2947857 1 202
8181 18541 2947867 1 226
8179 18541 2947877 1 271
8178 18541 2947887 1 315
8176 18542 2947897 1 392
8175 18542 2947907 1 421
8174 18542 2947917 1 442
8173 18542 2947927 1 451
8172 18541 2947937 1 453
8171 18541 2947947 1 455
8170 18541 2947957 1 438
8170 18540 2947967 1 408
8170 18540 2947977 1 361
8170 18540 2947987 1 295
8170 18540 2947997 1 209
8171 18540 2948007 1 163
8171 18540 2948017 1 2
8172 18540 2948027 1 3
8173 18540 2948037 1 3
8173 18540 2948047 1 2
8174 18540 2948057 1 2
8175 18540 2948067 1 2
8176 18540 2948077 1 2
8176 18540 2948087 1 1
8177 18540 2948097 1 1
8177 18539 2948107 1 1
8177 18539 2948117 1 1
8177 18538 2948127 0 0
8177 18538 2948137 0 0
8177 18537 2948147 0 0
8177 18537 2948157 0 0
8176 18537 2948167 0 0
8176 18536 2948177 0 0
8175 18536 2948187 0 0
8174 18536 2948197 0 0
8174 18536 2948207 0 0
8173 18535 2948217 0 0
8173 18535 2948227 0 0
8173 18535 2948237 0 0
8172 18535 2948247 0 0
8172 18534 2948257 0 0
8172 18533 2948267 0 0
8172 18532 2948277 0 0
8172 18531 2948287 0 0
8172 18530 2948297 0 0
8172 18529 2948307 0 0
8171 18526 2948317 0 0
8170 18525 2948327 0 0
8169 18524 2948337 0 0
8168 18523 2948347 0 0
8167 18521 2948357 0 0
8166 18520 2948367 0 0
8164 18518 2948377 0 0
8162 18517 2948387 0 0
8161 18517 2948397 0 0
8160 18517 2948407 0 0
8159 18517 2948417 0 0
8157 18518 2948427 0 0
8156 18521 2948437 0 0
8155 18523 2948447 0 0
8155 18524 2948457 0 0
8155 18526 2948467 0 0
8155 18528 2948477 0 0
8155 18529 2948487 0 0
8157 18532 2948497 0 0
8158 18533 2948507 0 0
8159 18535 2948517 0 0
8160 18536 2948527 0 0
8161 18538 2948537 0 0
8162 18539 2948547 0 0
8163 18541 2948557 0 0
8164 18541 2948567 0 0
8164 18541 2948577 0 0
8164 18540 2948587 0 0
8164 18540 2948597 0 0
8164 18538 2948607 0 0
8164 18535 2948617 0 0
8164 18533 2948627 0 0
8163 18530 2948637 0 0
8163 18528 2948647 0 0
8163 18526 2948657 0 0
8162 18524 2948667 1 1
8161 18520 2948677 0 0
8160 18518 2948687 0 0
8159 18517 2948697 1 28
8158 18516 2948707 1 84
8157 18515 2948717 1 162
8156 18515 2948727 1 253
8154 18516 2948737 1 348
8153 18517 2948747 1 442
8152 18518 2948757 1 525
8151 18520 2948767 1 590
8150 18521 2948777 1 629
8149 18522 2948787 1 633
8147 18525 2948797 1 576
8147 18526 2948807 1 538
8146 18526 2948817 1 507
8146 18527 2948827 1 461
8146 18527 2948837 1 383
8145 18528 2948847 1 314
8145 18528 2948857 1 266
8146 18528 2948867 1 311
8146 18529 2948877 1 345
8147 18529 2948887 1 421
8148 18529 2948897 1 607
8149 18529 2948907 1 854
8152 18528 2948917 1 1022
8153 18528 2948927 1 1022
8155 18527 2948937 1 1021
8157 18527 2948947 1 1021
8160 18527 2948957 1 1021
8162 18527 2948967 1 1021
8166 18527 2948977 1 1021
8168 18527 2948987 1 1021
8170 18526 2948997 1 1022
8172 18526 2949007 1 1022
8174 18526 2949017 1 1022
8176 18526 2949027 1 1022
8180 18526 2949037 1 1021
8182 18526 2949047 1 1021
8183 18526 2949057 1 1021
8184 18526 2949067 1 1021
8185 18527 2949077 1 1021
8185 18527 2949087 1 1021
8185 18527 2949097 1 1021
8185 18527 2949107 1 1021
8186 18528 2949117 1 1021
8186 18528 2949127 1 1022
8186 18530 2949137 1 1021
8187 18531 2949147 1 1021
8188 18533 2949157 1 1021
8188 18535 2949167 1 1021
8188 18536 2949177 1 1021
8189 18537 2949187 1 1021
8189 18538 2949197 1 1021
8189 18538 2949207 1 1021
8189 18538 2949217 1 1020
8189 18537 2949227 1 1020
8189 18537 2949237 1 1020
8189 18536 2949247 1 1020
8190 18535 2949257 1 1020
8190 18535 2949267 1 1021
8191 18534 2949277 1 1021
8191 18533 2949287 1 1021
8191 18532 2949297 1 1021
8192 18530 2949307 1 1021
8192 18528 2949317 1 954
8193 18527 2949327 1 1020
8195 18523 2949337 1 5
8196 18521 2949347 1 5
8198 18519 2949357 1 6
8200 18517 2949367 1 6
8202 18515 2949377 1 6
8203 18513 2949387 1 5
8206 18510 2949397 1 6
8208 18509 2949407 1 6
8209 18507 2949417 1 6
8210 18506 2949427 1 6
8211 18506 2949437 1 7
8211 18505 2949447 1 7
8211 18505 2949457 1 7
8211 18505 2949467 1 16
8210 18504 2949477 1 38
8209 18504 2949487 1 69
8207 18504 2949497 1 110
8206 18504 2949507 1 159
8203 18504 2949517 1 275
8201 18505 2949527 1 307
8200 18505 2949537 1 340
8199 18505 2949547 1 368
8198 18506 2949557 1 409
8198 18506 2949567 1 478
8198 18507 2949577 1 619
8199 18507 2949587 1 686
8200 18506 2949597 1 752
8201 18506 2949607 1 783
8202 18505 2949617 1 812
8204 18505 2949627 1 867
8206 18505 2949637 1 957
8207 18505 2949647 1 988
8207 18505 2949657 1 1009
8207 18506 2949667 1 1019
8206 18507 2949677 1 1021
8206 18508 2949687 1 1020
8205 18510 2949697 1 1019
8205 18511 2949707 1 1019
8205 18512 2949717 1 1019
8205 18512 2949727 1 1019
8205 18512 2949737 1 1019
8205 18512 2949747 1 1019
8206 18512 2949757 1 1019
8206 18512 2949767 1 1019
8207 18512 2949777 1 1019
8208 18513 2949787 1 1018
8209 18514 2949797 1 1018
8210 18515 2949807 1 1018
8212 18518 2949817 1 1018
8213 18520 2949827 1 1019
8215 18522 2949837 1 1019
8216 18524 2949847 1 1019
8217 18526 2949857 1 1019
8218 18528 2949867 1 1019
8218 18531 2949877 1 1018
8218 18532 2949887 1 1018
8217 18534 2949897 1 1018
8217 18535 2949907 1 1018
8217 18536 2949917 1 1018
8216 18537 2949927 1 1018
8214 18537 2949937 1 1018
8213 18537 2949947 1 1018
8212 18537 2949957 1 1018
8212 18536 2949967 1 1019
8211 18535 2949977 1 1018
8210 18534 2949987 1 1017
8210 18532 2949997 1 1018
8210 18531 2950007 1 1018
8210 18531 2950017 1 1018
8210 18531 2950027 1 1018
8211 18532 2950037 1 1018
8212 18533 2950047 1 1018
8214 18535 2950057 1 1018
8215 18537 2950067 1 1017
8216 18538 2950077 1 1017
8218 18539 2950087 1 1017
8219 18540 2950097 1 1017
8221 18540 2950107 1 1017
8224 18540 2950117 1 1018
8226 18540 2950127 1 1018
8227 18539 2950137 1 1018
8228 18538 2950147 1 1018
8229 18537 2950157 1 1018
8229 18535 2950167 1 1017
8230 18532 2950177 1 1017
8230 18531 2950187 1 1017
8230 18529 2950197 1 1017
8231 18528 2950207 1 1017
8231 18526 2950217 1 1017
8231 18525 2950227 1 1017
8231 18522 2950237 1 1017
8230 18521 2950247 1 1016
8230 18521 2950257 1 1016
8229 18521 2950267 1 1017
8229 18521 2950277 1 1017
8228 18522 2950287 1 1017
8226 18524 2950297 1 1017
8225 18526 2950307 1 1017
8224 18527 2950317 1 1017
8223 18529 2950327 1 1017
8222 18532 2950337 1 1017
8221 18534 2950347 1 1017
8218 18540 2950357 1 1016
8217 18543 2950367 1 1016
8216 18546 2950377 1 1016
8215 18549 2950387 1 1016
8214 18552 2950397 1 1016
8214 18554 2950407 1 1016
8214 18557 2950417 1 1017
8214 18558 2950427 1 1017
8215 18558 2950437 1 1017
8215 18558 2950447 1 1016
8215 18557 2950457 1 1016
8216 18555 2950467 1 1016
8216 18552 2950477 1 1016
8216 18551 2950487 1 1016
8217 18550 2950497 1 1016
8217 18549 2950507 1 1016
8217 18548 2950517 1 1016
8218 18548 2950527 1 1016
8218 18548 2950537 1 1015
8218 18548 2950547 1 1015
8218 18547 2950557 1 1015
8217 18547 2950567 1 1016
8216 18547 2950577 1 1016
8216 18548 2950587 1 1016
8214 18548 2950597 1 1016
8213 18549 2950607 1 1016
8213 18551 2950617 1 1016
8212 18552 2950627 1 1016
8211 18554 2950637 1 1015
8209 18555 2950647 1 1015
8207 18558 2950657 1 1015
8205 18559 2950667 1 1015
8204 18560 2950677 1 1015
8203 18561 2950687 1 1015
8203 18561 2950697 1 1015
8202 18562 2950707 1 1015
8201 18564 2950717 1 1016
8201 18565 2950727 1 1015
8200 18566 2950737 1 1015
8200 18568 2950747 1 1015
8200 18569 2950757 1 1015
8199 18570 2950767 1 1015
8199 18572 2950777 1 19
8198 18572 2950787 1 19
8197 18572 2950797 1 19
8197 18571 2950807 1 19
8197 18569 2950817 1 19
8197 18567 2950827 1 20
8196 18564 2950837 1 20
8196 18562 2950847 1 20
8196 18561 2950857 1 19
8196 18559 2950867 1 19
8196 18558 2950877 1 20
8196 18556 2950887 1 20
8197 18554 2950897 1 20
8198 18553 2950907 1 30
8198 18553 2950917 1 38
8199 18552 2950927 1 50
8200 18552 2950937 1 83
8200 18553 2950947 1 122
8201 18554 2950957 1 224
8202 18554 2950967 1 284
8203 18555 2950977 1 348
8204 18555 2950987 1 380
8205 18555 2950997 1 414
8206 18556 2951007 1 443
8210 18557 2951017 1 552
8212 18558 2951027 1 620
8214 18559 2951037 1 687
8216 18560 2951047 1 750
8218 18561 2951057 1 811
8219 18562 2951067 1 839
8221 18565 2951077 1 912
8222 18566 2951087 1 952
8222 18567 2951097 1 983
8222 18568 2951107 1 1003
8222 18569 2951117 1 1013
8222 18571 2951127 1 1013
8221 18574 2951137 1 1013
8221 18575 2951147 1 1013
8221 18577 2951157 1 1013
8221 18578 2951167 1 1013
8221 18578 2951177 1 1013
8221 18579 2951187 1 1013
8222 18579 2951197 1 1013
8223 18579 2951207 1 1013
8223 18579 2951217 1 1013
8224 18579 2951227 1 1013
8225 18579 2951237 1 1013
8226 18580 2951247 1 1013
8228 18581 2951257 1 1013
8230 18582 2951267 1 1013
8232 18583 2951277 1 1013
8234 18583 2951287 1 1012
8235 18583 2951297 1 1012
8237 18583 2951307 1 1012
8239 18582 2951317 1 1012
8240 18582 2951327 1 1012
8241 18581 2951337 1 1012
8242 18580 2951347 1 1012
8242 18579 2951357 1 1013
8243 18578 2951367 1 1013
8243 18577 2951377 1 1012
8243 18576 2951387 1 1012
8243 18575 2951397 1 1012
8242 18573 2951407 1 1012
8242 18572 2951417 1 1012
8241 18569 2951427 1 1012
8240 18565 2951437 1 1012
8240 18563 2951447 1 1012
8239 18560 2951457 1 1012
8239 18558 2951467 1 1012
8239 18556 2951477 1 1011
8238 18553 2951487 1 1011
8238 18549 2951497 1 1011
8238 18546 2951507 1 1011
8238 18544 2951517 1 1011
8238 18542 2951527 1 1012
8239 18539 2951537 1 1012
8239 18537 2951547 1 1012
8239 18534 2951557 1 1011
8239 18532 2951567 1 1011
8239 18531 2951577 1 1011
8239 18530 2951587 1 1011
8240 18530 2951597 1 1011
8241 18529 2951607 1 1011
8244 18528 2951617 1 1011
8245 18527 2951627 1 1011
8247 18526 2951637 1 1011
8248 18525 2951647 1 1011
8250 18524 2951657 1 1011
8251 18523 2951667 1 1010
8254 18522 2951677 1 1010
8255 18521 2951687 1 1010
8256 18521 2951697 1 1011
8258 18520 2951707 1 1011
8259 18520 2951717 1 1011
8260 18521 2951727 1 1011
8262 18522 2951737 1 1011
8263 18524 2951747 1 1011
8264 18525 2951757 1 1010
8264 18526 2951767 1 1010
8264 18527 2951777 1 1010
8264 18528 2951787 1 1010
8264 18529 2951797 1 1010
8264 18530 2951807 1 1010
8265 18529 2951817 1 1010
8265 18529 2951827 1 1010
8266 18528 2951837 1 1010
8266 18527 2951847 1 1009
8268 18525 2951857 1 1009
8269 18524 2951867 1 1010
8270 18524 2951877 1 1010
8270 18523 2951887 1 1010
8271 18523 2951897 1 1010
8271 18523 2951907 1 1010
8271 18524 2951917 1 1010
8270 18525 2951927 1 1010
8268 18526 2951937 1 1010
8267 18528 2951947 1 1009
8265 18530 2951957 1 1009
8263 18532 2951967 1 1009
8259 18536 2951977 1 1009
8257 18538 2951987 1 1009
8255 18540 2951997 1 1009
8253 18542 2952007 1 1009
8252 18543 2952017 1 1009
8251 18545 2952027 1 1010
8250 18548 2952037 1 1009
8250 18550 2952047 1 1009
8250 18551 2952057 1 1009
8251 18553 2952067 1 1009
8251 18555 2952077 1 1009
8252 18557 2952087 1 1009
8254 18561 2952097 1 1009
8255 18563 2952107 1 1009
8257 18565 2952117 1 1009
8258 18567 2952127 1 1008
8260 18569 2952137 1 1008
8261 18571 2952147 1 1008
8264 18573 2952157 1 1008
8266 18573 2952167 1 1008
8267 18573 2952177 1 1008
8268 18573 2952187 1 1008
8268 18573 2952197 1 1008
8268 18572 2952207 1 1009
8268 18570 2952217 1 1008
8268 18569 2952227 1 1008
8267 18569 2952237 1 1008
8266 18568 2952247 1 1008
8265 18568 2952257 1 1008
8263 18568 2952267 1 1008
8260 18568 2952277 1 1008
8259 18568 2952287 1 1008
8257 18568 2952297 1 1008
8255 18568 2952307 1 1008
8254 18568 2952317 1 1008
8253 18567 2952327 1 1007
8251 18566 2952337 1 1007
8250 18566 2952347 1 1007
8249 18565 2952357 1 1007
8249 18565 2952367 1 1007
8248 18565 2952377 1 1007
8248 18565 2952387 1 1008
8248 18564 2952397 1 1008
8247 18563 2952407 1 1007
8248 18563 2952417 1 1007
8248 18562 2952427 1 1007
8249 18562 2952437 1 1007
8250 18562 2952447 1 1007
8253 18562 2952457 1 1007
8254 18562 2952467 1 1007
8256 18563 2952477 1 1007
8258 18563 2952487 1 1007
8260 18564 2952497 1 1007
8263 18564 2952507 1 1006
8268 18563 2952517 1 1006
8270 18562 2952527 1 1006
8273 18561 2952537 1 1006
8275 18559 2952547 1 1006
8276 18558 2952557 1 1006
8277 18556 2952567 1 1006
8278 18552 2952577 1 1007
8278 18551 2952587 1 1007
8279 18550 2952597 1 1006
8279 18549 2952607 1 1005
8279 18548 2952617 1 1006
8279 18547 2952627 1 1006
8278 18545 2952637 1 1006
8278 18545 2952647 1 1006
8277 18544 2952657 1 1006
8276 18544 2952667 1 1006
8276 18545 2952677 1 1006
8275 18545 2952687 1 1006
8274 18545 2952697 1 1005
8274 18546 2952707 1 1005
8274 18546 2952717 1 1005
8275 18547 2952727 1 1005
8275 18547 2952737 1 1005
8275 18546 2952747 1 1005
8276 18544 2952757 1 1006
8276 18543 2952767 1 1006
8275 18542 2952777 1 1006
8275 18541 2952787 1 1005
8274 18540 2952797 1 1005
8273 18540 2952807 1 1005
8271 18540 2952817 1 1005
8270 18541 2952827 1 1005
8268 18541 2952837 1 1005
8267 18542 2952847 1 1005
8266 18543 2952857 1 1005
8266 18544 2952867 1 1005
8265 18547 2952877 1 1004
8265 18549 2952887 1 1004
8265 18551 2952897 1 1004
8264 18553 2952907 1 1004
8264 18554 2952917 1 1004
8264 18555 2952927 1 1004
8265 18557 2952937 1 1004
8266 18557 2952947 1 1005
8266 18558 2952957 1 1005
8267 18557 2952967 1 1005
8268 18557 2952977 1 1004
8269 18556 2952987 1 1004
8270 18554 2952997 1 1004
8271 18553 2953007 1 1004
8271 18551 2953017 1 1004
8271 18549 2953027 1 1004
8272 18547 2953037 1 1004
8272 18546 2953047 1 1004
8273 18544 2953057 1 1004
8273 18544 2953067 1 1003
8273 18545 2953077 1 1003
8274 18545 2953087 1 1003
8274 18546 2953097 1 1003
8275 18547 2953107 1 1003
8276 18549 2953117 1 1003
8277 18550 2953127 1 1003
8277 18551 2953137 1 1004
8277 18552 2953147 1 1004
8276 18553 2953157 1 1003
8276 18554 2953167 1 1003
8275 18556 2953177 1 1003
8275 18557 2953187 1 1003
8275 18558 2953197 1 1003
8275 18559 2953207 1 1003
8276 18560 2953217 1 1003
8276 18560 2953227 1 1003
8278 18561 2953237 1 1003
8279 18561 2953247 1 1002
8280 18561 2953257 1 1002
8281 18561 2953267 1 1002
8282 18561 2953277 1 1002
8283 18561 2953287 1 1002
8283 18561 2953297 1 1002
8283 18561 2953307 1 1002
8283 18562 2953317 1 1002
8283 18562 2953327 1 1001
8283 18562 2953337 1 1001
8282 18563 2953347 1 1001
8282 18563 2953357 1 1002
8282 18563 2953367 1 1002
8282 18563 2953377 1 1002
8282 18563 2953387 1 1002
8282 18563 2953397 1 1002
8282 18562 2953407 1 1002
8282 18561 2953417 1 1001
8282 18560 2953427 1 1001
8281 18559 2953437 1 1001
8281 18557 2953447 1 1001
8281 18556 2953457 1 1001
8281 18555 2953467 1 1001
8281 18553 2953477 1 1001
8281 18552 2953487 1 1001
8281 18551 2953497 1 1000
8282 18549 2953507 1 1000
8282 18547 2953517 1 1000
8282 18546 2953527 1 1000
8283 18543 2953537 1 1000
8283 18541 2953547 1 1000
8283 18540 2953557 1 1001
8282 18539 2953567 1 1001
8282 18538 2953577 1 1000
8281 18537 2953587 1 1000
8281 18534 2953597 1 1000
8281 18533 2953607 1 1000
8282 18533 2953617 1 1000
8282 18533 2953627 1 1000
8283 18533 2953637 1 1000
8283 18534 2953647 1 1000
8284 18535 2953657 1 999
8284 18536 2953667 1 999
8284 18537 2953677 1 999
8284 18538 2953687 1 999
8285 18539 2953697 1 999
8285 18540 2953707 1 999
8288 18540 2953717 1 999
8289 18540 2953727 1 999
8291 18541 2953737 1 998
8293 18541 2953747 1 998
8295 18541 2953757 1 998
8296 18542 2953767 1 998
8300 18544 2953777 1 999
8301 18546 2953787 1 999
8303 18548 2953797 1 923
8304 18550 2953807 1 573
8305 18552 2953817 1 185
8306 18554 2953827 1 59
8307 18555 2953837 1 60
8306 18556 2953847 1 60
8306 18556 2953857 1 60
8305 18556 2953867 1 61
8304 18555 2953877 1 60
8302 18555 2953887 1 60
8300 18553 2953897 1 61
8299 18552 2953907 1 61
8298 18551 2953917 1 61
8298 18549 2953927 1 61
8297 18547 2953937 1 61
8297 18545 2953947 1 62
8297 18540 2953957 1 62
8297 18537 2953967 1 63
8297 18535 2953977 1 62
8297 18533 2953987 1 62
8296 18531 2953997 1 996
8296 18529 2954007 1 996
8296 18527 2954017 1 997
8296 18526 2954027 1 997
8295 18526 2954037 1 924
8295 18526 2954047 1 517
8294 18527 2954057 0 0
8293 18527 2954067 0 0
8289 18528 2954077 0 0
8288 18529 2954087 0 0
8286 18528 2954097 0 0
8284 18528 2954107 0 0
8283 18527 2954117 0 0
8282 18526 2954127 0 0
8280 18524 2954137 0 0
8279 18523 2954147 0 0
8279 18523 2954157 0 0
8278 18522 2954167 0 0
8277 18523 2954177 0 0
8276 18524 2954187 1 2
8273 18527 2954197 1 4
8271 18528 2954207 1 7
8269 18530 2954217 1 11
8268 18532 2954227 1 15
8267 18534 2954237 1 19
8267 18535 2954247 1 24
8268 18537 2954257 1 29
8269 18538 2954267 1 34
8270 18538 2954277 1 39
8272 18539 2954287 1 44
8274 18539 2954297 1 48
8277 18540 2954307 1 53
8281 18541 2954317 1 57
8283 18541 2954327 1 61
8285 18542 2954337 1 64
8286 18542 2954347 1 67
8288 18542 2954357 1 69
8289 18542 2954367 1 70
8290 18543 2954377 1 70
8290 18543 2954387 1 70
8290 18543 2954397 1 71
8290 18544 2954407 1 71
8290 18544 2954417 1 71
8290 18544 2954427 1 72
8291 18544 2954437 1 72
8291 18543 2954447 1 72
8291 18542 2954457 1 73
8291 18541 2954467 1 992
8290 18539 2954477 1 992
8290 18536 2954487 1 992
8288 18532 2954497 1 993
8287 18530 2954507 1 993
8287 18529 2954517 1 993
8286 18527 2954527 1 993
8286 18527 2954537 1 992
8285 18527 2954547 1 992
8286 18526 2954557 1 992
8287 18526 2954567 1 992
8288 18527 2954577 1 992
8289 18527 2954587 1 992
8291 18528 2954597 1 992
8292 18529 2954607 1 992
8295 18531 2954617 1 991
