7609 18327 2135338 1 660
7609 18327 2135348 1 670
7609 18327 2135358 1 674
7609 18327 2135368 1 675
7609 18327 2135378 1 675
7609 18327 2135388 1 676
7610 18327 2135398 1 677
7611 18327 2135408 1 677
7612 18328 2135418 1 678
7613 18329 2135428 1 678
7614 18330 2135438 1 679
7615 18331 2135448 1 680
7616 18331 2135458 1 680
7617 18331 2135468 1 681
7617 18331 2135478 1 681
7617 18331 2135488 1 681
7618 18332 2135498 1 682
7618 18332 2135508 1 682
7619 18333 2135518 1 682
7618 18333 2135528 1 683
7616 18334 2135538 1 683
7614 18335 2135548 1 684
7610 18337 2135558 1 685
7606 18338 2135568 1 685
7602 18340 2135578 1 686
7599 18341 2135588 1 687
7596 18343 2135598 1 687
7594 18344 2135608 1 688
7593 18344 2135618 1 688
7592 18344 2135628 1 688
7590 18345 2135638 1 688
7588 18346 2135648 1 689
7586 18346 2135658 1 690
7583 18347 2135668 1 690
7581 18347 2135678 1 691
7578 18348 2135688 1 692
7575 18349 2135698 1 692
7572 18350 2135708 1 693
7569 18351 2135718 1 693
7565 18351 2135728 1 693
7562 18351 2135738 1 694
7560 18352 2135748 1 695
7559 18352 2135758 1 695
7558 18352 2135768 1 696
7558 18352 2135778 1 696
7558 18351 2135788 1 697
7559 18351 2135798 1 697
7560 18351 2135808 1 697
7562 18350 2135818 1 698
7564 18350 2135828 1 698
7567 18349 2135838 1 699
7571 18348 2135848 1 700
7574 18347 2135858 1 701
7577 18347 2135868 1 701
7580 18346 2135878 1 702
7583 18346 2135888 1 702
7584 18345 2135898 1 702
7585 18345 2135908 1 702
7587 18345 2135918 1 703
7588 18345 2135928 1 704
7589 18345 2135938 1 705
7589 18345 2135948 1 705
7589 18345 2135958 1 705
7588 18346 2135968 1 706
7587 18347 2135978 1 706
7586 18348 2135988 1 707
7584 18349 2135998 1 707
7583 18350 2136008 1 708
7582 18351 2136018 1 709
7581 18352 2136028 1 710
7581 18353 2136038 1 711
7581 18353 2136048 1 711
7581 18353 2136058 1 711
7581 18354 2136068 1 711
7582 18354 2136078 1 711
7583 18354 2136088 1 712
7583 18354 2136098 1 713
7584 18353 2136108 1 714
7584 18353 2136118 1 714
7584 18352 2136128 1 714
7584 18351 2136138 1 715
7583 18350 2136148 1 715
7583 18349 2136158 1 716
7584 18348 2136168 1 717
7584 18348 2136178 1 717
7584 18348 2136188 1 717
7585 18347 2136198 1 718
7586 18347 2136208 1 719
7588 18346 2136218 1 720
7589 18346 2136228 1 720
7591 18345 2136238 1 721
7593 18345 2136248 1 721
7594 18344 2136258 1 721
7595 18342 2136268 1 722
7596 18341 2136278 1 723
7596 18339 2136288 1 723
7595 18337 2136298 1 723
7594 18335 2136308 1 724
7593 18334 2136318 1 725
7592 18333 2136328 1 725
7591 18330 2136338 1 725
7590 18328 2136348 1 726
7588 18325 2136358 1 727
7586 18322 2136368 1 727
7584 18320 2136378 1 728
7583 18317 2136388 1 729
7581 18315 2136398 1 730
7580 18312 2136408 1 731
7579 18310 2136418 1 731
7578 18307 2136428 1 731
7578 18305 2136438 1 731
7578 18303 2136448 1 732
7578 18302 2136458 1 732
7578 18301 2136468 1 733
7578 18299 2136478 1 733
7579 18297 2136488 1 734
7579 18295 2136498 1 734
7580 18293 2136508 1 735
7582 18291 2136518 1 736
7583 18289 2136528 1 736
7585 18288 2136538 1 737
7586 18286 2136548 1 738
7588 18284 2136558 1 738
7590 18282 2136568 1 739
7592 18281 2136578 1 740
7594 18279 2136588 1 741
7595 18278 2136598 1 741
7597 18277 2136608 1 741
7600 18276 2136618 1 742
7603 18274 2136628 1 742
7606 18273 2136638 1 742
7608 18272 2136648 1 743
7610 18271 2136658 1 744
7612 18271 2136668 1 744
7613 18270 2136678 1 745
7615 18269 2136688 1 745
7617 18269 2136698 1 746
7618 18269 2136708 1 746
7620 18269 2136718 1 747
7622 18270 2136728 1 748
7623 18270 2136738 1 748
7625 18271 2136748 1 749
7627 18272 2136758 1 750
7630 18273 2136768 1 750
7632 18274 2136778 1 751
7634 18275 2136788 1 752
7636 18276 2136798 1 752
7638 18277 2136808 1 752
7639 18278 2136818 1 753
7641 18279 2136828 1 754
7643 18280 2136838 1 754
7645 18281 2136848 1 755
7647 18283 2136858 1 755
7650 18286 2136868 1 756
7651 18287 2136878 1 756
7652 18288 2136888 1 756
7655 18291 2136898 1 757
7658 18294 2136908 1 758
7661 18298 2136918 1 758
7664 18302 2136928 1 759
7666 18305 2136938 1 760
7668 18309 2136948 1 761
7670 18313 2136958 1 762
7672 18316 2136968 1 762
7674 18320 2136978 1 762
7677 18323 2136988 1 762
7679 18326 2136998 1 763
7682 18329 2137008 1 764
7683 18331 2137018 1 764
7683 18332 2137028 1 765
7684 18336 2137038 1 766
7684 18339 2137048 1 767
7683 18342 2137058 1 767
7682 18346 2137068 1 767
7681 18350 2137078 1 767
7678 18354 2137088 1 768
7675 18357 2137098 1 769
7672 18361 2137108 1 770
7669 18365 2137118 1 771
7665 18369 2137128 1 771
7661 18373 2137138 1 772
7657 18376 2137148 1 773
7655 18378 2137158 1 773
7653 18380 2137168 1 773
7650 18383 2137178 1 773
7647 18386 2137188 1 774
7644 18389 2137198 1 775
7642 18392 2137208 1 776
7640 18394 2137218 1 777
7639 18397 2137228 1 777
7638 18399 2137238 1 778
7638 18402 2137248 1 779
7639 18404 2137258 1 779
7640 18405 2137268 1 780
7641 18406 2137278 1 780
7642 18407 2137288 1 781
7642 18408 2137298 1 781
7643 18408 2137308 1 781
7645 18408 2137318 1 782
7646 18408 2137328 1 783
7648 18408 2137338 1 784
7650 18407 2137348 1 784
7651 18407 2137358 1 784
7651 18405 2137368 1 785
7652 18404 2137378 1 786
7653 18402 2137388 1 787
7654 18401 2137398 1 787
7656 18399 2137408 1 788
7657 18397 2137418 1 789
7658 18396 2137428 1 790
7659 18395 2137438 1 790
7660 18394 2137448 1 790
7661 18392 2137458 1 791
7663 18391 2137468 1 792
7664 18390 2137478 1 793
7666 18388 2137488 1 793
7668 18387 2137498 1 794
7670 18385 2137508 1 794
7672 18383 2137518 1 795
7673 18381 2137528 1 795
7675 18379 2137538 1 796
7676 18376 2137548 1 796
7678 18374 2137558 1 797
7680 18371 2137568 1 798
7682 18370 2137578 1 798
7683 18369 2137588 1 798
7685 18366 2137598 1 799
7686 18364 2137608 1 800
7686 18362 2137618 1 801
7686 18360 2137628 1 801
7685 18358 2137638 1 802
7684 18356 2137648 1 803
7682 18354 2137658 1 804
7681 18352 2137668 1 804
7679 18349 2137678 1 805
7678 18347 2137688 1 806
7676 18344 2137698 1 807
7675 18341 2137708 1 807
7674 18340 2137718 1 807
7674 18338 2137728 1 807
7673 18335 2137738 1 808
7672 18332 2137748 1 809
7672 18329 2137758 1 809
7671 18326 2137768 1 810
7670 18323 2137778 1 810
7668 18320 2137788 1 811
7666 18318 2137798 1 812
7663 18316 2137808 1 812
7660 18314 2137818 1 813
7657 18312 2137828 1 814
7654 18311 2137838 1 815
7651 18310 2137848 1 816
7649 18309 2137858 1 817
7648 18309 2137868 1 817
7646 18308 2137878 1 817
7644 18307 2137888 1 818
7642 18306 2137898 1 818
7641 18306 2137908 1 818
7640 18306 2137918 1 819
7638 18306 2137928 1 820
7637 18305 2137938 1 821
7636 18305 2137948 1 822
7634 18305 2137958 1 823
7632 18305 2137968 1 824
7630 18305 2137978 1 824
7628 18305 2137988 1 824
7627 18304 2137998 1 824
7626 18304 2138008 1 825
7624 18304 2138018 1 826
7622 18304 2138028 1 827
7620 18303 2138038 1 827
7618 18303 2138048 1 828
7616 18303 2138058 1 829
7614 18303 2138068 1 829
7612 18303 2138078 1 830
7610 18302 2138088 1 831
7608 18302 2138098 1 831
7606 18301 2138108 1 831
7604 18301 2138118 1 832
7601 18300 2138128 1 833
7600 18300 2138138 1 834
7599 18299 2138148 1 834
7597 18299 2138158 1 835
7595 18299 2138168 1 835
7592 18298 2138178 1 836
7590 18298 2138188 1 837
7587 18298 2138198 1 838
7584 18297 2138208 1 839
7581 18297 2138218 1 840
7579 18297 2138228 1 840
7576 18297 2138238 1 841
7575 18297 2138248 1 842
7573 18297 2138258 1 842
7572 18297 2138268 1 842
7571 18297 2138278 1 842
7571 18297 2138288 1 843
7571 18297 2138298 1 844
7572 18297 2138308 1 845
7573 18296 2138318 1 846
7575 18296 2138328 1 847
7576 18296 2138338 1 847
7578 18296 2138348 1 847
7580 18295 2138358 1 848
7581 18295 2138368 1 848
7582 18295 2138378 1 849
7582 18295 2138388 1 850
7582 18295 2138398 1 851
7583 18295 2138408 1 852
7583 18296 2138418 1 853
7583 18296 2138428 1 853
7584 18297 2138438 1 853
7585 18297 2138448 1 854
7586 18297 2138458 1 855
7587 18298 2138468 1 855
7587 18298 2138478 1 856
7587 18298 2138488 1 857
7586 18297 2138498 1 858
7585 18297 2138508 1 858
7584 18296 2138518 1 859
7583 18296 2138528 1 860
7582 18295 2138538 1 860
7582 18295 2138548 1 861
7581 18294 2138558 1 861
7581 18294 2138568 1 862
7581 18293 2138578 1 863
7580 18293 2138588 1 864
7580 18292 2138598 1 865
7580 18292 2138608 1 866
7579 18292 2138618 1 866
7580 18292 2138628 1 867
7579 18292 2138638 1 867
7579 18292 2138648 1 868
7579 18291 2138658 1 869
7578 18291 2138668 1 870
7577 18290 2138678 1 870
7576 18289 2138688 1 871
7576 18289 2138698 1 871
7576 18288 2138708 1 872
7575 18287 2138718 1 872
7574 18286 2138728 1 873
7574 18285 2138738 1 873
7574 18285 2138748 1 874
7575 18284 2138758 1 875
7575 18284 2138768 1 876
7575 18285 2138778 1 877
7575 18285 2138788 1 878
7575 18285 2138798 1 878
7575 18286 2138808 1 879
7574 18286 2138818 1 880
7573 18287 2138828 1 880
7572 18287 2138838 1 881
7572 18287 2138848 1 881
7571 18287 2138858 1 882
7569 18286 2138868 1 882
7568 18286 2138878 1 883
7566 18286 2138888 1 884
7565 18286 2138898 1 885
7564 18285 2138908 1 885
7563 18285 2138918 1 886
7563 18285 2138928 1 887
7564 18285 2138938 1 888
7566 18285 2138948 1 889
7569 18285 2138958 1 890
7572 18285 2138968 1 891
7574 18285 2138978 1 891
7576 18285 2138988 1 891
7580 18285 2138998 1 892
7585 18285 2139008 1 892
7590 18285 2139018 1 893
7596 18286 2139028 1 894
7601 18286 2139038 1 895
7606 18286 2139048 1 896
7610 18286 2139058 1 897
7614 18287 2139068 1 897
7618 18287 2139078 1 897
7621 18286 2139088 1 897
7623 18286 2139098 1 896
7625 18285 2139108 1 895
7626 18285 2139118 1 894
7626 18284 2139128 1 893
7627 18283 2139138 1 891
7627 18282 2139148 1 888
7627 18281 2139158 1 885
7627 18279 2139168 1 884
7627 18278 2139178 1 882
7627 18276 2139188 1 880
7628 18275 2139198 1 877
7629 18273 2139208 1 873
7630 18273 2139218 1 868
7631 18272 2139228 1 862
7631 18271 2139238 1 857
7631 18271 2139248 1 850
7631 18271 2139258 1 848
7631 18270 2139268 1 847
7630 18270 2139278 1 843
7628 18270 2139288 1 837
7627 18270 2139298 1 829
7625 18270 2139308 1 821
7624 18270 2139318 1 813
7624 18270 2139328 1 805
7625 18270 2139338 1 795
7626 18270 2139348 1 792
7628 18270 2139358 1 787
7630 18270 2139368 1 783
7632 18270 2139378 1 777
7634 18270 2139388 1 767
7636 18270 2139398 1 762
7637 18270 2139408 1 758
7640 18269 2139418 1 747
7643 18269 2139428 1 736
7646 18268 2139438 1 725
7648 18267 2139448 1 720
7651 18266 2139458 1 714
7653 18265 2139468 1 703
7656 18264 2139478 1 691
7658 18262 2139488 1 680
7660 18261 2139498 1 668
7662 18259 2139508 1 656
7664 18257 2139518 1 644
7666 18255 2139528 1 637
7667 18254 2139538 1 634
7668 18253 2139548 1 632
7669 18251 2139558 1 626
7671 18250 2139568 1 618
7671 18249 2139578 1 606
7672 18248 2139588 1 594
7672 18247 2139598 1 580
7672 18247 2139608 1 567
7673 18246 2139618 1 555
7673 18246 2139628 1 548
7674 18246 2139638 1 541
7674 18245 2139648 1 528
7675 18245 2139658 1 515
7676 18244 2139668 1 501
7676 18244 2139678 1 495
7676 18244 2139688 1 488
7675 18244 2139698 1 475
7675 18245 2139708 1 461
7674 18245 2139718 1 455
7673 18246 2139728 1 448
7671 18247 2139738 1 442
7669 18248 2139748 1 435
7667 18249 2139758 1 422
7664 18251 2139768 1 409
7661 18252 2139778 1 395
7658 18253 2139788 1 382
7654 18254 2139798 1 370
7651 18255 2139808 1 363
7650 18256 2139818 1 361
7648 18256 2139828 1 356
7645 18256 2139838 1 344
7643 18256 2139848 1 331
7640 18255 2139858 1 319
7636 18254 2139868 1 307
7633 18253 2139878 1 294
7630 18251 2139888 1 283
7627 18250 2139898 1 277
7625 18249 2139908 1 271
7623 18248 2139918 1 266
7622 18247 2139928 1 259
7622 18245 2139938 1 248
7623 18244 2139948 1 236
7623 18243 2139958 1 231
7624 18242 2139968 1 226
7626 18240 2139978 1 215
7628 18238 2139988 1 205
7630 18236 2139998 1 200
7633 18233 2140008 1 195
7635 18231 2140018 1 185
7638 18229 2140028 1 176
7641 18227 2140038 1 166
7645 18226 2140048 1 158
7648 18224 2140058 1 149
7651 18224 2140068 1 141
7654 18223 2140078 1 137
7657 18223 2140088 1 133
7658 18223 2140098 1 132
7658 18223 2140108 1 130
7659 18223 2140118 1 126
7659 18223 2140128 1 119
7659 18223 2140138 1 112
7658 18224 2140148 1 106
7656 18225 2140158 1 101
7655 18225 2140168 1 100
7653 18226 2140178 1 101
7651 18227 2140188 1 100
7650 18229 2140198 1 100
7649 18230 2140208 1 100
7647 18232 2140218 1 99
7646 18234 2140228 1 99
7645 18235 2140238 1 99
7644 18236 2140248 1 99
7642 18238 2140258 1 99
7640 18240 2140268 1 98
7638 18242 2140278 1 97
7637 18244 2140288 1 97
7636 18246 2140298 1 97
7636 18248 2140308 1 97
7636 18250 2140318 1 96
7636 18252 2140328 1 96
7636 18254 2140338 1 96
7636 18256 2140348 1 96
7635 18258 2140358 1 96
7633 18259 2140368 1 95
7633 18260 2140378 1 94
7631 18261 2140388 1 95
7629 18262 2140398 1 95
7626 18263 2140408 1 94
7623 18263 2140418 1 100
7620 18264 2140428 1 107
7618 18264 2140438 1 114
7616 18265 2140448 1 118
7614 18265 2140458 1 122
7614 18266 2140468 1 125
7613 18266 2140478 1 130
7613 18267 2140488 1 140
7613 18268 2140498 1 149
7614 18269 2140508 1 160
7614 18269 2140518 1 165
7614 18270 2140528 1 171
7615 18270 2140538 1 183
7615 18271 2140548 1 188
7616 18272 2140558 1 194
7617 18274 2140568 1 206
7618 18275 2140578 1 220
7619 18277 2140588 1 233
7620 18279 2140598 1 247
7621 18281 2140608 1 261
7622 18283 2140618 1 276
7624 18285 2140628 1 284
7626 18286 2140638 1 292
7629 18288 2140648 1 298
7630 18289 2140658 1 301
7631 18289 2140668 1 307
7635 18291 2140678 1 322
7638 18292 2140688 1 338
7642 18293 2140698 1 355
7646 18293 2140708 1 372
7651 18294 2140718 1 389
7655 18295 2140728 1 397
7659 18295 2140738 1 407
7663 18296 2140748 1 424
7667 18296 2140758 1 441
7671 18297 2140768 1 459
7674 18297 2140778 1 478
7677 18298 2140788 1 495
7678 18298 2140798 1 506
7680 18298 2140808 1 513
7682 18298 2140818 1 523
7683 18298 2140828 1 533
7685 18299 2140838 1 540
7686 18299 2140848 1 551
7687 18299 2140858 1 569
7687 18299 2140868 1 588
7687 18298 2140878 1 607
7686 18298 2140888 1 625
7685 18299 2140898 1 644
7683 18299 2140908 1 653
7681 18299 2140918 1 663
7678 18300 2140928 1 681
7677 18300 2140938 1 691
7675 18301 2140948 1 699
7673 18302 2140958 1 718
7670 18303 2140968 1 736
7667 18304 2140978 1 754
7665 18305 2140988 1 773
7662 18307 2140998 1 781
7660 18308 2141008 1 790
7658 18309 2141018 1 797
7655 18310 2141028 1 808
7653 18311 2141038 1 825
7651 18312 2141048 1 842
7649 18312 2141058 1 859
7648 18312 2141068 1 875
7647 18312 2141078 1 885
7647 18311 2141088 1 892
7645 18310 2141098 1 900
7645 18309 2141108 1 907
7644 18308 2141118 1 924
7644 18306 2141128 1 938
7644 18305 2141138 1 954
7645 18303 2141148 1 968
7645 18302 2141158 1 982
7646 18301 2141168 1 993
7647 18300 2141178 1 995
7648 18299 2141188 1 993
7649 18298 2141198 1 992
7650 18298 2141208 1 993
7650 18297 2141218 1 993
7650 18297 2141228 1 993
7650 18296 2141238 1 993
7651 18295 2141248 1 993
7652 18295 2141258 1 994
7654 18294 2141268 1 994
7656 18294 2141278 1 994
7658 18294 2141288 1 994
7660 18293 2141298 1 994
7661 18292 2141308 1 994
7662 18292 2141318 1 994
7663 18291 2141328 1 994
7663 18290 2141338 1 994
7663 18289 2141348 1 994
7662 18288 2141358 1 995
7662 18288 2141368 1 995
7661 18287 2141378 1 996
7660 18286 2141388 1 995
7658 18285 2141398 1 996
7656 18285 2141408 1 996
7654 18285 2141418 1 996
7652 18285 2141428 1 996
7650 18286 2141438 1 996
7649 18286 2141448 1 996
7648 18287 2141458 1 996
7648 18288 2141468 1 996
7648 18289 2141478 1 996
7648 18289 2141488 1 997
7648 18289 2141498 1 997
7649 18289 2141508 1 997
7650 18290 2141518 1 997
7651 18289 2141528 1 997
7653 18289 2141538 1 997
7656 18289 2141548 1 997
7658 18288 2141558 1 997
7660 18288 2141568 1 997
7662 18287 2141578 1 997
7664 18287 2141588 1 997
7664 18288 2141598 1 997
7664 18288 2141608 1 998
7663 18288 2141618 1 998
7662 18289 2141628 1 998
7662 18289 2141638 1 998
7662 18290 2141648 1 998
7661 18291 2141658 1 998
7661 18291 2141668 1 999
7662 18292 2141678 1 999
7663 18293 2141688 1 999
7664 18294 2141698 1 999
7666 18294 2141708 1 999
7668 18295 2141718 1 1000
7670 18295 2141728 1 1000
7671 18295 2141738 1 1000
7673 18296 2141748 1 1000
7675 18296 2141758 1 1000
7677 18297 2141768 1 1000
7678 18297 2141778 1 1000
7678 18297 2141788 1 1000
7679 18298 2141798 1 1000
7679 18298 2141808 1 1000
7679 18299 2141818 1 1000
7678 18299 2141828 1 1000
7678 18300 2141838 1 1000
7677 18301 2141848 1 1001
7677 18301 2141858 1 1001
7676 18302 2141868 1 1001
7675 18302 2141878 1 1001
7674 18303 2141888 1 1001
7672 18303 2141898 1 1001
7671 18304 2141908 1 1001
7670 18304 2141918 1 1001
7669 18305 2141928 1 1001
7668 18305 2141938 1 1002
7667 18306 2141948 1 1002
7667 18307 2141958 1 1002
7667 18308 2141968 1 1003
7667 18309 2141978 1 1003
7667 18309 2141988 1 1003
7667 18310 2141998 1 1003
7666 18310 2142008 1 1003
7665 18310 2142018 1 1003
7664 18310 2142028 1 1003
7661 18310 2142038 1 1003
7659 18311 2142048 1 1003
7657 18311 2142058 1 1003
7656 18311 2142068 1 1003
7652 18312 2142078 1 1004
7649 18313 2142088 1 1004
7645 18314 2142098 1 1004
7642 18315 2142108 1 1004
7639 18316 2142118 1 1004
7637 18317 2142128 1 1004
7636 18318 2142138 1 1004
7635 18319 2142148 1 1004
7635 18319 2142158 1 1004
7635 18320 2142168 1 1004
7636 18321 2142178 1 1004
7639 18321 2142188 1 1005
7640 18321 2142198 1 1006
7641 18322 2142208 1 1005
7645 18322 2142218 1 1005
7649 18322 2142228 1 1005
7654 18323 2142238 1 1006
7659 18323 2142248 1 1006
7665 18323 2142258 1 1006
7671 18324 2142268 1 1006
7678 18324 2142278 1 1006
7684 18324 2142288 1 1006
7690 18324 2142298 1 1006
7695 18323 2142308 1 1006
7700 18323 2142318 1 1007
7705 18323 2142328 1 1007
7708 18323 2142338 1 1007
7710 18323 2142348 1 1007
7715 18323 2142358 1 1007
7719 18323 2142368 1 1007
7722 18323 2142378 1 1007
7724 18322 2142388 1 1007
7725 18322 2142398 1 1007
7726 18321 2142408 1 1007
7725 18320 2142418 1 1007
7724 18320 2142428 1 1008
7722 18319 2142438 1 1008
7720 18319 2142448 1 1008
7717 18318 2142458 1 1008
7714 18317 2142468 1 1008
7713 18317 2142478 1 1008
7712 18317 2142488 1 1008
7709 18316 2142498 1 1008
7707 18316 2142508 1 1009
7706 18316 2142518 1 1009
7705 18315 2142528 1 1009
7705 18315 2142538 1 1009
7706 18315 2142548 1 1010
7707 18315 2142558 1 1010
7709 18316 2142568 1 1010
7712 18316 2142578 1 1010
7714 18317 2142588 1 1010
7718 18318 2142598 1 1010
7720 18319 2142608 1 1010
7722 18319 2142618 1 1010
7723 18319 2142628 1 1010
7725 18319 2142638 1 1010
7728 18320 2142648 1 1010
7730 18320 2142658 1 1010
7731 18320 2142668 1 1011
7733 18320 2142678 1 1011
7734 18319 2142688 1 1011
7735 18319 2142698 1 1011
7736 18318 2142708 1 1011
7735 18317 2142718 1 1011
7735 18317 2142728 1 1011
7734 18316 2142738 1 1011
7733 18315 2142748 1 1011
7732 18315 2142758 1 1011
7731 18314 2142768 1 1011
7730 18313 2142778 1 1011
7728 18313 2142788 1 1013
7727 18312 2142798 1 1013
7727 18311 2142808 1 1013
7726 18311 2142818 1 1013
7726 18310 2142828 1 1013
7725 18310 2142838 1 1013
7725 18310 2142848 1 1013
7725 18310 2142858 1 1013
7725 18310 2142868 1 1013
7726 18310 2142878 1 1013
7726 18310 2142888 1 1013
7727 18310 2142898 1 1013
7727 18310 2142908 1 1014
7728 18310 2142918 1 1014
7728 18309 2142928 1 1014
7729 18308 2142938 1 1014
7730 18307 2142948 1 1014
7730 18306 2142958 1 1014
7730 18304 2142968 1 1014
7730 18303 2142978 1 1014
7729 18302 2142988 1 1014
7728 18302 2142998 1 1014
7727 18301 2143008 1 1021
7725 18301 2143018 1 1015
7722 18300 2143028 1 948
7721 18300 2143038 1 900
7720 18300 2143048 1 1015
7718 18300 2143058 1 1016
7717 18300 2143068 1 17
7716 18300 2143078 1 17
7717 18300 2143088 1 16
7718 18300 2143098 1 16
7720 18301 2143108 1 21
7723 18301 2143118 1 16
7725 18301 2143128 1 16
7727 18301 2143138 1 14
7729 18301 2143148 1 14
7730 18301 2143158 1 14
7729 18301 2143168 1 14
7729 18301 2143178 1 14
7728 18301 2143188 1 13
7726 18301 2143198 1 12
7723 18301 2143208 1 13
7720 18300 2143218 1 14
7716 18299 2143228 1 22
7713 18299 2143238 1 40
7710 18298 2143248 1 68
7708 18298 2143258 1 102
7707 18297 2143268 1 142
7706 18297 2143278 1 186
7706 18296 2143288 1 207
7705 18296 2143298 1 230
7704 18296 2143308 1 275
7703 18296 2143318 1 298
7702 18296 2143328 1 319
7701 18296 2143338 1 360
7699 18296 2143348 1 394
7698 18296 2143358 1 423
7696 18297 2143368 1 444
7694 18297 2143378 1 453
7692 18298 2143388 1 455
7691 18298 2143398 1 456
7689 18299 2143408 1 453
7687 18299 2143418 1 439
7686 18300 2143428 1 409
7685 18300 2143438 1 362
7684 18300 2143448 1 297
7684 18300 2143458 1 250
7684 18300 2143468 1 211
7684 18300 2143478 1 165
7684 18301 2143488 1 104
7685 18301 2143498 1 4
7686 18301 2143508 1 4
7686 18301 2143518 1 4
7687 18301 2143528 1 3
7688 18301 2143538 1 3
7690 18301 2143548 1 3
7692 18300 2143558 1 3
7693 18300 2143568 1 2
7695 18299 2143578 1 1
7696 18299 2143588 1 2
7697 18299 2143598 1 2
7698 18298 2143608 1 2
7699 18298 2143618 1 2
7701 18298 2143628 1 1
7702 18298 2143638 1 1
7702 18297 2143648 1 1
7703 18297 2143658 1 1
7703 18296 2143668 1 1
7703 18295 2143678 1 1
7702 18295 2143688 1 1
7700 18294 2143698 1 1
7698 18294 2143708 1 1
7696 18293 2143718 1 1
7694 18292 2143728 1 1
7693 18291 2143738 1 1
7692 18291 2143748 1 1
7690 18290 2143758 1 1
7689 18289 2143768 1 1
7687 18288 2143778 1 1
7686 18287 2143788 1 2
7685 18287 2143798 1 2
7685 18286 2143808 1 2
7684 18286 2143818 1 2
7684 18286 2143828 1 2
7684 18286 2143838 1 2
7684 18286 2143848 1 2
7683 18287 2143858 1 2
7682 18287 2143868 1 2
7682 18288 2143878 1 3
7681 18288 2143888 1 3
7680 18289 2143898 1 4
7679 18290 2143908 1 4
7677 18290 2143918 1 5
7675 18291 2143928 1 5
7673 18291 2143938 1 6
7671 18292 2143948 1 6
7669 18292 2143958 1 6
7667 18292 2143968 1 6
7665 18292 2143978 1 7
7664 18292 2143988 1 7
7664 18291 2143998 1 9
7664 18290 2144008 1 9
7664 18290 2144018 1 8
7665 18290 2144028 1 9
7665 18289 2144038 1 10
7665 18288 2144048 1 10
7665 18287 2144058 1 10
7665 18287 2144068 1 11
7666 18286 2144078 1 11
7667 18285 2144088 1 11
7668 18284 2144098 1 12
7670 18284 2144108 1 12
7672 18283 2144118 1 13
7674 18282 2144128 1 13
7677 18282 2144138 1 13
7678 18281 2144148 1 13
7679 18281 2144158 1 13
7680 18281 2144168 1 14
7682 18280 2144178 1 14
7683 18280 2144188 1 14
7684 18279 2144198 1 14
7685 18278 2144208 1 15
7686 18278 2144218 1 15
7687 18277 2144228 1 16
7688 18276 2144238 1 16
7688 18275 2144248 1 17
7689 18275 2144258 1 17
7689 18274 2144268 1 17
7688 18274 2144278 1 17
7688 18274 2144288 1 17
7687 18273 2144298 1 17
7687 18273 2144308 1 18
7686 18273 2144318 1 20
7686 18273 2144328 1 18
7685 18273 2144338 1 19
7684 18273 2144348 1 46
7684 18274 2144358 1 101
7683 18274 2144368 1 177
7683 18275 2144378 1 265
7683 18276 2144388 1 312
7683 18277 2144398 1 358
7682 18278 2144408 1 450
7682 18279 2144418 1 531
7682 18281 2144428 1 594
7682 18281 2144438 1 622
7682 18282 2144448 1 632
7683 18283 2144458 1 636
7683 18284 2144468 1 604
7684 18286 2144478 1 580
7683 18287 2144488 1 544
7682 18287 2144498 1 514
7681 18288 2144508 1 470
7679 18288 2144518 1 394
7677 18288 2144528 1 327
7675 18287 2144538 1 286
7673 18287 2144548 1 281
7672 18285 2144558 1 325
7671 18284 2144568 1 357
7670 18284 2144578 1 368
7670 18283 2144588 1 431
7669 18281 2144598 1 611
7668 18280 2144608 1 850
7668 18278 2144618 1 1012
7667 18277 2144628 1 1012
7667 18276 2144638 1 1011
7667 18274 2144648 1 1010
7666 18273 2144658 1 1010
7666 18272 2144668 1 1010
7666 18270 2144678 1 1010
7665 18269 2144688 1 1010
7664 18268 2144698 1 1010
7663 18267 2144708 1 1010
7663 18267 2144718 1 1010
7662 18267 2144728 1 1010
7661 18266 2144738 1 1010
7660 18266 2144748 1 1010
7658 18267 2144758 1 1010
7657 18267 2144768 1 1010
7656 18268 2144778 1 1009
7656 18269 2144788 1 1009
7656 18270 2144798 1 1009
7658 18271 2144808 1 1009
7660 18272 2144818 1 1009
7663 18274 2144828 1 1009
7667 18275 2144838 1 1009
7671 18276 2144848 1 1009
7673 18276 2144858 1 1009
7676 18277 2144868 1 1009
7681 18278 2144878 1 1009
7686 18279 2144888 1 1009
7691 18280 2144898 1 1008
7697 18281 2144908 1 1007
7701 18281 2144918 1 1007
7706 18282 2144928 1 1007
7710 18283 2144938 1 1007
7714 18283 2144948 1 1007
7717 18284 2144958 1 1007
7720 18284 2144968 1 1007
7723 18284 2144978 1 1007
7726 18283 2144988 1 1007
7727 18282 2144998 1 1007
7728 18282 2145008 1 1006
7731 18280 2145018 1 1006
7732 18279 2145028 1 1006
7733 18277 2145038 1 1006
7733 18275 2145048 1 1006
7733 18274 2145058 1 1006
7732 18272 2145068 1 1006
7730 18271 2145078 1 1006
7729 18270 2145088 1 1006
7728 18269 2145098 1 1006
7727 18268 2145108 1 1006
7727 18267 2145118 1 942
7727 18266 2145128 1 1005
7727 18266 2145138 1 1024
7728 18265 2145148 1 1005
7729 18264 2145158 1 43
7731 18263 2145168 1 43
7734 18262 2145178 1 44
7738 18261 2145188 1 44
7742 18260 2145198 1 44
7746 18259 2145208 1 43
7751 18259 2145218 1 44
7755 18258 2145228 1 45
7759 18258 2145238 1 45
7763 18257 2145248 1 46
7765 18256 2145258 1 46
7767 18256 2145268 1 47
7768 18256 2145278 1 47
7769 18255 2145288 1 47
7769 18254 2145298 1 47
7769 18253 2145308 1 48
7769 18253 2145318 1 57
7768 18252 2145328 1 78
7766 18251 2145338 1 107
7765 18251 2145348 1 146
7763 18250 2145358 1 192
7761 18250 2145368 1 245
7758 18249 2145378 1 302
7756 18249 2145388 1 332
7753 18249 2145398 1 363
7750 18249 2145408 1 389
7748 18249 2145418 1 401
7746 18249 2145428 1 428
7743 18249 2145438 1 493
7740 18250 2145448 1 560
7736 18250 2145458 1 625
7733 18250 2145468 1 688
7729 18251 2145478 1 750
7725 18251 2145488 1 779
7721 18252 2145498 1 806
7718 18252 2145508 1 858
7716 18252 2145518 1 904
7714 18253 2145528 1 942
7712 18254 2145538 1 971
7710 18254 2145548 1 990
7710 18255 2145558 1 998
7709 18255 2145568 1 1000
7709 18256 2145578 1 1001
7709 18258 2145588 1 1000
7710 18259 2145598 1 999
7711 18260 2145608 1 999
7713 18261 2145618 1 999
7714 18262 2145628 1 999
7716 18263 2145638 1 999
7718 18264 2145648 1 999
7720 18264 2145658 1 999
7722 18265 2145668 1 999
7724 18266 2145678 1 999
7726 18266 2145688 1 999
7727 18267 2145698 1 999
7728 18267 2145708 1 999
7730 18268 2145718 1 998
7732 18268 2145728 1 998
7734 18269 2145738 1 998
7736 18269 2145748 1 998
7739 18270 2145758 1 998
7741 18270 2145768 1 997
7742 18270 2145778 1 997
7744 18270 2145788 1 997
7744 18270 2145798 1 997
7745 18271 2145808 1 997
7746 18271 2145818 1 997
7746 18271 2145828 1 996
7747 18272 2145838 1 996
7747 18272 2145848 1 996
7747 18272 2145858 1 996
7747 18272 2145868 1 996
7748 18272 2145878 1 996
7748 18272 2145888 1 996
7748 18273 2145898 1 996
7748 18273 2145908 1 996
7748 18273 2145918 1 996
7748 18273 2145928 1 996
7748 18273 2145938 1 996
7749 18273 2145948 1 995
7749 18274 2145958 1 995
7751 18274 2145968 1 995
7751 18274 2145978 1 995
7752 18275 2145988 1 995
7753 18276 2145998 1 995
7754 18277 2146008 1 995
7755 18278 2146018 1 995
7756 18279 2146028 1 995
7757 18280 2146038 1 995
7757 18281 2146048 1 995
7758 18282 2146058 1 994
7758 18283 2146068 1 993
7759 18285 2146078 1 993
7760 18286 2146088 1 993
7762 18287 2146098 1 993
7764 18288 2146108 1 993
7766 18289 2146118 1 993
7767 18289 2146128 1 993
7769 18290 2146138 1 993
7771 18291 2146148 1 993
7773 18292 2146158 1 993
7775 18292 2146168 1 993
7775 18292 2146178 1 993
7776 18292 2146188 1 992
7776 18291 2146198 1 992
7776 18291 2146208 1 992
7776 18290 2146218 1 992
7776 18290 2146228 1 992
7776 18289 2146238 1 992
7775 18288 2146248 1 992
7775 18288 2146258 1 992
7774 18288 2146268 1 992
7773 18288 2146278 1 992
7771 18288 2146288 1 992
7769 18288 2146298 1 991
7766 18288 2146308 1 991
7763 18289 2146318 1 991
7760 18289 2146328 1 991
7757 18290 2146338 1 991
7754 18290 2146348 1 991
7751 18290 2146358 1 990
7748 18291 2146368 1 990
7745 18291 2146378 1 990
7742 18291 2146388 1 990
7740 18291 2146398 1 990
7738 18291 2146408 1 990
7734 18291 2146418 1 990
7730 18291 2146428 1 989
7726 18290 2146438 1 989
7723 18289 2146448 1 989
7720 18289 2146458 1 989
7719 18288 2146468 1 989
7718 18288 2146478 1 989
7717 18288 2146488 1 989
7717 18288 2146498 1 989
7717 18288 2146508 1 989
7717 18288 2146518 1 989
7719 18289 2146528 1 989
7720 18290 2146538 1 988
7721 18290 2146548 1 988
7724 18292 2146558 1 988
7727 18293 2146568 1 988
7731 18294 2146578 1 988
7735 18296 2146588 1 988
7739 18297 2146598 1 988
7743 18298 2146608 1 988
7746 18299 2146618 1 988
7750 18300 2146628 1 988
7752 18301 2146638 1 988
7755 18301 2146648 1 987
7757 18301 2146658 1 987
7757 18301 2146668 1 986
7758 18301 2146678 1 986
7757 18301 2146688 1 986
7756 18301 2146698 1 986
7754 18301 2146708 1 986
7751 18300 2146718 1 986
7749 18300 2146728 1 986
7746 18300 2146738 1 986
7744 18300 2146748 1 986
7742 18300 2146758 1 986
7741 18299 2146768 1 986
7741 18299 2146778 1 985
7741 18298 2146788 1 985
7743 18297 2146798 1 985
7744 18296 2146808 1 985
7746 18295 2146818 1 985
7747 18294 2146828 1 985
7749 18294 2146838 1 985
7752 18293 2146848 1 985
7755 18293 2146858 1 985
7758 18293 2146868 1 985
7760 18294 2146878 1 985
7761 18296 2146888 1 985
7762 18297 2146898 1 984
7763 18299 2146908 1 984
7762 18301 2146918 1 984
7761 18304 2146928 1 984
7760 18306 2146938 1 984
7757 18308 2146948 1 539
7756 18309 2146958 1 207
7755 18310 2146968 1 94
7753 18313 2146978 1 95
7751 18314 2146988 1 96
7749 18316 2146998 1 96
7749 18317 2147008 1 96
7749 18318 2147018 1 97
7749 18319 2147028 1 97
7749 18319 2147038 1 97
7749 18319 2147048 1 97
7749 18318 2147058 1 97
7748 18317 2147068 1 97
7748 18316 2147078 1 98
7749 18315 2147088 1 98
7749 18314 2147098 1 99
7749 18313 2147108 1 98
7750 18312 2147118 1 99
7752 18311 2147128 1 108
7754 18310 2147138 1 115
7757 18309 2147148 1 127
7760 18309 2147158 1 155
7763 18308 2147168 1 191
7766 18308 2147178 1 234
7768 18308 2147188 1 281
7769 18308 2147198 1 335
7769 18309 2147208 1 391
7769 18309 2147218 1 420
7768 18309 2147228 1 450
7767 18310 2147238 1 463
7766 18310 2147248 1 475
7764 18311 2147258 1 511
7761 18312 2147268 1 572
7758 18313 2147278 1 632
7755 18313 2147288 1 691
7752 18314 2147298 1 747
7750 18315 2147308 1 801
7749 18316 2147318 1 825
7749 18316 2147328 1 848
7750 18316 2147338 1 890
7752 18317 2147348 1 925
7755 18317 2147358 1 952
7758 18317 2147368 1 970
7760 18317 2147378 1 977
7762 18317 2147388 1 978
7766 18318 2147398 1 978
7769 18318 2147408 1 978
7773 18318 2147418 1 978
7776 18319 2147428 1 978
7779 18319 2147438 1 978
7782 18320 2147448 1 978
7784 18320 2147458 1 978
7787 18320 2147468 1 978
7788 18321 2147478 1 977
7790 18321 2147488 1 977
7791 18321 2147498 1 977
7791 18320 2147508 1 977
7791 18320 2147518 1 977
7790 18320 2147528 1 977
7789 18320 2147538 1 977
7787 18319 2147548 1 977
7784 18318 2147558 1 977
7782 18317 2147568 1 977
7779 18316 2147578 1 977
7776 18315 2147588 1 977
7774 18314 2147598 1 976
7771 18312 2147608 1 975
7769 18311 2147618 1 976
7766 18309 2147628 1 975
7764 18308 2147638 1 975
7762 18307 2147648 1 975
7761 18307 2147658 1 975
7760 18306 2147668 1 975
7759 18306 2147678 1 975
7757 18306 2147688 1 975
7754 18306 2147698 1 975
7752 18307 2147708 1 975
7751 18308 2147718 1 974
7750 18308 2147728 1 974
7749 18309 2147738 1 974
7749 18310 2147748 1 974
7749 18310 2147758 1 974
7750 18311 2147768 1 974
7751 18311 2147778 1 974
7753 18311 2147788 1 974
7753 18311 2147798 1 974
7754 18311 2147808 1 974
7756 18310 2147818 1 974
7758 18310 2147828 1 974
7760 18310 2147838 1 973
7762 18309 2147848 1 973
7764 18309 2147858 1 973
7767 18308 2147868 1 973
7769 18307 2147878 1 973
7771 18306 2147888 1 973
7774 18305 2147898 1 973
7775 18304 2147908 1 973
7777 18303 2147918 1 973
7778 18302 2147928 1 973
7779 18301 2147938 1 972
7780 18301 2147948 1 972
7781 18300 2147958 1 972
7782 18299 2147968 1 972
7782 18298 2147978 1 971
7782 18297 2147988 1 971
7782 18297 2147998 1 971
7781 18296 2148008 1 971
7781 18296 2148018 1 971
7782 18296 2148028 1 971
7782 18296 2148038 1 971
7783 18296 2148048 1 971
7783 18296 2148058 1 971
7784 18296 2148068 1 970
7784 18296 2148078 1 970
7785 18296 2148088 1 970
7785 18296 2148098 1 970
7786 18296 2148108 1 970
7787 18296 2148118 1 970
7788 18295 2148128 1 970
7789 18295 2148138 1 970
7791 18295 2148148 1 970
7792 18295 2148158 1 970
7793 18294 2148168 1 970
7794 18294 2148178 1 970
7794 18294 2148188 1 969
7794 18293 2148198 1 969
7795 18292 2148208 1 969
7795 18292 2148218 1 969
7795 18292 2148228 1 969
7796 18291 2148238 1 969
7797 18291 2148248 1 969
7798 18291 2148258 1 969
7799 18291 2148268 1 969
7800 18291 2148278 1 969
7801 18291 2148288 1 969
7803 18291 2148298 1 968
7804 18292 2148308 1 968
7804 18293 2148318 1 967
7804 18294 2148328 1 967
7804 18295 2148338 1 967
7803 18296 2148348 1 967
7802 18296 2148358 1 967
7801 18297 2148368 1 967
7799 18298 2148378 1 967
7797 18299 2148388 1 967
7794 18300 2148398 1 967
7792 18301 2148408 1 967
7790 18301 2148418 1 967
7788 18302 2148428 1 966
7787 18302 2148438 1 966
7787 18303 2148448 1 966
7787 18303 2148458 1 966
7787 18303 2148468 1 966
7788 18303 2148478 1 966
7789 18302 2148488 1 966
7790 18302 2148498 1 966
7790 18302 2148508 1 966
7791 18301 2148518 1 966
7792 18300 2148528 1 966
7793 18300 2148538 1 966
7794 18299 2148548 1 965
7795 18299 2148558 1 965
7796 18299 2148568 1 965
7796 18299 2148578 1 965
7797 18299 2148588 1 965
7798 18300 2148598 1 965
7799 18300 2148608 1 965
7800 18300 2148618 1 965
7802 18301 2148628 1 965
7803 18301 2148638 1 965
7803 18301 2148648 1 965
7805 18302 2148658 1 964
7805 18302 2148668 1 964
7805 18302 2148678 1 963
7805 18302 2148688 1 963
7805 18302 2148698 1 963
7805 18302 2148708 1 963
7805 18302 2148718 1 963
7806 18301 2148728 1 963
7806 18301 2148738 1 963
7806 18301 2148748 1 963
7805 18300 2148758 1 963
7804 18300 2148768 1 962
7804 18300 2148778 1 962
7803 18300 2148788 1 962
7802 18300 2148798 1 962
7800 18300 2148808 1 962
7799 18300 2148818 1 962
7797 18301 2148828 1 962
7795 18302 2148838 1 962
7793 18302 2148848 1 962
7791 18303 2148858 1 962
7790 18304 2148868 1 962
7789 18305 2148878 1 962
7788 18307 2148888 1 961
7788 18308 2148898 1 961
7787 18309 2148908 1 961
7787 18310 2148918 1 961
7787 18310 2148928 1 961
7786 18311 2148938 1 961
7786 18312 2148948 1 961
7786 18314 2148958 1 961
7786 18315 2148968 1 961
7786 18316 2148978 1 961
7786 18318 2148988 1 961
7786 18319 2148998 1 961
7786 18320 2149008 1 960
7786 18321 2149018 1 960
7786 18321 2149028 1 960
7787 18322 2149038 1 959
7788 18322 2149048 1 959
7788 18322 2149058 1 959
7789 18322 2149068 1 959
7791 18322 2149078 1 959
7792 18322 2149088 1 959
7794 18321 2149098 1 959
7796 18320 2149108 1 959
7797 18319 2149118 1 959
7798 18318 2149128 1 958
7800 18317 2149138 1 958
7801 18316 2149148 1 958
7802 18316 2149158 1 958
7803 18315 2149168 1 958
7804 18315 2149178 1 958
7805 18315 2149188 1 958
7805 18315 2149198 1 958
7805 18315 2149208 1 958
7805 18315 2149218 1 958
7805 18316 2149228 1 958
7805 18316 2149238 1 958
7805 18316 2149248 1 957
7805 18316 2149258 1 957
7805 18316 2149268 1 957
7804 18315 2149278 1 957
7804 18315 2149288 1 957
7802 18315 2149298 1 957
7800 18314 2149308 1 957
7797 18314 2149318 1 957
7794 18314 2149328 1 957
7793 18313 2149338 1 957
7792 18313 2149348 1 957
7790 18313 2149358 1 957
7788 18313 2149368 1 956
7787 18312 2149378 1 956
7786 18312 2149388 1 956
7785 18312 2149398 1 956
7784 18311 2149408 1 955
7783 18311 2149418 1 955
7783 18311 2149428 1 955
7784 18311 2149438 1 955
7785 18310 2149448 1 955
7787 18310 2149458 1 955
7790 18309 2149468 1 955
7791 18309 2149478 1 955
7793 18309 2149488 1 954
7795 18309 2149498 1 954
7797 18308 2149508 1 954
7799 18308 2149518 1 954
7801 18308 2149528 1 954
7802 18308 2149538 1 954
7802 18307 2149548 1 954
7802 18307 2149558 1 954
7802 18306 2149568 1 954
7801 18306 2149578 1 954
7799 18305 2149588 1 953
7798 18304 2149598 1 953
7797 18302 2149608 1 953
7797 18302 2149618 1 953
7796 18301 2149628 1 953
7795 18300 2149638 1 953
7793 18299 2149648 1 953
7792 18298 2149658 1 953
7790 18297 2149668 1 953
7789 18297 2149678 1 953
7789 18297 2149688 1 953
7790 18298 2149698 1 953
7792 18298 2149708 1 953
7795 18298 2149718 1 952
7798 18299 2149728 1 952
7802 18299 2149738 1 952
7806 18299 2149748 1 952
7808 18299 2149758 1 952
7811 18299 2149768 1 952
7816 18299 2149778 1 952
7820 18300 2149788 1 952
7825 18300 2149798 1 951
7829 18300 2149808 1 951
7831 18300 2149818 1 951
7833 18300 2149828 1 951
7834 18299 2149838 1 950
7834 18299 2149848 1 950
7834 18299 2149858 1 950
7833 18299 2149868 1 950
7831 18299 2149878 1 950
7829 18299 2149888 1 950
7828 18299 2149898 1 950
7826 18299 2149908 1 950
7823 18298 2149918 1 950
7820 18298 2149928 1 950
7816 18298 2149938 1 950
7813 18298 2149948 1 949
7810 18299 2149958 1 949
7807 18299 2149968 1 949
7804 18300 2149978 1 949
7801 18300 2149988 1 949
7798 18301 2149998 1 949
7796 18301 2150008 1 949
7793 18301 2150018 1 949
7791 18301 2150028 1 949
7790 18301 2150038 1 949
7790 18301 2150048 1 949
7788 18302 2150058 1 949
7787 18302 2150068 1 948
7785 18302 2150078 1 948
7784 18302 2150088 1 948
7784 18302 2150098 1 948
7785 18302 2150108 1 948
7786 18302 2150118 1 948
7788 18302 2150128 1 948
7790 18302 2150138 1 948
7792 18302 2150148 1 948
7794 18301 2150158 1 947
7796 18301 2150168 1 946
7797 18300 2150178 1 947
7799 18299 2150188 1 947
7800 18299 2150198 1 947
7802 18299 2150208 1 946
7803 18298 2150218 1 946
7805 18298 2150228 1 946
7806 18299 2150238 1 946
7808 18299 2150248 1 946
7809 18300 2150258 1 945
7810 18300 2150268 1 945
7811 18301 2150278 1 945
7811 18302 2150288 1 945
7812 18303 2150298 1 945
7812 18305 2150308 1 945
7812 18306 2150318 1 945
7811 18308 2150328 1 945
7811 18310 2150338 1 945
7810 18311 2150348 1 945
7809 18313 2150358 1 944
7808 18315 2150368 1 944
7807 18316 2150378 1 944
7806 18317 2150388 1 944
7805 18318 2150398 1 944
7804 18318 2150408 1 944
7803 18318 2150418 1 944
7802 18317 2150428 1 944
7802 18316 2150438 1 944
7801 18314 2150448 1 943
7800 18312 2150458 1 943
7800 18309 2150468 1 943
7801 18305 2150478 1 943
7802 18302 2150488 1 943
7804 18297 2150498 1 943
7806 18293 2150508 1 943
7808 18289 2150518 1 943
7810 18285 2150528 1 943
7811 18282 2150538 1 943
7811 18279 2150548 1 942
7810 18276 2150558 1 942
7808 18274 2150568 1 942
7806 18273 2150578 1 942
7804 18272 2150588 1 942
7802 18273 2150598 1 942
7801 18273 2150608 1 941
7800 18274 2150618 1 941
7799 18275 2150628 1 941
7798 18276 2150638 1 940
7798 18277 2150648 1 940
7799 18278 2150658 1 940
7800 18279 2150668 1 940
7802 18280 2150678 1 940
7805 18281 2150688 1 940
7808 18282 2150698 1 940
7811 18282 2150708 1 880
7814 18282 2150718 1 605
7816 18282 2150728 1 299
7819 18282 2150738 1 200
7820 18281 2150748 1 201
7821 18281 2150758 1 202
7821 18281 2150768 1 202
7821 18281 2150778 1 202
7821 18281 2150788 1 203
7820 18281 2150798 1 203
7818 18282 2150808 1 203
7816 18283 2150818 1 203
7814 18283 2150828 1 204
7812 18284 2150838 1 204
7810 18285 2150848 1 204
7808 18286 2150858 1 204
7806 18287 2150868 1 204
7804 18288 2150878 1 205
7803 18288 2150888 1 205
7801 18289 2150898 1 205
7801 18289 2150908 1 206
7801 18289 2150918 1 206
7801 18289 2150928 1 206
7802 18289 2150938 1 937
7803 18289 2150948 1 937
7804 18289 2150958 1 937
7804 18288 2150968 1 937
7805 18288 2150978 1 937
7805 18287 2150988 1 880
7805 18286 2150998 1 563
7805 18285 2151008 1 209
7805 18284 2151018 1 142
7806 18283 2151028 1 210
7806 18282 2151038 1 210
7808 18282 2151048 1 210
7809 18281 2151058 1 210
7811 18281 2151068 1 211
7813 18281 2151078 1 211
7815 18281 2151088 1 211
7816 18281 2151098 1 211
7818 18282 2151108 1 212
7820 18282 2151118 1 213
7821 18282 2151128 1 213
7823 18283 2151138 1 213
7824 18283 2151148 1 214
7825 18282 2151158 1 214
7826 18282 2151168 1 214
7826 18282 2151178 1 215
7827 18281 2151188 1 215
7827 18280 2151198 1 215
7827 18279 2151208 1 215
7827 18278 2151218 1 216
7827 18277 2151228 1 216
7828 18276 2151238 1 216
7829 18275 2151248 1 216
7829 18273 2151258 1 217
7829 18272 2151268 1 217
7829 18272 2151278 1 217
7829 18271 2151288 1 218
7829 18271 2151298 1 218
7829 18271 2151308 1 219
7829 18271 2151318 1 219
7830 18271 2151328 1 220
7831 18272 2151338 1 220
7832 18272 2151348 1 220
7832 18273 2151358 1 220
7833 18274 2151368 1 221
7833 18275 2151378 1 221
7833 18276 2151388 1 221
7833 18277 2151398 1 221
7834 18278 2151408 1 222
7834 18279 2151418 1 222
7834 18280 2151428 1 222
7834 18281 2151438 1 223
7834 18282 2151448 1 223
7833 18283 2151458 1 223
7833 18283 2151468 1 223
7832 18284 2151478 1 224
7831 18284 2151488 1 930
7828 18283 2151498 1 930
7826 18283 2151508 1 930
7822 18282 2151518 1 929
7819 18282 2151528 1 929
7815 18281 2151538 1 929
7811 18281 2151548 1 929
7808 18280 2151558 1 929
7805 18280 2151568 1 928
7803 18279 2151578 1 928
7802 18278 2151588 1 928
7801 18278 2151598 1 928
7801 18278 2151608 1 928
7801 18278 2151618 1 928
7801 18278 2151628 1 928
7802 18278 2151638 1 928
7802 18278 2151648 1 928
7802 18278 2151658 1 927
7802 18278 2151668 1 927
