8460 17809 4471855 1 431
8435 17803 4471865 1 472
8412 17821 4471875 1 501
8397 17836 4471885 1 520
8391 17854 4471895 1 527
8381 17868 4471905 1 525
8372 17882 4471915 1 515
8364 17888 4471925 1 497
8348 17876 4471935 1 439
8340 17862 4471945 1 403
8333 17840 4471955 1 363
8326 17811 4471965 1 321
8319 17779 4471975 1 277
8311 17752 4471985 1 235
8307 17740 4471995 1 215
8303 17734 4472005 1 195
8285 17719 4472015 1 130
8275 17714 4472025 1 101
8264 17710 4472035 1 98
8253 17711 4472045 1 94
8242 17717 4472055 1 91
8234 17726 4472065 1 88
8229 17732 4472075 1 85
8228 17735 4472085 1 81
8240 17741 4472095 1 74
8252 17748 4472105 1 71
8266 17756 4472115 1 68
8280 17762 4472125 1 63
8288 17764 4472135 1 62
8294 17764 4472145 1 60
8303 17763 4472155 1 57
8307 17759 4472165 1 53
8303 17745 4472175 1 46
8298 17740 4472185 1 42
8292 17736 4472195 1 39
8286 17735 4472205 1 36
8281 17736 4472215 1 31
8279 17739 4472225 1 28
8278 17742 4472235 1 25
8278 17744 4472245 1 21
8279 17743 4472255 1 13
8279 17738 4472265 1 10
8279 17733 4472275 1 7
8277 17727 4472285 0 0
8274 17716 4472295 0 0
8270 17704 4472305 0 0
8266 17691 4472315 0 0
8263 17679 4472325 0 0
8256 17661 4472335 0 0
8250 17658 4472345 0 0
8242 17660 4472355 0 0
8233 17665 4472365 0 0
8224 17673 4472375 0 0
8213 17684 4472385 0 0
8202 17696 4472395 0 0
8190 17710 4472405 1 3
8172 17731 4472415 1 12
8169 17738 4472425 1 24
8166 17754 4472435 1 40
8168 17771 4472445 1 60
8174 17788 4472455 1 82
8185 17804 4472465 1 106
8200 17820 4472475 1 131
8218 17834 4472485 1 158
8261 17855 4472495 1 186
8285 17862 4472505 1 213
8308 17865 4472515 1 241
8331 17865 4472525 1 268
8353 17862 4472535 1 293
8374 17855 4472545 1 317
8393 17846 4472555 1 339
8404 17841 4472565 1 358
8430 17821 4472575 1 374
8442 17805 4472585 1 386
8449 17788 4472595 1 394
8451 17770 4472605 1 397
8446 17753 4472615 1 398
8436 17736 4472625 1 405
8419 17721 4472635 1 420
8396 17708 4472645 1 440
8342 17691 4472655 1 502
8313 17689 4472665 1 544
8286 17691 4472675 1 593
8262 17699 4472685 1 650
8241 17714 4472695 1 681
8224 17736 4472705 1 673
8211 17754 4472715 1 666
8201 17783 4472725 1 658
8192 17876 4472735 1 644
