8536 19016 8705109 1 363
8511 18803 8705119 1 455
8474 18717 8705129 1 534
8435 18709 8705139 1 595
8399 18733 8705149 1 636
8375 18753 8705159 1 661
8364 18776 8705169 1 670
8348 18796 8705179 1 663
8334 18814 8705189 1 644
8319 18821 8705199 1 615
8305 18818 8705209 1 574
8290 18806 8705219 1 525
8277 18786 8705229 1 471
8264 18755 8705239 1 413
8252 18713 8705249 1 351
8241 18667 8705259 1 290
8231 18626 8705269 1 231
8229 18607 8705279 1 203
8228 18596 8705289 1 177
8221 18582 8705299 1 129
8214 18574 8705309 1 91
8206 18568 8705319 1 54
8195 18566 8705329 1 52
8181 18571 8705339 1 48
8164 18584 8705349 1 46
8155 18592 8705359 1 45
8145 18599 8705369 1 44
8124 18610 8705379 1 41
8104 18616 8705389 1 38
8087 18621 8705399 1 36
8074 18626 8705409 1 34
8067 18635 8705419 1 32
8066 18646 8705429 1 30
8071 18655 8705439 1 27
8073 18659 8705449 1 27
8081 18660 8705459 1 26
8100 18661 8705469 1 25
8120 18658 8705479 1 23
8138 18651 8705489 1 21
8155 18644 8705499 1 18
8170 18638 8705509 1 17
8182 18635 8705519 1 15
8191 18635 8705529 1 14
8196 18636 8705539 1 11
8197 18638 8705549 1 10
8194 18640 8705559 1 8
8185 18640 8705569 1 7
8171 18638 8705579 1 6
8154 18632 8705589 1 4
8135 18621 8705599 1 3
8126 18617 8705609 1 2
8119 18615 8705619 1 3
8105 18607 8705629 1 4
8094 18593 8705639 0 0
8091 18579 8705649 0 0
8094 18565 8705659 0 0
8105 18551 8705669 0 0
8122 18539 8705679 0 0
8136 18528 8705689 0 0
8146 18523 8705699 0 0
8148 18523 8705709 0 0
8140 18528 8705719 0 0
8122 18537 8705729 0 0
8093 18550 8705739 0 0
8056 18566 8705749 0 0
8015 18584 8705759 0 0
7974 18605 8705769 0 0
7948 18615 8705779 1 9
7936 18626 8705789 1 32
7933 18649 8705799 1 61
7949 18674 8705809 1 93
7980 18698 8705819 1 128
8022 18723 8705829 1 167
8071 18746 8705839 1 207
8120 18768 8705849 1 248
8145 18779 8705859 1 268
8166 18787 8705869 1 289
8206 18803 8705879 1 330
8238 18814 8705889 1 369
8264 18820 8705899 1 405
8285 18820 8705909 1 436
8303 18814 8705919 1 465
8320 18803 8705929 1 486
8339 18786 8705939 1 501
8348 18776 8705949 1 508
8361 18764 8705959 1 506
8386 18743 8705969 1 494
8407 18720 8705979 1 474
8421 18698 8705989 1 461
8424 18676 8705999 1 456
8415 18657 8706009 1 459
8392 18638 8706019 1 470
8356 18621 8706029 1 493
8308 18607 8706039 1 523
8255 18595 8706049 1 565
8200 18586 8706059 1 619
8150 18581 8706069 1 684
8109 18581 8706079 1 760
8081 18588 8706089 1 849
8067 18602 8706099 1 901
8066 18624 8706109 1 895
8074 18642 8706119 1 889
8086 18674 8706129 1 882
8099 18720 8706139 1 876
8109 18784 8706149 1 870
