8166 18544 6427045 1 523
8166 18544 6427055 1 525
8166 18543 6427065 1 527
8166 18543 6427075 1 528
8165 18543 6427085 1 530
8165 18544 6427095 1 532
8165 18544 6427105 1 533
8164 18544 6427115 1 535
8164 18544 6427125 1 537
8164 18544 6427135 1 538
8163 18544 6427145 1 540
8162 18543 6427155 1 542
8162 18542 6427165 1 543
8160 18541 6427175 1 545
8160 18541 6427185 1 547
8159 18540 6427195 1 548
8159 18540 6427205 1 550
8158 18539 6427215 1 552
8158 18538 6427225 1 553
8157 18537 6427235 1 555
8157 18536 6427245 1 557
8157 18535 6427255 1 558
8157 18533 6427265 1 560
8159 18532 6427275 1 562
8161 18532 6427285 1 563
8163 18531 6427295 1 565
8166 18530 6427305 1 566
8169 18529 6427315 1 568
8172 18528 6427325 1 570
8175 18527 6427335 1 571
8177 18526 6427345 1 572
8180 18525 6427355 1 574
8183 18525 6427365 1 575
8185 18524 6427375 1 577
8186 18524 6427385 1 578
8187 18523 6427395 1 579
8188 18523 6427405 1 580
8189 18523 6427415 1 582
8189 18523 6427425 1 583
8189 18523 6427435 1 585
8189 18523 6427445 1 587
8190 18523 6427455 1 588
8190 18523 6427465 1 590
8191 18523 6427475 1 591
8191 18523 6427485 1 593
8192 18523 6427495 1 595
8192 18522 6427505 1 596
8192 18522 6427515 1 598
8192 18521 6427525 1 600
8192 18521 6427535 1 601
8192 18521 6427545 1 603
8192 18520 6427555 1 604
8192 18520 6427565 1 606
8192 18519 6427575 1 608
8192 18519 6427585 1 609
8193 18518 6427595 1 611
8193 18517 6427605 1 612
8194 18517 6427615 1 614
8194 18516 6427625 1 616
8194 18515 6427635 1 617
8194 18515 6427645 1 619
8193 18514 6427655 1 620
8193 18513 6427665 1 622
8193 18513 6427675 1 623
8194 18512 6427685 1 625
8195 18512 6427695 1 627
8196 18511 6427705 1 628
8197 18511 6427715 1 630
8199 18510 6427725 1 631
8201 18510 6427735 1 633
8204 18510 6427745 1 635
8206 18510 6427755 1 635
8209 18509 6427765 1 636
8211 18509 6427775 1 638
8213 18509 6427785 1 639
8215 18509 6427795 1 641
8215 18509 6427805 1 642
8216 18509 6427815 1 644
8216 18509 6427825 1 646
8216 18508 6427835 1 647
8216 18508 6427845 1 649
8217 18507 6427855 1 650
8217 18506 6427865 1 652
8217 18505 6427875 1 653
8218 18505 6427885 1 655
8219 18504 6427895 1 656
8220 18503 6427905 1 658
8223 18503 6427915 1 660
8226 18502 6427925 1 661
8230 18501 6427935 1 663
8235 18500 6427945 1 664
8240 18500 6427955 1 666
8245 18499 6427965 1 667
8250 18498 6427975 1 669
8256 18497 6427985 1 670
8261 18497 6427995 1 672
8266 18496 6428005 1 673
8271 18495 6428015 1 675
8276 18494 6428025 1 677
8281 18493 6428035 1 678
8284 18493 6428045 1 680
8287 18492 6428055 1 681
8290 18492 6428065 1 683
8292 18492 6428075 1 684
8293 18492 6428085 1 686
8294 18492 6428095 1 687
8294 18492 6428105 1 689
8294 18492 6428115 1 689
8293 18492 6428125 1 690
8293 18493 6428135 1 692
8293 18493 6428145 1 693
8294 18494 6428155 1 695
8295 18495 6428165 1 696
8296 18496 6428175 1 698
8299 18496 6428185 1 699
8301 18497 6428195 1 701
8303 18498 6428205 1 702
8306 18499 6428215 1 704
8308 18500 6428225 1 705
8310 18501 6428235 1 707
8313 18503 6428245 1 710
8313 18504 6428255 1 711
8312 18505 6428265 1 713
8311 18506 6428275 1 713
8309 18508 6428285 1 715
8307 18509 6428295 1 716
8304 18511 6428305 1 718
8300 18513 6428315 1 719
8297 18515 6428325 1 721
8295 18517 6428335 1 722
8292 18520 6428345 1 724
8291 18522 6428355 1 725
8290 18525 6428365 1 727
8289 18527 6428375 1 728
8289 18530 6428385 1 730
8289 18532 6428395 1 731
8290 18535 6428405 1 733
8291 18537 6428415 1 734
8293 18538 6428425 1 736
8296 18540 6428435 1 737
8299 18542 6428445 1 739
8302 18543 6428455 1 740
8305 18545 6428465 1 741
8308 18546 6428475 1 742
8310 18548 6428485 1 742
8312 18549 6428495 1 743
8314 18551 6428505 1 745
8314 18553 6428515 1 746
8315 18554 6428525 1 748
8314 18556 6428535 1 749
8312 18557 6428545 1 750
8310 18558 6428555 1 752
8307 18560 6428565 1 753
8304 18561 6428575 1 755
8301 18563 6428585 1 756
8297 18564 6428595 1 758
8294 18565 6428605 1 759
8290 18566 6428615 1 761
8287 18567 6428625 1 762
8283 18568 6428635 1 764
8280 18569 6428645 1 765
8277 18570 6428655 1 766
8274 18570 6428665 1 768
8271 18571 6428675 1 769
8268 18571 6428685 1 771
8265 18571 6428695 1 772
8261 18571 6428705 1 774
8258 18571 6428715 1 775
8255 18571 6428725 1 776
8251 18570 6428735 1 778
8248 18570 6428745 1 779
8245 18570 6428755 1 781
8241 18569 6428765 1 782
8238 18569 6428775 1 784
8235 18568 6428785 1 785
8232 18567 6428795 1 786
8230 18566 6428805 1 788
8228 18565 6428815 1 789
8226 18564 6428825 1 790
8225 18562 6428835 1 791
8223 18561 6428845 1 792
8222 18560 6428855 1 794
8219 18558 6428865 1 795
8217 18556 6428875 1 796
8214 18554 6428885 1 798
8211 18552 6428895 1 799
8208 18550 6428905 1 801
8205 18548 6428915 1 802
8203 18546 6428925 1 803
8200 18543 6428935 1 805
8198 18540 6428945 1 806
8195 18537 6428955 1 808
8193 18534 6428965 1 809
8191 18531 6428975 1 810
8190 18528 6428985 1 812
8188 18525 6428995 1 813
8187 18522 6429005 1 815
8185 18519 6429015 1 816
8184 18515 6429025 1 817
8182 18512 6429035 1 819
8180 18510 6429045 1 820
8178 18507 6429055 1 822
8175 18504 6429065 1 823
8172 18501 6429075 1 824
8169 18499 6429085 1 826
8166 18496 6429095 1 827
8163 18493 6429105 1 829
8160 18491 6429115 1 830
8157 18488 6429125 1 831
8155 18486 6429135 1 833
8153 18484 6429145 1 834
8151 18482 6429155 1 835
8150 18480 6429165 1 837
8150 18478 6429175 1 838
8149 18477 6429185 1 839
8149 18475 6429195 1 840
8149 18474 6429205 1 841
8149 18472 6429215 1 842
8149 18471 6429225 1 844
8149 18470 6429235 1 845
8150 18469 6429245 1 846
8151 18468 6429255 1 848
8152 18467 6429265 1 849
8154 18466 6429275 1 850
8157 18465 6429285 1 852
8160 18464 6429295 1 853
8163 18463 6429305 1 855
8166 18462 6429315 1 856
8170 18461 6429325 1 857
8174 18460 6429335 1 859
8178 18460 6429345 1 860
8182 18459 6429355 1 861
8186 18458 6429365 1 863
8191 18458 6429375 1 864
8195 18457 6429385 1 865
8200 18457 6429395 1 867
8205 18457 6429405 1 868
8211 18457 6429415 1 869
8216 18457 6429425 1 871
8221 18457 6429435 1 872
8231 18458 6429445 1 875
8235 18458 6429455 1 876
8240 18459 6429465 1 877
8244 18459 6429475 1 879
8248 18460 6429485 1 880
8252 18460 6429495 1 881
8255 18461 6429505 1 883
8258 18462 6429515 1 884
8260 18463 6429525 1 885
8261 18464 6429535 1 886
8261 18465 6429545 1 887
8262 18466 6429555 1 888
8262 18467 6429565 1 889
8261 18468 6429575 1 890
8261 18469 6429585 1 892
8260 18470 6429595 1 893
8259 18471 6429605 1 894
8258 18471 6429615 1 896
8257 18472 6429625 1 897
8256 18472 6429635 1 898
8254 18472 6429645 1 900
8253 18472 6429655 1 901
8251 18473 6429665 1 902
8249 18473 6429675 1 903
8247 18473 6429685 1 905
8244 18472 6429695 1 906
8242 18472 6429705 1 907
8240 18472 6429715 1 909
8238 18471 6429725 1 910
8236 18471 6429735 1 911
8235 18470 6429745 1 913
8234 18469 6429755 1 914
8233 18469 6429765 1 914
8232 18468 6429775 1 915
8231 18468 6429785 1 917
8229 18467 6429795 1 918
8227 18467 6429805 1 919
8226 18466 6429815 1 921
8224 18466 6429825 1 922
8223 18465 6429835 1 923
8221 18465 6429845 1 924
8220 18465 6429855 1 926
8218 18464 6429865 1 927
8217 18464 6429875 1 928
8215 18464 6429885 1 929
8213 18464 6429895 1 930
8211 18465 6429905 1 931
8210 18465 6429915 1 932
8208 18466 6429925 1 933
8207 18466 6429935 1 934
8206 18467 6429945 1 935
8205 18467 6429955 1 936
8205 18467 6429965 1 937
8204 18467 6429975 1 938
8203 18468 6429985 1 939
8203 18468 6429995 1 941
8202 18468 6430005 1 942
8201 18468 6430015 1 943
8200 18468 6430025 1 944
8200 18468 6430035 1 946
8199 18468 6430045 1 947
8199 18467 6430055 1 948
8198 18467 6430065 1 949
8198 18467 6430075 1 951
8198 18466 6430085 1 952
8197 18466 6430095 1 953
8197 18466 6430105 1 954
8195 18466 6430115 1 956
8194 18465 6430125 1 957
8192 18465 6430135 1 958
8190 18465 6430145 1 959
8187 18466 6430155 1 961
8185 18466 6430165 1 962
8183 18466 6430175 1 963
8181 18466 6430185 1 964
8179 18466 6430195 1 965
8177 18467 6430205 1 967
8176 18467 6430215 1 968
8174 18467 6430225 1 969
8173 18467 6430235 1 970
8172 18467 6430245 1 972
8172 18467 6430255 1 973
8172 18468 6430265 1 973
8172 18468 6430275 1 974
8173 18468 6430285 1 975
8174 18468 6430295 1 976
8176 18468 6430305 1 978
8178 18469 6430315 1 979
8181 18469 6430325 1 980
8184 18469 6430335 1 981
8188 18469 6430345 1 982
8191 18469 6430355 1 984
8195 18469 6430365 1 985
8199 18469 6430375 1 986
8203 18469 6430385 1 987
8207 18469 6430395 1 988
8212 18469 6430405 1 990
8216 18470 6430415 1 991
8220 18470 6430425 1 992
8224 18470 6430435 1 993
8228 18470 6430445 1 994
8230 18471 6430455 1 996
8232 18471 6430465 1 997
8234 18472 6430475 1 998
8235 18472 6430485 1 999
8235 18472 6430495 1 1000
8235 18473 6430505 1 1001
8234 18473 6430515 1 1003
8234 18473 6430525 1 1004
8233 18474 6430535 1 1005
8232 18474 6430545 1 1006
8231 18475 6430555 1 1007
8231 18475 6430565 1 1009
8230 18476 6430575 1 1010
8229 18476 6430585 1 1011
8229 18476 6430595 1 1012
8229 18477 6430605 1 1013
8229 18477 6430615 1 1013
8229 18477 6430625 1 1014
8229 18478 6430635 1 1016
8230 18478 6430645 1 1018
8230 18479 6430655 1 1019
8231 18479 6430665 1 1020
8231 18480 6430675 1 1021
8231 18480 6430685 1 1022
8231 18481 6430695 1 1023
8231 18482 6430705 1 1023
8231 18482 6430715 1 1023
8232 18483 6430725 1 1023
8233 18483 6430735 1 1023
8235 18484 6430745 1 1023
8237 18484 6430755 1 1023
8239 18485 6430765 1 1023
8241 18485 6430775 1 1023
8244 18485 6430785 1 1023
8246 18485 6430795 1 1023
8247 18485 6430805 1 1023
8248 18485 6430815 1 1023
8248 18484 6430825 1 1023
8248 18485 6430835 1 1023
8248 18485 6430845 1 1023
8247 18485 6430855 1 1023
8247 18485 6430865 1 1023
8246 18485 6430875 1 1023
8245 18486 6430885 1 1023
8245 18486 6430895 1 1023
8245 18487 6430905 1 1023
8245 18488 6430915 1 1023
8246 18489 6430925 1 1023
8246 18489 6430935 1 1023
8246 18490 6430945 1 1023
8246 18491 6430955 1 1023
8246 18492 6430965 1 1023
8246 18493 6430975 1 1023
8245 18493 6430985 1 1023
8245 18494 6430995 1 1023
8246 18495 6431005 1 1023
8246 18495 6431015 1 1023
8247 18496 6431025 1 1023
8247 18497 6431035 1 1023
8248 18498 6431045 1 1023
8249 18498 6431055 1 1023
8249 18499 6431065 1 1023
8249 18500 6431075 1 1023
8249 18501 6431085 1 1023
8249 18502 6431095 1 1023
8249 18504 6431105 1 1023
8248 18505 6431115 1 1023
8247 18506 6431125 1 1023
8247 18507 6431135 1 1023
8246 18508 6431145 1 1023
8245 18509 6431155 1 1023
8244 18510 6431165 1 1023
8243 18511 6431175 1 1023
8243 18512 6431185 1 1023
8242 18513 6431195 1 1023
8242 18513 6431205 1 1023
8241 18514 6431215 1 1023
8240 18514 6431225 1 1023
8239 18514 6431235 1 1023
8237 18515 6431245 1 1023
8236 18515 6431255 1 1023
8234 18516 6431265 1 1023
8233 18516 6431275 1 1023
8231 18517 6431285 1 1023
8230 18517 6431295 1 1023
8228 18518 6431305 1 1023
8226 18519 6431315 1 1023
8224 18519 6431325 1 1023
8224 18520 6431335 1 1023
8223 18521 6431345 1 1023
8223 18522 6431355 1 1023
8223 18523 6431365 1 1023
8224 18523 6431375 1 1023
8226 18524 6431385 1 1023
8228 18524 6431395 1 1023
8230 18525 6431405 1 1023
8233 18525 6431415 1 1023
8236 18525 6431425 1 1023
8240 18525 6431435 1 1023
8244 18525 6431445 1 1023
8248 18524 6431455 1 1023
8251 18524 6431465 1 1023
8255 18523 6431475 1 1023
8257 18522 6431485 1 1023
8260 18522 6431495 1 1023
8263 18521 6431505 1 1023
8266 18519 6431515 1 1023
8268 18518 6431525 1 1023
8270 18517 6431535 1 1023
8272 18516 6431545 1 1023
8274 18514 6431555 1 1023
8275 18513 6431565 1 1023
8276 18512 6431575 1 1023
8277 18510 6431585 1 1023
8278 18509 6431595 1 1023
8279 18508 6431605 1 1023
8279 18506 6431615 1 1023
8279 18505 6431625 1 1023
8279 18504 6431635 1 1023
8279 18502 6431645 1 1023
8279 18501 6431655 1 1023
8279 18500 6431665 1 1023
8279 18498 6431675 1 1023
8279 18497 6431685 1 1023
8279 18496 6431695 1 1023
8279 18495 6431705 1 1023
8279 18494 6431715 1 1023
8278 18493 6431725 1 1023
8278 18492 6431735 1 1023
8278 18491 6431745 1 1023
8277 18490 6431755 1 1023
8277 18489 6431765 1 1023
8276 18488 6431775 1 1023
8276 18487 6431785 1 1023
8275 18486 6431795 1 1023
8274 18485 6431805 1 1023
8274 18485 6431815 1 1023
8273 18484 6431825 1 1023
8272 18483 6431835 1 1023
8270 18482 6431845 1 1023
8269 18481 6431855 1 1023
8269 18480 6431865 1 1023
8268 18480 6431875 1 1023
8267 18479 6431885 1 1023
8267 18479 6431895 1 1023
8267 18479 6431905 1 1023
8268 18479 6431915 1 1023
8269 18479 6431925 1 1023
8270 18479 6431935 1 1023
8272 18479 6431945 1 1023
8273 18479 6431955 1 1023
8275 18480 6431965 1 1023
8277 18480 6431975 1 1023
8278 18481 6431985 1 1023
8279 18481 6431995 1 1023
8280 18481 6432005 1 1023
8281 18481 6432015 1 1023
8282 18482 6432025 1 1023
8283 18482 6432035 1 1023
8283 18482 6432045 1 1023
8284 18482 6432055 1 1023
8284 18481 6432065 1 1023
8284 18481 6432075 1 1023
8284 18481 6432085 1 1023
8284 18481 6432095 1 1023
8284 18480 6432105 1 1023
8283 18480 6432115 1 1023
8281 18480 6432125 1 1023
8279 18480 6432135 1 1023
8276 18480 6432145 1 1023
8274 18480 6432155 1 1023
8270 18480 6432165 1 1023
8267 18480 6432175 1 1023
8265 18480 6432185 1 1023
8262 18481 6432195 1 1023
8260 18481 6432205 1 1023
8259 18481 6432215 1 1023
8257 18482 6432225 1 1023
8256 18482 6432235 1 1023
8255 18483 6432245 1 1023
8255 18483 6432255 1 1023
8255 18483 6432265 1 1023
8256 18483 6432275 1 1023
8257 18484 6432285 1 1023
8258 18484 6432295 1 1023
8260 18484 6432305 1 1023
8262 18484 6432315 1 1023
8264 18485 6432325 1 1023
8267 18485 6432335 1 1023
8269 18485 6432345 1 1023
8271 18485 6432355 1 1023
8274 18485 6432365 1 1023
8276 18485 6432375 1 1023
8278 18485 6432385 1 1023
8281 18485 6432395 1 1023
8283 18485 6432405 1 1023
8286 18485 6432415 1 1023
8288 18485 6432425 1 1023
8289 18485 6432435 1 1023
8290 18485 6432445 1 1023
8291 18486 6432455 1 1023
8291 18486 6432465 1 1023
8290 18487 6432475 1 1023
8289 18487 6432485 1 1023
8288 18488 6432495 1 1023
8287 18488 6432505 1 1023
8287 18489 6432515 1 1023
8287 18490 6432525 1 1023
8288 18491 6432535 1 1023
8288 18492 6432545 1 1023
8288 18493 6432555 1 1023
8288 18495 6432565 1 1023
8289 18496 6432575 1 1023
8289 18497 6432585 1 1023
8289 18498 6432595 1 1023
8289 18500 6432605 1 1023
8289 18501 6432615 1 1023
8289 18502 6432625 1 1023
8288 18503 6432635 1 1023
8288 18505 6432645 1 1023
8288 18506 6432655 1 1023
8287 18507 6432665 1 1023
8287 18508 6432675 1 1023
8287 18509 6432685 1 1023
8288 18510 6432695 1 1023
8289 18511 6432705 1 1023
8290 18513 6432715 1 1023
8292 18514 6432725 1 1020
8294 18515 6432735 1 1002
8295 18516 6432745 1 984
8297 18517 6432755 1 976
8299 18518 6432765 1 966
8301 18519 6432775 1 948
8303 18519 6432785 1 930
8305 18520 6432795 1 912
8307 18520 6432805 1 894
8309 18520 6432815 1 876
8311 18521 6432825 1 858
8312 18521 6432835 1 840
8314 18521 6432845 1 822
8315 18521 6432855 1 805
8316 18521 6432865 1 797
8317 18521 6432875 1 789
8317 18521 6432885 1 773
8318 18521 6432895 1 757
8319 18521 6432905 1 742
8319 18520 6432915 1 728
8320 18520 6432925 1 714
8320 18520 6432935 1 701
8320 18520 6432945 1 690
8321 18520 6432955 1 679
8321 18520 6432965 1 669
8322 18520 6432975 1 660
8322 18520 6432985 1 653
8323 18520 6432995 1 646
8324 18521 6433005 1 641
8325 18521 6433015 1 637
8326 18521 6433025 1 635
8327 18521 6433035 1 634
8329 18521 6433045 1 637
8330 18521 6433055 1 641
8330 18521 6433065 1 647
8329 18521 6433075 1 654
8329 18521 6433085 1 663
8328 18521 6433095 1 674
8328 18521 6433105 1 679
8327 18521 6433115 1 687
8327 18521 6433125 1 702
8327 18520 6433135 1 719
8327 18520 6433145 1 739
8327 18520 6433155 1 760
8326 18520 6433165 1 784
8327 18520 6433175 1 810
8327 18520 6433185 1 839
8328 18519 6433195 1 870
8329 18519 6433205 1 903
8331 18518 6433215 1 938
8332 18518 6433225 1 977
8334 18517 6433235 1 1018
8336 18517 6433245 1 1023
8337 18516 6433255 1 1023
8338 18516 6433265 1 1023
8339 18515 6433275 1 1023
8339 18515 6433285 1 1023
8339 18515 6433295 1 1023
8338 18515 6433305 1 1004
8337 18515 6433315 1 532
8335 18515 6433325 0 0
8333 18515 6433335 0 0
8331 18515 6433345 0 0
8330 18515 6433355 0 0
8328 18515 6433365 0 0
8325 18516 6433375 0 0
8323 18516 6433385 0 0
8320 18516 6433395 0 0
8317 18516 6433405 0 0
8315 18517 6433415 0 0
8312 18517 6433425 0 0
8310 18517 6433435 0 0
8308 18517 6433445 0 0
8306 18517 6433455 0 0
8304 18517 6433465 0 0
8303 18517 6433475 0 0
8302 18516 6433485 0 0
8302 18516 6433495 0 0
8302 18516 6433505 0 0
8303 18516 6433515 0 0
8303 18516 6433525 0 0
8303 18516 6433535 0 0
8303 18515 6433545 0 0
8302 18515 6433555 0 0
8302 18515 6433565 0 0
8301 18515 6433575 0 0
8301 18515 6433585 0 0
8301 18516 6433595 0 0
8301 18516 6433605 0 0
8302 18516 6433615 0 0
8303 18516 6433625 0 0
8304 18517 6433635 0 0
8304 18517 6433645 0 0
8305 18518 6433655 0 0
8306 18518 6433665 0 0
8307 18518 6433675 0 0
8307 18519 6433685 0 0
8308 18519 6433695 0 0
8308 18519 6433705 0 0
8308 18519 6433715 1 9
8309 18519 6433725 1 31
8309 18520 6433735 1 63
8309 18520 6433745 1 104
8310 18520 6433755 1 153
8310 18520 6433765 1 209
8309 18520 6433775 1 271
8309 18520 6433785 1 336
8308 18520 6433795 1 405
8307 18520 6433805 1 476
8306 18520 6433815 1 547
8305 18520 6433825 1 618
8305 18520 6433835 1 687
8305 18520 6433845 1 752
8305 18520 6433855 1 814
8306 18520 6433865 1 870
8307 18520 6433875 1 919
8309 18521 6433885 1 960
8311 18521 6433895 1 992
8314 18521 6433905 1 1014
8317 18521 6433915 1 1023
8320 18521 6433925 1 1023
8323 18521 6433935 1 1023
8326 18521 6433945 1 1023
8328 18521 6433955 1 1023
8330 18521 6433965 1 1023
8332 18521 6433975 1 1023
8333 18520 6433985 1 1023
8334 18520 6433995 1 1023
8335 18520 6434005 1 1023
8334 18519 6434015 1 1023
8334 18519 6434025 1 1023
8332 18518 6434035 1 1023
8331 18518 6434045 1 1023
8329 18518 6434055 1 1023
8326 18517 6434065 1 1023
8324 18517 6434075 1 1023
8322 18517 6434085 1 1023
8320 18517 6434095 1 1023
8318 18517 6434105 1 1023
8316 18517 6434115 1 1023
8315 18517 6434125 1 1023
8314 18517 6434135 1 1023
8313 18517 6434145 1 1023
8313 18517 6434155 1 1023
8313 18516 6434165 1 1023
8313 18516 6434175 1 1023
8313 18516 6434185 1 1023
8313 18515 6434195 1 1023
8313 18515 6434205 1 1023
8313 18514 6434215 1 1023
8314 18513 6434225 1 1023
8314 18512 6434235 1 1023
8315 18511 6434245 1 955
8315 18510 6434255 1 924
8314 18510 6434265 1 897
8313 18509 6434275 1 871
8312 18508 6434285 1 848
8311 18507 6434295 1 827
8309 18506 6434305 1 808
8308 18505 6434315 1 799
8306 18505 6434325 1 791
8305 18504 6434335 1 777
8303 18503 6434345 1 765
8302 18503 6434355 1 755
8301 18502 6434365 1 747
8300 18502 6434375 1 741
8299 18502 6434385 1 737
8298 18501 6434395 1 734
8297 18501 6434405 1 733
8296 18501 6434415 1 735
8296 18501 6434425 1 737
8296 18500 6434435 1 741
8296 18500 6434445 1 747
8297 18500 6434455 1 754
8297 18499 6434465 1 763
8298 18499 6434475 1 773
8300 18498 6434485 1 784
8301 18498 6434495 1 796
8303 18497 6434505 1 809
8304 18497 6434515 1 823
8306 18496 6434525 1 839
8308 18495 6434535 1 847
8310 18495 6434545 1 855
8312 18495 6434555 1 872
8314 18494 6434565 1 890
8316 18494 6434575 1 908
8318 18494 6434585 1 927
8318 18494 6434595 1 946
8319 18494 6434605 1 966
8318 18494 6434615 1 987
8317 18494 6434625 1 1008
8315 18493 6434635 1 1023
8313 18493 6434645 1 1023
8310 18493 6434655 1 1023
8307 18493 6434665 1 1023
8304 18493 6434675 1 1023
8301 18493 6434685 1 1023
8298 18493 6434695 1 1023
8295 18493 6434705 1 1023
8292 18493 6434715 1 1023
8290 18493 6434725 1 1023
8288 18493 6434735 1 1023
8286 18493 6434745 1 1023
8284 18493 6434755 1 1023
8284 18493 6434765 1 1023
8284 18493 6434775 1 1023
8284 18493 6434785 1 1023
8286 18493 6434795 1 1023
8287 18493 6434805 1 1023
8290 18493 6434815 1 1023
8293 18493 6434825 1 1023
8296 18493 6434835 1 1023
8299 18493 6434845 1 1023
8302 18493 6434855 1 1023
8305 18493 6434865 1 1023
8308 18493 6434875 1 1023
8311 18493 6434885 1 1023
8314 18494 6434895 1 1023
8317 18494 6434905 1 1023
8319 18493 6434915 1 1023
8321 18493 6434925 1 1023
8323 18493 6434935 1 1023
8324 18493 6434945 1 1023
8326 18493 6434955 1 1023
8327 18493 6434965 1 1023
8328 18493 6434975 1 1023
8329 18493 6434985 1 1023
8330 18493 6434995 1 1023
8331 18492 6435005 1 1023
8331 18492 6435015 1 1023
8331 18492 6435025 1 1023
8331 18492 6435035 1 1023
8330 18492 6435045 1 1023
8330 18492 6435055 1 1023
8328 18492 6435065 1 1023
8327 18492 6435075 1 1023
8326 18492 6435085 1 1023
8324 18492 6435095 1 1023
8323 18492 6435105 1 1023
8321 18492 6435115 1 1023
8319 18493 6435125 1 1023
8317 18493 6435135 1 1023
8315 18493 6435145 1 1023
8313 18493 6435155 1 1023
8311 18493 6435165 1 1023
8310 18493 6435175 1 1023
8309 18493 6435185 1 1023
8308 18493 6435195 1 1023
8307 18493 6435205 1 1023
8307 18494 6435215 1 1023
8308 18494 6435225 1 1023
8309 18494 6435235 1 1023
8311 18494 6435245 1 1023
8313 18495 6435255 1 1023
8315 18495 6435265 1 1023
8317 18496 6435275 1 1023
8319 18496 6435285 1 1023
8320 18496 6435295 1 1023
8322 18497 6435305 1 1023
8324 18497 6435315 1 1023
8326 18498 6435325 1 1023
8328 18498 6435335 1 1023
8330 18498 6435345 1 1023
8332 18499 6435355 1 1023
8334 18499 6435365 1 1023
8336 18499 6435375 1 1023
8337 18499 6435385 1 1023
8338 18499 6435395 1 1023
8339 18499 6435405 1 1023
8339 18498 6435415 1 1023
8339 18498 6435425 1 1023
8338 18498 6435435 1 1023
8337 18497 6435445 1 1023
8336 18496 6435455 1 1023
8334 18496 6435465 1 1023
8333 18495 6435475 1 1023
8332 18494 6435485 1 1023
8331 18493 6435495 1 1023
8330 18493 6435505 1 1023
8329 18492 6435515 1 1023
8328 18492 6435525 1 1023
8326 18491 6435535 1 1023
8325 18491 6435545 1 1023
8324 18491 6435555 1 1023
8322 18491 6435565 1 1023
8321 18492 6435575 1 1023
8320 18492 6435585 1 1023
8320 18492 6435595 1 1023
8319 18493 6435605 1 1023
8319 18494 6435615 1 1023
8319 18494 6435625 1 1023
8319 18495 6435635 1 1023
8320 18496 6435645 1 1023
8321 18496 6435655 1 1023
8322 18497 6435665 1 1023
8323 18498 6435675 1 1023
8325 18498 6435685 1 1023
8328 18499 6435695 1 1023
8330 18499 6435705 1 1023
8332 18500 6435715 1 1023
8334 18500 6435725 1 1023
8336 18501 6435735 1 1023
8337 18502 6435745 1 1023
8338 18502 6435755 1 1023
8338 18503 6435765 1 1023
8338 18504 6435775 1 1023
8338 18504 6435785 1 1023
8338 18505 6435795 1 1023
8339 18506 6435805 1 1023
8339 18506 6435815 1 1023
8339 18506 6435825 1 1023
8340 18507 6435835 1 1023
8340 18507 6435845 1 1023
8340 18507 6435855 1 1023
8340 18508 6435865 1 1023
8340 18508 6435875 1 1023
8340 18508 6435885 1 1023
8339 18508 6435895 1 1023
8337 18508 6435905 1 1023
8335 18509 6435915 1 1023
8333 18509 6435925 1 1023
8331 18509 6435935 1 1023
8329 18510 6435945 1 1023
8327 18510 6435955 1 1023
8326 18510 6435965 1 1023
8324 18511 6435975 1 1023
8322 18511 6435985 1 1023
8320 18511 6435995 1 1023
8318 18512 6436005 1 1023
8316 18512 6436015 1 1023
8314 18512 6436025 1 1023
8314 18512 6436035 1 1023
8313 18512 6436045 1 1023
8313 18512 6436055 1 1023
8314 18512 6436065 1 1023
8315 18512 6436075 1 1023
8316 18512 6436085 1 1023
8318 18511 6436095 1 1023
8320 18511 6436105 1 1023
8321 18511 6436115 1 1023
8323 18511 6436125 1 1023
8324 18511 6436135 1 1023
8325 18511 6436145 1 1023
8327 18511 6436155 1 1023
8328 18511 6436165 1 1023
8329 18511 6436175 1 1023
8330 18511 6436185 1 1023
8331 18511 6436195 1 1023
8332 18511 6436205 1 1023
8332 18512 6436215 1 1023
8332 18512 6436225 1 1023
8332 18513 6436235 1 1023
8331 18514 6436245 1 1023
8330 18514 6436255 1 1023
8328 18515 6436265 1 1023
8327 18516 6436275 1 1023
8325 18516 6436285 1 1023
8324 18516 6436295 1 1023
8323 18517 6436305 1 1023
8322 18517 6436315 1 1023
8322 18517 6436325 1 1023
8322 18517 6436335 1 1023
8322 18517 6436345 1 1023
8323 18517 6436355 1 1023
8324 18517 6436365 1 1023
8325 18517 6436375 1 1023
8326 18517 6436385 1 1023
8327 18517 6436395 1 1023
8328 18517 6436405 1 1023
8328 18517 6436415 1 1023
8329 18517 6436425 1 1023
8329 18518 6436435 1 1023
8330 18518 6436445 1 1023
8330 18518 6436455 1 1023
8330 18518 6436465 1 1023
8331 18518 6436475 1 1023
8333 18518 6436485 1 1023
8335 18517 6436495 1 1023
8338 18517 6436505 1 1023
8340 18517 6436515 1 1023
8343 18516 6436525 1 1023
8345 18515 6436535 1 1023
8348 18515 6436545 1 1023
8350 18514 6436555 1 1023
8353 18513 6436565 1 1023
8356 18512 6436575 1 1023
8359 18511 6436585 1 1023
8362 18511 6436595 1 1023
8364 18510 6436605 1 1023
8366 18509 6436615 1 1023
8368 18509 6436625 1 1023
8369 18508 6436635 1 1023
8371 18507 6436645 1 1023
8372 18506 6436655 1 1023
8374 18506 6436665 1 1023
8375 18505 6436675 1 1023
8377 18504 6436685 1 1023
8378 18503 6436695 1 1023
8380 18502 6436705 1 1023
8381 18501 6436715 1 1023
8382 18499 6436725 1 1023
8382 18498 6436735 1 1023
8382 18497 6436745 1 1023
8381 18495 6436755 1 1023
8379 18494 6436765 1 1023
8376 18492 6436775 1 1023
8373 18491 6436785 1 1023
8370 18489 6436795 1 1023
8366 18488 6436805 1 1023
8362 18487 6436815 1 1023
8358 18486 6436825 1 1023
8354 18485 6436835 1 1023
8350 18484 6436845 1 1023
8347 18483 6436855 1 1023
8344 18482 6436865 1 1023
8341 18482 6436875 1 1023
8339 18481 6436885 1 1023
8337 18481 6436895 1 1023
8336 18480 6436905 1 1023
8334 18480 6436915 1 1023
8333 18480 6436925 1 1023
8333 18480 6436935 1 1023
8332 18480 6436945 1 1023
8332 18480 6436955 1 1023
8333 18480 6436965 1 1023
8333 18480 6436975 1 1023
8334 18480 6436985 1 1023
8335 18480 6436995 1 1023
8336 18480 6437005 1 1023
8336 18480 6437015 1 1023
8337 18480 6437025 1 1023
8338 18479 6437035 1 1023
8338 18479 6437045 1 1023
8339 18479 6437055 1 1023
8340 18478 6437065 1 1023
8341 18478 6437075 1 1023
8343 18477 6437085 1 1023
8346 18476 6437095 1 1023
8349 18476 6437105 1 1023
8351 18475 6437115 1 1023
8354 18474 6437125 1 1023
8357 18474 6437135 1 1023
8360 18473 6437145 1 1023
8362 18473 6437155 1 1023
8365 18473 6437165 1 1023
8367 18472 6437175 1 1023
8369 18472 6437185 1 1023
8370 18472 6437195 1 1023
8371 18472 6437205 1 1023
8371 18473 6437215 1 1023
8372 18473 6437225 1 1023
8373 18473 6437235 1 1023
8373 18473 6437245 1 1023
8374 18473 6437255 1 1023
8374 18474 6437265 1 1023
8374 18474 6437275 1 1023
8375 18475 6437285 1 1023
8376 18475 6437295 1 1023
8377 18476 6437305 1 1023
8378 18477 6437315 1 1023
8379 18477 6437325 1 1023
8381 18478 6437335 1 1023
8382 18479 6437345 1 1023
8383 18479 6437355 1 1023
8384 18480 6437365 1 1023
8385 18481 6437375 1 1023
8386 18481 6437385 1 1023
8386 18482 6437395 1 1023
8387 18482 6437405 1 1023
8388 18483 6437415 1 1023
8388 18484 6437425 1 1023
8389 18484 6437435 1 1023
8389 18485 6437445 1 1023
8390 18485 6437455 1 1023
8389 18486 6437465 1 1023
8389 18486 6437475 1 1023
8387 18487 6437485 1 1023
8385 18488 6437495 1 1023
8383 18488 6437505 1 1023
8380 18489 6437515 1 1023
8377 18490 6437525 1 1023
8374 18491 6437535 1 1023
8371 18491 6437545 1 1023
8368 18492 6437555 1 1023
8366 18493 6437565 1 1023
8363 18493 6437575 1 1023
8362 18494 6437585 1 1023
8360 18495 6437595 1 1023
8358 18495 6437605 1 1023
8357 18496 6437615 1 1023
8356 18496 6437625 1 1023
8355 18497 6437635 1 1023
8355 18498 6437645 1 1023
8354 18498 6437655 1 1023
8354 18499 6437665 1 1023
8354 18499 6437675 1 1023
8354 18499 6437685 1 1023
8354 18500 6437695 1 1023
8354 18500 6437705 1 1023
8354 18500 6437715 1 1023
8354 18500 6437725 1 1023
8355 18500 6437735 1 1023
8356 18500 6437745 1 1023
8357 18500 6437755 1 1023
8359 18500 6437765 1 1023
8360 18499 6437775 1 1023
8362 18499 6437785 1 1023
8363 18499 6437795 1 1023
8364 18499 6437805 1 1023
8365 18499 6437815 1 1023
8366 18499 6437825 1 1023
8366 18498 6437835 1 1023
8367 18498 6437845 1 1023
8367 18498 6437855 1 1023
8367 18497 6437865 1 1023
8367 18497 6437875 1 1023
8367 18496 6437885 1 1023
8367 18496 6437895 1 1023
8367 18495 6437905 1 1023
8368 18495 6437915 1 1023
8368 18495 6437925 1 1023
8369 18494 6437935 1 1023
8369 18494 6437945 1 1023
8370 18495 6437955 1 1023
8370 18495 6437965 1 1023
8371 18495 6437975 1 1023
8371 18495 6437985 1 1023
8371 18495 6437995 1 1023
8372 18496 6438005 1 1023
8373 18496 6438015 1 1023
8373 18496 6438025 1 1023
8374 18497 6438035 1 1023
8374 18497 6438045 1 1023
8374 18497 6438055 1 1023
8374 18497 6438065 1 1023
8373 18497 6438075 1 1023
8372 18497 6438085 1 1023
8371 18497 6438095 1 1023
8370 18497 6438105 1 1023
8369 18497 6438115 1 1023
8368 18496 6438125 1 1023
8367 18496 6438135 1 1023
8366 18496 6438145 1 1023
8366 18495 6438155 1 1023
8365 18495 6438165 1 1023
8366 18495 6438175 1 1023
8366 18495 6438185 1 1023
8367 18495 6438195 1 1023
8368 18494 6438205 1 1023
8370 18494 6438215 1 1023
8372 18494 6438225 1 1023
8374 18495 6438235 1 1023
8376 18495 6438245 1 1023
8378 18495 6438255 1 1023
8380 18495 6438265 1 1023
8381 18495 6438275 1 1023
8382 18496 6438285 1 1023
8383 18496 6438295 1 1023
8383 18496 6438305 1 1023
8383 18496 6438315 1 1023
8383 18495 6438325 1 1023
8383 18495 6438335 1 1023
8382 18495 6438345 1 1023
8382 18494 6438355 1 1023
8381 18494 6438365 1 1023
8382 18494 6438375 1 1023
8382 18493 6438385 1 1023
8383 18493 6438395 1 1023
8385 18493 6438405 1 1023
8386 18493 6438415 1 1023
8387 18493 6438425 1 1023
8389 18493 6438435 1 1023
8391 18493 6438445 1 1023
8392 18494 6438455 1 1023
8394 18494 6438465 1 1023
8395 18495 6438475 1 1023
8396 18495 6438485 1 1023
8397 18496 6438495 1 1023
8397 18497 6438505 1 1023
8398 18497 6438515 1 1023
8398 18498 6438525 1 1023
8398 18499 6438535 1 1023
8399 18499 6438545 1 1023
8399 18500 6438555 1 1023
8399 18501 6438565 1 1023
8398 18501 6438575 1 1023
8397 18502 6438585 1 1023
8396 18502 6438595 1 1023
8395 18503 6438605 1 1023
8395 18503 6438615 1 1023
8394 18503 6438625 1 1023
8394 18503 6438635 1 1023
8394 18503 6438645 1 1023
8394 18503 6438655 1 1023
8393 18503 6438665 1 1023
8392 18503 6438675 1 1023
8392 18503 6438685 1 1023
8391 18503 6438695 1 1023
8390 18503 6438705 1 1023
8390 18503 6438715 1 1023
8390 18502 6438725 1 1023
8389 18502 6438735 1 1023
8388 18502 6438745 1 1023
8387 18502 6438755 1 1023
8386 18501 6438765 1 1023
8385 18501 6438775 1 1023
8384 18501 6438785 1 1023
8383 18501 6438795 1 1023
8383 18500 6438805 1 1023
8381 18500 6438815 1 1023
8380 18500 6438825 1 1023
8379 18500 6438835 1 1023
8378 18500 6438845 1 1023
8377 18500 6438855 1 1023
8376 18500 6438865 1 1023
8376 18500 6438875 1 1023
8376 18500 6438885 1 1023
8376 18500 6438895 1 1023
8376 18500 6438905 1 1023
8377 18500 6438915 1 1023
8378 18501 6438925 1 1023
8380 18501 6438935 1 1023
8382 18501 6438945 1 1023
8383 18501 6438955 1 1023
8385 18501 6438965 1 1023
8387 18501 6438975 1 1023
8389 18501 6438985 1 1023
8391 18501 6438995 1 1023
8393 18500 6439005 1 1023
8394 18500 6439015 1 1023
8395 18499 6439025 1 1023
8397 18498 6439035 1 1023
8399 18497 6439045 1 1023
8401 18496 6439055 1 1023
8402 18495 6439065 1 1023
8404 18495 6439075 1 1023
8406 18494 6439085 1 1023
8407 18493 6439095 1 1023
8408 18493 6439105 1 1023
8409 18492 6439115 1 1023
8410 18491 6439125 1 1023
8410 18491 6439135 1 1023
8410 18490 6439145 1 1023
8410 18489 6439155 1 1023
8410 18488 6439165 1 1023
8410 18488 6439175 1 1023
8410 18487 6439185 1 1023
8410 18486 6439195 1 1023
8409 18484 6439205 1 1023
8409 18483 6439215 1 1023
8408 18482 6439225 1 1023
8406 18481 6439235 1 1023
8404 18480 6439245 1 1023
8402 18479 6439255 1 1023
8400 18478 6439265 1 1023
8398 18477 6439275 1 1023
8396 18476 6439285 1 1023
8394 18476 6439295 1 1023
8392 18476 6439305 1 1023
8389 18476 6439315 1 1023
8386 18476 6439325 1 1023
8384 18476 6439335 1 1023
8381 18476 6439345 1 1023
8379 18476 6439355 1 1023
8377 18475 6439365 1 1023
8376 18475 6439375 1 1023
8374 18475 6439385 1 1023
8373 18474 6439395 1 1023
8373 18474 6439405 1 1023
8372 18473 6439415 1 1023
8372 18473 6439425 1 1023
8372 18473 6439435 1 1023
8372 18472 6439445 1 1023
8372 18472 6439455 1 1023
8373 18472 6439465 1 1023
8374 18471 6439475 1 1023
8375 18471 6439485 1 1023
8376 18471 6439495 1 1023
8377 18471 6439505 1 1023
8378 18471 6439515 1 1023
8379 18471 6439525 1 1023
8380 18472 6439535 1 1023
8381 18472 6439545 1 1023
8382 18473 6439555 1 1023
8383 18473 6439565 1 1023
8384 18474 6439575 1 1023
8384 18474 6439585 1 1023
8384 18474 6439595 1 1023
8384 18474 6439605 1 1023
8384 18475 6439615 1 1023
8384 18475 6439625 1 1023
8384 18475 6439635 1 1023
8384 18475 6439645 1 1023
8385 18475 6439655 1 1023
8387 18475 6439665 1 1023
8388 18476 6439675 1 1023
8390 18476 6439685 1 1023
8392 18476 6439695 1 1023
8395 18476 6439705 1 1023
8397 18476 6439715 1 1023
8400 18477 6439725 1 1023
8401 18477 6439735 1 1023
8403 18477 6439745 1 1023
8404 18476 6439755 1 1023
8405 18476 6439765 1 1023
8406 18476 6439775 1 1023
8407 18476 6439785 1 1023
8408 18476 6439795 1 1023
8409 18476 6439805 1 1023
8410 18476 6439815 1 1023
8410 18476 6439825 1 1023
8411 18475 6439835 1 1023
8411 18475 6439845 1 1023
8411 18475 6439855 1 1023
8410 18475 6439865 1 1023
8410 18475 6439875 1 1023
8409 18475 6439885 1 1023
8408 18475 6439895 1 1023
8407 18475 6439905 1 1023
8405 18475 6439915 1 1023
8404 18474 6439925 1 1023
8403 18474 6439935 1 1023
8402 18474 6439945 1 1023
8401 18474 6439955 1 1023
8400 18474 6439965 1 1023
8400 18473 6439975 1 1023
8400 18473 6439985 1 1023
8400 18473 6439995 1 1023
8400 18472 6440005 1 1023
8400 18472 6440015 1 1023
8401 18472 6440025 1 1023
8402 18471 6440035 1 1023
8403 18471 6440045 1 1023
8405 18471 6440055 1 1023
8406 18471 6440065 1 1023
8408 18471 6440075 1 1023
8408 18471 6440085 1 1023
8409 18471 6440095 1 1023
8410 18471 6440105 1 1023
8410 18471 6440115 1 1023
8411 18471 6440125 1 1023
8412 18471 6440135 1 1023
8412 18471 6440145 1 1023
8413 18471 6440155 1 1023
8413 18471 6440165 1 1023
8414 18471 6440175 1 1023
8414 18471 6440185 1 1023
