8033 17523 4706099 1 696
8033 17523 4706109 1 697
8032 17523 4706119 1 698
8031 17523 4706129 1 698
8030 17524 4706139 1 699
8028 17524 4706149 1 700
8025 17524 4706159 1 701
8023 17524 4706169 1 702
8021 17524 4706179 1 702
8019 17524 4706189 1 703
8018 17523 4706199 1 704
8016 17522 4706209 1 704
8014 17520 4706219 1 706
8013 17520 4706229 1 706
8013 17520 4706239 1 707
8013 17520 4706249 1 708
8014 17519 4706259 1 708
8015 17519 4706269 1 709
8018 17517 4706279 1 710
8020 17516 4706289 1 711
8023 17516 4706299 1 712
8025 17515 4706309 1 713
8028 17514 4706319 1 714
8030 17514 4706329 1 714
8034 17513 4706339 1 716
8036 17512 4706349 1 716
8037 17512 4706359 1 717
8039 17511 4706369 1 718
8041 17510 4706379 1 718
8043 17510 4706389 1 719
8047 17509 4706399 1 720
8048 17508 4706409 1 720
8050 17508 4706419 1 721
8051 17507 4706429 1 721
8053 17507 4706439 1 722
8054 17506 4706449 1 723
8056 17505 4706459 1 725
8058 17505 4706469 1 725
8059 17504 4706479 1 726
8060 17504 4706489 1 727
8061 17503 4706499 1 727
8062 17503 4706509 1 728
8063 17502 4706519 1 730
8063 17502 4706529 1 731
8063 17501 4706539 1 731
8063 17501 4706549 1 732
8063 17501 4706559 1 733
8063 17501 4706569 1 733
8063 17501 4706579 1 735
8062 17501 4706589 1 736
8061 17501 4706599 1 737
8060 17500 4706609 1 737
8059 17500 4706619 1 738
8058 17500 4706629 1 738
8054 17500 4706639 1 740
8052 17499 4706649 1 741
8050 17499 4706659 1 742
8048 17498 4706669 1 742
8046 17498 4706679 1 743
8045 17497 4706689 1 744
8044 17496 4706699 1 746
8045 17495 4706709 1 746
8047 17495 4706719 1 746
8049 17494 4706729 1 747
8051 17493 4706739 1 747
8054 17493 4706749 1 748
8062 17492 4706759 1 750
8066 17492 4706769 1 751
8070 17492 4706779 1 751
8074 17492 4706789 1 752
8079 17492 4706799 1 753
8083 17492 4706809 1 754
8091 17491 4706819 1 755
8094 17491 4706829 1 756
8096 17491 4706839 1 757
8099 17491 4706849 1 758
8101 17490 4706859 1 758
8103 17490 4706869 1 759
8106 17489 4706879 1 761
8108 17488 4706889 1 761
8111 17487 4706899 1 762
8113 17486 4706909 1 763
8116 17486 4706919 1 764
8119 17485 4706929 1 764
8125 17484 4706939 1 766
8129 17483 4706949 1 767
8132 17483 4706959 1 768
8135 17483 4706969 1 768
8138 17482 4706979 1 769
8141 17482 4706989 1 770
8147 17482 4706999 1 771
8150 17482 4707009 1 772
8153 17482 4707019 1 773
8156 17482 4707029 1 773
8159 17482 4707039 1 774
8162 17483 4707049 1 774
8167 17484 4707059 1 776
8169 17484 4707069 1 777
8171 17485 4707079 1 778
8172 17486 4707089 1 779
8174 17486 4707099 1 779
8175 17487 4707109 1 780
8176 17489 4707119 1 782
8177 17489 4707129 1 782
8179 17490 4707139 1 784
8180 17491 4707149 1 784
8182 17492 4707159 1 785
8184 17493 4707169 1 786
8187 17495 4707179 1 787
8187 17496 4707189 1 788
8188 17497 4707199 1 789
8188 17499 4707209 1 790
8187 17500 4707219 1 791
8186 17501 4707229 1 792
8181 17504 4707239 1 793
8177 17506 4707249 1 794
8174 17507 4707259 1 795
8170 17509 4707269 1 796
8167 17510 4707279 1 797
8163 17512 4707289 1 797
8157 17514 4707299 1 799
8154 17516 4707309 1 800
8151 17517 4707319 1 801
8148 17518 4707329 1 801
8145 17520 4707339 1 802
8142 17521 4707349 1 802
8135 17524 4707359 1 803
8131 17526 4707369 1 804
8128 17528 4707379 1 805
8124 17529 4707389 1 806
8120 17531 4707399 1 806
8117 17533 4707409 1 807
8112 17535 4707419 1 809
8110 17537 4707429 1 810
8108 17538 4707439 1 811
8107 17539 4707449 1 812
8105 17540 4707459 1 813
8104 17541 4707469 1 813
8104 17543 4707479 1 815
8104 17544 4707489 1 816
8105 17544 4707499 1 817
8105 17545 4707509 1 817
8106 17546 4707519 1 819
8106 17546 4707529 1 819
8108 17547 4707539 1 821
8108 17547 4707549 1 822
8109 17547 4707559 1 823
8110 17547 4707569 1 823
8111 17547 4707579 1 825
8112 17547 4707589 1 825
8113 17546 4707599 1 827
8113 17546 4707609 1 828
8113 17545 4707619 1 829
8112 17544 4707629 1 830
8110 17543 4707639 1 830
8108 17541 4707649 1 831
8103 17538 4707659 1 833
8100 17537 4707669 1 833
8096 17535 4707679 1 834
8093 17533 4707689 1 835
8089 17531 4707699 1 836
8086 17529 4707709 1 837
8079 17525 4707719 1 838
8076 17523 4707729 1 839
8073 17520 4707739 1 840
8070 17518 4707749 1 841
8067 17515 4707759 1 842
8064 17513 4707769 1 843
8058 17507 4707779 1 844
8056 17505 4707789 1 846
8053 17502 4707799 1 846
8051 17499 4707809 1 847
8049 17497 4707819 1 848
8048 17494 4707829 1 849
8046 17489 4707839 1 851
8045 17486 4707849 1 852
8044 17484 4707859 1 853
8044 17481 4707869 1 853
8044 17479 4707879 1 855
8043 17476 4707889 1 855
8042 17472 4707899 1 857
8042 17470 4707909 1 858
8041 17468 4707919 1 859
8041 17466 4707929 1 860
8040 17464 4707939 1 861
8040 17463 4707949 1 861
8040 17460 4707959 1 863
8040 17458 4707969 1 863
8041 17457 4707979 1 865
8042 17456 4707989 1 865
8044 17455 4707999 1 866
8046 17454 4708009 1 867
8051 17452 4708019 1 869
8053 17451 4708029 1 870
8056 17450 4708039 1 871
8059 17450 4708049 1 872
8062 17449 4708059 1 873
8065 17449 4708069 1 873
8072 17448 4708079 1 875
8075 17447 4708089 1 876
8078 17447 4708099 1 877
8081 17446 4708109 1 878
8083 17446 4708119 1 879
8086 17446 4708129 1 880
8091 17445 4708139 1 882
8093 17446 4708149 1 883
8096 17446 4708159 1 884
8098 17446 4708169 1 884
8101 17446 4708179 1 886
8103 17447 4708189 1 886
8108 17447 4708199 1 889
8110 17448 4708209 1 889
8112 17448 4708219 1 890
8113 17449 4708229 1 891
8115 17449 4708239 1 892
8116 17450 4708249 1 893
8117 17451 4708259 1 894
8118 17451 4708269 1 895
8118 17452 4708279 1 896
8118 17452 4708289 1 896
8118 17453 4708299 1 898
8118 17453 4708309 1 898
8117 17455 4708319 1 901
8116 17455 4708329 1 901
8115 17456 4708339 1 902
8115 17456 4708349 1 903
8114 17457 4708359 1 904
8114 17457 4708369 1 905
8112 17458 4708379 1 907
8112 17458 4708389 1 908
8111 17459 4708399 1 909
8110 17459 4708409 1 910
8109 17459 4708419 1 911
8108 17460 4708429 1 911
8105 17460 4708439 1 914
8103 17460 4708449 1 914
8102 17460 4708459 1 915
8101 17460 4708469 1 917
8099 17460 4708479 1 917
8098 17460 4708489 1 918
8095 17460 4708499 1 920
8094 17459 4708509 1 921
8092 17459 4708519 1 922
8091 17458 4708529 1 923
8089 17458 4708539 1 924
8087 17458 4708549 1 925
8084 17457 4708559 1 926
8082 17456 4708569 1 927
8080 17456 4708579 1 928
8078 17455 4708589 1 929
8076 17455 4708599 1 929
8074 17454 4708609 1 930
8070 17453 4708619 1 932
8068 17453 4708629 1 933
8067 17452 4708639 1 933
8065 17452 4708649 1 935
8064 17451 4708659 1 936
8063 17451 4708669 1 936
8061 17450 4708679 1 939
8060 17450 4708689 1 939
8060 17450 4708699 1 940
8059 17450 4708709 1 941
8058 17450 4708719 1 943
8058 17450 4708729 1 943
8056 17450 4708739 1 945
8055 17450 4708749 1 946
8055 17450 4708759 1 947
8055 17449 4708769 1 948
8054 17449 4708779 1 949
8054 17449 4708789 1 950
8053 17450 4708799 1 952
8052 17450 4708809 1 953
8051 17450 4708819 1 954
8050 17450 4708829 1 955
8049 17450 4708839 1 956
8048 17450 4708849 1 957
8046 17450 4708859 1 959
8046 17450 4708869 1 960
8045 17450 4708879 1 960
8045 17450 4708889 1 961
8044 17450 4708899 1 962
8044 17450 4708909 1 962
8044 17449 4708919 1 965
8044 17449 4708929 1 966
8045 17449 4708939 1 966
8046 17450 4708949 1 967
8048 17450 4708959 1 969
8050 17450 4708969 1 970
8055 17451 4708979 1 971
8058 17451 4708989 1 972
8062 17451 4708999 1 974
8066 17451 4709009 1 975
8069 17452 4709019 1 976
8073 17452 4709029 1 976
8082 17453 4709039 1 979
8085 17454 4709049 1 980
8089 17455 4709059 1 980
8093 17456 4709069 1 981
8096 17456 4709079 1 982
8100 17457 4709089 1 983
8106 17459 4709099 1 986
8109 17459 4709109 1 986
8111 17460 4709119 1 987
8113 17461 4709129 1 988
8115 17461 4709139 1 990
8116 17462 4709149 1 991
8116 17462 4709159 1 992
8116 17463 4709169 1 993
8115 17463 4709179 1 993
8114 17463 4709189 1 994
8113 17463 4709199 1 996
8112 17463 4709209 1 997
8110 17464 4709219 1 998
8110 17464 4709229 1 999
8109 17464 4709239 1 1000
8108 17464 4709249 1 1001
8108 17464 4709259 1 1002
8108 17464 4709269 1 1002
8108 17464 4709279 1 1002
8109 17464 4709289 1 1002
8110 17464 4709299 1 1002
8111 17465 4709309 1 1002
8112 17465 4709319 1 1002
8113 17465 4709329 1 1002
8116 17466 4709339 1 1003
8116 17466 4709349 1 1003
8117 17466 4709359 1 1003
8117 17466 4709369 1 1003
8116 17467 4709379 1 1003
8116 17467 4709389 1 1003
8114 17468 4709399 1 1003
8114 17469 4709409 1 1003
8113 17470 4709419 1 1003
8113 17470 4709429 1 1003
8112 17471 4709439 1 1003
8112 17472 4709449 1 1003
8111 17473 4709459 1 1004
8110 17474 4709469 1 1004
8109 17474 4709479 1 1004
8108 17475 4709489 1 1004
8107 17476 4709499 1 1004
8106 17477 4709509 1 1004
8104 17478 4709519 1 1004
8103 17479 4709529 1 1004
8102 17480 4709539 1 1004
8102 17480 4709549 1 1004
8102 17481 4709559 1 1004
8102 17482 4709569 1 1005
8103 17484 4709579 1 1005
8104 17485 4709589 1 1005
8105 17486 4709599 1 1005
8105 17488 4709609 1 1005
8106 17489 4709619 1 1005
8107 17490 4709629 1 1005
8107 17492 4709639 1 1005
8108 17493 4709649 1 1005
8108 17494 4709659 1 1005
8108 17495 4709669 1 1005
8107 17496 4709679 1 1005
8107 17497 4709689 1 1006
8107 17498 4709699 1 1006
8107 17499 4709709 1 1006
8106 17500 4709719 1 1006
8106 17500 4709729 1 1006
8106 17501 4709739 1 1006
8105 17502 4709749 1 1006
8104 17503 4709759 1 1006
8104 17503 4709769 1 1006
8103 17504 4709779 1 1006
8103 17505 4709789 1 1006
8103 17505 4709799 1 1006
8103 17506 4709809 1 1007
8104 17506 4709819 1 1007
8104 17507 4709829 1 1007
8105 17507 4709839 1 1007
8105 17507 4709849 1 1007
8106 17507 4709859 1 1007
8107 17507 4709869 1 1007
8109 17507 4709879 1 1007
8110 17507 4709889 1 1007
8110 17506 4709899 1 1007
8111 17506 4709909 1 1007
8113 17505 4709919 1 1008
8114 17505 4709929 1 1008
8118 17503 4709939 1 1008
8120 17502 4709949 1 1008
8122 17501 4709959 1 1008
8124 17500 4709969 1 1008
8127 17499 4709979 1 1008
8129 17497 4709989 1 1008
8134 17495 4709999 1 1008
8136 17494 4710009 1 1008
8138 17493 4710019 1 1008
8140 17492 4710029 1 1008
8142 17490 4710039 1 1009
8144 17489 4710049 1 1009
8147 17486 4710059 1 1009
8148 17485 4710069 1 1009
8149 17484 4710079 1 1009
8149 17483 4710089 1 1009
8150 17481 4710099 1 1009
8149 17480 4710109 1 1009
8148 17479 4710119 1 1009
8147 17478 4710129 1 1009
8146 17477 4710139 1 1009
8145 17476 4710149 1 1010
8144 17475 4710159 1 1010
8142 17475 4710169 1 1010
8139 17474 4710179 1 1010
8138 17473 4710189 1 1010
8136 17473 4710199 1 1010
8134 17473 4710209 1 1010
8132 17473 4710219 1 1010
8129 17472 4710229 1 1010
8125 17472 4710239 1 1010
8123 17472 4710249 1 1010
8121 17471 4710259 1 1010
8119 17471 4710269 1 1011
8118 17471 4710279 1 1011
8117 17470 4710289 1 1011
8115 17470 4710299 1 1011
8114 17469 4710309 1 1011
8114 17469 4710319 1 1011
8113 17469 4710329 1 1011
8113 17469 4710339 1 1011
8113 17468 4710349 1 1011
8113 17468 4710359 1 1011
8113 17468 4710369 1 1011
8113 17468 4710379 1 1011
8114 17468 4710389 1 1012
8114 17468 4710399 1 1012
8115 17468 4710409 1 1012
8117 17468 4710419 1 1012
8118 17469 4710429 1 1012
8119 17469 4710439 1 1012
8120 17469 4710449 1 1012
8120 17469 4710459 1 1012
8121 17469 4710469 1 1012
8121 17469 4710479 1 1012
8122 17469 4710489 1 1012
8122 17469 4710499 1 1013
8123 17469 4710509 1 1013
8125 17469 4710519 1 1013
8126 17469 4710529 1 1013
8128 17469 4710539 1 1013
8129 17469 4710549 1 1013
8130 17469 4710559 1 1013
8131 17469 4710569 1 1013
8132 17469 4710579 1 1013
8133 17469 4710589 1 1013
8135 17468 4710599 1 1013
8136 17468 4710609 1 1013
8136 17468 4710619 1 1014
8136 17468 4710629 1 1014
8136 17468 4710639 1 1014
8136 17468 4710649 1 1014
8136 17468 4710659 1 1014
8137 17468 4710669 1 1014
8137 17469 4710679 1 1014
8138 17469 4710689 1 1014
8139 17469 4710699 1 1014
8140 17469 4710709 1 1014
8143 17470 4710719 1 1014
8144 17470 4710729 1 1015
8146 17470 4710739 1 1015
8147 17470 4710749 1 1015
8148 17470 4710759 1 1015
8149 17471 4710769 1 1015
8151 17471 4710779 1 1015
8151 17472 4710789 1 1015
8152 17472 4710799 1 1015
8152 17473 4710809 1 1015
8152 17474 4710819 1 1015
8152 17475 4710829 1 1015
8151 17476 4710839 1 1015
8150 17477 4710849 1 1016
8150 17478 4710859 1 1016
8149 17479 4710869 1 1016
8149 17480 4710879 1 1016
8150 17480 4710889 1 1016
8151 17482 4710899 1 1016
8152 17483 4710909 1 1016
8153 17485 4710919 1 1016
8154 17486 4710929 1 1016
8155 17487 4710939 1 1016
8157 17488 4710949 1 1016
8159 17490 4710959 1 1017
8161 17492 4710969 1 1017
8162 17493 4710979 1 1017
8163 17494 4710989 1 1017
8165 17495 4710999 1 1017
8166 17496 4711009 1 1014
8169 17498 4711019 1 980
8171 17499 4711029 1 972
8173 17499 4711039 1 963
8175 17500 4711049 1 947
8177 17501 4711059 1 930
8178 17501 4711069 1 912
8181 17502 4711079 1 878
8182 17502 4711089 1 861
8183 17503 4711099 1 843
8184 17503 4711109 1 826
8185 17503 4711119 1 810
8185 17504 4711129 1 803
8187 17505 4711139 1 780
8188 17505 4711149 1 764
8189 17505 4711159 1 750
8189 17506 4711169 1 736
8190 17506 4711179 1 723
8191 17506 4711189 1 710
8192 17507 4711199 1 689
8193 17507 4711209 1 679
8193 17507 4711219 1 671
8194 17507 4711229 1 664
8194 17507 4711239 1 657
8194 17507 4711249 1 652
8195 17506 4711259 1 646
8194 17506 4711269 1 645
8194 17506 4711279 1 645
8194 17505 4711289 1 647
8193 17505 4711299 1 651
8193 17505 4711309 1 656
8191 17504 4711319 1 671
8190 17503 4711329 1 682
8189 17503 4711339 1 687
8188 17503 4711349 1 694
8186 17502 4711359 1 709
8184 17502 4711369 1 725
8182 17501 4711379 1 764
8181 17501 4711389 1 787
8180 17500 4711399 1 813
8179 17500 4711409 1 841
8179 17500 4711419 1 871
8179 17499 4711429 1 903
8179 17499 4711439 1 976
8179 17499 4711449 1 1016
8179 17499 4711459 1 1021
8179 17499 4711469 1 1021
8179 17499 4711479 1 1021
8178 17499 4711489 1 1021
8178 17499 4711499 1 1021
8178 17499 4711509 1 1003
8178 17499 4711519 1 539
8178 17499 4711529 1 17
8178 17498 4711539 1 17
8177 17498 4711549 1 16
8177 17498 4711559 1 15
8176 17498 4711569 1 14
8176 17498 4711579 1 14
8176 17498 4711589 1 13
8176 17498 4711599 1 12
8175 17498 4711609 1 12
8176 17498 4711619 1 11
8176 17498 4711629 1 10
8177 17497 4711639 1 9
8177 17497 4711649 1 9
8178 17497 4711659 1 8
8178 17497 4711669 1 8
8178 17497 4711679 1 6
8178 17497 4711689 1 6
8177 17497 4711699 1 5
8177 17497 4711709 1 4
8176 17497 4711719 1 4
8176 17497 4711729 1 3
8174 17497 4711739 1 2
8174 17497 4711749 1 1
8173 17497 4711759 1 1
8173 17497 4711769 0 0
8173 17497 4711779 0 0
8173 17497 4711789 0 0
8174 17497 4711799 0 0
8175 17498 4711809 0 0
8176 17498 4711819 0 0
8176 17498 4711829 0 0
8177 17498 4711839 0 0
8178 17499 4711849 0 0
8179 17500 4711859 0 0
8179 17500 4711869 0 0
8180 17500 4711879 0 0
8180 17501 4711889 0 0
8180 17501 4711899 1 9
8180 17502 4711909 1 31
8179 17503 4711919 1 63
8178 17503 4711929 1 104
8177 17503 4711939 1 153
8176 17504 4711949 1 209
8174 17504 4711959 1 270
8173 17504 4711969 1 336
8171 17505 4711979 1 404
8171 17505 4711989 1 475
8171 17505 4711999 1 546
8170 17505 4712009 1 616
8170 17505 4712019 1 685
8171 17505 4712029 1 750
8172 17505 4712039 1 812
8173 17504 4712049 1 867
8174 17504 4712059 1 916
8175 17504 4712069 1 957
8176 17504 4712079 1 989
8177 17503 4712089 1 1011
8179 17503 4712099 1 1021
8180 17503 4712109 1 1021
8181 17503 4712119 1 1021
8182 17503 4712129 1 1020
8182 17503 4712139 1 1020
8183 17503 4712149 1 1020
8183 17502 4712159 1 1020
8184 17502 4712169 1 1020
8184 17502 4712179 1 1020
8183 17501 4712189 1 1020
8183 17501 4712199 1 1020
8182 17501 4712209 1 1020
8180 17500 4712219 1 1020
8179 17500 4712229 1 1020
8177 17500 4712239 1 1020
8176 17499 4712249 1 1019
8174 17499 4712259 1 1019
8172 17499 4712269 1 1019
8168 17498 4712279 1 1019
8167 17497 4712289 1 1019
8165 17497 4712299 1 1019
8164 17496 4712309 1 1019
8163 17496 4712319 1 986
8162 17495 4712329 1 954
8160 17494 4712339 1 897
8159 17493 4712349 1 872
8159 17493 4712359 1 851
8159 17492 4712369 1 831
8158 17492 4712379 1 813
8158 17491 4712389 1 804
8158 17490 4712399 1 783
8158 17489 4712409 1 772
8158 17488 4712419 1 763
8158 17488 4712429 1 755
8159 17487 4712439 1 750
8159 17486 4712449 1 746
8161 17485 4712459 1 742
8162 17484 4712469 1 744
8163 17483 4712479 1 746
8164 17482 4712489 1 750
8166 17482 4712499 1 756
8167 17481 4712509 1 763
8168 17480 4712519 1 781
8169 17479 4712529 1 791
8170 17479 4712539 1 803
8170 17478 4712549 1 815
8170 17478 4712559 1 828
8171 17478 4712569 1 843
8171 17477 4712579 1 858
8171 17477 4712589 1 874
8171 17477 4712599 1 891
8171 17477 4712609 1 908
8171 17477 4712619 1 927
8171 17477 4712629 1 944
8172 17476 4712639 1 983
8171 17476 4712649 1 1002
8171 17475 4712659 1 1016
8170 17475 4712669 1 1016
8170 17475 4712679 1 1016
8169 17474 4712689 1 1016
8166 17474 4712699 1 1016
8165 17474 4712709 1 1015
8164 17474 4712719 1 1015
8163 17474 4712729 1 1015
8162 17474 4712739 1 1015
8162 17474 4712749 1 1015
8162 17474 4712759 1 1015
8163 17474 4712769 1 1015
8164 17474 4712779 1 1015
8165 17474 4712789 1 1015
8166 17474 4712799 1 1015
8167 17474 4712809 1 1015
8170 17475 4712819 1 1015
8171 17475 4712829 1 1014
8173 17475 4712839 1 1014
8174 17475 4712849 1 1014
8176 17475 4712859 1 1014
8178 17476 4712869 1 1014
8181 17476 4712879 1 1014
8183 17476 4712889 1 1014
8184 17476 4712899 1 1014
8185 17476 4712909 1 1014
8186 17476 4712919 1 1014
8187 17477 4712929 1 1014
8188 17477 4712939 1 1013
8188 17477 4712949 1 1013
8189 17477 4712959 1 1013
8189 17478 4712969 1 1013
8190 17478 4712979 1 1013
8190 17478 4712989 1 1013
8191 17479 4712999 1 1013
8191 17479 4713009 1 1013
8192 17479 4713019 1 1013
8192 17479 4713029 1 1013
8192 17480 4713039 1 1013
8192 17480 4713049 1 1013
8193 17480 4713059 1 1012
8193 17480 4713069 1 1012
8193 17480 4713079 1 1012
8192 17480 4713089 1 1012
8192 17480 4713099 1 1012
8192 17480 4713109 1 1012
8191 17480 4713119 1 1012
8190 17480 4713129 1 1012
8190 17479 4713139 1 1012
8190 17479 4713149 1 1012
8190 17479 4713159 1 1012
8191 17479 4713169 1 1012
8192 17479 4713179 1 1011
8193 17479 4713189 1 1011
8194 17479 4713199 1 1011
8195 17480 4713209 1 1011
8196 17480 4713219 1 1011
8196 17480 4713229 1 1011
8198 17480 4713239 1 1011
8198 17480 4713249 1 1011
8199 17480 4713259 1 1011
8199 17480 4713269 1 1011
8199 17480 4713279 1 1011
8199 17480 4713289 1 1011
8199 17481 4713299 1 1010
8199 17481 4713309 1 1010
8199 17481 4713319 1 1010
8199 17481 4713329 1 1010
8199 17481 4713339 1 1010
8199 17481 4713349 1 1010
8199 17482 4713359 1 1010
8199 17482 4713369 1 1010
8198 17482 4713379 1 1010
8198 17483 4713389 1 1010
8198 17483 4713399 1 1010
8197 17483 4713409 1 1010
8196 17484 4713419 1 1009
8196 17485 4713429 1 1009
8196 17485 4713439 1 1009
8195 17486 4713449 1 1009
8195 17486 4713459 1 1009
8195 17486 4713469 1 1009
8195 17487 4713479 1 1009
8195 17487 4713489 1 1009
8196 17487 4713499 1 1009
8197 17488 4713509 1 1009
8197 17488 4713519 1 1009
8198 17488 4713529 1 1008
8198 17488 4713539 1 1008
8197 17488 4713549 1 1008
8196 17489 4713559 1 1008
8195 17489 4713569 1 1008
8194 17489 4713579 1 1008
8193 17489 4713589 1 1008
8191 17489 4713599 1 1008
8189 17489 4713609 1 1008
8188 17489 4713619 1 1008
8186 17489 4713629 1 1008
8185 17489 4713639 1 1008
8184 17488 4713649 1 1007
8181 17488 4713659 1 1007
8180 17488 4713669 1 1007
8179 17488 4713679 1 1007
8178 17488 4713689 1 1007
8178 17489 4713699 1 1007
8177 17489 4713709 1 1007
8177 17489 4713719 1 1007
8178 17490 4713729 1 1007
8178 17490 4713739 1 1007
8179 17490 4713749 1 1007
8179 17491 4713759 1 1006
8180 17491 4713769 1 1006
8182 17492 4713779 1 1006
8183 17492 4713789 1 1006
8185 17493 4713799 1 1006
8186 17494 4713809 1 1006
8188 17494 4713819 1 1006
8189 17495 4713829 1 1006
8192 17496 4713839 1 1006
8193 17496 4713849 1 1006
8194 17497 4713859 1 1006
8195 17497 4713869 1 1006
8195 17497 4713879 1 1005
8196 17498 4713889 1 1005
8197 17498 4713899 1 1005
8197 17498 4713909 1 1005
8198 17498 4713919 1 1005
8198 17498 4713929 1 1005
8198 17499 4713939 1 1005
8198 17499 4713949 1 1005
8198 17499 4713959 1 1005
8197 17499 4713969 1 1005
8197 17499 4713979 1 1005
8196 17500 4713989 1 1005
8195 17500 4713999 1 1004
8194 17500 4714009 1 1004
8191 17500 4714019 1 1004
8190 17500 4714029 1 1004
8189 17500 4714039 1 1004
8188 17500 4714049 1 1004
8186 17500 4714059 1 1004
8185 17499 4714069 1 1004
8183 17499 4714079 1 1004
8183 17499 4714089 1 1004
8182 17499 4714099 1 1004
8182 17499 4714109 1 1003
8181 17499 4714119 1 1003
8181 17498 4714129 1 1003
8181 17498 4714139 1 1003
8181 17498 4714149 1 1003
8182 17497 4714159 1 1003
8182 17497 4714169 1 1003
8183 17497 4714179 1 1003
8184 17496 4714189 1 1003
8186 17496 4714199 1 1003
8188 17495 4714209 1 1003
8190 17495 4714219 1 1003
8191 17495 4714229 1 1002
8193 17494 4714239 1 1002
8196 17494 4714249 1 1002
8200 17493 4714259 1 1002
8203 17492 4714269 1 1002
8205 17492 4714279 1 1002
8207 17491 4714289 1 1002
8210 17491 4714299 1 1002
8212 17490 4714309 1 1002
8216 17490 4714319 1 1002
8218 17490 4714329 1 1002
8219 17490 4714339 1 1001
8221 17490 4714349 1 1001
8222 17490 4714359 1 1001
8223 17490 4714369 1 1001
8223 17490 4714379 1 1001
8223 17489 4714389 1 1001
8223 17489 4714399 1 1001
8223 17489 4714409 1 1001
8223 17489 4714419 1 1001
8223 17488 4714429 1 1001
8223 17488 4714439 1 1001
8223 17487 4714449 1 1001
8224 17486 4714459 1 1000
8224 17486 4714469 1 1000
8224 17485 4714479 1 1000
8225 17484 4714489 1 1000
8225 17482 4714499 1 1000
8225 17481 4714509 1 1000
8225 17480 4714519 1 1000
8225 17479 4714529 1 1000
8225 17478 4714539 1 1000
8224 17476 4714549 1 1000
8222 17474 4714559 1 1000
8220 17473 4714569 1 999
8218 17471 4714579 1 999
8217 17470 4714589 1 999
8215 17469 4714599 1 999
8213 17468 4714609 1 999
8210 17466 4714619 1 999
8209 17465 4714629 1 999
8208 17464 4714639 1 999
8207 17464 4714649 1 999
8207 17463 4714659 1 999
8206 17463 4714669 1 999
8206 17462 4714679 1 999
8206 17462 4714689 1 998
8205 17462 4714699 1 998
8205 17462 4714709 1 998
8205 17461 4714719 1 998
8205 17461 4714729 1 998
8204 17461 4714739 1 998
8203 17461 4714749 1 998
8203 17460 4714759 1 998
8203 17460 4714769 1 998
8202 17460 4714779 1 998
8202 17460 4714789 1 998
8201 17460 4714799 1 998
8201 17460 4714809 1 997
8201 17460 4714819 1 997
8201 17460 4714829 1 997
8201 17460 4714839 1 997
8202 17460 4714849 1 997
8203 17460 4714859 1 997
8204 17460 4714869 1 997
8206 17460 4714879 1 997
8208 17460 4714889 1 997
8210 17460 4714899 1 997
8212 17461 4714909 1 997
8216 17461 4714919 1 996
8218 17462 4714929 1 996
8220 17462 4714939 1 996
8221 17463 4714949 1 996
8222 17463 4714959 1 996
8223 17464 4714969 1 996
8225 17465 4714979 1 996
8226 17466 4714989 1 996
8226 17466 4714999 1 996
8226 17467 4715009 1 996
8227 17467 4715019 1 996
8227 17468 4715029 1 996
8227 17469 4715039 1 995
8227 17469 4715049 1 995
8228 17469 4715059 1 995
8228 17470 4715069 1 995
8229 17470 4715079 1 995
8229 17471 4715089 1 995
8231 17472 4715099 1 995
8231 17472 4715109 1 995
8232 17472 4715119 1 995
8232 17473 4715129 1 995
8232 17473 4715139 1 995
8231 17473 4715149 1 995
8231 17474 4715159 1 994
8231 17474 4715169 1 994
8231 17475 4715179 1 994
8231 17475 4715189 1 994
8231 17476 4715199 1 994
8231 17476 4715209 1 994
8231 17477 4715219 1 994
8232 17477 4715229 1 994
8232 17477 4715239 1 994
8232 17478 4715249 1 994
8232 17478 4715259 1 994
8233 17478 4715269 1 994
8233 17479 4715279 1 993
8234 17479 4715289 1 993
8234 17479 4715299 1 993
8234 17480 4715309 1 993
8233 17480 4715319 1 993
8232 17481 4715329 1 993
8228 17482 4715339 1 993
8226 17482 4715349 1 993
8223 17483 4715359 1 993
8221 17483 4715369 1 993
8219 17484 4715379 1 993
8217 17484 4715389 1 993
8213 17485 4715399 1 992
8211 17485 4715409 1 992
8210 17485 4715419 1 992
8209 17485 4715429 1 992
8208 17486 4715439 1 992
8207 17486 4715449 1 992
8205 17486 4715459 1 992
8204 17486 4715469 1 992
8202 17486 4715479 1 992
8201 17486 4715489 1 992
8200 17486 4715499 1 992
8199 17485 4715509 1 991
8198 17485 4715519 1 991
8198 17484 4715529 1 991
8199 17484 4715539 1 991
8199 17483 4715549 1 991
8200 17483 4715559 1 991
8200 17483 4715569 1 991
8202 17482 4715579 1 991
8203 17482 4715589 1 991
8204 17481 4715599 1 991
8205 17481 4715609 1 991
8206 17481 4715619 1 991
8207 17481 4715629 1 990
8210 17480 4715639 1 990
8212 17480 4715649 1 990
8213 17480 4715659 1 990
8215 17480 4715669 1 990
8216 17480 4715679 1 990
8218 17480 4715689 1 990
8222 17481 4715699 1 990
8224 17481 4715709 1 990
8226 17481 4715719 1 990
8227 17481 4715729 1 990
8229 17481 4715739 1 989
8231 17481 4715749 1 989
8234 17481 4715759 1 989
8235 17481 4715769 1 989
8236 17481 4715779 1 989
8237 17481 4715789 1 989
8237 17481 4715799 1 989
8237 17481 4715809 1 989
8237 17481 4715819 1 989
8236 17482 4715829 1 989
8236 17482 4715839 1 989
8235 17482 4715849 1 989
8235 17482 4715859 1 988
8235 17482 4715869 1 988
8237 17482 4715879 1 988
8238 17483 4715889 1 988
8239 17483 4715899 1 988
8241 17483 4715909 1 988
8242 17483 4715919 1 988
8244 17483 4715929 1 988
8247 17483 4715939 1 988
8248 17483 4715949 1 988
8250 17483 4715959 1 988
8251 17483 4715969 1 987
8252 17483 4715979 1 987
8253 17483 4715989 1 987
8254 17483 4715999 1 987
8255 17483 4716009 1 987
8255 17483 4716019 1 987
8254 17484 4716029 1 987
8254 17484 4716039 1 987
8254 17484 4716049 1 987
8253 17485 4716059 1 987
8253 17485 4716069 1 987
8252 17485 4716079 1 987
8252 17485 4716089 1 986
8251 17486 4716099 1 986
8251 17486 4716109 1 986
8250 17486 4716119 1 986
8249 17487 4716129 1 986
8248 17487 4716139 1 986
8247 17487 4716149 1 986
8246 17488 4716159 1 986
8245 17488 4716169 1 986
8244 17489 4716179 1 986
8243 17489 4716189 1 986
8243 17489 4716199 1 986
8243 17489 4716209 1 985
8243 17489 4716219 1 985
8242 17490 4716229 1 985
8241 17490 4716239 1 985
8241 17490 4716249 1 985
8240 17489 4716259 1 985
8240 17489 4716269 1 985
8240 17489 4716279 1 985
8240 17489 4716289 1 985
8240 17488 4716299 1 985
8240 17488 4716309 1 985
8240 17487 4716319 1 984
8240 17487 4716329 1 984
8240 17486 4716339 1 984
8240 17486 4716349 1 984
8240 17485 4716359 1 984
8239 17484 4716369 1 984
8238 17484 4716379 1 984
8237 17483 4716389 1 984
8235 17482 4716399 1 984
8234 17482 4716409 1 984
8231 17481 4716419 1 984
8230 17480 4716429 1 984
8228 17479 4716439 1 983
8227 17479 4716449 1 983
8227 17478 4716459 1 983
8227 17477 4716469 1 983
8228 17476 4716479 1 983
8228 17475 4716489 1 983
8229 17475 4716499 1 983
8229 17474 4716509 1 983
8230 17473 4716519 1 983
8230 17473 4716529 1 983
8231 17472 4716539 1 983
8231 17471 4716549 1 982
8231 17470 4716559 1 982
8232 17470 4716569 1 982
8232 17470 4716579 1 982
8232 17469 4716589 1 982
8234 17469 4716599 1 982
8234 17469 4716609 1 982
8235 17469 4716619 1 982
8236 17468 4716629 1 982
8236 17468 4716639 1 982
8237 17468 4716649 1 982
8238 17468 4716659 1 982
8238 17467 4716669 1 981
8238 17467 4716679 1 981
8238 17467 4716689 1 981
8238 17466 4716699 1 981
8238 17466 4716709 1 981
8238 17466 4716719 1 981
8238 17465 4716729 1 981
8238 17465 4716739 1 981
8238 17465 4716749 1 981
8239 17464 4716759 1 981
8239 17464 4716769 1 981
8240 17464 4716779 1 980
8240 17463 4716789 1 980
8240 17463 4716799 1 980
8240 17463 4716809 1 980
8240 17463 4716819 1 980
8241 17462 4716829 1 980
8243 17462 4716839 1 980
8244 17461 4716849 1 980
8245 17461 4716859 1 980
8246 17461 4716869 1 980
8247 17461 4716879 1 980
8248 17461 4716889 1 980
8248 17460 4716899 1 979
8247 17460 4716909 1 979
8247 17460 4716919 1 979
8246 17460 4716929 1 979
8245 17460 4716939 1 979
8244 17460 4716949 1 979
8244 17460 4716959 1 979
8244 17460 4716969 1 979
8244 17460 4716979 1 979
8244 17460 4716989 1 979
8244 17460 4716999 1 979
8245 17461 4717009 1 979
8247 17461 4717019 1 978
8249 17461 4717029 1 978
8250 17462 4717039 1 978
8251 17462 4717049 1 978
8252 17462 4717059 1 978
8253 17462 4717069 1 978
8254 17463 4717079 1 978
8255 17463 4717089 1 978
8255 17463 4717099 1 978
8254 17463 4717109 1 978
8254 17463 4717119 1 978
8253 17462 4717129 1 978
8251 17462 4717139 1 977
8250 17461 4717149 1 977
8249 17461 4717159 1 977
8247 17461 4717169 1 977
8246 17460 4717179 1 977
8245 17460 4717189 1 977
8243 17459 4717199 1 977
8242 17459 4717209 1 977
8241 17459 4717219 1 977
8241 17459 4717229 1 977
8240 17458 4717239 1 977
8241 17458 4717249 1 977
8243 17458 4717259 1 976
8244 17458 4717269 1 976
8246 17458 4717279 1 976
8248 17458 4717289 1 976
8250 17458 4717299 1 976
8252 17458 4717309 1 976
8256 17459 4717319 1 976
8258 17459 4717329 1 976
8260 17459 4717339 1 976
8262 17459 4717349 1 976
8265 17460 4717359 1 976
8267 17460 4717369 1 975
8270 17460 4717379 1 975
8271 17460 4717389 1 975
8271 17460 4717399 1 975
8271 17460 4717409 1 975
8270 17459 4717419 1 975
8269 17459 4717429 1 975
8266 17458 4717439 1 975
8264 17458 4717449 1 975
