7738 18634 7394147 1 842
7738 18634 7394157 1 628
7738 18635 7394167 1 454
7739 18635 7394177 1 315
7739 18635 7394187 1 208
7740 18635 7394197 1 128
7741 18635 7394207 1 72
7746 18633 7394217 1 35
7756 18619 7394227 1 13
7762 18605 7394237 1 3
7772 18589 7394247 0 0
7783 18573 7394257 0 0
7797 18561 7394267 0 0
7813 18552 7394277 0 0
7831 18546 7394287 0 0
7849 18544 7394297 0 0
7880 18548 7394307 0 0
7891 18555 7394317 0 0
7898 18566 7394327 0 0
7900 18581 7394337 0 0
7896 18599 7394347 0 0
7888 18617 7394357 0 0
7875 18635 7394367 0 0
7859 18649 7394377 0 0
7829 18667 7394387 0 0
7817 18671 7394397 0 0
7808 18672 7394407 0 0
7803 18671 7394417 0 0
7802 18670 7394427 0 0
7804 18670 7394437 1 31
7807 18670 7394447 1 89
7813 18670 7394457 1 148
7827 18668 7394467 1 210
7833 18666 7394477 1 271
7838 18665 7394487 1 331
7842 18663 7394497 1 389
7845 18663 7394507 1 444
7846 18663 7394517 1 496
7846 18665 7394527 1 520
7845 18669 7394537 1 542
7843 18677 7394547 1 618
7841 18680 7394557 1 646
7840 18682 7394567 1 666
7840 18683 7394577 1 679
7841 18682 7394587 1 683
7845 18680 7394597 1 681
7850 18675 7394607 1 678
7857 18669 7394617 1 676
7868 18653 7394627 1 677
7872 18645 7394637 1 679
7874 18639 7394647 1 683
7874 18633 7394657 1 685
7872 18630 7394667 1 689
7867 18628 7394677 1 696
7860 18628 7394687 1 703
7851 18629 7394697 1 710
7830 18633 7394707 1 721
7819 18633 7394717 1 723
7811 18634 7394727 1 725
7804 18633 7394737 1 728
7800 18632 7394747 1 732
7798 18630 7394757 1 736
7799 18629 7394767 1 740
7804 18628 7394777 1 744
7820 18629 7394787 1 750
7829 18630 7394797 1 753
7835 18632 7394807 1 758
7839 18633 7394817 1 762
7840 18634 7394827 1 766
7838 18633 7394837 1 770
7835 18630 7394847 1 772
7831 18626 7394857 1 776
7823 18610 7394867 1 784
7820 18599 7394877 1 789
7818 18588 7394887 1 792
7817 18577 7394897 1 797
7816 18565 7394907 1 799
7814 18555 7394917 1 803
7811 18546 7394927 1 807
7806 18540 7394937 1 811
7795 18537 7394947 1 821
7794 18540 7394957 1 827
7796 18540 7394967 1 832
7796 18537 7394977 1 837
7794 18534 7394987 1 843
7793 18532 7394997 1 850
7792 18530 7395007 1 856
7793 18528 7395017 1 862
7796 18522 7395027 1 876
7798 18519 7395037 1 884
7800 18517 7395047 1 892
7801 18516 7395057 1 900
7801 18516 7395067 1 909
7801 18517 7395077 1 918
7800 18518 7395087 1 929
7797 18520 7395097 1 938
7791 18522 7395107 1 960
7788 18522 7395117 1 973
