7990 18561 4076330 1 710
7990 18560 4076340 1 711
7990 18560 4076350 1 711
7989 18560 4076360 1 712
7989 18560 4076370 1 712
7989 18560 4076380 1 712
7988 18561 4076390 1 713
7987 18562 4076400 1 713
7984 18562 4076410 1 714
7981 18563 4076420 1 714
7973 18564 4076430 1 715
7969 18563 4076440 1 716
7965 18563 4076450 1 716
7961 18562 4076460 1 716
7957 18560 4076470 1 717
7953 18558 4076480 1 717
7949 18556 4076490 1 718
7945 18554 4076500 1 718
7942 18551 4076510 1 719
7938 18548 4076520 1 719
7934 18541 4076530 1 720
7933 18538 4076540 1 721
7932 18534 4076550 1 721
7933 18531 4076560 1 722
7934 18528 4076570 1 722
7935 18525 4076580 1 723
7937 18522 4076590 1 723
7940 18519 4076600 1 724
7942 18517 4076610 1 724
7946 18515 4076620 1 725
7953 18511 4076630 1 725
7958 18510 4076640 1 725
7962 18509 4076650 1 726
7967 18509 4076660 1 726
7971 18509 4076670 1 727
7976 18509 4076680 1 727
7981 18510 4076690 1 727
7985 18511 4076700 1 728
7990 18512 4076710 1 728
7994 18514 4076720 1 729
8003 18518 4076730 1 730
8006 18520 4076740 1 731
8010 18522 4076750 1 732
8013 18524 4076760 1 732
8016 18526 4076770 1 733
8019 18528 4076780 1 733
8021 18530 4076790 1 734
8024 18531 4076800 1 734
8027 18533 4076810 1 735
8029 18534 4076820 1 735
8035 18537 4076830 1 736
8038 18538 4076840 1 737
8042 18538 4076850 1 738
8046 18539 4076860 1 738
8051 18540 4076870 1 739
8056 18541 4076880 1 739
8061 18542 4076890 1 740
8067 18544 4076900 1 740
8073 18546 4076910 1 741
8080 18549 4076920 1 742
8094 18555 4076930 1 743
8101 18559 4076940 1 743
8109 18564 4076950 1 744
8116 18569 4076960 1 745
8123 18575 4076970 1 745
8129 18581 4076980 1 746
8135 18587 4076990 1 746
8141 18593 4077000 1 747
8146 18600 4077010 1 748
8150 18607 4077020 1 748
8158 18620 4077030 1 749
8161 18627 4077040 1 749
8163 18633 4077050 1 750
8163 18640 4077060 1 751
8163 18646 4077070 1 751
8161 18651 4077080 1 752
8159 18654 4077090 1 753
8155 18657 4077100 1 753
8151 18659 4077110 1 754
8147 18659 4077120 1 755
8136 18657 4077130 1 756
8130 18654 4077140 1 757
8123 18651 4077150 1 758
8116 18646 4077160 1 758
8108 18641 4077170 1 759
8099 18634 4077180 1 760
8090 18627 4077190 1 760
8081 18619 4077200 1 761
8071 18611 4077210 1 762
8061 18602 4077220 1 762
8041 18584 4077230 1 764
8031 18575 4077240 1 764
8021 18566 4077250 1 765
8012 18557 4077260 1 766
8004 18548 4077270 1 766
7995 18540 4077280 1 767
7988 18532 4077290 1 768
7981 18525 4077300 1 768
7975 18519 4077310 1 769
7970 18513 4077320 1 770
7961 18504 4077330 1 771
7958 18500 4077340 1 772
7956 18497 4077350 1 772
7954 18494 4077360 1 773
7953 18491 4077370 1 774
7954 18489 4077380 1 775
7955 18488 4077390 1 775
7957 18487 4077400 1 775
7960 18486 4077410 1 776
7964 18485 4077420 1 777
7974 18484 4077430 1 778
7980 18484 4077440 1 779
7986 18484 4077450 1 780
7992 18484 4077460 1 780
7998 18484 4077470 1 781
8003 18483 4077480 1 782
8008 18482 4077490 1 783
8013 18481 4077500 1 783
8017 18480 4077510 1 784
8021 18479 4077520 1 785
8028 18475 4077530 1 786
8030 18473 4077540 1 787
8032 18470 4077550 1 788
8033 18467 4077560 1 788
8033 18464 4077570 1 789
8033 18461 4077580 1 790
8031 18457 4077590 1 791
8029 18454 4077600 1 791
8025 18450 4077610 1 792
8022 18447 4077620 1 793
8013 18441 4077630 1 794
8008 18438 4077640 1 795
8004 18437 4077650 1 796
7999 18435 4077660 1 797
7994 18434 4077670 1 798
7990 18433 4077680 1 798
7987 18433 4077690 1 799
7983 18432 4077700 1 800
7980 18432 4077710 1 801
7978 18432 4077720 1 802
7974 18432 4077730 1 803
7972 18432 4077740 1 804
7971 18432 4077750 1 804
7970 18433 4077760 1 805
7969 18434 4077770 1 806
7969 18436 4077780 1 806
7970 18439 4077790 1 807
7971 18443 4077800 1 808
7973 18448 4077810 1 809
7975 18453 4077820 1 810
7982 18463 4077830 1 811
7987 18468 4077840 1 812
7992 18473 4077850 1 813
7997 18478 4077860 1 814
8003 18482 4077870 1 815
8008 18486 4077880 1 815
8014 18490 4077890 1 816
8020 18493 4077900 1 818
8026 18495 4077910 1 819
8032 18497 4077920 1 820
8043 18500 4077930 1 821
8049 18501 4077940 1 822
8054 18501 4077950 1 823
8059 18502 4077960 1 824
8063 18502 4077970 1 825
8067 18501 4077980 1 826
8071 18501 4077990 1 827
8075 18500 4078000 1 828
8078 18498 4078010 1 828
8081 18497 4078020 1 829
8086 18493 4078030 1 831
8087 18491 4078040 1 832
8088 18488 4078050 1 833
8089 18486 4078060 1 834
8089 18484 4078070 1 835
8088 18482 4078080 1 835
8086 18480 4078090 1 836
8084 18478 4078100 1 837
8082 18477 4078110 1 837
8080 18476 4078120 1 838
8074 18474 4078130 1 840
8071 18473 4078140 1 841
8068 18473 4078150 1 842
8065 18473 4078160 1 843
8061 18474 4078170 1 844
8058 18475 4078180 1 845
8054 18478 4078190 1 845
8050 18481 4078200 1 846
8046 18484 4078210 1 847
8041 18489 4078220 1 848
8033 18498 4078230 1 850
8030 18502 4078240 1 851
8027 18507 4078250 1 852
8024 18511 4078260 1 853
8022 18515 4078270 1 854
8021 18519 4078280 1 855
8020 18522 4078290 1 857
8019 18525 4078300 1 858
8019 18527 4078310 1 859
8019 18529 4078320 1 860
8020 18530 4078330 1 862
8021 18530 4078340 1 863
8022 18530 4078350 1 864
8024 18529 4078360 1 865
8025 18527 4078370 1 866
8027 18525 4078380 1 867
8030 18523 4078390 1 867
8032 18521 4078400 1 868
8034 18518 4078410 1 869
8036 18515 4078420 1 870
8040 18510 4078430 1 872
8042 18507 4078440 1 873
8044 18504 4078450 1 874
8047 18501 4078460 1 874
8049 18499 4078470 1 875
8051 18497 4078480 1 876
8052 18495 4078490 1 877
8054 18493 4078500 1 878
8055 18491 4078510 1 879
8056 18489 4078520 1 880
8058 18486 4078530 1 882
8058 18484 4078540 1 883
8059 18483 4078550 1 884
8059 18481 4078560 1 885
8059 18480 4078570 1 886
8058 18479 4078580 1 887
8058 18477 4078590 1 888
8057 18476 4078600 1 889
8057 18475 4078610 1 890
8057 18475 4078620 1 891
8057 18473 4078630 1 893
8058 18473 4078640 1 894
8058 18473 4078650 1 895
8059 18473 4078660 1 896
8060 18473 4078670 1 897
8061 18473 4078680 1 900
8063 18474 4078690 1 901
8064 18474 4078700 1 902
8066 18475 4078710 1 903
8067 18476 4078720 1 904
8071 18477 4078730 1 907
8073 18478 4078740 1 908
8074 18480 4078750 1 909
8076 18481 4078760 1 911
8078 18482 4078770 1 916
8080 18483 4078780 1 922
8083 18485 4078790 1 930
8085 18486 4078800 1 939
8088 18488 4078810 1 944
8090 18490 4078820 1 949
8095 18495 4078830 1 972
8097 18497 4078840 1 984
8099 18500 4078850 1 997
8101 18503 4078860 1 1009
8102 18505 4078870 1 1011
8103 18507 4078880 1 1011
8103 18509 4078890 1 1011
8104 18511 4078900 1 1012
8104 18512 4078910 1 1012
8103 18513 4078920 1 1012
8102 18514 4078930 1 1013
8101 18514 4078940 1 1013
8099 18514 4078950 1 1013
8098 18513 4078960 1 1014
8096 18513 4078970 1 1014
8094 18512 4078980 1 1014
8092 18511 4078990 1 1015
8090 18510 4079000 1 1015
8087 18509 4079010 1 1015
8085 18508 4079020 1 1015
8081 18504 4079030 1 975
8079 18501 4079040 1 943
8077 18499 4079050 1 907
8076 18496 4079060 1 868
8075 18493 4079070 1 778
8074 18490 4079080 1 729
8073 18488 4079090 1 677
8072 18485 4079100 1 624
8071 18482 4079110 1 569
8070 18480 4079120 1 513
8070 18476 4079130 1 401
8069 18475 4079140 1 345
8070 18474 4079150 1 291
8070 18473 4079160 1 264
8071 18472 4079170 1 238
8072 18472 4079180 1 187
8074 18471 4079190 1 138
8076 18471 4079200 1 93
8078 18470 4079210 1 50
8081 18470 4079220 1 12
8086 18469 4079230 0 0
8089 18468 4079240 0 0
8092 18468 4079250 0 0
8095 18467 4079260 0 0
8097 18467 4079270 0 0
8100 18467 4079280 0 0
8102 18467 4079290 0 0
8105 18467 4079300 0 0
8107 18468 4079310 0 0
8109 18469 4079320 0 0
8112 18471 4079330 0 0
8114 18473 4079340 0 0
8115 18474 4079350 0 0
8116 18476 4079360 1 9
8117 18477 4079370 1 30
8117 18478 4079380 1 60
8117 18479 4079390 1 100
8117 18480 4079400 1 147
8117 18480 4079410 1 200
8116 18481 4079420 1 259
8114 18480 4079430 1 322
8112 18480 4079440 1 388
8111 18480 4079450 1 455
8109 18480 4079460 1 523
8107 18480 4079470 1 590
8105 18481 4079480 1 656
8103 18481 4079490 1 719
8101 18482 4079500 1 777
8099 18483 4079510 1 830
8097 18483 4079520 1 877
8094 18485 4079530 1 916
8093 18486 4079540 1 946
8092 18487 4079550 1 966
8091 18489 4079560 1 975
8091 18491 4079570 1 974
8091 18492 4079580 1 972
8091 18494 4079590 1 971
8092 18496 4079600 1 970
8092 18498 4079610 1 969
8093 18499 4079620 1 969
8093 18503 4079630 1 968
8094 18504 4079640 1 968
8094 18506 4079650 1 968
8094 18507 4079660 1 968
8095 18508 4079670 1 969
8095 18509 4079680 1 970
8096 18510 4079690 1 971
8097 18511 4079700 1 972
8099 18511 4079710 1 974
8100 18511 4079720 1 976
8103 18510 4079730 1 982
8105 18510 4079740 1 985
8107 18509 4079750 1 989
8109 18509 4079760 1 993
8111 18508 4079770 1 997
8113 18507 4079780 1 1002
8115 18505 4079790 1 1006
8117 18504 4079800 1 1006
8119 18502 4079810 1 1006
8122 18501 4079820 1 1005
8126 18498 4079830 1 1005
8129 18496 4079840 1 1005
8131 18494 4079850 1 1004
8133 18492 4079860 1 1004
8136 18490 4079870 1 1003
8138 18488 4079880 1 1003
8140 18486 4079890 1 1003
8143 18484 4079900 1 1003
8145 18482 4079910 1 1003
8148 18480 4079920 1 1002
8153 18476 4079930 1 1002
8155 18475 4079940 1 1002
8158 18474 4079950 1 1001
8160 18473 4079960 1 1001
8163 18471 4079970 1 1000
8165 18470 4079980 1 999
8167 18469 4079990 1 999
8169 18468 4080000 1 999
8170 18468 4080010 1 999
8171 18467 4080020 1 998
8170 18467 4080030 1 998
8170 18467 4080040 1 998
8168 18467 4080050 1 997
8167 18467 4080060 1 997
8165 18467 4080070 1 997
8163 18467 4080080 1 996
8161 18468 4080090 1 996
8158 18469 4080100 1 996
8156 18470 4080110 1 996
8153 18471 4080120 1 995
8148 18474 4080130 1 995
8146 18475 4080140 1 994
8144 18477 4080150 1 994
8142 18479 4080160 1 972
8140 18481 4080170 1 949
8138 18483 4080180 1 924
8136 18485 4080190 1 898
8134 18487 4080200 1 871
8132 18489 4080210 1 843
8130 18491 4080220 1 814
8125 18496 4080230 1 785
8123 18498 4080240 1 756
8120 18500 4080250 1 695
8118 18502 4080260 1 664
8115 18504 4080270 1 633
8113 18506 4080280 1 603
8110 18508 4080290 1 572
8108 18510 4080300 1 541
8106 18512 4080310 1 510
8105 18513 4080320 1 481
8102 18515 4080330 1 423
8101 18515 4080340 1 395
8100 18516 4080350 1 368
8100 18517 4080360 1 343
8100 18518 4080370 1 318
8100 18519 4080380 1 294
8100 18519 4080390 1 271
8100 18520 4080400 1 250
8099 18521 4080410 1 231
8099 18521 4080420 1 212
8098 18520 4080430 1 181
8097 18520 4080440 1 168
8096 18519 4080450 1 157
8095 18518 4080460 1 148
8095 18517 4080470 1 143
8094 18516 4080480 1 137
8094 18514 4080490 1 138
8094 18513 4080500 1 139
8095 18511 4080510 1 140
8095 18509 4080520 1 141
8095 18506 4080530 1 143
8096 18504 4080540 1 144
8096 18502 4080550 1 145
8096 18500 4080560 1 146
8096 18498 4080570 1 147
8096 18496 4080580 1 148
8096 18494 4080590 1 152
8097 18493 4080600 1 164
8097 18491 4080610 1 180
8098 18490 4080620 1 201
8099 18489 4080630 1 255
8100 18489 4080640 1 323
8101 18489 4080650 1 360
8102 18490 4080660 1 400
8103 18490 4080670 1 441
8105 18491 4080680 1 483
8106 18491 4080690 1 526
8108 18492 4080700 1 569
8109 18492 4080710 1 611
8111 18492 4080720 1 654
8114 18494 4080730 1 734
8115 18494 4080740 1 772
8117 18495 4080750 1 806
8118 18496 4080760 1 839
8119 18497 4080770 1 869
8121 18498 4080780 1 897
8122 18499 4080790 1 925
8123 18501 4080800 1 953
8123 18502 4080810 1 974
8124 18504 4080820 1 974
8124 18507 4080830 1 974
8125 18508 4080840 1 973
8125 18509 4080850 1 973
8126 18510 4080860 1 973
8127 18511 4080870 1 972
8128 18512 4080880 1 972
8129 18513 4080890 1 972
8131 18514 4080900 1 971
8132 18515 4080910 1 970
8134 18516 4080920 1 970
8137 18517 4080930 1 971
8138 18518 4080940 1 970
8140 18518 4080950 1 969
8141 18519 4080960 1 969
8143 18519 4080970 1 969
8145 18518 4080980 1 968
8146 18518 4080990 1 968
8148 18518 4081000 1 968
8149 18517 4081010 1 968
8149 18517 4081020 1 967
8150 18516 4081030 1 966
8150 18515 4081040 1 966
8150 18514 4081050 1 966
8149 18513 4081060 1 966
8148 18513 4081070 1 965
8147 18512 4081080 1 965
8147 18511 4081090 1 965
8146 18509 4081100 1 965
8145 18508 4081110 1 964
8145 18506 4081120 1 964
8145 18502 4081130 1 963
8145 18500 4081140 1 963
8146 18498 4081150 1 963
8148 18495 4081160 1 963
8149 18493 4081170 1 962
8151 18490 4081180 1 962
8153 18487 4081190 1 962
8155 18485 4081200 1 962
8157 18482 4081210 1 961
8160 18480 4081220 1 961
8165 18475 4081230 1 960
8167 18473 4081240 1 960
8170 18471 4081250 1 959
8173 18469 4081260 1 949
8176 18467 4081270 1 939
8179 18465 4081280 1 930
8182 18464 4081290 1 925
8185 18462 4081300 1 921
8188 18461 4081310 1 912
8191 18460 4081320 1 903
8197 18458 4081330 1 887
8200 18457 4081340 1 880
8203 18457 4081350 1 873
8206 18457 4081360 1 867
8209 18457 4081370 1 862
8211 18456 4081380 1 857
8213 18456 4081390 1 854
8215 18456 4081400 1 851
8216 18455 4081410 1 848
8217 18455 4081420 1 846
8218 18453 4081430 1 846
8217 18453 4081440 1 848
8217 18452 4081450 1 850
8216 18452 4081460 1 854
8215 18452 4081470 1 857
8214 18452 4081480 1 863
8213 18451 4081490 1 870
8211 18451 4081500 1 878
8210 18451 4081510 1 886
8210 18451 4081520 1 897
8209 18451 4081530 1 919
8210 18451 4081540 1 933
8210 18451 4081550 1 948
8211 18451 4081560 1 951
8211 18451 4081570 1 950
8212 18452 4081580 1 950
8214 18453 4081590 1 950
8215 18454 4081600 1 949
8217 18455 4081610 1 949
8219 18456 4081620 1 949
8225 18460 4081630 1 948
8228 18461 4081640 1 948
8231 18464 4081650 1 948
8235 18466 4081660 1 948
8238 18468 4081670 1 947
8242 18470 4081680 1 947
8246 18472 4081690 1 947
8249 18474 4081700 1 947
8253 18475 4081710 1 946
8256 18477 4081720 1 946
8263 18480 4081730 1 946
8266 18481 4081740 1 945
8269 18482 4081750 1 945
8272 18482 4081760 1 945
8275 18483 4081770 1 944
8277 18482 4081780 1 944
8280 18482 4081790 1 944
8282 18481 4081800 1 944
8284 18481 4081810 1 943
8286 18480 4081820 1 943
8288 18480 4081830 1 942
8289 18480 4081840 1 942
8290 18481 4081850 1 942
8291 18481 4081860 1 941
8291 18481 4081870 1 941
8291 18482 4081880 1 941
8292 18482 4081890 1 941
8292 18482 4081900 1 940
8292 18482 4081910 1 940
8292 18483 4081920 1 940
8292 18483 4081930 1 939
8292 18484 4081940 1 939
8292 18485 4081950 1 939
8292 18486 4081960 1 938
8292 18487 4081970 1 938
8291 18488 4081980 1 938
8291 18489 4081990 1 938
8291 18490 4082000 1 937
8290 18491 4082010 1 937
8290 18492 4082020 1 937
8289 18493 4082030 1 936
8288 18494 4082040 1 936
8288 18494 4082050 1 936
8287 18495 4082060 1 935
8287 18496 4082070 1 935
8286 18496 4082080 1 935
8286 18497 4082090 1 935
8285 18497 4082100 1 934
8285 18497 4082110 1 934
8284 18498 4082120 1 934
8283 18498 4082130 1 933
8283 18498 4082140 1 933
8282 18498 4082150 1 933
8281 18498 4082160 1 932
