7818 18645 5480288 1 1024
7818 18645 5480298 1 1024
7818 18645 5480308 1 1024
7818 18645 5480318 1 1024
7818 18645 5480328 1 1024
7817 18645 5480338 1 953
7817 18645 5480348 1 832
7817 18645 5480358 1 728
7818 18646 5480368 1 640
7820 18647 5480378 1 567
7821 18648 5480388 1 507
7822 18650 5480398 1 461
7822 18653 5480408 1 427
7823 18656 5480418 1 404
7824 18661 5480428 1 391
7824 18666 5480438 1 388
7825 18672 5480448 1 393
7826 18679 5480458 1 405
7826 18686 5480468 1 424
7827 18692 5480478 1 448
7827 18696 5480488 1 478
7827 18698 5480498 1 511
7828 18704 5480508 1 547
7828 18707 5480518 1 585
7829 18709 5480528 1 624
7830 18709 5480538 1 663
7831 18708 5480548 1 702
7831 18705 5480558 1 739
7831 18701 5480568 1 774
7832 18696 5480578 1 804
7832 18690 5480588 1 833
7831 18684 5480598 1 854
7830 18677 5480608 1 870
7828 18671 5480618 1 879
7825 18665 5480628 1 882
7822 18660 5480638 1 874
7819 18655 5480648 1 858
7815 18651 5480658 1 832
7811 18649 5480668 1 795
7807 18648 5480678 1 683
7805 18648 5480688 1 636
7802 18648 5480698 1 607
7798 18650 5480708 1 522
7793 18652 5480718 1 429
7790 18656 5480728 1 331
7787 18659 5480738 1 232
7784 18662 5480748 1 135
7782 18664 5480758 1 41
7781 18666 5480768 0 0
7779 18667 5480778 0 0
7778 18667 5480788 0 0
7778 18665 5480798 0 0
7779 18661 5480808 0 0
7782 18655 5480818 0 0
7787 18646 5480828 0 0
7794 18634 5480838 0 0
7802 18621 5480848 0 0
7813 18605 5480858 0 0
7824 18588 5480868 0 0
7836 18570 5480878 0 0
7842 18561 5480888 0 0
7848 18553 5480898 0 0
7860 18536 5480908 1 32
7871 18522 5480918 1 99
7881 18508 5480928 1 170
7891 18496 5480938 1 243
7900 18486 5480948 1 317
7908 18477 5480958 1 391
7916 18469 5480968 1 463
7922 18463 5480978 1 533
7926 18459 5480988 1 601
7929 18456 5480998 1 664
7930 18455 5481008 1 723
7929 18455 5481018 1 777
7925 18458 5481028 1 801
7920 18462 5481038 1 823
7914 18468 5481048 1 866
7906 18474 5481058 1 902
7898 18481 5481068 1 961
7891 18488 5481078 1 985
7887 18491 5481088 1 993
7883 18494 5481098 1 1003
7876 18501 5481108 1 1018
7870 18507 5481118 1 1024
7864 18512 5481128 1 1024
7858 18517 5481138 1 1024
7854 18522 5481148 1 1024
7850 18526 5481158 1 1024
7848 18531 5481168 1 1024
7846 18536 5481178 1 1024
7846 18541 5481188 1 1021
7846 18547 5481198 1 1011
7848 18554 5481208 1 998
7852 18561 5481218 1 986
7856 18569 5481228 1 971
7860 18577 5481238 1 955
7864 18584 5481248 1 939
7869 18592 5481258 1 905
7872 18598 5481268 1 887
7875 18604 5481278 1 870
7877 18606 5481288 1 861
7878 18608 5481298 1 853
7879 18612 5481308 1 837
7879 18615 5481318 1 821
7879 18617 5481328 1 808
7878 18618 5481338 1 794
7876 18619 5481348 1 782
7874 18619 5481358 1 772
7870 18619 5481368 1 764
7866 18618 5481378 1 758
7862 18615 5481388 1 754
7858 18613 5481398 1 750
7854 18609 5481408 1 749
7850 18605 5481418 1 749
7847 18601 5481428 1 750
7845 18597 5481438 1 753
7844 18593 5481448 1 759
7843 18590 5481458 1 764
7843 18588 5481468 1 767
7844 18586 5481478 1 771
7844 18585 5481488 1 773
7845 18584 5481498 1 775
7848 18583 5481508 1 778
7850 18582 5481518 1 781
7854 18582 5481528 1 783
7858 18583 5481538 1 784
7862 18584 5481548 1 784
7866 18586 5481558 1 783
7871 18587 5481568 1 781
7875 18589 5481578 1 778
7879 18591 5481588 1 774
7882 18593 5481598 1 770
7884 18595 5481608 1 765
7886 18598 5481618 1 761
7886 18601 5481628 1 756
7885 18603 5481638 1 750
7883 18606 5481648 1 749
7881 18608 5481658 1 748
7879 18609 5481668 1 748
7876 18610 5481678 1 750
7874 18611 5481688 1 751
7872 18611 5481698 1 753
7869 18612 5481708 1 759
7866 18611 5481718 1 767
7862 18611 5481728 1 777
7859 18610 5481738 1 790
7856 18609 5481748 1 805
7853 18608 5481758 1 824
7851 18606 5481768 1 833
7849 18604 5481778 1 844
7848 18601 5481788 1 866
7847 18599 5481798 1 887
7848 18596 5481808 1 908
7849 18594 5481818 1 927
7850 18591 5481828 1 943
7852 18589 5481838 1 965
7855 18587 5481848 1 968
7857 18586 5481858 1 964
7860 18585 5481868 1 954
7863 18585 5481878 1 935
7864 18584 5481888 1 924
7865 18585 5481898 1 908
7868 18585 5481908 1 870
7871 18586 5481918 1 821
7873 18587 5481928 1 762
7875 18588 5481938 1 693
7878 18590 5481948 1 616
7880 18592 5481958 1 534
7881 18594 5481968 1 451
7883 18596 5481978 1 365
7885 18597 5481988 1 281
7886 18598 5481998 1 201
7887 18599 5482008 1 127
7888 18599 5482018 1 60
7890 18598 5482028 0 0
7891 18597 5482038 0 0
7892 18596 5482048 0 0
7893 18594 5482058 0 0
7895 18591 5482068 0 0
7897 18588 5482078 0 0
7897 18587 5482088 0 0
7898 18585 5482098 0 0
7901 18582 5482108 0 0
7903 18579 5482118 0 0
7905 18576 5482128 0 0
7907 18573 5482138 0 0
7910 18570 5482148 0 0
7912 18568 5482158 0 0
7914 18567 5482168 0 0
7916 18565 5482178 0 0
7918 18564 5482188 1 8
7919 18564 5482198 1 53
7920 18564 5482208 1 107
7920 18565 5482218 1 234
7920 18567 5482228 1 306
7919 18568 5482238 1 380
7917 18570 5482248 1 457
7916 18573 5482258 1 534
7914 18575 5482268 1 610
7912 18577 5482278 1 684
7910 18578 5482288 1 721
7909 18579 5482298 1 754
7907 18581 5482308 1 820
7905 18583 5482318 1 880
7902 18585 5482328 1 932
7900 18586 5482338 1 976
7898 18588 5482348 1 1010
7896 18589 5482358 1 1024
7894 18590 5482368 1 1024
7894 18591 5482378 1 1024
7893 18593 5482388 1 1024
7894 18594 5482398 1 1024
7895 18596 5482408 1 1020
7897 18597 5482418 1 1002
7899 18599 5482428 1 985
7902 18601 5482438 1 967
7905 18602 5482448 1 951
7908 18603 5482458 1 935
7912 18604 5482468 1 920
7916 18605 5482478 1 907
7918 18605 5482488 1 900
7919 18606 5482498 1 895
7923 18606 5482508 1 890
7926 18606 5482518 1 886
7930 18606 5482528 1 878
7933 18606 5482538 1 874
7935 18605 5482548 1 873
7937 18604 5482558 1 875
7938 18603 5482568 1 881
7939 18602 5482578 1 890
7938 18600 5482588 1 903
7938 18598 5482598 1 918
7937 18596 5482608 1 952
7935 18595 5482618 1 970
7933 18593 5482628 1 986
7931 18591 5482638 1 1001
7929 18590 5482648 1 1014
7927 18589 5482658 1 1024
7924 18588 5482668 1 1024
7922 18588 5482678 1 1024
7921 18588 5482688 1 1024
7920 18587 5482698 1 1024
7918 18587 5482708 1 1015
7916 18588 5482718 1 998
7914 18588 5482728 1 972
7912 18588 5482738 1 939
7910 18589 5482748 1 896
7909 18590 5482758 1 843
7908 18590 5482768 1 781
7908 18591 5482778 1 713
7907 18592 5482788 1 638
7907 18592 5482798 1 477
7907 18593 5482808 1 393
7908 18592 5482818 1 309
7908 18592 5482828 1 225
7908 18592 5482838 1 144
7908 18591 5482848 1 67
7908 18590 5482858 0 0
7907 18589 5482868 0 0
7907 18589 5482878 0 0
7907 18588 5482888 0 0
7906 18588 5482898 0 0
7905 18587 5482908 0 0
7903 18586 5482918 0 0
7901 18585 5482928 0 0
7898 18584 5482938 0 0
7896 18583 5482948 0 0
7893 18582 5482958 0 0
7890 18581 5482968 0 0
7887 18581 5482978 0 0
7884 18580 5482988 0 0
7882 18580 5482998 0 0
7880 18580 5483008 0 0
7878 18581 5483018 0 0
7876 18581 5483028 0 0
7875 18581 5483038 0 0
7874 18582 5483048 0 0
7874 18582 5483058 0 0
7874 18583 5483068 0 0
7875 18583 5483078 0 0
7875 18583 5483088 0 0
7876 18583 5483098 0 0
7879 18583 5483108 0 0
7882 18583 5483118 0 0
7886 18583 5483128 0 0
7890 18583 5483138 0 0
7894 18583 5483148 0 0
7898 18583 5483158 0 0
7903 18582 5483168 0 0
7907 18582 5483178 0 0
7911 18581 5483188 1 25
7914 18580 5483198 1 71
7917 18579 5483208 1 117
7920 18578 5483218 1 164
7922 18577 5483228 1 211
7925 18575 5483238 1 234
7926 18573 5483248 1 257
7927 18571 5483258 1 305
7928 18569 5483268 1 353
7929 18567 5483278 1 400
7929 18566 5483288 1 424
7928 18565 5483298 1 447
7928 18563 5483308 1 493
7927 18561 5483318 1 539
7926 18559 5483328 1 585
7924 18558 5483338 1 629
7923 18557 5483348 1 671
7921 18556 5483358 1 713
7919 18555 5483368 1 753
7917 18555 5483378 1 827
7915 18554 5483388 1 862
7914 18554 5483398 1 894
7912 18554 5483408 1 923
7910 18554 5483418 1 950
7909 18553 5483428 1 974
7907 18553 5483438 1 996
7905 18551 5483448 1 1014
7903 18550 5483458 1 1024
7901 18547 5483468 1 1024
7899 18545 5483478 1 1024
7898 18543 5483488 1 1024
7897 18541 5483498 1 1024
7895 18538 5483508 1 1024
7894 18535 5483518 1 1024
7893 18532 5483528 1 1024
7892 18529 5483538 1 1024
7892 18527 5483548 1 1024
7893 18526 5483558 1 1024
7894 18525 5483568 1 1024
7896 18526 5483578 1 1024
7898 18526 5483588 1 1024
7900 18528 5483598 1 1024
7903 18529 5483608 1 1024
7905 18532 5483618 1 1024
7908 18534 5483628 1 1024
7911 18536 5483638 1 1024
7913 18539 5483648 1 1022
7916 18542 5483658 1 1016
7918 18544 5483668 1 1010
7920 18546 5483678 1 1004
7921 18548 5483688 1 1001
7922 18549 5483698 1 999
7924 18551 5483708 1 995
7926 18553 5483718 1 992
7928 18555 5483728 1 991
7929 18557 5483738 1 990
7931 18558 5483748 1 991
7932 18560 5483758 1 999
7933 18561 5483768 1 1005
7934 18563 5483778 1 1014
7934 18564 5483788 1 1024
7935 18565 5483798 1 1024
7935 18566 5483808 1 1024
7935 18567 5483818 1 1024
7935 18568 5483828 1 1024
7935 18568 5483838 1 1024
7935 18569 5483848 1 1024
7935 18569 5483858 1 1024
7935 18569 5483868 1 1024
7934 18570 5483878 1 1024
7934 18570 5483888 1 1024
7934 18570 5483898 1 1024
7934 18570 5483908 1 1024
7934 18570 5483918 1 1024
7933 18570 5483928 1 1024
7933 18570 5483938 1 1024
7933 18570 5483948 1 1024
7933 18570 5483958 1 1024
7932 18570 5483968 1 1024
7932 18571 5483978 1 1024
7931 18571 5483988 1 1024
7931 18571 5483998 1 1024
7930 18571 5484008 1 1024
7929 18571 5484018 1 1024
7928 18571 5484028 1 1024
7927 18571 5484038 1 1024
7926 18572 5484048 1 1024
7925 18572 5484058 1 1006
7923 18573 5484068 1 943
7921 18573 5484078 1 874
7920 18574 5484088 1 838
7919 18574 5484098 1 800
7917 18575 5484108 1 722
7915 18575 5484118 1 643
7913 18576 5484128 1 560
7911 18577 5484138 1 476
7909 18578 5484148 1 312
7907 18578 5484158 1 233
7905 18579 5484168 1 157
7903 18580 5484178 1 85
7901 18580 5484188 1 19
7900 18581 5484198 0 0
7899 18581 5484208 0 0
7898 18581 5484218 0 0
7898 18582 5484228 0 0
7897 18582 5484238 0 0
7898 18582 5484248 0 0
7898 18581 5484258 0 0
7899 18581 5484268 0 0
7901 18581 5484278 0 0
7902 18581 5484288 0 0
7903 18581 5484298 0 0
7905 18580 5484308 0 0
7907 18580 5484318 1 23
7910 18579 5484328 1 113
7913 18579 5484338 1 322
7916 18578 5484348 1 436
7919 18578 5484358 1 555
7921 18578 5484368 1 674
7924 18578 5484378 1 793
7927 18578 5484388 1 907
7929 18578 5484398 1 1016
7932 18579 5484408 1 1024
7934 18579 5484418 1 1024
7936 18580 5484428 1 1024
7938 18582 5484438 1 1024
7940 18583 5484448 1 1024
7942 18585 5484458 1 1024
7945 18587 5484468 1 1024
7947 18590 5484478 1 1024
7948 18591 5484488 1 1024
7949 18593 5484498 1 1024
7951 18596 5484508 1 1024
7953 18599 5484518 1 1024
7954 18602 5484528 1 1024
7956 18605 5484538 1 1024
7957 18608 5484548 1 1024
7958 18611 5484558 1 1024
7960 18613 5484568 1 1024
7961 18615 5484578 1 1024
7962 18617 5484588 1 1024
7962 18618 5484598 1 1024
7963 18620 5484608 1 1024
7964 18621 5484618 1 1024
7964 18621 5484628 1 1024
7965 18622 5484638 1 1024
7965 18622 5484648 1 1024
7965 18623 5484658 1 1024
7965 18623 5484668 1 1024
7965 18622 5484678 1 1024
7965 18622 5484688 1 1024
7965 18621 5484698 1 1024
7964 18620 5484708 1 1024
7964 18617 5484718 1 1024
7963 18614 5484728 1 1024
7962 18611 5484738 1 1024
7961 18608 5484748 1 1024
7960 18605 5484758 1 1024
7959 18601 5484768 1 1024
7958 18598 5484778 1 1024
7957 18595 5484788 1 1024
7955 18593 5484798 1 1024
7954 18591 5484808 1 1024
7954 18590 5484818 1 1024
7953 18590 5484828 1 1024
7952 18590 5484838 1 1024
7951 18592 5484848 1 1024
7949 18594 5484858 1 1024
7948 18597 5484868 1 1024
7947 18600 5484878 1 1024
7946 18602 5484888 1 1024
7945 18604 5484898 1 1024
7943 18608 5484908 1 1024
7941 18612 5484918 1 1024
7939 18616 5484928 1 1024
7937 18619 5484938 1 1024
7935 18622 5484948 1 1024
7934 18625 5484958 1 1024
7933 18627 5484968 1 1024
7932 18628 5484978 1 1024
7931 18628 5484988 1 1024
7931 18628 5484998 1 1024
7931 18626 5485008 1 1024
7932 18624 5485018 1 1024
7933 18621 5485028 1 1024
7934 18617 5485038 1 1024
7936 18613 5485048 1 1024
7938 18610 5485058 1 1024
7941 18607 5485068 1 1024
7943 18604 5485078 1 1024
7944 18603 5485088 1 1024
7946 18602 5485098 1 1024
7948 18600 5485108 1 1024
7951 18599 5485118 1 1024
7953 18599 5485128 1 1024
7955 18598 5485138 1 1024
7957 18599 5485148 1 1024
7959 18599 5485158 1 1024
7961 18601 5485168 1 1024
7962 18602 5485178 1 1024
7963 18604 5485188 1 1024
7963 18606 5485198 1 1024
7963 18608 5485208 1 1024
7963 18610 5485218 1 1024
7962 18611 5485228 1 1024
7962 18613 5485238 1 1024
7961 18614 5485248 1 1024
7960 18614 5485258 1 1024
7960 18615 5485268 1 1024
7959 18615 5485278 1 1024
7959 18615 5485288 1 1024
7960 18615 5485298 1 1024
7960 18615 5485308 1 1024
7961 18616 5485318 1 1024
7961 18616 5485328 1 1024
7962 18617 5485338 1 1024
7963 18618 5485348 1 1024
7964 18620 5485358 1 1024
7965 18622 5485368 1 1024
7966 18624 5485378 1 1024
7968 18626 5485388 1 1024
7969 18629 5485398 1 1024
7971 18631 5485408 1 1024
7973 18633 5485418 1 1024
7974 18635 5485428 1 1024
7975 18636 5485438 1 1024
7976 18638 5485448 1 1024
7977 18639 5485458 1 1024
7977 18639 5485468 1 1024
7978 18640 5485478 1 1024
7978 18640 5485488 1 1024
7978 18640 5485498 1 1024
7978 18640 5485508 1 1024
7977 18641 5485518 1 1024
