8079 17799 5612551 1 1024
8080 17798 5612561 1 1024
8080 17798 5612571 1 1024
8080 17798 5612581 1 947
8081 17798 5612591 1 829
8081 17798 5612601 1 728
8083 17797 5612611 1 642
8087 17799 5612621 1 513
8089 17801 5612631 1 468
8090 17804 5612641 1 434
8091 17808 5612651 1 412
8093 17813 5612661 1 400
8094 17819 5612671 1 397
8096 17826 5612681 1 401
8098 17841 5612691 1 432
8098 17849 5612701 1 455
8099 17857 5612711 1 516
8099 17863 5612721 1 551
8099 17868 5612731 1 588
8100 17871 5612741 1 626
8100 17871 5612751 1 664
8099 17866 5612761 1 738
8098 17861 5612771 1 772
8098 17855 5612781 1 802
8097 17848 5612791 1 830
8096 17841 5612801 1 850
8095 17833 5612811 1 866
8092 17826 5612821 1 875
8086 17814 5612831 1 871
8081 17809 5612841 1 854
8076 17806 5612851 1 829
8071 17804 5612861 1 793
8065 17803 5612871 1 684
8060 17804 5612881 1 610
8054 17805 5612891 1 527
8045 17810 5612901 1 340
8042 17813 5612911 1 243
8039 17815 5612921 1 148
8037 17816 5612931 1 56
8035 17816 5612941 0 0
8034 17815 5612951 0 0
8034 17812 5612961 0 0
8035 17802 5612971 0 0
8039 17793 5612981 0 0
8044 17781 5612991 0 0
8052 17767 5613001 0 0
8062 17750 5613011 0 0
8074 17731 5613021 0 0
8086 17711 5613031 0 0
8113 17672 5613041 0 0
8126 17655 5613051 1 47
8137 17639 5613061 1 113
8148 17626 5613071 1 182
8158 17614 5613081 1 253
8167 17604 5613091 1 325
8175 17595 5613101 1 398
8188 17583 5613111 1 537
8192 17579 5613121 1 604
8194 17578 5613131 1 665
8195 17578 5613141 1 723
8194 17581 5613151 1 775
8190 17586 5613161 1 799
8185 17593 5613171 1 821
8172 17610 5613181 1 898
8165 17619 5613191 1 956
8158 17628 5613201 1 979
8151 17636 5613211 1 997
8145 17643 5613221 1 1011
8139 17650 5613231 1 1022
8134 17656 5613241 1 1024
8126 17667 5613251 1 1024
8122 17672 5613261 1 1024
8120 17677 5613271 1 1024
8119 17682 5613281 1 1023
8119 17687 5613291 1 1016
8120 17694 5613301 1 1005
8123 17701 5613311 1 993
8131 17717 5613321 1 966
8136 17726 5613331 1 950
8141 17734 5613341 1 935
8146 17743 5613351 1 902
8150 17750 5613361 1 884
8153 17757 5613371 1 867
8156 17763 5613381 1 850
8159 17772 5613391 1 819
8159 17775 5613401 1 806
8158 17777 5613411 1 793
8156 17779 5613421 1 781
8153 17780 5613431 1 771
8150 17780 5613441 1 763
8145 17778 5613451 1 758
8134 17772 5613461 1 750
8129 17768 5613471 1 749
8124 17763 5613481 1 749
8119 17757 5613491 1 750
8115 17752 5613501 1 752
8112 17747 5613511 1 758
8110 17742 5613521 1 763
8108 17735 5613531 1 770
8108 17732 5613541 1 774
8109 17731 5613551 1 777
8111 17729 5613561 1 780
8114 17729 5613571 1 782
8117 17729 5613581 1 783
8121 17730 5613591 1 783
8128 17733 5613601 1 780
8132 17735 5613611 1 777
8136 17737 5613621 1 773
8139 17740 5613631 1 769
8141 17743 5613641 1 765
8143 17747 5613651 1 760
8143 17750 5613661 1 756
8143 17756 5613671 1 748
8142 17759 5613681 1 747
8140 17761 5613691 1 747
8138 17763 5613701 1 749
8136 17764 5613711 1 752
8134 17764 5613721 1 759
8132 17764 5613731 1 766
8127 17763 5613741 1 789
8125 17762 5613751 1 804
8123 17760 5613761 1 822
8121 17757 5613771 1 832
8120 17755 5613781 1 842
8119 17752 5613791 1 864
8118 17748 5613801 1 885
8119 17742 5613811 1 924
8120 17739 5613821 1 940
8121 17737 5613831 1 961
8123 17734 5613841 1 964
8125 17733 5613851 1 961
8127 17732 5613861 1 951
8129 17731 5613871 1 932
8133 17731 5613881 1 868
8135 17732 5613891 1 820
8137 17734 5613901 1 761
8139 17736 5613911 1 693
8140 17738 5613921 1 617
8142 17741 5613931 1 536
8144 17743 5613941 1 454
8147 17748 5613951 1 286
8149 17749 5613961 1 207
8151 17750 5613971 1 133
8153 17751 5613981 1 67
8155 17751 5613991 0 0
8157 17749 5614001 0 0
8160 17748 5614011 0 0
8166 17742 5614021 0 0
8169 17738 5614031 0 0
8172 17734 5614041 0 0
8176 17730 5614051 0 0
8180 17727 5614061 0 0
8183 17723 5614071 0 0
8187 17721 5614081 0 0
8194 17716 5614091 0 0
8196 17714 5614101 0 0
8198 17713 5614111 0 0
8200 17712 5614121 1 14
8200 17712 5614131 1 59
8200 17712 5614141 1 112
8199 17713 5614151 1 238
8196 17716 5614161 1 383
8193 17718 5614171 1 459
8190 17720 5614181 1 535
8187 17721 5614191 1 611
8183 17723 5614201 1 684
8180 17724 5614211 1 754
8176 17726 5614221 1 820
8169 17727 5614231 1 930
8166 17728 5614241 1 974
8163 17729 5614251 1 1008
8161 17730 5614261 1 1024
8159 17730 5614271 1 1024
8158 17731 5614281 1 1024
8157 17732 5614291 1 1024
8159 17735 5614301 1 1018
8160 17737 5614311 1 1000
8163 17739 5614321 1 984
8166 17741 5614331 1 966
8169 17743 5614341 1 949
8172 17744 5614351 1 934
8176 17746 5614361 1 919
8183 17750 5614371 1 894
8186 17751 5614381 1 889
8189 17753 5614391 1 885
8192 17754 5614401 1 877
8195 17755 5614411 1 873
8197 17755 5614421 1 872
8199 17755 5614431 1 874
8202 17755 5614441 1 889
8202 17754 5614451 1 902
8202 17752 5614461 1 918
8202 17751 5614471 1 951
8200 17749 5614481 1 969
8199 17748 5614491 1 985
8197 17747 5614501 1 1000
8192 17745 5614511 1 1023
8190 17744 5614521 1 1024
8188 17744 5614531 1 1024
8185 17744 5614541 1 1024
8183 17744 5614551 1 1014
8181 17744 5614561 1 997
8179 17745 5614571 1 972
8177 17746 5614581 1 895
8176 17747 5614591 1 843
8175 17748 5614601 1 781
8174 17749 5614611 1 713
8174 17749 5614621 1 638
8174 17750 5614631 1 478
8174 17750 5614641 1 393
8175 17750 5614651 1 226
8175 17750 5614661 1 145
8175 17750 5614671 1 68
8175 17750 5614681 0 0
8174 17750 5614691 0 0
8174 17749 5614701 0 0
8173 17749 5614711 0 0
8171 17748 5614721 0 0
8169 17747 5614731 0 0
8167 17746 5614741 0 0
8165 17745 5614751 0 0
8162 17744 5614761 0 0
8160 17743 5614771 0 0
8157 17742 5614781 0 0
8153 17741 5614791 0 0
8151 17740 5614801 0 0
8150 17740 5614811 0 0
8149 17739 5614821 0 0
8148 17739 5614831 0 0
8148 17739 5614841 0 0
8148 17739 5614851 0 0
8150 17738 5614861 0 0
8152 17738 5614871 0 0
8155 17737 5614881 0 0
8159 17737 5614891 0 0
8163 17736 5614901 0 0
8167 17734 5614911 0 0
8172 17733 5614921 0 0
8181 17730 5614931 0 0
8185 17728 5614941 0 0
8189 17726 5614951 1 28
8193 17724 5614961 1 73
8196 17722 5614971 1 120
8199 17720 5614981 1 166
8202 17718 5614991 1 213
8206 17715 5615001 1 259
8207 17713 5615011 1 307
8208 17712 5615021 1 355
8208 17711 5615031 1 401
8208 17710 5615041 1 448
8207 17709 5615051 1 494
8206 17709 5615061 1 540
8201 17708 5615071 1 629
8199 17708 5615081 1 671
8196 17708 5615091 1 713
8194 17708 5615101 1 753
8191 17709 5615111 1 827
8188 17710 5615121 1 861
8186 17711 5615131 1 893
8182 17712 5615141 1 949
8180 17712 5615151 1 973
8178 17712 5615161 1 995
8176 17711 5615171 1 1012
8174 17710 5615181 1 1024
8172 17707 5615191 1 1024
8170 17704 5615201 1 1024
8166 17696 5615211 1 1024
8164 17691 5615221 1 1024
8163 17687 5615231 1 1024
8163 17683 5615241 1 1024
8163 17680 5615251 1 1024
8164 17678 5615261 1 1024
8165 17677 5615271 1 1024
8169 17677 5615281 1 1024
8171 17679 5615291 1 1024
8174 17681 5615301 1 1024
8176 17683 5615311 1 1024
8179 17686 5615321 1 1024
8182 17689 5615331 1 1024
8184 17693 5615341 1 1019
8189 17699 5615351 1 1007
8192 17702 5615361 1 1001
8194 17705 5615371 1 996
8196 17707 5615381 1 992
8198 17710 5615391 1 989
8199 17712 5615401 1 988
8201 17714 5615411 1 987
8203 17716 5615421 1 996
8204 17718 5615431 1 1002
8205 17719 5615441 1 1011
8205 17719 5615451 1 1022
8205 17720 5615461 1 1024
8205 17721 5615471 1 1024
8204 17721 5615481 1 1024
8203 17721 5615491 1 1024
8203 17720 5615501 1 1024
8202 17720 5615511 1 1024
8202 17720 5615521 1 1024
8201 17719 5615531 1 1024
8201 17718 5615541 1 1024
8200 17718 5615551 1 1024
8199 17716 5615561 1 1024
8198 17716 5615571 1 1024
8198 17716 5615581 1 1024
8197 17716 5615591 1 1024
8196 17716 5615601 1 1024
8196 17716 5615611 1 1024
8195 17716 5615621 1 1024
8193 17716 5615631 1 1024
8192 17716 5615641 1 1024
8191 17717 5615651 1 1024
8190 17718 5615661 1 1024
8189 17719 5615671 1 1024
8187 17720 5615681 1 1002
8186 17722 5615691 1 940
8183 17725 5615701 1 799
8181 17727 5615711 1 722
8179 17729 5615721 1 644
8177 17731 5615731 1 562
8176 17733 5615741 1 480
8174 17734 5615751 1 318
8173 17736 5615761 1 240
8171 17739 5615771 1 95
8170 17740 5615781 1 29
8169 17742 5615791 0 0
8169 17743 5615801 0 0
8169 17744 5615811 0 0
8169 17745 5615821 0 0
8170 17745 5615831 0 0
8171 17745 5615841 0 0
8172 17744 5615851 0 0
8174 17743 5615861 0 0
8175 17742 5615871 0 0
8177 17741 5615881 0 0
8179 17740 5615891 1 34
8182 17739 5615901 1 123
8186 17736 5615911 1 441
8189 17735 5615921 1 557
8192 17734 5615931 1 674
8194 17732 5615941 1 791
8197 17731 5615951 1 904
8199 17729 5615961 1 1011
8202 17728 5615971 1 1024
8206 17727 5615981 1 1024
8209 17728 5615991 1 1024
8211 17729 5616001 1 1024
8213 17730 5616011 1 1024
8215 17733 5616021 1 1024
8217 17735 5616031 1 1024
8219 17738 5616041 1 1024
8224 17745 5616051 1 1024
8226 17748 5616061 1 1024
8227 17751 5616071 1 1024
8228 17755 5616081 1 1024
8229 17758 5616091 1 1024
8230 17760 5616101 1 1024
8230 17763 5616111 1 1024
8230 17767 5616121 1 1024
8229 17769 5616131 1 1024
8229 17770 5616141 1 1024
8228 17772 5616151 1 1024
8228 17773 5616161 1 1024
8228 17774 5616171 1 1024
8227 17775 5616181 1 1024
8228 17777 5616191 1 1024
8228 17777 5616201 1 1024
8229 17776 5616211 1 1024
8230 17774 5616221 1 1024
8231 17772 5616231 1 1024
8232 17770 5616241 1 1024
8233 17767 5616251 1 1024
8235 17761 5616261 1 1024
8236 17758 5616271 1 1024
8237 17755 5616281 1 1024
8237 17753 5616291 1 1024
8237 17751 5616301 1 1024
8238 17750 5616311 1 1024
8237 17750 5616321 1 1024
8236 17751 5616331 1 1024
8234 17753 5616341 1 1024
8232 17755 5616351 1 1024
8230 17758 5616361 1 1024
8227 17762 5616371 1 1024
8224 17765 5616381 1 1024
8221 17769 5616391 1 1024
8216 17775 5616401 1 1024
8213 17778 5616411 1 1024
8211 17780 5616421 1 1024
8209 17781 5616431 1 1024
8208 17782 5616441 1 1024
8206 17782 5616451 1 1024
8206 17781 5616461 1 1024
8206 17776 5616471 1 1024
8206 17773 5616481 1 1024
8208 17770 5616491 1 1024
8210 17767 5616501 1 1024
8212 17765 5616511 1 1024
8215 17763 5616521 1 1024
8219 17761 5616531 1 1024
8226 17759 5616541 1 1024
8229 17759 5616551 1 1024
8233 17759 5616561 1 1024
8236 17760 5616571 1 1024
8239 17760 5616581 1 1024
8242 17761 5616591 1 1024
8244 17763 5616601 1 1024
8248 17766 5616611 1 1024
8249 17767 5616621 1 1024
8249 17768 5616631 1 1024
8249 17769 5616641 1 1024
8248 17770 5616651 1 1024
8247 17770 5616661 1 1024
8246 17770 5616671 1 1024
8242 17770 5616681 1 1024
8240 17771 5616691 1 1024
8238 17771 5616701 1 1024
8237 17771 5616711 1 1024
8235 17771 5616721 1 1024
8234 17772 5616731 1 1024
8233 17773 5616741 1 1024
8232 17776 5616751 1 1024
8232 17778 5616761 1 1024
8232 17780 5616771 1 1024
8233 17783 5616781 1 1024
8234 17786 5616791 1 1024
8235 17789 5616801 1 1024
8236 17792 5616811 1 1024
8239 17797 5616821 1 1024
8241 17799 5616831 1 1024
8242 17800 5616841 1 1024
8244 17800 5616851 1 1024
8245 17800 5616861 1 1024
8247 17800 5616871 1 1024
8248 17799 5616881 1 1024
8250 17797 5616891 1 1024
8251 17796 5616901 1 1024
