7610 18440 7926147 1 626
7610 18440 7926157 1 615
7610 18440 7926167 1 612
7610 18440 7926177 1 613
7610 18440 7926187 1 615
7611 18440 7926197 1 616
7611 18441 7926207 1 618
7612 18442 7926217 1 619
7618 18449 7926227 1 620
7625 18458 7926237 1 621
7629 18463 7926247 1 621
7630 18465 7926257 1 621
7631 18468 7926267 1 622
7629 18469 7926277 1 623
7625 18468 7926287 1 624
7622 18469 7926297 1 625
7623 18473 7926307 1 627
7625 18478 7926317 1 628
7628 18483 7926327 1 630
7631 18488 7926337 1 630
7632 18489 7926347 1 630
7632 18490 7926357 1 631
7632 18492 7926367 1 632
7631 18492 7926377 1 633
7630 18493 7926387 1 634
7629 18494 7926397 1 635
7629 18495 7926407 1 636
7630 18497 7926417 1 638
7632 18498 7926427 1 639
7634 18499 7926437 1 639
7636 18499 7926447 1 639
7636 18499 7926457 1 640
7638 18499 7926467 1 641
7639 18499 7926477 1 643
7640 18499 7926487 1 644
7641 18500 7926497 1 645
7643 18500 7926507 1 646
7645 18502 7926517 1 647
7648 18503 7926527 1 647
7651 18505 7926537 1 648
7652 18506 7926547 1 649
7653 18507 7926557 1 650
7656 18508 7926567 1 651
7659 18510 7926577 1 652
7662 18511 7926587 1 653
7665 18513 7926597 1 654
7668 18516 7926607 1 655
7671 18519 7926617 1 657
7674 18523 7926627 1 658
7676 18526 7926637 1 658
7677 18528 7926647 1 657
7678 18530 7926657 1 658
7678 18534 7926667 1 659
7679 18537 7926677 1 660
7678 18541 7926687 1 662
7678 18543 7926697 1 664
7677 18546 7926707 1 665
7675 18548 7926717 1 666
7674 18551 7926727 1 666
7671 18552 7926737 1 667
7670 18553 7926747 1 668
7667 18554 7926757 1 668
7663 18554 7926767 1 669
7658 18554 7926777 1 669
7653 18552 7926787 1 671
7648 18550 7926797 1 672
7643 18548 7926807 1 674
7638 18545 7926817 1 675
7633 18542 7926827 1 675
7628 18538 7926837 1 676
7625 18536 7926847 1 677
7623 18534 7926857 1 677
7618 18529 7926867 1 679
7614 18523 7926877 1 680
7611 18518 7926887 1 680
7608 18512 7926897 1 681
7606 18506 7926907 1 682
7604 18500 7926917 1 683
7603 18495 7926927 1 684
7601 18490 7926937 1 684
7601 18488 7926947 1 684
7600 18486 7926957 1 686
7600 18482 7926967 1 688
7599 18478 7926977 1 689
7598 18475 7926987 1 690
7598 18473 7926997 1 691
7596 18471 7927007 1 692
7594 18471 7927017 1 692
7592 18471 7927027 1 692
7591 18472 7927037 1 694
7590 18473 7927047 1 694
7590 18474 7927057 1 695
7589 18477 7927067 1 696
7589 18480 7927077 1 697
7589 18484 7927087 1 698
7590 18489 7927097 1 700
7590 18495 7927107 1 702
7590 18501 7927117 1 702
7590 18508 7927127 1 702
7590 18516 7927137 1 703
7590 18520 7927147 1 703
7590 18523 7927157 1 704
7590 18530 7927167 1 705
7590 18537 7927177 1 706
7591 18544 7927187 1 707
7591 18550 7927197 1 708
7593 18555 7927207 1 710
7594 18559 7927217 1 711
7596 18563 7927227 1 711
7598 18565 7927237 1 713
7599 18567 7927247 1 714
7601 18567 7927257 1 714
7603 18568 7927267 1 714
7606 18569 7927277 1 715
7609 18568 7927287 1 716
7613 18566 7927297 1 717
7616 18564 7927307 1 719
7620 18560 7927317 1 719
7624 18555 7927327 1 720
7629 18550 7927337 1 721
7631 18547 7927347 1 721
7633 18543 7927357 1 722
7638 18536 7927367 1 723
7643 18527 7927377 1 724
7648 18518 7927387 1 724
7653 18508 7927397 1 725
7658 18497 7927407 1 726
7663 18486 7927417 1 728
7668 18474 7927427 1 728
7673 18462 7927437 1 729
7675 18456 7927447 1 729
7678 18450 7927457 1 730
7682 18439 7927467 1 731
7686 18427 7927477 1 732
7690 18416 7927487 1 733
7693 18405 7927497 1 735
7696 18394 7927507 1 735
7699 18385 7927517 1 735
7702 18376 7927527 1 737
7705 18367 7927537 1 738
7706 18363 7927547 1 738
7707 18359 7927557 1 739
7710 18352 7927567 1 740
7713 18346 7927577 1 741
7716 18340 7927587 1 742
7718 18335 7927597 1 743
7721 18331 7927607 1 743
7723 18327 7927617 1 744
7725 18324 7927627 1 744
7726 18322 7927637 1 746
7726 18321 7927647 1 746
7726 18320 7927657 1 747
7726 18318 7927667 1 748
7726 18317 7927677 1 749
7725 18316 7927687 1 750
7725 18316 7927697 1 751
7724 18316 7927707 1 752
7723 18316 7927717 1 752
7722 18316 7927727 1 753
7720 18316 7927737 1 754
7720 18316 7927747 1 754
7719 18317 7927757 1 754
7717 18317 7927767 1 756
7715 18318 7927777 1 758
7714 18319 7927787 1 759
7712 18320 7927797 1 760
7711 18321 7927807 1 761
7710 18322 7927817 1 761
7709 18322 7927827 1 762
7707 18323 7927837 1 763
7707 18324 7927847 1 764
7706 18324 7927857 1 765
7704 18325 7927867 1 766
7703 18326 7927877 1 767
7701 18328 7927887 1 768
7699 18329 7927897 1 769
7696 18331 7927907 1 770
7694 18333 7927917 1 771
7691 18336 7927927 1 772
7687 18339 7927937 1 773
7686 18340 7927947 1 774
7684 18342 7927957 1 774
7680 18345 7927967 1 775
7677 18350 7927977 1 775
7673 18354 7927987 1 776
7669 18359 7927997 1 776
7666 18364 7928007 1 776
7663 18370 7928017 1 777
7660 18376 7928027 1 781
7657 18382 7928037 1 785
7655 18385 7928047 1 787
7654 18388 7928057 1 790
7651 18395 7928067 1 798
7648 18401 7928077 1 805
7644 18408 7928087 1 814
7641 18414 7928097 1 818
7638 18420 7928107 1 819
7636 18425 7928117 1 823
7634 18430 7928127 1 832
7633 18435 7928137 1 842
7632 18437 7928147 1 846
7631 18438 7928157 1 852
7631 18442 7928167 1 862
7630 18445 7928177 1 872
7630 18447 7928187 1 882
7630 18449 7928197 1 886
7631 18450 7928207 1 890
7631 18451 7928217 1 899
7631 18452 7928227 1 903
7632 18451 7928237 1 906
7632 18451 7928247 1 909
7632 18450 7928257 1 913
7632 18448 7928267 1 918
7631 18446 7928277 1 921
7630 18443 7928287 1 924
7629 18439 7928297 1 925
7627 18435 7928307 1 925
7626 18431 7928317 1 924
7624 18426 7928327 1 922
7622 18422 7928337 1 917
7621 18419 7928347 1 914
7620 18417 7928357 1 914
7618 18412 7928367 1 910
7617 18407 7928377 1 901
7615 18402 7928387 1 889
7614 18398 7928397 1 882
7613 18393 7928407 1 874
7613 18389 7928417 1 857
7614 18385 7928427 1 837
7615 18381 7928437 1 813
7615 18379 7928447 1 801
7616 18378 7928457 1 786
7618 18375 7928467 1 757
7620 18372 7928477 1 738
7622 18370 7928487 1 724
7624 18369 7928497 1 708
7626 18368 7928507 1 690
7628 18368 7928517 1 653
7630 18368 7928527 1 613
7632 18368 7928537 1 573
7633 18368 7928547 1 553
7634 18369 7928557 1 532
7636 18370 7928567 1 489
7638 18370 7928577 1 447
7640 18372 7928587 1 425
7642 18373 7928597 1 420
7644 18374 7928607 1 404
7646 18376 7928617 1 361
7648 18377 7928627 1 317
7649 18379 7928637 1 274
7650 18380 7928647 1 253
7650 18381 7928657 1 233
7651 18383 7928667 1 192
7652 18385 7928677 1 153
7653 18387 7928687 1 133
7654 18389 7928697 1 115
7655 18391 7928707 1 79
7656 18394 7928717 1 61
7658 18396 7928727 1 46
7660 18398 7928737 1 16
7661 18399 7928747 0 0
7662 18401 7928757 0 0
7664 18403 7928767 0 0
7666 18405 7928777 0 0
7667 18407 7928787 0 0
7669 18410 7928797 0 0
7670 18412 7928807 0 0
7671 18415 7928817 0 0
7671 18417 7928827 0 0
7672 18420 7928837 0 0
7672 18422 7928847 0 0
7672 18423 7928857 0 0
7673 18426 7928867 0 0
7673 18429 7928877 0 0
7674 18431 7928887 0 0
7675 18434 7928897 0 0
7675 18436 7928907 0 0
7676 18439 7928917 0 0
7677 18441 7928927 0 0
7679 18443 7928937 0 0
7680 18444 7928947 0 0
7681 18444 7928957 0 0
7682 18446 7928967 0 0
7683 18447 7928977 0 0
7684 18449 7928987 1 6
7685 18450 7928997 1 18
7686 18450 7929007 1 43
7687 18451 7929017 1 71
7688 18451 7929027 1 99
7689 18451 7929037 1 129
7690 18451 7929047 1 143
7690 18451 7929057 1 160
7691 18451 7929067 1 192
7692 18451 7929077 1 208
7693 18451 7929087 1 212
7693 18451 7929097 1 225
7693 18451 7929107 1 259
7694 18450 7929117 1 293
7694 18450 7929127 1 328
7694 18449 7929137 1 364
7694 18449 7929147 1 380
7694 18449 7929157 1 398
7693 18448 7929167 1 434
7692 18448 7929177 1 452
7691 18447 7929187 1 470
7690 18447 7929197 1 504
7689 18447 7929207 1 522
7688 18446 7929217 1 539
7687 18447 7929227 1 573
7686 18447 7929237 1 607
7685 18447 7929247 1 622
7685 18447 7929257 1 639
7684 18447 7929267 1 671
7683 18447 7929277 1 686
7683 18447 7929287 1 701
7683 18447 7929297 1 730
7683 18447 7929307 1 757
7683 18447 7929317 1 784
7683 18447 7929327 1 797
7684 18447 7929337 1 808
7684 18446 7929347 1 817
7684 18446 7929357 1 831
7685 18446 7929367 1 852
7685 18445 7929377 1 861
7685 18445 7929387 1 869
7686 18445 7929397 1 886
7686 18444 7929407 1 899
7687 18444 7929417 1 911
7687 18443 7929427 1 921
7687 18443 7929437 1 928
7687 18442 7929447 1 931
7687 18442 7929457 1 931
7687 18441 7929467 1 933
7687 18441 7929477 1 937
7688 18440 7929487 1 938
7688 18439 7929497 1 941
7689 18438 7929507 1 942
7690 18437 7929517 1 942
7691 18437 7929527 1 942
7692 18436 7929537 1 939
7693 18435 7929547 1 938
7693 18434 7929557 1 937
7694 18433 7929567 1 935
7694 18432 7929577 1 935
7695 18431 7929587 1 934
7695 18430 7929597 1 931
7695 18429 7929607 1 927
7696 18427 7929617 1 924
7696 18426 7929627 1 920
7697 18425 7929637 1 916
7697 18425 7929647 1 915
7698 18425 7929657 1 913
7699 18424 7929667 1 912
7700 18423 7929677 1 911
7701 18423 7929687 1 909
7702 18423 7929697 1 908
7703 18423 7929707 1 908
7705 18423 7929717 1 908
7707 18423 7929727 1 909
7708 18423 7929737 1 910
7709 18423 7929747 1 910
7710 18423 7929757 1 911
7711 18423 7929767 1 912
7712 18423 7929777 1 913
7713 18423 7929787 1 915
7714 18423 7929797 1 916
7716 18424 7929807 1 917
7717 18424 7929817 1 918
7718 18424 7929827 1 919
7719 18424 7929837 1 920
7719 18424 7929847 1 920
7719 18424 7929857 1 921
7719 18425 7929867 1 922
7719 18425 7929877 1 922
7718 18425 7929887 1 923
7716 18425 7929897 1 924
7714 18425 7929907 1 925
7712 18426 7929917 1 926
7710 18426 7929927 1 926
7708 18427 7929937 1 926
7706 18427 7929947 1 926
7705 18427 7929957 1 927
7703 18428 7929967 1 928
7701 18428 7929977 1 928
7699 18429 7929987 1 929
7698 18429 7929997 1 929
7697 18430 7930007 1 930
7696 18430 7930017 1 931
7696 18431 7930027 1 931
7697 18432 7930037 1 932
7697 18432 7930047 1 932
7698 18432 7930057 1 932
7699 18433 7930067 1 931
7701 18434 7930077 1 932
7702 18435 7930087 1 933
7704 18435 7930097 1 934
7706 18436 7930107 1 935
7708 18437 7930117 1 934
7709 18438 7930127 1 935
7710 18439 7930137 1 936
7710 18439 7930147 1 936
7710 18440 7930157 1 936
7710 18441 7930167 1 937
7710 18441 7930177 1 938
7709 18442 7930187 1 939
7708 18442 7930197 1 939
7708 18442 7930207 1 940
7707 18441 7930217 1 941
7706 18441 7930227 1 942
7706 18440 7930237 1 943
7706 18440 7930247 1 944
7706 18439 7930257 1 944
7706 18438 7930267 1 944
7707 18436 7930277 1 946
7708 18434 7930287 1 947
7709 18432 7930297 1 949
7711 18429 7930307 1 950
7712 18426 7930317 1 951
7714 18422 7930327 1 952
7716 18419 7930337 1 954
7717 18417 7930347 1 955
7717 18415 7930357 1 955
7719 18412 7930367 1 956
7720 18408 7930377 1 958
7720 18404 7930387 1 960
7721 18401 7930397 1 962
7721 18397 7930407 1 964
7722 18394 7930417 1 966
7723 18390 7930427 1 967
7724 18387 7930437 1 968
7724 18386 7930447 1 969
7724 18384 7930457 1 969
7725 18382 7930467 1 969
7726 18379 7930477 1 971
7726 18376 7930487 1 972
7726 18374 7930497 1 973
7726 18371 7930507 1 974
7726 18369 7930517 1 975
7726 18367 7930527 1 974
7726 18365 7930537 1 974
7726 18365 7930547 1 974
7726 18364 7930557 1 974
7726 18363 7930567 1 974
7726 18362 7930577 1 974
7726 18362 7930587 1 973
7726 18362 7930597 1 972
7726 18363 7930607 1 970
7726 18363 7930617 1 968
7726 18364 7930627 1 966
7725 18365 7930637 1 964
7725 18365 7930647 1 964
7724 18365 7930657 1 963
7724 18366 7930667 1 960
7722 18367 7930677 1 958
7721 18368 7930687 1 957
7720 18369 7930697 1 954
7718 18370 7930707 1 951
7717 18371 7930717 1 947
7715 18372 7930727 1 944
7714 18372 7930737 1 943
7714 18373 7930747 1 942
7713 18373 7930757 1 941
7712 18373 7930767 1 939
7712 18373 7930777 1 936
7711 18373 7930787 1 934
7710 18372 7930797 1 933
7710 18371 7930807 1 933
7709 18370 7930817 1 932
7708 18368 7930827 1 931
7707 18366 7930837 1 931
7707 18366 7930847 1 931
7706 18365 7930857 1 932
7705 18363 7930867 1 933
7704 18362 7930877 1 935
7703 18360 7930887 1 937
7702 18359 7930897 1 941
7701 18358 7930907 1 945
7700 18357 7930917 1 948
7699 18356 7930927 1 951
7698 18355 7930937 1 954
7697 18355 7930947 1 955
7697 18354 7930957 1 958
7695 18353 7930967 1 966
7694 18353 7930977 1 975
7693 18352 7930987 1 987
7691 18352 7930997 1 999
7690 18351 7931007 1 1012
7688 18352 7931017 1 1024
7687 18352 7931027 1 1024
7686 18353 7931037 1 1024
7685 18353 7931047 1 1024
7685 18354 7931057 1 1024
7684 18355 7931067 1 1024
7684 18358 7931077 1 1024
7684 18360 7931087 1 1024
7684 18363 7931097 1 1024
7684 18366 7931107 1 1024
7685 18370 7931117 1 1024
7686 18373 7931127 1 1024
7687 18376 7931137 1 1024
7688 18378 7931147 1 1024
7689 18380 7931157 1 1024
7690 18383 7931167 1 1024
7692 18386 7931177 1 1024
7694 18389 7931187 1 1024
7695 18392 7931197 1 1024
7697 18394 7931207 1 1016
7699 18397 7931217 1 978
7700 18399 7931227 1 956
7701 18402 7931237 1 933
7702 18403 7931247 1 913
7702 18404 7931257 1 882
7703 18406 7931267 1 826
7703 18407 7931277 1 766
7702 18409 7931287 1 734
7701 18410 7931297 1 702
7700 18412 7931307 1 636
7699 18413 7931317 1 568
7698 18414 7931327 1 533
7698 18415 7931337 1 499
7697 18415 7931347 1 471
7697 18416 7931357 1 430
7697 18416 7931367 1 363
7697 18417 7931377 1 298
7698 18417 7931387 1 235
7699 18417 7931397 1 177
7700 18418 7931407 1 145
7701 18418 7931417 1 123
7701 18418 7931427 1 95
7702 18417 7931437 1 74
7702 18417 7931447 1 63
7702 18417 7931457 1 33
7702 18417 7931467 0 0
7703 18417 7931477 0 0
7703 18418 7931487 0 0
7704 18418 7931497 0 0
7704 18419 7931507 0 0
7704 18420 7931517 0 0
7704 18421 7931527 0 0
7704 18422 7931537 0 0
7704 18422 7931547 0 0
7704 18423 7931557 0 0
7704 18424 7931567 0 0
7705 18425 7931577 0 0
7706 18426 7931587 0 0
7707 18428 7931597 0 0
7707 18429 7931607 0 0
7708 18430 7931617 0 0
7709 18432 7931627 0 0
7710 18433 7931637 0 0
7711 18434 7931647 1 9
7711 18435 7931657 1 13
7712 18437 7931667 1 32
7714 18438 7931677 1 75
7715 18440 7931687 1 126
7716 18441 7931697 1 183
7717 18443 7931707 1 247
7718 18444 7931717 1 280
7719 18445 7931727 1 315
7720 18446 7931737 1 387
7720 18446 7931747 1 423
7721 18447 7931757 1 460
7721 18448 7931767 1 535
7722 18448 7931777 1 572
7723 18449 7931787 1 608
7724 18450 7931797 1 680
7725 18451 7931807 1 748
7726 18451 7931817 1 782
7727 18452 7931827 1 812
7728 18452 7931837 1 871
7729 18452 7931847 1 901
7729 18452 7931857 1 923
7730 18453 7931867 1 966
7730 18453 7931877 1 1000
7730 18454 7931887 1 1023
7730 18454 7931897 1 1024
7730 18455 7931907 1 1024
7730 18456 7931917 1 1024
7730 18456 7931927 1 1024
7729 18457 7931937 1 1024
7729 18457 7931947 1 1024
7729 18457 7931957 1 1024
7728 18458 7931967 1 1024
7727 18458 7931977 1 1024
7726 18459 7931987 1 1024
7725 18459 7931997 1 1024
7724 18459 7932007 1 1024
7723 18460 7932017 1 1024
7721 18460 7932027 1 1024
7720 18460 7932037 1 1024
7719 18460 7932047 1 1024
7718 18460 7932057 1 1024
7717 18460 7932067 1 1024
7715 18460 7932077 1 1024
7714 18459 7932087 1 1024
7713 18459 7932097 1 1024
7713 18459 7932107 1 1024
7714 18458 7932117 1 1024
7714 18458 7932127 1 1024
7716 18457 7932137 1 1024
7716 18457 7932147 1 1024
7717 18457 7932157 1 1024
7718 18456 7932167 1 1024
7720 18456 7932177 1 1024
7722 18456 7932187 1 1024
7724 18455 7932197 1 1024
7726 18454 7932207 1 1024
7729 18454 7932217 1 1024
7731 18453 7932227 1 1024
7734 18452 7932237 1 1024
7735 18452 7932247 1 1024
7736 18451 7932257 1 1024
7738 18451 7932267 1 1024
7740 18450 7932277 1 1024
7742 18450 7932287 1 1024
7744 18450 7932297 1 1024
7745 18449 7932307 1 1024
7746 18449 7932317 1 1024
7747 18449 7932327 1 1024
7747 18449 7932337 1 1024
7747 18449 7932347 1 1024
7748 18449 7932357 1 1024
7748 18449 7932367 1 1024
7748 18448 7932377 1 1024
7748 18448 7932387 1 1024
7748 18449 7932397 1 1024
7748 18449 7932407 1 1024
7747 18449 7932417 1 1024
7747 18449 7932427 1 1024
7746 18449 7932437 1 1024
7746 18449 7932447 1 1024
7745 18449 7932457 1 1024
7744 18448 7932467 1 1024
7742 18447 7932477 1 1024
7740 18446 7932487 1 1024
7738 18445 7932497 1 1024
7735 18443 7932507 1 1024
7733 18441 7932517 1 1024
7731 18439 7932527 1 1024
7729 18438 7932537 1 1024
7728 18437 7932547 1 1024
7728 18436 7932557 1 1024
7727 18435 7932567 1 1024
7726 18433 7932577 1 1024
7725 18432 7932587 1 1024
7725 18432 7932597 1 1024
7725 18431 7932607 1 1024
7725 18430 7932617 1 1024
7725 18430 7932627 1 1024
7725 18430 7932637 1 1024
7726 18430 7932647 1 1024
7726 18430 7932657 1 1024
7728 18430 7932667 1 1024
7729 18430 7932677 1 1024
7732 18430 7932687 1 1024
7734 18430 7932697 1 1024
7736 18430 7932707 1 1024
7738 18430 7932717 1 1024
7740 18430 7932727 1 1024
7741 18430 7932737 1 1024
7742 18430 7932747 1 1024
7743 18430 7932757 1 1024
7745 18430 7932767 1 1024
7747 18429 7932777 1 1024
7750 18429 7932787 1 1024
7752 18428 7932797 1 1024
7755 18427 7932807 1 1024
7758 18426 7932817 1 1024
7761 18425 7932827 1 1024
7764 18424 7932837 1 1024
7766 18423 7932847 1 1024
7767 18423 7932857 1 1024
7770 18422 7932867 1 1024
7773 18420 7932877 1 1024
7775 18419 7932887 1 1024
7778 18418 7932897 1 1024
7781 18418 7932907 1 1024
7785 18417 7932917 1 1024
7788 18416 7932927 1 1024
7791 18415 7932937 1 1024
7792 18415 7932947 1 1024
7794 18415 7932957 1 1024
7796 18414 7932967 1 1024
7798 18413 7932977 1 1024
7801 18413 7932987 1 1024
7803 18412 7932997 1 1024
7805 18411 7933007 1 1024
7807 18410 7933017 1 1024
7810 18408 7933027 1 1024
7812 18407 7933037 1 1024
7813 18407 7933047 1 1024
7814 18407 7933057 1 1024
7815 18406 7933067 1 1024
7817 18405 7933077 1 1024
7818 18405 7933087 1 1024
7819 18404 7933097 1 1024
7820 18404 7933107 1 1024
7821 18404 7933117 1 1024
7822 18405 7933127 1 1024
7823 18405 7933137 1 1024
7823 18405 7933147 1 1024
7824 18406 7933157 1 1024
7825 18407 7933167 1 1024
7826 18408 7933177 1 1024
7828 18409 7933187 1 1024
7829 18411 7933197 1 1024
7831 18413 7933207 1 1024
7832 18415 7933217 1 1024
7834 18417 7933227 1 1024
7835 18420 7933237 1 1024
7835 18421 7933247 1 1024
7835 18422 7933257 1 1024
7836 18425 7933267 1 1024
7835 18428 7933277 1 1024
7835 18431 7933287 1 1024
7835 18433 7933297 1 1024
7834 18436 7933307 1 1024
7834 18438 7933317 1 1024
7834 18440 7933327 1 1024
7834 18442 7933337 1 1024
7834 18443 7933347 1 1024
7834 18443 7933357 1 1024
7834 18445 7933367 1 1024
7835 18445 7933377 1 1024
7835 18446 7933387 1 1024
7834 18447 7933397 1 1024
7834 18447 7933407 1 1024
7832 18447 7933417 1 1024
7831 18448 7933427 1 1024
7830 18448 7933437 1 1024
7829 18448 7933447 1 1024
7828 18448 7933457 1 1024
7826 18448 7933467 1 1024
7824 18448 7933477 1 1024
7821 18448 7933487 1 1024
7820 18448 7933497 1 1024
7818 18448 7933507 1 1024
7818 18447 7933517 1 1024
7817 18447 7933527 1 1024
7818 18446 7933537 1 1024
7818 18446 7933547 1 1024
7818 18446 7933557 1 1024
7819 18446 7933567 1 1024
7820 18446 7933577 1 1024
7820 18446 7933587 1 1024
7820 18447 7933597 1 1024
7820 18447 7933607 1 1024
7820 18449 7933617 1 1024
7819 18450 7933627 1 1024
7818 18452 7933637 1 1024
7818 18453 7933647 1 1024
7818 18454 7933657 1 1024
7817 18456 7933667 1 1024
7816 18458 7933677 1 1024
7816 18460 7933687 1 1024
7815 18463 7933697 1 1024
7815 18465 7933707 1 1024
7814 18468 7933717 1 1024
7813 18470 7933727 1 1024
7812 18471 7933737 1 1024
7812 18472 7933747 1 1024
7812 18473 7933757 1 1024
7812 18474 7933767 1 1024
7812 18475 7933777 1 1024
7812 18477 7933787 1 1024
7811 18478 7933797 1 1024
7811 18479 7933807 1 1024
7811 18479 7933817 1 1024
7811 18480 7933827 1 1024
7812 18480 7933837 1 1024
7812 18480 7933847 1 1024
7812 18481 7933857 1 1024
7813 18481 7933867 1 1024
7814 18481 7933877 1 1024
7816 18480 7933887 1 1024
7817 18480 7933897 1 1024
7817 18480 7933907 1 1024
7818 18479 7933917 1 1024
7819 18479 7933927 1 1024
7820 18479 7933937 1 1024
7820 18479 7933947 1 1024
7821 18479 7933957 1 1024
7822 18479 7933967 1 1024
7823 18479 7933977 1 1024
7823 18478 7933987 1 1024
7824 18478 7933997 1 1024
7825 18477 7934007 1 1024
7825 18476 7934017 1 1024
7826 18476 7934027 1 1024
7826 18475 7934037 1 1024
7826 18475 7934047 1 1024
7825 18474 7934057 1 1024
7825 18474 7934067 1 1024
7824 18473 7934077 1 1024
7823 18473 7934087 1 1024
7822 18473 7934097 1 1024
7822 18472 7934107 1 1024
7822 18472 7934117 1 1024
7822 18471 7934127 1 1024
7822 18471 7934137 1 1024
7823 18471 7934147 1 1024
7824 18471 7934157 1 1024
7825 18470 7934167 1 1024
7826 18470 7934177 1 1024
7827 18470 7934187 1 1024
7827 18469 7934197 1 1024
7827 18469 7934207 1 1024
7826 18468 7934217 1 1024
7825 18467 7934227 1 1024
7822 18466 7934237 1 1024
7819 18466 7934247 1 1024
7816 18465 7934257 1 1024
7813 18465 7934267 1 1024
7809 18465 7934277 1 1024
7805 18465 7934287 1 1024
7801 18465 7934297 1 1024
7798 18466 7934307 1 1024
7794 18466 7934317 1 1024
7791 18467 7934327 1 1024
7788 18468 7934337 1 1024
7786 18469 7934347 1 1024
7783 18470 7934357 1 1024
7781 18472 7934367 1 1024
7780 18473 7934377 1 1024
7778 18474 7934387 1 1024
7777 18475 7934397 1 1024
7777 18476 7934407 1 1024
7776 18477 7934417 1 1024
7776 18478 7934427 1 1024
7775 18478 7934437 1 1024
7775 18479 7934447 1 1024
7775 18480 7934457 1 1024
7776 18480 7934467 1 1024
7776 18480 7934477 1 1024
7776 18481 7934487 1 1024
7777 18481 7934497 1 1024
7778 18480 7934507 1 1024
7779 18480 7934517 1 1024
7780 18480 7934527 1 1024
7781 18479 7934537 1 1024
7782 18479 7934547 1 1024
7783 18478 7934557 1 1024
7783 18478 7934567 1 1024
7784 18478 7934577 1 1024
7784 18477 7934587 1 1024
7784 18477 7934597 1 1024
7784 18477 7934607 1 1024
7784 18477 7934617 1 1024
7783 18477 7934627 1 1024
7784 18477 7934637 1 1024
7784 18477 7934647 1 1024
7784 18477 7934657 1 1024
7785 18477 7934667 1 1024
7785 18477 7934677 1 1024
7786 18477 7934687 1 1024
7787 18478 7934697 1 1024
7787 18479 7934707 1 1024
7788 18479 7934717 1 1024
7788 18480 7934727 1 1024
7789 18481 7934737 1 1024
7789 18481 7934747 1 1024
7789 18482 7934757 1 1024
7789 18482 7934767 1 1024
7789 18483 7934777 1 1024
7789 18483 7934787 1 1024
7788 18484 7934797 1 1024
7787 18485 7934807 1 1024
7785 18485 7934817 1 1024
7783 18485 7934827 1 1024
7781 18486 7934837 1 1024
7778 18486 7934847 1 1024
7776 18486 7934857 1 1024
7774 18486 7934867 1 1024
7772 18486 7934877 1 1024
7769 18486 7934887 1 1024
7767 18485 7934897 1 1024
7765 18485 7934907 1 1024
7763 18485 7934917 1 1024
7761 18484 7934927 1 1024
7759 18484 7934937 1 1024
7757 18484 7934947 1 1024
7756 18484 7934957 1 1024
7756 18484 7934967 1 1024
7756 18483 7934977 1 1024
7756 18483 7934987 1 1024
7757 18483 7934997 1 1024
7758 18483 7935007 1 1024
7759 18482 7935017 1 1024
7760 18482 7935027 1 1024
7761 18482 7935037 1 1024
7763 18482 7935047 1 1024
7764 18481 7935057 1 1024
7766 18481 7935067 1 1024
7767 18480 7935077 1 1024
7769 18480 7935087 1 1024
7772 18480 7935097 1 1024
7774 18480 7935107 1 1024
7776 18480 7935117 1 1024
7778 18480 7935127 1 1024
7780 18481 7935137 1 1024
7782 18481 7935147 1 1024
7783 18481 7935157 1 1024
7784 18481 7935167 1 1024
7785 18481 7935177 1 1024
7786 18482 7935187 1 1024
7787 18482 7935197 1 1024
7788 18482 7935207 1 1024
7789 18483 7935217 1 1024
7789 18483 7935227 1 1024
