7849 17412 7114068 1 639
7849 17412 7114078 1 640
7849 17412 7114088 1 641
7850 17414 7114098 1 642
7850 17419 7114108 1 643
7850 17427 7114118 1 644
7848 17435 7114128 1 645
7845 17444 7114138 1 647
7841 17451 7114148 1 648
7835 17455 7114158 1 649
7828 17456 7114168 1 649
7819 17452 7114178 1 650
7809 17445 7114188 1 651
7797 17435 7114198 1 652
7774 17415 7114208 1 654
7766 17409 7114218 1 655
7760 17406 7114228 1 656
7758 17410 7114238 1 657
7759 17419 7114248 1 658
7762 17431 7114258 1 659
7768 17443 7114268 1 661
7777 17455 7114278 1 663
7787 17463 7114288 1 664
7799 17466 7114298 1 665
7811 17466 7114308 1 666
7823 17462 7114318 1 667
7835 17454 7114328 1 667
7846 17443 7114338 1 667
7863 17419 7114348 1 667
7870 17407 7114358 1 667
7876 17396 7114368 1 666
7881 17386 7114378 1 666
7885 17376 7114388 1 665
7888 17367 7114398 1 666
7891 17360 7114408 1 666
7893 17353 7114418 1 666
7894 17348 7114428 1 667
7895 17345 7114438 1 668
7896 17344 7114448 1 670
7897 17345 7114458 1 672
7898 17348 7114468 1 675
7899 17354 7114478 1 679
7900 17373 7114488 1 688
7901 17385 7114498 1 694
7900 17397 7114508 1 700
7900 17408 7114518 1 707
7898 17417 7114528 1 714
7897 17423 7114538 1 719
7896 17426 7114548 1 725
7897 17427 7114558 1 732
7899 17425 7114568 1 733
7902 17423 7114578 1 733
7908 17419 7114588 1 730
7915 17415 7114598 1 725
7923 17410 7114608 1 716
7931 17406 7114618 1 704
7944 17399 7114628 1 670
7947 17397 7114638 1 649
7949 17395 7114648 1 627
7948 17394 7114658 1 603
7944 17393 7114668 1 580
7937 17392 7114678 1 556
7929 17391 7114688 1 533
7918 17389 7114698 1 494
7908 17387 7114708 1 478
7899 17384 7114718 1 467
7893 17381 7114728 1 460
7889 17378 7114738 1 459
7888 17376 7114748 1 463
7890 17375 7114758 1 474
7899 17376 7114768 1 522
7904 17378 7114778 1 559
7908 17381 7114788 1 605
7911 17383 7114798 1 663
7911 17386 7114808 1 732
7910 17387 7114818 1 812
7908 17388 7114828 1 895
7904 17389 7114838 1 1019
7901 17389 7114848 1 1020
7898 17389 7114858 1 1021
7897 17389 7114868 1 1017
7897 17390 7114878 1 914
7898 17392 7114888 1 744
7899 17396 7114898 1 510
7901 17407 7114908 1 5
7902 17414 7114918 1 7
7902 17421 7114928 1 9
7901 17427 7114938 1 10
7899 17431 7114948 1 12
7897 17433 7114958 1 13
7895 17434 7114968 1 16
7893 17433 7114978 1 17
7892 17430 7114988 1 18
7893 17427 7114998 1 67
7896 17422 7115008 1 210
7900 17417 7115018 1 355
7905 17412 7115028 1 497
7911 17406 7115038 1 631
7923 17395 7115048 1 860
7928 17390 7115058 1 950
7932 17385 7115068 1 999
7934 17380 7115078 1 998
7936 17377 7115088 1 997
7937 17374 7115098 1 996
7938 17373 7115108 1 994
7938 17371 7115118 1 993
7938 17371 7115128 1 992
7939 17371 7115138 1 991
7939 17371 7115148 1 990
7941 17371 7115158 1 988
7943 17372 7115168 1 987
7946 17374 7115178 1 986
7952 17378 7115188 1 984
7953 17381 7115198 1 982
7953 17384 7115208 1 945
7952 17388 7115218 1 910
7949 17392 7115228 1 876
7947 17396 7115238 1 846
7943 17399 7115248 1 818
7940 17401 7115258 1 778
7935 17403 7115268 1 766
7928 17406 7115278 1 761
7919 17409 7115288 1 762
7907 17411 7115298 1 767
7892 17413 7115308 1 775
7876 17413 7115318 1 786
7842 17406 7115328 1 809
7829 17399 7115338 1 820
7819 17391 7115348 1 828
7812 17381 7115358 1 834
7810 17372 7115368 1 834
7811 17364 7115378 1 829
7816 17359 7115388 1 818
7825 17358 7115398 1 772
7839 17359 7115408 1 735
7856 17363 7115418 1 690
7875 17370 7115428 1 638
7894 17379 7115438 1 581
7913 17388 7115448 1 518
7931 17398 7115458 1 452
7957 17414 7115468 1 314
7964 17421 7115478 1 243
7968 17428 7115488 1 174
7967 17434 7115498 1 108
7965 17439 7115508 1 109
7961 17443 7115518 1 111
7958 17447 7115528 1 112
7955 17450 7115538 1 114
7954 17453 7115548 1 116
7954 17455 7115558 1 117
7956 17457 7115568 1 119
7959 17458 7115578 1 121
7962 17459 7115588 1 122
7966 17459 7115598 1 124
7970 17458 7115608 1 134
7970 17457 7115618 1 145
7968 17455 7115628 1 165
7965 17454 7115638 1 193
7960 17453 7115648 1 233
7955 17453 7115658 1 286
7949 17453 7115668 1 437
7945 17454 7115678 1 538
7943 17456 7115688 1 661
