8139 17463 3302215 1 669
8123 17448 3302225 1 671
8120 17447 3302235 1 672
8119 17450 3302245 1 673
8117 17454 3302255 1 675
8113 17456 3302265 1 676
8111 17461 3302275 1 677
8109 17467 3302285 1 678
8106 17473 3302295 1 679
8103 17480 3302305 1 679
8099 17486 3302315 1 680
8097 17489 3302325 1 680
8095 17492 3302335 1 680
8091 17497 3302345 1 680
8086 17502 3302355 1 681
8082 17507 3302365 1 681
8079 17510 3302375 1 681
8076 17513 3302385 1 682
8073 17515 3302395 1 682
8070 17515 3302405 1 682
8068 17515 3302415 1 683
8067 17513 3302425 1 683
8065 17511 3302435 1 684
8064 17510 3302445 1 683
8064 17509 3302455 1 684
8063 17506 3302465 1 685
8061 17503 3302475 1 685
8060 17500 3302485 1 686
8059 17497 3302495 1 687
8057 17495 3302505 1 687
8055 17493 3302515 1 690
8054 17493 3302525 1 692
8053 17495 3302535 1 693
8052 17497 3302545 1 695
8051 17498 3302555 1 696
8050 17500 3302565 1 696
8047 17503 3302575 1 698
8044 17507 3302585 1 699
8041 17511 3302595 1 700
8038 17515 3302605 1 701
8035 17518 3302615 1 701
8034 17521 3302625 1 701
8033 17523 3302635 1 700
8034 17524 3302645 1 699
8037 17524 3302655 1 697
8042 17522 3302665 1 695
8044 17522 3302675 1 694
8048 17520 3302685 1 692
8057 17517 3302695 1 689
8068 17513 3302705 1 687
8079 17507 3302715 1 683
8091 17502 3302725 1 682
8102 17496 3302735 1 680
8113 17490 3302745 1 678
8123 17485 3302755 1 678
8132 17479 3302765 1 679
8139 17475 3302775 1 680
8145 17471 3302785 1 683
8151 17470 3302795 1 685
8156 17469 3302805 1 687
8161 17466 3302815 1 702
8162 17467 3302825 1 712
8162 17467 3302835 1 724
8161 17468 3302845 1 737
8159 17470 3302855 1 748
8156 17471 3302865 1 756
8153 17473 3302875 1 758
8148 17473 3302885 1 755
8143 17474 3302895 1 742
8137 17474 3302905 1 733
8130 17474 3302915 1 719
8124 17473 3302925 1 683
8117 17472 3302935 1 638
8112 17470 3302945 1 584
8107 17468 3302955 1 523
8103 17465 3302965 1 458
8100 17463 3302975 1 390
8100 17461 3302985 1 321
8100 17459 3302995 1 253
8102 17457 3303005 1 188
8106 17456 3303015 1 128
8111 17456 3303025 1 91
8116 17456 3303035 1 87
8123 17457 3303045 1 86
8129 17458 3303055 1 85
8136 17459 3303065 1 84
8142 17461 3303075 1 82
8147 17463 3303085 1 81
8151 17465 3303095 1 80
8154 17467 3303105 1 79
8156 17469 3303115 1 76
8155 17469 3303125 1 75
8152 17470 3303135 1 74
8148 17469 3303145 1 72
8144 17469 3303155 1 71
8140 17468 3303165 1 101
8135 17468 3303175 1 144
8131 17467 3303185 1 192
8126 17465 3303195 1 242
8123 17464 3303205 1 294
8119 17462 3303215 1 348
8117 17461 3303225 1 403
8116 17460 3303235 1 457
8116 17459 3303245 1 512
8118 17458 3303255 1 539
8121 17458 3303265 1 565
8123 17457 3303275 1 617
8125 17455 3303285 1 665
8128 17454 3303295 1 711
8132 17454 3303305 1 752
8135 17453 3303315 1 789
8139 17453 3303325 1 822
8142 17453 3303335 1 850
8145 17454 3303345 1 873
8148 17455 3303355 1 893
8150 17456 3303365 1 909
8151 17456 3303375 1 917
8151 17457 3303385 1 922
8153 17459 3303395 1 932
8155 17461 3303405 1 939
8157 17464 3303415 1 944
8157 17466 3303425 1 942
8158 17467 3303435 1 939
8158 17469 3303445 1 933
8158 17470 3303455 1 926
8157 17471 3303465 1 917
8156 17473 3303475 1 907
8157 17474 3303485 1 902
8157 17475 3303495 1 896
8158 17476 3303505 1 884
8158 17478 3303515 1 872
8160 17479 3303525 1 860
8162 17480 3303535 1 846
8165 17482 3303545 1 834
8168 17482 3303555 1 821
8171 17483 3303565 1 810
8174 17484 3303575 1 799
8177 17484 3303585 1 788
8180 17484 3303595 1 781
8182 17484 3303605 1 777
8182 17483 3303615 1 773
8183 17483 3303625 1 768
8182 17483 3303635 1 764
8181 17483 3303645 1 761
8179 17482 3303655 1 759
8178 17482 3303665 1 758
8176 17481 3303675 1 759
8175 17481 3303685 1 760
8174 17480 3303695 1 762
8173 17479 3303705 1 765
8173 17478 3303715 1 770
8173 17477 3303725 1 772
8175 17476 3303735 1 776
8176 17474 3303745 1 780
8177 17472 3303755 1 784
8178 17470 3303765 1 788
8178 17468 3303775 1 792
8177 17466 3303785 1 796
8175 17464 3303795 1 800
8172 17462 3303805 1 802
8169 17461 3303815 1 804
8166 17461 3303825 1 807
8163 17460 3303835 1 808
8160 17460 3303845 1 809
8157 17461 3303855 1 810
8153 17462 3303865 1 811
8150 17463 3303875 1 812
8148 17465 3303885 1 812
8146 17467 3303895 1 813
8146 17469 3303905 1 814
8146 17471 3303915 1 814
8147 17473 3303925 1 814
8148 17475 3303935 1 813
8150 17476 3303945 1 814
8152 17477 3303955 1 814
8153 17478 3303965 1 814
8155 17479 3303975 1 814
8158 17479 3303985 1 815
8160 17480 3303995 1 815
8162 17480 3304005 1 815
8166 17480 3304015 1 816
8168 17480 3304025 1 817
8171 17480 3304035 1 818
8175 17480 3304045 1 819
8179 17479 3304055 1 820
8182 17479 3304065 1 820
8185 17479 3304075 1 821
8191 17479 3304085 1 822
8196 17479 3304095 1 822
8200 17478 3304105 1 823
8204 17478 3304115 1 825
8207 17478 3304125 1 826
8209 17478 3304135 1 826
8211 17478 3304145 1 827
8212 17479 3304155 1 828
8212 17479 3304165 1 829
8211 17480 3304175 1 830
8211 17480 3304185 1 829
8210 17480 3304195 1 830
8209 17480 3304205 1 831
8208 17481 3304215 1 832
8207 17481 3304225 1 832
8205 17482 3304235 1 833
8203 17482 3304245 1 834
8200 17482 3304255 1 835
8197 17482 3304265 1 835
8194 17481 3304275 1 836
8191 17481 3304285 1 837
8188 17481 3304295 1 837
8186 17481 3304305 1 837
8181 17482 3304315 1 839
8179 17481 3304325 1 839
8177 17481 3304335 1 840
8177 17481 3304345 1 841
8177 17480 3304355 1 841
8178 17479 3304365 1 842
8179 17478 3304375 1 843
8181 17476 3304385 1 843
8183 17474 3304395 1 844
8185 17473 3304405 1 845
8187 17471 3304415 1 846
8188 17470 3304425 1 845
8190 17468 3304435 1 846
8191 17466 3304445 1 848
8192 17464 3304455 1 848
8191 17462 3304465 1 849
8190 17461 3304475 1 849
8188 17460 3304485 1 850
8185 17459 3304495 1 851
8182 17458 3304505 1 851
8180 17458 3304515 1 852
8178 17458 3304525 1 853
8177 17458 3304535 1 853
8177 17458 3304545 1 853
8178 17459 3304555 1 854
8181 17459 3304565 1 854
8185 17460 3304575 1 855
8191 17461 3304585 1 856
8197 17463 3304595 1 856
8203 17464 3304605 1 858
8214 17468 3304615 1 859
8218 17470 3304625 1 859
8221 17471 3304635 1 860
8221 17472 3304645 1 860
8221 17472 3304655 1 860
8219 17473 3304665 1 861
8217 17474 3304675 1 862
8214 17475 3304685 1 862
8212 17476 3304695 1 863
8209 17476 3304705 1 863
8208 17477 3304715 1 864
8207 17477 3304725 1 864
8207 17477 3304735 1 865
8208 17478 3304745 1 866
8209 17478 3304755 1 866
8211 17479 3304765 1 867
8213 17480 3304775 1 867
8215 17482 3304785 1 868
8216 17483 3304795 1 868
8217 17485 3304805 1 869
8217 17487 3304815 1 869
8217 17488 3304825 1 870
8216 17490 3304835 1 870
8215 17491 3304845 1 871
8213 17492 3304855 1 871
8212 17493 3304865 1 872
8210 17493 3304875 1 872
8209 17493 3304885 1 873
8208 17492 3304895 1 874
8208 17491 3304905 1 874
8206 17486 3304915 1 876
8206 17484 3304925 1 876
8205 17481 3304935 1 877
8204 17478 3304945 1 877
8203 17475 3304955 1 878
8201 17473 3304965 1 878
8199 17471 3304975 1 879
8198 17469 3304985 1 879
8198 17468 3304995 1 880
8198 17467 3305005 1 880
8199 17467 3305015 1 881
8201 17467 3305025 1 881
8204 17467 3305035 1 882
8208 17468 3305045 1 883
8212 17468 3305055 1 883
8217 17469 3305065 1 884
8221 17470 3305075 1 884
8226 17471 3305085 1 884
8230 17472 3305095 1 885
8233 17472 3305105 1 885
8236 17473 3305115 1 886
8237 17473 3305125 1 887
8238 17473 3305135 1 887
8238 17473 3305145 1 888
8236 17473 3305155 1 888
8234 17474 3305165 1 889
8231 17474 3305175 1 889
8227 17474 3305185 1 889
8223 17475 3305195 1 890
8219 17475 3305205 1 891
