7864 17904 5034126 1 806
7841 17885 5034136 1 803
7827 17872 5034146 1 803
7821 17867 5034156 1 804
7818 17864 5034166 1 804
7807 17854 5034176 1 803
7807 17853 5034186 1 804
7807 17853 5034196 1 804
7807 17853 5034206 1 805
7807 17852 5034216 1 805
7807 17852 5034226 1 805
7806 17852 5034236 1 806
7806 17852 5034246 1 806
7806 17851 5034256 1 806
7806 17851 5034266 1 806
7806 17851 5034276 1 806
7806 17851 5034286 1 806
7805 17850 5034296 1 807
7805 17850 5034306 1 807
7805 17849 5034316 1 808
7804 17849 5034326 1 807
7804 17849 5034336 1 807
7803 17848 5034346 1 808
7803 17848 5034356 1 809
7803 17848 5034366 1 809
7802 17848 5034376 1 809
7802 17848 5034386 1 809
7801 17848 5034396 1 809
7800 17847 5034406 1 810
7800 17847 5034416 1 810
7799 17847 5034426 1 810
7798 17847 5034436 1 810
7797 17846 5034446 1 811
7796 17846 5034456 1 811
7795 17845 5034466 1 812
7794 17845 5034476 1 812
7794 17845 5034486 1 812
7794 17845 5034496 1 812
7793 17844 5034506 1 812
7792 17844 5034516 1 813
7792 17844 5034526 1 813
7791 17843 5034536 1 813
7791 17843 5034546 1 813
7790 17842 5034556 1 814
7789 17841 5034566 1 815
7789 17841 5034576 1 815
7788 17840 5034586 1 815
7788 17840 5034596 1 815
7788 17840 5034606 1 816
7788 17839 5034616 1 816
7787 17839 5034626 1 816
7787 17838 5034636 1 816
7787 17838 5034646 1 816
7786 17837 5034656 1 817
7786 17837 5034666 1 817
7786 17836 5034676 1 818
7786 17836 5034686 1 818
7786 17835 5034696 1 818
7786 17835 5034706 1 819
7785 17835 5034716 1 819
7785 17835 5034726 1 819
7785 17835 5034736 1 820
7785 17835 5034746 1 820
7785 17834 5034756 1 820
7784 17834 5034766 1 820
7784 17834 5034776 1 821
7784 17834 5034786 1 822
7784 17834 5034796 1 822
7784 17834 5034806 1 822
7784 17834 5034816 1 822
7783 17834 5034826 1 823
7783 17834 5034836 1 823
7783 17834 5034846 1 823
7783 17834 5034856 1 823
7784 17835 5034866 1 823
7784 17835 5034876 1 824
7784 17835 5034886 1 824
7786 17835 5034896 1 825
7787 17836 5034906 1 825
7788 17836 5034916 1 826
7789 17836 5034926 1 826
7790 17837 5034936 1 827
7791 17837 5034946 1 827
7793 17837 5034956 1 827
7794 17837 5034966 1 827
7795 17838 5034976 1 827
7796 17838 5034986 1 828
7798 17838 5034996 1 828
7802 17839 5035006 1 829
7803 17839 5035016 1 829
7805 17840 5035026 1 829
7807 17840 5035036 1 830
7809 17841 5035046 1 831
7810 17841 5035056 1 831
7812 17842 5035066 1 831
7813 17842 5035076 1 831
7814 17842 5035086 1 832
7814 17843 5035096 1 832
7815 17843 5035106 1 832
7815 17844 5035116 1 833
7815 17845 5035126 1 834
7815 17846 5035136 1 834
7815 17846 5035146 1 834
7814 17847 5035156 1 835
7813 17847 5035166 1 835
7812 17848 5035176 1 836
7811 17849 5035186 1 836
7810 17850 5035196 1 836
7810 17850 5035206 1 837
7809 17851 5035216 1 837
7807 17852 5035226 1 838
7806 17853 5035236 1 838
7805 17854 5035246 1 838
7803 17855 5035256 1 839
7802 17856 5035266 1 839
7800 17856 5035276 1 840
7799 17857 5035286 1 840
7797 17858 5035296 1 840
7796 17859 5035306 1 840
7795 17859 5035316 1 841
7793 17860 5035326 1 842
7792 17861 5035336 1 842
7791 17862 5035346 1 843
7790 17862 5035356 1 843
7789 17863 5035366 1 843
7788 17864 5035376 1 844
7787 17864 5035386 1 844
7786 17865 5035396 1 845
7786 17866 5035406 1 845
7786 17866 5035416 1 845
7786 17867 5035426 1 846
7786 17868 5035436 1 847
7786 17869 5035446 1 847
7787 17869 5035456 1 847
7788 17870 5035466 1 848
7789 17871 5035476 1 848
7790 17872 5035486 1 848
7791 17873 5035496 1 849
7793 17874 5035506 1 850
7795 17875 5035516 1 850
7797 17876 5035526 1 851
7800 17877 5035536 1 851
7805 17879 5035546 1 852
7808 17879 5035556 1 852
7810 17880 5035566 1 852
7811 17880 5035576 1 853
7815 17881 5035586 1 854
7818 17882 5035596 1 854
7821 17882 5035606 1 854
7825 17883 5035616 1 854
7829 17884 5035626 1 855
7832 17884 5035636 1 856
7836 17885 5035646 1 856
7843 17886 5035656 1 857
7847 17887 5035666 1 857
7850 17887 5035676 1 858
7852 17887 5035686 1 859
7854 17887 5035696 1 859
7857 17888 5035706 1 859
7861 17888 5035716 1 860
7864 17888 5035726 1 860
7868 17888 5035736 1 860
7871 17888 5035746 1 861
7874 17888 5035756 1 861
7880 17888 5035766 1 863
7883 17888 5035776 1 863
7886 17888 5035786 1 863
7888 17888 5035796 1 864
7889 17887 5035806 1 864
7890 17887 5035816 1 864
7892 17887 5035826 1 865
7894 17887 5035836 1 866
7895 17886 5035846 1 866
7896 17886 5035856 1 866
7896 17886 5035866 1 867
7896 17885 5035876 1 868
7896 17885 5035886 1 869
7896 17885 5035896 1 869
7895 17884 5035906 1 870
7894 17884 5035916 1 870
7894 17884 5035926 1 871
7893 17883 5035936 1 871
7892 17883 5035946 1 871
7891 17883 5035956 1 872
7890 17882 5035966 1 873
7888 17882 5035976 1 873
7886 17881 5035986 1 874
7884 17880 5035996 1 874
7883 17880 5036006 1 875
7882 17880 5036016 1 876
7881 17879 5036026 1 876
7881 17879 5036036 1 877
7880 17878 5036046 1 877
7880 17878 5036056 1 877
7879 17878 5036066 1 877
7879 17877 5036076 1 878
7878 17877 5036086 1 879
7876 17876 5036096 1 880
7876 17875 5036106 1 881
7875 17875 5036116 1 881
7875 17874 5036126 1 881
7875 17874 5036136 1 882
7875 17873 5036146 1 883
7875 17872 5036156 1 884
7875 17872 5036166 1 884
7875 17871 5036176 1 884
7875 17870 5036186 1 885
7875 17870 5036196 1 885
7875 17868 5036206 1 886
7875 17867 5036216 1 887
7875 17866 5036226 1 888
7875 17865 5036236 1 888
7876 17864 5036246 1 889
7876 17863 5036256 1 889
7876 17862 5036266 1 890
7877 17861 5036276 1 890
7877 17861 5036286 1 890
7877 17860 5036296 1 891
7877 17859 5036306 1 892
7878 17858 5036316 1 893
7878 17857 5036326 1 894
7879 17856 5036336 1 894
7879 17855 5036346 1 894
7879 17854 5036356 1 895
7879 17853 5036366 1 896
7879 17852 5036376 1 897
7878 17851 5036386 1 897
7878 17850 5036396 1 898
7878 17850 5036406 1 898
7878 17849 5036416 1 898
7877 17847 5036426 1 899
7877 17847 5036436 1 900
7876 17846 5036446 1 901
7876 17845 5036456 1 902
7875 17844 5036466 1 902
7874 17843 5036476 1 903
7874 17842 5036486 1 903
7873 17842 5036496 1 904
7872 17841 5036506 1 904
7871 17840 5036516 1 905
7871 17840 5036526 1 906
7870 17839 5036536 1 907
7868 17838 5036546 1 908
7867 17837 5036556 1 908
7866 17837 5036566 1 909
7864 17836 5036576 1 909
7863 17836 5036586 1 910
7861 17835 5036596 1 910
7860 17834 5036606 1 911
7859 17834 5036616 1 912
7858 17833 5036626 1 913
7857 17832 5036636 1 914
7857 17831 5036646 1 914
7857 17831 5036656 1 914
7857 17831 5036666 1 915
7857 17830 5036676 1 916
7857 17829 5036686 1 916
7858 17829 5036696 1 917
7858 17828 5036706 1 918
7858 17828 5036716 1 919
7858 17827 5036726 1 920
7858 17827 5036736 1 920
7859 17826 5036746 1 921
7859 17825 5036756 1 922
7860 17825 5036766 1 923
7860 17825 5036776 1 923
7860 17825 5036786 1 923
7861 17824 5036796 1 924
7862 17824 5036806 1 925
7862 17823 5036816 1 926
7863 17823 5036826 1 927
7864 17823 5036836 1 927
7865 17822 5036846 1 927
7867 17822 5036856 1 929
7868 17821 5036866 1 930
7869 17821 5036876 1 931
7870 17821 5036886 1 931
7870 17821 5036896 1 931
7872 17821 5036906 1 932
7873 17821 5036916 1 933
7874 17821 5036926 1 934
7875 17821 5036936 1 934
7877 17821 5036946 1 934
7878 17821 5036956 1 935
7881 17821 5036966 1 937
7882 17821 5036976 1 938
7883 17820 5036986 1 939
7885 17821 5036996 1 939
7885 17821 5037006 1 939
7886 17821 5037016 1 940
7887 17820 5037026 1 941
7889 17820 5037036 1 942
7890 17821 5037046 1 942
7891 17821 5037056 1 943
7892 17821 5037066 1 944
7895 17821 5037076 1 945
7896 17821 5037086 1 946
7897 17821 5037096 1 947
7898 17821 5037106 1 948
7899 17821 5037116 1 949
7900 17821 5037126 1 949
7900 17821 5037136 1 949
7901 17822 5037146 1 950
7902 17822 5037156 1 951
7903 17822 5037166 1 951
7904 17822 5037176 1 952
7906 17822 5037186 1 954
7907 17823 5037196 1 954
7908 17823 5037206 1 955
7908 17823 5037216 1 956
7909 17823 5037226 1 957
7910 17823 5037236 1 958
7910 17823 5037246 1 958
7911 17823 5037256 1 959
7911 17823 5037266 1 960
7912 17823 5037276 1 960
7913 17823 5037286 1 960
7914 17824 5037296 1 962
7914 17824 5037306 1 963
7915 17824 5037316 1 964
7915 17824 5037326 1 965
7916 17824 5037336 1 966
7916 17824 5037346 1 967
7917 17824 5037356 1 968
7917 17825 5037366 1 968
7917 17825 5037376 1 968
7918 17825 5037386 1 969
7918 17825 5037396 1 970
7919 17826 5037406 1 972
7919 17826 5037416 1 972
7919 17827 5037426 1 973
7920 17827 5037436 1 974
7920 17828 5037446 1 975
7920 17828 5037456 1 975
7920 17829 5037466 1 976
7920 17829 5037476 1 977
7920 17829 5037486 1 978
7920 17830 5037496 1 978
7920 17830 5037506 1 979
7920 17831 5037516 1 981
7920 17831 5037526 1 982
7919 17832 5037536 1 983
7919 17832 5037546 1 984
7919 17832 5037556 1 985
7918 17832 5037566 1 986
7917 17833 5037576 1 986
7917 17833 5037586 1 986
7916 17833 5037596 1 987
7915 17833 5037606 1 988
7915 17833 5037616 1 988
7913 17833 5037626 1 990
7912 17833 5037636 1 991
7911 17833 5037646 1 992
7910 17833 5037656 1 993
7909 17833 5037666 1 994
7908 17833 5037676 1 995
7907 17833 5037686 1 996
7906 17833 5037696 1 997
7905 17834 5037706 1 998
7905 17834 5037716 1 998
7904 17834 5037726 1 999
7904 17834 5037736 1 1000
7903 17834 5037746 1 1001
7903 17835 5037756 1 1002
7902 17835 5037766 1 1003
7902 17835 5037776 1 1004
7902 17836 5037786 1 1005
7902 17836 5037796 1 1006
7903 17836 5037806 1 1006
7903 17836 5037816 1 1007
7904 17837 5037826 1 1008
7905 17837 5037836 1 1008
7905 17837 5037846 1 1008
7905 17837 5037856 1 1009
7906 17837 5037866 1 1009
7906 17837 5037876 1 1009
7907 17837 5037886 1 1009
7908 17837 5037896 1 1009
7909 17837 5037906 1 1009
7909 17837 5037916 1 1009
7910 17837 5037926 1 1010
7910 17837 5037936 1 1010
7911 17837 5037946 1 1010
7911 17837 5037956 1 1010
7911 17837 5037966 1 1010
7911 17837 5037976 1 1010
7911 17836 5037986 1 1010
7910 17837 5037996 1 1010
7910 17837 5038006 1 1010
7909 17837 5038016 1 1010
7909 17837 5038026 1 1010
7908 17837 5038036 1 1010
7907 17838 5038046 1 1010
7907 17838 5038056 1 1010
7906 17838 5038066 1 1010
7906 17838 5038076 1 1011
7905 17838 5038086 1 1011
7905 17839 5038096 1 1011
7905 17839 5038106 1 1011
7905 17839 5038116 1 1011
7905 17839 5038126 1 1011
7905 17839 5038136 1 1011
7906 17839 5038146 1 1011
7906 17839 5038156 1 1011
7906 17839 5038166 1 1011
7907 17839 5038176 1 1012
7907 17839 5038186 1 1012
7908 17839 5038196 1 1012
7908 17839 5038206 1 1012
7908 17839 5038216 1 1012
7908 17839 5038226 1 1012
7908 17839 5038236 1 1013
7907 17838 5038246 1 1013
7907 17838 5038256 1 1013
7906 17838 5038266 1 1013
7904 17837 5038276 1 1013
7904 17837 5038286 1 1013
7903 17837 5038296 1 1013
7902 17837 5038306 1 1013
7901 17837 5038316 1 1013
7900 17836 5038326 1 1013
7900 17836 5038336 1 1013
7899 17836 5038346 1 1013
7898 17836 5038356 1 1013
7897 17836 5038366 1 1013
7897 17836 5038376 1 1013
7896 17836 5038386 1 1014
7895 17836 5038396 1 1014
7895 17836 5038406 1 1014
7895 17835 5038416 1 1014
7896 17835 5038426 1 1014
7896 17835 5038436 1 1014
7896 17835 5038446 1 1014
7896 17835 5038456 1 1014
7896 17834 5038466 1 1014
7897 17834 5038476 1 1014
7897 17834 5038486 1 1015
7898 17833 5038496 1 1015
7898 17832 5038506 1 1015
7899 17832 5038516 1 1015
7900 17832 5038526 1 1015
7900 17831 5038536 1 1015
7901 17831 5038546 1 1016
7901 17831 5038556 1 1016
7902 17831 5038566 1 1016
7902 17831 5038576 1 1016
7903 17830 5038586 1 1016
7904 17830 5038596 1 1016
7906 17829 5038606 1 1016
7907 17829 5038616 1 1016
7908 17829 5038626 1 1016
7909 17828 5038636 1 1016
7910 17828 5038646 1 1016
7911 17828 5038656 1 1016
7912 17828 5038666 1 1016
7913 17828 5038676 1 1016
7913 17828 5038686 1 1016
7914 17828 5038696 1 1016
7915 17828 5038706 1 1017
7916 17827 5038716 1 1017
7917 17827 5038726 1 1017
7918 17827 5038736 1 1017
7918 17826 5038746 1 1017
7919 17826 5038756 1 1017
7920 17826 5038766 1 1017
7920 17825 5038776 1 1018
7921 17825 5038786 1 1018
7922 17824 5038796 1 1018
7922 17824 5038806 1 1018
7922 17824 5038816 1 1018
7923 17823 5038826 1 1018
7924 17822 5038836 1 1018
7924 17822 5038846 1 1018
7924 17821 5038856 1 1019
7924 17821 5038866 1 1019
7925 17820 5038876 1 1019
7925 17820 5038886 1 1019
7925 17819 5038896 1 1019
7926 17819 5038906 1 1019
7926 17819 5038916 1 1019
7925 17818 5038926 1 1019
7925 17818 5038936 1 1019
7925 17817 5038946 1 1019
7925 17817 5038956 1 1019
7925 17816 5038966 1 1019
7925 17816 5038976 1 1019
7924 17815 5038986 1 1019
7924 17815 5038996 1 1019
7924 17815 5039006 1 1020
7923 17814 5039016 1 1020
7923 17813 5039026 1 1020
7922 17813 5039036 1 1020
7921 17812 5039046 1 1020
7921 17812 5039056 1 1021
7920 17812 5039066 1 1021
7920 17811 5039076 1 1021
7919 17811 5039086 1 1021
7918 17810 5039096 1 1021
7917 17810 5039106 1 1021
7917 17809 5039116 1 1021
7916 17809 5039126 1 1021
7916 17808 5039136 1 1021
7915 17808 5039146 1 1021
7915 17808 5039156 1 1022
7914 17808 5039166 1 1022
7914 17808 5039176 1 1022
7914 17807 5039186 1 1022
7914 17807 5039196 1 1022
7914 17807 5039206 1 1022
7914 17807 5039216 1 1022
7914 17807 5039226 1 1022
7914 17807 5039236 1 1022
7913 17807 5039246 1 1022
7914 17807 5039256 1 1022
7914 17807 5039266 1 1022
7914 17807 5039276 1 1022
7914 17807 5039286 1 1022
7914 17807 5039296 1 1022
7915 17807 5039306 1 1022
7915 17807 5039316 1 1024
7916 17807 5039326 1 1022
7917 17807 5039336 1 1022
7917 17807 5039346 1 1022
7918 17807 5039356 1 1022
7919 17807 5039366 1 1022
7920 17807 5039376 1 1022
7920 17807 5039386 1 1022
7921 17807 5039396 1 1022
7921 17807 5039406 1 1022
7922 17807 5039416 1 1022
7922 17807 5039426 1 1022
7923 17807 5039436 1 1022
7923 17807 5039446 1 1022
7923 17807 5039456 1 1022
7924 17808 5039466 1 1022
7924 17808 5039476 1 1021
7925 17808 5039486 1 1021
7925 17809 5039496 1 1021
7925 17809 5039506 1 1021
7925 17809 5039516 1 1021
7925 17809 5039526 1 1021
7925 17809 5039536 1 1021
7925 17810 5039546 1 1021
7925 17810 5039556 1 1021
7925 17810 5039566 1 1021
7925 17810 5039576 1 1021
7926 17811 5039586 1 1020
7927 17811 5039596 1 1020
7928 17812 5039606 1 1020
7928 17812 5039616 1 1020
7929 17812 5039626 1 1019
7930 17813 5039636 1 1019
7931 17813 5039646 1 1019
7931 17813 5039656 1 1019
7932 17813 5039666 1 1019
7933 17813 5039676 1 1019
7934 17814 5039686 1 1019
7934 17815 5039696 1 1019
7935 17815 5039706 1 1019
7936 17816 5039716 1 1019
7936 17816 5039726 1 1019
7936 17817 5039736 1 1019
7937 17817 5039746 1 1019
7937 17818 5039756 1 1019
7937 17818 5039766 1 1019
7937 17818 5039776 1 1019
7937 17819 5039786 1 1018
7937 17819 5039796 1 1018
7937 17820 5039806 1 1018
7937 17820 5039816 1 1018
7937 17821 5039826 1 1018
7937 17821 5039836 1 1018
7936 17821 5039846 1 1018
7936 17822 5039856 1 1017
7935 17822 5039866 1 1017
7935 17822 5039876 1 1017
7935 17822 5039886 1 1017
7934 17822 5039896 1 1017
7934 17823 5039906 1 1017
7934 17824 5039916 1 1017
7933 17824 5039926 1 1017
7933 17825 5039936 1 1016
7933 17825 5039946 1 1016
7932 17826 5039956 1 1016
7932 17826 5039966 1 1016
7932 17827 5039976 1 1016
7932 17828 5039986 1 1016
7933 17828 5039996 1 1016
7933 17828 5040006 1 1016
7933 17829 5040016 1 1016
7934 17830 5040026 1 1016
7934 17831 5040036 1 1016
7935 17831 5040046 1 1016
7936 17832 5040056 1 1016
7936 17832 5040066 1 1016
7937 17833 5040076 1 1016
7938 17833 5040086 1 1015
7938 17834 5040096 1 1015
7939 17835 5040106 1 1015
7940 17835 5040116 1 1015
7940 17836 5040126 1 1015
7941 17836 5040136 1 1015
7942 17837 5040146 1 1015
7942 17837 5040156 1 1014
7943 17837 5040166 1 1014
7944 17838 5040176 1 1014
7945 17838 5040186 1 1014
7945 17838 5040196 1 1014
7946 17839 5040206 1 1014
7947 17839 5040216 1 1014
7948 17839 5040226 1 1014
7949 17840 5040236 1 1013
7950 17840 5040246 1 1013
7950 17840 5040256 1 1013
7951 17840 5040266 1 1013
7952 17840 5040276 1 1013
7953 17841 5040286 1 1013
7953 17841 5040296 1 1013
7954 17841 5040306 1 1013
7954 17841 5040316 1 1013
7954 17841 5040326 1 1013
7954 17841 5040336 1 1013
7954 17842 5040346 1 1013
7954 17841 5040356 1 1013
7954 17841 5040366 1 1013
7953 17841 5040376 1 1013
7953 17842 5040386 1 1013
7953 17842 5040396 1 1013
7953 17842 5040406 1 1012
7952 17842 5040416 1 1012
7952 17842 5040426 1 1012
7952 17842 5040436 1 1012
7951 17843 5040446 1 1012
7951 17843 5040456 1 1011
7951 17843 5040466 1 1011
7950 17843 5040476 1 1011
7950 17843 5040486 1 1011
7950 17843 5040496 1 1011
7950 17844 5040506 1 1011
7951 17844 5040516 1 1011
7951 17844 5040526 1 1011
7951 17844 5040536 1 1011
7952 17845 5040546 1 1011
7952 17845 5040556 1 1010
7953 17845 5040566 1 1010
7953 17845 5040576 1 1010
7953 17846 5040586 1 1010
7954 17846 5040596 1 1010
7954 17846 5040606 1 1010
7954 17846 5040616 1 1010
7954 17846 5040626 1 1010
7954 17846 5040636 1 1010
7954 17846 5040646 1 1010
7955 17846 5040656 1 1010
7955 17845 5040666 1 1010
7955 17845 5040676 1 1010
7955 17845 5040686 1 1010
7955 17845 5040696 1 1010
7955 17845 5040706 1 1009
7955 17845 5040716 1 1009
7955 17845 5040726 1 1009
7955 17845 5040736 1 1009
7955 17845 5040746 1 1009
7955 17845 5040756 1 1009
7955 17844 5040766 1 1009
7955 17844 5040776 1 1009
7955 17844 5040786 1 1008
7955 17844 5040796 1 1008
7955 17844 5040806 1 1008
7955 17844 5040816 1 1008
7955 17843 5040826 1 1008
7955 17843 5040836 1 1008
7955 17843 5040846 1 1008
7955 17843 5040856 1 1008
7955 17843 5040866 1 1007
7955 17843 5040876 1 1007
7955 17843 5040886 1 1007
7955 17843 5040896 1 1007
7955 17843 5040906 1 1007
7955 17843 5040916 1 1007
7955 17843 5040926 1 1007
7955 17843 5040936 1 1007
7954 17843 5040946 1 1007
7954 17843 5040956 1 1007
7954 17842 5040966 1 1007
7953 17843 5040976 1 1007
7953 17842 5040986 1 1007
7952 17843 5040996 1 1007
7951 17842 5041006 1 1007
7950 17842 5041016 1 1006
7949 17842 5041026 1 1006
7948 17842 5041036 1 1006
7947 17842 5041046 1 1006
7947 17842 5041056 1 1006
7946 17842 5041066 1 1006
7946 17842 5041076 1 1006
7946 17842 5041086 1 1006
7946 17842 5041096 1 1006
7946 17842 5041106 1 1006
7946 17842 5041116 1 1006
7946 17842 5041126 1 1005
7946 17842 5041136 1 1005
7947 17842 5041146 1 1005
7947 17842 5041156 1 1005
7948 17842 5041166 1 1005
7948 17842 5041176 1 1004
7949 17842 5041186 1 1004
7950 17842 5041196 1 1004
7950 17842 5041206 1 1004
7950 17841 5041216 1 1004
7952 17841 5041226 1 1004
7953 17841 5041236 1 1004
7954 17841 5041246 1 1004
7956 17841 5041256 1 1004
7957 17841 5041266 1 1004
7958 17840 5041276 1 1004
7959 17840 5041286 1 1004
7961 17840 5041296 1 1004
7962 17840 5041306 1 1004
7963 17840 5041316 1 1004
7960 17839 5041326 1 1003
7953 17839 5041336 1 1003
7943 17839 5041346 1 1003
7932 17839 5041356 1 1003
7921 17839 5041366 1 1003
7910 17839 5041376 1 1003
7898 17839 5041386 1 1003
7887 17839 5041396 1 1003
7875 17839 5041406 1 1003
7864 17838 5041416 1 1003
7852 17838 5041426 1 1003
7829 17838 5041436 1 1003
7820 17838 5041446 1 1003
7817 17838 5041456 1 1003
7805 17838 5041466 1 1003
7793 17839 5041476 1 1003
7792 17839 5041486 1 1002
7792 17839 5041496 1 1002
7792 17839 5041506 1 1002
7792 17839 5041516 1 1001
7792 17839 5041526 1 1001
7792 17840 5041536 1 1001
7793 17840 5041546 1 1001
7793 17840 5041556 1 1001
7793 17840 5041566 1 1001
7793 17840 5041576 1 1001
7794 17841 5041586 1 1001
7794 17841 5041596 1 1001
7795 17841 5041606 1 1001
7795 17841 5041616 1 1001
7795 17842 5041626 1 1001
7796 17842 5041636 1 1000
7797 17842 5041646 1 1000
7798 17841 5041656 1 1000
7799 17842 5041666 1 1000
7800 17842 5041676 1 1000
7800 17842 5041686 1 1000
7801 17842 5041696 1 1000
7802 17842 5041706 1 1000
7803 17842 5041716 1 1000
7804 17841 5041726 1 1000
7805 17841 5041736 1 1000
7806 17841 5041746 1 1000
7808 17841 5041756 1 1000
7810 17841 5041766 1 1000
7811 17840 5041776 1 1000
7812 17840 5041786 1 999
7813 17839 5041796 1 999
7814 17839 5041806 1 999
7814 17839 5041816 1 999
7815 17838 5041826 1 999
7816 17838 5041836 1 999
7817 17837 5041846 1 999
7817 17837 5041856 1 999
7817 17836 5041866 1 999
7819 17836 5041876 1 999
7819 17836 5041886 1 999
7819 17835 5041896 1 999
7820 17835 5041906 1 998
7820 17835 5041916 1 998
7820 17835 5041926 1 998
7820 17835 5041936 1 998
7821 17834 5041946 1 998
7821 17834 5041956 1 997
7821 17834 5041966 1 997
7821 17834 5041976 1 997
7822 17834 5041986 1 997
7822 17834 5041996 1 997
7823 17834 5042006 1 997
7823 17834 5042016 1 997
7823 17834 5042026 1 997
7824 17834 5042036 1 997
7824 17834 5042046 1 997
7824 17834 5042056 1 997
7824 17834 5042066 1 997
7824 17834 5042076 1 997
7824 17834 5042086 1 997
7824 17834 5042096 1 996
7823 17834 5042106 1 996
7823 17834 5042116 1 996
7823 17834 5042126 1 996
7823 17835 5042136 1 996
7822 17835 5042146 1 996
7822 17835 5042156 1 996
7822 17835 5042166 1 996
7822 17835 5042176 1 996
7821 17835 5042186 1 996
7821 17835 5042196 1 996
7820 17835 5042206 1 996
7820 17835 5042216 1 996
7820 17835 5042226 1 996
7820 17835 5042236 1 996
7820 17835 5042246 1 996
7820 17834 5042256 1 995
7820 17834 5042266 1 995
7820 17834 5042276 1 995
7820 17834 5042286 1 995
7820 17834 5042296 1 995
7821 17833 5042306 1 995
7821 17833 5042316 1 995
7821 17833 5042326 1 995
7822 17832 5042336 1 995
7822 17832 5042346 1 995
7822 17832 5042356 1 995
7823 17832 5042366 1 995
7823 17832 5042376 1 994
7824 17832 5042386 1 994
7825 17832 5042396 1 994
7825 17832 5042406 1 994
7825 17832 5042416 1 994
7827 17832 5042426 1 994
7827 17832 5042436 1 993
7828 17831 5042446 1 993
7829 17831 5042456 1 993
7829 17831 5042466 1 993
7829 17831 5042476 1 993
7830 17831 5042486 1 993
7830 17831 5042496 1 993
7830 17832 5042506 1 993
7830 17832 5042516 1 993
7830 17832 5042526 1 993
7831 17832 5042536 1 993
7831 17832 5042546 1 993
7831 17832 5042556 1 993
7832 17832 5042566 1 992
7832 17832 5042576 1 992
7832 17832 5042586 1 992
7833 17832 5042596 1 992
7834 17832 5042606 1 992
7834 17833 5042616 1 992
7835 17833 5042626 1 992
7835 17833 5042636 1 992
7835 17833 5042646 1 949
7835 17833 5042656 1 992
7836 17833 5042666 1 992
7836 17833 5042676 1 342
7836 17833 5042686 1 342
7835 17833 5042696 1 344
7835 17832 5042706 1 345
7835 17832 5042716 1 345
7835 17832 5042726 1 346
7835 17832 5042736 1 348
7835 17832 5042746 1 349
7835 17832 5042756 1 350
7835 17832 5042766 1 350
7835 17832 5042776 1 350
7835 17832 5042786 1 352
7835 17832 5042796 1 353
7835 17832 5042806 1 360
7835 17832 5042816 1 374
7835 17833 5042826 1 395
7836 17833 5042836 1 421
7836 17833 5042846 1 453
7837 17833 5042856 1 526
7837 17833 5042866 1 567
7838 17833 5042876 1 610
7838 17833 5042886 1 632
7838 17833 5042896 1 654
7839 17833 5042906 1 698
7839 17833 5042916 1 741
7840 17834 5042926 1 783
7841 17834 5042936 1 824
7841 17834 5042946 1 861
7842 17834 5042956 1 896
7844 17835 5042966 1 951
7845 17835 5042976 1 970
7846 17835 5042986 1 983
7847 17835 5042996 1 989
7848 17836 5043006 1 990
7848 17836 5043016 1 989
7849 17836 5043026 1 989
7850 17836 5043036 1 988
7851 17836 5043046 1 988
7851 17836 5043056 1 988
7852 17835 5043066 1 988
7854 17835 5043076 1 988
7854 17835 5043086 1 988
7855 17835 5043096 1 988
7856 17834 5043106 1 988
7856 17834 5043116 1 988
7857 17834 5043126 1 988
7857 17834 5043136 1 988
7858 17834 5043146 1 988
7859 17833 5043156 1 988
7861 17833 5043166 1 988
7862 17833 5043176 1 988
7865 17833 5043186 1 987
7866 17833 5043196 1 987
7868 17833 5043206 1 987
7870 17833 5043216 1 987
7872 17833 5043226 1 987
7873 17833 5043236 1 987
7874 17833 5043246 1 987
7875 17833 5043256 1 987
7876 17833 5043266 1 987
7878 17833 5043276 1 987
7879 17833 5043286 1 987
7881 17833 5043296 1 987
7882 17833 5043306 1 987
7883 17833 5043316 1 987
7884 17833 5043326 1 987
7884 17834 5043336 1 986
7885 17834 5043346 1 986
7885 17834 5043356 1 986
7885 17834 5043366 1 986
7885 17834 5043376 1 986
7885 17834 5043386 1 986
7885 17834 5043396 1 986
7885 17834 5043406 1 986
7885 17834 5043416 1 986
7885 17834 5043426 1 986
7885 17834 5043436 1 986
7885 17834 5043446 1 986
7885 17834 5043456 1 986
7885 17833 5043466 1 986
7886 17833 5043476 1 986
7886 17834 5043486 1 985
7886 17834 5043496 1 985
7886 17833 5043506 1 985
7887 17833 5043516 1 985
7887 17833 5043526 1 985
7888 17833 5043536 1 985
7889 17832 5043546 1 985
7890 17832 5043556 1 985
7891 17831 5043566 1 985
7892 17831 5043576 1 985
7892 17831 5043586 1 985
7893 17830 5043596 1 985
7894 17830 5043606 1 985
7894 17830 5043616 1 984
7895 17829 5043626 1 984
7895 17829 5043636 1 984
7896 17828 5043646 1 984
7896 17828 5043656 1 984
7897 17828 5043666 1 984
7897 17827 5043676 1 984
7897 17827 5043686 1 984
7897 17827 5043696 1 983
7896 17827 5043706 1 983
7896 17827 5043716 1 983
7896 17827 5043726 1 983
7895 17827 5043736 1 983
7895 17827 5043746 1 983
7894 17827 5043756 1 983
7893 17827 5043766 1 983
7893 17826 5043776 1 983
7892 17826 5043786 1 983
7892 17826 5043796 1 982
7891 17825 5043806 1 982
7890 17825 5043816 1 982
7890 17824 5043826 1 982
7890 17824 5043836 1 982
7890 17824 5043846 1 982
7890 17823 5043856 1 982
7890 17823 5043866 1 982
7891 17823 5043876 1 982
7891 17822 5043886 1 982
7892 17822 5043896 1 982
7892 17822 5043906 1 982
7893 17821 5043916 1 982
7893 17820 5043926 1 981
7894 17820 5043936 1 981
7894 17819 5043946 1 981
7894 17819 5043956 1 981
7895 17819 5043966 1 981
7895 17818 5043976 1 981
7895 17818 5043986 1 981
7896 17818 5043996 1 981
7896 17817 5044006 1 981
7896 17817 5044016 1 981
7897 17817 5044026 1 981
7897 17817 5044036 1 981
7898 17817 5044046 1 981
7898 17817 5044056 1 981
7899 17816 5044066 1 981
7899 17816 5044076 1 980
7899 17816 5044086 1 980
7899 17816 5044096 1 980
7899 17816 5044106 1 980
7900 17815 5044116 1 980
7900 17815 5044126 1 980
7900 17815 5044136 1 980
7901 17814 5044146 1 980
7901 17814 5044156 1 980
7901 17814 5044166 1 980
7901 17814 5044176 1 980
7902 17814 5044186 1 980
7902 17813 5044196 1 980
7903 17813 5044206 1 980
7904 17813 5044216 1 979
7906 17813 5044226 1 979
7907 17813 5044236 1 979
7908 17813 5044246 1 979
7909 17812 5044256 1 979
7910 17812 5044266 1 979
7911 17812 5044276 1 979
7911 17812 5044286 1 979
7912 17812 5044296 1 979
7913 17812 5044306 1 979
7914 17812 5044316 1 979
7915 17812 5044326 1 979
7915 17813 5044336 1 979
7916 17813 5044346 1 979
7916 17813 5044356 1 978
7917 17813 5044366 1 978
7918 17813 5044376 1 978
7918 17813 5044386 1 978
7918 17813 5044396 1 978
7919 17813 5044406 1 978
7919 17813 5044416 1 978
7920 17813 5044426 1 978
