8127 17323 7822194 1 982
8127 17323 7822204 1 982
8127 17323 7822214 1 982
8127 17323 7822224 1 982
8126 17323 7822234 1 983
8126 17323 7822244 1 983
8125 17323 7822254 1 983
8127 17325 7822264 1 983
8132 17330 7822274 1 983
8136 17334 7822284 1 983
8137 17335 7822294 1 983
8134 17334 7822304 1 983
8129 17330 7822314 1 983
8122 17326 7822324 1 984
8117 17323 7822334 1 984
8115 17321 7822344 1 984
8113 17321 7822354 1 984
8113 17321 7822364 1 984
8112 17321 7822374 1 984
8112 17320 7822384 1 984
8110 17319 7822394 1 984
8108 17317 7822404 1 985
8106 17314 7822414 1 985
8105 17313 7822424 1 985
8106 17313 7822434 1 965
8108 17314 7822444 1 943
8110 17315 7822454 1 909
8113 17316 7822464 1 858
8115 17316 7822474 1 833
8116 17316 7822484 1 812
8116 17316 7822494 1 770
8117 17315 7822504 1 749
8117 17315 7822514 1 733
8119 17316 7822524 1 700
8121 17318 7822534 1 671
8123 17319 7822544 1 646
8125 17320 7822554 1 624
8127 17321 7822564 1 614
8128 17322 7822574 1 606
8130 17322 7822584 1 592
8130 17323 7822594 1 581
8131 17324 7822604 1 576
8132 17324 7822614 1 572
8132 17325 7822624 1 569
8133 17326 7822634 1 566
8133 17326 7822644 1 563
8133 17326 7822654 1 562
8132 17326 7822664 1 563
8131 17326 7822674 1 566
8129 17326 7822684 1 568
8126 17327 7822694 1 571
8123 17327 7822704 1 577
8120 17327 7822714 1 584
8118 17327 7822724 1 589
8116 17328 7822734 1 593
8113 17328 7822744 1 598
8109 17328 7822754 1 599
8106 17329 7822764 1 603
8102 17329 7822774 1 613
8099 17329 7822784 1 624
8095 17329 7822794 1 636
8092 17329 7822804 1 647
8089 17329 7822814 1 652
8087 17328 7822824 1 658
8085 17328 7822834 1 670
8083 17328 7822844 1 681
8083 17328 7822854 1 691
8082 17328 7822864 1 700
8082 17328 7822874 1 703
8083 17328 7822884 1 705
8083 17328 7822894 1 709
8084 17329 7822904 1 717
8086 17329 7822914 1 723
8088 17330 7822924 1 728
8090 17331 7822934 1 730
8093 17332 7822944 1 730
8096 17333 7822954 1 731
8099 17335 7822964 1 730
8102 17336 7822974 1 727
8106 17338 7822984 1 720
8110 17339 7822994 1 716
8113 17341 7823004 1 712
8118 17343 7823014 1 708
8122 17346 7823024 1 701
8127 17348 7823034 1 687
8132 17351 7823044 1 671
8138 17353 7823054 1 663
8143 17356 7823064 1 652
8148 17359 7823074 1 631
8153 17361 7823084 1 609
8156 17363 7823094 1 584
8160 17366 7823104 1 559
8164 17368 7823114 1 546
8169 17371 7823124 1 531
8173 17374 7823134 1 502
8177 17377 7823144 1 488
8181 17380 7823154 1 472
8184 17382 7823164 1 442
8187 17385 7823174 1 425
8189 17387 7823184 1 410
8191 17389 7823194 1 379
8193 17391 7823204 1 347
8195 17393 7823214 1 314
8196 17394 7823224 1 282
8197 17396 7823234 1 265
8198 17397 7823244 1 250
8198 17398 7823254 1 237
8199 17399 7823264 1 218
8199 17399 7823274 1 187
8200 17400 7823284 1 172
8200 17399 7823294 1 157
8201 17399 7823304 1 144
8201 17398 7823314 1 127
8201 17396 7823324 1 98
8201 17395 7823334 1 70
8200 17393 7823344 1 50
8200 17390 7823354 1 49
8199 17388 7823364 1 50
8198 17385 7823374 1 49
8198 17382 7823384 1 49
8197 17379 7823394 1 48
8196 17376 7823404 1 48
8195 17373 7823414 1 48
8194 17370 7823424 1 48
8193 17367 7823434 1 48
8192 17363 7823444 1 47
8191 17360 7823454 1 47
8190 17356 7823464 1 47
8189 17352 7823474 1 47
8188 17348 7823484 1 47
8187 17343 7823494 1 46
8187 17340 7823504 1 46
8187 17336 7823514 1 46
8188 17333 7823524 1 46
8188 17331 7823534 1 45
8189 17328 7823544 1 45
8189 17326 7823554 1 45
8190 17324 7823564 1 45
8190 17322 7823574 1 45
8191 17320 7823584 1 44
8191 17319 7823594 1 44
8191 17317 7823604 1 44
8191 17316 7823614 1 44
8191 17315 7823624 1 44
8190 17315 7823634 1 43
8190 17315 7823644 1 43
8190 17315 7823654 1 43
8190 17315 7823664 1 43
8190 17315 7823674 1 42
8189 17316 7823684 1 42
8189 17317 7823694 1 42
8188 17318 7823704 1 43
8188 17319 7823714 1 85
8188 17321 7823724 1 108
8187 17322 7823734 1 130
8187 17323 7823744 1 179
8187 17325 7823754 1 228
8187 17326 7823764 1 281
8187 17327 7823774 1 333
8187 17328 7823784 1 352
8187 17328 7823794 1 358
8187 17330 7823804 1 385
8187 17331 7823814 1 437
8186 17331 7823824 1 463
8186 17332 7823834 1 487
8185 17333 7823844 1 536
8185 17334 7823854 1 561
8184 17335 7823864 1 581
8184 17335 7823874 1 625
8183 17336 7823884 1 663
8183 17336 7823894 1 697
8183 17336 7823904 1 725
8183 17337 7823914 1 738
8183 17337 7823924 1 749
8182 17337 7823934 1 771
8183 17338 7823944 1 790
8183 17338 7823954 1 799
8183 17339 7823964 1 808
8183 17339 7823974 1 814
8183 17340 7823984 1 822
8183 17340 7823994 1 835
8184 17340 7824004 1 846
8184 17341 7824014 1 855
8185 17341 7824024 1 862
8185 17341 7824034 1 865
8186 17342 7824044 1 868
8186 17342 7824054 1 871
8187 17342 7824064 1 874
8187 17343 7824074 1 876
8188 17343 7824084 1 876
8188 17343 7824094 1 877
8188 17344 7824104 1 877
8189 17344 7824114 1 876
8189 17345 7824124 1 874
8190 17345 7824134 1 871
8191 17346 7824144 1 868
8192 17347 7824154 1 867
8192 17349 7824164 1 865
8193 17350 7824174 1 860
8193 17351 7824184 1 856
8193 17352 7824194 1 851
8194 17354 7824204 1 846
8194 17355 7824214 1 845
8194 17357 7824224 1 844
8195 17358 7824234 1 841
8195 17359 7824244 1 837
8195 17361 7824254 1 832
8196 17362 7824264 1 827
8196 17364 7824274 1 825
8197 17365 7824284 1 824
8198 17367 7824294 1 821
8198 17368 7824304 1 818
8199 17368 7824314 1 817
8199 17369 7824324 1 816
8200 17370 7824334 1 815
8201 17371 7824344 1 815
8201 17371 7824354 1 816
8202 17372 7824364 1 817
8203 17373 7824374 1 819
8204 17373 7824384 1 823
8205 17374 7824394 1 830
8206 17374 7824404 1 834
8207 17375 7824414 1 839
8207 17375 7824424 1 849
8207 17376 7824434 1 861
8207 17376 7824444 1 874
8207 17376 7824454 1 889
8206 17376 7824464 1 896
8206 17375 7824474 1 905
8205 17375 7824484 1 922
8204 17374 7824494 1 929
8203 17373 7824504 1 938
8202 17372 7824514 1 956
8200 17371 7824524 1 965
8199 17369 7824534 1 973
8197 17368 7824544 1 991
8196 17367 7824554 1 1008
8195 17365 7824564 1 1010
8193 17364 7824574 1 1010
8192 17363 7824584 1 1010
8190 17361 7824594 1 1010
8189 17360 7824604 1 1011
8187 17359 7824614 1 1011
8186 17358 7824624 1 1011
8185 17357 7824634 1 1011
8184 17356 7824644 1 1011
8183 17355 7824654 1 1011
8182 17354 7824664 1 1011
8182 17353 7824674 1 1011
8182 17353 7824684 1 1011
8182 17352 7824694 1 1012
8183 17352 7824704 1 1012
8183 17351 7824714 1 1012
8184 17351 7824724 1 1012
8185 17351 7824734 1 1012
8186 17351 7824744 1 1012
8186 17350 7824754 1 1012
8187 17350 7824764 1 1012
8187 17350 7824774 1 1013
8188 17349 7824784 1 1013
8189 17349 7824794 1 1013
8190 17349 7824804 1 1011
8191 17348 7824814 1 979
8192 17348 7824824 1 962
8194 17348 7824834 1 944
8195 17348 7824844 1 929
8195 17348 7824854 1 904
8197 17348 7824864 1 858
8199 17348 7824874 1 808
8200 17348 7824884 1 753
8202 17348 7824894 1 732
8203 17348 7824904 1 725
8205 17348 7824914 1 695
8206 17348 7824924 1 632
8208 17348 7824934 1 568
8209 17348 7824944 1 501
8210 17348 7824954 1 468
8210 17348 7824964 1 433
8211 17348 7824974 1 364
8211 17348 7824984 1 293
8212 17348 7824994 1 224
8212 17348 7825004 1 155
8212 17348 7825014 1 113
8213 17348 7825024 1 87
8213 17347 7825034 1 57
8213 17347 7825044 1 21
8213 17347 7825054 1 13
8214 17347 7825064 1 13
8214 17347 7825074 1 13
8214 17346 7825084 1 13
8214 17346 7825094 1 12
8214 17346 7825104 1 12
8214 17346 7825114 1 12
8214 17346 7825124 1 12
8214 17345 7825134 1 12
8215 17345 7825144 1 11
8215 17345 7825154 1 11
8215 17345 7825164 1 11
8215 17345 7825174 1 11
8215 17345 7825184 1 11
8215 17345 7825194 1 10
8215 17345 7825204 1 10
8215 17345 7825214 1 10
8214 17345 7825224 1 10
8214 17345 7825234 1 9
8214 17346 7825244 1 9
8214 17346 7825254 1 9
8214 17347 7825264 1 9
8214 17348 7825274 1 9
8214 17349 7825284 1 8
8214 17350 7825294 1 8
8214 17351 7825304 1 8
8214 17352 7825314 1 18
8214 17353 7825324 1 72
8213 17354 7825334 1 185
8213 17355 7825344 1 305
8213 17356 7825354 1 428
8212 17357 7825364 1 552
8212 17357 7825374 1 598
8212 17357 7825384 1 614
8212 17358 7825394 1 673
8212 17359 7825404 1 788
8212 17359 7825414 1 895
8213 17359 7825424 1 990
8214 17360 7825434 1 1020
8215 17360 7825444 1 1023
8216 17360 7825454 1 1020
8218 17360 7825464 1 1021
8219 17360 7825474 1 1021
8220 17360 7825484 1 1021
8221 17360 7825494 1 1021
8222 17360 7825504 1 1021
8223 17360 7825514 1 1021
8224 17359 7825524 1 1021
8225 17359 7825534 1 1021
8225 17359 7825544 1 1022
8225 17359 7825554 1 1022
8225 17359 7825564 1 1022
8225 17359 7825574 1 1022
8225 17359 7825584 1 1022
8225 17359 7825594 1 1022
8224 17359 7825604 1 1022
8224 17359 7825614 1 1022
8224 17358 7825624 1 1023
8224 17358 7825634 1 1023
8224 17358 7825644 1 1023
8224 17358 7825654 1 1023
8224 17358 7825664 1 1023
8223 17358 7825674 1 1023
8223 17358 7825684 1 1023
8222 17358 7825694 1 1023
8221 17358 7825704 1 1024
8221 17358 7825714 1 1023
8220 17359 7825724 1 1023
8219 17359 7825734 1 1002
8219 17359 7825744 1 984
8219 17360 7825754 1 959
8219 17360 7825764 1 916
8219 17360 7825774 1 874
8220 17360 7825784 1 833
8220 17361 7825794 1 793
8220 17361 7825804 1 774
8220 17361 7825814 1 754
8220 17362 7825824 1 716
8220 17362 7825834 1 697
8220 17363 7825844 1 678
8220 17363 7825854 1 643
8220 17364 7825864 1 624
8220 17364 7825874 1 608
8220 17364 7825884 1 573
8221 17365 7825894 1 539
8221 17365 7825904 1 524
8221 17365 7825914 1 506
8221 17365 7825924 1 475
8222 17365 7825934 1 459
8222 17365 7825944 1 444
8222 17365 7825954 1 413
8222 17365 7825964 1 384
8222 17365 7825974 1 369
8222 17365 7825984 1 355
8222 17364 7825994 1 344
8222 17364 7826004 1 327
8223 17364 7826014 1 299
8223 17363 7826024 1 273
8223 17363 7826034 1 247
8224 17363 7826044 1 222
8224 17362 7826054 1 211
8225 17361 7826064 1 199
8225 17361 7826074 1 175
8226 17360 7826084 1 153
8226 17359 7826094 1 131
8226 17359 7826104 1 120
8226 17358 7826114 1 117
8227 17358 7826124 1 110
8227 17357 7826134 1 90
8227 17356 7826144 1 71
8227 17356 7826154 1 52
8226 17355 7826164 1 35
8226 17355 7826174 1 25
8226 17354 7826184 1 19
8225 17353 7826194 1 10
8224 17352 7826204 1 10
8223 17352 7826214 1 10
8223 17351 7826224 1 11
8222 17351 7826234 1 11
8221 17351 7826244 1 11
8221 17350 7826254 1 11
8220 17350 7826264 1 11
8219 17350 7826274 1 12
8219 17349 7826284 1 12
8218 17349 7826294 1 12
8217 17349 7826304 1 12
8216 17349 7826314 1 12
8215 17349 7826324 1 13
8214 17349 7826334 1 13
8213 17350 7826344 1 13
8212 17350 7826354 1 13
8211 17350 7826364 1 14
8210 17350 7826374 1 14
8210 17351 7826384 1 14
8209 17351 7826394 1 14
8209 17351 7826404 1 34
8208 17352 7826414 1 49
8208 17352 7826424 1 68
8208 17353 7826434 1 82
8208 17353 7826444 1 105
8209 17353 7826454 1 146
8209 17354 7826464 1 190
8209 17354 7826474 1 237
8210 17355 7826484 1 260
8210 17355 7826494 1 286
8211 17355 7826504 1 338
8211 17355 7826514 1 364
8212 17355 7826524 1 392
8213 17355 7826534 1 446
8214 17355 7826544 1 475
8215 17355 7826554 1 503
8216 17355 7826564 1 559
8217 17356 7826574 1 616
8219 17356 7826584 1 673
8220 17356 7826594 1 729
8222 17356 7826604 1 758
8224 17355 7826614 1 786
8225 17355 7826624 1 840
8227 17355 7826634 1 893
8229 17354 7826644 1 920
8230 17354 7826654 1 944
8232 17354 7826664 1 969
8233 17353 7826674 1 994
8234 17352 7826684 1 1012
8236 17352 7826694 1 1012
8237 17351 7826704 1 1012
8238 17350 7826714 1 1012
8240 17349 7826724 1 1011
8241 17349 7826734 1 1011
8243 17348 7826744 1 1011
8245 17348 7826754 1 1011
8246 17347 7826764 1 1011
8247 17347 7826774 1 1011
8249 17347 7826784 1 1011
8250 17347 7826794 1 1011
8251 17347 7826804 1 1011
8253 17347 7826814 1 1010
8254 17348 7826824 1 1010
8255 17348 7826834 1 1010
8256 17349 7826844 1 1010
8257 17349 7826854 1 1010
8258 17350 7826864 1 1010
8258 17350 7826874 1 1010
8259 17351 7826884 1 1010
8259 17352 7826894 1 1009
8259 17353 7826904 1 1009
8259 17353 7826914 1 1009
8258 17354 7826924 1 1009
8258 17355 7826934 1 1009
8257 17356 7826944 1 1009
8256 17357 7826954 1 1009
8256 17358 7826964 1 1009
8255 17358 7826974 1 1009
8254 17359 7826984 1 1008
8253 17360 7826994 1 1008
8252 17360 7827004 1 1008
8250 17361 7827014 1 1008
8249 17362 7827024 1 1008
8247 17362 7827034 1 1008
8246 17363 7827044 1 1008
8245 17363 7827054 1 1008
8243 17364 7827064 1 1008
8242 17364 7827074 1 1007
8242 17364 7827084 1 1007
8241 17364 7827094 1 1010
8241 17365 7827104 1 1007
8242 17365 7827114 1 983
8242 17365 7827124 1 927
8243 17365 7827134 1 868
8243 17365 7827144 1 807
8244 17365 7827154 1 777
8245 17365 7827164 1 744
8245 17365 7827174 1 681
8246 17365 7827184 1 649
8246 17365 7827194 1 617
8246 17365 7827204 1 553
8246 17365 7827214 1 520
8246 17365 7827224 1 489
8246 17365 7827234 1 425
8245 17365 7827244 1 365
8245 17365 7827254 1 305
8245 17365 7827264 1 248
8245 17365 7827274 1 220
8244 17366 7827284 1 194
8244 17366 7827294 1 144
8243 17366 7827304 1 98
8243 17366 7827314 1 76
8243 17367 7827324 1 57
8242 17367 7827334 1 41
8242 17367 7827344 1 34
8242 17368 7827354 1 34
8242 17368 7827364 1 35
8241 17368 7827374 1 35
8241 17368 7827384 1 35
8241 17368 7827394 1 35
8241 17368 7827404 1 36
8241 17367 7827414 1 36
8242 17367 7827424 1 36
8242 17367 7827434 1 36
8243 17366 7827444 1 36
8244 17366 7827454 1 37
8244 17366 7827464 1 37
8245 17365 7827474 1 37
8245 17365 7827484 1 37
8245 17365 7827494 1 37
8245 17365 7827504 1 37
8245 17365 7827514 1 38
8245 17365 7827524 1 38
8245 17365 7827534 1 38
8244 17365 7827544 1 38
8244 17365 7827554 1 39
8243 17364 7827564 1 39
8243 17364 7827574 1 46
8242 17364 7827584 1 55
8242 17363 7827594 1 69
8242 17363 7827604 1 99
8242 17363 7827614 1 160
8242 17362 7827624 1 228
8242 17362 7827634 1 299
8243 17361 7827644 1 336
8243 17360 7827654 1 375
8244 17360 7827664 1 453
8244 17359 7827674 1 531
8245 17358 7827684 1 610
8246 17357 7827694 1 686
8246 17356 7827704 1 729
8247 17356 7827714 1 758
8248 17355 7827724 1 794
8248 17354 7827734 1 826
8249 17354 7827744 1 888
8249 17353 7827754 1 942
8249 17353 7827764 1 973
8249 17353 7827774 1 989
8249 17353 7827784 1 999
8248 17353 7827794 1 999
8247 17353 7827804 1 999
8246 17354 7827814 1 999
8245 17354 7827824 1 998
8244 17355 7827834 1 998
8243 17355 7827844 1 998
8242 17356 7827854 1 998
8241 17356 7827864 1 998
8241 17357 7827874 1 998
8240 17357 7827884 1 998
8240 17358 7827894 1 998
8240 17358 7827904 1 998
8241 17359 7827914 1 997
8241 17359 7827924 1 997
8242 17360 7827934 1 997
8243 17360 7827944 1 997
8244 17361 7827954 1 997
8245 17361 7827964 1 997
8246 17362 7827974 1 997
8247 17363 7827984 1 997
8247 17363 7827994 1 996
8248 17364 7828004 1 996
8248 17365 7828014 1 996
8249 17366 7828024 1 996
8249 17366 7828034 1 996
8249 17367 7828044 1 996
8250 17368 7828054 1 996
8250 17369 7828064 1 996
8251 17370 7828074 1 996
8251 17371 7828084 1 995
8252 17372 7828094 1 995
8252 17373 7828104 1 995
8253 17374 7828114 1 995
8253 17375 7828124 1 995
8254 17375 7828134 1 995
8254 17376 7828144 1 995
8254 17377 7828154 1 995
8255 17377 7828164 1 995
8255 17378 7828174 1 994
8255 17378 7828184 1 994
8255 17378 7828194 1 994
8255 17379 7828204 1 994
8255 17379 7828214 1 994
8256 17379 7828224 1 994
8256 17380 7828234 1 994
8256 17380 7828244 1 994
8256 17381 7828254 1 993
8257 17381 7828264 1 993
8257 17381 7828274 1 993
8257 17381 7828284 1 993
8257 17381 7828294 1 993
8257 17381 7828304 1 993
8257 17381 7828314 1 993
8257 17381 7828324 1 993
8257 17380 7828334 1 992
8257 17380 7828344 1 992
8257 17380 7828354 1 992
8258 17380 7828364 1 992
8258 17380 7828374 1 992
8259 17380 7828384 1 992
8259 17380 7828394 1 992
8260 17381 7828404 1 992
8261 17381 7828414 1 992
8261 17381 7828424 1 991
8262 17381 7828434 1 991
8262 17382 7828444 1 991
8262 17382 7828454 1 991
8262 17383 7828464 1 991
8263 17383 7828474 1 991
8263 17383 7828484 1 991
8263 17383 7828494 1 991
8263 17383 7828504 1 990
8263 17384 7828514 1 990
8263 17384 7828524 1 990
8262 17384 7828534 1 990
8262 17384 7828544 1 990
8262 17384 7828554 1 990
8261 17384 7828564 1 990
8260 17384 7828574 1 990
8259 17384 7828584 1 990
8258 17383 7828594 1 989
8257 17383 7828604 1 989
8256 17383 7828614 1 989
8256 17384 7828624 1 989
8255 17384 7828634 1 989
8254 17384 7828644 1 989
8254 17384 7828654 1 989
8254 17384 7828664 1 989
8254 17384 7828674 1 989
8254 17384 7828684 1 988
8255 17384 7828694 1 988
8255 17384 7828704 1 988
8256 17384 7828714 1 988
8256 17384 7828724 1 988
8257 17384 7828734 1 988
8258 17383 7828744 1 988
8259 17383 7828754 1 988
8259 17383 7828764 1 987
8260 17383 7828774 1 987
8261 17383 7828784 1 987
8261 17383 7828794 1 987
8261 17383 7828804 1 987
8262 17383 7828814 1 987
8262 17383 7828824 1 987
8263 17382 7828834 1 987
8263 17382 7828844 1 986
8264 17382 7828854 1 986
8264 17382 7828864 1 986
8264 17382 7828874 1 986
8264 17382 7828884 1 986
8265 17382 7828894 1 986
8265 17382 7828904 1 986
8265 17381 7828914 1 986
8265 17381 7828924 1 986
8265 17381 7828934 1 985
8264 17381 7828944 1 985
8264 17381 7828954 1 985
8264 17381 7828964 1 985
8264 17381 7828974 1 985
8264 17380 7828984 1 985
8264 17380 7828994 1 985
8264 17380 7829004 1 985
8265 17381 7829014 1 984
8265 17381 7829024 1 984
8265 17381 7829034 1 984
8265 17382 7829044 1 984
8265 17382 7829054 1 984
8264 17383 7829064 1 984
8264 17383 7829074 1 984
8264 17384 7829084 1 984
8264 17384 7829094 1 983
8263 17385 7829104 1 983
8264 17385 7829114 1 983
8264 17385 7829124 1 983
8264 17386 7829134 1 983
8264 17386 7829144 1 983
8264 17386 7829154 1 983
8264 17386 7829164 1 983
8264 17386 7829174 1 983
8264 17386 7829184 1 982
8263 17386 7829194 1 982
