8174 17615 7202578 1 639
8174 17615 7202588 1 641
8174 17615 7202598 1 642
8175 17616 7202608 1 643
8178 17618 7202618 1 643
8182 17621 7202628 1 643
8193 17626 7202638 1 646
8199 17629 7202648 1 647
8205 17631 7202658 1 647
8212 17632 7202668 1 648
8218 17632 7202678 1 650
8224 17632 7202688 1 650
8234 17630 7202698 1 652
8238 17628 7202708 1 652
8242 17625 7202718 1 654
8244 17622 7202728 1 655
8246 17618 7202738 1 656
8247 17613 7202748 1 656
8246 17601 7202758 1 659
8244 17594 7202768 1 659
8242 17587 7202778 1 660
8238 17580 7202788 1 661
8234 17574 7202798 1 661
8229 17568 7202808 1 662
8220 17557 7202818 1 665
8215 17552 7202828 1 665
8211 17548 7202838 1 666
8207 17545 7202848 1 667
8204 17542 7202858 1 669
8202 17540 7202868 1 670
8198 17536 7202878 1 671
8197 17535 7202888 1 672
8197 17535 7202898 1 673
8197 17535 7202908 1 675
8197 17535 7202918 1 675
8198 17536 7202928 1 676
8201 17540 7202938 1 677
8204 17543 7202948 1 679
8207 17547 7202958 1 680
8211 17551 7202968 1 680
8216 17557 7202978 1 681
8222 17563 7202988 1 682
8234 17578 7202998 1 684
8240 17587 7203008 1 685
8246 17596 7203018 1 686
8252 17606 7203028 1 687
8257 17615 7203038 1 688
8261 17624 7203048 1 689
8267 17640 7203058 1 690
8270 17647 7203068 1 691
8271 17653 7203078 1 693
8272 17658 7203088 1 694
8273 17661 7203098 1 694
8273 17664 7203108 1 695
8272 17667 7203118 1 698
8271 17667 7203128 1 699
8270 17666 7203138 1 699
8268 17664 7203148 1 700
8266 17662 7203158 1 701
8264 17659 7203168 1 703
8259 17652 7203178 1 704
8257 17649 7203188 1 705
8254 17646 7203198 1 706
8252 17643 7203208 1 707
8250 17640 7203218 1 707
8248 17638 7203228 1 708
8245 17636 7203238 1 709
8243 17636 7203248 1 710
8241 17636 7203258 1 711
8240 17637 7203268 1 711
8239 17638 7203278 1 712
8238 17638 7203288 1 713
8236 17640 7203298 1 715
8235 17640 7203308 1 715
8235 17641 7203318 1 716
8235 17641 7203328 1 717
8234 17641 7203338 1 718
8234 17641 7203348 1 718
8233 17638 7203358 1 720
8232 17637 7203368 1 721
8231 17634 7203378 1 722
8229 17632 7203388 1 723
8227 17629 7203398 1 723
8225 17626 7203408 1 724
8220 17620 7203418 1 729
8217 17618 7203428 1 730
8215 17616 7203438 1 731
8212 17614 7203448 1 733
8209 17613 7203458 1 735
8207 17612 7203468 1 736
8202 17611 7203478 1 737
8200 17612 7203488 1 738
8198 17614 7203498 1 737
8196 17616 7203508 1 737
8195 17618 7203518 1 737
8194 17621 7203528 1 736
8194 17628 7203538 1 733
8194 17631 7203548 1 731
8196 17635 7203558 1 730
8197 17638 7203568 1 729
8200 17641 7203578 1 727
8202 17644 7203588 1 725
8208 17649 7203598 1 723
8212 17651 7203608 1 723
8215 17653 7203618 1 722
8219 17654 7203628 1 723
8222 17654 7203638 1 725
8226 17655 7203648 1 726
8232 17654 7203658 1 732
8235 17653 7203668 1 738
8237 17650 7203678 1 746
8239 17647 7203688 1 756
8241 17642 7203698 1 767
8242 17638 7203708 1 780
8244 17628 7203718 1 809
8245 17624 7203728 1 816
8246 17619 7203738 1 824
8246 17615 7203748 1 839
8247 17611 7203758 1 853
8247 17607 7203768 1 867
8248 17601 7203778 1 880
8248 17598 7203788 1 890
8248 17596 7203798 1 899
8248 17594 7203808 1 905
8247 17593 7203818 1 907
8247 17593 7203828 1 908
8246 17594 7203838 1 903
8246 17595 7203848 1 895
8246 17597 7203858 1 891
8247 17598 7203868 1 883
8248 17600 7203878 1 864
8249 17601 7203888 1 842
8252 17602 7203898 1 797
8254 17602 7203908 1 777
8256 17602 7203918 1 736
8258 17602 7203928 1 689
8259 17601 7203938 1 637
8261 17600 7203948 1 606
8263 17598 7203958 1 522
8264 17597 7203968 1 399
8264 17595 7203978 1 337
8264 17594 7203988 1 310
8265 17593 7203998 1 275
8265 17592 7204008 1 216
8264 17590 7204018 1 104
8264 17590 7204028 1 77
8264 17589 7204038 1 53
8264 17589 7204048 1 16
8263 17590 7204058 1 16
8263 17591 7204068 1 15
8263 17595 7204078 1 15
8263 17598 7204088 1 15
8263 17602 7204098 1 15
8264 17605 7204108 1 14
8265 17609 7204118 1 14
8266 17612 7204128 1 14
8268 17619 7204138 1 14
8269 17621 7204148 1 36
8270 17623 7204158 1 60
8271 17625 7204168 1 101
8272 17626 7204178 1 177
8273 17626 7204188 1 258
8275 17626 7204198 1 389
8276 17625 7204208 1 432
8277 17624 7204218 1 520
8277 17623 7204228 1 604
8278 17622 7204238 1 682
8278 17621 7204248 1 753
8279 17619 7204258 1 861
8279 17618 7204268 1 896
8279 17617 7204278 1 922
8279 17616 7204288 1 933
8279 17616 7204298 1 938
8279 17615 7204308 1 945
8278 17615 7204318 1 940
8277 17616 7204328 1 937
8277 17617 7204338 1 930
8276 17618 7204348 1 915
8275 17619 7204358 1 899
8274 17620 7204368 1 880
8272 17622 7204378 1 861
8271 17624 7204388 1 843
8270 17625 7204398 1 827
8270 17626 7204408 1 814
8269 17628 7204418 1 807
8269 17629 7204428 1 803
8268 17632 7204438 1 789
8268 17633 7204448 1 786
8267 17634 7204458 1 784
8267 17636 7204468 1 784
8267 17637 7204478 1 784
8266 17638 7204488 1 786
8266 17640 7204498 1 791
8265 17641 7204508 1 793
8265 17642 7204518 1 798
8265 17643 7204528 1 810
8265 17644 7204538 1 815
8265 17645 7204548 1 818
8264 17646 7204558 1 829
8263 17645 7204568 1 835
8263 17645 7204578 1 841
8262 17644 7204588 1 844
8262 17643 7204598 1 846
8261 17641 7204608 1 850
8260 17637 7204618 1 856
8260 17635 7204628 1 858
8260 17633 7204638 1 858
8260 17631 7204648 1 859
8260 17628 7204658 1 860
8260 17626 7204668 1 860
8260 17621 7204678 1 860
8261 17619 7204688 1 861
8262 17617 7204698 1 860
8262 17615 7204708 1 859
8263 17613 7204718 1 859
8264 17611 7204728 1 859
8266 17609 7204738 1 858
8267 17609 7204748 1 858
8268 17609 7204758 1 859
8269 17609 7204768 1 858
8270 17610 7204778 1 858
8272 17611 7204788 1 859
8274 17613 7204798 1 860
8276 17615 7204808 1 860
8277 17616 7204818 1 861
8278 17616 7204828 1 862
8279 17617 7204838 1 863
8280 17617 7204848 1 864
8281 17616 7204858 1 865
8281 17615 7204868 1 866
8282 17614 7204878 1 867
8282 17613 7204888 1 868
8282 17611 7204898 1 869
8282 17610 7204908 1 870
8282 17607 7204918 1 873
8282 17605 7204928 1 874
8282 17604 7204938 1 874
8281 17603 7204948 1 876
8281 17602 7204958 1 877
8280 17601 7204968 1 879
8278 17600 7204978 1 880
8277 17600 7204988 1 882
8275 17600 7204998 1 883
8274 17601 7205008 1 885
8273 17602 7205018 1 885
8272 17604 7205028 1 886
8270 17608 7205038 1 889
8269 17610 7205048 1 891
8269 17612 7205058 1 891
8269 17614 7205068 1 892
8269 17616 7205078 1 893
8269 17618 7205088 1 895
8270 17621 7205098 1 897
8270 17622 7205108 1 897
8271 17623 7205118 1 898
8271 17624 7205128 1 900
8272 17624 7205138 1 901
8272 17623 7205148 1 902
8273 17622 7205158 1 903
8274 17620 7205168 1 904
8274 17618 7205178 1 905
8275 17616 7205188 1 906
8275 17614 7205198 1 906
8276 17612 7205208 1 907
8277 17608 7205218 1 909
8277 17606 7205228 1 909
8278 17605 7205238 1 910
8279 17604 7205248 1 911
8279 17603 7205258 1 912
8279 17602 7205268 1 913
8280 17602 7205278 1 914
8281 17602 7205288 1 915
8281 17602 7205298 1 916
8281 17602 7205308 1 916
8281 17602 7205318 1 917
8281 17603 7205328 1 917
8282 17603 7205338 1 919
8282 17604 7205348 1 920
8282 17604 7205358 1 921
8282 17605 7205368 1 922
8282 17605 7205378 1 923
8283 17605 7205388 1 924
8283 17605 7205398 1 927
8283 17605 7205408 1 927
8283 17605 7205418 1 928
8283 17605 7205428 1 929
8283 17605 7205438 1 930
8283 17605 7205448 1 930
8282 17605 7205458 1 932
8282 17605 7205468 1 933
8281 17605 7205478 1 934
8279 17605 7205488 1 935
8277 17605 7205498 1 935
8274 17605 7205508 1 936
8261 17605 7205518 1 938
8251 17605 7205528 1 939
8239 17603 7205538 1 939
8225 17599 7205548 1 940
8209 17592 7205558 1 941
8193 17583 7205568 1 943
8165 17557 7205578 1 944
8155 17543 7205588 1 945
8148 17529 7205598 1 946
8144 17517 7205608 1 947
8141 17507 7205618 1 947
8141 17499 7205628 1 947
8147 17491 7205638 1 951
8152 17490 7205648 1 952
8160 17492 7205658 1 953
8170 17495 7205668 1 953
8181 17501 7205678 1 954
8194 17509 7205688 1 955
8220 17529 7205698 1 956
8233 17540 7205708 1 957
8245 17552 7205718 1 959
8256 17564 7205728 1 960
8266 17575 7205738 1 961
8276 17586 7205748 1 961
8292 17606 7205758 1 962
8299 17616 7205768 1 963
8305 17626 7205778 1 965
8308 17634 7205788 1 966
8310 17641 7205798 1 966
8310 17647 7205808 1 967
8305 17653 7205818 1 969
8300 17654 7205828 1 969
8294 17653 7205838 1 970
8286 17651 7205848 1 971
8278 17647 7205858 1 973
8269 17642 7205868 1 973
8248 17627 7205878 1 974
8236 17618 7205888 1 975
8224 17608 7205898 1 976
8213 17597 7205908 1 977
8202 17586 7205918 1 978
8192 17574 7205928 1 980
8174 17552 7205938 1 982
8169 17542 7205948 1 983
8165 17535 7205958 1 984
8165 17529 7205968 1 984
8165 17523 7205978 1 985
8168 17520 7205988 1 986
8182 17515 7205998 1 988
8192 17510 7206008 1 988
8203 17502 7206018 1 989
8212 17490 7206028 1 991
8216 17474 7206038 1 992
8214 17458 7206048 1 992
8196 17435 7206058 1 993
8184 17432 7206068 1 994
8173 17434 7206078 1 996
8164 17439 7206088 1 997
8158 17447 7206098 1 997
8155 17456 7206108 1 998
8157 17472 7206118 1 1000
8160 17479 7206128 1 1001
8164 17484 7206138 1 1002
8169 17487 7206148 1 1003
8173 17489 7206158 1 1003
8178 17490 7206168 1 1004
8185 17490 7206178 1 1005
8188 17489 7206188 1 1007
8191 17488 7206198 1 1009
8193 17487 7206208 1 1010
8195 17485 7206218 1 1010
8197 17484 7206228 1 1011
8200 17481 7206238 1 1013
8201 17479 7206248 1 1013
8202 17478 7206258 1 1013
8203 17476 7206268 1 1013
8204 17475 7206278 1 1013
8205 17473 7206288 1 1013
8207 17470 7206298 1 1013
8208 17468 7206308 1 1013
8208 17467 7206318 1 1013
8209 17466 7206328 1 1013
8210 17464 7206338 1 1013
8210 17463 7206348 1 1013
8211 17462 7206358 1 1013
8211 17461 7206368 1 1012
8212 17460 7206378 1 1012
8212 17460 7206388 1 1012
8212 17459 7206398 1 1012
8212 17458 7206408 1 1012
8213 17457 7206418 1 1012
8213 17456 7206428 1 1012
8213 17455 7206438 1 1012
8213 17454 7206448 1 1012
8213 17454 7206458 1 1012
8213 17453 7206468 1 1012
8213 17451 7206478 1 1012
8213 17450 7206488 1 1012
8213 17449 7206498 1 1012
8213 17448 7206508 1 1012
8213 17447 7206518 1 1012
8213 17446 7206528 1 1011
8213 17444 7206538 1 1011
8212 17443 7206548 1 1011
8212 17442 7206558 1 1011
8212 17441 7206568 1 1011
8212 17441 7206578 1 1011
8211 17440 7206588 1 1011
8211 17438 7206598 1 1011
8210 17438 7206608 1 1011
8210 17437 7206618 1 1011
8210 17437 7206628 1 1011
8210 17437 7206638 1 1011
8210 17436 7206648 1 1011
8210 17436 7206658 1 1011
8210 17436 7206668 1 1011
8211 17436 7206678 1 1010
8211 17437 7206688 1 1010
8211 17437 7206698 1 1010
8210 17437 7206708 1 1010
8210 17437 7206718 1 1010
8210 17437 7206728 1 1010
8209 17437 7206738 1 1010
8209 17437 7206748 1 1010
8209 17437 7206758 1 1010
8208 17437 7206768 1 1010
8208 17438 7206778 1 1010
8207 17438 7206788 1 1010
8207 17438 7206798 1 1010
