8142 18308 8213395 1 808
8166 18194 8213405 1 775
8211 18082 8213415 1 774
8092 18029 8213425 1 797
8023 17996 8213435 1 837
8003 17994 8213445 1 884
8045 18067 8213455 1 980
8038 18135 8213465 1 1010
8015 18210 8213475 1 1020
8013 18284 8213485 1 1003
8052 18347 8213495 1 953
8120 18396 8213505 1 878
8214 18439 8213515 1 669
8218 18435 8213525 1 545
8213 18420 8213535 1 417
8219 18398 8213545 1 287
8245 18373 8213555 1 162
8284 18351 8213565 1 45
8332 18311 8213575 0 0
8332 18290 8213585 0 0
8338 18271 8213595 0 0
8339 18255 8213605 0 0
8334 18243 8213615 0 0
8317 18235 8213625 0 0
8260 18236 8213635 1 144
8228 18243 8213645 1 331
8196 18256 8213655 1 519
8165 18259 8213665 1 682
8136 18254 8213675 1 804
8109 18242 8213685 1 887
8076 18197 8213695 1 948
8077 18170 8213705 1 937
8088 18141 8213715 1 901
8106 18110 8213725 1 846
8131 18080 8213735 1 776
8160 18064 8213745 1 694
8229 18082 8213755 1 515
8258 18106 8213765 1 426
8285 18139 8213775 1 344
8304 18178 8213785 1 274
8315 18222 8213795 1 220
8318 18267 8213805 1 186
8292 18356 8213815 1 206
8267 18389 8213825 1 265
8235 18414 8213835 1 365
8197 18428 8213845 1 513
8157 18430 8213855 1 712
8116 18419 8213865 1 969
8042 18358 8213875 1 1024
8017 18314 8213885 1 1024
8002 18263 8213895 1 1024
8001 18208 8213905 1 1024
8019 18154 8213915 1 1024
8057 18102 8213925 1 1024
8145 17984 8213935 1 1024
8242 17944 8213945 1 1024
8385 17925 8213955 1 1024
