7975 18489 7633268 1 788
7975 18489 7633278 1 762
7975 18489 7633288 1 741
7975 18488 7633298 1 725
7975 18489 7633308 1 714
7977 18489 7633318 1 710
7984 18491 7633328 1 706
7989 18491 7633338 1 707
7994 18490 7633348 1 711
7999 18488 7633358 1 717
8005 18486 7633368 1 721
8010 18483 7633378 1 725
8020 18473 7633388 1 746
8024 18467 7633398 1 758
8029 18460 7633408 1 769
8034 18454 7633418 1 774
8038 18447 7633428 1 780
8042 18440 7633438 1 790
8050 18428 7633448 1 805
8053 18423 7633458 1 810
8056 18419 7633468 1 811
8058 18415 7633478 1 810
8060 18413 7633488 1 808
8062 18410 7633498 1 802
8064 18405 7633508 1 775
8066 18402 7633518 1 766
8067 18397 7633528 1 753
8068 18390 7633538 1 725
8068 18382 7633548 1 691
8067 18371 7633558 1 652
8061 18345 7633568 1 585
8056 18331 7633578 1 560
8050 18317 7633588 1 512
8042 18303 7633598 1 462
8034 18291 7633608 1 413
8025 18280 7633618 1 365
8010 18262 7633628 1 320
8004 18256 7633638 1 280
7999 18251 7633648 1 244
7996 18247 7633658 1 220
7994 18244 7633668 1 219
7994 18241 7633678 1 220
7996 18238 7633688 1 217
7998 18237 7633698 1 216
8001 18237 7633708 1 214
8004 18238 7633718 1 252
8007 18239 7633728 1 274
8010 18241 7633738 1 299
8017 18244 7633748 1 418
8021 18246 7633758 1 483
8024 18248 7633768 1 547
8026 18249 7633778 1 579
8028 18250 7633788 1 608
8030 18251 7633798 1 663
8033 18253 7633808 1 741
8035 18253 7633818 1 759
8036 18254 7633828 1 765
8038 18254 7633838 1 765
8039 18254 7633848 1 761
8040 18254 7633858 1 753
8042 18254 7633868 1 734
8044 18254 7633878 1 729
8046 18253 7633888 1 725
8048 18252 7633898 1 718
8052 18250 7633908 1 712
8055 18248 7633918 1 708
8060 18243 7633928 1 703
8062 18241 7633938 1 702
8063 18239 7633948 1 700
8064 18239 7633958 1 699
8065 18239 7633968 1 699
8065 18241 7633978 1 699
8064 18249 7633988 1 701
8062 18254 7633998 1 703
8060 18260 7634008 1 706
8058 18266 7634018 1 709
8055 18274 7634028 1 712
8052 18281 7634038 1 714
8045 18298 7634048 1 721
8042 18307 7634058 1 725
8040 18316 7634068 1 729
8037 18325 7634078 1 739
8035 18334 7634088 1 742
8033 18343 7634098 1 743
8030 18359 7634108 1 752
8029 18366 7634118 1 756
8028 18372 7634128 1 760
8026 18378 7634138 1 762
8025 18383 7634148 1 763
8024 18387 7634158 1 766
8023 18392 7634168 1 771
8022 18394 7634178 1 773
8021 18395 7634188 1 774
8021 18395 7634198 1 775
8020 18395 7634208 1 776
8018 18395 7634218 1 777
8016 18393 7634228 1 779
8015 18392 7634238 1 779
8014 18390 7634248 1 779
8013 18389 7634258 1 780
8012 18388 7634268 1 780
8012 18387 7634278 1 779
8012 18386 7634288 1 779
8013 18386 7634298 1 779
8014 18386 7634308 1 779
8015 18387 7634318 1 779
8016 18388 7634328 1 778
8018 18389 7634338 1 778
8021 18393 7634348 1 778
8023 18396 7634358 1 778
8025 18399 7634368 1 777
8027 18403 7634378 1 777
8029 18406 7634388 1 777
8031 18410 7634398 1 777
8034 18417 7634408 1 778
8036 18421 7634418 1 779
8037 18424 7634428 1 779
8038 18427 7634438 1 779
8040 18430 7634448 1 780
8041 18432 7634458 1 780
8042 18435 7634468 1 782
8043 18435 7634478 1 783
8043 18436 7634488 1 784
8043 18435 7634498 1 784
8043 18435 7634508 1 785
8042 18433 7634518 1 785
8039 18429 7634528 1 787
8038 18426 7634538 1 788
8036 18423 7634548 1 788
8035 18420 7634558 1 789
8033 18417 7634568 1 790
8030 18413 7634578 1 791
8026 18406 7634588 1 792
8023 18403 7634598 1 793
8021 18400 7634608 1 793
8018 18398 7634618 1 793
8016 18396 7634628 1 794
8014 18394 7634638 1 795
8010 18392 7634648 1 796
8009 18392 7634658 1 797
8007 18393 7634668 1 798
8006 18394 7634678 1 798
8005 18396 7634688 1 798
8004 18397 7634698 1 799
8004 18402 7634708 1 800
8004 18404 7634718 1 801
8003 18407 7634728 1 801
8003 18410 7634738 1 802
8003 18413 7634748 1 803
8004 18416 7634758 1 803
8005 18422 7634768 1 805
8006 18425 7634778 1 806
8006 18428 7634788 1 806
8007 18431 7634798 1 807
8008 18434 7634808 1 808
8009 18436 7634818 1 808
8010 18439 7634828 1 809
8011 18440 7634838 1 810
8011 18441 7634848 1 811
8011 18440 7634858 1 811
8012 18440 7634868 1 812
8012 18438 7634878 1 813
8014 18433 7634888 1 816
8015 18430 7634898 1 817
8016 18427 7634908 1 817
8017 18423 7634918 1 817
8018 18419 7634928 1 818
8019 18414 7634938 1 819
8022 18405 7634948 1 820
8024 18400 7634958 1 820
8026 18395 7634968 1 821
8028 18391 7634978 1 822
8029 18386 7634988 1 823
8031 18382 7634998 1 824
8033 18375 7635008 1 825
8034 18372 7635018 1 826
8035 18369 7635028 1 827
8036 18366 7635038 1 828
8037 18363 7635048 1 829
8038 18361 7635058 1 830
8039 18357 7635068 1 830
8039 18355 7635078 1 831
8040 18354 7635088 1 832
8041 18353 7635098 1 833
8043 18353 7635108 1 833
8044 18354 7635118 1 833
8048 18357 7635128 1 835
8050 18359 7635138 1 836
8052 18362 7635148 1 837
8054 18365 7635158 1 838
8056 18369 7635168 1 838
8058 18374 7635178 1 839
8061 18383 7635188 1 841
8062 18388 7635198 1 842
8064 18393 7635208 1 843
8065 18397 7635218 1 843
8065 18401 7635228 1 844
8066 18405 7635238 1 845
8066 18411 7635248 1 847
8066 18413 7635258 1 848
8066 18415 7635268 1 848
8066 18415 7635278 1 849
8067 18415 7635288 1 850
8067 18414 7635298 1 851
8068 18409 7635308 1 853
8069 18406 7635318 1 853
8070 18403 7635328 1 853
8071 18400 7635338 1 854
8072 18397 7635348 1 855
8072 18394 7635358 1 855
8074 18391 7635368 1 857
8075 18391 7635378 1 857
8076 18391 7635388 1 858
8077 18392 7635398 1 859
8078 18393 7635408 1 860
8079 18395 7635418 1 861
8081 18401 7635428 1 862
8082 18404 7635438 1 863
8083 18408 7635448 1 864
8084 18412 7635458 1 865
8085 18416 7635468 1 866
8086 18420 7635478 1 867
8088 18428 7635488 1 868
8089 18432 7635498 1 869
8091 18435 7635508 1 870
8092 18437 7635518 1 871
8093 18440 7635528 1 872
8094 18442 7635538 1 872
8097 18444 7635548 1 874
8098 18445 7635558 1 875
8099 18445 7635568 1 876
8100 18445 7635578 1 877
8101 18445 7635588 1 877
8102 18445 7635598 1 878
8103 18444 7635608 1 880
8103 18444 7635618 1 882
8103 18443 7635628 1 882
8103 18443 7635638 1 882
8103 18442 7635648 1 883
8102 18441 7635658 1 884
8102 18440 7635668 1 886
8101 18439 7635678 1 887
8101 18438 7635688 1 887
8101 18437 7635698 1 888
8100 18436 7635708 1 890
8100 18435 7635718 1 891
8099 18432 7635728 1 893
8098 18431 7635738 1 893
8097 18429 7635748 1 894
8096 18427 7635758 1 895
8095 18425 7635768 1 896
8094 18422 7635778 1 897
8092 18417 7635788 1 898
8092 18414 7635798 1 899
8092 18412 7635808 1 900
8092 18409 7635818 1 901
8092 18407 7635828 1 902
8092 18406 7635838 1 902
8093 18404 7635848 1 904
8093 18404 7635858 1 905
8093 18404 7635868 1 906
8093 18404 7635878 1 906
8093 18405 7635888 1 907
8094 18406 7635898 1 907
8095 18409 7635908 1 909
8096 18411 7635918 1 910
8096 18413 7635928 1 911
8098 18414 7635938 1 912
8099 18416 7635948 1 912
8101 18417 7635958 1 913
8104 18418 7635968 1 914
8106 18418 7635978 1 915
8108 18418 7635988 1 915
8109 18418 7635998 1 916
8111 18417 7636008 1 917
8112 18416 7636018 1 918
8113 18414 7636028 1 919
8114 18412 7636038 1 920
8114 18410 7636048 1 920
8113 18408 7636058 1 921
8113 18405 7636068 1 922
8112 18403 7636078 1 923
8109 18397 7636088 1 924
8108 18393 7636098 1 925
8107 18390 7636108 1 926
8105 18387 7636118 1 926
8104 18383 7636128 1 927
8103 18379 7636138 1 928
8101 18372 7636148 1 928
8101 18368 7636158 1 929
8100 18365 7636168 1 930
8100 18361 7636178 1 931
8100 18358 7636188 1 932
8099 18355 7636198 1 933
8099 18350 7636208 1 934
8099 18348 7636218 1 935
8100 18346 7636228 1 936
8100 18345 7636238 1 936
8100 18344 7636248 1 936
8101 18344 7636258 1 936
8103 18344 7636268 1 938
8105 18344 7636278 1 939
8107 18345 7636288 1 940
8109 18346 7636298 1 940
8111 18348 7636308 1 941
8113 18350 7636318 1 942
8117 18354 7636328 1 944
8119 18356 7636338 1 943
8121 18359 7636348 1 944
8124 18361 7636358 1 944
8126 18364 7636368 1 945
8128 18367 7636378 1 946
8132 18373 7636388 1 948
8133 18376 7636398 1 948
8134 18379 7636408 1 949
8135 18382 7636418 1 950
8136 18385 7636428 1 949
8136 18388 7636438 1 950
8136 18394 7636448 1 952
8135 18397 7636458 1 952
8135 18400 7636468 1 953
8134 18403 7636478 1 954
8132 18405 7636488 1 955
8131 18408 7636498 1 956
8128 18413 7636508 1 956
8126 18416 7636518 1 957
8125 18418 7636528 1 958
8124 18420 7636538 1 959
8124 18421 7636548 1 960
8124 18422 7636558 1 960
8125 18423 7636568 1 961
8125 18422 7636578 1 961
8126 18421 7636588 1 962
8127 18420 7636598 1 963
8129 18417 7636608 1 963
8131 18415 7636618 1 964
8134 18407 7636628 1 966
8137 18403 7636638 1 966
8139 18398 7636648 1 966
8141 18393 7636658 1 966
8143 18389 7636668 1 967
8145 18384 7636678 1 968
8149 18376 7636688 1 970
8150 18372 7636698 1 970
8151 18369 7636708 1 971
8152 18366 7636718 1 971
8153 18363 7636728 1 971
8153 18361 7636738 1 972
8154 18357 7636748 1 974
8154 18356 7636758 1 974
8153 18355 7636768 1 974
8153 18354 7636778 1 975
8152 18353 7636788 1 975
8151 18353 7636798 1 976
8149 18352 7636808 1 977
8149 18352 7636818 1 978
8148 18352 7636828 1 978
8148 18352 7636838 1 979
8148 18352 7636848 1 979
8148 18352 7636858 1 980
8148 18352 7636868 1 981
8149 18352 7636878 1 982
8149 18352 7636888 1 982
8149 18352 7636898 1 982
8149 18352 7636908 1 983
8149 18352 7636918 1 983
8148 18353 7636928 1 985
8147 18353 7636938 1 985
8146 18353 7636948 1 986
8145 18354 7636958 1 986
8143 18354 7636968 1 986
8142 18354 7636978 1 987
8140 18355 7636988 1 988
8139 18356 7636998 1 989
8139 18356 7637008 1 989
8139 18357 7637018 1 989
8139 18357 7637028 1 990
8140 18357 7637038 1 991
8141 18358 7637048 1 992
8142 18358 7637058 1 991
8143 18359 7637068 1 991
8144 18359 7637078 1 991
8144 18359 7637088 1 991
8145 18360 7637098 1 991
8146 18362 7637108 1 991
8146 18364 7637118 1 991
8146 18365 7637128 1 991
8146 18367 7637138 1 990
8147 18369 7637148 1 990
8147 18371 7637158 1 989
8149 18373 7637168 1 989
8150 18374 7637178 1 989
8151 18374 7637188 1 989
8152 18374 7637198 1 989
8153 18374 7637208 1 989
8154 18374 7637218 1 989
8155 18372 7637228 1 988
8156 18372 7637238 1 988
8156 18371 7637248 1 987
8156 18371 7637258 1 987
8157 18370 7637268 1 987
8157 18370 7637278 1 987
8158 18370 7637288 1 987
8158 18371 7637298 1 986
8159 18371 7637308 1 986
8160 18372 7637318 1 986
8160 18372 7637328 1 986
8161 18373 7637338 1 986
8162 18374 7637348 1 985
8163 18374 7637358 1 985
8164 18375 7637368 1 985
8164 18375 7637378 1 984
8164 18375 7637388 1 984
8165 18374 7637398 1 984
8164 18373 7637408 1 984
8164 18372 7637418 1 984
8164 18371 7637428 1 984
8164 18371 7637438 1 984
8163 18370 7637448 1 984
8163 18369 7637458 1 983
8162 18368 7637468 1 982
8161 18368 7637478 1 982
8161 18367 7637488 1 982
8160 18367 7637498 1 982
8160 18367 7637508 1 982
8160 18367 7637518 1 982
8160 18368 7637528 1 981
8161 18369 7637538 1 981
8162 18370 7637548 1 981
8163 18371 7637558 1 981
8164 18372 7637568 1 980
8166 18373 7637578 1 980
8169 18375 7637588 1 980
8170 18376 7637598 1 980
8172 18377 7637608 1 979
8173 18377 7637618 1 979
8174 18377 7637628 1 979
8175 18378 7637638 1 979
8177 18377 7637648 1 979
8177 18377 7637658 1 979
8178 18376 7637668 1 979
8178 18375 7637678 1 978
8179 18374 7637688 1 977
8179 18373 7637698 1 977
8180 18372 7637708 1 977
8180 18372 7637718 1 977
8181 18371 7637728 1 977
8181 18371 7637738 1 977
8181 18370 7637748 1 977
8181 18369 7637758 1 977
8179 18368 7637768 1 976
8179 18367 7637778 1 976
8178 18367 7637788 1 976
8177 18366 7637798 1 975
8175 18366 7637808 1 975
8174 18366 7637818 1 975
8172 18365 7637828 1 974
8171 18365 7637838 1 974
8170 18365 7637848 1 974
8170 18365 7637858 1 974
8169 18365 7637868 1 974
8169 18365 7637878 1 974
8171 18365 7637888 1 974
8172 18365 7637898 1 974
8173 18365 7637908 1 973
8174 18365 7637918 1 973
8176 18365 7637928 1 972
8177 18365 7637938 1 972
8181 18366 7637948 1 972
8183 18366 7637958 1 972
8184 18367 7637968 1 972
