8032 18760 4102812 1 776
8032 18760 4102822 1 745
8032 18760 4102832 1 720
8031 18760 4102842 1 702
8032 18761 4102852 1 689
8034 18761 4102862 1 684
8037 18762 4102872 1 682
8041 18762 4102882 1 679
8051 18760 4102892 1 685
8056 18758 4102902 1 693
8061 18755 4102912 1 697
8067 18751 4102922 1 702
8072 18746 4102932 1 714
8078 18741 4102942 1 727
8083 18735 4102952 1 741
8089 18728 4102962 1 754
8101 18715 4102972 1 768
8107 18709 4102982 1 779
8112 18703 4102992 1 789
8117 18698 4103002 1 797
8122 18694 4103012 1 802
8126 18690 4103022 1 804
8130 18687 4103032 1 803
8133 18685 4103042 1 800
8137 18681 4103052 1 780
8139 18679 4103062 1 762
8141 18676 4103072 1 751
8142 18672 4103082 1 737
8143 18667 4103092 1 704
8144 18659 4103102 1 665
8143 18650 4103112 1 619
8141 18639 4103122 1 568
8131 18614 4103132 1 514
8124 18600 4103142 1 457
8116 18587 4103152 1 400
8106 18575 4103162 1 343
8097 18564 4103172 1 288
8089 18555 4103182 1 261
8081 18546 4103192 1 237
8075 18539 4103202 1 191
8066 18528 4103212 1 123
8064 18524 4103222 1 123
8064 18520 4103232 1 124
8064 18516 4103242 1 122
8066 18513 4103252 1 122
8068 18511 4103262 1 121
8071 18510 4103272 1 120
8075 18509 4103282 1 163
8084 18510 4103292 1 218
8089 18511 4103302 1 284
8093 18513 4103312 1 355
8098 18515 4103322 1 430
8102 18516 4103332 1 503
8106 18518 4103342 1 540
8109 18519 4103352 1 573
8112 18521 4103362 1 636
8117 18523 4103372 1 725
8120 18524 4103382 1 746
8121 18525 4103392 1 753
8123 18526 4103402 1 753
8124 18526 4103412 1 749
8126 18527 4103422 1 740
8127 18527 4103432 1 728
8128 18528 4103442 1 718
8130 18528 4103452 1 708
8133 18527 4103462 1 700
8136 18526 4103472 1 694
8139 18523 4103482 1 689
8142 18521 4103492 1 685
8144 18518 4103502 1 683
8145 18516 4103512 1 682
8146 18514 4103522 1 680
8146 18514 4103532 1 680
8146 18515 4103542 1 680
8145 18519 4103552 1 680
8143 18523 4103562 1 682
8141 18529 4103572 1 685
8138 18534 4103582 1 688
8135 18541 4103592 1 691
8131 18548 4103602 1 695
8123 18564 4103612 1 700
8119 18573 4103622 1 705
8115 18582 4103632 1 710
8111 18591 4103642 1 715
8108 18600 4103652 1 726
8105 18608 4103662 1 730
8102 18617 4103672 1 731
8099 18625 4103682 1 736
8096 18639 4103692 1 745
8095 18645 4103702 1 749
8095 18651 4103712 1 752
8095 18656 4103722 1 753
8095 18661 4103732 1 756
8095 18664 4103742 1 759
8094 18667 4103752 1 762
8094 18668 4103762 1 764
8094 18670 4103772 1 766
8094 18669 4103782 1 768
8094 18668 4103792 1 769
8094 18667 4103802 1 770
8095 18665 4103812 1 771
8095 18663 4103822 1 771
8095 18662 4103832 1 771
8095 18660 4103842 1 772
8097 18657 4103852 1 772
8097 18656 4103862 1 772
8098 18656 4103872 1 772
8099 18655 4103882 1 772
8099 18656 4103892 1 772
8100 18656 4103902 1 772
8101 18658 4103912 1 771
8101 18659 4103922 1 771
8103 18665 4103932 1 771
8104 18668 4103942 1 771
8105 18672 4103952 1 770
8107 18676 4103962 1 770
8108 18680 4103972 1 770
8109 18684 4103982 1 771
8111 18688 4103992 1 771
8112 18692 4104002 1 771
8115 18699 4104012 1 772
8117 18701 4104022 1 773
8119 18704 4104032 1 774
8121 18706 4104042 1 774
8123 18707 4104052 1 775
8125 18708 4104062 1 776
8126 18708 4104072 1 777
8128 18708 4104082 1 778
8131 18706 4104092 1 779
8132 18704 4104102 1 780
8133 18702 4104112 1 781
8133 18699 4104122 1 782
8133 18696 4104132 1 783
8132 18693 4104142 1 783
8131 18689 4104152 1 784
8129 18685 4104162 1 785
8125 18679 4104172 1 787
8123 18676 4104182 1 788
8121 18673 4104192 1 789
8118 18671 4104202 1 789
8116 18670 4104212 1 789
8113 18668 4104222 1 790
8110 18667 4104232 1 791
8107 18667 4104242 1 792
8100 18667 4104252 1 793
8096 18668 4104262 1 794
8092 18669 4104272 1 794
8089 18671 4104282 1 795
8085 18673 4104292 1 796
8081 18676 4104302 1 796
8078 18679 4104312 1 797
8075 18683 4104322 1 798
8070 18691 4104332 1 799
8069 18696 4104342 1 800
8068 18700 4104352 1 800
8067 18704 4104362 1 801
8067 18707 4104372 1 802
8068 18710 4104382 1 803
8068 18713 4104392 1 804
8068 18716 4104402 1 805
8070 18720 4104412 1 806
8071 18722 4104422 1 806
8071 18723 4104432 1 807
8072 18724 4104442 1 808
8073 18725 4104452 1 809
8074 18724 4104462 1 809
8076 18724 4104472 1 810
8077 18722 4104482 1 811
8080 18718 4104492 1 814
8082 18715 4104502 1 815
8084 18712 4104512 1 815
8086 18708 4104522 1 816
8088 18704 4104532 1 817
8091 18700 4104542 1 818
8093 18696 4104552 1 819
8096 18691 4104562 1 819
8100 18682 4104572 1 820
8101 18678 4104582 1 821
8103 18674 4104592 1 822
8104 18669 4104602 1 823
8106 18665 4104612 1 824
8107 18661 4104622 1 824
8109 18657 4104632 1 825
8110 18653 4104642 1 826
8114 18646 4104652 1 828
8115 18642 4104662 1 829
8116 18639 4104672 1 829
8118 18636 4104682 1 830
8119 18634 4104692 1 831
8120 18631 4104702 1 832
8121 18630 4104712 1 833
8122 18628 4104722 1 833
8124 18628 4104732 1 834
8125 18629 4104742 1 835
8126 18631 4104752 1 836
8128 18633 4104762 1 837
8130 18636 4104772 1 838
8132 18640 4104782 1 838
8134 18644 4104792 1 839
8136 18648 4104802 1 840
8141 18657 4104812 1 842
8144 18661 4104822 1 843
8147 18666 4104832 1 843
8149 18670 4104842 1 844
8152 18673 4104852 1 845
8154 18677 4104862 1 846
8156 18679 4104872 1 847
8158 18681 4104882 1 848
8162 18683 4104892 1 849
8164 18683 4104902 1 850
8166 18682 4104912 1 851
8168 18680 4104922 1 852
8169 18678 4104932 1 853
8170 18676 4104942 1 853
8171 18673 4104952 1 853
8172 18670 4104962 1 854
8172 18666 4104972 1 855
8173 18664 4104982 1 856
8173 18663 4104992 1 857
8172 18663 4105002 1 857
8172 18663 4105012 1 858
8172 18664 4105022 1 859
8171 18665 4105032 1 860
8170 18667 4105042 1 861
8169 18672 4105052 1 862
8169 18676 4105062 1 863
8168 18680 4105072 1 864
8168 18684 4105082 1 865
8168 18688 4105092 1 866
8168 18692 4105102 1 867
8168 18696 4105112 1 867
8168 18700 4105122 1 868
8169 18707 4105132 1 870
8169 18710 4105142 1 871
8169 18712 4105152 1 872
8170 18714 4105162 1 872
8170 18715 4105172 1 873
8171 18716 4105182 1 874
8171 18716 4105192 1 875
8172 18716 4105202 1 876
8175 18716 4105212 1 877
8175 18716 4105222 1 878
8176 18715 4105232 1 879
8177 18715 4105242 1 880
8178 18715 4105252 1 882
8178 18715 4105262 1 882
8178 18715 4105272 1 882
8178 18715 4105282 1 883
8179 18715 4105292 1 885
8180 18716 4105302 1 886
8180 18716 4105312 1 887
8180 18715 4105322 1 887
8181 18715 4105332 1 888
8181 18715 4105342 1 890
8181 18714 4105352 1 891
8180 18713 4105362 1 892
8179 18709 4105372 1 893
8177 18707 4105382 1 894
8176 18704 4105392 1 895
8175 18701 4105402 1 896
8173 18697 4105412 1 897
8172 18694 4105422 1 898
8171 18691 4105432 1 898
8171 18687 4105442 1 899
8170 18682 4105452 1 901
8171 18679 4105462 1 902
8171 18677 4105472 1 903
8171 18676 4105482 1 903
8172 18674 4105492 1 904
8173 18673 4105502 1 905
8173 18672 4105512 1 906
8174 18671 4105522 1 907
8177 18671 4105532 1 908
8178 18671 4105542 1 909
8180 18671 4105552 1 910
8181 18671 4105562 1 911
8183 18672 4105572 1 912
8185 18672 4105582 1 913
8187 18673 4105592 1 913
8189 18673 4105602 1 914
8192 18674 4105612 1 915
8193 18674 4105622 1 916
8194 18675 4105632 1 917
8195 18675 4105642 1 917
8196 18676 4105652 1 918
8196 18677 4105662 1 919
8196 18677 4105672 1 920
8196 18677 4105682 1 921
8195 18678 4105692 1 922
8194 18677 4105702 1 923
8194 18676 4105712 1 924
8194 18675 4105722 1 925
8193 18674 4105732 1 926
8193 18672 4105742 1 927
8193 18669 4105752 1 927
8193 18666 4105762 1 928
8193 18660 4105772 1 929
8193 18656 4105782 1 930
8193 18652 4105792 1 931
8193 18648 4105802 1 931
8194 18644 4105812 1 932
8194 18639 4105822 1 933
8194 18636 4105832 1 934
8194 18632 4105842 1 935
8194 18625 4105852 1 936
8194 18622 4105862 1 937
8194 18619 4105872 1 938
8194 18616 4105882 1 939
8195 18614 4105892 1 939
8195 18612 4105902 1 939
8196 18611 4105912 1 940
8197 18610 4105922 1 941
8198 18609 4105932 1 943
8198 18610 4105942 1 944
8199 18611 4105952 1 945
8199 18613 4105962 1 945
8199 18615 4105972 1 946
8199 18617 4105982 1 947
8200 18620 4105992 1 948
8200 18623 4106002 1 948
8201 18629 4106012 1 949
8201 18632 4106022 1 950
8201 18635 4106032 1 951
8202 18638 4106042 1 952
8202 18642 4106052 1 953
8203 18645 4106062 1 953
8203 18648 4106072 1 954
8204 18650 4106082 1 955
8205 18656 4106092 1 956
8205 18658 4106102 1 957
8205 18660 4106112 1 957
8206 18663 4106122 1 958
8207 18665 4106132 1 959
8207 18667 4106142 1 960
8208 18669 4106152 1 961
8209 18672 4106162 1 962
8210 18676 4106172 1 963
8211 18679 4106182 1 964
8212 18681 4106192 1 965
8212 18683 4106202 1 966
8213 18684 4106212 1 967
8213 18686 4106222 1 967
8213 18686 4106232 1 968
8214 18687 4106242 1 969
8215 18686 4106252 1 970
8216 18685 4106262 1 971
8217 18683 4106272 1 971
8219 18681 4106282 1 972
8220 18678 4106292 1 973
8222 18675 4106302 1 974
8224 18671 4106312 1 975
8226 18667 4106322 1 975
8229 18660 4106332 1 976
8231 18656 4106342 1 977
8232 18653 4106352 1 978
8233 18650 4106362 1 979
8234 18648 4106372 1 980
8234 18645 4106382 1 980
8235 18643 4106392 1 981
8235 18641 4106402 1 981
8237 18639 4106412 1 983
8238 18637 4106422 1 984
8240 18637 4106432 1 984
8241 18636 4106442 1 985
8243 18635 4106452 1 986
8245 18635 4106462 1 986
8247 18634 4106472 1 987
8249 18634 4106482 1 988
8253 18633 4106492 1 989
8254 18632 4106502 1 990
8256 18631 4106512 1 991
8257 18630 4106522 1 991
8258 18629 4106532 1 992
8258 18629 4106542 1 992
8258 18628 4106552 1 992
8258 18627 4106562 1 993
8256 18627 4106572 1 994
8255 18627 4106582 1 995
8254 18627 4106592 1 996
8253 18627 4106602 1 996
8251 18628 4106612 1 997
8249 18629 4106622 1 998
8248 18630 4106632 1 999
8246 18631 4106642 1 999
8241 18633 4106652 1 1000
8239 18633 4106662 1 1001
8236 18634 4106672 1 1002
8234 18634 4106682 1 1003
8232 18634 4106692 1 1003
8231 18634 4106702 1 1004
8230 18635 4106712 1 1004
8229 18635 4106722 1 1005
8228 18635 4106732 1 1007
8228 18636 4106742 1 1006
8228 18636 4106752 1 1006
8228 18636 4106762 1 1006
8228 18636 4106772 1 1006
8228 18637 4106782 1 1006
8229 18637 4106792 1 1006
8229 18638 4106802 1 1006
8232 18640 4106812 1 1006
8234 18641 4106822 1 1006
8235 18643 4106832 1 1006
8237 18644 4106842 1 1005
8240 18645 4106852 1 1005
8242 18646 4106862 1 1005
8245 18647 4106872 1 1005
8247 18647 4106882 1 1005
8251 18648 4106892 1 1005
8253 18649 4106902 1 1005
8254 18649 4106912 1 1005
8255 18649 4106922 1 1004
8256 18649 4106932 1 1004
8257 18649 4106942 1 1004
8257 18649 4106952 1 1004
8258 18649 4106962 1 1004
8259 18649 4106972 1 1004
8260 18649 4106982 1 1004
8260 18650 4106992 1 1003
8261 18650 4107002 1 1003
8261 18650 4107012 1 1003
8262 18650 4107022 1 1003
8262 18650 4107032 1 1003
8262 18650 4107042 1 1003
8263 18650 4107052 1 1003
8262 18650 4107062 1 1003
8262 18650 4107072 1 1002
8262 18649 4107082 1 1002
8262 18649 4107092 1 1002
8261 18649 4107102 1 1002
8261 18649 4107112 1 1002
8261 18648 4107122 1 1002
8261 18648 4107132 1 1002
8262 18648 4107142 1 1002
8262 18647 4107152 1 1001
8263 18647 4107162 1 1001
8263 18647 4107172 1 1001
8264 18647 4107182 1 1001
8265 18646 4107192 1 1001
8266 18646 4107202 1 1001
8269 18646 4107212 1 1001
8270 18646 4107222 1 1001
8271 18647 4107232 1 1000
8272 18647 4107242 1 1000
8273 18647 4107252 1 1000
8274 18647 4107262 1 1000
8276 18647 4107272 1 1000
8277 18647 4107282 1 1000
8279 18647 4107292 1 1000
8280 18647 4107302 1 1000
8281 18647 4107312 1 999
8282 18647 4107322 1 999
8283 18647 4107332 1 999
8284 18647 4107342 1 999
8285 18646 4107352 1 999
8285 18646 4107362 1 999
8286 18645 4107372 1 999
8287 18645 4107382 1 999
8287 18644 4107392 1 998
8287 18644 4107402 1 998
8287 18644 4107412 1 998
8286 18644 4107422 1 998
8286 18644 4107432 1 998
8285 18644 4107442 1 998
8284 18644 4107452 1 998
8284 18644 4107462 1 998
8283 18644 4107472 1 997
8282 18644 4107482 1 997
8281 18645 4107492 1 997
8281 18645 4107502 1 997
8280 18645 4107512 1 997
8280 18646 4107522 1 997
8279 18646 4107532 1 997
8279 18647 4107542 1 996
8279 18647 4107552 1 996
8279 18648 4107562 1 996
8280 18648 4107572 1 996
8280 18649 4107582 1 996
8281 18649 4107592 1 996
8281 18650 4107602 1 996
8282 18650 4107612 1 996
8283 18650 4107622 1 995
8283 18650 4107632 1 995
8283 18650 4107642 1 995
8283 18650 4107652 1 995
8283 18649 4107662 1 995
8283 18648 4107672 1 995
8282 18648 4107682 1 995
