7832 17727 8499258 1 853
7832 17727 8499268 1 791
7832 17727 8499278 1 742
7832 17727 8499288 1 703
7832 17727 8499298 1 672
7832 17727 8499308 1 646
7834 17727 8499318 1 626
7838 17728 8499328 1 611
7845 17728 8499338 1 600
7852 17729 8499348 1 593
7859 17730 8499358 1 594
7866 17731 8499368 1 598
7872 17731 8499378 1 606
7877 17731 8499388 1 614
7883 17731 8499398 1 626
7888 17731 8499408 1 639
7892 17730 8499418 1 668
7895 17729 8499428 1 683
7898 17727 8499438 1 698
7899 17724 8499448 1 713
7900 17721 8499458 1 727
7899 17718 8499468 1 740
7897 17713 8499478 1 752
7894 17709 8499488 1 768
7890 17704 8499498 1 772
7885 17700 8499508 1 773
7879 17696 8499518 1 771
7873 17692 8499528 1 765
7867 17689 8499538 1 755
7862 17686 8499548 1 740
7858 17685 8499558 1 694
7854 17685 8499568 1 663
7851 17686 8499578 1 626
7848 17688 8499588 1 584
7846 17691 8499598 1 537
7845 17695 8499608 1 486
7844 17700 8499618 1 433
7843 17705 8499628 1 319
7844 17711 8499638 1 260
7845 17716 8499648 1 203
7846 17721 8499658 1 144
7849 17726 8499668 1 89
7852 17730 8499678 1 35
7855 17732 8499688 0 0
7858 17734 8499698 0 0
7861 17735 8499708 0 0
7865 17735 8499718 0 0
7869 17733 8499728 0 0
7874 17730 8499738 0 0
7878 17727 8499748 0 0
7883 17722 8499758 0 0
7887 17715 8499768 0 0
7891 17708 8499778 0 0
7895 17700 8499788 0 0
7897 17691 8499798 0 0
7899 17682 8499808 0 0
7900 17673 8499818 0 0
7900 17664 8499828 0 0
7899 17654 8499838 0 0
7897 17645 8499848 0 0
7895 17636 8499858 0 0
7893 17627 8499868 0 0
7890 17617 8499878 1 7
7887 17607 8499888 1 28
7883 17596 8499898 1 44
7879 17585 8499908 1 83
7874 17574 8499918 1 161
7868 17562 8499928 1 202
7862 17549 8499938 1 243
7855 17536 8499948 1 284
7847 17523 8499958 1 326
7839 17510 8499968 1 366
7831 17498 8499978 1 407
7823 17486 8499988 1 485
7816 17476 8499998 1 522
7809 17467 8500008 1 558
7802 17460 8500018 1 592
7795 17455 8500028 1 625
7788 17452 8500038 1 655
7780 17452 8500048 1 683
7773 17455 8500058 1 731
7766 17460 8500068 1 750
7761 17467 8500078 1 767
7756 17476 8500088 1 782
7752 17488 8500098 1 794
7750 17500 8500108 1 803
7748 17514 8500118 1 811
7748 17529 8500128 1 819
7749 17543 8500138 1 821
7750 17558 8500148 1 822
7752 17572 8500158 1 821
7755 17586 8500168 1 819
7759 17598 8500178 1 816
7764 17609 8500188 1 813
7769 17618 8500198 1 803
7775 17625 8500208 1 798
7781 17631 8500218 1 792
7787 17635 8500228 1 786
7794 17637 8500238 1 781
7801 17638 8500248 1 776
7809 17639 8500258 1 772
7815 17639 8500268 1 764
7822 17638 8500278 1 762
7828 17638 8500288 1 761
7833 17638 8500298 1 761
7838 17638 8500308 1 762
7843 17637 8500318 1 764
7847 17637 8500328 1 766
7850 17638 8500338 1 770
7853 17638 8500348 1 771
7854 17639 8500358 1 772
7856 17641 8500368 1 773
7856 17642 8500378 1 774
7856 17643 8500388 1 775
7856 17644 8500398 1 776
7855 17645 8500408 1 778
7854 17645 8500418 1 779
7852 17645 8500428 1 779
7851 17645 8500438 1 780
7849 17643 8500448 1 781
7847 17642 8500458 1 782
7846 17640 8500468 1 783
7844 17638 8500478 1 785
7843 17637 8500488 1 786
7842 17635 8500498 1 787
7842 17633 8500508 1 789
7842 17631 8500518 1 790
7842 17630 8500528 1 791
7843 17629 8500538 1 792
7844 17628 8500548 1 793
7846 17628 8500558 1 795
7849 17627 8500568 1 796
7852 17626 8500578 1 798
7855 17625 8500588 1 799
7859 17624 8500598 1 800
7864 17624 8500608 1 801
7868 17623 8500618 1 802
7872 17622 8500628 1 804
7875 17621 8500638 1 806
7879 17620 8500648 1 807
7881 17620 8500658 1 808
7883 17620 8500668 1 809
7884 17620 8500678 1 810
7884 17621 8500688 1 811
7884 17622 8500698 1 813
7883 17624 8500708 1 815
7882 17627 8500718 1 817
7880 17630 8500728 1 818
7878 17634 8500738 1 819
7876 17638 8500748 1 820
7873 17642 8500758 1 821
7870 17647 8500768 1 823
7867 17651 8500778 1 824
7865 17656 8500788 1 825
7863 17660 8500798 1 826
7862 17664 8500808 1 827
7861 17667 8500818 1 828
7860 17669 8500828 1 829
7859 17671 8500838 1 831
7859 17671 8500848 1 832
7858 17670 8500858 1 833
7858 17668 8500868 1 834
7858 17664 8500878 1 834
7858 17659 8500888 1 835
7858 17653 8500898 1 836
7858 17646 8500908 1 838
7858 17639 8500918 1 839
7857 17631 8500928 1 840
7857 17623 8500938 1 841
7856 17616 8500948 1 841
7855 17610 8500958 1 842
7854 17604 8500968 1 843
7853 17600 8500978 1 846
7852 17597 8500988 1 847
7851 17595 8500998 1 848
7850 17595 8501008 1 849
7848 17597 8501018 1 850
7846 17599 8501028 1 852
7843 17603 8501038 1 853
7840 17608 8501048 1 856
7838 17613 8501058 1 858
7835 17619 8501068 1 859
7833 17624 8501078 1 861
7831 17629 8501088 1 862
7830 17633 8501098 1 865
7829 17636 8501108 1 866
7828 17638 8501118 1 867
7828 17638 8501128 1 867
7828 17637 8501138 1 868
7829 17635 8501148 1 868
7829 17634 8501158 1 867
7830 17632 8501168 1 866
7832 17627 8501178 1 866
7834 17621 8501188 1 865
7837 17615 8501198 1 864
7841 17607 8501208 1 861
7845 17600 8501218 1 860
7849 17592 8501228 1 859
7854 17584 8501238 1 858
7859 17577 8501248 1 857
7863 17571 8501258 1 857
7868 17566 8501268 1 857
7873 17561 8501278 1 858
7877 17558 8501288 1 860
7881 17556 8501298 1 862
7885 17555 8501308 1 865
7889 17555 8501318 1 869
7892 17556 8501328 1 874
7894 17558 8501338 1 880
7896 17561 8501348 1 896
7897 17566 8501358 1 905
7897 17571 8501368 1 915
7897 17577 8501378 1 926
7896 17583 8501388 1 937
7895 17589 8501398 1 950
7893 17596 8501408 1 962
7890 17602 8501418 1 988
7887 17608 8501428 1 1001
7884 17614 8501438 1 1014
7880 17619 8501448 1 1024
7877 17624 8501458 1 1024
7872 17628 8501468 1 1024
7868 17632 8501478 1 1024
7864 17635 8501488 1 1024
7861 17638 8501498 1 1024
7857 17641 8501508 1 1024
7854 17643 8501518 1 1024
7852 17645 8501528 1 1024
7850 17647 8501538 1 1024
7849 17648 8501548 1 1024
7848 17649 8501558 1 1024
7848 17650 8501568 1 1024
7848 17651 8501578 1 1024
7849 17652 8501588 1 1024
7850 17653 8501598 1 1024
7852 17653 8501608 1 1024
7854 17653 8501618 1 1024
7856 17654 8501628 1 1024
7858 17654 8501638 1 1009
7860 17653 8501648 1 984
7862 17653 8501658 1 955
7864 17652 8501668 1 923
7866 17651 8501678 1 889
7868 17650 8501688 1 850
7869 17648 8501698 1 766
7871 17647 8501708 1 721
7872 17646 8501718 1 673
7874 17645 8501728 1 624
7875 17643 8501738 1 573
7876 17642 8501748 1 522
7877 17640 8501758 1 509
7878 17639 8501768 1 469
7878 17638 8501778 1 362
7879 17636 8501788 1 309
7878 17635 8501798 1 256
7878 17634 8501808 1 203
7877 17633 8501818 1 151
7876 17633 8501828 1 101
7874 17632 8501838 1 51
7873 17630 8501848 0 0
7871 17629 8501858 0 0
7869 17628 8501868 0 0
7868 17626 8501878 0 0
7866 17625 8501888 0 0
7865 17623 8501898 0 0
7864 17620 8501908 0 0
7863 17618 8501918 0 0
7863 17615 8501928 0 0
7864 17613 8501938 0 0
7865 17610 8501948 0 0
7866 17608 8501958 0 0
7868 17607 8501968 0 0
7870 17605 8501978 0 0
7871 17605 8501988 0 0
7873 17605 8501998 0 0
7874 17605 8502008 0 0
7875 17607 8502018 0 0
7877 17608 8502028 0 0
7878 17610 8502038 0 0
7879 17613 8502048 0 0
7879 17615 8502058 1 69
7879 17618 8502068 1 150
7879 17620 8502078 1 237
7879 17622 8502088 1 326
7879 17624 8502098 1 417
7878 17625 8502108 1 508
7877 17626 8502118 1 598
7876 17626 8502128 1 769
7875 17626 8502138 1 845
7875 17625 8502148 1 914
7874 17623 8502158 1 975
7873 17621 8502168 1 1024
7872 17619 8502178 1 1024
7872 17616 8502188 1 1024
7871 17613 8502198 1 1024
7871 17610 8502208 1 1024
7870 17607 8502218 1 1024
7870 17604 8502228 1 1024
7870 17602 8502238 1 1024
7870 17600 8502248 1 1024
7870 17598 8502258 1 1024
7870 17597 8502268 1 1024
7870 17597 8502278 1 1024
7870 17597 8502288 1 1024
7870 17597 8502298 1 1013
7871 17598 8502308 1 993
7872 17600 8502318 1 976
7874 17602 8502328 1 962
7876 17604 8502338 1 938
7879 17607 8502348 1 929
7882 17609 8502358 1 922
7886 17612 8502368 1 917
7890 17615 8502378 1 915
7894 17617 8502388 1 913
7898 17619 8502398 1 912
7903 17620 8502408 1 912
7907 17622 8502418 1 920
7910 17622 8502428 1 925
7914 17622 8502438 1 933
7916 17622 8502448 1 943
7918 17622 8502458 1 954
7919 17621 8502468 1 967
7920 17620 8502478 1 981
7920 17619 8502488 1 1017
7920 17617 8502498 1 1024
7919 17616 8502508 1 1024
7919 17615 8502518 1 1024
7918 17613 8502528 1 1024
7917 17611 8502538 1 1024
7916 17609 8502548 1 1024
7916 17607 8502558 1 1024
7915 17605 8502568 1 1024
7914 17603 8502578 1 1024
7913 17601 8502588 1 1024
7912 17599 8502598 1 1024
7912 17596 8502608 1 1024
7911 17594 8502618 1 1024
7910 17592 8502628 1 1024
7910 17590 8502638 1 1024
7909 17589 8502648 1 1024
7908 17588 8502658 1 1024
7908 17587 8502668 1 1024
7907 17587 8502678 1 1024
7906 17587 8502688 1 1024
7905 17588 8502698 1 1024
7904 17589 8502708 1 1024
7903 17590 8502718 1 1024
7902 17592 8502728 1 1024
7902 17595 8502738 1 1024
7902 17598 8502748 1 1024
7902 17602 8502758 1 1024
7902 17606 8502768 1 917
7903 17610 8502778 1 840
7903 17614 8502788 1 761
7903 17619 8502798 1 680
7903 17623 8502808 1 595
7903 17626 8502818 1 511
7903 17629 8502828 1 428
7903 17632 8502838 1 269
7903 17634 8502848 1 195
7903 17635 8502858 1 127
7902 17636 8502868 1 65
7901 17636 8502878 1 11
7900 17636 8502888 0 0
7899 17634 8502898 0 0
7897 17632 8502908 0 0
7895 17630 8502918 0 0
7893 17628 8502928 0 0
7892 17625 8502938 0 0
7891 17623 8502948 1 2
7889 17621 8502958 1 69
7888 17619 8502968 1 146
7887 17618 8502978 1 331
7886 17617 8502988 1 432
7886 17616 8502998 1 478
7885 17616 8503008 1 537
7885 17616 8503018 1 642
7886 17617 8503028 1 745
7887 17618 8503038 1 845
7888 17619 8503048 1 938
7889 17620 8503058 1 1002
7890 17621 8503068 1 1024
7892 17623 8503078 1 1024
7895 17626 8503088 1 1024
7897 17628 8503098 1 1024
7899 17630 8503108 1 1024
7902 17632 8503118 1 1024
7904 17633 8503128 1 1024
7907 17634 8503138 1 1024
7909 17635 8503148 1 1024
7912 17636 8503158 1 1024
7914 17637 8503168 1 1024
7917 17637 8503178 1 1024
7919 17637 8503188 1 1024
7922 17637 8503198 1 1024
7924 17637 8503208 1 1024
7927 17636 8503218 1 1024
7929 17635 8503228 1 1024
7932 17634 8503238 1 1024
7934 17633 8503248 1 1018
7936 17632 8503258 1 1005
7937 17632 8503268 1 993
7938 17631 8503278 1 973
7939 17631 8503288 1 966
7939 17630 8503298 1 960
7939 17630 8503308 1 956
7938 17629 8503318 1 953
7938 17629 8503328 1 951
7937 17628 8503338 1 950
7936 17628 8503348 1 951
7935 17627 8503358 1 954
7933 17625 8503368 1 957
7932 17624 8503378 1 961
7930 17622 8503388 1 966
7928 17621 8503398 1 972
7926 17619 8503408 1 978
7924 17616 8503418 1 993
7923 17614 8503428 1 1002
7922 17612 8503438 1 1010
7921 17610 8503448 1 1019
7920 17607 8503458 1 1024
7920 17605 8503468 1 1024
7920 17603 8503478 1 1024
7920 17602 8503488 1 1024
7920 17600 8503498 1 1024
7920 17599 8503508 1 1024
7920 17598 8503518 1 1024
7921 17597 8503528 1 1024
7921 17597 8503538 1 1024
7921 17597 8503548 1 1024
7922 17598 8503558 1 1024
7922 17598 8503568 1 1024
7922 17600 8503578 1 1024
7923 17601 8503588 1 1024
7924 17603 8503598 1 1024
7925 17605 8503608 1 1024
7927 17608 8503618 1 1024
7929 17611 8503628 1 1024
7931 17615 8503638 1 1024
7932 17619 8503648 1 1024
7934 17623 8503658 1 1024
7935 17627 8503668 1 1024
7936 17632 8503678 1 1024
7935 17637 8503688 1 1024
7935 17641 8503698 1 1024
7933 17646 8503708 1 1024
7931 17651 8503718 1 1024
7929 17655 8503728 1 1024
7926 17659 8503738 1 1024
7923 17663 8503748 1 1024
7920 17665 8503758 1 1024
7917 17668 8503768 1 1024
7914 17669 8503778 1 1024
7912 17671 8503788 1 1024
7910 17671 8503798 1 1024
7909 17671 8503808 1 1024
7908 17670 8503818 1 1024
7907 17668 8503828 1 1024
7906 17666 8503838 1 1024
7906 17663 8503848 1 1024
7906 17659 8503858 1 1024
7906 17655 8503868 1 1024
7907 17652 8503878 1 1024
7908 17648 8503888 1 1024
7909 17643 8503898 1 1024
7910 17639 8503908 1 1024
7911 17635 8503918 1 1024
7912 17631 8503928 1 1024
7913 17628 8503938 1 1024
7913 17625 8503948 1 1024
7914 17623 8503958 1 1024
7915 17621 8503968 1 1024
7915 17619 8503978 1 1024
7916 17618 8503988 1 1024
7917 17617 8503998 1 1024
7917 17617 8504008 1 1024
7918 17617 8504018 1 1024
7918 17618 8504028 1 1024
7918 17620 8504038 1 1024
7918 17622 8504048 1 1024
7918 17625 8504058 1 1024
7917 17628 8504068 1 1024
7917 17632 8504078 1 1024
7916 17637 8504088 1 1024
7916 17641 8504098 1 1024
7915 17646 8504108 1 1024
7915 17650 8504118 1 1024
7915 17654 8504128 1 1024
7914 17658 8504138 1 1024
7914 17662 8504148 1 1024
7914 17665 8504158 1 1024
7914 17667 8504168 1 1024
7913 17669 8504178 1 1024
7913 17671 8504188 1 1024
7913 17671 8504198 1 1024
7912 17672 8504208 1 1024
7912 17671 8504218 1 1024
7912 17670 8504228 1 1024
7912 17667 8504238 1 1024
7912 17665 8504248 1 1024
7912 17661 8504258 1 1024
7912 17658 8504268 1 1024
7912 17654 8504278 1 1024
7911 17649 8504288 1 1024
7911 17645 8504298 1 1024
7911 17640 8504308 1 1024
7910 17635 8504318 1 1024
7911 17630 8504328 1 1024
7911 17625 8504338 1 1024
7912 17620 8504348 1 1024
7913 17615 8504358 1 1024
7915 17610 8504368 1 1024
7917 17605 8504378 1 1024
7919 17601 8504388 1 1024
7921 17596 8504398 1 1024
7923 17593 8504408 1 1024
7926 17589 8504418 1 1024
7928 17586 8504428 1 1024
7930 17583 8504438 1 1024
7932 17581 8504448 1 1024
7935 17579 8504458 1 1024
7937 17577 8504468 1 1024
7939 17576 8504478 1 1024
7940 17575 8504488 1 1024
7942 17575 8504498 1 1024
7943 17575 8504508 1 1024
7944 17576 8504518 1 1024
7945 17578 8504528 1 1024
7945 17580 8504538 1 1024
7946 17582 8504548 1 1024
7946 17585 8504558 1 1024
7946 17588 8504568 1 1024
7946 17592 8504578 1 1024
7946 17596 8504588 1 1024
7946 17600 8504598 1 1024
7946 17605 8504608 1 1024
7946 17609 8504618 1 1024
7945 17613 8504628 1 1024
7944 17616 8504638 1 1024
7944 17619 8504648 1 1024
7943 17622 8504658 1 1024
7942 17624 8504668 1 1024
7941 17626 8504678 1 1024
7940 17627 8504688 1 1024
7939 17628 8504698 1 1024
7937 17629 8504708 1 1024
7936 17630 8504718 1 1024
7935 17630 8504728 1 1024
7933 17630 8504738 1 1024
7932 17630 8504748 1 1024
7930 17630 8504758 1 1024
7929 17630 8504768 1 1024
7928 17631 8504778 1 1024
7928 17631 8504788 1 1024
7927 17631 8504798 1 1024
7927 17632 8504808 1 1024
7927 17633 8504818 1 1024
7927 17634 8504828 1 1024
7928 17635 8504838 1 1024
7929 17637 8504848 1 1024
7930 17638 8504858 1 1024
7931 17639 8504868 1 1024
7932 17640 8504878 1 1024
7932 17641 8504888 1 1024
7933 17643 8504898 1 1024
7934 17644 8504908 1 1024
7935 17645 8504918 1 1024
7937 17646 8504928 1 1024
7938 17646 8504938 1 1024
7940 17647 8504948 1 1024
7941 17647 8504958 1 1024
7942 17648 8504968 1 1024
7944 17648 8504978 1 1024
7945 17649 8504988 1 1024
