8155 18828 8112334 1 823
8155 18828 8112344 1 790
8155 18828 8112354 1 764
8155 18828 8112364 1 744
8155 18827 8112374 1 727
8154 18827 8112384 1 713
8155 18826 8112394 1 702
8159 18826 8112404 1 694
8165 18826 8112414 1 688
8170 18826 8112424 1 684
8175 18826 8112434 1 684
8180 18827 8112444 1 686
8185 18827 8112454 1 690
8189 18827 8112464 1 694
8192 18827 8112474 1 701
8196 18827 8112484 1 707
8199 18825 8112494 1 723
8201 18824 8112504 1 731
8203 18822 8112514 1 739
8204 18820 8112524 1 747
8204 18817 8112534 1 755
8204 18814 8112544 1 762
8202 18811 8112554 1 768
8199 18807 8112564 1 777
8196 18803 8112574 1 780
8191 18800 8112584 1 780
8187 18797 8112594 1 779
8181 18794 8112604 1 775
8176 18792 8112614 1 770
8171 18790 8112624 1 761
8166 18790 8112634 1 735
8161 18790 8112644 1 717
8159 18791 8112654 1 708
8157 18792 8112664 1 696
8154 18795 8112674 1 672
8151 18799 8112684 1 644
8148 18803 8112694 1 614
8146 18808 8112704 1 583
8146 18814 8112714 1 516
8146 18819 8112724 1 481
8148 18824 8112734 1 447
8150 18828 8112744 1 412
8154 18832 8112754 1 379
8158 18835 8112764 1 346
8162 18837 8112774 1 314
8167 18837 8112784 1 292
8173 18837 8112794 1 291
8179 18836 8112804 1 289
8185 18833 8112814 1 288
8191 18829 8112824 1 287
8197 18824 8112834 1 286
8203 18818 8112844 1 285
8209 18811 8112854 1 283
8214 18803 8112864 1 282
8219 18795 8112874 1 281
8223 18786 8112884 1 280
8226 18776 8112894 1 278
8228 18767 8112904 1 277
8229 18758 8112914 1 276
8229 18749 8112924 1 275
8229 18741 8112934 1 274
8229 18733 8112944 1 272
8228 18726 8112954 1 284
8226 18718 8112964 1 304
8225 18714 8112974 1 313
8224 18711 8112984 1 316
8222 18703 8112994 1 325
8219 18695 8113004 1 348
8215 18687 8113014 1 396
8210 18678 8113024 1 420
8205 18668 8113034 1 445
8199 18659 8113044 1 471
8193 18649 8113054 1 496
8186 18639 8113064 1 521
8180 18630 8113074 1 546
8173 18621 8113084 1 595
8166 18612 8113094 1 618
8159 18604 8113104 1 641
8152 18597 8113114 1 662
8144 18591 8113124 1 683
8135 18589 8113134 1 703
8126 18588 8113144 1 720
8118 18589 8113154 1 752
8109 18593 8113164 1 764
8102 18599 8113174 1 775
8095 18607 8113184 1 785
8090 18617 8113194 1 792
8085 18627 8113204 1 798
8082 18638 8113214 1 803
8081 18649 8113224 1 809
8081 18660 8113234 1 810
8082 18671 8113244 1 811
8085 18682 8113254 1 810
8088 18693 8113264 1 809
8093 18702 8113274 1 807
8098 18711 8113284 1 805
8101 18715 8113294 1 802
8104 18718 8113304 1 799
8111 18724 8113314 1 795
8119 18728 8113324 1 791
8126 18731 8113334 1 787
8134 18734 8113344 1 784
8142 18735 8113354 1 780
8149 18735 8113364 1 777
8156 18736 8113374 1 772
8162 18736 8113384 1 771
8166 18736 8113394 1 770
8171 18737 8113404 1 770
8174 18738 8113414 1 771
8177 18739 8113424 1 772
8179 18740 8113434 1 773
8181 18741 8113444 1 776
8183 18743 8113454 1 776
8184 18745 8113464 1 777
8184 18746 8113474 1 778
8185 18748 8113484 1 778
8185 18750 8113494 1 779
8184 18751 8113504 1 780
8184 18753 8113514 1 781
8183 18754 8113524 1 782
8182 18754 8113534 1 782
8182 18754 8113544 1 783
8181 18753 8113554 1 783
8181 18752 8113564 1 784
8181 18750 8113574 1 785
8181 18749 8113584 1 786
8181 18747 8113594 1 787
8182 18746 8113604 1 788
8182 18745 8113614 1 788
8183 18745 8113624 1 789
8184 18744 8113634 1 789
8185 18744 8113644 1 790
8186 18744 8113654 1 791
8188 18744 8113664 1 792
8190 18744 8113674 1 793
8191 18744 8113684 1 794
8194 18744 8113694 1 796
8196 18744 8113704 1 796
8199 18744 8113714 1 797
8202 18744 8113724 1 798
8206 18745 8113734 1 799
8209 18745 8113744 1 800
8212 18746 8113754 1 802
8214 18746 8113764 1 803
8216 18747 8113774 1 803
8218 18747 8113784 1 804
8218 18748 8113794 1 805
8219 18749 8113804 1 806
8219 18750 8113814 1 807
8219 18751 8113824 1 809
8218 18753 8113834 1 810
8217 18756 8113844 1 811
8215 18759 8113854 1 811
8214 18763 8113864 1 812
8212 18768 8113874 1 813
8210 18773 8113884 1 815
8209 18777 8113894 1 816
8207 18782 8113904 1 816
8205 18786 8113914 1 817
8203 18790 8113924 1 818
8202 18791 8113934 1 819
8201 18793 8113944 1 819
8199 18795 8113954 1 820
8197 18796 8113964 1 822
8195 18795 8113974 1 822
8194 18794 8113984 1 823
8192 18791 8113994 1 824
8190 18787 8114004 1 824
8189 18781 8114014 1 825
8187 18775 8114024 1 826
8186 18768 8114034 1 828
8185 18760 8114044 1 829
8184 18753 8114054 1 829
8182 18745 8114064 1 830
8181 18738 8114074 1 830
8180 18732 8114084 1 831
8179 18726 8114094 1 832
8178 18722 8114104 1 835
8176 18719 8114114 1 836
8175 18718 8114124 1 837
8174 18717 8114134 1 838
8173 18718 8114144 1 838
8171 18720 8114154 1 840
8169 18723 8114164 1 841
8168 18726 8114174 1 844
8166 18730 8114184 1 846
8165 18733 8114194 1 847
8164 18737 8114204 1 848
8163 18740 8114214 1 849
8162 18742 8114224 1 851
8162 18744 8114234 1 852
8162 18745 8114244 1 853
8162 18745 8114254 1 853
8163 18744 8114264 1 854
8163 18743 8114274 1 854
8165 18740 8114284 1 854
8167 18736 8114294 1 853
8169 18730 8114304 1 854
8172 18724 8114314 1 853
8175 18716 8114324 1 852
8178 18708 8114334 1 850
8181 18700 8114344 1 849
8185 18692 8114354 1 848
8189 18685 8114364 1 847
8192 18678 8114374 1 847
8196 18672 8114384 1 847
8199 18667 8114394 1 847
8201 18664 8114404 1 848
8203 18661 8114414 1 850
8205 18659 8114424 1 851
8207 18659 8114434 1 854
8209 18659 8114444 1 858
8211 18661 8114454 1 862
8212 18663 8114464 1 868
8213 18667 8114474 1 881
8213 18671 8114484 1 889
8213 18675 8114494 1 898
8213 18680 8114504 1 908
8213 18685 8114514 1 918
8212 18691 8114524 1 929
8210 18696 8114534 1 940
8208 18701 8114544 1 963
8206 18705 8114554 1 975
8203 18710 8114564 1 986
8201 18712 8114574 1 994
8199 18714 8114584 1 998
8196 18718 8114594 1 999
8192 18721 8114604 1 1000
8188 18724 8114614 1 1000
8184 18727 8114624 1 1001
8181 18729 8114634 1 1001
8178 18731 8114644 1 1001
8176 18733 8114654 1 1002
8174 18735 8114664 1 1002
8173 18737 8114674 1 1002
8172 18739 8114684 1 1003
8172 18740 8114694 1 1003
8172 18742 8114704 1 1003
8173 18743 8114714 1 1004
8173 18745 8114724 1 1004
8174 18747 8114734 1 1004
8176 18748 8114744 1 1005
8177 18749 8114754 1 1005
8178 18750 8114764 1 1006
8180 18751 8114774 1 990
8181 18752 8114784 1 967
8183 18752 8114794 1 941
8184 18752 8114804 1 912
8186 18752 8114814 1 881
8187 18751 8114824 1 845
8189 18751 8114834 1 768
8190 18750 8114844 1 726
8192 18749 8114854 1 682
8193 18748 8114864 1 636
8195 18747 8114874 1 588
8196 18746 8114884 1 540
8197 18745 8114894 1 528
8198 18744 8114904 1 528
8199 18743 8114914 1 490
8201 18742 8114924 1 389
8202 18741 8114934 1 338
8203 18740 8114944 1 287
8204 18739 8114954 1 237
8204 18738 8114964 1 186
8205 18737 8114974 1 138
8205 18736 8114984 1 89
8206 18734 8114994 1 33
8206 18733 8115004 1 32
8206 18732 8115014 1 31
8205 18731 8115024 1 30
8205 18730 8115034 1 28
8204 18729 8115044 1 27
8203 18728 8115054 1 26
8202 18727 8115064 1 25
8201 18726 8115074 1 24
8201 18724 8115084 1 22
8200 18722 8115094 1 21
8200 18721 8115104 1 20
8200 18719 8115114 1 19
8200 18717 8115124 1 18
8200 18716 8115134 1 16
8201 18715 8115144 1 15
8201 18714 8115154 1 14
8202 18714 8115164 1 13
8203 18714 8115174 1 12
8204 18713 8115184 1 10
8206 18713 8115194 1 9
8207 18713 8115204 1 78
8208 18713 8115214 1 119
8209 18713 8115224 1 157
8211 18713 8115234 1 242
8212 18713 8115244 1 329
8214 18714 8115254 1 419
8215 18713 8115264 1 509
8216 18713 8115274 1 599
8217 18712 8115284 1 769
8217 18711 8115294 1 844
8218 18710 8115304 1 913
8218 18708 8115314 1 974
8219 18707 8115324 1 1022
8219 18705 8115334 1 1022
8220 18703 8115344 1 1021
8220 18701 8115354 1 1021
8221 18700 8115364 1 1021
8221 18699 8115374 1 1020
8222 18699 8115384 1 1020
8223 18699 8115394 1 1020
8224 18700 8115404 1 1019
8224 18702 8115414 1 1019
8225 18704 8115424 1 1018
8225 18706 8115434 1 1018
8226 18709 8115444 1 1018
8227 18713 8115454 1 1006
8228 18716 8115464 1 987
8229 18720 8115474 1 970
8230 18724 8115484 1 956
8232 18728 8115494 1 933
8234 18732 8115504 1 924
8236 18735 8115514 1 917
8238 18738 8115524 1 912
8240 18739 8115534 1 910
8241 18740 8115544 1 909
8243 18741 8115554 1 908
8245 18742 8115564 1 906
8247 18742 8115574 1 906
8248 18742 8115584 1 913
8248 18740 8115594 1 917
8248 18739 8115604 1 925
8248 18736 8115614 1 934
8247 18734 8115624 1 944
8245 18732 8115634 1 956
8244 18730 8115644 1 969
8242 18727 8115654 1 1002
8241 18726 8115664 1 1010
8239 18724 8115674 1 1010
8237 18722 8115684 1 1010
8236 18720 8115694 1 1009
8234 18719 8115704 1 1009
8233 18717 8115714 1 1008
8232 18716 8115724 1 1008
8231 18714 8115734 1 1008
8230 18712 8115744 1 1007
8229 18710 8115754 1 1007
8228 18709 8115764 1 1007
8227 18707 8115774 1 1006
8225 18706 8115784 1 1006
8224 18704 8115794 1 1006
8222 18703 8115804 1 1005
8220 18703 8115814 1 1005
8219 18702 8115824 1 1004
8217 18702 8115834 1 1004
8216 18702 8115844 1 1004
8215 18702 8115854 1 1004
8214 18702 8115864 1 1003
8213 18703 8115874 1 1003
8213 18704 8115884 1 1003
8213 18706 8115894 1 1002
8213 18708 8115904 1 1002
8214 18711 8115914 1 1002
8215 18715 8115924 1 1001
8216 18719 8115934 1 1001
8218 18724 8115944 1 902
8219 18728 8115954 1 834
8220 18733 8115964 1 764
8221 18738 8115974 1 693
8222 18741 8115984 1 618
8222 18744 8115994 1 545
8223 18747 8116004 1 472
8223 18748 8116014 1 334
8223 18748 8116024 1 271
8222 18748 8116034 1 212
8222 18748 8116044 1 160
8222 18746 8116054 1 114
8221 18744 8116064 1 91
8220 18742 8116074 1 92
8219 18739 8116084 1 94
8218 18736 8116094 1 95
8216 18733 8116104 1 96
8215 18730 8116114 1 97
8213 18727 8116124 1 116
8212 18724 8116134 1 174
8211 18722 8116144 1 241
8210 18721 8116154 1 400
8210 18719 8116164 1 486
8210 18719 8116174 1 510
8210 18718 8116184 1 525
8211 18718 8116194 1 576
8212 18717 8116204 1 665
8213 18717 8116214 1 752
8215 18717 8116224 1 836
8217 18718 8116234 1 914
8218 18719 8116244 1 990
8220 18720 8116254 1 990
8222 18721 8116264 1 989
8224 18722 8116274 1 989
8225 18722 8116284 1 989
8227 18723 8116294 1 988
8228 18723 8116304 1 988
8230 18724 8116314 1 988
8231 18724 8116324 1 987
8233 18725 8116334 1 987
8235 18726 8116344 1 987
8237 18727 8116354 1 986
8239 18729 8116364 1 986
8241 18730 8116374 1 985
8244 18731 8116384 1 985
8246 18733 8116394 1 985
8249 18734 8116404 1 984
8251 18735 8116414 1 984
8253 18736 8116424 1 974
8255 18736 8116434 1 963
8257 18737 8116444 1 952
8258 18738 8116454 1 936
8260 18738 8116464 1 930
8261 18739 8116474 1 925
8262 18739 8116484 1 922
8262 18739 8116494 1 920
8262 18739 8116504 1 919
8262 18739 8116514 1 917
8262 18739 8116524 1 916
8260 18738 8116534 1 917
8259 18737 8116544 1 919
8256 18736 8116554 1 921
8253 18735 8116564 1 924
8250 18734 8116574 1 928
8247 18732 8116584 1 931
8244 18729 8116594 1 936
8240 18726 8116604 1 948
8237 18722 8116614 1 954
8233 18719 8116624 1 960
8230 18715 8116634 1 967
8227 18713 8116644 1 974
8224 18711 8116654 1 976
8222 18709 8116664 1 975
8220 18708 8116674 1 975
8218 18708 8116684 1 975
8217 18708 8116694 1 974
8216 18709 8116704 1 974
8216 18709 8116714 1 974
8216 18710 8116724 1 973
8217 18711 8116734 1 973
8219 18712 8116744 1 973
8221 18713 8116754 1 972
8224 18714 8116764 1 972
8227 18716 8116774 1 971
8230 18719 8116784 1 971
8234 18722 8116794 1 971
8237 18725 8116804 1 970
8239 18727 8116814 1 970
8240 18729 8116824 1 970
8242 18733 8116834 1 970
8244 18737 8116844 1 969
8245 18741 8116854 1 969
8246 18745 8116864 1 969
8246 18750 8116874 1 968
8245 18754 8116884 1 968
8244 18758 8116894 1 968
8243 18761 8116904 1 967
8241 18764 8116914 1 967
8239 18765 8116924 1 966
8237 18766 8116934 1 966
8235 18767 8116944 1 966
8233 18767 8116954 1 965
8231 18767 8116964 1 965
8230 18766 8116974 1 965
8229 18765 8116984 1 964
8228 18764 8116994 1 964
8228 18762 8117004 1 964
8228 18760 8117014 1 963
8228 18757 8117024 1 963
8229 18755 8117034 1 963
8230 18751 8117044 1 962
8231 18748 8117054 1 962
8232 18745 8117064 1 961
8233 18741 8117074 1 961
8234 18738 8117084 1 961
8236 18734 8117094 1 960
8237 18731 8117104 1 960
8238 18728 8117114 1 960
8240 18725 8117124 1 959
8241 18723 8117134 1 959
8242 18722 8117144 1 959
8244 18719 8117154 1 959
8246 18717 8117164 1 958
8248 18715 8117174 1 958
8251 18713 8117184 1 958
8253 18712 8117194 1 957
8255 18712 8117204 1 957
8256 18711 8117214 1 956
8256 18712 8117224 1 956
8255 18712 8117234 1 956
8254 18713 8117244 1 955
8253 18715 8117254 1 955
8251 18718 8117264 1 955
8249 18721 8117274 1 954
8246 18726 8117284 1 954
8244 18731 8117294 1 954
8241 18737 8117304 1 953
8239 18744 8117314 1 953
8236 18751 8117324 1 952
8234 18758 8117334 1 952
8232 18765 8117344 1 952
8231 18771 8117354 1 951
8231 18777 8117364 1 951
8231 18782 8117374 1 951
8232 18787 8117384 1 950
8233 18790 8117394 1 950
8236 18793 8117404 1 950
8239 18794 8117414 1 949
8242 18794 8117424 1 949
8245 18794 8117434 1 949
8248 18792 8117444 1 948
8250 18791 8117454 1 948
8252 18790 8117464 1 948
8255 18787 8117474 1 947
8257 18783 8117484 1 947
8260 18778 8117494 1 947
8262 18773 8117504 1 946
8263 18767 8117514 1 946
8263 18762 8117524 1 946
8264 18756 8117534 1 945
8264 18751 8117544 1 945
8263 18746 8117554 1 945
8263 18741 8117564 1 944
8263 18737 8117574 1 944
8263 18732 8117584 1 944
8263 18729 8117594 1 943
8263 18725 8117604 1 943
8264 18723 8117614 1 942
8264 18721 8117624 1 942
8265 18719 8117634 1 942
8266 18717 8117644 1 941
8267 18716 8117654 1 941
8268 18716 8117664 1 941
8268 18716 8117674 1 940
8269 18716 8117684 1 940
8268 18716 8117694 1 940
8268 18716 8117704 1 939
8267 18717 8117714 1 939
8265 18717 8117724 1 939
8264 18718 8117734 1 938
8262 18719 8117744 1 938
8261 18720 8117754 1 937
8259 18721 8117764 1 937
8258 18721 8117774 1 937
8257 18722 8117784 1 937
8256 18722 8117794 1 936
8254 18723 8117804 1 936
8253 18724 8117814 1 936
8252 18725 8117824 1 935
8251 18726 8117834 1 935
8250 18726 8117844 1 935
8248 18727 8117854 1 934
8246 18727 8117864 1 934
8244 18728 8117874 1 933
8242 18728 8117884 1 933
8241 18728 8117894 1 933
8240 18728 8117904 1 932
8239 18728 8117914 1 932
8238 18727 8117924 1 932
8238 18727 8117934 1 931
8239 18727 8117944 1 931
8240 18728 8117954 1 931
8241 18728 8117964 1 930
8242 18729 8117974 1 930
8244 18730 8117984 1 930
8246 18732 8117994 1 929
8249 18734 8118004 1 929
8252 18736 8118014 1 928
8255 18739 8118024 1 928
8258 18741 8118034 1 928
8261 18744 8118044 1 927
8263 18746 8118054 1 927
8266 18748 8118064 1 927
8268 18750 8118074 1 926
8270 18752 8118084 1 926
8272 18754 8118094 1 926
8274 18756 8118104 1 925
8275 18758 8118114 1 925
8276 18759 8118124 1 925
8277 18760 8118134 1 924
8278 18762 8118144 1 924
8279 18763 8118154 1 923
8280 18764 8118164 1 923
8281 18765 8118174 1 923
8282 18766 8118184 1 922
8283 18767 8118194 1 922
8284 18767 8118204 1 922
8285 18767 8118214 1 921
