7853 17687 6075269 1 752
7839 17671 6075279 1 754
7833 17664 6075289 1 756
7829 17659 6075299 1 758
7827 17655 6075309 1 759
7823 17651 6075319 1 753
7822 17650 6075329 1 658
7822 17649 6075339 1 588
7823 17650 6075349 1 544
7826 17651 6075359 1 520
7830 17654 6075369 1 514
7841 17658 6075379 1 541
7846 17660 6075389 1 553
7851 17661 6075399 1 567
7859 17662 6075409 1 596
7867 17662 6075419 1 624
7874 17661 6075429 1 647
7879 17659 6075439 1 662
7882 17658 6075449 1 662
7881 17657 6075459 1 644
7876 17656 6075469 1 603
7867 17655 6075479 1 537
7840 17656 6075489 1 368
7823 17656 6075499 1 231
7806 17656 6075509 1 229
7796 17655 6075519 1 235
7788 17653 6075529 1 225
7774 17650 6075539 1 223
7764 17647 6075549 1 221
7759 17642 6075559 1 218
7757 17637 6075569 1 216
7760 17632 6075579 1 214
7767 17628 6075589 1 211
7787 17625 6075599 1 207
7798 17627 6075609 1 204
7809 17631 6075619 1 209
7818 17637 6075629 1 223
7825 17645 6075639 1 245
7830 17650 6075649 1 257
7834 17655 6075659 1 272
7837 17664 6075669 1 308
7839 17671 6075679 1 348
7840 17678 6075689 1 392
7840 17683 6075699 1 440
7840 17689 6075709 1 541
7841 17690 6075719 1 592
7842 17690 6075729 1 642
7843 17690 6075739 1 690
7844 17689 6075749 1 735
7845 17689 6075759 1 775
7846 17690 6075769 1 809
7847 17690 6075779 1 825
7848 17692 6075789 1 837
7851 17694 6075799 1 856
7854 17696 6075809 1 865
7864 17703 6075819 1 848
7870 17707 6075829 1 822
7877 17711 6075839 1 797
7884 17715 6075849 1 771
7892 17719 6075859 1 748
7898 17722 6075869 1 727
7904 17725 6075879 1 707
7908 17727 6075889 1 691
7909 17728 6075899 1 677
7909 17728 6075909 1 672
7906 17727 6075919 1 669
7897 17723 6075929 1 663
7889 17719 6075939 1 666
7880 17715 6075949 1 671
7870 17711 6075959 1 678
7860 17707 6075969 1 686
7850 17703 6075979 1 695
7841 17699 6075989 1 702
7833 17696 6075999 1 709
7826 17693 6076009 1 713
7821 17691 6076019 1 715
7818 17689 6076029 1 713
7817 17686 6076039 1 707
7818 17685 6076049 1 695
7821 17684 6076059 1 676
7825 17684 6076069 1 652
7831 17683 6076079 1 622
7837 17684 6076089 1 587
7843 17684 6076099 1 549
7849 17686 6076109 1 506
7853 17688 6076119 1 462
7855 17690 6076129 1 414
7856 17693 6076139 1 366
7852 17698 6076149 1 266
7849 17700 6076159 1 241
7847 17701 6076169 1 216
7843 17703 6076179 1 169
7840 17705 6076189 1 124
7839 17706 6076199 1 81
7838 17707 6076209 1 42
7840 17708 6076219 1 39
7843 17708 6076229 1 36
7849 17709 6076239 1 34
7855 17709 6076249 1 31
7870 17709 6076259 1 25
7878 17708 6076269 1 22
7884 17708 6076279 1 20
7888 17708 6076289 1 17
7890 17708 6076299 1 15
7893 17707 6076309 1 12
7894 17706 6076319 1 9
7894 17706 6076329 1 6
7893 17705 6076339 1 3
7891 17705 6076349 1 1
7889 17704 6076359 1 8
7885 17703 6076369 1 90
7884 17702 6076379 1 137
7883 17701 6076389 1 187
7882 17699 6076399 1 239
7882 17697 6076409 1 294
7882 17694 6076419 1 322
7883 17691 6076429 1 353
7883 17687 6076439 1 415
7882 17683 6076449 1 477
7881 17679 6076459 1 544
7880 17676 6076469 1 611
7877 17671 6076479 1 753
7875 17671 6076489 1 827
7875 17672 6076499 1 897
7875 17673 6076509 1 958
7876 17676 6076519 1 973
7878 17680 6076529 1 971
7880 17683 6076539 1 968
7881 17686 6076549 1 963
7882 17689 6076559 1 964
7885 17692 6076569 1 961
7888 17695 6076579 1 878
7892 17699 6076589 1 579
7894 17700 6076599 1 393
7895 17701 6076609 1 77
7895 17701 6076619 1 80
7895 17701 6076629 1 83
7895 17701 6076639 1 85
7895 17702 6076649 1 88
7894 17702 6076659 1 91
7893 17702 6076669 1 93
7892 17701 6076679 1 96
7891 17700 6076689 1 98
7890 17700 6076699 1 103
7889 17699 6076709 1 106
7889 17698 6076719 1 108
7889 17696 6076729 1 120
7890 17695 6076739 1 143
7891 17694 6076749 1 175
7892 17692 6076759 1 214
7894 17692 6076769 1 260
7895 17691 6076779 1 310
7896 17690 6076789 1 364
7897 17690 6076799 1 420
7898 17692 6076809 1 477
7896 17692 6076819 1 533
7894 17692 6076829 1 588
7891 17691 6076839 1 640
7887 17691 6076849 1 689
7884 17690 6076859 1 732
7880 17688 6076869 1 768
7877 17687 6076879 1 798
7875 17684 6076889 1 819
7873 17682 6076899 1 832
7871 17679 6076909 1 835
7869 17673 6076919 1 805
7868 17670 6076929 1 790
7868 17667 6076939 1 773
7866 17664 6076949 1 746
7864 17662 6076959 1 723
7863 17661 6076969 1 704
7861 17661 6076979 1 689
7860 17662 6076989 1 677
7861 17664 6076999 1 670
7862 17666 6077009 1 665
7865 17670 6077019 1 663
7875 17679 6077029 1 666
7881 17684 6077039 1 670
7886 17688 6077049 1 676
7889 17691 6077059 1 679
7892 17694 6077069 1 681
7896 17697 6077079 1 689
7899 17699 6077089 1 698
7900 17700 6077099 1 706
7901 17701 6077109 1 715
7900 17701 6077119 1 725
7899 17700 6077129 1 733
7896 17697 6077139 1 748
7894 17695 6077149 1 754
7893 17694 6077159 1 759
7892 17693 6077169 1 762
7891 17692 6077179 1 765
7890 17692 6077189 1 764
7890 17693 6077199 1 763
7891 17694 6077209 1 761
7893 17695 6077219 1 757
7897 17697 6077229 1 750
7901 17699 6077239 1 741
7913 17703 6077249 1 714
7921 17705 6077259 1 697
7929 17705 6077269 1 676
7937 17705 6077279 1 652
7945 17704 6077289 1 624
7951 17703 6077299 1 594
7957 17701 6077309 1 559
7960 17698 6077319 1 521
7961 17696 6077329 1 481
7960 17694 6077339 1 443
7957 17693 6077349 1 409
7946 17692 6077359 1 363
7939 17693 6077369 1 356
7931 17694 6077379 1 363
7922 17696 6077389 1 386
7913 17698 6077399 1 427
7905 17700 6077409 1 489
7899 17700 6077419 1 573
