7592 17771 4775617 1 757
7592 17771 4775627 1 730
7593 17772 4775637 1 707
7593 17772 4775647 1 685
7593 17773 4775657 1 667
7594 17774 4775667 1 649
7596 17777 4775677 1 633
7599 17781 4775687 1 620
7600 17787 4775697 1 598
7600 17788 4775707 1 590
7600 17789 4775717 1 583
7600 17790 4775727 1 577
7601 17792 4775737 1 574
7603 17795 4775747 1 572
7605 17799 4775757 1 571
7607 17802 4775767 1 572
7611 17808 4775777 1 577
7612 17811 4775787 1 581
7614 17813 4775797 1 586
7616 17816 4775807 1 592
7618 17818 4775817 1 600
7620 17821 4775827 1 609
7623 17823 4775837 1 613
7625 17825 4775847 1 617
7630 17827 4775857 1 638
7632 17828 4775867 1 650
7633 17828 4775877 1 662
7634 17828 4775887 1 675
7634 17828 4775897 1 688
7634 17826 4775907 1 702
7634 17825 4775917 1 710
7633 17824 4775927 1 717
7632 17820 4775937 1 746
7630 17818 4775947 1 762
7629 17817 4775957 1 778
7627 17815 4775967 1 793
7625 17813 4775977 1 809
7623 17811 4775987 1 825
7621 17808 4775997 1 841
7618 17806 4776007 1 857
7613 17800 4776017 1 888
7610 17796 4776027 1 903
7608 17793 4776037 1 918
7605 17789 4776047 1 933
7604 17786 4776057 1 940
7602 17783 4776067 1 947
7601 17780 4776077 1 961
7600 17777 4776087 1 975
7599 17773 4776097 1 991
7598 17771 4776107 1 991
7598 17770 4776117 1 991
7599 17768 4776127 1 991
7599 17767 4776137 1 992
7601 17765 4776147 1 992
7602 17763 4776157 1 992
7604 17762 4776167 1 992
7610 17759 4776177 1 992
7614 17757 4776187 1 993
7619 17756 4776197 1 993
7624 17754 4776207 1 993
7630 17752 4776217 1 993
7637 17749 4776227 1 993
7644 17746 4776237 1 994
7651 17743 4776247 1 994
7666 17734 4776257 1 994
7673 17729 4776267 1 994
7680 17724 4776277 1 994
7687 17718 4776287 1 995
7693 17713 4776297 1 995
7699 17708 4776307 1 995
7704 17703 4776317 1 995
7708 17698 4776327 1 981
7715 17691 4776337 1 941
7717 17687 4776347 1 918
7720 17685 4776357 1 893
7721 17682 4776367 1 866
7722 17680 4776377 1 836
7723 17680 4776387 1 804
7723 17681 4776397 1 770
7722 17684 4776407 1 733
7719 17695 4776417 1 654
7717 17703 4776427 1 611
7714 17710 4776437 1 567
7710 17718 4776447 1 523
7707 17725 4776457 1 477
7704 17732 4776467 1 432
7701 17738 4776477 1 386
7697 17744 4776487 1 341
7692 17753 4776497 1 276
7689 17757 4776507 1 253
7686 17760 4776517 1 212
7684 17763 4776527 1 191
7682 17766 4776537 1 171
7680 17768 4776547 1 133
7678 17769 4776557 1 99
7676 17769 4776567 1 67
7673 17766 4776577 1 64
7672 17763 4776587 1 64
7671 17760 4776597 1 63
7671 17757 4776607 1 63
7671 17754 4776617 1 62
7671 17750 4776627 1 62
7671 17747 4776637 1 61
7672 17744 4776647 1 61
7674 17740 4776657 1 60
7675 17739 4776667 1 59
7677 17738 4776677 1 59
7678 17737 4776687 1 58
7680 17737 4776697 1 58
7681 17738 4776707 1 57
7683 17739 4776717 1 57
7684 17741 4776727 1 56
7687 17746 4776737 1 56
7688 17748 4776747 1 55
7689 17751 4776757 1 80
7691 17754 4776767 1 123
7692 17756 4776777 1 172
7692 17758 4776787 1 224
7693 17759 4776797 1 279
7694 17760 4776807 1 335
7694 17762 4776817 1 449
7695 17763 4776827 1 478
7695 17763 4776837 1 505
7695 17763 4776847 1 560
7695 17763 4776857 1 611
7696 17763 4776867 1 660
7696 17763 4776877 1 703
7697 17763 4776887 1 741
7698 17762 4776897 1 798
7698 17761 4776907 1 814
7699 17760 4776917 1 824
7699 17759 4776927 1 830
7700 17757 4776937 1 833
7700 17756 4776947 1 834
7700 17754 4776957 1 835
7700 17753 4776967 1 835
7700 17749 4776977 1 830
7700 17748 4776987 1 826
7700 17746 4776997 1 821
7700 17743 4777007 1 816
7700 17741 4777017 1 811
7700 17738 4777027 1 806
7701 17736 4777037 1 802
7701 17733 4777047 1 799
7701 17727 4777057 1 795
7701 17724 4777067 1 794
7702 17721 4777077 1 793
7702 17719 4777087 1 794
7702 17717 4777097 1 795
7702 17715 4777107 1 796
7702 17713 4777117 1 798
7702 17713 4777127 1 800
7701 17712 4777137 1 802
7700 17713 4777147 1 805
7700 17713 4777157 1 808
7699 17713 4777167 1 809
7698 17714 4777177 1 810
7697 17715 4777187 1 813
7696 17715 4777197 1 816
7694 17716 4777207 1 818
7692 17718 4777217 1 822
7691 17719 4777227 1 823
7690 17720 4777237 1 825
7689 17721 4777247 1 825
7688 17722 4777257 1 825
7688 17723 4777267 1 825
7688 17723 4777277 1 823
7688 17724 4777287 1 822
7688 17724 4777297 1 819
7688 17724 4777307 1 817
7688 17724 4777317 1 816
7689 17723 4777327 1 815
7689 17722 4777337 1 814
7689 17721 4777347 1 815
7689 17720 4777357 1 816
7689 17719 4777367 1 818
7690 17716 4777377 1 826
7690 17715 4777387 1 829
7690 17713 4777397 1 833
7690 17712 4777407 1 841
7690 17712 4777417 1 850
7691 17712 4777427 1 860
7691 17712 4777437 1 868
7692 17713 4777447 1 873
7693 17717 4777457 1 881
7695 17719 4777467 1 881
7696 17722 4777477 1 878
7698 17725 4777487 1 867
7700 17729 4777497 1 849
7702 17733 4777507 1 823
7704 17737 4777517 1 790
7706 17740 4777527 1 751
7710 17748 4777537 1 655
7712 17751 4777547 1 601
7714 17754 4777557 1 545
7717 17757 4777567 1 487
7719 17759 4777577 1 429
7721 17761 4777587 1 369
7723 17763 4777597 1 312
7725 17765 4777607 1 256
7728 17768 4777617 1 203
7729 17769 4777627 1 154
7731 17769 4777637 1 110
7732 17770 4777647 1 72
7733 17771 4777657 1 40
7733 17771 4777667 1 15
7734 17771 4777677 1 6
7734 17771 4777687 1 6
7735 17770 4777697 1 5
7735 17770 4777707 1 4
7735 17770 4777717 1 4
7735 17770 4777727 1 3
7735 17770 4777737 1 3
7735 17770 4777747 1 2
7735 17770 4777757 1 2
7736 17770 4777767 1 1
7736 17769 4777777 1 7
7736 17768 4777787 1 30
7736 17767 4777797 1 63
7736 17766 4777807 1 105
7736 17765 4777817 1 154
7737 17764 4777827 1 210
7737 17763 4777837 1 238
7738 17762 4777847 1 271
7740 17760 4777857 1 405
7741 17759 4777867 1 475
7743 17757 4777877 1 545
7744 17756 4777887 1 614
7746 17754 4777897 1 682
7748 17753 4777907 1 746
7749 17751 4777917 1 804
7751 17749 4777927 1 857
7753 17747 4777937 1 940
7755 17747 4777947 1 966
7755 17746 4777957 1 982
7756 17746 4777967 1 986
7757 17746 4777977 1 978
7757 17745 4777987 1 969
7757 17744 4777997 1 959
7757 17743 4778007 1 949
7758 17742 4778017 1 930
7758 17742 4778027 1 922
7758 17742 4778037 1 915
7758 17741 4778047 1 913
7758 17741 4778057 1 912
7758 17741 4778067 1 910
7758 17740 4778077 1 909
7758 17740 4778087 1 910
7758 17741 4778097 1 913
7757 17741 4778107 1 914
7757 17741 4778117 1 915
7757 17742 4778127 1 916
7757 17742 4778137 1 916
7757 17742 4778147 1 918
7757 17743 4778157 1 919
7757 17743 4778167 1 920
7757 17743 4778177 1 923
7757 17743 4778187 1 924
7757 17742 4778197 1 924
7756 17741 4778207 1 926
7756 17740 4778217 1 927
7756 17739 4778227 1 928
7756 17738 4778237 1 930
7755 17738 4778247 1 931
7754 17736 4778257 1 933
7753 17735 4778267 1 934
7753 17734 4778277 1 934
7752 17733 4778287 1 935
7751 17731 4778297 1 937
7750 17730 4778307 1 938
7749 17728 4778317 1 938
7749 17726 4778327 1 939
7749 17724 4778337 1 942
7749 17723 4778347 1 943
7749 17722 4778357 1 944
7749 17722 4778367 1 944
7750 17722 4778377 1 945
7750 17722 4778387 1 946
7751 17722 4778397 1 948
7751 17722 4778407 1 949
7753 17722 4778417 1 951
7754 17722 4778427 1 952
7755 17721 4778437 1 953
7756 17721 4778447 1 955
7757 17721 4778457 1 956
7758 17721 4778467 1 956
7759 17721 4778477 1 958
7760 17721 4778487 1 959
7762 17720 4778497 1 961
7762 17719 4778507 1 961
7762 17719 4778517 1 962
7762 17718 4778527 1 963
7762 17717 4778537 1 965
7762 17717 4778547 1 966
7761 17716 4778557 1 967
7761 17715 4778567 1 968
7759 17714 4778577 1 971
7758 17714 4778587 1 972
7757 17713 4778597 1 973
7756 17712 4778607 1 974
7756 17711 4778617 1 975
7755 17711 4778627 1 977
7754 17710 4778637 1 977
7754 17710 4778647 1 979
7753 17708 4778657 1 981
7752 17708 4778667 1 981
7752 17707 4778677 1 982
7751 17706 4778687 1 983
7751 17706 4778697 1 985
7750 17706 4778707 1 986
7750 17705 4778717 1 987
7750 17705 4778727 1 988
7750 17704 4778737 1 990
7750 17703 4778747 1 990
7751 17702 4778757 1 991
7751 17701 4778767 1 993
7752 17700 4778777 1 994
7753 17698 4778787 1 995
7753 17696 4778797 1 996
7754 17694 4778807 1 997
7756 17688 4778817 1 999
7756 17686 4778827 1 1000
7756 17683 4778837 1 1002
7756 17681 4778847 1 1002
7756 17679 4778857 1 1003
7755 17678 4778867 1 1003
7755 17678 4778877 1 1003
7754 17679 4778887 1 1003
7753 17682 4778897 1 1002
7752 17684 4778907 1 1002
7752 17686 4778917 1 1002
7751 17689 4778927 1 1002
7751 17691 4778937 1 1002
7751 17693 4778947 1 1002
7751 17694 4778957 1 1001
7751 17696 4778967 1 1001
7750 17698 4778977 1 1001
7750 17698 4778987 1 1001
7750 17699 4778997 1 1000
7750 17699 4779007 1 1000
7749 17698 4779017 1 1000
7749 17698 4779027 1 1000
7749 17698 4779037 1 1000
7749 17698 4779047 1 1000
7750 17697 4779057 1 999
7750 17698 4779067 1 999
7750 17698 4779077 1 999
7751 17698 4779087 1 999
7750 17698 4779097 1 999
7750 17698 4779107 1 998
7750 17698 4779117 1 998
7750 17697 4779127 1 998
7749 17696 4779137 1 998
7748 17694 4779147 1 998
7748 17692 4779157 1 997
7748 17690 4779167 1 997
7748 17688 4779177 1 997
7747 17684 4779187 1 997
7747 17680 4779197 1 997
7747 17676 4779207 1 997
7744 17663 4779217 1 996
7742 17654 4779227 1 996
7738 17644 4779237 1 996
7732 17633 4779247 1 996
7724 17620 4779257 1 996
7713 17608 4779267 1 995
7700 17597 4779277 1 995
7685 17588 4779287 1 995
7654 17578 4779297 1 995
7640 17577 4779307 1 995
7628 17578 4779317 1 994
7618 17580 4779327 1 994
7611 17584 4779337 1 994
7606 17589 4779347 1 994
7603 17594 4779357 1 994
7602 17601 4779367 1 994
7607 17617 4779377 1 993
7612 17626 4779387 1 993
7618 17636 4779397 1 993
7625 17646 4779407 1 993
7633 17657 4779417 1 992
7642 17667 4779427 1 992
7651 17677 4779437 1 992
7660 17687 4779447 1 992
7678 17706 4779457 1 992
7687 17714 4779467 1 991
7696 17722 4779477 1 991
7703 17729 4779487 1 991
7711 17735 4779497 1 991
7717 17740 4779507 1 991
7723 17743 4779517 1 991
7728 17744 4779527 1 990
7735 17741 4779537 1 990
7737 17737 4779547 1 990
7738 17731 4779557 1 990
7737 17724 4779567 1 990
7736 17715 4779577 1 989
7733 17705 4779587 1 989
7728 17695 4779597 1 989
7723 17685 4779607 1 989
7707 17663 4779617 1 989
7698 17653 4779627 1 988
7689 17644 4779637 1 988
7678 17636 4779647 1 988
7668 17628 4779657 1 988
7659 17623 4779667 1 988
7650 17618 4779677 1 988
7642 17615 4779687 1 987
7628 17613 4779697 1 987
7623 17614 4779707 1 987
7619 17618 4779717 1 987
7617 17622 4779727 1 987
7618 17627 4779737 1 986
7619 17631 4779747 1 956
7621 17635 4779757 1 920
7623 17637 4779767 1 879
7626 17641 4779777 1 786
7626 17642 4779787 1 733
7627 17642 4779797 1 677
7627 17643 4779807 1 615
7627 17643 4779817 1 548
7627 17643 4779827 1 477
7627 17643 4779837 1 400
7627 17643 4779847 1 319
7627 17643 4779857 1 140
7627 17643 4779867 1 109
7628 17643 4779877 1 110
7628 17643 4779887 1 126
7628 17643 4779897 1 155
7629 17643 4779907 1 196
7629 17642 4779917 1 244
7629 17641 4779927 1 297
7629 17639 4779937 1 410
7628 17638 4779947 1 465
7628 17637 4779957 1 514
7628 17636 4779967 1 556
7627 17635 4779977 1 588
