8106 17727 2508811 1 393
8106 17727 2508821 1 482
8107 17728 2508831 1 554
8107 17728 2508841 1 612
8107 17728 2508851 1 655
8108 17728 2508861 1 686
8109 17729 2508871 1 707
8115 17731 2508881 1 718
8118 17732 2508891 1 722
8122 17733 2508901 1 723
8127 17735 2508911 1 724
8131 17735 2508921 1 720
8133 17733 2508931 1 716
8136 17728 2508941 1 711
8141 17723 2508951 1 709
8149 17719 2508961 1 707
8154 17717 2508971 1 706
8163 17717 2508981 1 708
8180 17718 2508991 1 712
8200 17723 2509001 1 723
8220 17731 2509011 1 741
8237 17743 2509021 1 765
8251 17755 2509031 1 789
8259 17767 2509041 1 815
8263 17773 2509051 1 825
8263 17778 2509061 1 827
8262 17787 2509071 1 836
8257 17794 2509081 1 852
8247 17799 2509091 1 860
8235 17802 2509101 1 861
8222 17803 2509111 1 861
8208 17803 2509121 1 849
8201 17803 2509131 1 841
8196 17803 2509141 1 823
8185 17802 2509151 1 781
8178 17802 2509161 1 722
8172 17804 2509171 1 643
8168 17806 2509181 1 549
8166 17808 2509191 1 447
8164 17810 2509201 1 341
8164 17810 2509211 1 301
8164 17810 2509221 1 287
8165 17809 2509231 1 236
8168 17805 2509241 1 136
8173 17801 2509251 1 45
8180 17796 2509261 0 0
8189 17792 2509271 0 0
8200 17789 2509281 0 0
8206 17788 2509291 0 0
8212 17788 2509301 0 0
8223 17789 2509311 0 0
8232 17791 2509321 0 0
8240 17795 2509331 0 0
8244 17798 2509341 0 0
8246 17801 2509351 0 0
8244 17803 2509361 0 0
8243 17803 2509371 0 0
8240 17803 2509381 0 0
8234 17801 2509391 0 0
8226 17799 2509401 0 0
8217 17795 2509411 0 0
8209 17791 2509421 0 0
8200 17787 2509431 0 0
8193 17784 2509441 0 0
8190 17782 2509451 0 0
8188 17782 2509461 1 4
8187 17782 2509471 1 39
8188 17783 2509481 1 60
8192 17785 2509491 1 83
8199 17788 2509501 1 128
8206 17792 2509511 1 177
8214 17795 2509521 1 228
8217 17797 2509531 1 248
8221 17799 2509541 1 255
8226 17802 2509551 1 282
8230 17805 2509561 1 335
8232 17806 2509571 1 388
8233 17808 2509581 1 437
8233 17808 2509591 1 485
8232 17808 2509601 1 531
8232 17808 2509611 1 548
8231 17808 2509621 1 554
8229 17807 2509631 1 575
8227 17805 2509641 1 616
8224 17803 2509651 1 651
8220 17801 2509661 1 681
8216 17799 2509671 1 705
8212 17797 2509681 1 721
8211 17796 2509691 1 727
8209 17795 2509701 1 727
8207 17794 2509711 1 725
8203 17793 2509721 1 722
8198 17791 2509731 1 719
8191 17790 2509741 1 718
8182 17787 2509751 1 715
8171 17784 2509761 1 712
8165 17782 2509771 1 710
8159 17780 2509781 1 710
8145 17775 2509791 1 708
8132 17770 2509801 1 704
8121 17763 2509811 1 701
8111 17756 2509821 1 698
8105 17747 2509831 1 697
8103 17738 2509841 1 696
8104 17734 2509851 1 696
8108 17730 2509861 1 698
8118 17722 2509871 1 702
8134 17718 2509881 1 705
8153 17717 2509891 1 709
8175 17720 2509901 1 718
8195 17728 2509911 1 731
8214 17738 2509921 1 747
8222 17743 2509931 1 756
8229 17749 2509941 1 767
8240 17761 2509951 1 792
8246 17773 2509961 1 820
8246 17784 2509971 1 851
8240 17793 2509981 1 880
8229 17800 2509991 1 907
8216 17804 2510001 1 920
8209 17805 2510011 1 923
8202 17803 2510021 1 925
8187 17800 2510031 1 931
8174 17794 2510041 1 941
8162 17786 2510051 1 939
8155 17777 2510061 1 922
8151 17770 2510071 1 886
8152 17763 2510081 1 827
8153 17760 2510091 1 793
8156 17758 2510101 1 745
8163 17755 2510111 1 642
8172 17754 2510121 1 522
8183 17755 2510131 1 391
8196 17758 2510141 1 323
8209 17765 2510151 1 254
8222 17773 2510161 1 73
8234 17783 2510171 0 0
8243 17794 2510181 0 0
8247 17801 2510191 0 0
8254 17804 2510201 0 0
8259 17809 2510211 0 0
8260 17814 2510221 0 0
8261 17818 2510231 0 0
8264 17821 2510241 0 0
8267 17824 2510251 1 15
8268 17828 2510261 1 69
8269 17831 2510271 1 153
8270 17834 2510281 1 271
8270 17836 2510291 1 430
8271 17838 2510301 1 633
