8010 18535 3680228 1 688
8008 18540 3680238 1 690
8007 18545 3680248 1 692
8006 18551 3680258 1 692
8007 18557 3680268 1 693
8008 18563 3680278 1 694
8011 18569 3680288 1 695
8018 18577 3680298 1 696
8023 18579 3680308 1 697
8028 18580 3680318 1 698
8035 18579 3680328 1 698
8043 18576 3680338 1 698
8051 18572 3680348 1 699
8058 18567 3680358 1 699
8070 18559 3680368 1 700
8073 18556 3680378 1 700
8075 18554 3680388 1 702
8076 18554 3680398 1 703
8076 18554 3680408 1 703
8075 18556 3680418 1 704
8073 18559 3680428 1 705
8065 18569 3680438 1 706
8060 18576 3680448 1 708
8054 18582 3680458 1 710
8048 18588 3680468 1 711
8042 18593 3680478 1 712
8036 18597 3680488 1 714
8032 18600 3680498 1 716
8026 18602 3680508 1 718
8024 18601 3680518 1 719
8023 18598 3680528 1 720
8022 18595 3680538 1 721
8022 18591 3680548 1 722
8023 18586 3680558 1 722
8024 18582 3680568 1 721
8029 18572 3680578 1 719
8033 18566 3680588 1 717
8036 18562 3680598 1 713
8039 18558 3680608 1 711
8041 18555 3680618 1 710
8043 18552 3680628 1 706
8043 18550 3680638 1 701
8042 18548 3680648 1 698
8041 18547 3680658 1 694
8040 18547 3680668 1 690
8038 18548 3680678 1 688
8037 18549 3680688 1 686
8037 18551 3680698 1 683
8037 18554 3680708 1 682
8041 18559 3680718 1 681
8044 18561 3680728 1 682
8048 18564 3680738 1 684
8052 18566 3680748 1 686
8056 18568 3680758 1 689
8060 18569 3680768 1 694
8064 18570 3680778 1 701
8069 18569 3680788 1 711
8071 18568 3680798 1 723
8073 18566 3680808 1 736
8074 18564 3680818 1 744
8075 18561 3680828 1 752
8076 18557 3680838 1 770
8078 18554 3680848 1 788
8084 18548 3680858 1 806
8089 18545 3680868 1 822
8094 18544 3680878 1 850
8101 18543 3680888 1 858
8107 18543 3680898 1 858
8115 18543 3680908 1 862
8121 18544 3680918 1 860
8133 18547 3680928 1 853
8137 18548 3680938 1 839
8140 18550 3680948 1 817
8141 18552 3680958 1 804
8140 18554 3680968 1 787
8138 18555 3680978 1 747
8135 18557 3680988 1 698
8125 18560 3680998 1 641
8120 18561 3681008 1 576
8115 18562 3681018 1 506
8111 18564 3681028 1 489
8107 18565 3681038 1 432
8104 18567 3681048 1 280
8102 18569 3681058 1 203
8100 18572 3681068 1 128
8099 18573 3681078 1 56
8098 18574 3681088 1 10
8097 18575 3681098 1 3
8096 18576 3681108 1 10
8095 18576 3681118 1 9
8093 18576 3681128 1 9
8089 18576 3681138 1 9
8088 18576 3681148 1 8
8087 18575 3681158 1 8
8087 18575 3681168 1 8
8088 18575 3681178 1 7
8090 18576 3681188 1 7
8093 18576 3681198 1 7
8098 18578 3681208 1 6
8100 18579 3681218 1 6
8102 18580 3681228 1 6
8104 18580 3681238 1 6
8105 18581 3681248 1 5
8105 18581 3681258 1 5
8105 18581 3681268 1 5
8104 18582 3681278 1 4
8103 18581 3681288 1 4
8103 18581 3681298 1 4
8104 18580 3681308 1 3
8106 18579 3681318 1 3
8108 18578 3681328 1 3
8112 18577 3681338 1 3
8121 18576 3681348 1 2
8125 18576 3681358 1 13
8129 18576 3681368 1 95
8133 18576 3681378 1 128
8136 18577 3681388 1 138
8138 18578 3681398 1 180
8140 18578 3681408 1 223
8140 18580 3681418 1 266
8138 18581 3681428 1 309
8136 18582 3681438 1 351
8133 18583 3681448 1 372
8129 18583 3681458 1 393
8125 18583 3681468 1 433
8121 18583 3681478 1 473
8114 18583 3681488 1 511
8112 18583 3681498 1 547
8110 18582 3681508 1 581
8110 18581 3681518 1 591
8111 18580 3681528 1 614
8112 18579 3681538 1 673
8114 18577 3681548 1 700
8119 18571 3681558 1 724
8121 18568 3681568 1 745
8122 18565 3681578 1 764
8122 18562 3681588 1 773
8121 18559 3681598 1 780
8119 18556 3681608 1 791
8116 18553 3681618 1 800
8108 18548 3681628 1 806
8104 18546 3681638 1 810
8101 18543 3681648 1 812
8097 18541 3681658 1 812
8095 18540 3681668 1 811
8092 18538 3681678 1 810
8091 18538 3681688 1 809
8090 18538 3681698 1 804
8091 18538 3681708 1 802
8092 18539 3681718 1 801
8094 18539 3681728 1 800
8096 18540 3681738 1 801
8099 18540 3681748 1 802
8102 18541 3681758 1 806
8111 18542 3681768 1 812
8117 18542 3681778 1 820
8123 18543 3681788 1 828
8130 18545 3681798 1 833
8136 18547 3681808 1 838
8142 18549 3681818 1 849
8147 18552 3681828 1 858
8152 18557 3681838 1 867
8153 18560 3681848 1 874
8152 18562 3681858 1 882
8150 18565 3681868 1 884
8148 18567 3681878 1 882
8145 18569 3681888 1 877
8142 18571 3681898 1 868
8137 18574 3681908 1 854
8136 18575 3681918 1 833
8135 18575 3681928 1 808
8136 18575 3681938 1 793
8137 18575 3681948 1 776
8139 18574 3681958 1 738
8141 18574 3681968 1 697
8144 18572 3681978 1 651
8146 18571 3681988 1 601
8146 18571 3681998 1 549
8145 18570 3682008 1 536
8144 18570 3682018 1 495
8141 18569 3682028 1 382
8138 18569 3682038 1 325
8129 18569 3682048 1 269
8125 18569 3682058 1 213
8121 18570 3682068 1 159
8117 18571 3682078 1 132
8115 18572 3682088 1 107
8114 18573 3682098 1 59
8114 18574 3682108 1 20
8119 18577 3682118 1 20
8122 18578 3682128 1 20
8127 18579 3682138 1 21
8132 18580 3682148 1 21
8137 18581 3682158 1 21
8142 18581 3682168 1 22
8148 18582 3682178 1 22
8156 18582 3682188 1 22
8159 18582 3682198 1 23
8161 18582 3682208 1 23
8162 18582 3682218 1 23
8160 18582 3682228 1 23
8158 18582 3682238 1 24
8155 18582 3682248 1 59
8146 18584 3682258 1 145
8142 18585 3682268 1 192
8137 18586 3682278 1 241
8134 18587 3682288 1 344
8132 18588 3682298 1 398
8130 18589 3682308 1 452
8130 18591 3682318 1 507
8133 18593 3682328 1 619
8136 18593 3682338 1 674
8139 18594 3682348 1 729
8142 18594 3682358 1 783
8146 18595 3682368 1 836
8150 18595 3682378 1 888
8153 18596 3682388 1 938
8160 18597 3682398 1 1000
8162 18597 3682408 1 999
8164 18597 3682418 1 999
8164 18597 3682428 1 999
8164 18597 3682438 1 999
8163 18596 3682448 1 999
8162 18596 3682458 1 998
8156 18593 3682468 1 998
8152 18592 3682478 1 998
8148 18591 3682488 1 997
8144 18590 3682498 1 997
8140 18589 3682508 1 997
8136 18588 3682518 1 997
8131 18588 3682528 1 997
8123 18589 3682538 1 996
8120 18590 3682548 1 985
8116 18591 3682558 1 910
8113 18592 3682568 1 829
8111 18593 3682578 1 748
8109 18594 3682588 1 672
8108 18595 3682598 1 605
8109 18595 3682608 1 517
8112 18595 3682618 1 506
8116 18595 3682628 1 525
8120 18595 3682638 1 578
8126 18595 3682648 1 670
