8105 18140 8589247 1 746
8103 18147 8589257 1 748
8101 18155 8589267 1 751
8100 18164 8589277 1 751
8101 18174 8589287 1 751
8102 18182 8589297 1 752
8104 18190 8589307 1 753
8107 18197 8589317 1 754
8115 18207 8589327 1 755
8121 18208 8589337 1 756
8127 18207 8589347 1 755
8135 18203 8589357 1 755
8143 18197 8589367 1 756
8152 18190 8589377 1 756
8159 18183 8589387 1 756
8164 18177 8589397 1 756
8170 18171 8589407 1 758
8170 18170 8589417 1 759
8169 18171 8589427 1 759
8166 18174 8589437 1 760
8161 18179 8589447 1 760
8155 18186 8589457 1 760
8146 18194 8589467 1 761
8136 18203 8589477 1 763
8115 18219 8589487 1 766
8105 18225 8589497 1 767
8097 18230 8589507 1 769
8090 18233 8589517 1 771
8086 18234 8589527 1 772
8084 18233 8589537 1 773
8084 18230 8589547 1 774
8086 18225 8589557 1 775
8097 18213 8589567 1 775
8104 18206 8589577 1 775
8113 18200 8589587 1 773
8122 18193 8589597 1 771
8132 18187 8589607 1 770
8141 18181 8589617 1 767
8150 18176 8589627 1 761
8158 18172 8589637 1 758
8167 18167 8589647 1 750
8168 18166 8589657 1 743
8168 18164 8589667 1 740
8167 18164 8589677 1 737
8164 18163 8589687 1 732
8161 18163 8589697 1 727
8157 18164 8589707 1 724
8152 18166 8589717 1 721
8144 18170 8589727 1 714
8140 18173 8589737 1 713
8138 18176 8589747 1 713
8137 18179 8589757 1 713
8138 18181 8589767 1 715
8140 18183 8589777 1 718
8144 18185 8589787 1 721
8149 18186 8589797 1 727
8163 18186 8589807 1 741
8171 18185 8589817 1 747
8179 18184 8589827 1 761
8187 18182 8589837 1 777
8194 18180 8589847 1 786
8201 18178 8589857 1 795
8206 18176 8589867 1 816
8210 18174 8589877 1 838
8216 18172 8589887 1 858
8217 18172 8589897 1 877
8217 18172 8589907 1 909
8217 18173 8589917 1 919
8216 18175 8589927 1 917
8216 18177 8589937 1 921
8215 18179 8589947 1 918
8215 18181 8589957 1 915
8215 18185 8589967 1 890
8216 18186 8589977 1 863
8217 18187 8589987 1 847
8217 18188 8589997 1 826
8218 18189 8590007 1 778
8219 18189 8590017 1 721
8219 18190 8590027 1 689
8220 18191 8590037 1 653
8219 18192 8590047 1 497
8219 18194 8590057 1 477
8218 18195 8590067 1 413
8217 18197 8590077 1 238
8216 18199 8590087 1 152
8215 18201 8590097 1 116
8214 18202 8590107 1 69
8213 18204 8590117 0 0
8213 18206 8590127 0 0
8212 18207 8590137 0 0
8212 18207 8590147 0 0
8211 18207 8590157 0 0
8210 18207 8590167 0 0
8209 18207 8590177 0 0
8208 18207 8590187 0 0
8207 18207 8590197 0 0
8205 18207 8590207 0 0
8204 18208 8590217 0 0
8202 18209 8590227 0 0
8200 18210 8590237 0 0
8197 18210 8590247 0 0
8195 18211 8590257 0 0
8193 18211 8590267 0 0
8192 18210 8590277 0 0
8190 18209 8590287 0 0
8190 18208 8590297 0 0
8191 18206 8590307 0 0
8193 18205 8590317 0 0
8195 18204 8590327 0 0
8197 18202 8590337 0 0
8200 18201 8590347 0 0
8204 18199 8590357 0 0
8212 18196 8590367 0 0
8216 18195 8590377 0 0
8219 18194 8590387 0 0
8222 18194 8590397 0 0
8224 18194 8590407 1 83
8224 18195 8590417 1 118
8224 18195 8590427 1 130
8224 18196 8590437 1 174
8222 18198 8590447 1 241
8220 18199 8590457 1 264
8219 18201 8590467 1 308
8218 18202 8590477 1 351
8217 18203 8590487 1 371
8217 18205 8590497 1 392
8217 18206 8590507 1 431
8218 18207 8590517 1 472
8220 18209 8590527 1 510
8222 18209 8590537 1 546
8223 18210 8590547 1 582
8225 18210 8590557 1 592
8226 18209 8590567 1 616
8226 18207 8590577 1 677
8227 18204 8590587 1 705
8227 18200 8590597 1 717
8226 18190 8590607 1 754
8226 18184 8590617 1 774
8225 18178 8590627 1 784
8223 18172 8590637 1 792
8222 18167 8590647 1 805
8221 18162 8590657 1 815
8220 18157 8590667 1 820
8219 18153 8590677 1 823
8218 18148 8590687 1 831
8217 18146 8590697 1 832
8217 18146 8590707 1 832
8217 18146 8590717 1 832
8218 18147 8590727 1 831
8218 18149 8590737 1 830
8218 18152 8590747 1 827
8219 18154 8590757 1 826
8219 18159 8590767 1 825
8219 18161 8590777 1 827
8219 18163 8590787 1 829
8219 18165 8590797 1 834
8219 18167 8590807 1 838
8219 18168 8590817 1 842
8220 18170 8590827 1 852
8222 18173 8590837 1 863
8226 18178 8590847 1 875
8229 18181 8590857 1 888
8231 18185 8590867 1 900
8234 18188 8590877 1 906
8236 18191 8590887 1 912
8237 18194 8590897 1 922
8238 18197 8590907 1 932
8238 18199 8590917 1 935
8237 18202 8590927 1 929
8235 18203 8590937 1 919
8233 18204 8590947 1 914
8231 18204 8590957 1 905
8228 18204 8590967 1 882
8225 18204 8590977 1 852
8223 18203 8590987 1 836
8221 18202 8590997 1 816
8218 18201 8591007 1 723
8218 18200 8591017 1 697
8218 18200 8591027 1 669
8218 18199 8591037 1 609
8219 18199 8591047 1 546
8220 18198 8591057 1 530
8222 18197 8591067 1 480
8224 18196 8591077 1 343
8229 18193 8591087 1 241
8232 18192 8591097 1 201
8235 18191 8591107 1 131
8239 18190 8591117 1 63
8242 18189 8591127 1 29
8245 18188 8591137 0 0
8248 18188 8591147 0 0
8250 18188 8591157 0 0
8254 18189 8591167 0 0
8255 18190 8591177 0 0
8256 18192 8591187 0 0
8257 18194 8591197 0 0
8257 18196 8591207 0 0
8258 18198 8591217 0 0
8259 18200 8591227 0 0
8259 18203 8591237 0 0
8261 18208 8591247 0 0
8262 18211 8591257 0 0
8263 18214 8591267 0 0
8264 18216 8591277 0 0
8265 18218 8591287 0 0
8266 18220 8591297 0 0
8266 18222 8591307 0 0
8266 18223 8591317 1 15
8265 18225 8591327 1 138
8264 18225 8591337 1 274
8262 18226 8591347 1 344
8261 18227 8591357 1 415
8259 18227 8591367 1 489
8257 18228 8591377 1 562
8255 18229 8591387 1 638
8253 18229 8591397 1 712
8250 18230 8591407 1 860
8250 18230 8591417 1 932
8249 18230 8591427 1 1004
8250 18230 8591437 1 1024
8250 18230 8591447 1 1024
8251 18229 8591457 1 1024
8252 18228 8591467 1 1024
8253 18227 8591477 1 1024
8255 18225 8591487 1 1024
8256 18225 8591497 1 1024
8256 18224 8591507 1 1024
8256 18224 8591517 1 1024
8256 18224 8591527 1 1024
8254 18224 8591537 1 1024
8253 18224 8591547 1 1024
8251 18225 8591557 1 1024
8247 18227 8591567 1 1024
8245 18229 8591577 1 1024
8243 18231 8591587 1 1024
8242 18233 8591597 1 1024
8242 18234 8591607 1 1024
8242 18236 8591617 1 1024
8242 18237 8591627 1 945
8243 18238 8591637 1 830
8246 18239 8591647 1 623
8248 18239 8591657 1 546
8250 18239 8591667 1 496
8251 18238 8591677 1 480
8252 18237 8591687 1 508
8253 18235 8591697 1 586
8253 18234 8591707 1 720
