7855 17473 6366382 1 709
7837 17454 6366392 1 668
7829 17447 6366402 1 652
7825 17444 6366412 1 655
7809 17429 6366422 1 672
7809 17430 6366432 1 700
7809 17431 6366442 1 734
7808 17431 6366452 1 769
7807 17433 6366462 1 801
7807 17434 6366472 1 826
7807 17435 6366482 1 840
7808 17437 6366492 1 845
7809 17441 6366502 1 828
7810 17443 6366512 1 807
7812 17444 6366522 1 780
7813 17445 6366532 1 765
7815 17445 6366542 1 747
7817 17445 6366552 1 708
7820 17445 6366562 1 666
7822 17445 6366572 1 619
7824 17445 6366582 1 571
7826 17444 6366592 1 520
7828 17444 6366602 1 468
7829 17443 6366612 1 415
7831 17441 6366622 1 363
7832 17439 6366632 1 312
7834 17437 6366642 1 263
7835 17435 6366652 1 217
7836 17432 6366662 1 175
7837 17430 6366672 1 137
7837 17427 6366682 1 105
7836 17425 6366692 1 85
7835 17422 6366702 1 85
7835 17420 6366712 1 85
7833 17418 6366722 1 84
7831 17417 6366732 1 84
7826 17415 6366742 1 84
7822 17415 6366752 1 83
7818 17415 6366762 1 83
7814 17417 6366772 1 83
7812 17419 6366782 1 86
7809 17421 6366792 1 101
7804 17425 6366802 1 126
7799 17430 6366812 1 154
7794 17435 6366822 1 186
7788 17440 6366832 1 220
7783 17445 6366842 1 254
7778 17451 6366852 1 292
7772 17461 6366862 1 350
7770 17466 6366872 1 369
7766 17473 6366882 1 409
7763 17479 6366892 1 450
7761 17485 6366902 1 489
7759 17492 6366912 1 528
7759 17498 6366922 1 566
7759 17502 6366932 1 603
7759 17507 6366942 1 638
7759 17511 6366952 1 655
7759 17513 6366962 1 671
7761 17516 6366972 1 701
7765 17521 6366982 1 753
7768 17522 6366992 1 775
7772 17522 6367002 1 793
7777 17521 6367012 1 810
7784 17520 6367022 1 824
7787 17520 6367032 1 831
7791 17519 6367042 1 836
7799 17515 6367052 1 845
7807 17509 6367062 1 852
7816 17502 6367072 1 857
7826 17495 6367082 1 861
7836 17486 6367092 1 862
7858 17467 6367102 1 859
7864 17461 6367112 1 859
7870 17455 6367122 1 856
7881 17445 6367132 1 851
7892 17434 6367142 1 845
7903 17424 6367152 1 837
7913 17414 6367162 1 828
7924 17404 6367172 1 817
7934 17395 6367182 1 807
7943 17386 6367192 1 794
7948 17381 6367202 1 788
7952 17377 6367212 1 782
7966 17366 6367222 1 755
7970 17363 6367232 1 740
7975 17360 6367242 1 725
7977 17359 6367252 1 710
7979 17359 6367262 1 695
7979 17361 6367272 1 680
7978 17363 6367282 1 672
7977 17365 6367292 1 664
7975 17370 6367302 1 648
7972 17376 6367312 1 632
7968 17384 6367322 1 615
7964 17393 6367332 1 599
7954 17413 6367342 1 564
7949 17424 6367352 1 547
7946 17430 6367362 1 538
7943 17436 6367372 1 529
7936 17448 6367382 1 511
7930 17459 6367392 1 493
7922 17471 6367402 1 475
7915 17482 6367412 1 457
7907 17494 6367422 1 439
7900 17505 6367432 1 420
7892 17516 6367442 1 402
7888 17522 6367452 1 392
7878 17539 6367462 1 364
7873 17549 6367472 1 345
7868 17559 6367482 1 326
7863 17567 6367492 1 307
7859 17575 6367502 1 288
7855 17582 6367512 1 269
7852 17588 6367522 1 250
7850 17591 6367532 1 239
7849 17593 6367542 1 229
7847 17599 6367552 1 210
7845 17604 6367562 1 191
7843 17608 6367572 1 172
7841 17613 6367582 1 132
7841 17615 6367592 1 113
7841 17617 6367602 1 93
7841 17618 6367612 1 85
7842 17618 6367622 1 73
7843 17619 6367632 1 60
7843 17620 6367642 1 59
7844 17620 6367652 1 59
7844 17620 6367662 1 59
7845 17619 6367672 1 59
7845 17617 6367682 1 58
7846 17614 6367692 1 58
7847 17609 6367702 1 58
7848 17605 6367712 1 57
7848 17602 6367722 1 57
7847 17599 6367732 1 57
7847 17596 6367742 1 57
7846 17594 6367752 1 56
7845 17591 6367762 1 56
7844 17590 6367772 1 56
7843 17589 6367782 1 56
7841 17589 6367792 1 55
7840 17589 6367802 1 55
7839 17589 6367812 1 55
7836 17589 6367822 1 54
7834 17588 6367832 1 54
7833 17588 6367842 1 54
7832 17587 6367852 1 54
7831 17586 6367862 1 53
7830 17585 6367872 1 53
7829 17584 6367882 1 53
7828 17583 6367892 1 53
7827 17581 6367902 1 52
7826 17580 6367912 1 52
7825 17579 6367922 1 52
7824 17578 6367932 1 52
7824 17579 6367942 1 51
7824 17580 6367952 1 51
7824 17579 6367962 1 51
7825 17577 6367972 1 50
7826 17576 6367982 1 50
7826 17573 6367992 1 50
7827 17570 6368002 1 50
7828 17567 6368012 1 49
7829 17564 6368022 1 49
7830 17563 6368032 1 49
7831 17562 6368042 1 49
7831 17557 6368052 1 48
7831 17548 6368062 1 48
7831 17543 6368072 1 48
7831 17537 6368082 1 47
7831 17532 6368092 1 47
7831 17526 6368102 1 47
7830 17523 6368112 1 47
7830 17519 6368122 1 46
7830 17512 6368132 1 46
7831 17505 6368142 1 46
7831 17499 6368152 1 46
7832 17492 6368162 1 45
7833 17485 6368172 1 45
7835 17473 6368182 1 45
7836 17469 6368192 1 44
7836 17465 6368202 1 44
7838 17461 6368212 1 44
7839 17458 6368222 1 44
7839 17456 6368232 1 43
7840 17454 6368242 1 78
7841 17453 6368252 1 118
7841 17452 6368262 1 160
7842 17451 6368272 1 203
7841 17451 6368282 1 224
7841 17451 6368292 1 247
7842 17455 6368302 1 336
7842 17458 6368312 1 382
7843 17461 6368322 1 427
7843 17464 6368332 1 472
7844 17468 6368342 1 516
7845 17472 6368352 1 559
7845 17475 6368362 1 579
7846 17478 6368372 1 600
7847 17481 6368382 1 640
7848 17484 6368392 1 680
7850 17486 6368402 1 716
7851 17487 6368412 1 751
7853 17490 6368422 1 812
7853 17490 6368432 1 839
7853 17490 6368442 1 851
7853 17491 6368452 1 861
7852 17491 6368462 1 881
7851 17491 6368472 1 898
7851 17491 6368482 1 913
7850 17491 6368492 1 924
7849 17489 6368502 1 933
7848 17487 6368512 1 939
7848 17486 6368522 1 944
7848 17484 6368532 1 945
7848 17479 6368542 1 947
7849 17476 6368552 1 946
7849 17474 6368562 1 943
7850 17471 6368572 1 939
7850 17469 6368582 1 935
7851 17467 6368592 1 928
7852 17465 6368602 1 921
7853 17464 6368612 1 918
7854 17462 6368622 1 913
7855 17460 6368632 1 905
7857 17457 6368642 1 896
7859 17455 6368652 1 888
7863 17452 6368662 1 870
7866 17451 6368672 1 863
7869 17451 6368682 1 854
7871 17452 6368692 1 850
7872 17452 6368702 1 847
7875 17454 6368712 1 840
7878 17456 6368722 1 833
7882 17459 6368732 1 827
7885 17462 6368742 1 821
7889 17464 6368752 1 817
7892 17466 6368762 1 812
7895 17469 6368772 1 807
7898 17473 6368782 1 803
7900 17475 6368792 1 800
7903 17477 6368802 1 797
7905 17479 6368812 1 794
7907 17480 6368822 1 791
7909 17482 6368832 1 789
7910 17483 6368842 1 787
7911 17485 6368852 1 787
7912 17486 6368862 1 786
7912 17488 6368872 1 786
7913 17489 6368882 1 785
7913 17490 6368892 1 784
7914 17491 6368902 1 785
7914 17491 6368912 1 785
7914 17491 6368922 1 786
7913 17491 6368932 1 787
7913 17490 6368942 1 788
7912 17490 6368952 1 789
7911 17490 6368962 1 791
7910 17491 6368972 1 793
7909 17492 6368982 1 795
7908 17493 6368992 1 798
7907 17495 6369002 1 800
7906 17497 6369012 1 804
7904 17500 6369022 1 809
7903 17502 6369032 1 810
7901 17504 6369042 1 814
7900 17505 6369052 1 818
7899 17507 6369062 1 822
7898 17509 6369072 1 827
7897 17511 6369082 1 831
7897 17513 6369092 1 835
7896 17516 6369102 1 840
7896 17518 6369112 1 842
7896 17520 6369122 1 845
7896 17523 6369132 1 850
7895 17528 6369142 1 861
7896 17529 6369152 1 867
7896 17531 6369162 1 872
7897 17532 6369172 1 878
7898 17533 6369182 1 884
7898 17534 6369192 1 887
7898 17535 6369202 1 890
7899 17537 6369212 1 896
7900 17538 6369222 1 902
7902 17538 6369232 1 909
7903 17539 6369242 1 915
7904 17538 6369252 1 921
7905 17535 6369262 1 933
7906 17533 6369272 1 936
7906 17531 6369282 1 940
7907 17527 6369292 1 946
7908 17524 6369302 1 952
7908 17519 6369312 1 958
7909 17515 6369322 1 964
7909 17511 6369332 1 969
7909 17507 6369342 1 975
7909 17503 6369352 1 980
7909 17501 6369362 1 983
7909 17499 6369372 1 985
7908 17493 6369382 1 994
7908 17491 6369392 1 997
7907 17489 6369402 1 1000
7906 17488 6369412 1 1003
7905 17487 6369422 1 1005
7904 17486 6369432 1 1006
7903 17486 6369442 1 1007
7902 17487 6369452 1 1007
7901 17488 6369462 1 1008
7899 17488 6369472 1 1007
7897 17490 6369482 1 1006
7895 17491 6369492 1 1003
7891 17495 6369502 1 996
7889 17497 6369512 1 993
7888 17499 6369522 1 990
7887 17501 6369532 1 987
7886 17503 6369542 1 980
7886 17504 6369552 1 972
7885 17504 6369562 1 965
7885 17505 6369572 1 955
7886 17506 6369582 1 944
7887 17507 6369592 1 932
7888 17508 6369602 1 920
7890 17509 6369612 1 913
7893 17510 6369622 1 891
7896 17511 6369632 1 875
7898 17511 6369642 1 859
7901 17511 6369652 1 841
7903 17510 6369662 1 822
7905 17509 6369672 1 803
7907 17508 6369682 1 784
7909 17506 6369692 1 774
7910 17504 6369702 1 763
7911 17503 6369712 1 742
7912 17502 6369722 1 720
7913 17500 6369732 1 697
7914 17499 6369742 1 650
7915 17498 6369752 1 627
7915 17497 6369762 1 602
7915 17496 6369772 1 590
7914 17495 6369782 1 577
7914 17496 6369792 1 551
7913 17496 6369802 1 526
7911 17496 6369812 1 500
7909 17497 6369822 1 473
7907 17499 6369832 1 447
7905 17500 6369842 1 420
7903 17501 6369852 1 393
7899 17503 6369862 1 366
7897 17505 6369872 1 339
7895 17507 6369882 1 312
7893 17509 6369892 1 285
7892 17512 6369902 1 258
7890 17513 6369912 1 232
7889 17515 6369922 1 205
7888 17517 6369932 1 179
7888 17519 6369942 1 166
7887 17520 6369952 1 153
7886 17522 6369962 1 127
7886 17524 6369972 1 101
7885 17529 6369982 1 51
7884 17531 6369992 1 4
7884 17533 6370002 1 4
7884 17534 6370012 1 4
7884 17536 6370022 1 4
7885 17537 6370032 1 5
7886 17538 6370042 1 5
7887 17538 6370052 1 5
7888 17538 6370062 1 5
7889 17537 6370072 1 6
7890 17535 6370082 1 6
7891 17533 6370092 1 6
7893 17529 6370102 1 15
7893 17527 6370112 1 34
7894 17524 6370122 1 63
7894 17520 6370132 1 98
7895 17517 6370142 1 139
7896 17512 6370152 1 183
7896 17508 6370162 1 228
7897 17504 6370172 1 274
7898 17499 6370182 1 317
7898 17497 6370192 1 359
7898 17495 6370202 1 394
7898 17493 6370212 1 423
7898 17491 6370222 1 455
7898 17491 6370232 1 454
7898 17491 6370242 1 439
7897 17491 6370252 1 410
7897 17491 6370262 1 365
7897 17492 6370272 1 300
7897 17492 6370282 1 216
7896 17492 6370292 1 110
7896 17492 6370302 1 12
7896 17491 6370312 1 12
7896 17491 6370322 1 12
7896 17490 6370332 1 13
7896 17490 6370342 1 13
7896 17490 6370352 1 24
7896 17490 6370362 1 54
7896 17490 6370372 1 98
7896 17490 6370382 1 145
7896 17491 6370392 1 195
7896 17492 6370402 1 246
7896 17493 6370412 1 299
7895 17493 6370422 1 354
7895 17493 6370432 1 409
7894 17493 6370442 1 436
7893 17493 6370452 1 463
7892 17493 6370462 1 574
7891 17493 6370472 1 627
7890 17493 6370482 1 680
7890 17493 6370492 1 731
7890 17493 6370502 1 781
7890 17494 6370512 1 828
7891 17494 6370522 1 852
7891 17493 6370532 1 873
7892 17493 6370542 1 915
7893 17493 6370552 1 952
7893 17492 6370562 1 987
7893 17492 6370572 1 1012
7894 17489 6370582 1 1012
7894 17487 6370592 1 1012
7895 17485 6370602 1 1012
7894 17483 6370612 1 1012
7894 17480 6370622 1 1011
7894 17478 6370632 1 1011
7893 17476 6370642 1 1011
7893 17474 6370652 1 1011
7892 17472 6370662 1 1011
7891 17471 6370672 1 1011
7890 17470 6370682 1 1011
7889 17469 6370692 1 1010
7887 17467 6370702 1 1010
7887 17466 6370712 1 1010
7886 17466 6370722 1 1010
7886 17466 6370732 1 1010
7886 17466 6370742 1 1010
7886 17466 6370752 1 1009
7886 17466 6370762 1 1009
7886 17467 6370772 1 1009
7887 17468 6370782 1 1009
7888 17469 6370792 1 1009
7889 17470 6370802 1 1009
7891 17472 6370812 1 1009
7895 17477 6370822 1 1008
7898 17479 6370832 1 1008
7901 17482 6370842 1 1008
7904 17484 6370852 1 1008
7906 17486 6370862 1 1008
7909 17489 6370872 1 1008
7911 17491 6370882 1 1007
7914 17493 6370892 1 1007
7916 17494 6370902 1 1007
7918 17496 6370912 1 1007
7920 17498 6370922 1 1007
7921 17500 6370932 1 1007
7922 17503 6370942 1 1006
7922 17505 6370952 1 1006
7923 17507 6370962 1 1006
7924 17509 6370972 1 1006
7924 17511 6370982 1 1006
7924 17512 6370992 1 1006
7924 17514 6371002 1 1006
7923 17515 6371012 1 1005
7923 17516 6371022 1 1005
7922 17517 6371032 1 1005
7921 17518 6371042 1 1005
7920 17518 6371052 1 1005
7917 17519 6371062 1 1005
7916 17519 6371072 1 1004
7915 17520 6371082 1 1004
7913 17520 6371092 1 1004
7911 17521 6371102 1 1004
7909 17521 6371112 1 1004
7907 17521 6371122 1 1004
7904 17520 6371132 1 1004
7902 17519 6371142 1 1003
7900 17518 6371152 1 1003
7897 17516 6371162 1 1003
7895 17514 6371172 1 1003
7891 17511 6371182 1 1003
7891 17510 6371192 1 1003
7889 17509 6371202 1 1002
7888 17509 6371212 1 1002
7887 17510 6371222 1 1002
7887 17511 6371232 1 1002
7887 17512 6371242 1 1002
7888 17514 6371252 1 1002
7888 17515 6371262 1 1002
7890 17515 6371272 1 1001
7891 17515 6371282 1 1001
7892 17515 6371292 1 1001
7895 17516 6371302 1 1001
7897 17518 6371312 1 1001
7899 17520 6371322 1 1001
7900 17522 6371332 1 1000
7902 17525 6371342 1 1000
7903 17528 6371352 1 1000
7904 17531 6371362 1 1000
7905 17535 6371372 1 1000
7906 17540 6371382 1 1000
7907 17544 6371392 1 999
7907 17549 6371402 1 999
7908 17553 6371412 1 999
7910 17562 6371422 1 999
7910 17565 6371432 1 999
7910 17567 6371442 1 999
7911 17569 6371452 1 998
7912 17572 6371462 1 998
7914 17573 6371472 1 998
7915 17574 6371482 1 998
7917 17574 6371492 1 998
7918 17575 6371502 1 998
7920 17574 6371512 1 998
7921 17574 6371522 1 997
7922 17573 6371532 1 997
7924 17572 6371542 1 997
7925 17571 6371552 1 997
7927 17570 6371562 1 997
7928 17569 6371572 1 997
7929 17567 6371582 1 996
7930 17566 6371592 1 996
7932 17564 6371602 1 996
7933 17563 6371612 1 996
7934 17561 6371622 1 969
7935 17559 6371632 1 934
7936 17557 6371642 1 897
7937 17555 6371652 1 859
7939 17552 6371662 1 778
7940 17552 6371672 1 736
7941 17553 6371682 1 716
7941 17554 6371692 1 695
7941 17555 6371702 1 651
7941 17556 6371712 1 608
7941 17556 6371722 1 565
7941 17557 6371732 1 521
7940 17557 6371742 1 477
7939 17557 6371752 1 434
7938 17556 6371762 1 391
7938 17557 6371772 1 370
7937 17554 6371782 1 308
7936 17551 6371792 1 266
7936 17548 6371802 1 227
7936 17545 6371812 1 189
7935 17542 6371822 1 152
7935 17538 6371832 1 117
7934 17534 6371842 1 83
7934 17531 6371852 1 60
7933 17528 6371862 1 54
7932 17524 6371872 1 54
7930 17520 6371882 1 55
7929 17517 6371892 1 55
7926 17509 6371902 1 55
7924 17507 6371912 1 56
7923 17504 6371922 1 56
7922 17502 6371932 1 56
7921 17501 6371942 1 56
7919 17500 6371952 1 57
7918 17499 6371962 1 57
7916 17498 6371972 1 57
7915 17498 6371982 1 57
7913 17498 6371992 1 58
7912 17498 6372002 1 58
7911 17499 6372012 1 58
7910 17498 6372022 1 59
7910 17497 6372032 1 59
7910 17496 6372042 1 59
7910 17493 6372052 1 59
7910 17491 6372062 1 60
7911 17488 6372072 1 98
7911 17486 6372082 1 147
7912 17485 6372092 1 200
7913 17483 6372102 1 227
7914 17481 6372112 1 256
7916 17480 6372122 1 316
7918 17479 6372132 1 377
7922 17477 6372142 1 505
7924 17476 6372152 1 570
7926 17476 6372162 1 635
7928 17476 6372172 1 700
7930 17476 6372182 1 733
7931 17477 6372192 1 763
7933 17479 6372202 1 825
7936 17483 6372212 1 885
7938 17486 6372222 1 942
7941 17490 6372232 1 986
7944 17493 6372242 1 986
7946 17497 6372252 1 986
7950 17502 6372262 1 986
7951 17505 6372272 1 986
7953 17506 6372282 1 986
7955 17508 6372292 1 985
7958 17508 6372302 1 985
7961 17509 6372312 1 985
7963 17508 6372322 1 985
7966 17507 6372332 1 985
7968 17507 6372342 1 985
7970 17507 6372352 1 985
7971 17507 6372362 1 984
7973 17506 6372372 1 984
7975 17505 6372382 1 984
7976 17503 6372392 1 984
7976 17501 6372402 1 984
7976 17499 6372412 1 984
7976 17497 6372422 1 983
7975 17495 6372432 1 983
7974 17494 6372442 1 983
7974 17491 6372452 1 983
7974 17489 6372462 1 983
7974 17487 6372472 1 983
7974 17485 6372482 1 983
7975 17484 6372492 1 982
7975 17481 6372502 1 982
7976 17480 6372512 1 982
7976 17479 6372522 1 982
7976 17479 6372532 1 982
7976 17479 6372542 1 982
7975 17480 6372552 1 981
7976 17481 6372562 1 981
7975 17483 6372572 1 981
7975 17484 6372582 1 981
7975 17487 6372592 1 981
7975 17489 6372602 1 981
7975 17491 6372612 1 981
7974 17498 6372622 1 980
7973 17502 6372632 1 980
7972 17507 6372642 1 980
7971 17511 6372652 1 980
7970 17515 6372662 1 980
7968 17519 6372672 1 980
7967 17521 6372682 1 979
7965 17522 6372692 1 979
7963 17525 6372702 1 979
7959 17527 6372712 1 979
7956 17529 6372722 1 979
7953 17531 6372732 1 979
7946 17532 6372742 1 978
7942 17532 6372752 1 978
7940 17531 6372762 1 978
7938 17531 6372772 1 978
7935 17532 6372782 1 978
7933 17533 6372792 1 978
7931 17535 6372802 1 978
7929 17536 6372812 1 977
7928 17537 6372822 1 977
7927 17538 6372832 1 977
7926 17538 6372842 1 977
7926 17538 6372852 1 977
7926 17536 6372862 1 976
7927 17535 6372872 1 976
7928 17535 6372882 1 976
7929 17536 6372892 1 976
7931 17536 6372902 1 976
7933 17537 6372912 1 976
7936 17537 6372922 1 976
7939 17537 6372932 1 975
7942 17538 6372942 1 975
7945 17538 6372952 1 975
7948 17538 6372962 1 975
7951 17538 6372972 1 975
7957 17536 6372982 1 975
7959 17536 6372992 1 974
7961 17534 6373002 1 974
7964 17533 6373012 1 974
7967 17532 6373022 1 974
7970 17531 6373032 1 974
7972 17529 6373042 1 974
7974 17527 6373052 1 974
7976 17525 6373062 1 973
7978 17522 6373072 1 973
7980 17519 6373082 1 973
7982 17516 6373092 1 973
7986 17510 6373102 1 973
7987 17508 6373112 1 973
7989 17506 6373122 1 972
7990 17504 6373132 1 972
7990 17502 6373142 1 972
7990 17500 6373152 1 972
7990 17498 6373162 1 972
7990 17496 6373172 1 972
7988 17495 6373182 1 972
7987 17494 6373192 1 971
7985 17493 6373202 1 971
7983 17492 6373212 1 971
7980 17491 6373222 1 971
7978 17491 6373232 1 971
7977 17492 6373242 1 971
7975 17492 6373252 1 970
7974 17493 6373262 1 970
7973 17493 6373272 1 970
7972 17493 6373282 1 970
7971 17493 6373292 1 970
7972 17492 6373302 1 970
7973 17490 6373312 1 970
