7892 18908 2019015 1 558
7697 18739 2019025 1 555
7624 18675 2019035 1 555
7610 18663 2019045 1 557
7604 18657 2019055 1 558
7600 18654 2019065 1 560
7588 18644 2019075 1 561
7588 18644 2019085 1 563
7588 18644 2019095 1 564
7589 18644 2019105 1 566
7589 18644 2019115 1 567
7590 18644 2019125 1 569
7590 18645 2019135 1 570
7591 18645 2019145 1 572
7592 18646 2019155 1 574
7592 18646 2019165 1 575
7592 18647 2019175 1 577
7592 18647 2019185 1 578
7593 18648 2019195 1 580
7593 18648 2019205 1 581
7594 18648 2019215 1 583
7595 18649 2019225 1 584
7597 18649 2019235 1 586
7598 18649 2019245 1 587
7600 18649 2019255 1 589
7602 18649 2019265 1 590
7604 18649 2019275 1 592
7606 18649 2019285 1 593
7608 18648 2019295 1 595
7610 18648 2019305 1 596
7612 18648 2019315 1 598
7614 18647 2019325 1 598
7615 18647 2019335 1 599
7617 18646 2019345 1 601
7618 18646 2019355 1 602
7619 18645 2019365 1 604
7620 18645 2019375 1 604
7620 18644 2019385 1 606
7620 18643 2019395 1 607
7620 18643 2019405 1 609
7619 18642 2019415 1 610
7617 18642 2019425 1 612
7615 18641 2019435 1 613
7613 18641 2019445 1 615
7609 18640 2019455 1 616
7605 18640 2019465 1 618
7601 18639 2019475 1 619
7597 18638 2019485 1 621
7592 18637 2019495 1 622
7586 18637 2019505 1 623
7581 18636 2019515 1 625
7579 18636 2019525 1 626
7576 18636 2019535 1 626
7571 18635 2019545 1 628
7567 18634 2019555 1 629
7563 18634 2019565 1 631
7560 18633 2019575 1 632
7557 18633 2019585 1 634
7555 18633 2019595 1 635
7553 18632 2019605 1 637
7552 18632 2019615 1 638
7551 18632 2019625 1 640
7550 18633 2019635 1 641
7551 18633 2019645 1 641
7552 18633 2019655 1 643
7552 18633 2019665 1 644
7552 18634 2019675 1 646
7552 18635 2019685 1 647
7553 18636 2019695 1 649
7553 18637 2019705 1 650
7554 18638 2019715 1 652
7555 18639 2019725 1 653
7557 18641 2019735 1 655
7559 18643 2019745 1 655
7562 18645 2019755 1 656
7565 18647 2019765 1 658
7567 18649 2019775 1 659
7569 18651 2019785 1 660
7571 18653 2019795 1 662
7573 18655 2019805 1 663
7574 18657 2019815 1 665
7575 18659 2019825 1 666
7577 18661 2019835 1 668
7578 18664 2019845 1 669
7579 18666 2019855 1 671
7579 18668 2019865 1 672
7580 18670 2019875 1 673
7580 18673 2019885 1 675
7580 18675 2019895 1 676
7580 18677 2019905 1 678
7580 18679 2019915 1 679
7580 18681 2019925 1 681
7580 18682 2019935 1 682
7579 18684 2019945 1 684
7578 18685 2019955 1 684
7576 18685 2019965 1 685
7576 18686 2019975 1 687
7575 18688 2019985 1 688
7574 18688 2019995 1 689
7574 18689 2020005 1 691
7573 18690 2020015 1 692
7573 18691 2020025 1 694
7573 18691 2020035 1 694
7574 18691 2020045 1 695
7574 18691 2020055 1 696
7575 18691 2020065 1 698
7577 18691 2020075 1 699
7578 18691 2020085 1 701
7580 18690 2020095 1 702
7582 18690 2020105 1 704
7584 18689 2020115 1 705
7586 18688 2020125 1 706
7588 18686 2020135 1 708
7590 18685 2020145 1 709
7592 18683 2020155 1 711
7594 18682 2020165 1 711
7595 18680 2020175 1 712
7597 18678 2020185 1 714
7599 18676 2020195 1 715
7601 18674 2020205 1 716
7603 18672 2020215 1 718
7605 18671 2020225 1 719
7607 18669 2020235 1 721
7609 18667 2020245 1 722
7610 18665 2020255 1 723
7611 18664 2020265 1 725
7612 18663 2020275 1 726
7613 18662 2020285 1 726
7612 18661 2020295 1 728
7611 18659 2020305 1 729
7610 18657 2020315 1 730
7608 18656 2020325 1 732
7606 18654 2020335 1 733
7603 18653 2020345 1 735
7601 18651 2020355 1 736
7598 18650 2020365 1 737
7595 18649 2020375 1 739
7592 18648 2020385 1 740
7589 18647 2020395 1 742
7586 18647 2020405 1 743
7582 18646 2020415 1 744
7579 18646 2020425 1 746
7576 18646 2020435 1 747
7573 18646 2020445 1 748
7570 18647 2020455 1 750
7568 18647 2020465 1 751
7565 18648 2020475 1 753
7563 18649 2020485 1 754
7561 18650 2020495 1 755
7559 18651 2020505 1 757
7559 18653 2020515 1 758
7559 18654 2020525 1 759
7559 18656 2020535 1 761
7560 18656 2020545 1 761
7561 18657 2020555 1 762
7562 18659 2020565 1 764
7565 18661 2020575 1 765
7567 18663 2020585 1 766
7569 18663 2020595 1 766
7572 18664 2020605 1 768
7575 18666 2020615 1 769
7578 18668 2020625 1 770
7581 18670 2020635 1 770
7584 18672 2020645 1 772
7587 18674 2020655 1 773
7590 18677 2020665 1 775
7593 18679 2020675 1 776
7595 18681 2020685 1 777
7597 18683 2020695 1 779
7599 18685 2020705 1 780
7601 18687 2020715 1 781
7602 18689 2020725 1 783
7603 18691 2020735 1 784
7604 18693 2020745 1 785
7605 18695 2020755 1 787
7606 18697 2020765 1 788
7607 18699 2020775 1 789
7608 18701 2020785 1 791
7610 18703 2020795 1 792
7612 18704 2020805 1 793
7614 18706 2020815 1 795
7617 18707 2020825 1 796
7619 18709 2020835 1 797
7622 18710 2020845 1 799
7626 18711 2020855 1 800
7629 18712 2020865 1 801
7633 18713 2020875 1 803
7637 18714 2020885 1 804
7640 18715 2020895 1 805
7642 18716 2020905 1 805
7644 18716 2020915 1 807
7646 18717 2020925 1 808
7649 18717 2020935 1 809
7652 18718 2020945 1 811
7654 18719 2020955 1 812
7657 18719 2020965 1 813
7660 18720 2020975 1 815
7662 18720 2020985 1 816
7665 18720 2020995 1 817
7667 18721 2021005 1 819
7669 18721 2021015 1 820
7671 18721 2021025 1 821
7673 18721 2021035 1 823
7674 18720 2021045 1 824
7675 18720 2021055 1 824
7675 18720 2021065 1 825
7676 18720 2021075 1 826
7676 18720 2021085 1 828
7675 18720 2021095 1 829
7674 18719 2021105 1 830
7673 18719 2021115 1 832
7671 18719 2021125 1 833
7670 18718 2021135 1 834
7668 18718 2021145 1 836
7667 18717 2021155 1 837
7666 18716 2021165 1 838
7665 18715 2021175 1 839
7664 18715 2021185 1 839
7664 18714 2021195 1 841
7665 18713 2021205 1 842
7665 18712 2021215 1 843
7666 18712 2021225 1 845
7666 18712 2021235 1 845
7665 18711 2021245 1 846
7665 18710 2021255 1 847
7664 18710 2021265 1 849
7662 18709 2021275 1 850
7660 18708 2021285 1 851
7658 18708 2021295 1 852
7656 18707 2021305 1 854
7654 18706 2021315 1 855
7652 18705 2021325 1 856
7650 18705 2021335 1 857
7649 18704 2021345 1 859
7648 18703 2021355 1 860
7647 18702 2021365 1 861
7648 18701 2021375 1 863
7648 18701 2021385 1 864
7649 18700 2021395 1 865
7650 18699 2021405 1 866
7651 18698 2021415 1 868
7652 18697 2021425 1 869
7653 18696 2021435 1 870
7654 18695 2021445 1 871
7654 18694 2021455 1 873
7655 18692 2021465 1 874
7655 18691 2021475 1 875
7655 18690 2021485 1 876
7656 18688 2021495 1 878
7655 18687 2021505 1 879
7655 18686 2021515 1 880
7656 18685 2021525 1 881
7656 18684 2021535 1 882
7656 18684 2021545 1 883
7656 18682 2021555 1 884
7656 18682 2021565 1 885
7656 18681 2021575 1 885
7655 18680 2021585 1 887
7655 18678 2021595 1 888
7654 18677 2021605 1 889
7654 18676 2021615 1 890
7653 18675 2021625 1 891
7652 18673 2021635 1 893
7651 18672 2021645 1 894
7650 18671 2021655 1 895
7649 18670 2021665 1 896
7648 18669 2021675 1 898
7647 18668 2021685 1 899
7646 18667 2021695 1 900
7645 18665 2021705 1 901
7644 18664 2021715 1 903
7643 18664 2021725 1 904
7642 18663 2021735 1 905
7640 18662 2021745 1 906
7639 18662 2021755 1 908
7638 18661 2021765 1 909
7637 18661 2021775 1 910
7637 18660 2021785 1 911
7636 18660 2021795 1 912
7637 18660 2021805 1 914
7637 18660 2021815 1 915
7639 18659 2021825 1 916
7640 18659 2021835 1 917
7642 18659 2021845 1 919
7644 18659 2021855 1 919
7645 18659 2021865 1 920
7647 18659 2021875 1 921
7648 18659 2021885 1 922
7649 18659 2021895 1 923
7650 18660 2021905 1 923
7650 18660 2021915 1 925
7650 18660 2021925 1 926
7649 18660 2021935 1 927
7648 18661 2021945 1 928
7647 18661 2021955 1 929
7645 18662 2021965 1 931
7644 18662 2021975 1 932
7643 18662 2021985 1 933
7643 18663 2021995 1 934
7643 18663 2022005 1 935
7643 18663 2022015 1 937
7644 18664 2022025 1 938
7645 18664 2022035 1 939
7647 18665 2022045 1 940
7649 18665 2022055 1 941
7651 18666 2022065 1 943
7652 18666 2022075 1 943
7653 18666 2022085 1 944
7655 18667 2022095 1 945
7657 18667 2022105 1 946
7659 18667 2022115 1 947
7660 18668 2022125 1 949
7662 18668 2022135 1 950
7663 18668 2022145 1 951
7665 18668 2022155 1 952
7666 18669 2022165 1 953
7667 18668 2022175 1 954
7668 18668 2022185 1 954
7669 18668 2022195 1 956
7670 18668 2022205 1 957
7671 18668 2022215 1 958
7672 18669 2022225 1 959
7674 18669 2022235 1 960
7675 18669 2022245 1 961
7677 18669 2022255 1 963
7679 18669 2022265 1 964
7680 18670 2022275 1 965
7681 18670 2022285 1 966
7681 18670 2022295 1 967
7681 18671 2022305 1 968
7681 18671 2022315 1 970
7680 18671 2022325 1 971
7679 18672 2022335 1 972
7678 18672 2022345 1 973
7676 18672 2022355 1 974
7675 18673 2022365 1 975
7674 18673 2022375 1 977
7673 18673 2022385 1 978
7672 18674 2022395 1 979
7672 18674 2022405 1 980
7671 18675 2022415 1 981
7671 18675 2022425 1 982
7671 18676 2022435 1 984
7671 18676 2022445 1 985
7671 18677 2022455 1 986
7670 18677 2022465 1 987
7670 18677 2022475 1 988
7670 18678 2022485 1 988
7669 18678 2022495 1 989
7669 18678 2022505 1 990
7669 18678 2022515 1 991
7669 18679 2022525 1 993
7669 18679 2022535 1 994
7668 18679 2022545 1 995
7667 18679 2022555 1 996
7667 18679 2022565 1 997
7665 18679 2022575 1 998
7665 18679 2022585 1 999
7664 18679 2022595 1 999
7663 18679 2022605 1 1001
7662 18679 2022615 1 1002
7662 18679 2022625 1 1003
7662 18679 2022635 1 1004
7662 18678 2022645 1 1005
7663 18678 2022655 1 1006
7666 18678 2022665 1 1007
7668 18677 2022675 1 1008
7672 18677 2022685 1 1010
7676 18676 2022695 1 1011
7679 18676 2022705 1 1012
7683 18676 2022715 1 1013
7686 18676 2022725 1 1014
7690 18675 2022735 1 1015
7693 18675 2022745 1 1016
7695 18675 2022755 1 1017
7697 18674 2022765 1 1018
7699 18673 2022775 1 1020
7700 18673 2022785 1 1021
7700 18672 2022795 1 1022
7701 18672 2022805 1 1022
7701 18671 2022815 1 1023
7701 18671 2022825 1 1024
7702 18670 2022835 1 1024
7702 18669 2022845 1 1024
7703 18668 2022855 1 1024
7703 18667 2022865 1 1024
7704 18666 2022875 1 1024
7704 18665 2022885 1 1024
7704 18665 2022895 1 1024
7705 18664 2022905 1 1024
7705 18663 2022915 1 1024
7705 18662 2022925 1 1024
7704 18662 2022935 1 1024
7704 18661 2022945 1 1024
7704 18660 2022955 1 1024
7704 18660 2022965 1 1024
7704 18659 2022975 1 1024
7703 18659 2022985 1 1024
7703 18659 2022995 1 1024
7702 18658 2023005 1 1024
7702 18658 2023015 1 1024
7701 18657 2023025 1 1024
7700 18657 2023035 1 1024
7699 18657 2023045 1 1024
7698 18656 2023055 1 1024
7696 18656 2023065 1 1024
7695 18656 2023075 1 1024
7693 18656 2023085 1 1024
7692 18656 2023095 1 1024
7691 18656 2023105 1 1024
7690 18656 2023115 1 1024
7689 18656 2023125 1 1024
7689 18656 2023135 1 1024
7689 18656 2023145 1 1024
7689 18657 2023155 1 1024
7689 18657 2023165 1 1024
7690 18657 2023175 1 1024
7691 18658 2023185 1 1024
7692 18658 2023195 1 1024
7693 18659 2023205 1 1024
7693 18660 2023215 1 1024
7693 18660 2023225 1 1024
7693 18661 2023235 1 1024
7692 18662 2023245 1 1024
7692 18663 2023255 1 1024
7691 18664 2023265 1 1024
7690 18665 2023275 1 1024
7688 18665 2023285 1 1024
7686 18666 2023295 1 1024
7684 18667 2023305 1 1024
7681 18668 2023315 1 1024
7678 18668 2023325 1 1024
7675 18669 2023335 1 1024
7672 18669 2023345 1 1024
7670 18670 2023355 1 1024
7667 18671 2023365 1 1024
7665 18671 2023375 1 1024
7663 18671 2023385 1 1024
7662 18672 2023395 1 1024
7660 18672 2023405 1 1024
7659 18672 2023415 1 1024
7658 18672 2023425 1 1024
7657 18672 2023435 1 1024
7656 18672 2023445 1 1024
7654 18672 2023455 1 1024
7653 18672 2023465 1 1024
7652 18671 2023475 1 1024
7651 18671 2023485 1 1024
7651 18671 2023495 1 1024
7650 18671 2023505 1 1024
7651 18670 2023515 1 1024
7651 18670 2023525 1 1024
7651 18670 2023535 1 1024
7652 18670 2023545 1 1024
7652 18669 2023555 1 1024
7653 18669 2023565 1 1024
7654 18669 2023575 1 1024
7655 18668 2023585 1 1024
7656 18668 2023595 1 1024
7656 18668 2023605 1 1024
7657 18667 2023615 1 1024
7658 18667 2023625 1 1024
7660 18667 2023635 1 1024
7661 18667 2023645 1 1024
7662 18666 2023655 1 1024
7663 18666 2023665 1 1024
7664 18666 2023675 1 1024
7666 18666 2023685 1 1024
7667 18665 2023695 1 1024
7668 18665 2023705 1 1024
7669 18665 2023715 1 1024
7670 18665 2023725 1 1024
7670 18665 2023735 1 1024
7670 18665 2023745 1 1024
7671 18665 2023755 1 1024
7671 18664 2023765 1 1024
7672 18664 2023775 1 1024
7673 18664 2023785 1 1024
7674 18664 2023795 1 1024
7675 18664 2023805 1 1024
7677 18664 2023815 1 1024
7678 18664 2023825 1 1024
7679 18664 2023835 1 1024
7680 18663 2023845 1 1024
7680 18663 2023855 1 1024
7680 18664 2023865 1 1024
7680 18664 2023875 1 1024
7679 18664 2023885 1 1024
7678 18664 2023895 1 1024
7677 18665 2023905 1 1024
7675 18665 2023915 1 1024
7674 18666 2023925 1 1024
7672 18666 2023935 1 1024
7671 18666 2023945 1 1024
7670 18667 2023955 1 1024
7670 18668 2023965 1 1024
7670 18668 2023975 1 1024
7671 18669 2023985 1 1024
7671 18669 2023995 1 1024
7672 18670 2024005 1 1024
7673 18670 2024015 1 1024
7674 18671 2024025 1 1024
7675 18672 2024035 1 1024
7676 18672 2024045 1 1024
7678 18673 2024055 1 1024
7679 18673 2024065 1 1024
7680 18673 2024075 1 1024
7682 18673 2024085 1 1024
7683 18674 2024095 1 1024
7685 18674 2024105 1 1024
7686 18675 2024115 1 1024
7687 18675 2024125 1 1024
7689 18675 2024135 1 1024
7690 18676 2024145 1 1024
7692 18676 2024155 1 1024
7694 18676 2024165 1 1024
7695 18677 2024175 1 1024
7696 18677 2024185 1 1024
7697 18678 2024195 1 1024
7698 18678 2024205 1 1024
7698 18678 2024215 1 1024
7699 18679 2024225 1 1024
7698 18679 2024235 1 1024
7698 18680 2024245 1 1024
7697 18680 2024255 1 1024
7696 18681 2024265 1 1024
7695 18681 2024275 1 1024
7693 18681 2024285 1 1024
7692 18682 2024295 1 1024
7690 18682 2024305 1 1024
7689 18683 2024315 1 1024
7688 18683 2024325 1 1024
7688 18683 2024335 1 1024
7687 18683 2024345 1 1024
7686 18684 2024355 1 1024
7686 18684 2024365 1 1024
7686 18684 2024375 1 1024
7686 18685 2024385 1 1024
7686 18685 2024395 1 1024
7686 18685 2024405 1 1024
7685 18685 2024415 1 1024
7685 18686 2024425 1 1024
7686 18686 2024435 1 1024
7686 18686 2024445 1 1024
7686 18687 2024455 1 1024
7687 18687 2024465 1 1024
7688 18687 2024475 1 1024
7689 18688 2024485 1 1024
7689 18688 2024495 1 1024
7690 18688 2024505 1 1024
7691 18689 2024515 1 1024
7691 18689 2024525 1 1024
7692 18689 2024535 1 1024
7692 18689 2024545 1 1024
7692 18689 2024555 1 1024
7692 18689 2024565 1 1024
7691 18689 2024575 1 1024
7691 18689 2024585 1 1024
7689 18689 2024595 1 1024
7688 18688 2024605 1 1024
7687 18688 2024615 1 1024
7686 18688 2024625 1 1024
7685 18688 2024635 1 1024
7684 18687 2024645 1 1024
7682 18687 2024655 1 1024
7681 18687 2024665 1 1024
7680 18686 2024675 1 1024
7679 18686 2024685 1 1024
7678 18685 2024695 1 1024
7678 18685 2024705 1 1024
7677 18685 2024715 1 1024
7677 18684 2024725 1 1024
7677 18684 2024735 1 1024
7678 18683 2024745 1 1024
7678 18683 2024755 1 1024
7678 18682 2024765 1 1024
7679 18682 2024775 1 1024
7680 18681 2024785 1 1024
7681 18681 2024795 1 1024
7681 18680 2024805 1 1024
7682 18680 2024815 1 1024
7683 18679 2024825 1 1024
7684 18679 2024835 1 1024
7685 18679 2024845 1 1024
7687 18679 2024855 1 1024
7688 18678 2024865 1 1024
7688 18678 2024875 1 1024
7689 18678 2024885 1 1024
7689 18678 2024895 1 1024
7689 18678 2024905 1 1024
7689 18678 2024915 1 1024
7689 18677 2024925 1 1024
7689 18677 2024935 1 1024
7689 18677 2024945 1 1024
7689 18678 2024955 1 1024
7689 18678 2024965 1 1024
7690 18678 2024975 1 1024
7691 18678 2024985 1 1024
7692 18678 2024995 1 1024
7693 18679 2025005 1 1024
7694 18679 2025015 1 1024
7696 18679 2025025 1 1024
7698 18679 2025035 1 1024
7699 18679 2025045 1 1024
7700 18679 2025055 1 1024
7701 18679 2025065 1 1024
7702 18679 2025075 1 1024
7703 18679 2025085 1 1024
7704 18679 2025095 1 1024
7704 18678 2025105 1 1024
7705 18678 2025115 1 1024
7705 18678 2025125 1 1024
7706 18678 2025135 1 1024
7706 18677 2025145 1 1024
7707 18677 2025155 1 1024
7707 18677 2025165 1 1024
7708 18676 2025175 1 1024
7708 18676 2025185 1 1024
7708 18675 2025195 1 1024
7707 18675 2025205 1 1024
7707 18674 2025215 1 1024
7706 18674 2025225 1 1024
7705 18674 2025235 1 1024
7704 18673 2025245 1 1024
7703 18673 2025255 1 1024
7702 18672 2025265 1 1024
7701 18672 2025275 1 1024
7700 18672 2025285 1 1024
7698 18671 2025295 1 1024
7697 18671 2025305 1 1024
7697 18670 2025315 1 1023
7696 18670 2025325 1 1023
7695 18670 2025335 1 1023
7695 18670 2025345 1 1023
7695 18669 2025355 1 1023
7694 18669 2025365 1 1023
7694 18668 2025375 1 1023
7694 18668 2025385 1 1023
7695 18668 2025395 1 1023
7695 18667 2025405 1 1023
7695 18667 2025415 1 1023
7696 18667 2025425 1 1023
7696 18666 2025435 1 1023
7696 18666 2025445 1 1023
7696 18666 2025455 1 1023
7696 18665 2025465 1 1023
7696 18665 2025475 1 1023
7696 18664 2025485 1 1024
7696 18664 2025495 1 1023
7696 18663 2025505 1 1023
7696 18663 2025515 1 1023
7696 18662 2025525 1 1023
7696 18662 2025535 1 1023
7695 18661 2025545 1 1023
7694 18661 2025555 1 1023
7694 18661 2025565 1 1023
7693 18660 2025575 1 1023
7693 18660 2025585 1 1023
7692 18660 2025595 1 1023
7692 18660 2025605 1 1023
7691 18659 2025615 1 1023
7691 18659 2025625 1 1023
7690 18659 2025635 1 1023
7690 18659 2025645 1 1023
7689 18659 2025655 1 1024
7688 18659 2025665 1 1024
7687 18660 2025675 1 1024
7686 18660 2025685 1 1024
7685 18660 2025695 1 1024
7685 18660 2025705 1 1024
7685 18661 2025715 1 1024
7685 18661 2025725 1 1024
7686 18662 2025735 1 1024
7686 18662 2025745 1 1024
7687 18663 2025755 1 1024
7687 18664 2025765 1 1024
7688 18664 2025775 1 1024
7688 18665 2025785 1 1024
7689 18666 2025795 1 1024
7689 18667 2025805 1 1024
7690 18668 2025815 1 1024
7691 18669 2025825 1 1024
7692 18669 2025835 1 1024
7692 18670 2025845 1 1024
7692 18671 2025855 1 1024
7693 18673 2025865 1 1024
7693 18674 2025875 1 1024
7693 18675 2025885 1 1024
7694 18676 2025895 1 1024
7694 18677 2025905 1 1024
7695 18678 2025915 1 1024
7696 18679 2025925 1 1024
7697 18681 2025935 1 1024
7698 18682 2025945 1 1024
7698 18683 2025955 1 1024
7699 18683 2025965 1 1024
7699 18684 2025975 1 1024
7700 18685 2025985 1 1024
7700 18686 2025995 1 1024
7699 18687 2026005 1 1024
7698 18688 2026015 1 1024
7698 18688 2026025 1 1024
7697 18689 2026035 1 1024
7696 18689 2026045 1 1024
7695 18689 2026055 1 1024
7694 18689 2026065 1 1024
7694 18689 2026075 1 1024
7694 18689 2026085 1 1024
7695 18689 2026095 1 1024
7695 18689 2026105 1 1024
7696 18688 2026115 1 1024
7697 18688 2026125 1 1024
7698 18687 2026135 1 1024
7698 18686 2026145 1 1024
7699 18686 2026155 1 1024
7699 18686 2026165 1 1024
7701 18685 2026175 1 1024
7702 18684 2026185 1 1024
7704 18683 2026195 1 1024
7706 18682 2026205 1 1024
7708 18682 2026215 1 1024
7710 18681 2026225 1 1024
7713 18680 2026235 1 1024
7715 18679 2026245 1 1024
7717 18678 2026255 1 1024
7720 18678 2026265 1 1024
7722 18677 2026275 1 1024
7724 18676 2026285 1 1024
7725 18676 2026295 1 1024
7726 18675 2026305 1 1024
7727 18674 2026315 1 1024
7727 18674 2026325 1 1024
7728 18673 2026335 1 1024
7728 18672 2026345 1 1024
7728 18671 2026355 1 1024
7729 18670 2026365 1 1024
7729 18669 2026375 1 1024
7729 18669 2026385 1 1024
7729 18668 2026395 1 1024
7728 18667 2026405 1 1024
7728 18667 2026415 1 1024
7727 18666 2026425 1 1024
7725 18666 2026435 1 1024
7724 18666 2026445 1 1024
7723 18665 2026455 1 1024
7721 18665 2026465 1 1024
7720 18665 2026475 1 1024
7719 18665 2026485 1 1024
7719 18665 2026495 1 1024
7718 18665 2026505 1 1024
7718 18665 2026515 1 1024
7719 18665 2026525 1 1024
7720 18665 2026535 1 1024
7721 18665 2026545 1 1024
7723 18665 2026555 1 1024
7724 18665 2026565 1 1024
7726 18665 2026575 1 1024
7728 18666 2026585 1 1024
7730 18666 2026595 1 1024
7731 18666 2026605 1 1024
7733 18666 2026615 1 1024
7734 18667 2026625 1 1024
7735 18667 2026635 1 1024
7737 18668 2026645 1 1024
7738 18668 2026655 1 1024
7739 18668 2026665 1 1024
7740 18669 2026675 1 1024
7741 18669 2026685 1 1024
7742 18669 2026695 1 1024
7744 18670 2026705 1 1024
7745 18670 2026715 1 1024
7747 18670 2026725 1 1024
7748 18670 2026735 1 1024
7748 18670 2026745 1 1024
7748 18670 2026755 1 1024
7749 18670 2026765 1 1024
7748 18669 2026775 1 1024
7748 18669 2026785 1 1024
7748 18669 2026795 1 1024
7747 18668 2026805 1 1024
7746 18668 2026815 1 1024
7746 18667 2026825 1 1024
7745 18666 2026835 1 1024
7744 18666 2026845 1 1024
7743 18665 2026855 1 1024
7741 18665 2026865 1 1024
7740 18664 2026875 1 1024
7740 18664 2026885 1 1024
7739 18663 2026895 1 1024
7738 18662 2026905 1 1024
7738 18662 2026915 1 1024
7738 18662 2026925 1 1024
7737 18661 2026935 1 1024
7738 18661 2026945 1 1024
7738 18660 2026955 1 1024
7739 18660 2026965 1 1024
7740 18659 2026975 1 1024
7740 18659 2026985 1 1024
7741 18659 2026995 1 1024
7742 18659 2027005 1 1024
7742 18659 2027015 1 1024
7742 18658 2027025 1 1024
7743 18658 2027035 1 1024
7743 18658 2027045 1 1024
7742 18658 2027055 1 1024
7742 18658 2027065 1 1024
7741 18658 2027075 1 1024
7740 18658 2027085 1 1024
7738 18658 2027095 1 1024
7736 18658 2027105 1 1024
7735 18658 2027115 1 1024
7733 18658 2027125 1 1024
7731 18658 2027135 1 1024
7730 18658 2027145 1 1024
7728 18658 2027155 1 1024
7727 18658 2027165 1 1024
7726 18658 2027175 1 1024
7726 18658 2027185 1 1024
7725 18659 2027195 1 1024
7724 18659 2027205 1 1024
7723 18659 2027215 1 1024
7723 18660 2027225 1 1024
7722 18660 2027235 1 1024
7722 18660 2027245 1 1024
7722 18660 2027255 1 1024
7722 18661 2027265 1 1024
7723 18662 2027275 1 1024
7724 18662 2027285 1 1024
7725 18663 2027295 1 1024
7726 18663 2027305 1 1024
7727 18664 2027315 1 1024
7727 18665 2027325 1 1024
7728 18665 2027335 1 1024
7729 18666 2027345 1 1024
7730 18666 2027355 1 1024
7731 18666 2027365 1 1024
7733 18667 2027375 1 1024
7734 18667 2027385 1 1024
7735 18668 2027395 1 1024
7736 18668 2027405 1 1024
7737 18668 2027415 1 1024
7738 18668 2027425 1 1024
7738 18668 2027435 1 1024
7738 18669 2027445 1 1024
7738 18669 2027455 1 1024
7738 18669 2027465 1 1024
7737 18669 2027475 1 1024
7736 18669 2027485 1 1024
7735 18670 2027495 1 1024
7734 18670 2027505 1 1024
7733 18670 2027515 1 1024
7732 18671 2027525 1 1024
7732 18671 2027535 1 1024
7731 18671 2027545 1 1024
7731 18671 2027555 1 1024
7731 18671 2027565 1 1024
7731 18672 2027575 1 1024
7731 18672 2027585 1 1024
7731 18672 2027595 1 1024
7731 18672 2027605 1 1024
7732 18673 2027615 1 1024
7732 18673 2027625 1 1024
7732 18673 2027635 1 1024
7733 18673 2027645 1 1024
7733 18673 2027655 1 1024
7734 18673 2027665 1 1024
7735 18674 2027675 1 1024
7735 18674 2027685 1 1024
7736 18674 2027695 1 1024
7736 18674 2027705 1 1024
7738 18674 2027715 1 1024
7739 18674 2027725 1 1024
7740 18674 2027735 1 1024
7742 18674 2027745 1 1024
7743 18674 2027755 1 1024
7745 18674 2027765 1 1024
7746 18674 2027775 1 1024
7747 18674 2027785 1 1024
7748 18674 2027795 1 1024
7749 18674 2027805 1 1024
7749 18674 2027815 1 1024
7750 18674 2027825 1 1024
7751 18674 2027835 1 1024
7751 18674 2027845 1 1024
7752 18674 2027855 1 1024
7752 18674 2027865 1 1024
7753 18673 2027875 1 1024
7754 18673 2027885 1 1024
7754 18673 2027895 1 1024
7755 18673 2027905 1 1024
7755 18673 2027915 1 786
7756 18673 2027925 1 507
7756 18673 2027935 1 198
7756 18673 2027945 0 0
7757 18673 2027955 0 0
7757 18674 2027965 0 0
7758 18674 2027975 0 0
7758 18674 2027985 0 0
7759 18674 2027995 0 0
7759 18674 2028005 0 0
7760 18674 2028015 0 0
7761 18674 2028025 0 0
7763 18674 2028035 0 0
7764 18674 2028045 0 0
7766 18674 2028055 0 0
7768 18673 2028065 0 0
7770 18673 2028075 0 0
7772 18673 2028085 0 0
7774 18673 2028095 0 0
7775 18672 2028105 0 0
7776 18672 2028115 0 0
7777 18672 2028125 0 0
7778 18672 2028135 0 0
7777 18672 2028145 0 0
7777 18671 2028155 0 0
7775 18671 2028165 0 0
7774 18671 2028175 0 0
7772 18671 2028185 0 0
7771 18671 2028195 0 0
7769 18671 2028205 0 0
7766 18670 2028215 0 0
7764 18670 2028225 0 0
7762 18670 2028235 0 0
7760 18670 2028245 0 0
7759 18670 2028255 0 0
7758 18669 2028265 0 0
7758 18669 2028275 1 884
7757 18669 2028285 1 1024
7756 18669 2028295 1 1024
7755 18669 2028305 1 1024
7754 18669 2028315 1 1024
7753 18669 2028325 1 1024
7752 18670 2028335 1 1024
7750 18670 2028345 1 883
7749 18670 2028355 1 736
7747 18670 2028365 1 604
7745 18670 2028375 1 487
7744 18670 2028385 1 384
7742 18671 2028395 1 293
7740 18671 2028405 1 216
7739 18671 2028415 1 151
7737 18672 2028425 1 97
7736 18672 2028435 1 56
7735 18672 2028445 1 25
7735 18673 2028455 0 0
7734 18673 2028465 0 0
7734 18674 2028475 0 0
7733 18674 2028485 0 0
7734 18675 2028495 0 0
7734 18675 2028505 0 0
7735 18676 2028515 0 0
7735 18676 2028525 0 0
7736 18677 2028535 0 0
7737 18677 2028545 0 0
7738 18678 2028555 0 0
7740 18678 2028565 0 0
7741 18679 2028575 0 0
7742 18679 2028585 1 9
7743 18680 2028595 1 31
7743 18680 2028605 1 63
7743 18681 2028615 1 104
7743 18681 2028625 1 153
7743 18681 2028635 1 209
7742 18681 2028645 1 271
7742 18682 2028655 1 336
7741 18682 2028665 1 405
7740 18682 2028675 1 476
7740 18682 2028685 1 547
7739 18682 2028695 1 618
7738 18682 2028705 1 687
7738 18682 2028715 1 752
7737 18682 2028725 1 814
7736 18682 2028735 1 870
7736 18682 2028745 1 919
7736 18682 2028755 1 960
7735 18682 2028765 1 992
7735 18682 2028775 1 1014
7736 18682 2028785 1 1024
7736 18682 2028795 1 1024
7736 18682 2028805 1 1024
7736 18682 2028815 1 1024
7737 18682 2028825 1 1024
7737 18682 2028835 1 1024
7738 18681 2028845 1 1024
7739 18681 2028855 1 1024
7740 18681 2028865 1 1024
7741 18680 2028875 1 1024
7742 18680 2028885 1 1024
7743 18680 2028895 1 1024
7743 18679 2028905 1 1024
7744 18679 2028915 1 1024
7744 18679 2028925 1 1024
7743 18679 2028935 1 1024
7743 18678 2028945 1 1024
7742 18678 2028955 1 1024
7741 18678 2028965 1 1024
7740 18678 2028975 1 1024
7738 18678 2028985 1 1024
7736 18677 2028995 1 1024
7734 18677 2029005 1 1024
7733 18676 2029015 1 1024
7731 18676 2029025 1 1024
7729 18676 2029035 1 1024
7727 18675 2029045 1 1024
7726 18675 2029055 1 1024
7724 18674 2029065 1 1024
7723 18674 2029075 1 1024
7721 18673 2029085 1 1024
7720 18673 2029095 1 1024
7718 18672 2029105 1 1024
7717 18671 2029115 1 1024
7716 18671 2029125 1 1024
7715 18670 2029135 1 1024
7715 18669 2029145 1 1024
7715 18669 2029155 1 1024
7715 18668 2029165 1 1024
7716 18667 2029175 1 1024
7717 18666 2029185 1 1024
7719 18666 2029195 1 1024
7721 18665 2029205 1 1024
7722 18665 2029215 1 1024
7722 18664 2029225 1 1024
7724 18664 2029235 1 1024
7726 18663 2029245 1 1024
7727 18663 2029255 1 1024
7728 18663 2029265 1 1024
7728 18663 2029275 1 1024
7729 18662 2029285 1 1024
7729 18662 2029295 1 1024
7730 18662 2029305 1 1024
7730 18662 2029315 1 1024
7731 18662 2029325 1 1024
7732 18662 2029335 1 1024
7734 18662 2029345 1 1024
7735 18662 2029355 1 1024
7736 18661 2029365 1 1024
7737 18661 2029375 1 1024
7737 18661 2029385 1 1024
7738 18661 2029395 1 1024
7739 18661 2029405 1 1024
7741 18660 2029415 1 1024
7742 18660 2029425 1 1024
7743 18660 2029435 1 1024
7744 18659 2029445 1 1024
7744 18659 2029455 1 1024
7745 18659 2029465 1 1024
7745 18659 2029475 1 1024
7744 18659 2029485 1 1024
7744 18659 2029495 1 1024
7744 18659 2029505 1 1024
7744 18659 2029515 1 1024
7745 18659 2029525 1 1024
7746 18660 2029535 1 1024
7747 18660 2029545 1 1024
7749 18660 2029555 1 1024
7751 18660 2029565 1 1024
7753 18660 2029575 1 1024
7755 18660 2029585 1 1024
7757 18660 2029595 1 1024
7758 18660 2029605 1 1024
7759 18660 2029615 1 1024
7760 18661 2029625 1 1024
7761 18661 2029635 1 1024
7762 18661 2029645 1 1024
7763 18662 2029655 1 1024
7765 18662 2029665 1 1024
7766 18662 2029675 1 1024
7768 18663 2029685 1 1024
7768 18663 2029695 1 1024
7769 18664 2029705 1 1024
7769 18664 2029715 1 1024
7768 18664 2029725 1 1024
7768 18665 2029735 1 1024
7767 18665 2029745 1 1024
7767 18666 2029755 1 1024
7766 18666 2029765 1 1024
7765 18667 2029775 1 1024
7765 18667 2029785 1 1024
7764 18668 2029795 1 1024
7763 18669 2029805 1 1024
7763 18670 2029815 1 1024
7762 18671 2029825 1 1024
7761 18672 2029835 1 1024
7761 18673 2029845 1 1024
7762 18673 2029855 1 1024
7762 18675 2029865 1 1024
7763 18676 2029875 1 1024
7763 18677 2029885 1 1024
7764 18678 2029895 1 1024
7764 18679 2029905 1 1024
7765 18680 2029915 1 1024
7766 18681 2029925 1 1024
7767 18681 2029935 1 1024
7768 18682 2029945 1 1024
7769 18683 2029955 1 1024
7769 18684 2029965 1 1024
7770 18685 2029975 1 1024
7771 18686 2029985 1 1024
7771 18686 2029995 1 1024
7771 18687 2030005 1 1024
7772 18688 2030015 1 1024
7773 18689 2030025 1 1024
7774 18689 2030035 1 1024
7775 18690 2030045 1 1024
7777 18690 2030055 1 1024
7779 18690 2030065 1 1024
7781 18691 2030075 1 1024
7782 18691 2030085 1 1024
7784 18691 2030095 1 1024
7785 18691 2030105 1 1024
7786 18691 2030115 1 1024
7786 18691 2030125 1 1024
7787 18691 2030135 1 1024
7787 18691 2030145 1 1024
7787 18691 2030155 1 1024
7787 18691 2030165 1 1024
7787 18690 2030175 1 1024
7787 18690 2030185 1 1024
7786 18690 2030195 1 1024
7785 18689 2030205 1 1024
7784 18688 2030215 1 1024
7783 18688 2030225 1 1024
7782 18687 2030235 1 1024
7781 18687 2030245 1 1024
7779 18686 2030255 1 1024
7777 18685 2030265 1 1024
7776 18685 2030275 1 1024
7774 18684 2030285 1 1024
7772 18683 2030295 1 1024
7771 18682 2030305 1 1024
7769 18681 2030315 1 1024
7768 18681 2030325 1 1024
7767 18680 2030335 1 1024
7766 18678 2030345 1 1024
7765 18678 2030355 1 1024
7764 18676 2030365 1 1024
7763 18675 2030375 1 1024
7762 18674 2030385 1 1024
7762 18673 2030395 1 1024
7762 18672 2030405 1 1024
7762 18671 2030415 1 1024
7762 18670 2030425 1 1024
7761 18669 2030435 1 1024
7761 18668 2030445 1 1024
7762 18666 2030455 1 1024
7762 18665 2030465 1 1024
7762 18664 2030475 1 1024
7762 18663 2030485 1 1024
7763 18662 2030495 1 1024
7763 18661 2030505 1 1024
7763 18660 2030515 1 1024
7762 18659 2030525 1 1024
7762 18659 2030535 1 1024
7761 18658 2030545 1 1024
7760 18657 2030555 1 1024
7759 18657 2030565 1 1024
7757 18656 2030575 1 1024
7756 18655 2030585 1 1024
7755 18655 2030595 1 1024
7754 18655 2030605 1 1024
7753 18654 2030615 1 1024
7753 18654 2030625 1 1024
7753 18654 2030635 1 1024
7753 18654 2030645 1 1024
7753 18653 2030655 1 1024
7754 18653 2030665 1 1024
7756 18654 2030675 1 1024
7759 18654 2030685 1 1024
7762 18654 2030695 1 1024
7765 18654 2030705 1 1024
7768 18654 2030715 1 1024
7772 18654 2030725 1 1024
7774 18654 2030735 1 1024
7775 18654 2030745 1 1024
7777 18654 2030755 1 1024
7779 18654 2030765 1 1024
7780 18655 2030775 1 1024
7782 18656 2030785 1 1024
7783 18656 2030795 1 1024
7784 18657 2030805 1 1024
7785 18658 2030815 1 1024
7785 18658 2030825 1 1024
7784 18659 2030835 1 1024
7783 18660 2030845 1 1024
7782 18661 2030855 1 1024
7781 18662 2030865 1 1024
7780 18662 2030875 1 1024
7780 18663 2030885 1 1024
7779 18664 2030895 1 1024
7779 18665 2030905 1 1024
7780 18666 2030915 1 1024
7781 18667 2030925 1 1024
7782 18668 2030935 1 1024
7784 18669 2030945 1 1024
7786 18669 2030955 1 1024
7788 18670 2030965 1 1024
7790 18671 2030975 1 1024
7793 18672 2030985 1 1024
7795 18673 2030995 1 1024
7796 18673 2031005 1 1024
7798 18674 2031015 1 1024
7799 18674 2031025 1 1024
7801 18675 2031035 1 1024
7802 18676 2031045 1 1024
7803 18676 2031055 1 1024
7804 18677 2031065 1 1024
7805 18678 2031075 1 1024
7806 18678 2031085 1 1024
7807 18679 2031095 1 1024
7808 18680 2031105 1 1024
7809 18680 2031115 1 1024
7810 18681 2031125 1 1024
7810 18682 2031135 1 1024
7810 18682 2031145 1 1024
7810 18683 2031155 1 1024
7809 18683 2031165 1 1024
7809 18684 2031175 1 1024
7808 18684 2031185 1 1024
7807 18685 2031195 1 1024
7806 18685 2031205 1 1024
7805 18686 2031215 1 1024
7804 18686 2031225 1 1024
7803 18687 2031235 1 1024
7802 18687 2031245 1 1024
7801 18687 2031255 1 1024
7801 18687 2031265 1 1024
7800 18687 2031275 1 1024
7799 18687 2031285 1 1024
7799 18687 2031295 1 1024
7800 18687 2031305 1 1024
7800 18687 2031315 1 1024
7801 18687 2031325 1 1024
7802 18686 2031335 1 1024
7803 18686 2031345 1 1024
7803 18686 2031355 1 1024
7804 18686 2031365 1 1024
7805 18685 2031375 1 1024
7806 18685 2031385 1 1024
7807 18685 2031395 1 1024
7807 18684 2031405 1 1024
7808 18684 2031415 1 1024
7809 18683 2031425 1 1024
7810 18683 2031435 1 1024
7811 18683 2031445 1 1024
7813 18682 2031455 1 1024
7815 18682 2031465 1 1024
7817 18682 2031475 1 1024
7819 18682 2031485 1 1024
7822 18682 2031495 1 1024
7823 18681 2031505 1 1024
7824 18682 2031515 1 1024
7825 18682 2031525 1 1024
7824 18682 2031535 1 1024
7824 18682 2031545 1 1024
7823 18682 2031555 1 1024
7821 18683 2031565 1 1024
7819 18683 2031575 1 1024
7817 18683 2031585 1 1024
7815 18684 2031595 1 1024
7813 18684 2031605 1 1024
7812 18684 2031615 1 1024
7811 18685 2031625 1 1024
7811 18685 2031635 1 1024
7811 18686 2031645 1 1024
7812 18686 2031655 1 1024
7813 18687 2031665 1 1024
7814 18687 2031675 1 1024
7816 18688 2031685 1 1024
7818 18688 2031695 1 1024
7821 18689 2031705 1 1024
7823 18690 2031715 1 1024
7826 18690 2031725 1 1024
7829 18690 2031735 1 1024
7831 18691 2031745 1 1024
7834 18691 2031755 1 1024
7837 18692 2031765 1 1024
7840 18692 2031775 1 1024
7842 18692 2031785 1 1024
7846 18693 2031795 1 1024
7849 18693 2031805 1 1024
7852 18693 2031815 1 1024
7855 18694 2031825 1 1024
7858 18694 2031835 1 1024
7861 18695 2031845 1 1024
7863 18695 2031855 1 1024
7865 18695 2031865 1 1024
7866 18696 2031875 1 1024
7866 18696 2031885 1 1024
7866 18696 2031895 1 1024
7866 18697 2031905 1 1024
7864 18697 2031915 1 1024
7863 18697 2031925 1 1024
