8053 17651 7316032 1 631
8020 17612 7316042 1 632
8005 17586 7316052 1 633
8007 17572 7316062 1 633
8015 17561 7316072 1 634
8009 17537 7316082 1 635
8025 17531 7316092 1 636
8042 17524 7316102 1 637
8061 17516 7316112 1 638
8082 17507 7316122 1 638
8104 17498 7316132 1 639
8128 17487 7316142 1 640
8151 17477 7316152 1 640
8175 17466 7316162 1 641
8214 17444 7316172 1 642
8235 17434 7316182 1 643
8253 17424 7316192 1 644
8270 17414 7316202 1 645
8283 17404 7316212 1 645
8294 17395 7316222 1 646
8301 17386 7316232 1 647
8305 17377 7316242 1 648
8305 17371 7316252 1 648
8302 17366 7316262 1 649
8296 17362 7316272 1 650
8286 17360 7316282 1 651
8273 17360 7316292 1 652
8251 17362 7316302 1 653
8234 17366 7316312 1 654
8215 17371 7316322 1 655
8197 17375 7316332 1 655
8179 17379 7316342 1 656
8162 17381 7316352 1 656
8150 17380 7316362 1 657
8141 17377 7316372 1 658
8136 17369 7316382 1 659
8138 17358 7316392 1 660
8145 17344 7316402 1 660
8157 17329 7316412 1 661
8162 17324 7316422 1 661
8173 17313 7316432 1 662
8202 17285 7316442 1 663
8223 17274 7316452 1 664
8244 17268 7316462 1 665
8263 17269 7316472 1 666
8280 17276 7316482 1 667
8294 17289 7316492 1 668
8304 17307 7316502 1 669
8311 17328 7316512 1 669
8315 17351 7316522 1 670
8315 17373 7316532 1 671
8312 17391 7316542 1 672
8307 17407 7316552 1 673
8299 17418 7316562 1 674
8284 17459 7316572 1 675
8272 17468 7316582 1 676
8259 17475 7316592 1 677
8247 17484 7316602 1 678
8235 17496 7316612 1 679
8225 17513 7316622 1 680
8216 17536 7316632 1 681
8207 17567 7316642 1 682
8198 17603 7316652 1 682
8187 17642 7316662 1 683
8175 17682 7316672 1 684
8160 17720 7316682 1 685
8144 17754 7316692 1 686
8108 17783 7316702 1 687
8087 17798 7316712 1 688
8066 17804 7316722 1 688
8044 17802 7316732 1 689
8023 17791 7316742 1 690
8004 17774 7316752 1 691
7987 17751 7316762 1 691
7973 17726 7316772 1 692
7962 17698 7316782 1 693
7956 17671 7316792 1 694
7952 17646 7316802 1 695
7951 17633 7316812 1 695
7953 17624 7316822 1 695
7957 17604 7316832 1 696
7965 17581 7316842 1 698
7972 17571 7316852 1 699
7981 17563 7316862 1 700
7988 17558 7316872 1 701
7992 17554 7316882 1 702
7994 17551 7316892 1 703
7993 17548 7316902 1 704
7987 17546 7316912 1 705
7978 17542 7316922 1 706
7965 17537 7316932 1 707
7953 17531 7316942 1 709
7940 17524 7316952 1 710
7928 17518 7316962 1 712
7923 17512 7316972 1 715
7919 17508 7316982 1 716
7919 17506 7316992 1 717
7924 17507 7317002 1 719
7934 17512 7317012 1 721
7950 17519 7317022 1 723
7969 17530 7317032 1 725
7992 17542 7317042 1 727
8017 17557 7317052 1 728
8044 17570 7317062 1 730
8073 17583 7317072 1 732
8101 17594 7317082 1 734
8128 17601 7317092 1 735
8161 17610 7317102 1 738
8181 17610 7317112 1 739
8196 17606 7317122 1 740
8207 17601 7317132 1 740
8212 17594 7317142 1 741
8213 17586 7317152 1 741
8209 17579 7317162 1 742
8202 17574 7317172 1 742
8194 17570 7317182 1 741
8185 17568 7317192 1 742
8180 17567 7317202 1 742
8176 17567 7317212 1 741
8168 17569 7317222 1 740
8163 17571 7317232 1 738
8160 17572 7317242 1 735
8158 17575 7317252 1 734
8157 17579 7317262 1 732
8158 17583 7317272 1 731
8160 17586 7317282 1 730
8163 17589 7317292 1 729
8166 17591 7317302 1 728
8168 17591 7317312 1 728
8169 17587 7317322 1 728
8169 17580 7317332 1 729
8169 17568 7317342 1 730
8167 17553 7317352 1 731
8164 17532 7317362 1 734
8160 17501 7317372 1 741
8156 17476 7317382 1 746
8152 17451 7317392 1 752
8149 17427 7317402 1 759
8145 17407 7317412 1 767
8142 17392 7317422 1 777
8140 17385 7317432 1 787
8140 17385 7317442 1 796
8141 17392 7317452 1 805
8143 17405 7317462 1 812
8146 17424 7317472 1 817
8151 17445 7317482 1 819
8156 17469 7317492 1 818
8167 17494 7317502 1 799
8173 17513 7317512 1 782
8178 17528 7317522 1 757
8184 17538 7317532 1 727
8190 17543 7317542 1 692
8196 17541 7317552 1 652
8204 17532 7317562 1 608
8211 17519 7317572 1 561
8220 17500 7317582 1 512
8224 17489 7317592 1 486
8228 17477 7317602 1 461
8237 17452 7317612 1 410
8245 17426 7317622 1 359
8251 17399 7317632 1 309
8254 17369 7317642 1 214
8256 17348 7317652 1 172
8257 17332 7317662 1 134
8254 17319 7317672 1 100
8249 17313 7317682 1 53
8243 17313 7317692 1 52
8234 17319 7317702 1 50
8224 17330 7317712 1 49
8212 17348 7317722 1 47
8199 17369 7317732 1 45
8186 17393 7317742 1 44
8174 17419 7317752 1 42
8163 17446 7317762 1 41
8152 17477 7317772 1 39
8145 17501 7317782 1 38
8140 17521 7317792 1 36
8138 17537 7317802 1 43
8140 17549 7317812 1 60
8144 17555 7317822 1 87
8149 17556 7317832 1 121
8155 17553 7317842 1 163
8161 17545 7317852 1 211
8165 17534 7317862 1 264
8167 17519 7317872 1 321
8166 17502 7317882 1 382
8162 17484 7317892 1 445
8152 17467 7317902 1 573
8143 17449 7317912 1 635
8132 17434 7317922 1 695
8121 17423 7317932 1 752
8110 17418 7317942 1 805
8101 17418 7317952 1 851
8093 17423 7317962 1 891
8088 17433 7317972 1 923
8086 17439 7317982 1 938
8085 17447 7317992 1 947
8084 17463 7318002 1 960
8086 17481 7318012 1 964
8089 17498 7318022 1 966
8094 17514 7318032 1 965
8099 17523 7318042 1 954
8105 17532 7318052 1 946
8111 17538 7318062 1 937
8117 17539 7318072 1 927
8122 17536 7318082 1 917
8128 17530 7318092 1 905
8134 17522 7318102 1 895
8141 17513 7318112 1 883
8149 17505 7318122 1 873
8159 17498 7318132 1 864
8169 17495 7318142 1 854
8181 17495 7318152 1 846
8193 17498 7318162 1 840
8208 17508 7318172 1 828
8219 17517 7318182 1 823
8229 17526 7318192 1 819
8236 17535 7318202 1 816
8242 17542 7318212 1 813
8245 17548 7318222 1 811
8245 17551 7318232 1 810
8243 17552 7318242 1 809
8239 17550 7318252 1 809
8234 17548 7318262 1 809
8227 17545 7318272 1 810
8220 17542 7318282 1 811
8213 17540 7318292 1 813
8208 17543 7318302 1 817
8202 17545 7318312 1 821
8195 17548 7318322 1 824
8189 17553 7318332 1 827
8184 17559 7318342 1 831
8180 17567 7318352 1 835
8177 17575 7318362 1 839
8176 17578 7318372 1 841
8177 17583 7318382 1 843
8178 17591 7318392 1 848
8182 17599 7318402 1 853
8189 17607 7318412 1 858
8198 17616 7318422 1 863
8209 17624 7318432 1 867
8225 17630 7318442 1 877
8238 17635 7318452 1 882
8251 17638 7318462 1 887
8264 17638 7318472 1 892
8275 17636 7318482 1 896
8284 17631 7318492 1 899
8290 17622 7318502 1 902
8293 17610 7318512 1 905
8293 17594 7318522 1 907
8291 17576 7318532 1 908
8286 17555 7318542 1 908
8280 17533 7318552 1 906
8273 17510 7318562 1 905
8262 17481 7318572 1 897
8253 17462 7318582 1 892
8245 17446 7318592 1 884
8236 17432 7318602 1 876
8230 17422 7318612 1 866
8224 17416 7318622 1 854
8221 17414 7318632 1 843
8220 17417 7318642 1 830
8221 17424 7318652 1 819
8225 17435 7318662 1 807
8231 17451 7318672 1 797
8239 17470 7318682 1 789
8248 17491 7318692 1 782
8261 17525 7318702 1 777
8272 17548 7318712 1 778
8281 17571 7318722 1 784
8289 17591 7318732 1 793
8295 17607 7318742 1 806
8298 17619 7318752 1 825
8299 17624 7318762 1 835
8299 17626 7318772 1 849
8296 17628 7318782 1 878
8289 17626 7318792 1 912
8280 17620 7318802 1 945
8267 17612 7318812 1 944
8252 17601 7318822 1 943
8236 17591 7318832 1 942
8217 17581 7318842 1 940
8199 17574 7318852 1 940
8181 17569 7318862 1 878
8166 17567 7318872 1 775
8154 17567 7318882 1 650
8145 17569 7318892 1 513
8140 17571 7318902 1 375
8139 17573 7318912 1 245
8144 17574 7318922 1 134
8153 17572 7318932 1 136
8166 17567 7318942 1 137
8181 17558 7318952 1 139
8198 17545 7318962 1 140
8218 17519 7318972 1 142
8236 17496 7318982 1 143
8253 17470 7318992 1 145
8267 17444 7319002 1 146
8279 17418 7319012 1 183
8289 17393 7319022 1 257
8295 17371 7319032 1 336
8300 17354 7319042 1 417
8303 17341 7319052 1 498
8305 17333 7319062 1 578
8306 17329 7319072 1 653
8308 17330 7319082 1 723
8309 17334 7319092 1 785
8313 17342 7319102 1 879
8313 17353 7319112 1 907
8313 17368 7319122 1 913
8312 17381 7319132 1 912
8311 17396 7319142 1 912
8311 17403 7319152 1 913
8311 17409 7319162 1 905
8310 17421 7319172 1 880
8309 17430 7319182 1 848
8309 17437 7319192 1 809
8310 17442 7319202 1 763
8312 17446 7319212 1 712
8313 17449 7319222 1 657
8317 17452 7319232 1 598
8314 17460 7319242 1 473
8317 17466 7319252 1 408
8320 17473 7319262 1 342
8322 17483 7319272 1 278
8322 17493 7319282 1 214
8320 17504 7319292 1 187
8315 17513 7319302 1 188
8307 17521 7319312 1 190
8299 17525 7319322 1 191
8289 17526 7319332 1 193
8279 17523 7319342 1 194
8270 17517 7319352 1 195
8262 17508 7319362 1 197
8267 17503 7319372 1 198
8267 17491 7319382 1 200
8270 17482 7319392 1 201
8276 17475 7319402 1 202
8285 17472 7319412 1 204
8297 17473 7319422 1 205
8310 17479 7319432 1 206
8323 17489 7319442 1 208
8336 17502 7319452 1 209
8349 17518 7319462 1 210
8361 17536 7319472 1 288
8372 17554 7319482 1 410
8381 17572 7319492 1 547
8391 17588 7319502 1 874
8398 17601 7319512 1 878
8403 17611 7319522 1 873
8407 17618 7319532 1 220
8409 17620 7319542 1 59
8412 17619 7319552 1 222
8416 17615 7319562 1 223
8420 17604 7319572 1 225
8422 17588 7319582 1 226
8424 17566 7319592 1 228
8425 17541 7319602 1 229
8425 17514 7319612 1 230
8425 17488 7319622 1 231
8424 17464 7319632 1 233
8426 17441 7319642 1 234
8427 17429 7319652 1 235
8429 17426 7319662 1 237
8432 17431 7319672 1 238
8438 17442 7319682 1 240
8445 17458 7319692 1 241
8455 17476 7319702 1 242
8468 17493 7319712 1 244
8482 17506 7319722 1 245
8497 17515 7319732 1 247
8514 17516 7319742 1 248
8531 17512 7319752 1 249
8548 17500 7319762 1 250
8575 17480 7319772 1 252
8588 17462 7319782 1 253
8600 17443 7319792 1 254
8609 17425 7319802 1 256
8616 17411 7319812 1 257
8621 17402 7319822 1 259
8624 17399 7319832 1 260
8624 17403 7319842 1 849
8623 17412 7319852 1 848
8618 17427 7319862 1 848
8612 17444 7319872 1 847
8600 17464 7319882 1 845
8586 17483 7319892 1 845
8554 17510 7319902 1 843
8532 17524 7319912 1 843
8506 17533 7319922 1 842
8478 17536 7319932 1 841
8448 17533 7319942 1 840
8418 17524 7319952 1 839
8391 17512 7319962 1 839
8363 17498 7319972 1 838
8341 17483 7319982 1 837
8324 17467 7319992 1 836
8316 17453 7320002 1 835
