7657 18660 4181843 1 638
7658 18650 4181853 1 639
7664 18643 4181863 1 639
7660 18626 4181873 1 640
7670 18622 4181883 1 642
7682 18617 4181893 1 643
7693 18612 4181903 1 644
7706 18606 4181913 1 644
7718 18600 4181923 1 645
7731 18593 4181933 1 646
7743 18586 4181943 1 647
7754 18578 4181953 1 648
7775 18562 4181963 1 649
7790 18544 4181973 1 651
7795 18536 4181983 1 652
7800 18528 4181993 1 653
7802 18521 4182003 1 654
7804 18515 4182013 1 655
7804 18509 4182023 1 655
7804 18506 4182033 1 656
7803 18505 4182043 1 657
7802 18504 4182053 1 658
7800 18504 4182063 1 659
7798 18504 4182073 1 660
7790 18505 4182083 1 662
7788 18507 4182093 1 662
7784 18509 4182103 1 664
7782 18508 4182113 1 665
7780 18507 4182123 1 665
7780 18505 4182133 1 666
7780 18501 4182143 1 667
7781 18496 4182153 1 668
7783 18490 4182163 1 669
7785 18483 4182173 1 670
7788 18474 4182183 1 671
7791 18465 4182193 1 672
7801 18446 4182203 1 673
7806 18436 4182213 1 674
7811 18427 4182223 1 675
7822 18413 4182233 1 677
7827 18410 4182243 1 678
7832 18410 4182253 1 679
7837 18412 4182263 1 680
7842 18419 4182273 1 681
7846 18428 4182283 1 682
7850 18442 4182293 1 682
7852 18458 4182303 1 683
7854 18478 4182313 1 684
7851 18523 4182323 1 686
7849 18549 4182333 1 687
7845 18576 4182343 1 688
7840 18602 4182353 1 689
7823 18653 4182363 1 691
7811 18676 4182373 1 692
7798 18697 4182383 1 693
7783 18716 4182393 1 693
7765 18732 4182403 1 694
7747 18746 4182413 1 695
7727 18756 4182423 1 696
7707 18764 4182433 1 697
7677 18770 4182443 1 699
7660 18770 4182453 1 699
7644 18767 4182463 1 700
7631 18762 4182473 1 701
7621 18756 4182483 1 702
7609 18739 4182493 1 703
7607 18729 4182503 1 704
7607 18718 4182513 1 705
7610 18707 4182523 1 706
7613 18697 4182533 1 707
7617 18687 4182543 1 707
7621 18677 4182553 1 708
7626 18662 4182563 1 710
7630 18654 4182573 1 710
7634 18647 4182583 1 711
7638 18640 4182593 1 712
7641 18634 4182603 1 713
7644 18628 4182613 1 714
7650 18619 4182623 1 716
7654 18616 4182633 1 718
7657 18612 4182643 1 719
7662 18610 4182653 1 720
7666 18609 4182663 1 721
7671 18608 4182673 1 723
7677 18608 4182683 1 726
7682 18609 4182693 1 727
7685 18612 4182703 1 729
7689 18615 4182713 1 731
7691 18619 4182723 1 733
7694 18623 4182733 1 735
7696 18628 4182743 1 737
7700 18640 4182753 1 740
7703 18647 4182763 1 742
7707 18654 4182773 1 744
7711 18662 4182783 1 746
7717 18669 4182793 1 747
7729 18681 4182803 1 750
7736 18688 4182813 1 751
7743 18695 4182823 1 752
7750 18701 4182833 1 752
7756 18705 4182843 1 753
7761 18709 4182853 1 753
7765 18710 4182863 1 753
7768 18710 4182873 1 753
7769 18705 4182883 1 753
7768 18700 4182893 1 752
7766 18694 4182903 1 750
7763 18687 4182913 1 749
7761 18678 4182923 1 745
7757 18670 4182933 1 743
7753 18662 4182943 1 742
7749 18655 4182953 1 740
7745 18648 4182963 1 739
7742 18642 4182973 1 738
7739 18637 4182983 1 737
7737 18632 4182993 1 736
7734 18628 4183003 1 736
7731 18619 4183013 1 738
7730 18616 4183023 1 739
7729 18613 4183033 1 742
7729 18606 4183043 1 749
7731 18604 4183053 1 755
7733 18603 4183063 1 760
7737 18602 4183073 1 768
7741 18601 4183083 1 777
7746 18600 4183093 1 786
7752 18600 4183103 1 797
7758 18599 4183113 1 806
7765 18599 4183123 1 816
7771 18598 4183133 1 823
7783 18597 4183143 1 830
7788 18596 4183153 1 828
7795 18597 4183163 1 809
7798 18595 4183173 1 790
7800 18593 4183183 1 764
7802 18590 4183193 1 732
7802 18588 4183203 1 695
7802 18585 4183213 1 654
7801 18583 4183223 1 608
7798 18580 4183233 1 559
7796 18576 4183243 1 508
7793 18573 4183253 1 455
7790 18569 4183263 1 402
7785 18561 4183273 1 297
7782 18553 4183283 1 200
7782 18550 4183293 1 156
7782 18548 4183303 1 117
7783 18545 4183313 1 83
7785 18545 4183323 1 35
7787 18544 4183333 1 34
7790 18545 4183343 1 33
7794 18546 4183353 1 32
7797 18548 4183363 1 30
7800 18551 4183373 1 30
7802 18554 4183383 1 29
7805 18557 4183393 1 27
7808 18567 4183403 1 25
7809 18570 4183413 1 25
7809 18574 4183423 1 23
7809 18577 4183433 1 31
7808 18580 4183443 1 49
7807 18582 4183453 1 77
7806 18585 4183463 1 113
7804 18588 4183473 1 155
7801 18591 4183483 1 205
7799 18595 4183493 1 259
7796 18598 4183503 1 317
7793 18601 4183513 1 379
7789 18605 4183523 1 443
7779 18612 4183533 1 635
7775 18614 4183543 1 696
7771 18616 4183553 1 753
7768 18617 4183563 1 806
7765 18616 4183573 1 853
7763 18615 4183583 1 893
7761 18613 4183593 1 925
7760 18609 4183603 1 948
7760 18605 4183613 1 961
7761 18600 4183623 1 965
7762 18594 4183633 1 966
7764 18588 4183643 1 965
7767 18580 4183653 1 954
7773 18570 4183663 1 937
7776 18567 4183673 1 928
7778 18565 4183683 1 918
7780 18563 4183693 1 907
7782 18563 4183703 1 896
7782 18565 4183713 1 885
7782 18567 4183723 1 875
7782 18570 4183733 1 866
7781 18573 4183743 1 857
7780 18577 4183753 1 849
7779 18580 4183763 1 842
7781 18585 4183773 1 830
7780 18588 4183783 1 826
7783 18593 4183793 1 819
7785 18595 4183803 1 817
7788 18596 4183813 1 814
7793 18596 4183823 1 813
7797 18597 4183833 1 813
7803 18597 4183843 1 813
7808 18598 4183853 1 814
7814 18598 4183863 1 814
7819 18599 4183873 1 816
7824 18600 4183883 1 818
7830 18603 4183893 1 822
7834 18604 4183903 1 826
7837 18606 4183913 1 830
7840 18611 4183923 1 837
7840 18614 4183933 1 842
7839 18617 4183943 1 846
7838 18620 4183953 1 851
7836 18623 4183963 1 855
7834 18625 4183973 1 861
7832 18627 4183983 1 866
7831 18629 4183993 1 872
7831 18630 4184003 1 876
7833 18630 4184013 1 888
7835 18629 4184023 1 893
7837 18628 4184033 1 899
7841 18626 4184043 1 904
7848 18620 4184053 1 912
7851 18616 4184063 1 915
7854 18611 4184073 1 919
7855 18606 4184083 1 920
7855 18600 4184093 1 922
7854 18593 4184103 1 923
7852 18587 4184113 1 921
7848 18581 4184123 1 920
7841 18572 4184133 1 912
7835 18568 4184143 1 907
7828 18566 4184153 1 899
7821 18565 4184163 1 890
7814 18566 4184173 1 881
7802 18571 4184183 1 857
7797 18577 4184193 1 843
7794 18582 4184203 1 832
7791 18589 4184213 1 819
7789 18596 4184223 1 809
7789 18603 4184233 1 800
7790 18610 4184243 1 794
7794 18624 4184253 1 788
7798 18629 4184263 1 789
7802 18633 4184273 1 796
7807 18637 4184283 1 806
7811 18639 4184293 1 820
7816 18639 4184303 1 841
7825 18638 4184313 1 898
7828 18636 4184323 1 935
7831 18633 4184333 1 971
7834 18630 4184343 1 971
7837 18627 4184353 1 970
7839 18624 4184363 1 969
7840 18621 4184373 1 968
7842 18620 4184383 1 968
7844 18619 4184393 1 901
7846 18619 4184403 1 789
7849 18620 4184413 1 653
7851 18621 4184423 1 504
7853 18623 4184433 1 353
7852 18627 4184443 1 89
7851 18629 4184453 1 90
7848 18629 4184463 1 91
7844 18630 4184473 1 92
7839 18629 4184483 1 93
7835 18621 4184493 1 95
7831 18617 4184503 1 95
7828 18610 4184513 1 97
7826 18603 4184523 1 97
7825 18595 4184533 1 137
7826 18587 4184543 1 219
7829 18577 4184553 1 306
7833 18568 4184563 1 395
7845 18553 4184573 1 573
7852 18546 4184583 1 657
7859 18542 4184593 1 735
7866 18538 4184603 1 804
7873 18536 4184613 1 910
7877 18537 4184623 1 942
7879 18539 4184633 1 950
7880 18542 4184643 1 949
7879 18546 4184653 1 949
7876 18551 4184663 1 941
7871 18555 4184673 1 914
7866 18560 4184683 1 878
7860 18565 4184693 1 834
7846 18573 4184703 1 725
7839 18576 4184713 1 663
7832 18578 4184723 1 596
7821 18583 4184733 1 453
7815 18584 4184743 1 379
7809 18585 4184753 1 304
7805 18585 4184763 1 230
7801 18586 4184773 1 156
7799 18586 4184783 1 124
7798 18587 4184793 1 125
7798 18588 4184803 1 126
7801 18589 4184813 1 127
7804 18590 4184823 1 128
7815 18594 4184833 1 130
7822 18597 4184843 1 131
7836 18604 4184853 1 133
7844 18607 4184863 1 133
7852 18612 4184873 1 134
7859 18617 4184883 1 135
7866 18621 4184893 1 136
7872 18627 4184903 1 137
7878 18631 4184913 1 138
7883 18636 4184923 1 138
7887 18640 4184933 1 140
7892 18643 4184943 1 140
7896 18645 4184953 1 230
7904 18647 4184963 1 535
7909 18647 4184973 1 921
7913 18644 4184983 1 925
7915 18642 4184993 1 921
7918 18639 4185003 1 147
7921 18636 4185013 1 148
7924 18633 4185023 1 149
7927 18629 4185033 1 150
7929 18626 4185043 1 151
7931 18623 4185053 1 152
7933 18621 4185063 1 153
7934 18619 4185073 1 153
7935 18616 4185083 1 155
7940 18609 4185093 1 157
7941 18606 4185103 1 157
7944 18604 4185113 1 159
7946 18602 4185123 1 159
7948 18599 4185133 1 161
7951 18596 4185143 1 161
7954 18593 4185153 1 162
7958 18590 4185163 1 163
7963 18586 4185173 1 164
7968 18582 4185183 1 165
7975 18578 4185193 1 166
7982 18574 4185203 1 166
7991 18570 4185213 1 168
8016 18560 4185223 1 170
8024 18557 4185233 1 170
8031 18555 4185243 1 172
8037 18553 4185253 1 172
8041 18553 4185263 1 174
8043 18553 4185273 1 174
8043 18555 4185283 1 906
8041 18557 4185293 1 905
8036 18561 4185303 1 905
8030 18565 4185313 1 905
8022 18571 4185323 1 904
8013 18577 4185333 1 903
7994 18591 4185343 1 902
7974 18607 4185353 1 901
7965 18615 4185363 1 901
7956 18622 4185373 1 900
7948 18629 4185383 1 899
7942 18634 4185393 1 899
7934 18641 4185403 1 899
7928 18646 4185413 1 897
7922 18649 4185423 1 897
7918 18651 4185433 1 897
