7787 17515 7811730 1 646
7751 17480 7811740 1 647
7737 17468 7811750 1 648
7733 17468 7811760 1 649
7728 17470 7811770 1 650
7724 17474 7811780 1 651
7718 17475 7811790 1 652
7716 17477 7811800 1 653
7714 17480 7811810 1 653
7711 17484 7811820 1 654
7707 17488 7811830 1 655
7703 17491 7811840 1 656
7701 17494 7811850 1 656
7700 17496 7811860 1 657
7700 17497 7811870 1 657
7701 17498 7811880 1 658
7703 17498 7811890 1 658
7707 17498 7811900 1 659
7713 17497 7811910 1 660
7719 17495 7811920 1 660
7726 17493 7811930 1 661
7729 17491 7811940 1 662
7732 17490 7811950 1 662
7737 17487 7811960 1 663
7741 17485 7811970 1 664
7742 17483 7811980 1 665
7741 17482 7811990 1 666
7738 17481 7812000 1 667
7736 17480 7812010 1 667
7733 17480 7812020 1 668
7727 17481 7812030 1 670
7721 17483 7812040 1 671
7715 17485 7812050 1 673
7711 17488 7812060 1 674
7709 17492 7812070 1 676
7709 17494 7812080 1 677
7710 17497 7812090 1 678
7714 17502 7812100 1 679
7720 17506 7812110 1 681
7729 17510 7812120 1 682
7739 17514 7812130 1 684
7750 17517 7812140 1 686
7755 17519 7812150 1 687
7760 17521 7812160 1 688
7771 17522 7812170 1 689
7780 17523 7812180 1 691
7787 17524 7812190 1 693
7794 17524 7812200 1 694
7799 17524 7812210 1 695
7804 17524 7812220 1 696
7807 17523 7812230 1 697
7810 17523 7812240 1 698
7812 17523 7812250 1 699
7813 17524 7812260 1 701
7812 17525 7812270 1 701
7810 17526 7812280 1 702
7809 17527 7812290 1 702
7807 17528 7812300 1 703
7802 17530 7812310 1 704
7797 17532 7812320 1 704
7791 17534 7812330 1 704
7786 17537 7812340 1 704
7782 17539 7812350 1 704
7780 17540 7812360 1 703
7779 17541 7812370 1 703
7776 17542 7812380 1 702
7775 17543 7812390 1 702
7774 17543 7812400 1 700
7773 17543 7812410 1 699
7772 17541 7812420 1 697
7772 17540 7812430 1 696
7771 17539 7812440 1 695
7770 17537 7812450 1 694
7768 17533 7812460 1 692
7766 17530 7812470 1 690
7765 17526 7812480 1 689
7764 17522 7812490 1 688
7762 17521 7812500 1 687
7760 17519 7812510 1 688
7761 17515 7812520 1 688
7763 17512 7812530 1 689
7765 17508 7812540 1 690
7767 17505 7812550 1 692
7769 17503 7812560 1 695
7771 17502 7812570 1 697
7772 17501 7812580 1 700
7773 17499 7812590 1 705
7773 17498 7812600 1 711
7772 17498 7812610 1 719
7770 17498 7812620 1 728
7767 17499 7812630 1 739
7766 17499 7812640 1 744
7763 17500 7812650 1 751
7759 17502 7812660 1 763
7755 17504 7812670 1 778
7751 17506 7812680 1 792
7749 17509 7812690 1 807
7747 17512 7812700 1 823
7745 17514 7812710 1 831
7745 17516 7812720 1 840
7747 17518 7812730 1 857
7751 17521 7812740 1 873
7756 17523 7812750 1 889
7761 17526 7812760 1 906
7768 17527 7812770 1 923
7774 17528 7812780 1 932
7780 17529 7812790 1 940
7786 17530 7812800 1 956
7791 17531 7812810 1 971
7796 17532 7812820 1 986
7800 17533 7812830 1 993
7803 17533 7812840 1 994
7804 17533 7812850 1 996
7804 17533 7812860 1 997
7804 17533 7812870 1 998
7803 17533 7812880 1 999
7801 17533 7812890 1 1000
7797 17533 7812900 1 1001
7793 17533 7812910 1 1002
7788 17532 7812920 1 1003
7784 17532 7812930 1 1004
7779 17531 7812940 1 1005
7776 17531 7812950 1 1006
7773 17531 7812960 1 1007
7772 17531 7812970 1 1008
7773 17531 7812980 1 1010
7775 17531 7812990 1 1011
7779 17531 7813000 1 1012
7783 17531 7813010 1 1013
7789 17532 7813020 1 995
7795 17532 7813030 1 973
7802 17533 7813040 1 948
7808 17534 7813050 1 920
7812 17535 7813060 1 905
7816 17535 7813070 1 888
7820 17536 7813080 1 852
7823 17537 7813090 1 812
7825 17538 7813100 1 767
7827 17538 7813110 1 720
7829 17538 7813120 1 667
7829 17538 7813130 1 640
7829 17538 7813140 1 614
7830 17537 7813150 1 558
7831 17536 7813160 1 501
7832 17534 7813170 1 445
7832 17533 7813180 1 387
7832 17531 7813190 1 332
7833 17530 7813200 1 305
7833 17529 7813210 1 280
7832 17526 7813220 1 228
7830 17525 7813230 1 179
7828 17523 7813240 1 135
7826 17521 7813250 1 96
7824 17520 7813260 1 61
7823 17519 7813270 1 45
7821 17519 7813280 1 34
7818 17517 7813290 1 31
7815 17516 7813300 1 33
7811 17516 7813310 1 35
7808 17515 7813320 1 37
7805 17514 7813330 1 39
7802 17514 7813340 1 40
7800 17513 7813350 1 42
7798 17513 7813360 1 54
7797 17513 7813370 1 94
7796 17513 7813380 1 142
7796 17514 7813390 1 196
7796 17515 7813400 1 254
7797 17515 7813410 1 286
7798 17516 7813420 1 318
7799 17518 7813430 1 382
7799 17519 7813440 1 449
7799 17521 7813450 1 514
7800 17523 7813460 1 578
7800 17524 7813470 1 639
7800 17525 7813480 1 669
7799 17526 7813490 1 697
7800 17527 7813500 1 747
7800 17528 7813510 1 792
7801 17528 7813520 1 829
7802 17528 7813530 1 858
7802 17527 7813540 1 881
7801 17526 7813550 1 891
7800 17525 7813560 1 897
7799 17523 7813570 1 908
7798 17521 7813580 1 914
7796 17518 7813590 1 916
7794 17515 7813600 1 914
7792 17512 7813610 1 908
7790 17510 7813620 1 904
7788 17509 7813630 1 899
7787 17507 7813640 1 889
7786 17505 7813650 1 878
7786 17503 7813660 1 865
7787 17503 7813670 1 853
7789 17502 7813680 1 840
7790 17503 7813690 1 834
7792 17503 7813700 1 828
7796 17504 7813710 1 817
7801 17504 7813720 1 809
7806 17505 7813730 1 803
7810 17506 7813740 1 800
7814 17507 7813750 1 799
7817 17507 7813760 1 799
7819 17507 7813770 1 799
7822 17508 7813780 1 801
7823 17508 7813790 1 803
7824 17509 7813800 1 805
7823 17509 7813810 1 806
7821 17510 7813820 1 805
7821 17510 7813830 1 805
7820 17511 7813840 1 802
7818 17512 7813850 1 796
7815 17514 7813860 1 787
7812 17516 7813870 1 775
7811 17518 7813880 1 757
7810 17520 7813890 1 734
7810 17521 7813900 1 722
7811 17522 7813910 1 705
7812 17524 7813920 1 670
7814 17525 7813930 1 628
7816 17526 7813940 1 579
7817 17526 7813950 1 522
7819 17526 7813960 1 456
7819 17526 7813970 1 422
7820 17525 7813980 1 381
7821 17525 7813990 1 297
7821 17525 7814000 1 202
7822 17526 7814010 1 159
7819 17526 7814020 1 161
7815 17526 7814030 1 163
7812 17527 7814040 1 165
7807 17527 7814050 1 167
7798 17528 7814060 1 168
7788 17529 7814070 1 170
7776 17529 7814080 1 172
7763 17529 7814090 1 174
7750 17530 7814100 1 175
7742 17530 7814110 1 179
7734 17530 7814120 1 425
7723 17530 7814130 1 817
7714 17528 7814140 1 913
7708 17525 7814150 1 912
7704 17521 7814160 1 911
7702 17515 7814170 1 910
7702 17509 7814180 1 909
7704 17502 7814190 1 907
7707 17495 7814200 1 906
7712 17487 7814210 1 905
7717 17479 7814220 1 904
7723 17473 7814230 1 903
7729 17468 7814240 1 902
7735 17465 7814250 1 901
7741 17463 7814260 1 900
7746 17462 7814270 1 822
7751 17463 7814280 1 207
7756 17464 7814290 1 209
7761 17467 7814300 1 211
7766 17470 7814310 1 213
7771 17474 7814320 1 215
7777 17479 7814330 1 216
7783 17484 7814340 1 218
7790 17489 7814350 1 220
7797 17494 7814360 1 222
7804 17499 7814370 1 223
7810 17505 7814380 1 225
7816 17510 7814390 1 228
7819 17515 7814400 1 235
7821 17520 7814410 1 245
7820 17524 7814420 1 263
7815 17528 7814430 1 289
7807 17532 7814440 1 325
7796 17535 7814450 1 371
7784 17539 7814460 1 431
7767 17542 7814470 1 505
7746 17544 7814480 1 596
7719 17545 7814490 1 703
