7670 18511 8721728 1 646
7650 18493 8721738 1 647
7644 18493 8721748 1 648
7638 18497 8721758 1 649
7631 18503 8721768 1 650
7623 18505 8721778 1 651
7619 18507 8721788 1 651
7617 18512 8721798 1 651
7612 18518 8721808 1 653
7606 18525 8721818 1 653
7602 18531 8721828 1 654
7598 18540 8721838 1 655
7599 18543 8721848 1 656
7602 18545 8721858 1 656
7606 18547 8721868 1 656
7613 18548 8721878 1 657
7623 18547 8721888 1 658
7633 18546 8721898 1 658
7644 18543 8721908 1 659
7649 18541 8721918 1 660
7654 18539 8721928 1 660
7662 18535 8721938 1 661
7668 18527 8721948 1 663
7665 18525 8721958 1 664
7658 18523 8721968 1 665
7653 18522 8721978 1 665
7647 18522 8721988 1 666
7635 18523 8721998 1 667
7623 18526 8722008 1 669
7613 18530 8722018 1 670
7605 18535 8722028 1 672
7602 18541 8722038 1 673
7602 18544 8722048 1 674
7615 18554 8722058 1 677
7629 18559 8722068 1 678
7647 18565 8722078 1 680
7667 18569 8722088 1 681
7688 18572 8722098 1 683
7700 18574 8722108 1 684
7711 18575 8722118 1 685
7728 18576 8722128 1 686
7740 18577 8722138 1 688
7749 18576 8722148 1 689
7754 18576 8722158 1 691
7755 18574 8722168 1 693
7753 18574 8722178 1 694
7749 18574 8722188 1 695
7745 18574 8722198 1 696
7739 18575 8722208 1 698
7732 18577 8722218 1 698
7725 18580 8722228 1 699
7720 18582 8722238 1 699
7715 18585 8722248 1 700
7707 18589 8722258 1 700
7700 18594 8722268 1 701
7686 18603 8722278 1 701
7681 18608 8722288 1 701
7680 18610 8722298 1 700
7680 18611 8722308 1 701
7677 18613 8722318 1 699
7674 18615 8722328 1 699
7673 18614 8722338 1 698
7671 18613 8722348 1 696
7670 18611 8722358 1 695
7669 18609 8722368 1 694
7668 18606 8722378 1 693
7664 18596 8722388 1 690
7663 18591 8722398 1 688
7664 18585 8722408 1 687
7666 18578 8722418 1 686
7666 18576 8722428 1 686
7667 18573 8722438 1 686
7671 18567 8722448 1 686
7675 18562 8722458 1 687
7680 18557 8722468 1 688
7683 18553 8722478 1 691
7685 18549 8722488 1 693
7686 18546 8722498 1 698
7686 18544 8722508 1 703
7685 18542 8722518 1 709
7684 18542 8722528 1 717
7683 18542 8722538 1 726
7682 18543 8722548 1 736
7684 18544 8722558 1 742
7687 18545 8722568 1 748
7689 18548 8722578 1 760
7691 18551 8722588 1 775
7695 18555 8722598 1 789
7703 18562 8722608 1 819
7704 18565 8722618 1 827
7705 18567 8722628 1 836
7707 18570 8722638 1 852
7709 18574 8722648 1 869
7709 18576 8722658 1 885
7709 18579 8722668 1 902
7709 18581 8722678 1 918
7709 18582 8722688 1 927
7710 18582 8722698 1 935
7711 18584 8722708 1 951
7715 18586 8722718 1 981
7718 18587 8722728 1 988
7721 18588 8722738 1 990
7722 18589 8722748 1 991
7723 18589 8722758 1 992
7724 18590 8722768 1 993
7725 18591 8722778 1 995
7724 18592 8722788 1 996
7722 18593 8722798 1 997
7718 18593 8722808 1 998
7714 18594 8722818 1 1000
7704 18594 8722828 1 1002
7699 18594 8722838 1 1003
7695 18595 8722848 1 1005
7691 18595 8722858 1 1006
7689 18595 8722868 1 1007
7688 18595 8722878 1 1008
7688 18594 8722888 1 1010
7689 18595 8722898 1 1011
7690 18594 8722908 1 994
7693 18594 8722918 1 972
7696 18594 8722928 1 947
7702 18594 8722938 1 904
7705 18594 8722948 1 887
7710 18594 8722958 1 851
7715 18594 8722968 1 811
7720 18594 8722978 1 767
7725 18594 8722988 1 720
7731 18594 8722998 1 667
7735 18594 8723008 1 640
7739 18594 8723018 1 614
7745 18594 8723028 1 559
7751 18593 8723038 1 502
7758 18590 8723048 1 388
7760 18588 8723058 1 334
7761 18587 8723068 1 306
7760 18586 8723078 1 281
7758 18584 8723088 1 231
7755 18582 8723098 1 182
7750 18580 8723108 1 139
7746 18577 8723118 1 99
7741 18575 8723128 1 65
7738 18574 8723138 1 50
7735 18573 8723148 1 39
7728 18570 8723158 1 39
7725 18569 8723168 1 41
7723 18568 8723178 1 43
7720 18568 8723188 1 45
7718 18568 8723198 1 47
7716 18568 8723208 1 49
7714 18568 8723218 1 61
7711 18568 8723228 1 101
7708 18569 8723238 1 149
7704 18570 8723248 1 202
7702 18572 8723258 1 260
7699 18574 8723268 1 323
7698 18576 8723278 1 387
7698 18578 8723288 1 452
7698 18580 8723298 1 517
7700 18582 8723308 1 579
7702 18583 8723318 1 639
7703 18584 8723328 1 668
7705 18585 8723338 1 695
7708 18586 8723348 1 745
7711 18586 8723358 1 789
7714 18585 8723368 1 825
7718 18583 8723378 1 876
7718 18582 8723388 1 885
7717 18581 8723398 1 891
7716 18578 8723408 1 901
7714 18576 8723418 1 907
7712 18573 8723428 1 909
7709 18571 8723438 1 907
7706 18568 8723448 1 901
7704 18567 8723458 1 897
7703 18565 8723468 1 892
7702 18563 8723478 1 882
7705 18558 8723488 1 859
7710 18556 8723498 1 846
7715 18555 8723508 1 834
7720 18554 8723518 1 827
7725 18553 8723528 1 822
7734 18552 8723538 1 811
7742 18552 8723548 1 804
7750 18552 8723558 1 797
7758 18552 8723568 1 794
7764 18553 8723578 1 794
7767 18553 8723588 1 793
7772 18556 8723598 1 795
7772 18557 8723608 1 797
7770 18559 8723618 1 798
7766 18561 8723628 1 799
7760 18562 8723638 1 798
7757 18563 8723648 1 798
7753 18563 8723658 1 795
7745 18565 8723668 1 790
7738 18567 8723678 1 781
7732 18569 8723688 1 769
7727 18570 8723698 1 752
7720 18573 8723708 1 718
7719 18573 8723718 1 702
7718 18575 8723728 1 669
7719 18576 8723738 1 629
7721 18577 8723748 1 582
7723 18578 8723758 1 528
7725 18579 8723768 1 465
7727 18579 8723778 1 434
7730 18580 8723788 1 395
7733 18580 8723798 1 315
7737 18581 8723808 1 226
7741 18581 8723818 1 188
7737 18581 8723828 1 190
7736 18581 8723838 1 192
7732 18581 8723848 1 194
7722 18580 8723858 1 196
7709 18580 8723868 1 198
7694 18579 8723878 1 201
7678 18579 8723888 1 203
7660 18578 8723898 1 205
7649 18578 8723908 1 208
7640 18578 8723918 1 439
7614 18576 8723928 1 894
7606 18572 8723938 1 893
7602 18567 8723948 1 892
7600 18561 8723958 1 891
7602 18553 8723968 1 889
7606 18545 8723978 1 888
7612 18536 8723988 1 887
7619 18526 8723998 1 886
7627 18516 8724008 1 884
7636 18507 8724018 1 883
7645 18501 8724028 1 882
7664 18492 8724038 1 879
7674 18490 8724048 1 808
7685 18490 8724058 1 242
7696 18490 8724068 1 244
7707 18492 8724078 1 246
7719 18495 8724088 1 248
7731 18500 8724098 1 250
7742 18505 8724108 1 252
7752 18512 8724118 1 254
7761 18519 8724128 1 256
7769 18527 8724138 1 259
7777 18545 8724148 1 263
7777 18554 8724158 1 266
7774 18563 8724168 1 272
7768 18572 8724178 1 282
7759 18580 8724188 1 299
7746 18587 8724198 1 323
7730 18594 8724208 1 355
7711 18599 8724218 1 398
7694 18605 8724228 1 452
7673 18609 8724238 1 519
7646 18612 8724248 1 600
