7781 18113 4865683 1 649
7764 18097 4865693 1 651
7758 18097 4865703 1 652
7753 18100 4865713 1 653
7747 18105 4865723 1 655
7740 18107 4865733 1 655
7737 18110 4865743 1 656
7735 18114 4865753 1 656
7726 18127 4865763 1 659
7722 18134 4865773 1 659
7719 18140 4865783 1 660
7718 18146 4865793 1 661
7718 18150 4865803 1 661
7720 18153 4865813 1 662
7723 18157 4865823 1 662
7728 18158 4865833 1 663
7743 18157 4865843 1 665
7752 18154 4865853 1 665
7757 18151 4865863 1 666
7761 18148 4865873 1 666
7767 18142 4865883 1 667
7772 18137 4865893 1 669
7773 18132 4865903 1 670
7771 18128 4865913 1 671
7762 18123 4865923 1 672
7757 18122 4865933 1 673
7747 18124 4865943 1 675
7737 18127 4865953 1 677
7728 18132 4865963 1 678
7722 18138 4865973 1 680
7719 18145 4865983 1 682
7719 18149 4865993 1 683
7728 18161 4866003 1 686
7738 18167 4866013 1 687
7752 18173 4866023 1 689
7767 18176 4866033 1 691
7782 18179 4866043 1 693
7790 18179 4866053 1 694
7797 18179 4866063 1 694
7809 18179 4866073 1 696
7826 18179 4866083 1 700
7831 18179 4866093 1 702
7834 18180 4866103 1 703
7836 18182 4866113 1 704
7837 18184 4866123 1 705
7838 18186 4866133 1 706
7837 18189 4866143 1 707
7836 18191 4866153 1 708
7830 18196 4866163 1 710
7827 18197 4866173 1 710
7824 18197 4866183 1 711
7817 18198 4866193 1 711
7810 18199 4866203 1 711
7802 18201 4866213 1 711
7795 18202 4866223 1 710
7789 18204 4866233 1 711
7784 18205 4866243 1 710
7780 18208 4866253 1 708
7777 18211 4866263 1 708
7775 18212 4866273 1 706
7774 18213 4866283 1 704
7772 18213 4866293 1 703
7771 18212 4866303 1 701
7771 18210 4866313 1 700
7768 18198 4866323 1 696
7769 18190 4866333 1 695
7770 18182 4866343 1 693
7773 18173 4866353 1 692
7775 18167 4866363 1 691
7778 18163 4866373 1 691
7784 18156 4866383 1 691
7791 18150 4866393 1 692
7803 18143 4866403 1 696
7807 18140 4866413 1 699
7809 18140 4866423 1 701
7810 18139 4866433 1 704
7810 18138 4866443 1 709
7808 18136 4866453 1 716
7805 18135 4866463 1 724
7802 18134 4866473 1 734
7797 18133 4866483 1 751
7795 18132 4866493 1 757
7793 18133 4866503 1 770
7792 18135 4866513 1 785
7793 18138 4866523 1 801
7794 18142 4866533 1 816
7796 18147 4866543 1 832
7796 18151 4866553 1 841
7799 18162 4866563 1 867
7801 18168 4866573 1 884
7802 18173 4866583 1 900
7803 18178 4866593 1 918
7804 18181 4866603 1 934
7804 18182 4866613 1 943
7804 18182 4866623 1 951
7805 18182 4866633 1 968
7807 18179 4866643 1 998
7808 18177 4866653 1 1005
7811 18175 4866663 1 1006
7813 18173 4866673 1 1006
7815 18172 4866683 1 1007
7818 18173 4866693 1 1008
7821 18174 4866703 1 1008
7824 18176 4866713 1 1009
7828 18182 4866723 1 1010
7829 18186 4866733 1 1011
7829 18190 4866743 1 1012
7828 18194 4866753 1 1012
7827 18197 4866763 1 1013
7825 18200 4866773 1 1014
7823 18202 4866783 1 1014
7821 18203 4866793 1 1015
7820 18201 4866803 1 1016
7820 18200 4866813 1 1017
7820 18197 4866823 1 999
7822 18194 4866833 1 976
7824 18191 4866843 1 951
7827 18188 4866853 1 922
7829 18186 4866863 1 906
7832 18184 4866873 1 889
7839 18184 4866883 1 812
7842 18185 4866893 1 767
7845 18186 4866903 1 720
7848 18188 4866913 1 667
7849 18190 4866923 1 640
7850 18192 4866933 1 614
7851 18194 4866943 1 558
7852 18195 4866953 1 501
7852 18194 4866963 1 386
7850 18192 4866973 1 330
7849 18190 4866983 1 302
7847 18188 4866993 1 276
7845 18184 4867003 1 223
7843 18179 4867013 1 173
7840 18174 4867023 1 128
7838 18169 4867033 1 87
7837 18159 4867043 1 34
7837 18154 4867053 1 22
7836 18150 4867063 1 19
7835 18146 4867073 1 20
7835 18142 4867083 1 21
7833 18140 4867093 1 22
7832 18139 4867103 1 24
7830 18139 4867113 1 25
7823 18142 4867123 1 37
7819 18146 4867133 1 78
7815 18150 4867143 1 126
7811 18155 4867153 1 181
7808 18161 4867163 1 241
7807 18165 4867173 1 273
7807 18170 4867183 1 306
7807 18175 4867193 1 373
7811 18183 4867203 1 509
7815 18186 4867213 1 575
7820 18188 4867223 1 639
7823 18189 4867233 1 670
7827 18189 4867243 1 699
7831 18189 4867253 1 752
7834 18189 4867263 1 800
7836 18187 4867273 1 838
7838 18181 4867283 1 894
7837 18178 4867293 1 905
7835 18174 4867303 1 912
7834 18169 4867313 1 923
7832 18164 4867323 1 930
7830 18159 4867333 1 932
7829 18154 4867343 1 931
7828 18150 4867353 1 925
7827 18145 4867363 1 916
7828 18144 4867373 1 906
7829 18143 4867383 1 894
7831 18142 4867393 1 881
7834 18143 4867403 1 868
7838 18143 4867413 1 855
7840 18145 4867423 1 848
7843 18146 4867433 1 842
7853 18148 4867443 1 823
7858 18148 4867453 1 816
7862 18149 4867463 1 813
7866 18150 4867473 1 813
7867 18150 4867483 1 813
7868 18150 4867493 1 813
7869 18151 4867503 1 815
7868 18152 4867513 1 818
7862 18154 4867523 1 821
7857 18156 4867533 1 821
7854 18157 4867543 1 821
7851 18159 4867553 1 818
7845 18161 4867563 1 812
7840 18164 4867573 1 802
7836 18167 4867583 1 789
7833 18170 4867593 1 769
7831 18173 4867603 1 731
7831 18174 4867613 1 713
7833 18175 4867623 1 674
7834 18175 4867633 1 627
7837 18175 4867643 1 572
7839 18173 4867653 1 508
7840 18172 4867663 1 434
7841 18170 4867673 1 396
7843 18166 4867683 1 255
7844 18165 4867693 1 147
7845 18164 4867703 1 98
7843 18164 4867713 1 99
7837 18165 4867723 1 100
7834 18167 4867733 1 101
7829 18169 4867743 1 102
7819 18171 4867753 1 103
7793 18177 4867763 1 106
7778 18180 4867773 1 107
7763 18183 4867783 1 108
7754 18186 4867793 1 110
7745 18189 4867803 1 393
7732 18191 4867813 1 845
7722 18191 4867823 1 955
7714 18189 4867833 1 955
7706 18179 4867843 1 953
7705 18171 4867853 1 953
7707 18162 4867863 1 952
7710 18153 4867873 1 951
7715 18142 4867883 1 951
7721 18131 4867893 1 950
7729 18122 4867903 1 949
7738 18115 4867913 1 949
7758 18104 4867923 1 948
7769 18100 4867933 1 856
7780 18097 4867943 1 127
7792 18095 4867953 1 129
7804 18093 4867963 1 130
7816 18091 4867973 1 131
7828 18089 4867983 1 132
7839 18089 4867993 1 133
7857 18090 4868003 1 135
7865 18092 4868013 1 136
7870 18096 4868023 1 137
7873 18102 4868033 1 138
7875 18110 4868043 1 141
7873 18121 4868053 1 148
7870 18132 4868063 1 160
7863 18145 4868073 1 180
7842 18172 4868083 1 254
7827 18185 4868093 1 310
7813 18197 4868103 1 383
7796 18209 4868113 1 474
7774 18217 4868123 1 586
7747 18224 4868133 1 719
