8155 18657 6683704 1 605
8154 18657 6683714 1 534
8154 18657 6683724 1 478
8154 18657 6683734 1 453
8154 18657 6683744 1 435
8154 18657 6683754 1 402
8154 18657 6683764 1 378
8156 18658 6683774 1 368
8157 18659 6683784 1 362
8158 18660 6683794 1 353
8160 18660 6683804 1 348
8161 18661 6683814 1 346
8161 18661 6683824 1 345
8162 18662 6683834 1 345
8165 18664 6683844 1 344
8166 18665 6683854 1 343
8168 18666 6683864 1 342
8170 18667 6683874 1 342
8172 18668 6683884 1 341
8174 18669 6683894 1 340
8176 18671 6683904 1 340
8178 18672 6683914 1 339
8180 18673 6683924 1 339
8183 18674 6683934 1 338
8185 18675 6683944 1 337
8187 18676 6683954 1 337
8190 18677 6683964 1 336
8193 18678 6683974 1 335
8198 18679 6683984 1 334
8200 18680 6683994 1 333
8203 18681 6684004 1 333
8206 18681 6684014 1 333
8208 18682 6684024 1 332
8210 18682 6684034 1 331
8212 18683 6684044 1 331
8214 18684 6684054 1 330
8216 18684 6684064 1 329
8217 18685 6684074 1 329
8219 18685 6684084 1 328
8220 18686 6684094 1 327
8221 18686 6684104 1 327
8223 18686 6684114 1 326
8225 18687 6684124 1 325
8226 18687 6684134 1 324
8226 18688 6684144 1 324
8227 18688 6684154 1 323
8228 18688 6684164 1 322
8228 18688 6684174 1 322
8228 18688 6684184 1 321
8228 18689 6684194 1 321
8228 18689 6684204 1 320
8228 18689 6684214 1 319
8228 18689 6684224 1 318
8228 18688 6684234 1 318
8228 18688 6684244 1 317
8227 18688 6684254 1 317
8226 18687 6684264 1 315
8225 18686 6684274 1 315
8224 18686 6684284 1 314
8223 18685 6684294 1 313
8222 18684 6684304 1 313
8221 18684 6684314 1 312
8220 18683 6684324 1 312
8219 18682 6684334 1 377
8219 18682 6684344 1 496
8219 18681 6684354 1 619
8218 18681 6684364 1 677
8218 18680 6684374 1 688
8217 18680 6684384 1 678
8217 18679 6684394 1 668
8216 18678 6684404 1 656
8215 18678 6684414 1 652
8214 18677 6684424 1 646
8213 18677 6684434 1 642
8211 18676 6684444 1 640
8210 18676 6684454 1 639
8208 18675 6684464 1 636
8205 18674 6684474 1 636
8203 18674 6684484 1 636
8200 18673 6684494 1 638
8198 18672 6684504 1 640
8195 18672 6684514 1 644
8192 18671 6684524 1 646
8189 18671 6684534 1 649
8184 18670 6684544 1 662
8181 18669 6684554 1 666
8179 18669 6684564 1 671
8177 18668 6684574 1 680
8176 18667 6684584 1 691
8175 18667 6684594 1 696
8174 18666 6684604 1 702
8173 18666 6684614 1 714
8172 18665 6684624 1 727
8172 18665 6684634 1 734
8172 18665 6684644 1 741
8172 18665 6684654 1 756
8173 18664 6684664 1 772
8174 18664 6684674 1 780
8175 18665 6684684 1 806
8177 18665 6684694 1 824
8178 18665 6684704 1 833
8180 18665 6684714 1 843
8182 18666 6684724 1 858
8184 18666 6684734 1 858
8186 18666 6684744 1 858
8188 18666 6684754 1 860
8190 18666 6684764 1 860
8192 18666 6684774 1 860
8195 18666 6684784 1 861
8197 18666 6684794 1 861
8200 18666 6684804 1 861
8203 18666 6684814 1 861
8208 18665 6684824 1 863
8210 18665 6684834 1 863
8213 18664 6684844 1 863
8215 18663 6684854 1 864
8217 18663 6684864 1 864
8220 18662 6684874 1 864
8222 18661 6684884 1 865
8223 18660 6684894 1 865
8225 18659 6684904 1 866
8227 18658 6684914 1 866
8228 18657 6684924 1 866
8230 18656 6684934 1 867
8231 18655 6684944 1 867
8233 18654 6684954 1 867
8236 18651 6684964 1 869
8237 18650 6684974 1 869
8239 18649 6684984 1 869
8240 18647 6684994 1 870
8242 18646 6685004 1 870
8244 18645 6685014 1 870
8246 18644 6685024 1 871
8248 18643 6685034 1 872
8250 18641 6685044 1 872
8252 18640 6685054 1 872
8254 18638 6685064 1 872
8256 18637 6685074 1 873
8258 18635 6685084 1 873
8259 18634 6685094 1 873
8262 18631 6685104 1 875
8263 18629 6685114 1 875
8264 18628 6685124 1 875
8265 18626 6685134 1 876
8266 18625 6685144 1 876
8266 18624 6685154 1 877
8267 18622 6685164 1 877
8267 18621 6685174 1 878
8268 18620 6685184 1 878
8268 18619 6685194 1 878
8268 18618 6685204 1 878
8268 18618 6685214 1 879
8269 18617 6685224 1 879
8269 18617 6685234 1 880
8270 18616 6685244 1 881
8270 18615 6685254 1 881
8270 18615 6685264 1 881
8270 18615 6685274 1 882
8270 18615 6685284 1 882
8271 18615 6685294 1 883
8271 18616 6685304 1 883
8271 18616 6685314 1 884
8271 18617 6685324 1 884
8271 18617 6685334 1 884
8271 18618 6685344 1 884
8271 18619 6685354 1 885
8272 18621 6685364 1 886
8272 18622 6685374 1 886
8272 18625 6685384 1 887
8273 18626 6685394 1 887
8273 18628 6685404 1 887
8274 18630 6685414 1 888
8274 18632 6685424 1 888
8275 18634 6685434 1 889
8275 18635 6685444 1 889
8275 18637 6685454 1 890
8276 18639 6685464 1 890
8276 18641 6685474 1 890
8277 18643 6685484 1 891
8277 18645 6685494 1 891
8277 18646 6685504 1 891
8277 18648 6685514 1 892
8277 18651 6685524 1 893
8277 18652 6685534 1 893
8278 18653 6685544 1 894
8278 18654 6685554 1 895
8278 18655 6685564 1 895
8278 18656 6685574 1 895
8279 18657 6685584 1 896
8279 18658 6685594 1 896
8279 18658 6685604 1 896
8279 18659 6685614 1 896
8279 18661 6685624 1 897
8279 18662 6685634 1 898
8279 18663 6685644 1 898
8280 18664 6685654 1 898
8280 18667 6685664 1 899
8281 18668 6685674 1 899
8281 18669 6685684 1 900
8281 18670 6685694 1 900
8282 18671 6685704 1 901
8282 18672 6685714 1 902
8283 18673 6685724 1 902
8283 18674 6685734 1 902
8284 18675 6685744 1 902
8284 18675 6685754 1 902
8285 18676 6685764 1 903
8285 18676 6685774 1 904
8286 18677 6685784 1 904
8286 18677 6685794 1 912
8287 18677 6685804 1 856
8287 18677 6685814 1 772
8287 18677 6685824 1 728
8288 18677 6685834 1 686
8288 18676 6685844 1 596
8288 18676 6685854 1 503
8288 18675 6685864 1 455
8288 18674 6685874 1 407
8288 18673 6685884 1 310
8288 18672 6685894 1 210
8287 18671 6685904 1 184
8287 18670 6685914 1 195
8286 18669 6685924 1 194
8285 18667 6685934 1 193
8282 18665 6685944 1 192
8281 18664 6685954 1 191
8280 18663 6685964 1 191
8278 18662 6685974 1 190
8277 18661 6685984 1 189
8275 18660 6685994 1 188
8273 18659 6686004 1 188
8272 18658 6686014 1 187
8271 18657 6686024 1 186
8269 18655 6686034 1 185
8268 18654 6686044 1 185
8267 18653 6686054 1 184
8266 18651 6686064 1 183
8265 18650 6686074 1 183
8263 18647 6686084 1 180
8262 18646 6686094 1 180
8262 18645 6686104 1 180
8261 18644 6686114 1 178
8260 18643 6686124 1 178
8259 18642 6686134 1 177
8259 18641 6686144 1 177
8258 18640 6686154 1 175
8258 18639 6686164 1 175
8257 18638 6686174 1 174
8257 18638 6686184 1 174
8256 18637 6686194 1 173
8256 18637 6686204 1 172
8255 18636 6686214 1 172
8254 18635 6686224 1 170
8254 18634 6686234 1 169
8253 18634 6686244 1 169
8252 18633 6686254 1 167
8252 18633 6686264 1 167
8251 18633 6686274 1 166
8250 18633 6686284 1 166
8250 18633 6686294 1 164
8249 18633 6686304 1 164
8249 18633 6686314 1 163
8248 18633 6686324 1 162
8248 18633 6686334 1 161
8248 18633 6686344 1 161
8247 18633 6686354 1 160
8248 18633 6686364 1 159
8248 18633 6686374 1 158
8248 18633 6686384 1 157
8248 18633 6686394 1 156
8248 18633 6686404 1 156
8248 18633 6686414 1 155
8247 18633 6686424 1 154
8247 18634 6686434 1 153
8246 18634 6686444 1 153
8246 18634 6686454 1 152
8246 18634 6686464 1 151
8246 18635 6686474 1 150
8245 18635 6686484 1 150
8245 18635 6686494 1 149
8245 18636 6686504 1 275
8245 18637 6686514 1 546
8245 18637 6686524 1 834
8245 18638 6686534 1 942
8246 18639 6686544 1 940
8246 18639 6686554 1 940
8247 18640 6686564 1 940
8248 18640 6686574 1 941
8249 18641 6686584 1 942
8250 18642 6686594 1 942
8251 18643 6686604 1 942
8252 18643 6686614 1 943
8253 18644 6686624 1 943
8254 18645 6686634 1 943
8257 18646 6686644 1 945
8258 18646 6686654 1 945
8259 18647 6686664 1 945
8260 18648 6686674 1 946
8261 18648 6686684 1 946
8262 18648 6686694 1 946
8263 18649 6686704 1 948
8264 18649 6686714 1 948
8265 18650 6686724 1 948
8266 18650 6686734 1 949
8267 18650 6686744 1 949
8268 18650 6686754 1 949
8270 18650 6686764 1 949
8270 18650 6686774 1 950
8272 18650 6686784 1 951
8273 18650 6686794 1 952
8274 18651 6686804 1 952
8275 18651 6686814 1 952
8276 18651 6686824 1 953
8277 18651 6686834 1 954
8277 18651 6686844 1 954
8278 18651 6686854 1 955
8279 18651 6686864 1 955
8279 18651 6686874 1 955
8280 18651 6686884 1 956
8281 18652 6686894 1 956
8281 18652 6686904 1 957
8282 18652 6686914 1 958
8283 18652 6686924 1 958
8284 18652 6686934 1 959
8285 18652 6686944 1 959
8286 18652 6686954 1 959
8287 18652 6686964 1 960
8288 18652 6686974 1 961
8289 18652 6686984 1 961
8290 18652 6686994 1 961
8290 18652 6687004 1 962
8291 18652 6687014 1 962
8292 18652 6687024 1 962
8292 18652 6687034 1 963
8292 18652 6687044 1 963
8293 18652 6687054 1 964
8292 18652 6687064 1 965
8292 18652 6687074 1 965
8292 18652 6687084 1 966
8292 18652 6687094 1 966
8291 18652 6687104 1 967
8291 18652 6687114 1 968
8291 18652 6687124 1 968
8291 18652 6687134 1 968
8290 18652 6687144 1 969
8290 18652 6687154 1 969
8291 18652 6687164 1 969
8291 18651 6687174 1 966
8291 18651 6687184 1 971
8292 18651 6687194 1 971
8293 18650 6687204 1 1024
8293 18650 6687214 1 972
8293 18650 6687224 1 87
8294 18650 6687234 1 87
8294 18650 6687244 1 139
8294 18650 6687254 1 85
8294 18649 6687264 1 84
8294 18649 6687274 1 84
8294 18649 6687284 1 82
8294 18649 6687294 1 82
8294 18649 6687304 1 81
8294 18648 6687314 1 80
8294 18648 6687324 1 79
8294 18648 6687334 1 78
8294 18648 6687344 1 77
8295 18647 6687354 1 85
8295 18647 6687364 1 103
8296 18647 6687374 1 130
8296 18647 6687384 1 166
8297 18647 6687394 1 186
8297 18647 6687404 1 209
8298 18647 6687414 1 258
8298 18647 6687424 1 312
8299 18647 6687434 1 340
8299 18647 6687444 1 370
8299 18647 6687454 1 431
8300 18647 6687464 1 493
8300 18647 6687474 1 526
8300 18647 6687484 1 621
8301 18647 6687494 1 683
8301 18647 6687504 1 713
8301 18647 6687514 1 742
8302 18647 6687524 1 798
8302 18647 6687534 1 849
8302 18647 6687544 1 873
8303 18648 6687554 1 893
8303 18648 6687564 1 932
8303 18648 6687574 1 961
8304 18648 6687584 1 974
8304 18648 6687594 1 982
8304 18648 6687604 1 991
8304 18648 6687614 1 992
8304 18648 6687624 1 992
8304 18648 6687634 1 993
8304 18649 6687644 1 994
8304 18649 6687654 1 995
8303 18649 6687664 1 995
8303 18650 6687674 1 995
8302 18650 6687684 1 995
8302 18651 6687694 1 996
8302 18651 6687704 1 996
8301 18652 6687714 1 997
8301 18652 6687724 1 998
8301 18652 6687734 1 998
8301 18653 6687744 1 998
8300 18653 6687754 1 999
8300 18654 6687764 1 999
8299 18654 6687774 1 1000
8299 18655 6687784 1 1001
8298 18655 6687794 1 1002
8298 18656 6687804 1 1002
8297 18657 6687814 1 1002
8296 18657 6687824 1 1003
8296 18658 6687834 1 1003
8296 18658 6687844 1 1009
8296 18658 6687854 1 1004
8295 18659 6687864 1 1005
8295 18659 6687874 1 1005
8296 18660 6687884 1 518
8296 18660 6687894 1 30
8296 18661 6687904 1 28
8296 18662 6687914 1 21
8297 18662 6687924 1 26
8297 18662 6687934 1 25
8296 18663 6687944 1 24
8296 18663 6687954 1 24
8296 18663 6687964 1 23
8296 18664 6687974 1 22
8295 18664 6687984 1 21
8295 18664 6687994 1 21
8294 18665 6688004 1 20
8294 18665 6688014 1 18
8294 18666 6688024 1 18
8294 18666 6688034 1 19
8294 18667 6688044 1 44
8295 18667 6688054 1 70
8296 18667 6688064 1 86
8297 18668 6688074 1 104
8298 18668 6688084 1 142
8299 18668 6688094 1 186
8300 18669 6688104 1 208
8301 18669 6688114 1 230
8302 18669 6688124 1 275
8303 18670 6688134 1 318
8304 18670 6688144 1 358
8305 18670 6688154 1 394
8306 18670 6688164 1 423
8307 18670 6688174 1 444
8309 18671 6688184 1 456
8310 18671 6688194 1 454
8311 18671 6688204 1 440
8312 18671 6688214 1 430
8313 18671 6688224 1 411
8313 18671 6688234 1 365
8313 18671 6688244 1 301
8313 18671 6688254 1 266
8313 18671 6688264 1 217
8313 18671 6688274 1 111
8313 18670 6688284 0 0
8313 18670 6688294 0 0
8313 18670 6688304 0 0
8312 18670 6688314 0 0
8312 18670 6688324 0 0
8312 18670 6688334 0 0
8313 18670 6688344 0 0
8313 18670 6688354 0 0
8313 18670 6688364 0 0
8313 18670 6688374 0 0
8314 18670 6688384 0 0
8314 18670 6688394 0 0
8314 18670 6688404 0 0
8314 18670 6688414 0 0
8315 18670 6688424 0 0
8315 18670 6688434 1 1
8315 18670 6688444 1 2
8315 18671 6688454 1 4
8316 18670 6688464 1 5
8316 18670 6688474 1 7
8316 18670 6688484 1 9
8316 18670 6688494 1 11
8315 18670 6688504 1 13
8315 18670 6688514 1 15
8314 18669 6688524 1 17
8313 18669 6688534 1 19
8312 18669 6688544 1 21
8311 18668 6688554 1 23
8311 18668 6688564 1 25
8310 18668 6688574 1 26
8309 18667 6688584 1 28
8309 18667 6688594 1 29
8308 18666 6688604 1 30
8307 18665 6688614 1 30
8304 18665 6688624 1 31
8300 18665 6688634 1 31
8294 18664 6688644 1 33
8288 18664 6688654 1 34
8281 18663 6688664 1 34
8274 18663 6688674 1 36
8267 18663 6688684 1 37
8260 18662 6688694 1 38
8253 18662 6688704 1 39
8246 18662 6688714 1 40
8239 18661 6688724 1 41
8232 18661 6688734 1 42
8217 18661 6688744 1 44
8210 18660 6688754 1 46
8205 18660 6688764 1 47
8201 18659 6688774 1 48
8198 18659 6688784 1 48
8197 18659 6688794 1 50
8197 18658 6688804 1 50
8197 18657 6688814 1 51
8197 18657 6688824 1 52
8197 18656 6688834 1 54
8197 18655 6688844 1 54
8196 18655 6688854 1 55
8196 18654 6688864 1 56
8196 18654 6688874 1 57
8197 18652 6688884 1 58
8197 18651 6688894 1 59
8198 18650 6688904 1 60
8198 18649 6688914 1 61
8199 18649 6688924 1 62
8199 18648 6688934 1 63
8200 18647 6688944 1 64
8201 18647 6688954 1 64
8202 18646 6688964 1 65
8203 18645 6688974 1 66
8204 18644 6688984 1 67
8205 18643 6688994 1 67
8207 18642 6689004 1 68
8208 18642 6689014 1 69
8210 18640 6689024 1 70
8211 18640 6689034 1 71
8212 18639 6689044 1 73
8213 18639 6689054 1 73
8214 18638 6689064 1 74
8215 18638 6689074 1 75
8216 18637 6689084 1 76
8216 18637 6689094 1 76
8217 18636 6689104 1 78
8217 18636 6689114 1 79
8218 18636 6689124 1 79
8218 18635 6689134 1 79
8219 18635 6689144 1 81
8219 18635 6689154 1 82
8220 18635 6689164 1 83
8221 18635 6689174 1 84
8222 18635 6689184 1 85
8223 18635 6689194 1 85
8223 18636 6689204 1 87
8224 18636 6689214 1 87
8224 18637 6689224 1 87
8225 18638 6689234 1 88
8225 18638 6689244 1 90
8225 18639 6689254 1 90
8226 18640 6689264 1 91
8226 18641 6689274 1 91
8226 18641 6689284 1 93
8226 18642 6689294 1 93
8226 18644 6689304 1 95
8226 18644 6689314 1 96
8226 18645 6689324 1 97
8226 18646 6689334 1 97
8225 18647 6689344 1 98
8225 18648 6689354 1 99
8225 18649 6689364 1 100
8224 18650 6689374 1 100
8224 18651 6689384 1 101
8223 18652 6689394 1 102
8223 18653 6689404 1 103
8222 18654 6689414 1 104
8222 18655 6689424 1 105
8222 18656 6689434 1 105
8221 18658 6689444 1 107
8221 18659 6689454 1 108
8221 18660 6689464 1 108
8221 18661 6689474 1 110
8222 18662 6689484 1 112
8222 18663 6689494 1 111
8222 18664 6689504 1 111
8223 18665 6689514 1 147
8224 18665 6689524 1 183
8225 18666 6689534 1 233
8226 18667 6689544 1 316
8227 18667 6689554 1 396
8229 18668 6689564 1 435
8230 18668 6689574 1 473
8231 18669 6689584 1 614
8232 18669 6689594 1 648
8233 18669 6689604 1 679
8233 18670 6689614 1 740
8234 18670 6689624 1 796
8234 18670 6689634 1 823
8235 18670 6689644 1 847
8235 18670 6689654 1 894
8235 18670 6689664 1 934
8236 18670 6689674 1 949
8236 18670 6689684 1 949
8237 18670 6689694 1 948
8237 18670 6689704 1 948
8238 18670 6689714 1 948
8240 18670 6689724 1 946
8241 18670 6689734 1 946
8242 18669 6689744 1 946
8243 18669 6689754 1 945
8244 18669 6689764 1 945
8245 18668 6689774 1 945
8245 18668 6689784 1 944
8246 18667 6689794 1 944
8247 18667 6689804 1 943
8248 18667 6689814 1 942
8249 18666 6689824 1 942
8250 18665 6689834 1 942
8250 18665 6689844 1 941
8251 18664 6689854 1 941
8252 18663 6689864 1 940
8252 18662 6689874 1 939
8253 18662 6689884 1 939
8253 18661 6689894 1 939
8253 18660 6689904 1 938
8254 18660 6689914 1 938
8254 18659 6689924 1 938
8255 18658 6689934 1 937
8256 18657 6689944 1 936
8257 18657 6689954 1 936
8259 18656 6689964 1 935
8260 18655 6689974 1 935
8261 18654 6689984 1 935
8262 18653 6689994 1 934
8265 18652 6690004 1 933
8266 18651 6690014 1 933
8267 18651 6690024 1 932
8268 18650 6690034 1 932
8269 18649 6690044 1 932
8270 18649 6690054 1 931
8270 18648 6690064 1 930
8271 18648 6690074 1 930
8271 18647 6690084 1 930
8271 18647 6690094 1 929
8270 18647 6690104 1 929
8270 18646 6690114 1 928
8269 18646 6690124 1 928
8267 18646 6690134 1 928
8264 18646 6690144 1 926
8263 18646 6690154 1 926
8261 18646 6690164 1 926
8259 18646 6690174 1 925
8258 18646 6690184 1 925
8256 18646 6690194 1 925
8255 18646 6690204 1 924
8254 18645 6690214 1 923
8253 18645 6690224 1 923
8252 18645 6690234 1 923
8251 18645 6690244 1 922
8250 18645 6690254 1 922
8250 18645 6690264 1 921
8250 18645 6690274 1 920
8249 18644 6690284 1 920
8249 18644 6690294 1 920
8249 18644 6690304 1 919
8249 18644 6690314 1 919
8249 18644 6690324 1 919
8250 18644 6690334 1 917
8250 18644 6690344 1 917
8251 18644 6690354 1 917
8252 18644 6690364 1 916
8252 18644 6690374 1 916
8253 18645 6690384 1 916
8254 18645 6690394 1 915
8254 18645 6690404 1 915
8255 18645 6690414 1 914
8257 18645 6690424 1 913
8259 18645 6690434 1 913
8260 18645 6690444 1 913
8261 18645 6690454 1 913
8262 18645 6690464 1 912
8264 18644 6690474 1 911
8265 18644 6690484 1 911
8266 18644 6690494 1 910
8268 18643 6690504 1 910
8269 18643 6690514 1 910
8270 18643 6690524 1 909
8272 18642 6690534 1 909
8273 18642 6690544 1 908
8274 18641 6690554 1 908
8276 18640 6690564 1 907
8277 18640 6690574 1 907
8278 18639 6690584 1 906
8279 18639 6690594 1 905
8281 18638 6690604 1 905
8282 18638 6690614 1 905
8284 18637 6690624 1 904
8285 18637 6690634 1 904
8287 18636 6690644 1 903
8288 18636 6690654 1 903
8290 18635 6690664 1 902
8291 18635 6690674 1 902
8292 18635 6690684 1 902
8294 18634 6690694 1 901
8297 18633 6690704 1 900
8298 18633 6690714 1 900
8299 18633 6690724 1 899
8300 18632 6690734 1 898
8301 18632 6690744 1 898
8302 18632 6690754 1 898
8303 18632 6690764 1 897
8304 18631 6690774 1 897
8304 18631 6690784 1 897
8305 18631 6690794 1 896
8305 18631 6690804 1 895
8305 18631 6690814 1 895
8305 18631 6690824 1 895
8305 18631 6690834 1 894
8305 18631 6690844 1 893
8304 18631 6690854 1 893
8304 18631 6690864 1 892
8304 18631 6690874 1 892
8304 18631 6690884 1 892
8304 18631 6690894 1 891
8304 18631 6690904 1 890
8305 18631 6690914 1 890
8306 18631 6690924 1 890
8307 18631 6690934 1 889
8308 18631 6690944 1 888
8309 18630 6690954 1 888
8309 18630 6690964 1 888
8310 18630 6690974 1 887
8311 18630 6690984 1 887
8312 18629 6690994 1 886
8312 18629 6691004 1 885
8313 18629 6691014 1 885
8313 18629 6691024 1 885
8313 18629 6691034 1 884
8313 18628 6691044 1 883
8313 18628 6691054 1 883
8313 18628 6691064 1 883
8313 18628 6691074 1 883
8313 18627 6691084 1 882
8313 18627 6691094 1 882
8313 18627 6691104 1 881
8313 18626 6691114 1 881
8313 18626 6691124 1 880
8313 18626 6691134 1 880
8313 18626 6691144 1 879
8313 18626 6691154 1 878
8314 18626 6691164 1 878
8314 18626 6691174 1 878
8315 18625 6691184 1 877
8315 18625 6691194 1 876
8315 18625 6691204 1 876
8316 18625 6691214 1 876
8316 18625 6691224 1 875
8317 18625 6691234 1 875
8317 18625 6691244 1 875
8318 18625 6691254 1 874
8320 18626 6691264 1 873
8321 18626 6691274 1 873
8322 18626 6691284 1 873
8323 18626 6691294 1 872
8324 18626 6691304 1 871
8325 18625 6691314 1 871
8326 18625 6691324 1 871
8326 18625 6691334 1 870
8327 18625 6691344 1 869
8327 18625 6691354 1 869
8327 18625 6691364 1 869
8327 18625 6691374 1 868
8327 18625 6691384 1 868
8327 18624 6691394 1 868
8326 18624 6691404 1 866
8325 18624 6691414 1 866
8325 18623 6691424 1 866
8324 18623 6691434 1 866
8324 18623 6691444 1 865
8323 18623 6691454 1 864
8323 18623 6691464 1 864
8323 18623 6691474 1 864
8323 18623 6691484 1 863
8323 18623 6691494 1 862
8322 18623 6691504 1 862
8322 18623 6691514 1 862
8322 18623 6691524 1 861
8322 18623 6691534 1 861
8322 18623 6691544 1 860
8322 18623 6691554 1 860
8322 18623 6691564 1 859
8322 18623 6691574 1 859
8322 18623 6691584 1 859
8322 18623 6691594 1 858
8322 18623 6691604 1 857
8322 18623 6691614 1 857
8323 18624 6691624 1 857
8323 18624 6691634 1 856
8323 18624 6691644 1 856
8324 18624 6691654 1 855
8324 18624 6691664 1 855
8325 18624 6691674 1 855
8326 18624 6691684 1 854
8327 18623 6691694 1 853
8327 18623 6691704 1 853
8328 18623 6691714 1 852
8328 18623 6691724 1 852
8329 18623 6691734 1 852
8330 18623 6691744 1 852
8330 18623 6691754 1 851
8330 18623 6691764 1 850
8330 18623 6691774 1 850
8330 18623 6691784 1 850
8330 18624 6691794 1 849
8330 18624 6691804 1 848
8330 18624 6691814 1 848
8328 18624 6691824 1 848
8327 18625 6691834 1 847
8326 18625 6691844 1 847
8325 18625 6691854 1 846
8324 18625 6691864 1 846
8324 18626 6691874 1 845
8323 18626 6691884 1 845
8322 18626 6691894 1 845
8322 18626 6691904 1 844
8322 18626 6691914 1 844
8322 18625 6691924 1 843
8322 18625 6691934 1 843
8322 18625 6691944 1 843
8323 18625 6691954 1 842
8324 18624 6691964 1 841
8325 18624 6691974 1 841
8326 18624 6691984 1 841
8327 18623 6691994 1 840
8327 18623 6692004 1 839
8327 18623 6692014 1 839
8327 18623 6692024 1 839
8327 18622 6692034 1 838
8326 18622 6692044 1 838
8326 18622 6692054 1 838
8326 18621 6692064 1 837
8325 18621 6692074 1 837
8325 18621 6692084 1 836
8325 18620 6692094 1 836
8325 18620 6692104 1 835
8326 18620 6692114 1 835
8326 18620 6692124 1 834
8326 18620 6692134 1 834
8326 18620 6692144 1 834
8326 18620 6692154 1 833
8326 18620 6692164 1 833
8325 18620 6692174 1 832
8325 18620 6692184 1 832
8325 18620 6692194 1 832
8324 18620 6692204 1 831
8324 18621 6692214 1 830
8324 18621 6692224 1 830
8323 18621 6692234 1 830
8323 18621 6692244 1 829
8322 18622 6692254 1 828
8322 18622 6692264 1 828
8321 18622 6692274 1 828
8321 18622 6692284 1 828
8320 18622 6692294 1 827
8320 18622 6692304 1 826
8321 18622 6692314 1 826
8321 18622 6692324 1 826
8321 18622 6692334 1 825
8322 18621 6692344 1 825
8322 18621 6692354 1 825
8322 18621 6692364 1 824
8322 18621 6692374 1 824
8322 18621 6692384 1 823
8321 18620 6692394 1 823
8321 18620 6692404 1 822
8320 18620 6692414 1 822
8319 18620 6692424 1 821
8319 18620 6692434 1 821
8318 18620 6692444 1 821
8318 18620 6692454 1 821
8317 18620 6692464 1 820
8317 18620 6692474 1 819
8317 18620 6692484 1 819
8317 18620 6692494 1 819
8317 18620 6692504 1 818
8318 18621 6692514 1 818
8319 18621 6692524 1 817
8320 18621 6692534 1 817
