7695 18288 8727725 1 667
7695 18288 8727735 1 668
7695 18288 8727745 1 671
7695 18288 8727755 1 672
7695 18289 8727765 1 674
7699 18292 8727775 1 675
7710 18301 8727785 1 677
7723 18312 8727795 1 678
7730 18318 8727805 1 679
7728 18317 8727815 1 680
7721 18309 8727825 1 680
7707 18291 8727835 1 682
7706 18291 8727845 1 683
7713 18296 8727855 1 684
7724 18304 8727865 1 684
7736 18311 8727875 1 685
7747 18317 8727885 1 685
7758 18319 8727895 1 685
7769 18318 8727905 1 685
7784 18315 8727915 1 686
7804 18312 8727925 1 687
7827 18311 8727935 1 686
7880 18310 8727945 1 687
7904 18307 8727955 1 688
7923 18303 8727965 1 688
7938 18296 8727975 1 688
7948 18289 8727985 1 688
7954 18281 8727995 1 688
7956 18274 8728005 1 688
7957 18268 8728015 1 689
7955 18264 8728025 1 689
7949 18259 8728035 1 689
7938 18254 8728045 1 690
7907 18243 8728055 1 691
7890 18237 8728065 1 691
7873 18231 8728075 1 691
7858 18226 8728085 1 692
7846 18222 8728095 1 692
7836 18219 8728105 1 694
7831 18217 8728115 1 694
7828 18218 8728125 1 696
7827 18222 8728135 1 697
7828 18228 8728145 1 698
7829 18239 8728155 1 698
7834 18272 8728165 1 700
7837 18293 8728175 1 702
7841 18316 8728185 1 703
7843 18340 8728195 1 705
7844 18363 8728205 1 705
7842 18386 8728215 1 707
7838 18408 8728225 1 707
7832 18429 8728235 1 708
7823 18449 8728245 1 708
7812 18468 8728255 1 708
7798 18486 8728265 1 709
7767 18514 8728275 1 710
7751 18523 8728285 1 710
7736 18527 8728295 1 709
7721 18527 8728305 1 708
7708 18522 8728315 1 708
7696 18513 8728325 1 707
7687 18503 8728335 1 706
7681 18491 8728345 1 704
7676 18478 8728355 1 702
7675 18464 8728365 1 700
7675 18451 8728375 1 697
7683 18424 8728385 1 693
7688 18412 8728395 1 691
7693 18402 8728405 1 691
7696 18392 8728415 1 691
7699 18383 8728425 1 690
7699 18376 8728435 1 690
7697 18370 8728445 1 691
7694 18366 8728455 1 694
7690 18363 8728465 1 697
7686 18363 8728475 1 702
7683 18364 8728485 1 709
7681 18370 8728495 1 712
7684 18375 8728505 1 716
7689 18380 8728515 1 726
7696 18384 8728525 1 737
7706 18389 8728535 1 748
7717 18394 8728545 1 760
7730 18398 8728555 1 771
7744 18403 8728565 1 780
7759 18408 8728575 1 788
7775 18413 8728585 1 791
7790 18417 8728595 1 793
7814 18425 8728605 1 792
7821 18427 8728615 1 784
7826 18428 8728625 1 771
7828 18429 8728635 1 753
7828 18428 8728645 1 727
7826 18426 8728655 1 694
7824 18423 8728665 1 676
7821 18420 8728675 1 654
7818 18416 8728685 1 609
7816 18411 8728695 1 561
7815 18406 8728705 1 511
7816 18395 8728715 1 408
7818 18391 8728725 1 358
7820 18386 8728735 1 312
7821 18383 8728745 1 294
7820 18381 8728755 1 287
7818 18380 8728765 1 269
7813 18381 8728775 1 233
7805 18383 8728785 1 191
7793 18387 8728795 1 189
7778 18391 8728805 1 187
7761 18397 8728815 1 186
7724 18408 8728825 1 182
7705 18413 8728835 1 181
7689 18417 8728845 1 179
7675 18420 8728855 1 177
7665 18422 8728865 1 176
7660 18421 8728875 1 174
7660 18420 8728885 1 172
7664 18417 8728895 1 170
7673 18412 8728905 1 176
7685 18407 8728915 1 191
7699 18401 8728925 1 200
7731 18387 8728935 1 245
7746 18380 8728945 1 282
7760 18374 8728955 1 324
7773 18367 8728965 1 371
7784 18360 8728975 1 421
7794 18353 8728985 1 473
7803 18346 8728995 1 527
7811 18340 8729005 1 547
7815 18334 8729015 1 553
7818 18329 8729025 1 580
7818 18324 8729035 1 633
7813 18317 8729045 1 730
7809 18314 8729055 1 774
7804 18310 8729065 1 811
7798 18308 8729075 1 841
7793 18305 8729085 1 864
7789 18303 8729095 1 874
7785 18301 8729105 1 878
7781 18299 8729115 1 881
7777 18297 8729125 1 872
7774 18295 8729135 1 854
7771 18294 8729145 1 836
7766 18295 8729155 1 802
7766 18297 8729165 1 786
7767 18300 8729175 1 779
7769 18304 8729185 1 773
7771 18309 8729195 1 762
7774 18314 8729205 1 753
7776 18321 8729215 1 747
7777 18328 8729225 1 741
7775 18337 8729235 1 739
7773 18346 8729245 1 737
7768 18355 8729255 1 737
7757 18374 8729265 1 737
7752 18381 8729275 1 738
7747 18387 8729285 1 741
7743 18391 8729295 1 744
7740 18394 8729305 1 748
7739 18396 8729315 1 753
7740 18396 8729325 1 759
7741 18396 8729335 1 764
7745 18395 8729345 1 770
7749 18394 8729355 1 773
7755 18391 8729365 1 776
7766 18384 8729375 1 787
7771 18380 8729385 1 792
7775 18374 8729395 1 796
7777 18369 8729405 1 799
7778 18363 8729415 1 801
7777 18357 8729425 1 803
7774 18351 8729435 1 804
7770 18346 8729445 1 805
7765 18342 8729455 1 805
7760 18339 8729465 1 805
7756 18336 8729475 1 805
7749 18332 8729485 1 805
7748 18331 8729495 1 805
7748 18331 8729505 1 805
7750 18331 8729515 1 806
7753 18333 8729525 1 806
7757 18336 8729535 1 807
7761 18340 8729545 1 808
7766 18346 8729555 1 810
7771 18354 8729565 1 813
7774 18363 8729575 1 816
7777 18372 8729585 1 821
7779 18391 8729595 1 833
7778 18400 8729605 1 836
7776 18409 8729615 1 840
7772 18417 8729625 1 847
7768 18424 8729635 1 854
7764 18431 8729645 1 860
7759 18437 8729655 1 866
7756 18441 8729665 1 871
7753 18444 8729675 1 875
7751 18446 8729685 1 878
7750 18445 8729695 1 880
7753 18439 8729705 1 879
7756 18434 8729715 1 877
7760 18428 8729725 1 871
7764 18420 8729735 1 863
7769 18413 8729745 1 853
7773 18406 8729755 1 839
7776 18399 8729765 1 822
7779 18393 8729775 1 815
7780 18388 8729785 1 812
7781 18385 8729795 1 802
7780 18382 8729805 1 779
7778 18378 8729815 1 727
7777 18377 8729825 1 698
7777 18376 8729835 1 667
7777 18376 8729845 1 635
7779 18375 8729855 1 601
7782 18374 8729865 1 585
7786 18372 8729875 1 567
7791 18371 8729885 1 532
7797 18369 8729895 1 496
7803 18367 8729905 1 461
7808 18365 8729915 1 424
7818 18361 8729925 1 352
7822 18359 8729935 1 317
7824 18358 8729945 1 300
7825 18356 8729955 1 284
7825 18354 8729965 1 250
7824 18353 8729975 1 217
7823 18351 8729985 1 187
7821 18349 8729995 1 156
7819 18348 8730005 1 129
7818 18346 8730015 1 103
7817 18345 8730025 1 79
7820 18341 8730035 1 67
7825 18340 8730045 1 65
7832 18338 8730055 1 67
7842 18337 8730065 1 69
7855 18336 8730075 1 71
7870 18334 8730085 1 73
7885 18334 8730095 1 75
7900 18333 8730105 1 77
7914 18333 8730115 1 79
7925 18334 8730125 1 80
7934 18336 8730135 1 83
7940 18340 8730145 1 86
7938 18343 8730155 1 88
7932 18346 8730165 1 90
7923 18349 8730175 1 92
7912 18352 8730185 1 94
7899 18354 8730195 1 127
7886 18356 8730205 1 146
7872 18357 8730215 1 165
7860 18358 8730225 1 205
7849 18359 8730235 1 248
7840 18360 8730245 1 294
7828 18362 8730255 1 390
7824 18362 8730265 1 439
7822 18363 8730275 1 489
7820 18364 8730285 1 509
7818 18364 8730295 1 515
7817 18364 8730305 1 539
7816 18364 8730315 1 588
7815 18363 8730325 1 635
7814 18361 8730335 1 681
7813 18359 8730345 1 723
7812 18357 8730355 1 764
7811 18350 8730365 1 833
7812 18346 8730375 1 848
7813 18343 8730385 1 862
7815 18339 8730395 1 886
7818 18337 8730405 1 905
7822 18334 8730415 1 920
7826 18332 8730425 1 932
7830 18331 8730435 1 941
7835 18329 8730445 1 946
7840 18328 8730455 1 948
7845 18327 8730465 1 948
7852 18326 8730475 1 946
7854 18324 8730485 1 942
7855 18323 8730495 1 936
7854 18321 8730505 1 930
7851 18320 8730515 1 922
7847 18319 8730525 1 914
7841 18319 8730535 1 905
7835 18320 8730545 1 901
7829 18322 8730555 1 900
7824 18324 8730565 1 895
7819 18328 8730575 1 886
7816 18338 8730585 1 872
7818 18343 8730595 1 865
7821 18349 8730605 1 860
7825 18355 8730615 1 856
7831 18360 8730625 1 853
7837 18364 8730635 1 852
7843 18367 8730645 1 851
7848 18369 8730655 1 850
7853 18370 8730665 1 850
7857 18369 8730675 1 850
7861 18367 8730685 1 851
7867 18360 8730695 1 853
7869 18355 8730705 1 855
7870 18350 8730715 1 857
7870 18345 8730725 1 857
7871 18340 8730735 1 859
7870 18335 8730745 1 862
7870 18332 8730755 1 864
7870 18330 8730765 1 865
7870 18329 8730775 1 867
7871 18329 8730785 1 868
7873 18330 8730795 1 870
7877 18334 8730805 1 869
7878 18337 8730815 1 869
7879 18341 8730825 1 870
7879 18345 8730835 1 870
7878 18350 8730845 1 870
7876 18356 8730855 1 869
7872 18362 8730865 1 869
7868 18369 8730875 1 869
7863 18376 8730885 1 869
7858 18383 8730895 1 868
7854 18391 8730905 1 867
7847 18404 8730915 1 867
7845 18410 8730925 1 867
7843 18415 8730935 1 866
7842 18420 8730945 1 866
7842 18424 8730955 1 866
7842 18428 8730965 1 866
7843 18430 8730975 1 865
7845 18432 8730985 1 865
7847 18433 8730995 1 865
7850 18433 8731005 1 865
7854 18432 8731015 1 865
7865 18427 8731025 1 865
7872 18424 8731035 1 866
7880 18421 8731045 1 866
7889 18417 8731055 1 865
7899 18413 8731065 1 865
7909 18410 8731075 1 865
7920 18408 8731085 1 866
7931 18406 8731095 1 865
7942 18405 8731105 1 866
7953 18405 8731115 1 866
7964 18405 8731125 1 866
7984 18408 8731135 1 867
7994 18409 8731145 1 866
8003 18411 8731155 1 867
8010 18412 8731165 1 867
8015 18412 8731175 1 867
8018 18412 8731185 1 867
8020 18412 8731195 1 868
8019 18410 8731205 1 868
8017 18408 8731215 1 868
8014 18405 8731225 1 869
8010 18401 8731235 1 868
7999 18391 8731245 1 869
7991 18385 8731255 1 868
7983 18379 8731265 1 868
7974 18372 8731275 1 869
7964 18365 8731285 1 869
7953 18357 8731295 1 869
7943 18350 8731305 1 869
7933 18343 8731315 1 869
7924 18336 8731325 1 868
7916 18329 8731335 1 869
7909 18323 8731345 1 869
7902 18314 8731355 1 869
7901 18311 8731365 1 869
7903 18310 8731375 1 868
7907 18310 8731385 1 869
7913 18311 8731395 1 868
7920 18314 8731405 1 868
7928 18319 8731415 1 868
7935 18326 8731425 1 867
7942 18334 8731435 1 867
7946 18343 8731445 1 867
7947 18353 8731455 1 866
7942 18374 8731465 1 865
7936 18384 8731475 1 865
7927 18393 8731485 1 864
7918 18402 8731495 1 863
7908 18409 8731505 1 863
7899 18415 8731515 1 862
7891 18419 8731525 1 861
7884 18423 8731535 1 860
7878 18425 8731545 1 860
7874 18425 8731555 1 858
7871 18426 8731565 1 857
7869 18424 8731575 1 855
7870 18426 8731585 1 854
7867 18433 8731595 1 852
7853 18435 8731605 1 851
7844 18424 8731615 1 850
7848 18414 8731625 1 849
7854 18413 8731635 1 847
7857 18416 8731645 1 845
7856 18419 8731655 1 844
7855 18422 8731665 1 842
7854 18425 8731675 1 840
7854 18428 8731685 1 837
7855 18430 8731695 1 835
7856 18430 8731705 1 833
7858 18431 8731715 1 830
