8163 17664 8440341 1 618
8163 17664 8440351 1 622
8163 17664 8440361 1 628
8163 17664 8440371 1 632
8164 17664 8440381 1 637
8168 17667 8440391 1 639
8179 17676 8440401 1 644
8193 17686 8440411 1 647
8200 17691 8440421 1 649
8199 17689 8440431 1 651
8192 17679 8440441 1 652
8181 17659 8440451 1 657
8183 17657 8440461 1 658
8192 17662 8440471 1 661
8207 17670 8440481 1 662
8222 17679 8440491 1 664
8236 17686 8440501 1 665
8247 17691 8440511 1 665
8257 17694 8440521 1 665
8268 17696 8440531 1 667
8282 17699 8440541 1 668
8298 17705 8440551 1 668
8329 17716 8440561 1 670
8341 17720 8440571 1 671
8350 17719 8440581 1 671
8355 17715 8440591 1 672
8358 17708 8440601 1 673
8360 17698 8440611 1 673
8363 17686 8440621 1 673
8368 17673 8440631 1 674
8374 17660 8440641 1 674
8379 17646 8440651 1 676
8383 17630 8440661 1 677
8382 17598 8440671 1 678
8379 17584 8440681 1 680
8374 17572 8440691 1 680
8367 17563 8440701 1 681
8361 17557 8440711 1 682
8354 17555 8440721 1 685
8347 17558 8440731 1 687
8339 17564 8440741 1 689
8332 17576 8440751 1 692
8324 17592 8440761 1 693
8317 17613 8440771 1 695
8302 17667 8440781 1 699
8296 17697 8440791 1 701
8290 17727 8440801 1 704
8285 17755 8440811 1 706
8280 17781 8440821 1 708
8273 17803 8440831 1 710
8265 17822 8440841 1 712
8255 17838 8440851 1 713
8245 17852 8440861 1 713
8233 17865 8440871 1 713
8221 17876 8440881 1 714
8196 17893 8440891 1 715
8186 17897 8440901 1 715
8177 17898 8440911 1 714
8168 17896 8440921 1 713
8161 17890 8440931 1 712
8154 17882 8440941 1 710
8148 17871 8440951 1 709
8142 17860 8440961 1 705
8136 17848 8440971 1 701
8131 17835 8440981 1 697
8126 17822 8440991 1 694
8118 17794 8441001 1 686
8115 17780 8441011 1 683
8113 17766 8441021 1 682
8111 17753 8441031 1 682
8108 17741 8441041 1 681
8106 17730 8441051 1 681
8105 17720 8441061 1 684
8105 17714 8441071 1 687
8106 17710 8441081 1 694
8109 17709 8441091 1 701
8114 17711 8441101 1 713
8131 17724 8441111 1 718
8142 17732 8441121 1 725
8155 17742 8441131 1 741
8168 17752 8441141 1 759
8182 17761 8441151 1 777
8196 17771 8441161 1 796
8211 17779 8441171 1 813
8224 17787 8441181 1 828
8238 17795 8441191 1 840
8251 17800 8441201 1 844
8264 17805 8441211 1 847
8285 17807 8441221 1 844
8292 17805 8441231 1 831
8297 17802 8441241 1 810
8300 17797 8441251 1 781
8303 17791 8441261 1 740
8304 17785 8441271 1 689
8305 17780 8441281 1 661
8304 17776 8441291 1 628
8304 17773 8441301 1 559
8302 17771 8441311 1 487
8300 17771 8441321 1 411
8295 17773 8441331 1 257
8290 17775 8441341 1 185
8285 17776 8441351 1 118
8279 17777 8441361 1 93
8271 17776 8441371 1 85
8262 17775 8441381 1 61
8252 17773 8441391 1 11
8240 17769 8441401 0 0
8228 17766 8441411 0 0
8214 17762 8441421 0 0
8201 17758 8441431 0 0
8173 17752 8441441 0 0
8160 17751 8441451 0 0
8148 17751 8441461 0 0
8138 17752 8441471 0 0
8130 17755 8441481 0 0
8126 17759 8441491 0 0
8124 17763 8441501 0 0
8126 17768 8441511 0 0
8132 17772 8441521 0 0
8141 17775 8441531 0 0
8152 17776 8441541 1 5
8180 17774 8441551 1 72
8195 17770 8441561 1 125
8210 17764 8441571 1 185
8226 17757 8441581 1 251
8241 17748 8441591 1 321
8257 17737 8441601 1 393
8273 17726 8441611 1 466
8288 17715 8441621 1 493
8302 17706 8441631 1 503
8314 17698 8441641 1 539
8323 17692 8441651 1 610
8336 17686 8441661 1 739
8339 17686 8441671 1 796
8340 17687 8441681 1 844
8338 17689 8441691 1 883
8335 17692 8441701 1 912
8331 17695 8441711 1 924
8325 17698 8441721 1 928
8317 17701 8441731 1 931
8307 17703 8441741 1 919
8295 17704 8441751 1 895
8283 17704 8441761 1 872
8256 17703 8441771 1 827
8243 17703 8441781 1 807
8231 17703 8441791 1 798
8221 17705 8441801 1 790
8212 17707 8441811 1 776
8205 17710 8441821 1 764
8199 17715 8441831 1 757
8195 17722 8441841 1 750
8192 17730 8441851 1 747
8190 17740 8441861 1 744
8190 17751 8441871 1 744
8194 17773 8441881 1 744
8199 17782 8441891 1 745
8205 17790 8441901 1 748
8211 17795 8441911 1 751
8216 17798 8441921 1 757
8222 17799 8441931 1 762
8226 17798 8441941 1 768
8230 17795 8441951 1 775
8233 17791 8441961 1 781
8234 17785 8441971 1 784
8235 17778 8441981 1 787
8233 17760 8441991 1 800
8231 17750 8442001 1 805
8228 17740 8442011 1 809
8224 17730 8442021 1 812
8220 17720 8442031 1 814
8216 17711 8442041 1 816
8211 17703 8442051 1 817
8206 17698 8442061 1 817
8202 17694 8442071 1 816
8198 17692 8442081 1 816
8195 17692 8442091 1 816
8192 17697 8442101 1 815
8192 17701 8442111 1 814
8194 17707 8442121 1 814
8197 17713 8442131 1 815
8201 17720 8442141 1 815
8206 17728 8442151 1 815
8211 17736 8442161 1 815
8216 17744 8442171 1 817
8221 17751 8442181 1 820
8224 17758 8442191 1 823
8227 17764 8442201 1 828
8227 17770 8442211 1 840
8224 17771 8442221 1 843
8221 17770 8442231 1 845
8218 17769 8442241 1 852
8215 17767 8442251 1 859
8212 17765 8442261 1 865
8211 17764 8442271 1 871
8211 17763 8442281 1 874
8212 17763 8442291 1 878
8214 17765 8442301 1 881
8217 17767 8442311 1 882
8225 17774 8442321 1 880
8229 17778 8442331 1 877
8234 17782 8442341 1 872
8239 17786 8442351 1 864
8244 17789 8442361 1 854
8249 17791 8442371 1 842
8254 17792 8442381 1 825
8259 17791 8442391 1 818
8263 17789 8442401 1 815
8266 17784 8442411 1 805
8269 17779 8442421 1 782
8270 17766 8442431 1 728
8269 17759 8442441 1 697
8266 17753 8442451 1 666
8263 17747 8442461 1 632
8259 17743 8442471 1 596
8255 17739 8442481 1 578
8252 17737 8442491 1 558
8249 17736 8442501 1 521
8247 17735 8442511 1 481
8246 17735 8442521 1 442
8247 17735 8442531 1 401
8251 17735 8442541 1 321
8255 17735 8442551 1 281
8259 17735 8442561 1 261
8263 17735 8442571 1 241
8268 17734 8442581 1 202
8273 17734 8442591 1 163
8277 17733 8442601 1 128
8281 17733 8442611 1 92
8285 17733 8442621 1 59
8289 17733 8442631 1 27
8294 17732 8442641 0 0
8305 17731 8442651 0 0
8312 17731 8442661 0 0
8320 17730 8442671 0 0
8331 17729 8442681 0 0
8342 17728 8442691 0 0
8354 17728 8442701 0 0
8365 17728 8442711 0 0
8375 17728 8442721 0 0
8384 17728 8442731 0 0
8390 17729 8442741 0 0
8394 17730 8442751 0 0
8395 17732 8442761 0 0
8392 17733 8442771 0 0
8388 17734 8442781 0 0
8381 17735 8442791 0 0
8374 17736 8442801 0 0
8366 17737 8442811 1 3
8358 17739 8442821 1 24
8350 17740 8442831 1 44
8344 17742 8442841 1 91
8338 17744 8442851 1 142
8333 17746 8442861 1 196
8326 17749 8442871 1 312
8324 17750 8442881 1 373
8323 17750 8442891 1 435
8322 17749 8442901 1 458
8322 17747 8442911 1 465
8323 17744 8442921 1 495
8324 17741 8442931 1 557
8325 17737 8442941 1 616
8326 17733 8442951 1 674
8328 17729 8442961 1 730
8329 17725 8442971 1 782
8331 17721 8442981 1 873
8332 17721 8442991 1 893
8333 17722 8443001 1 912
8333 17725 8443011 1 944
8333 17730 8443021 1 971
8333 17735 8443031 1 992
8332 17741 8443041 1 1010
8331 17747 8443051 1 1022
8329 17752 8443061 1 1024
8326 17757 8443071 1 1024
8322 17760 8443081 1 1024
8311 17760 8443091 1 1024
8305 17756 8443101 1 1024
8300 17750 8443111 1 1024
8295 17742 8443121 1 1016
8291 17733 8443131 1 1006
8288 17724 8443141 1 996
8288 17714 8443151 1 985
8290 17706 8443161 1 981
8294 17699 8443171 1 980
8300 17694 8443181 1 975
8307 17691 8443191 1 964
8323 17693 8443201 1 944
8331 17696 8443211 1 936
8338 17701 8443221 1 930
8343 17707 8443231 1 924
8346 17713 8443241 1 921
8347 17719 8443251 1 920
8346 17724 8443261 1 919
8345 17727 8443271 1 920
8342 17730 8443281 1 920
8340 17731 8443291 1 920
8338 17730 8443301 1 923
8336 17725 8443311 1 929
8337 17722 8443321 1 933
8338 17719 8443331 1 935
8340 17715 8443341 1 937
8341 17713 8443351 1 941
8342 17712 8443361 1 946
8343 17712 8443371 1 950
8343 17712 8443381 1 953
8343 17714 8443391 1 957
8342 17716 8443401 1 960
8339 17717 8443411 1 963
8334 17718 8443421 1 963
8331 17717 8443431 1 965
8328 17716 8443441 1 967
8326 17714 8443451 1 968
8324 17713 8443461 1 969
8323 17712 8443471 1 969
8323 17713 8443481 1 970
8325 17715 8443491 1 971
8327 17720 8443501 1 972
8330 17726 8443511 1 972
8334 17734 8443521 1 971
8342 17755 8443531 1 973
8346 17766 8443541 1 974
8349 17777 8443551 1 974
8352 17787 8443561 1 975
8354 17796 8443571 1 976
8355 17803 8443581 1 977
8355 17807 8443591 1 977
8356 17809 8443601 1 977
8356 17809 8443611 1 979
8358 17807 8443621 1 980
8361 17803 8443631 1 981
8373 17791 8443641 1 983
8381 17785 8443651 1 985
8391 17778 8443661 1 987
8403 17771 8443671 1 987
8414 17765 8443681 1 988
8425 17761 8443691 1 989
8435 17758 8443701 1 991
8444 17756 8443711 1 991
8450 17756 8443721 1 993
8454 17757 8443731 1 995
8456 17760 8443741 1 997
8455 17771 8443751 1 1000
8453 17778 8443761 1 1000
8452 17785 8443771 1 1002
8450 17793 8443781 1 1004
8447 17800 8443791 1 1006
8445 17807 8443801 1 1007
8442 17812 8443811 1 1009
8440 17816 8443821 1 1011
8438 17817 8443831 1 1013
8436 17816 8443841 1 1014
8435 17812 8443851 1 1015
8433 17798 8443861 1 1018
8432 17788 8443871 1 1019
8429 17777 8443881 1 1021
8426 17764 8443891 1 1022
8422 17752 8443901 1 1024
8417 17740 8443911 1 1024
8411 17729 8443921 1 1024
8405 17720 8443931 1 1024
8398 17713 8443941 1 1024
8390 17708 8443951 1 1024
8383 17704 8443961 1 1024
8368 17702 8443971 1 1024
8362 17703 8443981 1 1024
8357 17705 8443991 1 1024
8353 17707 8444001 1 1024
8351 17709 8444011 1 1024
8351 17712 8444021 1 1024
8353 17715 8444031 1 1024
8357 17719 8444041 1 1024
8363 17724 8444051 1 1024
8370 17729 8444061 1 1024
8377 17735 8444071 1 1024
8391 17748 8444081 1 1024
8397 17754 8444091 1 1024
8402 17760 8444101 1 1024
8406 17766 8444111 1 1024
8409 17770 8444121 1 1024
8410 17774 8444131 1 1024
8411 17777 8444141 1 1024
8410 17780 8444151 1 1024
8409 17782 8444161 1 1024
8408 17785 8444171 1 1024
8405 17787 8444181 1 1024
8398 17794 8444191 1 1024
8393 17800 8444201 1 1024
8384 17812 8444211 1 1024
8364 17819 8444221 1 1024
8349 17812 8444231 1 1024
8348 17805 8444241 1 1024
8349 17805 8444251 1 1024
8348 17808 8444261 1 1024
8344 17810 8444271 1 1024
8341 17810 8444281 1 1023
8339 17809 8444291 1 1021
8339 17804 8444301 1 1015
8341 17802 8444311 1 1012
8345 17801 8444321 1 1009
8350 17802 8444331 1 1005
