7772 17813 7486078 1 1024
7756 17798 7486088 1 1024
7745 17788 7486098 1 1024
7740 17784 7486108 1 1024
7738 17781 7486118 1 1024
7728 17772 7486128 1 1024
7728 17771 7486138 1 1024
7728 17771 7486148 1 1024
7728 17770 7486158 1 1024
7727 17769 7486168 1 1024
7726 17766 7486178 1 1024
7727 17765 7486188 1 1024
7727 17763 7486198 1 1024
7727 17761 7486208 1 1024
7727 17761 7486218 1 1024
7727 17760 7486228 1 1024
7727 17758 7486238 1 1024
7727 17756 7486248 1 1024
7727 17755 7486258 1 1024
7726 17751 7486268 1 1024
7727 17749 7486278 1 1024
7727 17749 7486288 1 1024
7727 17748 7486298 1 1024
7727 17746 7486308 1 1024
7728 17744 7486318 1 1024
7728 17742 7486328 1 1024
7728 17741 7486338 1 1024
7728 17739 7486348 1 1024
7728 17738 7486358 1 1024
7727 17737 7486368 1 1024
7726 17735 7486378 1 1024
7725 17734 7486388 1 1024
7724 17733 7486398 1 1024
7722 17732 7486408 1 979
7720 17731 7486418 1 928
7719 17731 7486428 1 900
7717 17731 7486438 1 879
7715 17730 7486448 1 830
7712 17730 7486458 1 737
7710 17731 7486468 1 693
7707 17731 7486478 1 649
7704 17731 7486488 1 606
7703 17732 7486498 1 585
7702 17732 7486508 1 564
7698 17733 7486518 1 524
7695 17734 7486528 1 485
7692 17735 7486538 1 446
7688 17738 7486548 1 372
7686 17739 7486558 1 338
7684 17740 7486568 1 322
7683 17741 7486578 1 303
7681 17743 7486588 1 271
7679 17746 7486598 1 239
7678 17748 7486608 1 207
7677 17750 7486618 1 178
7676 17752 7486628 1 149
7676 17755 7486638 1 121
7675 17757 7486648 1 94
7675 17760 7486658 1 68
7674 17762 7486668 1 44
7674 17764 7486678 1 19
7673 17767 7486688 0 0
7673 17769 7486698 0 0
7673 17770 7486708 0 0
7673 17771 7486718 0 0
7673 17773 7486728 0 0
7673 17778 7486738 0 0
7673 17780 7486748 0 0
7673 17782 7486758 0 0
7673 17784 7486768 0 0
7673 17785 7486778 0 0
7673 17785 7486788 0 0
7673 17787 7486798 0 0
7673 17788 7486808 0 0
7673 17790 7486818 0 0
7672 17792 7486828 0 0
7672 17793 7486838 0 0
7672 17793 7486848 0 0
7672 17794 7486858 0 0
7672 17794 7486868 0 0
7672 17794 7486878 0 0
7672 17795 7486888 0 0
7672 17795 7486898 0 0
7672 17794 7486908 0 0
7672 17794 7486918 0 0
7672 17793 7486928 0 0
7671 17793 7486938 0 0
7671 17792 7486948 0 0
7670 17791 7486958 0 0
7669 17789 7486968 0 0
7669 17788 7486978 0 0
7668 17787 7486988 0 0
7668 17786 7486998 0 0
7667 17785 7487008 0 0
7666 17781 7487018 0 0
7665 17778 7487028 0 0
7664 17776 7487038 0 0
7662 17773 7487048 0 0
7661 17772 7487058 0 0
7660 17771 7487068 0 0
7658 17768 7487078 0 0
7655 17765 7487088 0 0
7652 17762 7487098 0 0
7648 17756 7487108 0 0
7645 17753 7487118 0 0
7643 17751 7487128 0 0
7642 17749 7487138 0 0
7639 17746 7487148 0 0
7636 17743 7487158 0 0
7633 17739 7487168 0 0
7630 17736 7487178 0 0
7627 17733 7487188 0 0
7625 17730 7487198 1 14
7622 17727 7487208 1 36
7620 17723 7487218 1 58
7617 17720 7487228 1 81
7615 17718 7487238 1 105
7613 17715 7487248 1 129
7612 17712 7487258 1 155
7611 17711 7487268 1 170
7610 17710 7487278 1 181
7609 17707 7487288 1 207
7607 17702 7487298 1 263
7607 17700 7487308 1 292
7608 17698 7487318 1 322
7609 17696 7487328 1 353
7610 17695 7487338 1 368
7611 17695 7487348 1 383
7613 17693 7487358 1 415
7615 17691 7487368 1 447
7617 17690 7487378 1 481
7621 17687 7487388 1 550
7624 17686 7487398 1 584
7626 17685 7487408 1 600
7628 17685 7487418 1 621
7633 17684 7487428 1 657
7638 17683 7487438 1 695
7643 17682 7487448 1 733
7648 17682 7487458 1 772
7653 17681 7487468 1 811
7658 17681 7487478 1 851
7663 17681 7487488 1 892
7668 17681 7487498 1 933
7675 17681 7487508 1 975
7681 17682 7487518 1 1017
7688 17682 7487528 1 1024
7694 17682 7487538 1 1024
7698 17683 7487548 1 1024
7701 17683 7487558 1 1024
7708 17683 7487568 1 1024
7720 17685 7487578 1 1024
7727 17685 7487588 1 1024
7733 17686 7487598 1 1024
7738 17687 7487608 1 1024
7740 17687 7487618 1 1024
7742 17688 7487628 1 1024
7746 17688 7487638 1 1024
7749 17689 7487648 1 1024
7751 17690 7487658 1 1024
7756 17691 7487668 1 1024
7757 17692 7487678 1 1024
7757 17692 7487688 1 1024
7757 17692 7487698 1 1024
7756 17693 7487708 1 1024
7755 17693 7487718 1 1024
7754 17694 7487728 1 1024
7753 17694 7487738 1 1024
7751 17695 7487748 1 1024
7750 17695 7487758 1 1024
7749 17696 7487768 1 1024
7748 17696 7487778 1 1024
7746 17697 7487788 1 1024
7745 17697 7487798 1 1024
7743 17698 7487808 1 1024
7742 17698 7487818 1 1024
7741 17698 7487828 1 1024
7740 17698 7487838 1 1024
7738 17699 7487848 1 1024
7734 17699 7487858 1 1024
7731 17699 7487868 1 1024
7729 17700 7487878 1 1024
7726 17700 7487888 1 1024
7724 17700 7487898 1 1024
7723 17700 7487908 1 1024
7720 17700 7487918 1 1024
7717 17700 7487928 1 1024
7714 17700 7487938 1 1024
7709 17701 7487948 1 1024
7707 17701 7487958 1 1024
7706 17701 7487968 1 1024
7705 17701 7487978 1 1024
7703 17701 7487988 1 1024
7701 17701 7487998 1 1024
7699 17702 7488008 1 1024
7698 17702 7488018 1 1024
7696 17703 7488028 1 1024
7696 17703 7488038 1 1024
7696 17704 7488048 1 1024
7695 17705 7488058 1 1024
7695 17705 7488068 1 1024
7696 17706 7488078 1 1024
7696 17707 7488088 1 1024
7697 17708 7488098 1 1024
7698 17709 7488108 1 1024
7699 17709 7488118 1 1024
7701 17710 7488128 1 1024
7704 17713 7488138 1 1024
7707 17714 7488148 1 1024
7710 17715 7488158 1 1024
7712 17717 7488168 1 1024
7714 17717 7488178 1 1024
7715 17718 7488188 1 1024
7719 17719 7488198 1 1024
7722 17721 7488208 1 1024
7725 17722 7488218 1 1024
7729 17725 7488228 1 1024
7731 17726 7488238 1 1024
7732 17726 7488248 1 1024
7733 17727 7488258 1 1024
7736 17728 7488268 1 1024
7738 17730 7488278 1 1024
7739 17731 7488288 1 1024
7741 17732 7488298 1 1024
7742 17733 7488308 1 1024
7743 17734 7488318 1 1024
7743 17736 7488328 1 1024
7744 17737 7488338 1 1024
7744 17738 7488348 1 1024
7744 17739 7488358 1 1024
7745 17740 7488368 1 1024
7744 17741 7488378 1 1024
7744 17742 7488388 1 1024
7743 17742 7488398 1 1024
7742 17743 7488408 1 1024
7740 17744 7488418 1 1024
7739 17745 7488428 1 1024
7737 17745 7488438 1 1024
7736 17745 7488448 1 1024
7735 17745 7488458 1 1024
7734 17745 7488468 1 1024
7733 17745 7488478 1 1024
7731 17745 7488488 1 965
7729 17745 7488498 1 861
7727 17745 7488508 1 646
7726 17745 7488518 1 536
7725 17745 7488528 1 487
7725 17745 7488538 1 425
7724 17745 7488548 1 313
7724 17744 7488558 1 202
7724 17744 7488568 1 92
7724 17743 7488578 0 0
7724 17742 7488588 0 0
7724 17742 7488598 0 0
7724 17741 7488608 0 0
7724 17740 7488618 0 0
7724 17738 7488628 0 0
7725 17737 7488638 0 0
7725 17736 7488648 0 0
7726 17735 7488658 0 0
7726 17734 7488668 0 0
7726 17734 7488678 0 0
7727 17733 7488688 0 0
7728 17730 7488698 0 0
7729 17729 7488708 0 0
7730 17728 7488718 0 0
7730 17727 7488728 0 0
7731 17726 7488738 0 0
7731 17726 7488748 0 0
7732 17725 7488758 0 0
7732 17724 7488768 0 0
7733 17723 7488778 0 0
7734 17722 7488788 0 0
7735 17721 7488798 0 0
7736 17721 7488808 0 0
7736 17720 7488818 0 0
7737 17720 7488828 0 0
7737 17719 7488838 0 0
7738 17719 7488848 0 0
7739 17718 7488858 0 0
7739 17718 7488868 0 0
7740 17718 7488878 0 0
7740 17717 7488888 0 0
7740 17717 7488898 1 68
7740 17717 7488908 1 271
7740 17717 7488918 1 492
7739 17716 7488928 1 731
7739 17716 7488938 1 989
7738 17716 7488948 1 1024
7738 17716 7488958 1 989
7738 17716 7488968 0 0
7738 17716 7488978 0 0
7737 17716 7488988 0 0
7737 17716 7488998 0 0
7737 17716 7489008 0 0
7737 17716 7489018 0 0
7737 17716 7489028 0 0
7737 17717 7489038 0 0
7737 17717 7489048 0 0
7737 17717 7489058 0 0
7737 17718 7489068 0 0
7738 17719 7489078 0 0
7738 17719 7489088 0 0
7738 17719 7489098 0 0
7739 17719 7489108 0 0
7740 17720 7489118 0 0
7741 17720 7489128 0 0
7742 17721 7489138 0 0
7743 17722 7489148 0 0
7745 17722 7489158 0 0
7746 17723 7489168 0 0
7748 17723 7489178 0 0
7750 17724 7489188 0 0
7752 17724 7489198 0 0
7755 17725 7489208 0 0
7757 17725 7489218 0 0
7758 17726 7489228 0 0
7759 17726 7489238 0 0
7761 17727 7489248 0 0
7764 17728 7489258 0 0
7765 17728 7489268 0 0
7767 17729 7489278 0 0
7767 17729 7489288 0 0
7768 17729 7489298 0 0
7768 17729 7489308 0 0
7769 17730 7489318 0 0
7769 17730 7489328 0 0
7769 17730 7489338 0 0
7769 17730 7489348 1 208
7768 17730 7489358 1 621
7768 17730 7489368 1 894
7768 17730 7489378 1 1007
7767 17730 7489388 1 1024
7766 17730 7489398 1 1024
7765 17730 7489408 1 1024
7764 17730 7489418 1 1024
7763 17730 7489428 1 1024
7763 17729 7489438 1 1024
7762 17729 7489448 1 1024
7761 17729 7489458 1 1024
7759 17728 7489468 1 1024
7758 17728 7489478 1 1024
7756 17728 7489488 1 1024
7755 17727 7489498 1 1024
7754 17727 7489508 1 1024
7753 17727 7489518 1 1024
7752 17727 7489528 1 1024
7752 17726 7489538 1 1024
7751 17726 7489548 1 1024
7751 17725 7489558 1 1024
7751 17725 7489568 1 1024
7751 17725 7489578 1 1024
7751 17725 7489588 1 1024
7751 17724 7489598 1 1024
7751 17724 7489608 1 1024
7752 17723 7489618 1 1024
7752 17723 7489628 1 1024
7753 17722 7489638 1 1024
7753 17722 7489648 1 1024
7753 17722 7489658 1 1024
7753 17722 7489668 1 1024
7753 17722 7489678 1 1024
7754 17722 7489688 1 1024
7755 17721 7489698 1 1024
7756 17721 7489708 1 1024
7756 17721 7489718 1 1024
7757 17721 7489728 1 1024
7758 17721 7489738 1 1024
7759 17721 7489748 1 1024
7760 17721 7489758 1 1024
7761 17721 7489768 1 1024
7762 17721 7489778 1 1024
7763 17721 7489788 1 1013
7763 17721 7489798 1 1024
7764 17721 7489808 1 1024
7765 17721 7489818 1 796
7765 17720 7489828 1 652
7766 17720 7489838 1 514
7767 17720 7489848 1 379
7768 17720 7489858 1 312
7768 17720 7489868 1 251
7769 17720 7489878 1 130
7769 17719 7489888 1 15
7770 17719 7489898 0 0
7770 17719 7489908 0 0
7770 17718 7489918 0 0
7770 17718 7489928 0 0
7770 17718 7489938 0 0
7771 17718 7489948 0 0
7771 17718 7489958 0 0
7771 17718 7489968 0 0
7772 17718 7489978 0 0
7772 17717 7489988 0 0
7772 17717 7489998 0 0
7773 17717 7490008 0 0
7773 17717 7490018 0 0
7773 17717 7490028 0 0
7773 17717 7490038 0 0
7773 17717 7490048 0 0
7774 17717 7490058 0 0
7774 17717 7490068 0 0
7774 17717 7490078 0 0
7775 17717 7490088 0 0
7776 17717 7490098 0 0
7777 17717 7490108 0 0
7778 17717 7490118 0 0
7779 17717 7490128 0 0
7780 17717 7490138 0 0
7780 17717 7490148 0 0
7781 17717 7490158 0 0
7782 17717 7490168 0 0
7783 17717 7490178 0 0
7784 17717 7490188 1 8
7786 17717 7490198 1 27
7786 17717 7490208 1 54
7787 17717 7490218 1 88
7788 17718 7490228 1 127
7790 17718 7490238 1 169
7791 17718 7490248 1 213
7792 17719 7490258 1 258
7793 17719 7490268 1 300
7794 17720 7490278 1 340
7794 17720 7490288 1 375
7795 17721 7490298 1 403
7796 17721 7490308 1 423
7796 17722 7490318 1 434
7797 17722 7490328 1 433
7797 17723 7490338 1 420
7797 17723 7490348 1 391
7797 17723 7490358 1 347
7796 17724 7490368 1 284
7796 17725 7490378 1 203
7796 17726 7490388 1 100
7796 17727 7490398 0 0
7795 17728 7490408 0 0
7795 17728 7490418 1 135
7795 17729 7490428 1 528
7794 17729 7490438 1 1024
7794 17730 7490448 1 1024
7793 17731 7490458 1 1024
7793 17733 7490468 1 1024
7793 17734 7490478 1 1024
7793 17735 7490488 1 1024
7792 17735 7490498 1 1024
7792 17736 7490508 1 1024
7792 17737 7490518 1 1024
7792 17738 7490528 1 1024
7792 17739 7490538 1 1024
7793 17740 7490548 1 1024
7794 17741 7490558 1 1024
7795 17742 7490568 1 1024
7796 17743 7490578 1 1024
7797 17744 7490588 1 1024
7799 17745 7490598 1 1024
7801 17746 7490608 1 1024
7802 17748 7490618 1 1024
7803 17748 7490628 1 1024
7804 17749 7490638 1 1024
7806 17750 7490648 1 1024
7809 17752 7490658 1 1024
7812 17753 7490668 1 1024
7814 17753 7490678 1 1024
7816 17754 7490688 1 1024
7817 17754 7490698 1 1024
7818 17755 7490708 1 1024
7819 17755 7490718 1 1024
7821 17755 7490728 1 1024
7822 17756 7490738 1 1024
7824 17756 7490748 1 1024
7824 17756 7490758 0 0
7824 17756 7490768 0 0
7825 17756 7490778 0 0
7825 17756 7490788 0 0
7826 17755 7490798 0 0
7826 17755 7490808 0 0
7827 17755 7490818 0 0
7827 17754 7490828 0 0
7828 17754 7490838 0 0
7828 17754 7490848 0 0
7829 17753 7490858 0 0
7829 17753 7490868 0 0
7830 17752 7490878 0 0
7830 17752 7490888 0 0
7830 17752 7490898 0 0
7830 17751 7490908 0 0
7830 17751 7490918 0 0
7830 17751 7490928 1 41
7829 17750 7490938 1 162
7829 17749 7490948 1 232
7829 17749 7490958 1 308
7828 17748 7490968 1 387
7828 17748 7490978 1 428
7828 17747 7490988 1 469
7828 17747 7490998 1 552
7828 17746 7491008 1 634
7828 17745 7491018 1 715
7827 17743 7491028 1 863
7827 17743 7491038 1 930
7827 17742 7491048 1 955
7827 17742 7491058 1 988
7826 17741 7491068 1 1024
7826 17740 7491078 1 1024
7827 17739 7491088 1 1024
7827 17738 7491098 1 1024
7828 17737 7491108 1 1024
7829 17736 7491118 1 1024
7829 17735 7491128 1 1024
7831 17734 7491138 1 1024
7831 17733 7491148 1 1024
7832 17732 7491158 1 1024
7833 17732 7491168 1 1024
7833 17731 7491178 1 1024
7833 17731 7491188 1 1024
7833 17730 7491198 1 1024
7833 17730 7491208 1 1024
7832 17729 7491218 1 1024
7832 17729 7491228 1 1024
7831 17729 7491238 1 1024
7830 17728 7491248 1 1024
7830 17728 7491258 1 1024
7829 17728 7491268 1 1024
7828 17729 7491278 1 1024
7827 17729 7491288 1 1024
7826 17729 7491298 1 994
7826 17729 7491308 1 561
7825 17729 7491318 1 412
7825 17729 7491328 1 364
7825 17730 7491338 1 304
7825 17730 7491348 1 234
7825 17730 7491358 1 197
7826 17730 7491368 1 192
7826 17731 7491378 1 213
7827 17731 7491388 1 257
7827 17731 7491398 1 321
7828 17731 7491408 1 402
7829 17732 7491418 1 496
7829 17732 7491428 1 599
7829 17732 7491438 1 707
7830 17732 7491448 1 817
7830 17733 7491458 1 926
7830 17733 7491468 1 993
7831 17733 7491478 1 1024
7831 17733 7491488 1 1024
7834 17734 7491498 1 1024
7835 17734 7491508 1 1024
7837 17734 7491518 1 1024
7838 17734 7491528 1 1024
7839 17734 7491538 1 1024
7840 17734 7491548 1 1024
7842 17734 7491558 1 1024
7843 17734 7491568 1 1024
7844 17734 7491578 1 1024
7847 17733 7491588 1 615
7848 17733 7491598 1 319
7849 17733 7491608 1 106
7849 17733 7491618 0 0
7851 17732 7491628 0 0
7852 17732 7491638 0 0
7853 17731 7491648 0 0
7854 17731 7491658 0 0
7854 17730 7491668 0 0
7855 17730 7491678 0 0
7856 17729 7491688 0 0
7856 17728 7491698 0 0
7856 17728 7491708 0 0
7857 17727 7491718 0 0
7857 17727 7491728 0 0
7857 17726 7491738 0 0
7857 17726 7491748 0 0
7857 17726 7491758 0 0
7858 17725 7491768 0 0
7858 17724 7491778 0 0
7859 17724 7491788 0 0
7859 17723 7491798 0 0
7859 17723 7491808 0 0
7859 17723 7491818 0 0
7860 17723 7491828 0 0
7860 17722 7491838 0 0
7860 17722 7491848 0 0
7860 17722 7491858 0 0
7860 17721 7491868 0 0
7860 17720 7491878 0 0
7859 17720 7491888 0 0
7859 17720 7491898 0 0
7859 17719 7491908 0 0
7858 17719 7491918 0 0
7857 17719 7491928 0 0
7856 17718 7491938 0 0
7855 17718 7491948 0 0
7854 17717 7491958 0 0
7854 17717 7491968 0 0
7853 17716 7491978 0 0
7853 17716 7491988 0 0
7853 17715 7491998 0 0
7852 17715 7492008 0 0
7852 17714 7492018 0 0
7853 17714 7492028 0 0
7853 17714 7492038 0 0
7853 17713 7492048 0 0
7853 17713 7492058 0 0
7854 17712 7492068 0 0
7854 17712 7492078 0 0
7854 17711 7492088 0 0
7854 17711 7492098 0 0
7855 17711 7492108 0 0
7855 17711 7492118 0 0
7856 17710 7492128 0 0
7857 17710 7492138 0 0
7859 17709 7492148 0 0
7861 17708 7492158 0 0
7862 17708 7492168 0 0
7864 17708 7492178 0 0
7866 17707 7492188 0 0
7868 17707 7492198 0 0
7871 17707 7492208 0 0
7873 17706 7492218 0 0
7875 17706 7492228 0 0
7876 17706 7492238 0 0
7877 17705 7492248 0 0
7879 17705 7492258 0 0
7880 17705 7492268 0 0
7881 17705 7492278 0 0
7882 17704 7492288 1 18
7882 17704 7492298 1 57
7883 17704 7492308 1 112
7883 17704 7492318 1 180
7883 17704 7492328 1 255
7884 17704 7492338 1 334
7884 17703 7492348 1 412
7885 17703 7492358 1 487
7885 17703 7492368 1 552
7886 17703 7492378 1 605
7886 17703 7492388 1 641
7886 17703 7492398 1 664
7886 17703 7492408 1 674
7886 17703 7492418 1 676
7886 17703 7492428 1 671
7885 17703 7492438 1 662
7885 17703 7492448 1 651
7885 17703 7492458 1 643
7884 17703 7492468 1 638
7883 17703 7492478 1 640
7882 17703 7492488 1 649
7881 17704 7492498 1 665
7880 17704 7492508 1 684
7879 17704 7492518 1 702
7878 17704 7492528 1 715
7878 17704 7492538 1 722
7877 17705 7492548 1 717
7876 17705 7492558 1 699
7876 17706 7492568 1 664
7876 17706 7492578 1 608
7876 17706 7492588 1 529
7876 17706 7492598 1 436
7877 17707 7492608 1 334
7878 17707 7492618 1 234
7879 17708 7492628 1 142
7880 17708 7492638 1 67
7880 17709 7492648 1 18
7881 17709 7492658 1 3
7881 17709 7492668 1 29
7881 17709 7492678 1 94
7882 17710 7492688 1 159
7883 17710 7492698 1 224
7884 17711 7492708 1 334
7885 17711 7492718 1 377
7885 17711 7492728 1 393
7886 17712 7492738 1 407
7886 17712 7492748 1 423
7886 17712 7492758 1 422
7886 17713 7492768 1 400
7886 17713 7492778 1 356
7885 17714 7492788 1 288
7885 17715 7492798 1 190
7885 17715 7492808 1 65
7885 17716 7492818 0 0
7885 17717 7492828 0 0
7885 17717 7492838 0 0
7885 17718 7492848 0 0
7885 17719 7492858 0 0
7885 17720 7492868 0 0
7885 17720 7492878 0 0
7886 17722 7492888 0 0
7886 17723 7492898 0 0
7887 17724 7492908 0 0
7888 17724 7492918 0 0
7889 17725 7492928 0 0
7891 17726 7492938 0 0
7892 17726 7492948 0 0
7893 17727 7492958 1 97
7894 17728 7492968 1 400
7895 17729 7492978 1 550
7896 17730 7492988 1 698
7897 17730 7492998 1 844
7898 17731 7493008 1 987
7900 17731 7493018 1 1024
7901 17732 7493028 1 1024
7902 17732 7493038 1 1024
7903 17732 7493048 1 1024
7904 17732 7493058 1 1024
7905 17732 7493068 1 1024
7906 17733 7493078 1 1024
7907 17733 7493088 1 1024
7908 17733 7493098 1 1024
7908 17733 7493108 1 1024
7909 17733 7493118 1 1024
7910 17733 7493128 1 1024
7910 17733 7493138 1 1024
7910 17733 7493148 1 1024
7909 17733 7493158 1 1024
7909 17732 7493168 1 1024
7908 17732 7493178 1 1024
7907 17732 7493188 1 1024
7906 17731 7493198 1 1024
7905 17730 7493208 1 1024
7904 17729 7493218 1 1024
7904 17729 7493228 1 1024
7904 17729 7493238 1 1024
7903 17728 7493248 1 1024
7903 17728 7493258 1 1024
7903 17727 7493268 1 1024
7903 17727 7493278 1 1024
7903 17726 7493288 1 1024
7903 17726 7493298 1 1024
7902 17726 7493308 1 1024
7902 17725 7493318 1 1024
7901 17725 7493328 1 1024
7900 17725 7493338 1 1024
7900 17725 7493348 1 1024
7899 17724 7493358 1 1024
7899 17724 7493368 1 1024
7899 17724 7493378 1 1024
7898 17724 7493388 1 1024
7898 17723 7493398 1 1024
7897 17723 7493408 1 1024
7897 17722 7493418 1 1024
7896 17722 7493428 1 1024
7896 17721 7493438 1 1024
7896 17721 7493448 1 1024
7896 17721 7493458 1 1024
7897 17721 7493468 1 1024
7899 17721 7493478 1 1024
7902 17721 7493488 1 1024
7905 17721 7493498 1 1024
7908 17721 7493508 1 1024
7912 17721 7493518 1 1024
7916 17721 7493528 1 1024
7919 17721 7493538 1 1024
7922 17721 7493548 1 1024
7924 17722 7493558 1 1024
7926 17722 7493568 1 1024
7928 17722 7493578 1 1024
7929 17722 7493588 1 1024
7930 17722 7493598 1 1024
7931 17723 7493608 1 1024
7931 17723 7493618 1 1024
7932 17724 7493628 1 1024
7932 17724 7493638 1 1024
7933 17724 7493648 1 1024
7934 17725 7493658 1 1024
