7665 18466 6761096 1 1024
7661 18461 6761106 1 1024
7659 18458 6761116 1 1024
7652 18449 6761126 1 1024
7652 18448 6761136 1 1024
7652 18446 6761146 1 1024
7652 18444 6761156 1 1024
7651 18441 6761166 1 1024
7650 18439 6761176 1 1024
7649 18438 6761186 1 1024
7648 18436 6761196 1 1024
7647 18434 6761206 1 1024
7647 18432 6761216 1 1024
7646 18430 6761226 1 1024
7645 18428 6761236 1 1024
7644 18425 6761246 1 1024
7644 18422 6761256 1 1024
7643 18420 6761266 1 1024
7643 18418 6761276 1 1024
7643 18416 6761286 1 1024
7643 18414 6761296 1 1024
7642 18412 6761306 1 1024
7642 18410 6761316 1 1024
7640 18407 6761326 1 1024
7639 18406 6761336 1 1024
7638 18404 6761346 1 1024
7637 18403 6761356 1 1024
7636 18402 6761366 1 1024
7636 18402 6761376 1 1024
7634 18401 6761386 1 916
7632 18401 6761396 1 798
7632 18402 6761406 1 741
7631 18403 6761416 1 686
7630 18405 6761426 1 632
7630 18407 6761436 1 578
7629 18409 6761446 1 527
7629 18412 6761456 1 478
7628 18414 6761466 1 428
7628 18418 6761476 1 335
7629 18421 6761486 1 292
7629 18425 6761496 1 249
7629 18428 6761506 1 208
7629 18431 6761516 1 168
7629 18433 6761526 1 129
7629 18436 6761536 1 92
7629 18439 6761546 1 56
7628 18444 6761556 0 0
7627 18446 6761566 0 0
7627 18449 6761576 0 0
7626 18450 6761586 0 0
7624 18452 6761596 0 0
7623 18454 6761606 0 0
7622 18456 6761616 0 0
7621 18457 6761626 0 0
7619 18461 6761636 0 0
7618 18462 6761646 0 0
7617 18463 6761656 0 0
7616 18464 6761666 0 0
7613 18465 6761676 0 0
7612 18466 6761686 0 0
7610 18467 6761696 0 0
7608 18469 6761706 0 0
7606 18471 6761716 0 0
7605 18472 6761726 0 0
7604 18473 6761736 0 0
7603 18475 6761746 0 0
7603 18476 6761756 0 0
7603 18478 6761766 0 0
7603 18479 6761776 0 0
7603 18479 6761786 0 0
7604 18479 6761796 0 0
7605 18480 6761806 0 0
7606 18480 6761816 0 0
7607 18480 6761826 0 0
7607 18479 6761836 0 0
7608 18478 6761846 0 0
7608 18477 6761856 0 0
7608 18474 6761866 0 0
7608 18471 6761876 0 0
7607 18469 6761886 0 0
7606 18466 6761896 0 0
7604 18463 6761906 0 0
7603 18459 6761916 0 0
7600 18455 6761926 0 0
7598 18450 6761936 0 0
7594 18443 6761946 0 0
7592 18438 6761956 0 0
7586 18429 6761966 0 0
7583 18425 6761976 0 0
7581 18421 6761986 0 0
7578 18418 6761996 0 0
7576 18414 6762006 0 0
7572 18408 6762016 0 0
7569 18405 6762026 0 0
7567 18401 6762036 0 0
7566 18398 6762046 1 18
7564 18395 6762056 1 48
7563 18392 6762066 1 79
7561 18389 6762076 1 111
7560 18386 6762086 1 143
7558 18381 6762096 1 211
7557 18378 6762106 1 247
7556 18376 6762116 1 283
7556 18374 6762126 1 320
7556 18372 6762136 1 357
7556 18370 6762146 1 395
7557 18369 6762156 1 434
7558 18367 6762166 1 475
7560 18365 6762176 1 557
7561 18365 6762186 1 599
7563 18364 6762196 1 643
7566 18364 6762206 1 686
7568 18363 6762216 1 731
7572 18363 6762226 1 777
7575 18363 6762236 1 823
7579 18363 6762246 1 870
7591 18364 6762256 1 1015
7595 18364 6762266 1 1024
7601 18365 6762276 1 1024
7606 18365 6762286 1 1024
7611 18365 6762296 1 1024
7616 18365 6762306 1 1024
7621 18366 6762316 1 1024
7631 18366 6762326 1 1024
7636 18367 6762336 1 1024
7640 18367 6762346 1 1024
7644 18367 6762356 1 1024
7648 18367 6762366 1 1024
7652 18368 6762376 1 1024
7655 18368 6762386 1 1024
7658 18369 6762396 1 1024
7664 18370 6762406 1 1024
7667 18371 6762416 1 1024
7669 18372 6762426 1 1024
7671 18373 6762436 1 1024
7672 18375 6762446 1 1024
7674 18376 6762456 1 1024
7674 18377 6762466 1 1024
7674 18378 6762476 1 1024
7673 18380 6762486 1 1024
7671 18381 6762496 1 1024
7669 18382 6762506 1 1024
7667 18383 6762516 1 1024
7665 18384 6762526 1 1024
7662 18385 6762536 1 1024
7657 18386 6762546 1 1024
7652 18386 6762556 1 1024
7650 18387 6762566 1 1024
7647 18387 6762576 1 1024
7645 18387 6762586 1 1024
7643 18386 6762596 1 1024
7640 18386 6762606 1 1024
7638 18386 6762616 1 1024
7635 18385 6762626 1 1024
7631 18385 6762636 1 1024
7630 18385 6762646 1 1024
7628 18385 6762656 1 1024
7626 18385 6762666 1 1024
7625 18384 6762676 1 1024
7624 18384 6762686 1 1024
7623 18384 6762696 1 1024
7622 18384 6762706 1 1024
7621 18384 6762716 1 1024
7621 18384 6762726 1 1024
7622 18384 6762736 1 1024
7622 18384 6762746 1 1024
7623 18384 6762756 1 1024
7625 18384 6762766 1 1024
7627 18385 6762776 1 1024
7629 18385 6762786 1 1024
7633 18387 6762796 1 1024
7635 18388 6762806 1 1024
7638 18389 6762816 1 1024
7640 18390 6762826 1 1024
7644 18394 6762836 1 1024
7646 18395 6762846 1 1024
7647 18397 6762856 1 1024
7650 18401 6762866 1 1024
7651 18403 6762876 1 1024
7652 18404 6762886 1 1024
7653 18406 6762896 1 1024
7654 18408 6762906 1 1024
7655 18409 6762916 1 1024
7655 18411 6762926 1 1024
7656 18412 6762936 1 1024
7656 18415 6762946 1 1024
7656 18415 6762956 1 1024
7656 18416 6762966 1 1024
7655 18417 6762976 1 1024
7655 18417 6762986 1 1024
7654 18418 6762996 1 1024
7654 18418 6763006 1 1024
7653 18418 6763016 1 1024
7652 18419 6763026 1 1024
7651 18419 6763036 1 1024
7651 18420 6763046 1 1024
7650 18420 6763056 1 1024
7649 18420 6763066 1 1024
7648 18420 6763076 1 1024
7647 18420 6763086 1 1019
7646 18420 6763096 1 902
7644 18420 6763106 1 662
7643 18420 6763116 1 538
7641 18419 6763126 1 291
7640 18419 6763136 1 166
7639 18418 6763146 1 44
7639 18417 6763156 0 0
7638 18416 6763166 0 0
7638 18415 6763176 0 0
7637 18413 6763186 0 0
7637 18412 6763196 0 0
7637 18411 6763206 0 0
7637 18409 6763216 0 0
7637 18408 6763226 0 0
7638 18406 6763236 0 0
7638 18404 6763246 0 0
7639 18401 6763256 0 0
7639 18399 6763266 0 0
7640 18397 6763276 0 0
7641 18395 6763286 0 0
7642 18393 6763296 0 0
7643 18392 6763306 0 0
7644 18390 6763316 0 0
7646 18388 6763326 0 0
7647 18386 6763336 0 0
7649 18385 6763346 0 0
7650 18385 6763356 0 0
7650 18385 6763366 0 0
7651 18385 6763376 0 0
7652 18385 6763386 0 0
7653 18386 6763396 0 0
7654 18386 6763406 0 0
7656 18387 6763416 1 29
7658 18387 6763426 1 251
7659 18388 6763436 1 490
7660 18388 6763446 1 749
7661 18388 6763456 1 1024
7663 18388 6763466 1 1024
7664 18388 6763476 0 0
7665 18388 6763486 0 0
7666 18388 6763496 0 0
7666 18388 6763506 0 0
7666 18388 6763516 0 0
7667 18388 6763526 0 0
7667 18388 6763536 0 0
7668 18388 6763546 0 0
7668 18389 6763556 0 0
7670 18390 6763566 0 0
7670 18390 6763576 0 0
7671 18391 6763586 0 0
7672 18392 6763596 0 0
7672 18393 6763606 0 0
7672 18394 6763616 0 0
7673 18396 6763626 0 0
7673 18397 6763636 0 0
7674 18399 6763646 0 0
7675 18400 6763656 0 0
7676 18402 6763666 0 0
7676 18403 6763676 0 0
7677 18404 6763686 0 0
7678 18405 6763696 0 0
7680 18407 6763706 0 0
7681 18408 6763716 0 0
7682 18409 6763726 0 0
7683 18409 6763736 0 0
7683 18410 6763746 0 0
7684 18411 6763756 0 0
7685 18412 6763766 0 0
7686 18413 6763776 0 0
7686 18413 6763786 0 0
7686 18413 6763796 1 193
7687 18414 6763806 1 626
7687 18414 6763816 1 1024
7687 18414 6763826 1 1024
7687 18413 6763836 1 1024
7686 18413 6763846 1 1024
7686 18413 6763856 1 1024
7686 18413 6763866 1 1024
7685 18412 6763876 1 1024
7685 18412 6763886 1 1024
7684 18411 6763896 1 1024
7684 18411 6763906 1 1024
7683 18410 6763916 1 1024
7682 18410 6763926 1 1024
7681 18409 6763936 1 1024
7680 18408 6763946 1 1024
7680 18407 6763956 1 1024
7678 18407 6763966 1 1024
7677 18406 6763976 1 1024
7676 18405 6763986 1 1024
7675 18403 6763996 1 1024
7675 18402 6764006 1 1024
7675 18401 6764016 1 1024
7675 18400 6764026 1 1024
7675 18399 6764036 1 1024
7676 18399 6764046 1 1024
7676 18399 6764056 1 1024
7676 18399 6764066 1 1024
7677 18399 6764076 1 1024
7677 18399 6764086 1 1024
7677 18399 6764096 1 1024
7678 18399 6764106 1 1024
7678 18399 6764116 1 1024
7679 18399 6764126 1 1024
7680 18398 6764136 1 1024
7681 18397 6764146 1 1024
7682 18397 6764156 1 1024
7683 18396 6764166 1 1024
7684 18395 6764176 1 1024
7685 18394 6764186 1 799
7686 18393 6764196 1 653
7687 18392 6764206 1 514
7688 18391 6764216 1 378
7688 18390 6764226 1 249
7689 18388 6764236 1 127
7689 18387 6764246 1 12
7689 18386 6764256 0 0
7688 18385 6764266 0 0
7688 18384 6764276 0 0
7688 18382 6764286 0 0
7688 18382 6764296 0 0
7688 18381 6764306 0 0
7688 18382 6764316 0 0
7688 18382 6764326 0 0
7688 18383 6764336 0 0
7689 18383 6764346 0 0
7689 18384 6764356 0 0
7689 18385 6764366 0 0
7690 18386 6764376 0 0
7691 18387 6764386 0 0
7692 18388 6764396 0 0
7692 18389 6764406 0 0
7694 18390 6764416 1 356
7695 18391 6764426 1 568
7696 18392 6764436 1 804
7696 18392 6764446 1 1024
7697 18393 6764456 1 1024
7698 18393 6764466 0 0
7698 18394 6764476 0 0
7699 18394 6764486 0 0
7699 18395 6764496 0 0
7699 18396 6764506 0 0
7699 18396 6764516 0 0
7699 18397 6764526 0 0
7698 18397 6764536 0 0
7697 18398 6764546 0 0
7696 18398 6764556 0 0
7696 18399 6764566 0 0
7694 18400 6764576 0 0
7693 18400 6764586 0 0
7693 18400 6764596 0 0
7692 18400 6764606 0 0
7692 18400 6764616 0 0
7692 18400 6764626 0 0
7691 18400 6764636 0 0
7691 18401 6764646 0 0
7691 18400 6764656 0 0
7691 18400 6764666 0 0
7692 18400 6764676 0 0
7692 18401 6764686 1 528
7693 18401 6764696 1 1024
7694 18402 6764706 1 1024
7695 18403 6764716 1 1024
7696 18406 6764726 1 1024
7698 18407 6764736 1 1024
7699 18409 6764746 1 1024
7700 18411 6764756 1 1024
7702 18412 6764766 1 1024
7703 18414 6764776 1 1024
7704 18415 6764786 1 1024
7705 18416 6764796 1 1024
7706 18418 6764806 1 1024
7707 18419 6764816 1 1024
7707 18420 6764826 1 1024
7707 18421 6764836 1 1024
7707 18421 6764846 1 1024
7706 18422 6764856 1 1024
7706 18423 6764866 1 1024
7707 18424 6764876 1 1024
7707 18424 6764886 1 1024
7707 18424 6764896 1 1024
7707 18424 6764906 1 1024
7707 18424 6764916 1 1024
7708 18424 6764926 1 1024
7709 18424 6764936 1 1024
7710 18424 6764946 1 1024
7711 18424 6764956 1 1024
7712 18423 6764966 0 0
7714 18423 6764976 0 0
7715 18422 6764986 0 0
7716 18422 6764996 0 0
7717 18421 6765006 0 0
7719 18421 6765016 0 0
7720 18421 6765026 0 0
7722 18421 6765036 0 0
7723 18421 6765046 0 0
7724 18422 6765056 0 0
7725 18423 6765066 0 0
7726 18423 6765076 0 0
7727 18424 6765086 0 0
7727 18425 6765096 0 0
7727 18426 6765106 1 3
7728 18426 6765116 1 133
7728 18427 6765126 1 209
7728 18428 6765136 1 290
7727 18428 6765146 1 377
7727 18429 6765156 1 555
7727 18429 6765166 1 645
7726 18429 6765176 1 733
7726 18428 6765186 1 895
7726 18427 6765196 1 968
7726 18427 6765206 1 1024
7726 18426 6765216 1 1024
7726 18425 6765226 1 1024
7727 18424 6765236 1 1024
7727 18423 6765246 1 1024
7728 18422 6765256 1 1024
7729 18421 6765266 1 1024
7730 18419 6765276 1 1024
7730 18418 6765286 1 1024
7731 18417 6765296 1 1024
7732 18415 6765306 1 1024
7732 18414 6765316 1 1024
7733 18413 6765326 1 1024
7734 18412 6765336 1 1024
7735 18410 6765346 1 1024
7736 18409 6765356 1 1024
7737 18408 6765366 1 1024
7738 18407 6765376 1 1024
7738 18407 6765386 1 1024
7739 18406 6765396 1 1024
7740 18405 6765406 1 1024
7740 18404 6765416 1 1024
7741 18403 6765426 1 566
7741 18402 6765436 1 401
7741 18400 6765446 1 202
7741 18399 6765456 1 161
7741 18398 6765466 1 154
7741 18398 6765476 1 177
7741 18397 6765486 1 226
7741 18397 6765496 1 389
7740 18397 6765506 1 494
7740 18397 6765516 1 609
7739 18397 6765526 1 731
7739 18398 6765536 1 855
7738 18398 6765546 1 977
7738 18399 6765556 1 1024
7738 18400 6765566 1 1024
7739 18401 6765576 1 1024
7740 18402 6765586 1 1024
7740 18403 6765596 1 1024
7741 18404 6765606 1 1024
7742 18405 6765616 1 1024
7743 18407 6765626 1 1024
7744 18408 6765636 1 1024
7745 18410 6765646 1 1024
7748 18411 6765656 1 629
7749 18413 6765666 1 293
7750 18413 6765676 0 0
7751 18414 6765686 0 0
7752 18414 6765696 0 0
7753 18414 6765706 0 0
7754 18414 6765716 0 0
7754 18414 6765726 0 0
7756 18413 6765736 0 0
7756 18413 6765746 0 0
7756 18413 6765756 0 0
7756 18412 6765766 0 0
7756 18412 6765776 0 0
7756 18411 6765786 0 0
7756 18411 6765796 0 0
7756 18410 6765806 0 0
7756 18409 6765816 0 0
7757 18408 6765826 0 0
7757 18408 6765836 0 0
7758 18407 6765846 0 0
7759 18406 6765856 0 0
7760 18405 6765866 0 0
7760 18404 6765876 0 0
7759 18402 6765886 0 0
7759 18400 6765896 0 0
7759 18399 6765906 0 0
7759 18398 6765916 0 0
7759 18396 6765926 0 0
7759 18395 6765936 0 0
7759 18394 6765946 0 0
7759 18394 6765956 0 0
7760 18392 6765966 0 0
7760 18392 6765976 0 0
7761 18391 6765986 0 0
7762 18390 6765996 0 0
7763 18389 6766006 0 0
7764 18388 6766016 0 0
7767 18387 6766026 0 0
7769 18385 6766036 0 0
7770 18385 6766046 0 0
7771 18384 6766056 0 0
7772 18384 6766066 0 0
7772 18383 6766076 0 0
7773 18383 6766086 0 0
7773 18383 6766096 0 0
7774 18383 6766106 0 0
7775 18383 6766116 0 0
7776 18383 6766126 0 0
7777 18384 6766136 0 0
7778 18384 6766146 0 0
7779 18384 6766156 0 0
7780 18384 6766166 0 0
7781 18384 6766176 0 0
7781 18384 6766186 0 0
7783 18384 6766196 0 0
7783 18383 6766206 0 0
7784 18382 6766216 0 0
7784 18381 6766226 0 0
7784 18381 6766236 0 0
7784 18380 6766246 0 0
7784 18379 6766256 0 0
7783 18378 6766266 0 0
7782 18378 6766276 0 0
7781 18377 6766286 0 0
7779 18377 6766296 0 0
7778 18377 6766306 0 0
7776 18376 6766316 0 0
7775 18376 6766326 0 0
7774 18377 6766336 0 0
7773 18377 6766346 0 0
7772 18377 6766356 0 0
7772 18378 6766366 0 0
7772 18378 6766376 0 0
7772 18379 6766386 0 0
7772 18380 6766396 0 0
7772 18380 6766406 0 0
7772 18381 6766416 0 0
7772 18382 6766426 0 0
7772 18382 6766436 0 0
7772 18383 6766446 0 0
7772 18384 6766456 0 0
7772 18385 6766466 0 0
7771 18386 6766476 0 0
7771 18387 6766486 0 0
7770 18389 6766496 0 0
7770 18390 6766506 0 0
7770 18392 6766516 0 0
7769 18393 6766526 0 0
7769 18394 6766536 0 0
7769 18395 6766546 0 0
7769 18396 6766556 1 4
7769 18397 6766566 1 83
7769 18398 6766576 1 161
7770 18399 6766586 1 296
7771 18399 6766596 1 347
7772 18400 6766606 1 403
7773 18400 6766616 1 402
7775 18401 6766626 1 375
7776 18401 6766636 1 321
7778 18401 6766646 1 238
7781 18402 6766656 0 0
7783 18403 6766666 0 0
7785 18403 6766676 0 0
7787 18403 6766686 0 0
7789 18403 6766696 0 0
7790 18403 6766706 0 0
7792 18403 6766716 0 0
7793 18404 6766726 0 0
7795 18404 6766736 0 0
7795 18405 6766746 0 0
7796 18405 6766756 0 0
7796 18405 6766766 0 0
7796 18405 6766776 0 0
7796 18405 6766786 0 0
7795 18405 6766796 0 0
7795 18405 6766806 0 0
7794 18406 6766816 1 373
7794 18405 6766826 1 559
7793 18406 6766836 1 743
7793 18406 6766846 1 924
7792 18406 6766856 1 1024
7792 18406 6766866 1 1024
7791 18406 6766876 1 1024
7791 18406 6766886 1 1024
7790 18407 6766896 1 1024
7789 18407 6766906 1 1024
7789 18407 6766916 1 1024
7788 18408 6766926 1 1024
7787 18409 6766936 1 1024
7786 18409 6766946 1 1024
7786 18410 6766956 1 1024
7785 18410 6766966 1 1024
7785 18410 6766976 1 1024
7785 18410 6766986 1 1024
7785 18410 6766996 1 1024
7785 18409 6767006 1 1024
7785 18409 6767016 1 1024
7785 18408 6767026 1 1024
7786 18407 6767036 1 1024
7787 18405 6767046 1 1024
7788 18404 6767056 1 1024
7788 18403 6767066 1 1024
7789 18402 6767076 1 1024
7790 18401 6767086 1 1024
7791 18400 6767096 1 1024
7792 18399 6767106 1 1024
7793 18398 6767116 1 1024
7794 18397 6767126 1 1024
7794 18396 6767136 1 1024
7794 18396 6767146 1 1024
7795 18395 6767156 1 1024
7795 18395 6767166 1 1024
7795 18394 6767176 1 1024
7795 18394 6767186 1 1024
7796 18393 6767196 1 1024
7796 18393 6767206 1 1024
7797 18393 6767216 1 1024
7798 18392 6767226 1 1024
7798 18392 6767236 1 1024
7799 18392 6767246 1 1024
7799 18392 6767256 1 1024
7800 18392 6767266 1 1024
7800 18393 6767276 1 1024
7801 18393 6767286 1 1024
7801 18394 6767296 1 1024
7801 18395 6767306 1 1024
7801 18396 6767316 1 1024
7802 18397 6767326 1 1024
7802 18399 6767336 1 1024
7802 18400 6767346 1 1024
7803 18402 6767356 1 1024
7803 18403 6767366 1 1024
7803 18404 6767376 1 1024
7804 18405 6767386 1 1024
7804 18406 6767396 1 1024
7805 18407 6767406 1 1024
7806 18408 6767416 1 1024
7806 18409 6767426 1 1024
7807 18410 6767436 1 1024
7807 18411 6767446 1 1024
7807 18412 6767456 1 1024
7807 18413 6767466 1 1024
7806 18414 6767476 1 1024
