7673 18427 8006168 1 633
7674 18428 8006178 1 637
7675 18428 8006188 1 638
7677 18429 8006198 1 639
7679 18430 8006208 1 640
7682 18431 8006218 1 641
7686 18433 8006228 1 642
7690 18435 8006238 1 643
7694 18438 8006248 1 644
7699 18441 8006258 1 644
7704 18445 8006268 1 645
7709 18450 8006278 1 646
7712 18452 8006288 1 647
7715 18453 8006298 1 647
7721 18456 8006308 1 648
7727 18457 8006318 1 649
7732 18457 8006328 1 650
7736 18455 8006338 1 651
7738 18453 8006348 1 652
7740 18451 8006358 1 652
7740 18450 8006368 1 653
7741 18449 8006378 1 654
7741 18448 8006388 1 655
7742 18448 8006398 1 656
7742 18448 8006408 1 656
7742 18448 8006418 1 657
7743 18450 8006428 1 658
7744 18452 8006438 1 659
7745 18454 8006448 1 660
7746 18456 8006458 1 661
7745 18458 8006468 1 662
7742 18461 8006478 1 663
7738 18464 8006488 1 664
7731 18468 8006498 1 665
7722 18473 8006508 1 666
7711 18480 8006518 1 668
7705 18483 8006528 1 668
7699 18487 8006538 1 669
7686 18497 8006548 1 669
7674 18507 8006558 1 670
7664 18518 8006568 1 671
7657 18527 8006578 1 672
7652 18535 8006588 1 672
7649 18540 8006598 1 673
7649 18543 8006608 1 674
7650 18541 8006618 1 676
7653 18537 8006628 1 677
7657 18531 8006638 1 677
7659 18527 8006648 1 677
7661 18522 8006658 1 678
7666 18512 8006668 1 679
7671 18502 8006678 1 680
7676 18492 8006688 1 681
7681 18482 8006698 1 681
7685 18473 8006708 1 682
7689 18466 8006718 1 683
7694 18461 8006728 1 684
7698 18458 8006738 1 685
7701 18456 8006748 1 686
7704 18456 8006758 1 687
7705 18456 8006768 1 688
7706 18456 8006778 1 688
7707 18457 8006788 1 690
7707 18457 8006798 1 691
7707 18457 8006808 1 693
7706 18457 8006818 1 694
7705 18456 8006828 1 695
7705 18456 8006838 1 693
7705 18457 8006848 1 691
7705 18458 8006858 1 689
7706 18460 8006868 1 687
7709 18462 8006878 1 688
7710 18464 8006888 1 689
7712 18466 8006898 1 694
7715 18470 8006908 1 704
7718 18474 8006918 1 710
7720 18479 8006928 1 718
7722 18484 8006938 1 737
7725 18488 8006948 1 759
7727 18492 8006958 1 781
7730 18496 8006968 1 803
7733 18498 8006978 1 824
7737 18500 8006988 1 842
7741 18502 8006998 1 856
7744 18502 8007008 1 863
7746 18503 8007018 1 865
7752 18503 8007028 1 867
7758 18503 8007038 1 860
7764 18503 8007048 1 844
7770 18503 8007058 1 816
7775 18502 8007068 1 776
7778 18501 8007078 1 721
7780 18499 8007088 1 652
7780 18498 8007098 1 614
7779 18497 8007108 1 570
7775 18495 8007118 1 480
7773 18494 8007128 1 432
7771 18494 8007138 1 385
7765 18492 8007148 1 287
7759 18491 8007158 1 192
7753 18490 8007168 1 103
7748 18489 8007178 1 83
7743 18489 8007188 1 81
7740 18489 8007198 1 79
7738 18489 8007208 1 77
7736 18490 8007218 1 74
7735 18490 8007228 1 72
7735 18491 8007238 1 70
7734 18490 8007248 1 56
7734 18490 8007258 1 68
7732 18489 8007268 1 154
7730 18487 8007278 1 303
7728 18483 8007288 1 383
7725 18480 8007298 1 461
7722 18476 8007308 1 614
7719 18472 8007318 1 746
7717 18468 8007328 1 844
7715 18466 8007338 1 909
7715 18464 8007348 1 946
7715 18464 8007358 1 960
7715 18464 8007368 1 962
7716 18464 8007378 1 954
7719 18465 8007388 1 933
7723 18466 8007398 1 901
7729 18468 8007408 1 864
7736 18470 8007418 1 824
7744 18470 8007428 1 787
7751 18470 8007438 1 759
7758 18470 8007448 1 741
7763 18469 8007458 1 733
7766 18467 8007468 1 731
7768 18467 8007478 1 733
7768 18466 8007488 1 735
7767 18466 8007498 1 738
7765 18467 8007508 1 748
7761 18468 8007518 1 758
7755 18469 8007528 1 767
7749 18472 8007538 1 775
7743 18475 8007548 1 779
7737 18479 8007558 1 781
7732 18483 8007568 1 781
7728 18486 8007578 1 779
7724 18488 8007588 1 769
7722 18489 8007598 1 763
7721 18489 8007608 1 760
7721 18488 8007618 1 757
7722 18486 8007628 1 752
7723 18484 8007638 1 748
7726 18482 8007648 1 745
7730 18480 8007658 1 744
7734 18478 8007668 1 745
7739 18478 8007678 1 748
7743 18477 8007688 1 756
7748 18478 8007698 1 767
7753 18478 8007708 1 782
7757 18480 8007718 1 802
7759 18480 8007728 1 813
7761 18481 8007738 1 823
7766 18483 8007748 1 840
7770 18485 8007758 1 850
7774 18487 8007768 1 847
7777 18488 8007778 1 827
7781 18489 8007788 1 787
7783 18488 8007798 1 723
7784 18487 8007808 1 640
7784 18485 8007818 1 543
7782 18482 8007828 1 439
7779 18479 8007838 1 387
7778 18477 8007848 1 375
7775 18475 8007858 1 336
7770 18470 8007868 1 237
7764 18466 8007878 1 149
7758 18462 8007888 1 63
7753 18458 8007898 1 65
7748 18454 8007908 1 68
7744 18452 8007918 1 70
7741 18450 8007928 1 72
7739 18448 8007938 1 74
7739 18448 8007948 1 77
7740 18448 8007958 1 79
7741 18448 8007968 1 80
7742 18449 8007978 1 81
7745 18450 8007988 1 83
7748 18453 8007998 1 86
7751 18457 8008008 1 88
7754 18462 8008018 1 90
7756 18467 8008028 1 94
7759 18473 8008038 1 95
7760 18478 8008048 1 100
7762 18484 8008058 1 134
7763 18488 8008068 1 171
7763 18492 8008078 1 213
7764 18494 8008088 1 235
7764 18495 8008098 1 256
7763 18496 8008108 1 299
7762 18495 8008118 1 339
7760 18494 8008128 1 378
7756 18492 8008138 1 410
7747 18491 8008148 1 438
7734 18491 8008158 1 457
7715 18490 8008168 1 467
7693 18488 8008178 1 466
7670 18485 8008188 1 454
7648 18480 8008198 1 428
7637 18477 8008208 1 443
7628 18473 8008218 1 465
7611 18465 8008228 1 388
7600 18456 8008238 1 136
7593 18446 8008248 1 138
7593 18438 8008258 1 140
7599 18430 8008268 1 142
7611 18424 8008278 1 145
7626 18419 8008288 1 147
7645 18418 8008298 1 149
7667 18419 8008308 1 152
7690 18423 8008318 1 154
7702 18426 8008328 1 155
7714 18429 8008338 1 156
7738 18438 8008348 1 158
7762 18447 8008358 1 161
7784 18456 8008368 1 163
7802 18467 8008378 1 178
7817 18477 8008388 1 221
7828 18488 8008398 1 245
7835 18497 8008408 1 270
7837 18507 8008418 1 321
7834 18516 8008428 1 375
7827 18523 8008438 1 431
7823 18526 8008448 1 460
7816 18529 8008458 1 488
7801 18534 8008468 1 544
7783 18536 8008478 1 599
7763 18536 8008488 1 651
7742 18533 8008498 1 700
7721 18529 8008508 1 744
7700 18523 8008518 1 783
7680 18514 8008528 1 815
7662 18504 8008538 1 839
7647 18494 8008548 1 855
7636 18483 8008558 1 862
7630 18477 8008568 1 862
7628 18472 8008578 1 858
7623 18461 8008588 1 852
7624 18452 8008598 1 844
7629 18444 8008608 1 832
7639 18438 8008618 1 821
7654 18436 8008628 1 811
7674 18436 8008638 1 803
7696 18439 8008648 1 797
7722 18444 8008658 1 792
7747 18452 8008668 1 789
7773 18462 8008678 1 787
7785 18467 8008688 1 786
7796 18473 8008698 1 787
7816 18486 8008708 1 787
7833 18498 8008718 1 789
7846 18510 8008728 1 791
7854 18523 8008738 1 794
7857 18537 8008748 1 798
7858 18586 8008758 1 801
7817 18661 8008768 1 806
7755 18689 8008778 1 810
7717 18688 8008788 1 815
7700 18686 8008798 1 819
7692 18685 8008808 1 823
7687 18686 8008818 1 827
7684 18688 8008828 1 830
7682 18689 8008838 1 833
7681 18691 8008848 1 835
7681 18693 8008858 1 836
7682 18696 8008868 1 837
7683 18698 8008878 1 835
7684 18700 8008888 1 833
7685 18703 8008898 1 831
7686 18705 8008908 1 827
7687 18707 8008918 1 822
7686 18709 8008928 1 815
7686 18711 8008938 1 806
7685 18712 8008948 1 796
7683 18712 8008958 1 784
