8169 18159 3472520 1 647
8171 18159 3472530 1 648
8173 18161 3472540 1 649
8177 18162 3472550 1 650
8181 18164 3472560 1 651
8186 18167 3472570 1 652
8190 18170 3472580 1 653
8195 18174 3472590 1 654
8200 18178 3472600 1 655
8210 18187 3472610 1 657
8215 18189 3472620 1 658
8220 18189 3472630 1 659
8223 18188 3472640 1 660
8225 18185 3472650 1 661
8225 18183 3472660 1 662
8225 18180 3472670 1 662
8224 18179 3472680 1 663
8224 18178 3472690 1 664
8226 18179 3472700 1 665
8229 18181 3472710 1 666
8232 18184 3472720 1 667
8236 18188 3472730 1 669
8241 18193 3472740 1 670
8244 18197 3472750 1 671
8245 18201 3472760 1 672
8243 18205 3472770 1 673
8236 18210 3472780 1 674
8211 18223 3472790 1 676
8192 18230 3472800 1 678
8172 18240 3472810 1 679
8150 18251 3472820 1 679
8130 18263 3472830 1 680
8113 18275 3472840 1 681
8100 18286 3472850 1 682
8092 18295 3472860 1 682
8089 18300 3472870 1 683
8095 18299 3472880 1 685
8103 18293 3472890 1 686
8114 18285 3472900 1 687
8126 18274 3472910 1 688
8139 18263 3472920 1 689
8153 18251 3472930 1 689
8165 18241 3472940 1 690
8176 18231 3472950 1 690
8186 18223 3472960 1 692
8197 18213 3472970 1 693
8199 18211 3472980 1 694
8199 18210 3472990 1 695
8198 18210 3473000 1 696
8196 18211 3473010 1 697
8194 18211 3473020 1 699
8193 18210 3473030 1 700
8194 18209 3473040 1 702
8197 18207 3473050 1 703
8209 18202 3473060 1 702
8217 18200 3473070 1 700
8226 18199 3473080 1 697
8236 18199 3473090 1 694
8244 18200 3473100 1 696
8251 18203 3473110 1 702
8255 18206 3473120 1 712
8255 18210 3473130 1 718
8252 18215 3473140 1 728
8237 18226 3473150 1 771
8227 18230 3473160 1 794
8218 18234 3473170 1 818
8210 18237 3473180 1 840
8204 18240 3473190 1 859
8202 18242 3473200 1 874
8203 18244 3473210 1 883
8207 18244 3473220 1 884
8215 18245 3473230 1 876
8234 18243 3473240 1 829
8244 18242 3473250 1 786
8253 18240 3473260 1 728
8260 18238 3473270 1 655
8264 18235 3473280 1 615
8265 18233 3473290 1 568
8263 18231 3473300 1 473
8258 18229 3473310 1 373
8250 18227 3473320 1 272
8231 18225 3473330 1 80
8221 18224 3473340 1 60
8211 18225 3473350 1 58
8202 18226 3473360 1 57
8195 18227 3473370 1 55
8189 18229 3473380 1 53
8185 18230 3473390 1 52
8183 18231 3473400 1 50
8183 18230 3473410 1 48
8189 18226 3473420 1 293
8194 18222 3473430 1 376
8202 18218 3473440 1 457
8210 18212 3473450 1 614
8220 18207 3473460 1 749
8231 18203 3473470 1 850
8241 18199 3473480 1 917
8249 18197 3473490 1 954
8257 18196 3473500 1 968
8266 18196 3473510 1 939
8268 18198 3473520 1 907
8269 18200 3473530 1 869
8269 18202 3473540 1 828
8269 18203 3473550 1 790
8267 18204 3473560 1 761
8265 18203 3473570 1 743
8262 18203 3473580 1 735
8258 18202 3473590 1 732
8250 18201 3473600 1 740
8245 18202 3473610 1 749
8240 18203 3473620 1 759
8235 18205 3473630 1 768
8230 18207 3473640 1 776
8226 18211 3473650 1 779
8223 18215 3473660 1 782
8221 18219 3473670 1 781
8220 18223 3473680 1 779
8223 18227 3473690 1 764
8227 18226 3473700 1 757
8232 18225 3473710 1 753
8238 18222 3473720 1 749
8245 18220 3473730 1 746
8251 18218 3473740 1 745
8257 18216 3473750 1 746
8262 18215 3473760 1 750
8266 18214 3473770 1 757
8272 18214 3473780 1 784
8273 18215 3473790 1 805
8274 18217 3473800 1 827
8275 18219 3473810 1 844
8276 18221 3473820 1 854
8277 18223 3473830 1 852
8278 18225 3473840 1 832
8278 18226 3473850 1 791
8278 18226 3473860 1 726
8274 18224 3473870 1 541
8270 18221 3473880 1 435
8266 18217 3473890 1 381
8262 18213 3473900 1 328
8258 18208 3473910 1 226
8255 18203 3473920 1 134
8253 18198 3473930 1 45
8252 18193 3473940 1 47
8254 18189 3473950 1 48
8262 18184 3473960 1 52
8269 18184 3473970 1 53
8276 18184 3473980 1 55
8283 18185 3473990 1 57
8290 18186 3474000 1 58
8297 18189 3474010 1 60
8302 18193 3474020 1 62
8306 18197 3474030 1 63
8309 18203 3474040 1 65
8310 18214 3474050 1 68
8309 18220 3474060 1 72
8307 18226 3474070 1 107
8304 18231 3474080 1 147
8300 18234 3474090 1 190
8297 18237 3474100 1 235
8293 18238 3474110 1 280
8289 18237 3474120 1 322
8284 18236 3474130 1 363
8271 18234 3474140 1 427
8257 18234 3474150 1 447
8240 18234 3474160 1 458
8220 18232 3474170 1 456
8200 18229 3474180 1 442
8181 18223 3474190 1 414
8164 18215 3474200 1 454
8151 18205 3474210 1 371
8141 18193 3474220 1 97
8138 18170 3474230 1 101
8143 18160 3474240 1 102
8153 18151 3474250 1 104
8166 18144 3474260 1 106
8181 18141 3474270 1 107
8199 18142 3474280 1 109
8219 18146 3474290 1 111
8241 18154 3474300 1 112
8264 18165 3474310 1 114
8310 18190 3474320 1 117
8331 18204 3474330 1 133
8348 18219 3474340 1 180
8361 18233 3474350 1 205
8369 18246 3474360 1 233
8371 18259 3474370 1 289
8365 18271 3474380 1 349
8353 18280 3474390 1 411
8333 18287 3474400 1 474
8276 18293 3474410 1 598
8242 18291 3474420 1 657
8207 18285 3474430 1 712
8172 18277 3474440 1 762
8138 18267 3474450 1 806
8108 18255 3474460 1 843
8083 18241 3474470 1 871
8065 18226 3474480 1 890
8054 18212 3474490 1 898
8055 18187 3474500 1 889
8068 18177 3474510 1 880
8089 18169 3474520 1 867
8117 18165 3474530 1 854
8151 18165 3474540 1 844
8189 18168 3474550 1 835
8231 18174 3474560 1 828
8273 18183 3474570 1 823
8313 18195 3474580 1 820
8380 18224 3474590 1 818
8404 18240 3474600 1 820
8422 18255 3474610 1 822
8433 18269 3474620 1 825
8436 18285 3474630 1 829
8432 18301 3474640 1 834
8426 18358 3474650 1 839
8372 18447 3474660 1 844
8292 18479 3474670 1 851
8215 18474 3474680 1 862
8199 18472 3474690 1 868
8186 18472 3474700 1 873
8175 18473 3474710 1 878
8165 18474 3474720 1 882
8156 18474 3474730 1 885
8148 18475 3474740 1 887
8142 18476 3474750 1 889
8139 18476 3474760 1 888
8138 18478 3474770 1 885
8141 18478 3474780 1 880
8145 18479 3474790 1 875
8151 18479 3474800 1 867
8158 18480 3474810 1 857
8166 18481 3474820 1 845
8174 18482 3474830 1 830
