8187 18498 2362368 1 558
8171 18481 2362378 1 566
8160 18471 2362388 1 568
8156 18466 2362398 1 570
8155 18464 2362408 1 572
8147 18455 2362418 1 573
8149 18455 2362428 1 576
8150 18455 2362438 1 577
8152 18454 2362448 1 580
8154 18454 2362458 1 581
8157 18454 2362468 1 582
8159 18454 2362478 1 584
8162 18454 2362488 1 586
8164 18453 2362498 1 588
8166 18453 2362508 1 589
8168 18453 2362518 1 592
8170 18453 2362528 1 593
8172 18453 2362538 1 594
8173 18452 2362548 1 597
8174 18452 2362558 1 598
8176 18452 2362568 1 600
8177 18452 2362578 1 602
8179 18451 2362588 1 605
8179 18451 2362598 1 607
8180 18451 2362608 1 609
8181 18450 2362618 1 610
8181 18450 2362628 1 611
8182 18450 2362638 1 614
8183 18450 2362648 1 615
8183 18450 2362658 1 618
8184 18450 2362668 1 619
8184 18449 2362678 1 621
8184 18449 2362688 1 622
8184 18449 2362698 1 624
8184 18449 2362708 1 626
8183 18448 2362718 1 627
8183 18448 2362728 1 629
8183 18448 2362738 1 630
8183 18448 2362748 1 631
8182 18448 2362758 1 632
8181 18447 2362768 1 635
8180 18447 2362778 1 636
8179 18447 2362788 1 637
8178 18446 2362798 1 639
8176 18445 2362808 1 643
8175 18445 2362818 1 644
8174 18444 2362828 1 645
8173 18444 2362838 1 648
8172 18443 2362848 1 649
8171 18442 2362858 1 650
8169 18442 2362868 1 653
8168 18441 2362878 1 654
8166 18440 2362888 1 656
8163 18440 2362898 1 657
8162 18439 2362908 1 659
8160 18439 2362918 1 661
8158 18438 2362928 1 662
8157 18438 2362938 1 663
8156 18438 2362948 1 666
8155 18437 2362958 1 667
8155 18437 2362968 1 668
8154 18436 2362978 1 671
8154 18435 2362988 1 672
8154 18435 2362998 1 674
8154 18434 2363008 1 675
8154 18433 2363018 1 679
8155 18433 2363028 1 680
8155 18432 2363038 1 681
8156 18432 2363048 1 684
8157 18431 2363058 1 685
8158 18431 2363068 1 686
8158 18431 2363078 1 688
8158 18430 2363088 1 690
8158 18430 2363098 1 691
8158 18430 2363108 1 692
8158 18430 2363118 1 693
8158 18430 2363128 1 694
8158 18430 2363138 1 696
8157 18429 2363148 1 698
8156 18429 2363158 1 699
8155 18429 2363168 1 700
8153 18429 2363178 1 703
8152 18429 2363188 1 704
8150 18429 2363198 1 705
8149 18429 2363208 1 707
8148 18429 2363218 1 709
8147 18429 2363228 1 710
8147 18429 2363238 1 713
8148 18430 2363248 1 714
8148 18430 2363258 1 717
8149 18430 2363268 1 718
8150 18431 2363278 1 719
8150 18431 2363288 1 721
8151 18432 2363298 1 723
8151 18433 2363308 1 724
8150 18433 2363318 1 725
8150 18434 2363328 1 727
8149 18435 2363338 1 728
8148 18435 2363348 1 730
8147 18436 2363358 1 732
8146 18436 2363368 1 733
8145 18437 2363378 1 734
8145 18438 2363388 1 737
8144 18438 2363398 1 738
8144 18439 2363408 1 739
8144 18439 2363418 1 740
8144 18440 2363428 1 742
8144 18440 2363438 1 744
8142 18441 2363448 1 747
8142 18442 2363458 1 748
8142 18443 2363468 1 749
8142 18443 2363478 1 750
8142 18444 2363488 1 750
8142 18444 2363498 1 753
8141 18445 2363508 1 754
8141 18446 2363518 1 755
8140 18447 2363528 1 757
8139 18447 2363538 1 759
8138 18448 2363548 1 760
8137 18449 2363558 1 761
8136 18449 2363568 1 763
8135 18450 2363578 1 764
8134 18451 2363588 1 765
8133 18452 2363598 1 768
8131 18453 2363608 1 769
8129 18453 2363618 1 770
8128 18454 2363628 1 771
8126 18455 2363638 1 773
8124 18456 2363648 1 775
8122 18457 2363658 1 776
8119 18458 2363668 1 779
8117 18459 2363678 1 780
8116 18459 2363688 1 781
8115 18460 2363698 1 783
8114 18461 2363708 1 785
8114 18462 2363718 1 786
8114 18462 2363728 1 787
8114 18463 2363738 1 788
8114 18463 2363748 1 791
8114 18464 2363758 1 792
8115 18464 2363768 1 793
8116 18464 2363778 1 794
8117 18464 2363788 1 796
8118 18464 2363798 1 797
8119 18464 2363808 1 798
8119 18464 2363818 1 800
8120 18464 2363828 1 802
8121 18464 2363838 1 803
8122 18464 2363848 1 803
8123 18464 2363858 1 804
8124 18464 2363868 1 805
8125 18464 2363878 1 806
8128 18464 2363888 1 810
8129 18463 2363898 1 811
8130 18463 2363908 1 812
8131 18462 2363918 1 814
8133 18462 2363928 1 815
8135 18461 2363938 1 816
8138 18460 2363948 1 818
8140 18460 2363958 1 819
8142 18459 2363968 1 821
8144 18458 2363978 1 822
8147 18457 2363988 1 823
8149 18456 2363998 1 824
8152 18456 2364008 1 825
8155 18455 2364018 1 828
8157 18454 2364028 1 829
8160 18453 2364038 1 830
8162 18452 2364048 1 831
8165 18452 2364058 1 832
8167 18451 2364068 1 834
8169 18450 2364078 1 835
8172 18449 2364088 1 836
8177 18448 2364098 1 839
8179 18447 2364108 1 841
8182 18446 2364118 1 842
8184 18445 2364128 1 843
8187 18444 2364138 1 844
8189 18443 2364148 1 845
8191 18442 2364158 1 847
8192 18441 2364168 1 849
8193 18439 2364178 1 850
8195 18438 2364188 1 851
8196 18437 2364198 1 852
8198 18436 2364208 1 854
8199 18435 2364218 1 855
8199 18435 2364228 1 855
8201 18433 2364238 1 856
8202 18432 2364248 1 857
8203 18431 2364258 1 858
8204 18429 2364268 1 859
8204 18428 2364278 1 862
8205 18427 2364288 1 863
8205 18426 2364298 1 864
8205 18425 2364308 1 865
8205 18422 2364318 1 867
8204 18421 2364328 1 869
8204 18420 2364338 1 870
8204 18419 2364348 1 871
8203 18418 2364358 1 873
8202 18417 2364368 1 874
8201 18416 2364378 1 875
8200 18415 2364388 1 876
8200 18414 2364398 1 878
8198 18413 2364408 1 879
8197 18412 2364418 1 880
8195 18411 2364428 1 881
8194 18410 2364438 1 882
8192 18409 2364448 1 883
8190 18409 2364458 1 886
8189 18408 2364468 1 887
8187 18407 2364478 1 888
8186 18407 2364488 1 889
8185 18406 2364498 1 890
8184 18406 2364508 1 891
8182 18405 2364518 1 892
8181 18405 2364528 1 895
8180 18405 2364538 1 896
8178 18404 2364548 1 897
8177 18404 2364558 1 898
8176 18404 2364568 1 899
8175 18404 2364578 1 900
8174 18404 2364588 1 901
8174 18404 2364598 1 902
8173 18404 2364608 1 903
8172 18405 2364618 1 905
8172 18405 2364628 1 906
8172 18405 2364638 1 907
8172 18405 2364648 1 908
8172 18405 2364658 1 909
8173 18405 2364668 1 910
8173 18405 2364678 1 911
8174 18405 2364688 1 912
8174 18405 2364698 1 913
8174 18405 2364708 1 915
8175 18405 2364718 1 916
8175 18405 2364728 1 917
8176 18406 2364738 1 918
8176 18407 2364748 1 921
8177 18407 2364758 1 922
8177 18407 2364768 1 923
8178 18408 2364778 1 924
8178 18408 2364788 1 925
8179 18408 2364798 1 927
8179 18409 2364808 1 928
8180 18409 2364818 1 929
8180 18410 2364828 1 930
8180 18410 2364838 1 931
8180 18411 2364848 1 932
8180 18411 2364858 1 933
8180 18412 2364868 1 934
8180 18413 2364878 1 935
8180 18413 2364888 1 936
8179 18414 2364898 1 937
8179 18415 2364908 1 939
8178 18416 2364918 1 940
8178 18416 2364928 1 941
8177 18417 2364938 1 942
8177 18418 2364948 1 943
8177 18418 2364958 1 945
8177 18419 2364968 1 946
8177 18420 2364978 1 947
8177 18420 2364988 1 948
8177 18421 2364998 1 949
8177 18421 2365008 1 950
8178 18422 2365018 1 951
8179 18422 2365028 1 952
8180 18423 2365038 1 953
8182 18423 2365048 1 954
8184 18424 2365058 1 955
8186 18424 2365068 1 957
8189 18424 2365078 1 958
8192 18424 2365088 1 959
8194 18425 2365098 1 960
8197 18425 2365108 1 961
8200 18425 2365118 1 962
8203 18425 2365128 1 963
8205 18425 2365138 1 964
8207 18425 2365148 1 965
8209 18425 2365158 1 966
8210 18425 2365168 1 967
8212 18425 2365178 1 969
8213 18425 2365188 1 970
8213 18425 2365198 1 971
8213 18425 2365208 1 972
8213 18425 2365218 1 973
8213 18425 2365228 1 974
8214 18425 2365238 1 975
8214 18425 2365248 1 976
8215 18425 2365258 1 977
8216 18425 2365268 1 978
8216 18425 2365278 1 979
8217 18424 2365288 1 980
8217 18424 2365298 1 981
8218 18424 2365308 1 982
8218 18424 2365318 1 983
8218 18424 2365328 1 984
8217 18424 2365338 1 984
8217 18424 2365348 1 985
8217 18423 2365358 1 986
8216 18423 2365368 1 987
8216 18423 2365378 1 989
8215 18423 2365388 1 990
8215 18422 2365398 1 992
8214 18422 2365408 1 993
8212 18422 2365418 1 994
8211 18422 2365428 1 995
8209 18421 2365438 1 996
8206 18421 2365448 1 997
8204 18421 2365458 1 998
8202 18421 2365468 1 999
8200 18421 2365478 1 1000
8198 18421 2365488 1 1001
8196 18420 2365498 1 1002
8195 18420 2365508 1 1002
8194 18420 2365518 1 1003
8193 18421 2365528 1 1004
8193 18421 2365538 1 1005
8193 18421 2365548 1 1006
8193 18421 2365558 1 1007
8194 18421 2365568 1 1008
8194 18421 2365578 1 1009
8194 18421 2365588 1 1010
8194 18422 2365598 1 1011
8194 18422 2365608 1 1013
8194 18422 2365618 1 1014
8195 18423 2365628 1 1015
8195 18423 2365638 1 1016
8196 18423 2365648 1 1017
8196 18424 2365658 1 1018
8196 18424 2365668 1 1019
8197 18424 2365678 1 1020
8197 18425 2365688 1 1021
8197 18425 2365698 1 1021
8197 18425 2365708 1 1022
8197 18425 2365718 1 1023
8197 18426 2365728 1 1023
8197 18426 2365738 1 1024
8197 18427 2365748 1 1024
8198 18427 2365758 1 1024
8198 18427 2365768 1 1024
8198 18428 2365778 1 1024
8198 18428 2365788 1 1024
8198 18429 2365798 1 1024
8198 18430 2365808 1 1024
8198 18430 2365818 1 1024
8198 18432 2365828 1 1024
8198 18432 2365838 1 1024
8198 18433 2365848 1 1024
8199 18434 2365858 1 1024
8199 18435 2365868 1 1024
8200 18435 2365878 1 1024
8200 18436 2365888 1 1024
8201 18437 2365898 1 1024
8202 18438 2365908 1 1024
8203 18438 2365918 1 1024
8205 18439 2365928 1 1024
8207 18440 2365938 1 1024
8209 18440 2365948 1 1024
8210 18441 2365958 1 1024
8212 18441 2365968 1 1024
8213 18441 2365978 1 1024
8214 18442 2365988 1 1024
8215 18442 2365998 1 1024
8216 18443 2366008 1 1024
8216 18443 2366018 1 1024
8216 18443 2366028 1 1024
8216 18444 2366038 1 1024
8215 18445 2366048 1 1024
8215 18445 2366058 1 1024
8215 18445 2366068 1 1024
8215 18446 2366078 1 1024
8215 18446 2366088 1 1024
8214 18446 2366098 1 1024
8214 18446 2366108 1 1024
8215 18447 2366118 1 1024
8215 18447 2366128 1 1024
8215 18447 2366138 1 1024
8216 18447 2366148 1 1024
8217 18448 2366158 1 1024
8218 18448 2366168 1 1024
8220 18448 2366178 1 1024
8222 18448 2366188 1 1024
8224 18448 2366198 1 1024
8226 18448 2366208 1 1024
8229 18448 2366218 1 1024
8231 18448 2366228 1 1024
8233 18448 2366238 1 1024
8235 18448 2366248 1 1024
8237 18447 2366258 1 1024
8238 18447 2366268 1 1024
8239 18447 2366278 1 1024
8240 18446 2366288 1 1024
8241 18446 2366298 1 1024
8241 18446 2366308 1 1024
8241 18445 2366318 1 1024
8241 18445 2366328 1 1024
8241 18444 2366338 1 1024
8241 18444 2366348 1 1024
8240 18443 2366358 1 1024
8239 18443 2366368 1 1024
8237 18442 2366378 1 1024
8236 18442 2366388 1 1024
8234 18441 2366398 1 1024
8232 18440 2366408 1 1024
8230 18440 2366418 1 1024
8228 18439 2366428 1 1024
8227 18439 2366438 1 1024
8226 18438 2366448 1 1024
8225 18438 2366458 1 1024
8224 18437 2366468 1 1024
8223 18436 2366478 1 1024
8223 18435 2366488 1 1024
8222 18434 2366498 1 1024
8223 18434 2366508 1 1024
8223 18433 2366518 1 1024
8223 18433 2366528 1 1024
8224 18432 2366538 1 1024
8225 18432 2366548 1 1024
8225 18431 2366558 1 1024
8226 18431 2366568 1 1024
8226 18430 2366578 1 1024
8226 18430 2366588 1 1024
8226 18429 2366598 1 1024
8226 18429 2366608 1 1024
8226 18428 2366618 1 1024
8226 18428 2366628 1 1024
8226 18427 2366638 1 1024
8226 18427 2366648 1 1024
8227 18426 2366658 1 1024
8227 18426 2366668 1 1024
8228 18426 2366678 1 1024
8228 18425 2366688 1 1024
8228 18424 2366698 1 1024
8228 18424 2366708 1 1024
8228 18423 2366718 1 1024
8228 18423 2366728 1 1024
8228 18423 2366738 1 1024
8227 18423 2366748 1 1024
8227 18422 2366758 1 1024
8227 18422 2366768 1 1024
8227 18422 2366778 1 1024
8227 18422 2366788 1 1024
8227 18422 2366798 1 1024
8227 18421 2366808 1 1024
8228 18421 2366818 1 1024
8228 18421 2366828 1 1024
8228 18421 2366838 1 1024
8229 18421 2366848 1 1024
8229 18421 2366858 1 1024
8230 18422 2366868 1 1024
8231 18422 2366878 1 1024
8232 18422 2366888 1 1024
8234 18422 2366898 1 1024
8235 18422 2366908 1 1024
8236 18423 2366918 1 1024
8238 18423 2366928 1 1024
8239 18423 2366938 1 1024
8240 18424 2366948 1 1024
8241 18424 2366958 1 1024
8241 18425 2366968 1 1024
8242 18425 2366978 1 1024
8241 18426 2366988 1 1024
8241 18427 2366998 1 1024
8240 18427 2367008 1 1024
8239 18428 2367018 1 1024
8238 18429 2367028 1 1024
8237 18429 2367038 1 1024
8236 18430 2367048 1 1024
8235 18430 2367058 1 1024
8234 18431 2367068 1 1024
8233 18432 2367078 1 1024
8233 18432 2367088 1 1024
8232 18433 2367098 1 1024
8231 18433 2367108 1 1024
8230 18435 2367118 1 1024
8230 18436 2367128 1 1024
8228 18436 2367138 1 1024
8228 18437 2367148 1 1024
8227 18437 2367158 1 1024
8226 18438 2367168 1 1024
8226 18438 2367178 1 1024
8225 18439 2367188 1 1024
8225 18439 2367198 1 1024
8224 18440 2367208 1 1024
8224 18440 2367218 1 1024
8224 18441 2367228 1 1024
8224 18441 2367238 1 1024
8225 18442 2367248 1 1024
8226 18443 2367258 1 1024
8227 18443 2367268 1 1024
8228 18443 2367278 1 1024
8229 18444 2367288 1 1024
8230 18444 2367298 1 1024
8232 18444 2367308 1 1024
8233 18444 2367318 1 1024
8234 18445 2367328 1 1024
8234 18445 2367338 1 1024
8234 18445 2367348 1 1024
8233 18445 2367358 1 1024
8232 18445 2367368 1 1024
8231 18445 2367378 1 1024
8229 18445 2367388 1 1024
8227 18445 2367398 1 1024
8225 18445 2367408 1 1024
8223 18444 2367418 1 1024
8221 18444 2367428 1 1024
8219 18444 2367438 1 1024
8218 18443 2367448 1 1024
8217 18443 2367458 1 1024
8216 18443 2367468 1 1024
8216 18442 2367478 1 1024
8216 18442 2367488 1 1024
8217 18441 2367498 1 1024
8217 18441 2367508 1 1024
8218 18441 2367518 1 1024
8219 18441 2367528 1 1024
8220 18441 2367538 1 1024
8220 18441 2367548 1 1024
8221 18441 2367558 1 1024
8222 18441 2367568 1 1024
8223 18441 2367578 1 1024
8224 18441 2367588 1 1024
8225 18441 2367598 1 1024
8227 18441 2367608 1 1024
8228 18440 2367618 1 1024
8230 18440 2367628 1 1024
8232 18440 2367638 1 1024
8233 18440 2367648 1 1024
8235 18440 2367658 1 1024
8236 18439 2367668 1 1024
8237 18439 2367678 1 1024
8238 18438 2367688 1 1024
8239 18438 2367698 1 1024
8240 18437 2367708 1 1024
8241 18437 2367718 1 1024
8241 18436 2367728 1 1024
8242 18436 2367738 1 1024
8242 18435 2367748 1 1024
8243 18434 2367758 1 1024
8243 18433 2367768 1 1024
8244 18432 2367778 1 1024
8244 18432 2367788 1 1024
8244 18431 2367798 1 1024
8244 18431 2367808 1 1024
8244 18430 2367818 1 1024
8243 18429 2367828 1 1024
8242 18428 2367838 1 1024
8242 18427 2367848 1 1024
8240 18427 2367858 1 1024
8239 18426 2367868 1 1024
8238 18425 2367878 1 1024
8237 18425 2367888 1 1024
8235 18424 2367898 1 1024
8234 18424 2367908 1 1024
8233 18424 2367918 1 1024
8232 18423 2367928 1 1024
8231 18423 2367938 1 1024
8229 18423 2367948 1 1024
8227 18422 2367958 1 1024
8226 18422 2367968 1 1024
8224 18421 2367978 1 1024
8223 18421 2367988 1 1024
8222 18420 2367998 1 1024
8221 18420 2368008 1 1024
8221 18420 2368018 1 1024
8220 18419 2368028 1 1024
8220 18419 2368038 1 1024
8221 18418 2368048 1 1024
8221 18418 2368058 1 1024
8222 18417 2368068 1 1024
8224 18417 2368078 1 1024
8225 18416 2368088 1 1024
8226 18416 2368098 1 1024
8227 18415 2368108 1 1024
8227 18415 2368118 1 1024
8227 18414 2368128 1 1024
8228 18414 2368138 1 1024
8228 18414 2368148 1 1024
8228 18414 2368158 1 1024
8229 18413 2368168 1 1024
8229 18413 2368178 1 1024
8229 18413 2368188 1 1024
8229 18412 2368198 1 1024
8228 18412 2368208 1 1024
8226 18412 2368218 1 1024
8225 18412 2368228 1 1024
8223 18412 2368238 1 1024
8221 18412 2368248 1 1024
8219 18412 2368258 1 1024
8217 18412 2368268 1 1024
8215 18412 2368278 1 1024
8214 18412 2368288 1 1024
8213 18412 2368298 1 1024
8212 18412 2368308 1 1024
8211 18412 2368318 1 1024
8210 18412 2368328 1 1024
8210 18412 2368338 1 1024
8210 18412 2368348 1 1024
8211 18413 2368358 1 1024
8211 18413 2368368 1 1024
8212 18413 2368378 1 1024
8213 18413 2368388 1 1024
8214 18413 2368398 1 1024
8216 18413 2368408 1 1024
8218 18413 2368418 1 1024
8219 18413 2368428 1 1024
8221 18413 2368438 1 1024
8223 18413 2368448 1 1024
8225 18413 2368458 1 1024
8227 18412 2368468 1 1024
8228 18412 2368478 1 1024
8230 18412 2368488 1 1024
8232 18412 2368498 1 1024
8233 18412 2368508 1 1024
8234 18412 2368518 1 1024
8236 18412 2368528 1 1024
8237 18412 2368538 1 1024
8237 18412 2368548 0 0
8238 18412 2368558 0 0
8238 18412 2368568 0 0
8238 18412 2368578 0 0
8238 18412 2368588 0 0
8238 18412 2368598 0 0
8238 18412 2368608 0 0
8238 18412 2368618 0 0
8237 18412 2368628 0 0
8237 18412 2368638 0 0
8237 18412 2368648 0 0
8237 18412 2368658 0 0
8237 18412 2368668 0 0
8236 18413 2368678 0 0
8236 18413 2368688 0 0
8235 18413 2368698 0 0
8235 18413 2368708 0 0
8234 18413 2368718 1 30
8234 18414 2368728 1 96
8233 18414 2368738 1 169
8233 18414 2368748 1 247
8232 18414 2368758 1 329
8232 18414 2368768 1 413
8232 18414 2368778 1 498
8232 18415 2368788 1 582
8232 18415 2368798 1 664
8231 18415 2368808 1 743
8230 18415 2368818 1 817
8229 18415 2368828 1 885
8228 18415 2368838 1 945
8226 18415 2368848 1 1024
8224 18416 2368858 1 1024
8223 18416 2368868 1 1024
8221 18416 2368878 1 1024
8220 18416 2368888 1 1024
8219 18417 2368898 1 1024
8218 18417 2368908 1 1024
8218 18417 2368918 1 1024
8218 18417 2368928 1 1024
8218 18418 2368938 1 1024
8218 18418 2368948 1 1024
8219 18419 2368958 1 1024
8220 18419 2368968 1 1024
8221 18419 2368978 1 1024
8223 18420 2368988 1 1024
8224 18421 2368998 1 1024
8226 18421 2369008 1 1024
8227 18422 2369018 1 1024
8228 18422 2369028 1 1024
8229 18422 2369038 1 1024
8230 18423 2369048 1 1024
8231 18424 2369058 1 1024
8233 18425 2369068 1 1024
8234 18425 2369078 1 1024
8235 18426 2369088 1 1024
8235 18426 2369098 1 1024
8235 18427 2369108 1 1024
8234 18427 2369118 1 1024
8233 18427 2369128 1 1024
8232 18428 2369138 1 1024
8230 18428 2369148 1 1024
8229 18428 2369158 1 1024
8227 18429 2369168 1 1024
8226 18429 2369178 1 1024
8225 18429 2369188 1 1024
8224 18430 2369198 1 1024
8224 18430 2369208 1 1024
8224 18431 2369218 1 1024
8224 18432 2369228 1 1024
8224 18432 2369238 1 1024
8224 18433 2369248 1 1024
8224 18434 2369258 1 1024
8224 18435 2369268 1 1024
8224 18436 2369278 1 1024
8225 18436 2369288 1 1024
8225 18437 2369298 1 1024
8227 18438 2369308 1 1024
8228 18438 2369318 1 1024
8230 18439 2369328 1 1024
8232 18440 2369338 1 1024
8235 18440 2369348 1 1024
8238 18441 2369358 1 1024
8241 18442 2369368 1 1024
8244 18442 2369378 1 1024
8246 18443 2369388 1 1024
8248 18443 2369398 1 1024
8249 18443 2369408 1 1024
8250 18444 2369418 1 1024
8252 18444 2369428 1 1024
8253 18444 2369438 1 1024
8253 18445 2369448 1 1024
8254 18445 2369458 1 1024
8254 18445 2369468 1 1024
8253 18445 2369478 1 1024
8252 18446 2369488 1 1024
8252 18446 2369498 1 1024
8250 18446 2369508 1 1024
8249 18447 2369518 1 1024
8247 18447 2369528 1 1024
8246 18447 2369538 1 1024
8244 18447 2369548 1 1024
8243 18447 2369558 1 1024
8241 18448 2369568 1 1024
8240 18448 2369578 1 1024
8239 18448 2369588 1 1024
8238 18448 2369598 1 1024
8238 18449 2369608 1 1024
8237 18449 2369618 1 1024
8236 18449 2369628 1 1024
8236 18450 2369638 1 1024
8235 18450 2369648 1 1024
8235 18450 2369658 1 1024
8235 18450 2369668 1 1024
8236 18450 2369678 1 1024
8237 18450 2369688 1 1024
8238 18450 2369698 1 1024
8240 18450 2369708 1 1024
8242 18451 2369718 1 1024
8244 18451 2369728 1 1007
8246 18451 2369738 1 402
8248 18451 2369748 0 0
8250 18451 2369758 0 0
8251 18451 2369768 0 0
8251 18451 2369778 0 0
8253 18451 2369788 0 0
8253 18451 2369798 0 0
8254 18451 2369808 0 0
8254 18451 2369818 0 0
8255 18451 2369828 0 0
8254 18451 2369838 0 0
8254 18451 2369848 0 0
8254 18451 2369858 0 0
8254 18451 2369868 0 0
8254 18451 2369878 0 0
8254 18451 2369888 0 0
8254 18451 2369898 0 0
8254 18451 2369908 0 0
8254 18451 2369918 0 0
8255 18450 2369928 0 0
8256 18450 2369938 0 0
8257 18450 2369948 0 0
8258 18449 2369958 0 0
8260 18449 2369968 0 0
8261 18449 2369978 0 0
8262 18448 2369988 0 0
8263 18448 2369998 0 0
8264 18447 2370008 0 0
8264 18447 2370018 0 0
8264 18446 2370028 0 0
8264 18446 2370038 0 0
8263 18446 2370048 0 0
8262 18445 2370058 0 0
8261 18445 2370068 0 0
8260 18445 2370078 0 0
8258 18444 2370088 0 0
8257 18444 2370098 0 0
8255 18444 2370108 0 0
8253 18444 2370118 0 0
8251 18444 2370128 0 0
8250 18444 2370138 0 0
8249 18444 2370148 0 0
8247 18444 2370158 0 0
8245 18444 2370168 0 0
8242 18444 2370178 0 0
8241 18443 2370188 0 0
8239 18443 2370198 0 0
8238 18443 2370208 0 0
8237 18443 2370218 0 0
8237 18443 2370228 0 0
8237 18443 2370238 0 0
8238 18443 2370248 0 0
8239 18443 2370258 0 0
8241 18443 2370268 0 0
8243 18443 2370278 0 0
8244 18443 2370288 0 0
8246 18443 2370298 0 0
8247 18443 2370308 0 0
8248 18443 2370318 0 0
8249 18442 2370328 0 0
8250 18442 2370338 0 0
8251 18442 2370348 0 0
8252 18442 2370358 0 0
8253 18441 2370368 0 0
8254 18441 2370378 0 0
8255 18441 2370388 0 0
8255 18441 2370398 0 0
8257 18440 2370408 0 0
8258 18440 2370418 0 0
8259 18440 2370428 0 0
8261 18439 2370438 0 0
8262 18439 2370448 0 0
8263 18439 2370458 0 0
8264 18439 2370468 0 0
8265 18438 2370478 0 0
8265 18438 2370488 0 0
8266 18438 2370498 0 0
8266 18437 2370508 0 0
8266 18437 2370518 0 0
8266 18437 2370528 0 0
8266 18436 2370538 0 0
8266 18436 2370548 0 0
8266 18436 2370558 0 0
8266 18435 2370568 0 0
8267 18435 2370578 1 20
8267 18434 2370588 1 133
8268 18434 2370598 1 244
8268 18433 2370608 1 350
8269 18433 2370618 1 444
8270 18433 2370628 1 520
8271 18432 2370638 1 574
8272 18432 2370648 1 608
8273 18432 2370658 1 624
8275 18432 2370668 1 627
8276 18431 2370678 1 619
8277 18431 2370688 1 604
8277 18431 2370698 1 584
8277 18431 2370708 1 566
8277 18431 2370718 1 549
8277 18430 2370728 1 540
8276 18430 2370738 1 537
8275 18430 2370748 1 544
8274 18430 2370758 1 554
8273 18429 2370768 1 568
8272 18429 2370778 1 580
8271 18429 2370788 1 598
8270 18429 2370798 1 598
8269 18428 2370808 1 586
8268 18428 2370818 1 563
8267 18428 2370828 1 527
8266 18428 2370838 1 482
8265 18428 2370848 1 434
8264 18428 2370858 1 390
8263 18428 2370868 1 354
8262 18428 2370878 1 338
8262 18428 2370888 1 333
8262 18428 2370898 1 333
8262 18428 2370908 1 359
8262 18428 2370918 1 419
8263 18428 2370928 1 518
8264 18428 2370938 1 657
8265 18428 2370948 1 814
8267 18428 2370958 1 964
8268 18428 2370968 1 1024
8270 18428 2370978 1 1024
8271 18428 2370988 1 1024
8273 18428 2370998 1 1024
8275 18428 2371008 1 1024
8277 18427 2371018 0 0
8279 18428 2371028 0 0
8281 18427 2371038 0 0
8283 18428 2371048 0 0
8286 18428 2371058 0 0
8288 18428 2371068 0 0
8290 18428 2371078 0 0
8291 18428 2371088 0 0
8292 18428 2371098 0 0
8293 18428 2371108 0 0
8293 18428 2371118 0 0
8293 18428 2371128 0 0
8292 18428 2371138 0 0
8291 18428 2371148 0 0
8290 18428 2371158 0 0
8289 18428 2371168 0 0
8288 18428 2371178 0 0
8286 18428 2371188 0 0
8285 18428 2371198 1 2
8283 18428 2371208 1 101
8283 18428 2371218 1 311
8282 18428 2371228 1 419
8281 18428 2371238 1 526
8281 18428 2371248 1 581
8281 18428 2371258 1 631
8280 18429 2371268 1 730
8279 18429 2371278 1 823
8278 18429 2371288 1 908
8278 18429 2371298 1 984
8277 18429 2371308 1 1024
8277 18430 2371318 1 1024
8277 18430 2371328 1 1024
8277 18430 2371338 1 1024
8277 18430 2371348 1 1024
8277 18431 2371358 1 1024
8277 18431 2371368 1 1024
8277 18432 2371378 1 1024
8276 18432 2371388 1 1024
8276 18432 2371398 1 1024
8275 18433 2371408 1 1024
8275 18433 2371418 1 1024
8274 18433 2371428 1 1024
8274 18434 2371438 1 1024
8275 18434 2371448 1 1024
8275 18435 2371458 1 1024
8276 18435 2371468 1 1024
8276 18436 2371478 1 1024
8276 18436 2371488 1 1024
8276 18436 2371498 1 1024
8276 18436 2371508 1 1024
8276 18436 2371518 1 1024
8275 18436 2371528 1 1024
8275 18436 2371538 1 1024
8274 18436 2371548 1 1024
8274 18437 2371558 1 1024
8274 18437 2371568 1 1024
8274 18437 2371578 1 1024
8274 18437 2371588 1 1024
8274 18437 2371598 1 1024
8274 18437 2371608 1 1024
8274 18437 2371618 1 1024
8274 18437 2371628 1 1024
8274 18437 2371638 1 1024
8273 18438 2371648 1 1024
8273 18438 2371658 1 1024
8272 18438 2371668 1 1024
8271 18438 2371678 1 1024
8271 18439 2371688 1 1024
8270 18439 2371698 1 1024
8270 18439 2371708 1 1024
8270 18439 2371718 1 1024
8270 18439 2371728 1 1024
8269 18440 2371738 1 1024
8269 18440 2371748 1 1015
8269 18440 2371758 1 960
8269 18440 2371768 1 893
8269 18440 2371778 1 811
