8132 18588 3283196 1 1001
8132 18582 3283206 1 997
8130 18577 3283216 1 999
8126 18572 3283226 1 1003
8120 18568 3283236 1 1006
8113 18566 3283246 1 1009
8106 18566 3283256 1 1011
8099 18568 3283266 1 1012
8093 18572 3283276 1 1013
8089 18578 3283286 1 1013
8085 18583 3283296 1 1013
8083 18589 3283306 1 1014
8082 18595 3283316 1 1014
8081 18601 3283326 1 1015
8081 18606 3283336 1 1014
8082 18611 3283346 1 1015
8083 18613 3283356 1 1016
8084 18615 3283366 1 1016
8087 18618 3283376 1 1015
8091 18620 3283386 1 1015
8095 18620 3283396 1 1016
8099 18619 3283406 1 1015
8103 18616 3283416 1 955
8108 18613 3283426 1 675
8112 18609 3283436 1 427
8117 18605 3283446 1 212
8121 18601 3283456 1 81
8126 18597 3283466 1 30
8130 18593 3283476 1 26
8133 18590 3283486 1 25
8137 18586 3283496 1 24
8140 18583 3283506 1 23
8141 18582 3283516 1 23
8143 18581 3283526 1 23
8146 18578 3283536 1 21
8148 18574 3283546 1 21
8150 18570 3283556 1 22
8151 18565 3283566 1 22
8152 18558 3283576 1 21
8150 18550 3283586 1 20
8147 18541 3283596 1 19
8142 18531 3283606 1 19
8134 18521 3283616 1 17
8124 18511 3283626 1 18
8112 18503 3283636 1 18
8100 18496 3283646 1 17
8088 18492 3283656 1 35
8076 18489 3283666 1 129
8070 18489 3283676 1 159
8066 18490 3283686 1 224
8057 18492 3283696 1 406
8049 18497 3283706 1 491
8044 18503 3283716 1 527
8040 18510 3283726 1 571
8038 18518 3283736 1 640
8037 18526 3283746 1 699
8037 18535 3283756 1 747
8039 18543 3283766 1 783
8040 18551 3283776 1 808
8042 18557 3283786 1 826
8043 18562 3283796 1 833
8044 18566 3283806 1 835
8045 18569 3283816 1 836
8045 18570 3283826 1 832
8045 18571 3283836 1 829
8045 18570 3283846 1 823
8045 18569 3283856 1 810
8045 18566 3283866 1 795
8046 18563 3283876 1 777
8047 18559 3283886 1 767
8048 18555 3283896 1 759
8050 18551 3283906 1 743
8053 18548 3283916 1 726
8055 18546 3283926 1 714
8058 18544 3283936 1 704
8060 18543 3283946 1 697
8062 18543 3283956 1 695
8064 18545 3283966 1 694
8066 18547 3283976 1 694
8068 18551 3283986 1 695
8068 18553 3283996 1 697
8069 18556 3284006 1 699
8071 18563 3284016 1 703
8073 18570 3284026 1 708
8075 18579 3284036 1 714
8079 18587 3284046 1 719
8083 18595 3284056 1 721
8087 18600 3284066 1 724
8093 18604 3284076 1 729
8099 18607 3284086 1 732
8105 18607 3284096 1 735
8112 18605 3284106 1 737
8118 18601 3284116 1 738
8125 18596 3284126 1 739
8131 18591 3284136 1 739
8137 18585 3284146 1 739
8140 18583 3284156 1 740
8142 18580 3284166 1 741
8146 18574 3284176 1 739
8149 18568 3284186 1 739
8151 18562 3284196 1 739
8151 18557 3284206 1 738
8150 18552 3284216 1 738
8148 18548 3284226 1 738
8145 18544 3284236 1 738
8141 18541 3284246 1 738
8136 18538 3284256 1 738
8130 18535 3284266 1 738
8124 18532 3284276 1 738
8117 18529 3284286 1 739
8110 18526 3284296 1 739
8103 18523 3284306 1 739
8099 18522 3284316 1 739
8097 18521 3284326 1 740
8091 18519 3284336 1 741
8087 18518 3284346 1 742
8084 18517 3284356 1 743
8082 18517 3284366 1 745
8080 18518 3284376 1 746
8080 18519 3284386 1 747
8081 18521 3284396 1 747
8082 18524 3284406 1 748
8084 18526 3284416 1 749
8085 18529 3284426 1 750
8087 18532 3284436 1 752
8088 18535 3284446 1 753
8090 18538 3284456 1 754
8091 18541 3284466 1 757
8092 18542 3284476 1 758
8093 18542 3284486 1 757
8094 18543 3284496 1 758
8096 18544 3284506 1 759
8097 18544 3284516 1 760
8099 18544 3284526 1 762
8101 18545 3284536 1 763
8102 18545 3284546 1 764
8105 18546 3284556 1 766
8107 18547 3284566 1 767
8110 18548 3284576 1 767
8113 18549 3284586 1 768
8116 18550 3284596 1 769
8119 18551 3284606 1 770
8122 18551 3284616 1 771
8126 18552 3284626 1 772
8128 18552 3284636 1 773
8129 18552 3284646 1 773
8132 18552 3284656 1 773
8135 18552 3284666 1 774
8137 18551 3284676 1 776
8139 18551 3284686 1 777
8140 18551 3284696 1 777
8140 18551 3284706 1 778
8140 18551 3284716 1 779
8138 18551 3284726 1 780
8136 18551 3284736 1 781
8134 18551 3284746 1 781
8131 18551 3284756 1 781
8129 18551 3284766 1 783
8126 18551 3284776 1 784
8124 18550 3284786 1 785
8123 18550 3284796 1 785
8122 18550 3284806 1 787
8121 18550 3284816 1 789
8119 18549 3284826 1 789
8119 18549 3284836 1 791
8118 18548 3284846 1 794
8117 18548 3284856 1 796
8115 18549 3284866 1 797
8113 18550 3284876 1 800
8111 18551 3284886 1 802
8108 18554 3284896 1 804
8106 18556 3284906 1 805
8103 18559 3284916 1 806
8101 18562 3284926 1 807
8099 18565 3284936 1 809
8097 18567 3284946 1 810
8097 18567 3284956 1 810
8097 18568 3284966 1 810
8097 18569 3284976 1 809
8099 18568 3284986 1 809
8103 18568 3284996 1 809
8107 18566 3285006 1 808
8113 18564 3285016 1 805
8120 18561 3285026 1 803
8127 18558 3285036 1 800
8134 18555 3285046 1 798
8142 18553 3285056 1 800
8148 18550 3285066 1 807
8154 18549 3285076 1 811
8159 18547 3285086 1 820
8163 18547 3285096 1 840
8165 18548 3285106 1 863
8166 18548 3285116 1 875
8166 18549 3285126 1 888
8166 18551 3285136 1 913
8164 18553 3285146 1 936
8162 18555 3285156 1 971
8159 18557 3285166 1 981
8155 18559 3285176 1 977
8151 18560 3285186 1 972
8147 18561 3285196 1 957
8143 18561 3285206 1 928
8140 18560 3285216 1 883
8137 18559 3285226 1 821
8135 18557 3285236 1 742
8134 18555 3285246 1 698
8135 18553 3285256 1 648
8136 18551 3285266 1 544
8137 18550 3285276 1 489
8138 18550 3285286 1 437
8141 18549 3285296 1 330
8144 18549 3285306 1 229
8147 18549 3285316 1 139
8150 18550 3285326 1 65
8152 18551 3285336 1 13
8155 18553 3285346 0 0
8157 18555 3285356 0 0
8158 18557 3285366 0 0
8160 18558 3285376 0 0
8161 18560 3285386 0 0
8161 18561 3285396 0 0
8162 18562 3285406 0 0
8161 18562 3285416 0 0
8160 18561 3285426 0 0
8160 18561 3285436 0 0
8159 18560 3285446 0 0
8156 18558 3285456 0 0
8153 18556 3285466 0 0
8149 18554 3285476 0 0
8144 18551 3285486 0 0
8139 18549 3285496 1 13
8133 18546 3285506 1 24
8128 18544 3285516 1 38
8123 18542 3285526 1 72
8118 18540 3285536 1 112
8114 18539 3285546 1 158
8111 18538 3285556 1 208
8110 18538 3285566 1 263
8110 18539 3285576 1 320
8112 18540 3285586 1 349
8114 18541 3285596 1 356
8116 18542 3285606 1 378
8122 18544 3285616 1 437
8129 18547 3285626 1 497
8138 18549 3285636 1 556
8147 18551 3285646 1 665
8156 18552 3285656 1 715
8165 18553 3285666 1 758
8173 18553 3285676 1 780
8179 18553 3285686 1 796
8184 18551 3285696 1 828
8187 18550 3285706 1 851
8188 18548 3285716 1 865
8187 18545 3285726 1 872
8185 18543 3285736 1 877
8183 18541 3285746 1 882
8181 18540 3285756 1 884
8180 18539 3285766 1 884
8176 18537 3285776 1 885
8172 18537 3285786 1 886
8167 18538 3285796 1 888
8163 18540 3285806 1 888
8159 18542 3285816 1 887
8156 18545 3285826 1 887
8154 18548 3285836 1 887
8153 18550 3285846 1 886
8153 18553 3285856 1 885
8153 18555 3285866 1 884
8155 18556 3285876 1 883
8158 18556 3285886 1 882
8161 18554 3285896 1 882
8164 18552 3285906 1 881
8165 18550 3285916 1 881
8166 18548 3285926 1 881
8169 18544 3285936 1 881
8171 18540 3285946 1 882
8174 18536 3285956 1 883
8175 18532 3285966 1 883
8176 18529 3285976 1 885
8176 18526 3285986 1 886
8176 18524 3285996 1 888
8175 18523 3286006 1 889
8173 18523 3286016 1 890
8172 18525 3286026 1 891
8171 18528 3286036 1 893
8170 18531 3286046 1 894
8168 18536 3286056 1 895
8167 18540 3286066 1 896
8166 18542 3286076 1 897
8166 18544 3286086 1 898
8165 18548 3286096 1 898
8165 18552 3286106 1 898
8165 18555 3286116 1 899
8165 18558 3286126 1 900
8164 18560 3286136 1 902
8164 18563 3286146 1 902
8163 18565 3286156 1 903
8162 18567 3286166 1 904
8160 18568 3286176 1 905
8157 18570 3286186 1 906
8155 18572 3286196 1 906
8153 18573 3286206 1 908
8151 18575 3286216 1 908
8150 18575 3286226 1 910
8149 18576 3286236 1 910
8149 18576 3286246 1 910
8148 18576 3286256 1 911
8147 18576 3286266 1 912
8147 18575 3286276 1 913
8146 18574 3286286 1 914
8146 18573 3286296 1 914
8146 18572 3286306 1 916
8145 18570 3286316 1 916
8144 18568 3286326 1 916
8143 18567 3286336 1 918
8141 18565 3286346 1 918
8139 18563 3286356 1 919
8137 18560 3286366 1 920
8135 18558 3286376 1 921
8133 18556 3286386 1 922
8132 18555 3286396 1 923
8131 18554 3286406 1 923
8131 18551 3286416 1 923
8131 18549 3286426 1 925
8132 18547 3286436 1 925
8134 18545 3286446 1 926
8136 18543 3286456 1 927
8140 18541 3286466 1 927
8144 18539 3286476 1 928
8149 18538 3286486 1 929
8155 18536 3286496 1 930
8160 18535 3286506 1 931
8165 18534 3286516 1 932
8169 18533 3286526 1 932
8173 18532 3286536 1 932
8175 18531 3286546 1 934
8176 18530 3286556 1 934
8177 18530 3286566 1 934
8177 18529 3286576 1 936
8176 18528 3286586 1 936
8173 18528 3286596 1 937
8170 18527 3286606 1 938
8165 18527 3286616 1 939
8160 18527 3286626 1 939
8155 18528 3286636 1 941
8150 18528 3286646 1 941
8145 18529 3286656 1 942
8142 18529 3286666 1 943
8140 18530 3286676 1 944
8139 18531 3286686 1 944
8140 18531 3286696 1 945
8142 18532 3286706 1 946
8144 18532 3286716 1 946
8146 18532 3286726 1 946
8150 18532 3286736 1 947
8155 18532 3286746 1 949
8159 18532 3286756 1 949
8164 18532 3286766 1 949
8168 18532 3286776 1 951
8171 18531 3286786 1 951
8173 18531 3286796 1 952
8174 18530 3286806 1 952
8175 18529 3286816 1 954
8175 18529 3286826 1 954
8174 18528 3286836 1 955
8173 18527 3286846 1 956
8171 18526 3286856 1 957
8169 18526 3286866 1 957
8168 18525 3286876 1 958
8166 18525 3286886 1 959
8166 18525 3286896 1 960
8165 18525 3286906 1 960
8165 18525 3286916 1 960
8165 18525 3286926 1 962
8166 18525 3286936 1 963
8166 18525 3286946 1 963
8166 18525 3286956 1 963
8165 18525 3286966 1 965
8164 18525 3286976 1 966
8162 18525 3286986 1 966
8159 18524 3286996 1 966
8156 18524 3287006 1 967
8153 18524 3287016 1 969
8150 18524 3287026 1 969
8148 18524 3287036 1 969
8146 18525 3287046 1 970
