8131 17815 7964486 1 928
8127 17809 7964496 1 931
8121 17805 7964506 1 934
8114 17803 7964516 1 936
8106 17803 7964526 1 938
8099 17805 7964536 1 939
8093 17810 7964546 1 940
8089 17816 7964556 1 940
8085 17822 7964566 1 941
8083 17829 7964576 1 942
8082 17835 7964586 1 942
8082 17842 7964596 1 943
8083 17848 7964606 1 943
8086 17854 7964616 1 944
8090 17859 7964626 1 945
8095 17863 7964636 1 944
8100 17866 7964646 1 945
8105 17867 7964656 1 945
8110 17867 7964666 1 945
8113 17866 7964676 1 900
8116 17863 7964686 1 686
8118 17860 7964696 1 497
8119 17856 7964706 1 332
8119 17851 7964716 1 231
8119 17845 7964726 1 191
8119 17840 7964736 1 187
8119 17834 7964746 1 185
8119 17828 7964756 1 184
8120 17822 7964766 1 182
8121 17816 7964776 1 181
8123 17810 7964786 1 180
8125 17805 7964796 1 179
8128 17799 7964806 1 179
8131 17792 7964816 1 178
8133 17785 7964826 1 176
8135 17777 7964836 1 175
8136 17768 7964846 1 173
8135 17759 7964856 1 172
8132 17749 7964866 1 170
8127 17741 7964876 1 170
8120 17733 7964886 1 169
8112 17728 7964896 1 167
8103 17724 7964906 1 181
8094 17722 7964916 1 254
8086 17723 7964926 1 329
8078 17726 7964936 1 472
8071 17730 7964946 1 539
8064 17736 7964956 1 568
8058 17743 7964966 1 602
8052 17751 7964976 1 657
8047 17759 7964986 1 704
8043 17768 7964996 1 742
8039 17776 7965006 1 771
8035 17784 7965016 1 791
8032 17792 7965026 1 806
8028 17798 7965036 1 812
8025 17803 7965046 1 813
8022 17807 7965056 1 814
8020 17809 7965066 1 811
8018 17810 7965076 1 804
8018 17809 7965086 1 793
8018 17807 7965096 1 781
8020 17804 7965106 1 767
8024 17800 7965116 1 759
8028 17795 7965126 1 752
8034 17791 7965136 1 739
8041 17787 7965146 1 726
8048 17783 7965156 1 715
8055 17780 7965166 1 707
8062 17778 7965176 1 702
8069 17778 7965186 1 700
8074 17778 7965196 1 699
8079 17780 7965206 1 699
8083 17784 7965216 1 700
8087 17790 7965226 1 703
8089 17798 7965236 1 706
8090 17807 7965246 1 710
8091 17817 7965256 1 715
8092 17828 7965266 1 719
8093 17837 7965276 1 721
8094 17844 7965286 1 724
8096 17850 7965296 1 728
8098 17853 7965306 1 731
8101 17853 7965316 1 733
8104 17851 7965326 1 735
8108 17847 7965336 1 736
8113 17841 7965346 1 737
8118 17833 7965356 1 737
8124 17826 7965366 1 737
8129 17818 7965376 1 738
8134 17810 7965386 1 737
8138 17802 7965396 1 737
8141 17795 7965406 1 737
8143 17788 7965416 1 736
8143 17782 7965426 1 736
8142 17778 7965436 1 736
8139 17775 7965446 1 736
8135 17772 7965456 1 736
8130 17770 7965466 1 736
8122 17769 7965476 1 736
8114 17767 7965486 1 736
8106 17766 7965496 1 737
8097 17764 7965506 1 737
8089 17762 7965516 1 737
8082 17760 7965526 1 738
8075 17759 7965536 1 739
8070 17757 7965546 1 740
8067 17756 7965556 1 741
8065 17755 7965566 1 742
8065 17754 7965576 1 743
8066 17754 7965586 1 744
8069 17754 7965596 1 744
8074 17755 7965606 1 745
8080 17756 7965616 1 746
8087 17758 7965626 1 747
8095 17760 7965636 1 749
8103 17762 7965646 1 750
8110 17764 7965656 1 751
8118 17765 7965666 1 753
8124 17767 7965676 1 754
8134 17769 7965686 1 755
8136 17769 7965696 1 756
8137 17770 7965706 1 758
8136 17770 7965716 1 759
8134 17771 7965726 1 760
8131 17773 7965736 1 762
8128 17774 7965746 1 763
8125 17776 7965756 1 763
8122 17778 7965766 1 764
8119 17780 7965776 1 765
8117 17782 7965786 1 766
8115 17784 7965796 1 767
8114 17785 7965806 1 768
8113 17786 7965816 1 769
8113 17786 7965826 1 769
8113 17786 7965836 1 770
8113 17786 7965846 1 772
8113 17786 7965856 1 773
8113 17785 7965866 1 773
8113 17784 7965876 1 774
8113 17783 7965886 1 775
8113 17783 7965896 1 776
8113 17782 7965906 1 777
8113 17782 7965916 1 777
8114 17782 7965926 1 777
8115 17782 7965936 1 779
8116 17782 7965946 1 780
8118 17783 7965956 1 781
8120 17784 7965966 1 783
8122 17785 7965976 1 785
8125 17785 7965986 1 786
8127 17786 7965996 1 787
8128 17787 7966006 1 790
8129 17788 7966016 1 792
8130 17789 7966026 1 794
8129 17790 7966036 1 797
8127 17792 7966046 1 799
8124 17795 7966056 1 801
8121 17797 7966066 1 802
8118 17800 7966076 1 803
8115 17803 7966086 1 804
8112 17805 7966096 1 806
8110 17807 7966106 1 807
8109 17808 7966116 1 807
8109 17808 7966126 1 807
8110 17808 7966136 1 807
8113 17806 7966146 1 807
8117 17804 7966156 1 806
8123 17801 7966166 1 804
8129 17798 7966176 1 802
8136 17795 7966186 1 799
8143 17792 7966196 1 797
8149 17789 7966206 1 799
8155 17786 7966216 1 806
8159 17784 7966226 1 810
8162 17783 7966236 1 820
8163 17782 7966246 1 840
8162 17783 7966256 1 863
8160 17784 7966266 1 888
8156 17786 7966276 1 913
8151 17788 7966286 1 936
8146 17790 7966296 1 970
8140 17792 7966306 1 980
8135 17794 7966316 1 975
8130 17795 7966326 1 970
8126 17796 7966336 1 954
8123 17796 7966346 1 925
8120 17796 7966356 1 881
8119 17795 7966366 1 820
8119 17793 7966376 1 742
8121 17792 7966386 1 699
8125 17790 7966396 1 649
8130 17788 7966406 1 549
8136 17787 7966416 1 445
8144 17786 7966426 1 341
8152 17786 7966436 1 245
8160 17786 7966446 1 158
8168 17787 7966456 1 88
8175 17787 7966466 1 39
8181 17789 7966476 1 17
8186 17790 7966486 1 19
8190 17791 7966496 1 20
8191 17792 7966506 1 22
8191 17793 7966516 1 23
8190 17794 7966526 1 25
8187 17794 7966536 1 25
8182 17794 7966546 1 25
8176 17794 7966556 1 26
8170 17793 7966566 1 28
8162 17792 7966576 1 29
8154 17791 7966586 1 31
8147 17790 7966596 1 31
8140 17788 7966606 1 40
8134 17787 7966616 1 58
8130 17786 7966626 1 69
8127 17785 7966636 1 84
8126 17784 7966646 1 116
8126 17783 7966656 1 155
8127 17783 7966666 1 199
8130 17783 7966676 1 246
8133 17783 7966686 1 298
8136 17784 7966696 1 351
8139 17784 7966706 1 378
8142 17785 7966716 1 405
8144 17785 7966726 1 461
8146 17786 7966736 1 516
8148 17787 7966746 1 570
8150 17787 7966756 1 670
8152 17787 7966766 1 715
8153 17786 7966776 1 755
8155 17785 7966786 1 775
8157 17784 7966796 1 789
8159 17782 7966806 1 818
8162 17781 7966816 1 839
8164 17779 7966826 1 851
8168 17778 7966836 1 857
8171 17777 7966846 1 861
8174 17777 7966856 1 865
8177 17777 7966866 1 867
8179 17777 7966876 1 867
8180 17780 7966886 1 870
8179 17783 7966896 1 870
8176 17786 7966906 1 869
8172 17788 7966916 1 869
8168 17790 7966926 1 868
8164 17791 7966936 1 867
8160 17791 7966946 1 866
8156 17791 7966956 1 865
8152 17789 7966966 1 864
8149 17787 7966976 1 863
8147 17783 7966986 1 862
8145 17779 7966996 1 861
8144 17774 7967006 1 861
8144 17769 7967016 1 861
8146 17765 7967026 1 861
8148 17762 7967036 1 862
8152 17760 7967046 1 862
8156 17759 7967056 1 863
8161 17759 7967066 1 864
8165 17760 7967076 1 865
8170 17761 7967086 1 866
8175 17764 7967096 1 867
8179 17767 7967106 1 867
8183 17772 7967116 1 868
8186 17776 7967126 1 869
8187 17780 7967136 1 869
8187 17784 7967146 1 870
8185 17787 7967156 1 871
8183 17789 7967166 1 871
8179 17791 7967176 1 871
8175 17792 7967186 1 872
8170 17793 7967196 1 873
8165 17794 7967206 1 874
8160 17795 7967216 1 874
8156 17796 7967226 1 875
8153 17798 7967236 1 875
8150 17799 7967246 1 876
8149 17802 7967256 1 876
8150 17804 7967266 1 876
8152 17806 7967276 1 877
8155 17808 7967286 1 877
8159 17810 7967296 1 878
8164 17811 7967306 1 878
8170 17811 7967316 1 879
8175 17811 7967326 1 879
8180 17811 7967336 1 880
8184 17810 7967346 1 880
8188 17809 7967356 1 880
8190 17808 7967366 1 881
8192 17806 7967376 1 881
8192 17805 7967386 1 881
8191 17803 7967396 1 883
8189 17800 7967406 1 883
8187 17798 7967416 1 883
8184 17795 7967426 1 884
8181 17793 7967436 1 884
8178 17790 7967446 1 885
8175 17787 7967456 1 885
8173 17784 7967466 1 885
8171 17781 7967476 1 886
8170 17778 7967486 1 886
8169 17775 7967496 1 886
8169 17772 7967506 1 887
8170 17769 7967516 1 887
8171 17767 7967526 1 887
8173 17765 7967536 1 888
8175 17763 7967546 1 888
8177 17762 7967556 1 889
8179 17760 7967566 1 889
8181 17759 7967576 1 889
8182 17758 7967586 1 889
8183 17757 7967596 1 890
8183 17756 7967606 1 890
8182 17756 7967616 1 892
8180 17756 7967626 1 892
8178 17756 7967636 1 892
8175 17757 7967646 1 893
8171 17758 7967656 1 893
8167 17760 7967666 1 893
8164 17762 7967676 1 894
8160 17763 7967686 1 894
8158 17765 7967696 1 894
8156 17767 7967706 1 895
8155 17768 7967716 1 895
8155 17769 7967726 1 895
8157 17769 7967736 1 896
8159 17769 7967746 1 896
8162 17768 7967756 1 896
8166 17767 7967766 1 896
8170 17766 7967776 1 897
8174 17764 7967786 1 897
8177 17762 7967796 1 897
8181 17760 7967806 1 898
8184 17758 7967816 1 899
8186 17757 7967826 1 899
8187 17756 7967836 1 899
8187 17755 7967846 1 900
8187 17755 7967856 1 900
8186 17755 7967866 1 900
8185 17755 7967876 1 901
8183 17756 7967886 1 901
8180 17757 7967896 1 901
8178 17758 7967906 1 901
8176 17759 7967916 1 902
8174 17760 7967926 1 902
8172 17760 7967936 1 902
8171 17761 7967946 1 902
8170 17761 7967956 1 903
8170 17760 7967966 1 903
8170 17760 7967976 1 903
8170 17759 7967986 1 903
8170 17758 7967996 1 904
8169 17757 7968006 1 904
8169 17755 7968016 1 904
8168 17754 7968026 1 905
8167 17753 7968036 1 905
8166 17752 7968046 1 906
8165 17751 7968056 1 906
8165 17751 7968066 1 906
8165 17751 7968076 1 906
