8019 18305 3458767 1 581
8018 18300 3458777 1 597
8017 18296 3458787 1 604
8015 18293 3458797 1 605
8013 18289 3458807 1 606
8011 18286 3458817 1 607
8009 18284 3458827 1 609
8007 18281 3458837 1 610
8005 18280 3458847 1 610
8003 18278 3458857 1 612
8002 18277 3458867 1 613
8000 18276 3458877 1 615
7998 18275 3458887 1 615
7995 18274 3458897 1 616
7992 18274 3458907 1 618
7989 18273 3458917 1 618
7986 18274 3458927 1 619
7984 18274 3458937 1 621
7982 18274 3458947 1 622
7980 18275 3458957 1 624
7978 18275 3458967 1 625
7976 18276 3458977 1 625
7975 18276 3458987 1 625
7973 18276 3458997 1 625
7972 18277 3459007 1 627
7971 18277 3459017 1 628
7970 18277 3459027 1 630
7969 18277 3459037 1 631
7968 18277 3459047 1 633
7967 18277 3459057 1 633
7966 18277 3459067 1 634
7965 18277 3459077 1 636
7965 18277 3459087 1 636
7964 18277 3459097 1 637
7964 18278 3459107 1 639
7963 18278 3459117 1 640
7963 18278 3459127 1 642
7963 18278 3459137 1 642
7963 18278 3459147 1 643
7963 18278 3459157 1 644
7963 18279 3459167 1 645
7963 18279 3459177 1 646
7963 18279 3459187 1 646
7962 18279 3459197 1 646
7962 18279 3459207 1 648
7961 18279 3459217 1 649
7960 18280 3459227 1 649
7959 18280 3459237 1 651
7958 18280 3459247 1 652
7957 18280 3459257 1 654
7956 18280 3459267 1 655
7956 18280 3459277 1 657
7955 18279 3459287 1 657
7955 18279 3459297 1 658
7955 18279 3459307 1 658
7955 18279 3459317 1 660
7956 18279 3459327 1 661
7957 18279 3459337 1 663
7958 18279 3459347 1 664
7959 18279 3459357 1 664
7961 18279 3459367 1 664
7962 18279 3459377 1 666
7963 18279 3459387 1 667
7964 18279 3459397 1 668
7965 18279 3459407 1 669
7966 18279 3459417 1 670
7967 18279 3459427 1 671
7968 18279 3459437 1 673
7969 18279 3459447 1 673
7970 18279 3459457 1 674
7970 18279 3459467 1 676
7971 18279 3459477 1 677
7972 18280 3459487 1 679
7973 18280 3459497 1 680
7973 18280 3459507 1 680
7974 18280 3459517 1 680
7974 18280 3459527 1 682
7975 18281 3459537 1 683
7976 18281 3459547 1 684
7977 18282 3459557 1 684
7977 18282 3459567 1 686
7979 18283 3459577 1 687
7979 18283 3459587 1 687
7980 18283 3459597 1 687
7981 18284 3459607 1 689
7983 18284 3459617 1 690
7985 18285 3459627 1 692
7987 18286 3459637 1 692
7988 18286 3459647 1 693
7990 18287 3459657 1 694
7992 18287 3459667 1 696
7994 18288 3459677 1 696
7995 18288 3459687 1 697
7997 18289 3459697 1 699
7998 18289 3459707 1 700
7999 18289 3459717 1 701
8001 18289 3459727 1 703
8002 18289 3459737 1 703
8004 18289 3459747 1 704
8005 18289 3459757 1 704
8007 18290 3459767 1 704
8009 18290 3459777 1 706
8011 18290 3459787 1 707
8013 18291 3459797 1 709
8016 18291 3459807 1 710
8018 18291 3459817 1 710
8021 18292 3459827 1 711
8025 18292 3459837 1 713
8028 18293 3459847 1 714
8032 18294 3459857 1 715
8036 18295 3459867 1 717
8040 18296 3459877 1 717
8045 18297 3459887 1 718
8050 18298 3459897 1 718
8054 18300 3459907 1 720
8059 18302 3459917 1 721
8064 18304 3459927 1 722
8069 18306 3459937 1 723
8074 18309 3459947 1 724
8079 18311 3459957 1 725
8084 18313 3459967 1 725
8088 18316 3459977 1 727
8093 18318 3459987 1 728
8095 18319 3459997 1 729
8097 18320 3460007 1 729
8100 18323 3460017 1 729
8103 18325 3460027 1 731
8106 18327 3460037 1 732
8108 18329 3460047 1 733
8110 18332 3460057 1 733
8111 18334 3460067 1 735
8111 18337 3460077 1 736
8111 18339 3460087 1 738
8111 18341 3460097 1 739
8110 18344 3460107 1 740
8108 18346 3460117 1 740
8106 18348 3460127 1 742
8104 18351 3460137 1 743
8101 18353 3460147 1 743
8098 18355 3460157 1 743
8094 18357 3460167 1 744
8090 18359 3460177 1 746
8085 18360 3460187 1 747
8080 18362 3460197 1 748
8075 18362 3460207 1 748
8070 18363 3460217 1 750
8064 18363 3460227 1 751
8058 18363 3460237 1 752
8052 18362 3460247 1 754
8046 18361 3460257 1 755
8039 18359 3460267 1 755
8033 18357 3460277 1 756
8026 18355 3460287 1 758
8020 18353 3460297 1 758
8015 18351 3460307 1 759
8010 18348 3460317 1 760
8005 18345 3460327 1 761
8001 18342 3460337 1 762
7997 18338 3460347 1 763
7994 18334 3460357 1 763
7991 18330 3460367 1 764
7988 18325 3460377 1 766
7985 18321 3460387 1 767
7983 18316 3460397 1 768
7982 18314 3460407 1 769
7981 18311 3460417 1 770
7979 18306 3460427 1 770
7977 18301 3460437 1 771
7976 18296 3460447 1 772
7975 18291 3460457 1 772
7975 18286 3460467 1 774
7975 18280 3460477 1 775
7976 18275 3460487 1 776
7977 18270 3460497 1 778
7978 18265 3460507 1 778
7980 18261 3460517 1 779
7982 18256 3460527 1 780
7984 18251 3460537 1 780
7986 18247 3460547 1 781
7988 18243 3460557 1 783
7990 18240 3460567 1 784
7993 18236 3460577 1 784
7995 18233 3460587 1 785
7997 18230 3460597 1 787
7999 18228 3460607 1 788
8001 18225 3460617 1 788
8003 18222 3460627 1 789
8004 18220 3460637 1 790
8006 18217 3460647 1 792
8007 18215 3460657 1 792
8008 18213 3460667 1 793
8009 18211 3460677 1 794
8010 18210 3460687 1 796
8010 18208 3460697 1 797
8011 18207 3460707 1 798
8012 18206 3460717 1 798
8012 18206 3460727 1 798
8012 18206 3460737 1 799
8012 18206 3460747 1 801
8012 18207 3460757 1 802
8012 18208 3460767 1 803
8012 18209 3460777 1 805
8011 18210 3460787 1 805
8010 18212 3460797 1 806
8009 18214 3460807 1 806
8009 18215 3460817 1 806
8008 18216 3460827 1 807
8007 18219 3460837 1 808
8007 18221 3460847 1 810
8006 18224 3460857 1 811
8005 18226 3460867 1 812
8005 18229 3460877 1 813
8005 18231 3460887 1 813
8005 18234 3460897 1 815
8004 18236 3460907 1 816
8004 18239 3460917 1 816
8004 18241 3460927 1 817
8004 18243 3460937 1 818
8004 18245 3460947 1 820
8005 18247 3460957 1 820
8005 18249 3460967 1 821
8005 18251 3460977 1 822
8006 18252 3460987 1 822
8007 18254 3460997 1 823
8007 18255 3461007 1 825
8008 18257 3461017 1 826
8009 18258 3461027 1 827
8011 18259 3461037 1 827
8012 18260 3461047 1 828
8013 18261 3461057 1 829
8014 18262 3461067 1 831
8016 18262 3461077 1 832
8017 18263 3461087 1 833
8018 18263 3461097 1 833
8019 18263 3461107 1 833
8020 18264 3461117 1 834
8021 18264 3461127 1 836
8021 18264 3461137 1 837
8022 18264 3461147 1 838
8023 18264 3461157 1 839
8023 18264 3461167 1 840
8023 18263 3461177 1 840
8023 18263 3461187 1 842
8024 18263 3461197 1 842
8024 18263 3461207 1 843
8024 18263 3461217 1 844
8023 18262 3461227 1 845
8023 18262 3461237 1 845
8023 18262 3461247 1 846
8022 18261 3461257 1 848
8021 18261 3461267 1 848
8021 18260 3461277 1 849
8020 18260 3461287 1 850
8020 18259 3461297 1 851
8019 18258 3461307 1 852
8019 18257 3461317 1 852
8019 18256 3461327 1 854
8019 18255 3461337 1 854
8019 18254 3461347 1 855
8018 18254 3461357 1 856
8018 18253 3461367 1 857
8018 18252 3461377 1 858
8019 18251 3461387 1 860
8019 18250 3461397 1 861
8019 18249 3461407 1 861
8020 18248 3461417 1 862
8020 18247 3461427 1 863
8020 18246 3461437 1 864
8020 18245 3461447 1 864
8020 18244 3461457 1 866
8021 18243 3461467 1 867
8021 18243 3461477 1 868
8021 18242 3461487 1 868
8021 18242 3461497 1 868
8021 18241 3461507 1 869
8021 18241 3461517 1 870
8021 18241 3461527 1 871
8021 18241 3461537 1 873
8021 18241 3461547 1 874
8021 18242 3461557 1 875
8021 18242 3461567 1 875
8021 18242 3461577 1 876
8021 18243 3461587 1 877
8022 18244 3461597 1 878
8022 18245 3461607 1 879
8023 18246 3461617 1 881
8024 18247 3461627 1 881
8025 18247 3461637 1 881
8026 18248 3461647 1 882
8027 18249 3461657 1 883
8028 18250 3461667 1 884
8029 18251 3461677 1 885
8030 18252 3461687 1 886
8031 18253 3461697 1 887
8032 18254 3461707 1 887
8033 18254 3461717 1 887
8033 18255 3461727 1 889
8034 18256 3461737 1 890
8035 18257 3461747 1 890
8035 18258 3461757 1 891
8035 18259 3461767 1 892
8035 18260 3461777 1 893
8036 18261 3461787 1 894
8036 18262 3461797 1 894
8036 18263 3461807 1 895
8037 18265 3461817 1 897
8038 18266 3461827 1 898
8038 18267 3461837 1 899
8038 18269 3461847 1 900
8039 18271 3461857 1 901
8039 18273 3461867 1 901
8039 18274 3461877 1 902
8039 18276 3461887 1 903
8039 18278 3461897 1 903
8039 18280 3461907 1 904
8038 18282 3461917 1 906
8038 18284 3461927 1 907
8038 18285 3461937 1 907
8038 18287 3461947 1 908
8038 18288 3461957 1 909
8038 18290 3461967 1 910
8038 18291 3461977 1 911
8038 18292 3461987 1 912
8038 18293 3461997 1 913
8038 18294 3462007 1 913
8038 18295 3462017 1 914
8038 18295 3462027 1 915
8037 18296 3462037 1 917
8037 18296 3462047 1 917
8037 18296 3462057 1 918
8037 18297 3462067 1 919
8036 18298 3462077 1 920
8035 18298 3462087 1 920
8034 18298 3462097 1 920
8033 18298 3462107 1 921
8032 18298 3462117 1 922
8031 18298 3462127 1 923
8029 18298 3462137 1 924
8028 18298 3462147 1 925
8028 18298 3462157 1 925
8027 18298 3462167 1 926
8027 18298 3462177 1 926
8026 18297 3462187 1 927
8026 18297 3462197 1 928
8026 18297 3462207 1 930
8026 18297 3462217 1 931
8027 18296 3462227 1 932
8027 18296 3462237 1 933
8027 18296 3462247 1 933
8028 18296 3462257 1 934
8028 18295 3462267 1 935
8029 18295 3462277 1 935
8030 18295 3462287 1 936
8030 18295 3462297 1 937
8031 18295 3462307 1 938
8031 18294 3462317 1 939
8032 18294 3462327 1 939
8032 18294 3462337 1 940
8033 18293 3462347 1 941
8033 18293 3462357 1 942
8033 18293 3462367 1 943
8033 18292 3462377 1 944
8033 18292 3462387 1 945
8033 18291 3462397 1 945
8033 18290 3462407 1 946
8033 18290 3462417 1 948
8032 18289 3462427 1 949
8032 18288 3462437 1 950
8031 18287 3462447 1 951
8031 18287 3462457 1 951
8030 18286 3462467 1 952
8029 18285 3462477 1 952
8027 18284 3462487 1 952
8026 18283 3462497 1 953
8024 18282 3462507 1 954
8023 18281 3462517 1 955
8022 18280 3462527 1 956
8021 18279 3462537 1 957
8020 18278 3462547 1 957
8019 18277 3462557 1 958
8018 18276 3462567 1 959
8017 18275 3462577 1 960
8016 18274 3462587 1 961
8016 18273 3462597 1 962
8016 18272 3462607 1 963
8016 18271 3462617 1 963
8016 18270 3462627 1 964
8017 18270 3462637 1 965
8017 18270 3462647 1 966
8018 18269 3462657 1 967
8018 18269 3462667 1 968
8019 18268 3462677 1 968
8019 18268 3462687 1 969
8020 18267 3462697 1 969
8021 18267 3462707 1 970
8022 18266 3462717 1 971
8023 18265 3462727 1 972
8024 18264 3462737 1 973
8025 18263 3462747 1 974
8027 18262 3462757 1 975
8028 18261 3462767 1 975
8030 18260 3462777 1 976
8032 18259 3462787 1 977
8034 18258 3462797 1 978
8035 18257 3462807 1 979
8037 18256 3462817 1 980
8039 18255 3462827 1 981
8040 18254 3462837 1 981
8042 18254 3462847 1 982
8043 18253 3462857 1 983
8043 18252 3462867 1 983
8044 18252 3462877 1 983
8045 18251 3462887 1 984
8046 18251 3462897 1 985
8047 18250 3462907 1 986
8048 18249 3462917 1 987
8049 18249 3462927 1 987
8050 18248 3462937 1 988
8051 18248 3462947 1 989
8051 18247 3462957 1 990
8052 18247 3462967 1 991
8052 18246 3462977 1 992
8052 18246 3462987 1 993
8052 18246 3462997 1 993
8052 18245 3463007 1 994
8052 18245 3463017 1 995
8053 18245 3463027 1 996
8053 18245 3463037 1 997
8053 18245 3463047 1 998
8053 18245 3463057 1 998
8054 18245 3463067 1 999
8054 18245 3463077 1 999
8055 18245 3463087 1 1000
8056 18246 3463097 1 1000
8056 18246 3463107 1 1001
8056 18247 3463117 1 1002
8057 18248 3463127 1 1003
8057 18248 3463137 1 1004
8058 18249 3463147 1 1004
8058 18250 3463157 1 1005
8058 18251 3463167 1 1006
8058 18252 3463177 1 1007
8057 18253 3463187 1 1008
8057 18254 3463197 1 1009
8056 18255 3463207 1 1010
8055 18256 3463217 1 1010
8055 18257 3463227 1 1011
8054 18257 3463237 1 1012
8053 18258 3463247 1 1012
8052 18259 3463257 1 1013
8051 18260 3463267 1 1014
8051 18260 3463277 1 1014
8051 18261 3463287 1 1015
8051 18261 3463297 1 1016
8051 18262 3463307 1 1017
8051 18262 3463317 1 1016
8052 18263 3463327 1 1017
8052 18263 3463337 1 1018
8053 18263 3463347 1 1019
8054 18263 3463357 1 1020
8055 18263 3463367 1 1021
8056 18262 3463377 1 1022
8058 18262 3463387 1 1022
8060 18262 3463397 1 1023
8061 18262 3463407 1 1024
8063 18261 3463417 1 1024
8065 18261 3463427 1 1024
8067 18261 3463437 1 1024
8069 18260 3463447 1 1024
8071 18260 3463457 1 1024
8072 18260 3463467 1 1024
8074 18260 3463477 1 1024
8075 18260 3463487 1 1024
8076 18260 3463497 1 1024
8077 18260 3463507 1 1024
8078 18260 3463517 1 1024
8079 18261 3463527 1 1024
8080 18261 3463537 1 1024
8082 18262 3463547 1 1024
8083 18263 3463557 1 1024
8084 18263 3463567 1 1024
8085 18264 3463577 1 1024
8087 18265 3463587 1 1024
8088 18266 3463597 1 1024
8089 18266 3463607 1 1024
8090 18267 3463617 1 1024
8091 18268 3463627 1 1024
8092 18269 3463637 1 1024
8093 18270 3463647 1 1024
8094 18271 3463657 1 1024
8094 18272 3463667 1 1024
8095 18273 3463677 1 1024
8095 18273 3463687 1 1024
8095 18274 3463697 1 1024
8095 18274 3463707 1 1024
8095 18275 3463717 1 1024
8095 18276 3463727 1 1024
8094 18276 3463737 1 1024
8094 18276 3463747 1 1024
8093 18277 3463757 1 1024
8092 18277 3463767 1 1024
8090 18277 3463777 1 1024
8089 18277 3463787 1 1024
8088 18276 3463797 1 1024
8086 18276 3463807 1 1024
8085 18276 3463817 1 1024
8084 18276 3463827 1 1024
8083 18276 3463837 1 1024
8081 18275 3463847 1 1024
8080 18275 3463857 1 1024
8079 18275 3463867 1 1024
8078 18275 3463877 1 1024
8077 18274 3463887 1 1024
8076 18274 3463897 1 1024
8076 18274 3463907 1 1024
8075 18274 3463917 1 1024
8075 18273 3463927 1 1024
8075 18273 3463937 1 1024
8075 18273 3463947 1 1024
8075 18273 3463957 1 1024
8075 18273 3463967 1 1024
8075 18273 3463977 1 1024
8075 18273 3463987 1 1024
8076 18273 3463997 1 1024
8077 18273 3464007 1 1024
8078 18273 3464017 1 1024
8079 18273 3464027 1 1024
8081 18273 3464037 1 1024
8082 18273 3464047 1 1024
8084 18273 3464057 1 1024
8085 18274 3464067 1 1024
8086 18274 3464077 1 1023
8087 18274 3464087 1 1023
8088 18274 3464097 1 1023
8088 18274 3464107 1 1023
8088 18275 3464117 1 1023
8088 18275 3464127 1 1023
8088 18275 3464137 1 1023
8087 18276 3464147 1 1023
8087 18276 3464157 1 1023
8087 18276 3464167 1 1023
8087 18276 3464177 1 1023
8087 18277 3464187 1 1023
8087 18277 3464197 1 1023
8087 18277 3464207 1 1023
8088 18277 3464217 1 1023
8088 18277 3464227 1 1023
8089 18277 3464237 1 1023
8089 18277 3464247 1 1023
8090 18277 3464257 1 1024
8090 18276 3464267 1 1024
8091 18276 3464277 1 1024
8092 18276 3464287 1 1024
8093 18276 3464297 1 1024
8093 18276 3464307 1 1024
8094 18276 3464317 1 1024
8095 18276 3464327 1 1024
8096 18276 3464337 1 1024
8096 18276 3464347 1 1024
8097 18276 3464357 1 1024
8098 18276 3464367 1 1024
8098 18276 3464377 1 1024
8099 18276 3464387 1 1024
8099 18276 3464397 1 1024
8099 18276 3464407 1 1024
8100 18276 3464417 1 1024
8099 18276 3464427 1 1024
8099 18276 3464437 1 1024
8099 18276 3464447 1 1024
8099 18276 3464457 1 1024
8100 18275 3464467 1 1024
8100 18275 3464477 1 1024
8100 18275 3464487 1 1024
8100 18275 3464497 1 1024
8100 18275 3464507 1 1024
8100 18275 3464517 1 1024
8100 18275 3464527 1 1024
8101 18274 3464537 1 1024
8101 18274 3464547 1 1024
8102 18274 3464557 1 1024
8103 18274 3464567 1 1024
8104 18274 3464577 1 1024
8105 18273 3464587 1 1024
8106 18273 3464597 1 1024
8107 18273 3464607 1 1024
8108 18272 3464617 1 1024
8109 18272 3464627 1 1024
8110 18271 3464637 1 1024
8111 18271 3464647 1 1024
8112 18270 3464657 1 1024
8112 18270 3464667 1 1024
8113 18269 3464677 1 1024
8113 18269 3464687 1 1024
8113 18268 3464697 1 1024
8113 18267 3464707 1 1024
8113 18266 3464717 1 1024
8113 18266 3464727 1 1024
8113 18265 3464737 1 1024
8112 18264 3464747 1 1024
8112 18263 3464757 1 1024
8111 18262 3464767 1 1024
8110 18261 3464777 1 1024
8109 18260 3464787 1 1024
8108 18259 3464797 1 1024
8106 18258 3464807 1 1024
8104 18258 3464817 1 1024
8103 18257 3464827 1 1024
8101 18256 3464837 1 1024
8100 18256 3464847 1 1024
8098 18255 3464857 1 1024
8096 18255 3464867 1 1024
8095 18255 3464877 1 1024
8093 18255 3464887 1 1024
8092 18254 3464897 1 1024
8091 18254 3464907 1 1024
8090 18254 3464917 1 1024
8090 18255 3464927 1 1024
8089 18255 3464937 1 1024
8088 18255 3464947 1 1024
8088 18255 3464957 1 1024
8088 18255 3464967 1 1024
8088 18255 3464977 1 1024
8088 18256 3464987 1 1024
8088 18256 3464997 1 1024
8088 18256 3465007 1 1024
8088 18256 3465017 1 1024
8088 18257 3465027 1 1024
8088 18257 3465037 1 1024
8089 18257 3465047 1 1024
8089 18257 3465057 1 1024
8090 18257 3465067 1 1024
8091 18257 3465077 1 1024
8092 18256 3465087 1 1024
8093 18256 3465097 1 1024
8094 18257 3465107 1 1024
8095 18257 3465117 1 1024
8096 18257 3465127 1 1024
8097 18257 3465137 1 1024
8098 18257 3465147 1 1024
8099 18258 3465157 1 1024
8099 18258 3465167 1 1024
8099 18259 3465177 1 1024
8099 18259 3465187 1 1024
8099 18260 3465197 1 1024
8099 18260 3465207 1 1024
8099 18261 3465217 1 1024
8098 18262 3465227 1 1024
8097 18262 3465237 1 1024
8096 18263 3465247 1 1024
8095 18263 3465257 1 1024
8094 18264 3465267 1 1024
8093 18265 3465277 1 1024
8092 18265 3465287 1 1024
8091 18266 3465297 1 1024
8090 18267 3465307 1 1024
8089 18268 3465317 1 1024
8088 18268 3465327 1 1024
8087 18269 3465337 1 1024
8086 18270 3465347 1 1024
8085 18271 3465357 1 1024
8084 18272 3465367 1 1024
8084 18273 3465377 1 1024
8083 18274 3465387 1 1024
8083 18275 3465397 1 1024
8084 18276 3465407 1 1024
8085 18277 3465417 1 1024
8086 18278 3465427 1 1024
8088 18279 3465437 1 1024
8089 18281 3465447 1 1024
8091 18282 3465457 1 1024
8093 18283 3465467 1 1024
8095 18284 3465477 1 1024
8097 18284 3465487 1 1024
8098 18285 3465497 1 1024
8100 18286 3465507 1 1024
8101 18287 3465517 1 1024
8103 18288 3465527 1 1024
8105 18288 3465537 1 1024
8106 18289 3465547 1 1024
8108 18290 3465557 1 1024
8110 18291 3465567 1 1024
8111 18291 3465577 1 1024
8112 18292 3465587 1 1024
8113 18293 3465597 1 1024
8114 18293 3465607 1 1024
8114 18294 3465617 1 1024
8114 18294 3465627 1 1024
8114 18294 3465637 1 1024
8114 18295 3465647 1 1024
8114 18295 3465657 1 1024
8113 18295 3465667 1 1024
8113 18295 3465677 1 1024
8112 18295 3465687 1 1024
8112 18295 3465697 1 1024
8112 18295 3465707 1 1024
8113 18295 3465717 1 1024
8113 18295 3465727 1 1024
8113 18295 3465737 1 1024
8113 18295 3465747 1 1024
8113 18295 3465757 1 1024
8113 18295 3465767 1 1024
8113 18294 3465777 1 1024
8113 18294 3465787 1 1024
8113 18294 3465797 1 1024
8113 18293 3465807 1 1024
8112 18293 3465817 1 1024
8112 18292 3465827 1 1024
8112 18292 3465837 1 1024
8111 18291 3465847 1 1024
8111 18291 3465857 1 1024
8110 18291 3465867 1 1024
8110 18290 3465877 1 1024
8109 18290 3465887 1 1024
8108 18290 3465897 1 1024
8108 18290 3465907 1 1024
8107 18289 3465917 1 1024
8107 18289 3465927 1 1024
8106 18289 3465937 1 1024
8106 18289 3465947 1 1024
8106 18289 3465957 1 1024
8106 18289 3465967 1 1024
8106 18289 3465977 1 1024
8106 18289 3465987 1 1024
8106 18290 3465997 1 1024
8107 18290 3466007 1 1024
8107 18290 3466017 1 1024
8108 18290 3466027 1 1024
8109 18290 3466037 1 1024
8109 18290 3466047 1 1024
8110 18290 3466057 1 1024
8110 18290 3466067 1 1024
8111 18290 3466077 1 1024
8112 18290 3466087 1 1024
8112 18290 3466097 1 1024
8113 18291 3466107 1 1024
8114 18291 3466117 1 1024
8114 18291 3466127 1 1024
8115 18291 3466137 1 1024
8115 18291 3466147 1 1024
8116 18291 3466157 1 1024
8116 18291 3466167 1 1024
8117 18291 3466177 1 1024
8117 18291 3466187 1 1024
8117 18291 3466197 1 1024
8118 18291 3466207 1 1024
8118 18291 3466217 1 1024
8118 18291 3466227 1 1024
8118 18291 3466237 1 1024
8118 18291 3466247 1 1024
8117 18291 3466257 1 1024
8117 18291 3466267 1 1024
8116 18291 3466277 1 1024
8115 18291 3466287 1 1024
8113 18291 3466297 1 1024
8111 18291 3466307 1 1024
8110 18291 3466317 1 1024
8108 18291 3466327 1 1024
8106 18291 3466337 1 1024
8104 18291 3466347 1 1024
8103 18292 3466357 1 1024
8101 18292 3466367 1 1024
8099 18292 3466377 1 1024
8098 18292 3466387 1 1024
8096 18292 3466397 1 1024
8095 18292 3466407 1 1024
8094 18292 3466417 1 1024
8093 18292 3466427 1 1024
8092 18292 3466437 1 1024
8091 18292 3466447 1 1024
8091 18292 3466457 1 1024
8091 18291 3466467 1 1024
8092 18291 3466477 1 981
8092 18290 3466487 1 712
8093 18290 3466497 1 212
8094 18289 3466507 0 0
8095 18289 3466517 0 0
8096 18288 3466527 0 0
8097 18287 3466537 0 0
8098 18287 3466547 0 0
8098 18286 3466557 0 0
8099 18286 3466567 0 0
8100 18286 3466577 0 0
8101 18285 3466587 0 0
8103 18285 3466597 0 0
8104 18285 3466607 0 0
8105 18285 3466617 0 0
8106 18284 3466627 0 0
8108 18284 3466637 0 0
8109 18284 3466647 0 0
8110 18284 3466657 0 0
8111 18283 3466667 0 0
8112 18283 3466677 0 0
8112 18283 3466687 0 0
8113 18282 3466697 0 0
8114 18282 3466707 0 0
8114 18282 3466717 0 0
8115 18281 3466727 0 0
8116 18281 3466737 0 0
8117 18280 3466747 0 0
8117 18280 3466757 0 0
8118 18279 3466767 0 0
8118 18279 3466777 0 0
8119 18278 3466787 1 27
8119 18278 3466797 1 92
8120 18277 3466807 1 164
8121 18277 3466817 1 240
8122 18276 3466827 1 321
8123 18276 3466837 1 403
8124 18276 3466847 1 487
8125 18276 3466857 1 570
8127 18275 3466867 1 650
8128 18275 3466877 1 727
8128 18275 3466887 1 799
8129 18274 3466897 1 866
8130 18274 3466907 1 924
8130 18274 3466917 1 972
8130 18273 3466927 1 1009
8130 18273 3466937 1 1024
8130 18272 3466947 1 1024
8129 18272 3466957 1 1024
8129 18272 3466967 1 1024
8129 18272 3466977 1 1024
8129 18271 3466987 1 1024
8128 18271 3466997 1 1024
8128 18270 3467007 1 1024
8128 18270 3467017 1 1024
8127 18269 3467027 1 1024
8126 18269 3467037 1 1024
8126 18268 3467047 1 1024
8125 18267 3467057 1 1024
8124 18266 3467067 1 1024
8123 18264 3467077 1 1024
8122 18263 3467087 1 1024
8122 18261 3467097 1 1024
8121 18260 3467107 1 1024
8121 18259 3467117 1 1024
8120 18257 3467127 1 1024
8119 18256 3467137 1 1024
8119 18255 3467147 1 1024
8118 18254 3467157 1 1024
8117 18253 3467167 1 1024
8117 18252 3467177 1 1024
8116 18252 3467187 1 1024
8115 18251 3467197 1 1024
8114 18251 3467207 1 1024
8113 18250 3467217 1 1024
8112 18250 3467227 1 1024
8112 18250 3467237 1 1024
8111 18250 3467247 1 1024
8110 18249 3467257 1 1024
8109 18249 3467267 1 1024
8109 18249 3467277 1 1024
8108 18249 3467287 1 1024
8108 18248 3467297 1 1024
8108 18248 3467307 1 1024
8108 18248 3467317 1 1024
8109 18247 3467327 1 1024
8110 18247 3467337 1 1024
8112 18246 3467347 1 1024
8114 18246 3467357 1 1024
8116 18245 3467367 1 1024
8117 18245 3467377 1 1024
8119 18244 3467387 1 1024
8122 18244 3467397 1 1024
8125 18243 3467407 1 1024
8129 18242 3467417 1 1024
8133 18242 3467427 1 1024
8137 18242 3467437 1 1024
8140 18242 3467447 1 1024
8144 18242 3467457 1 1024
8147 18242 3467467 1 1024
8150 18243 3467477 1 1024
8153 18244 3467487 1 1024
8156 18245 3467497 1 1024
8159 18246 3467507 1 1024
8162 18247 3467517 1 1024
8164 18249 3467527 1 1024
8165 18250 3467537 1 1024
8167 18252 3467547 1 1024
8168 18253 3467557 1 1024
8168 18254 3467567 1 1024
8169 18256 3467577 1 1024
8169 18257 3467587 1 1024
8169 18258 3467597 1 1024
8169 18259 3467607 1 1024
8169 18261 3467617 1 1024
8168 18262 3467627 1 1024
8168 18263 3467637 1 1024
8167 18265 3467647 1 1024
8165 18266 3467657 1 1024
8164 18267 3467667 1 1024
8162 18269 3467677 1 1024
8160 18270 3467687 1 1024
8157 18272 3467697 1 1024
8155 18274 3467707 1 1024
8152 18275 3467717 1 1024
8150 18277 3467727 1 1024
8147 18278 3467737 1 1024
8145 18279 3467747 1 1024
8143 18280 3467757 1 1024
8141 18281 3467767 1 1024
8139 18282 3467777 1 1024
8139 18282 3467787 1 1024
8138 18282 3467797 1 1024
8137 18283 3467807 1 1024
8135 18283 3467817 1 1024
8134 18283 3467827 1 1024
8133 18284 3467837 1 1024
8133 18284 3467847 1 1024
8132 18284 3467857 1 1024
8131 18284 3467867 1 1024
8130 18283 3467877 1 1024
8129 18283 3467887 1 1024
8129 18283 3467897 1 1024
8128 18282 3467907 1 1024
8127 18282 3467917 1 1024
8125 18281 3467927 1 1024
8124 18280 3467937 1 1024
8123 18279 3467947 1 958
8122 18278 3467957 1 868
8121 18277 3467967 1 777
8120 18276 3467977 1 688
8118 18275 3467987 1 598
8117 18274 3467997 1 510
8117 18273 3468007 1 422
8116 18272 3468017 1 339
8116 18272 3468027 1 257
8116 18271 3468037 1 178
8116 18270 3468047 1 103
8116 18270 3468057 1 33
8116 18269 3468067 0 0
8116 18269 3468077 0 0
8117 18269 3468087 0 0
8117 18269 3468097 0 0
8118 18269 3468107 0 0
8120 18268 3468117 0 0
8121 18268 3468127 0 0
8123 18268 3468137 0 0
8126 18268 3468147 0 0
8128 18267 3468157 0 0
8130 18266 3468167 0 0
8131 18266 3468177 0 0
8133 18265 3468187 0 0
8134 18265 3468197 0 0
8134 18264 3468207 0 0
8135 18263 3468217 0 0
8136 18262 3468227 0 0
8136 18262 3468237 0 0
8136 18261 3468247 0 0
8136 18260 3468257 1 42
8135 18259 3468267 1 147
8135 18258 3468277 1 264
8134 18257 3468287 1 397
8133 18257 3468297 1 544
8133 18256 3468307 1 708
8132 18256 3468317 1 788
8132 18255 3468327 1 887
8131 18255 3468337 1 1024
8131 18255 3468347 1 1024
8131 18255 3468357 1 1024
8131 18255 3468367 1 1024
8131 18255 3468377 1 1024
8131 18256 3468387 1 1024
8131 18256 3468397 1 1024
8131 18256 3468407 1 1024
8130 18257 3468417 1 1024
8130 18257 3468427 1 1024
8130 18257 3468437 1 1024
8129 18258 3468447 1 1024
8129 18258 3468457 1 1024
8129 18257 3468467 1 1024
8129 18257 3468477 1 1024
8129 18257 3468487 1 1024
8129 18257 3468497 1 1024
8129 18256 3468507 1 1024
8129 18256 3468517 1 1024
8129 18255 3468527 1 1024
8130 18255 3468537 1 1024
8130 18254 3468547 1 1024
8131 18253 3468557 1 1024
8131 18253 3468567 1 1024
8132 18252 3468577 1 1024
8133 18251 3468587 1 1024
8134 18250 3468597 1 1024
8134 18250 3468607 1 1024
8135 18250 3468617 1 1024
8136 18249 3468627 1 1024
8137 18248 3468637 1 1024
8138 18247 3468647 1 1024
8140 18247 3468657 1 1024
8141 18246 3468667 1 1024
8142 18245 3468677 1 1024
8143 18244 3468687 1 1024
8145 18243 3468697 1 1024
8146 18242 3468707 1 1024
8148 18242 3468717 1 1024
8149 18241 3468727 1 1024
8151 18240 3468737 1 1024
8152 18240 3468747 1 1024
8153 18239 3468757 1 1024
8154 18239 3468767 1 1024
8155 18239 3468777 1 1024
8157 18238 3468787 1 1024
8158 18238 3468797 1 1024
8159 18238 3468807 1 1024
8160 18238 3468817 1 697
8161 18238 3468827 0 0
8163 18238 3468837 0 0
8164 18238 3468847 0 0
8165 18238 3468857 0 0
8166 18238 3468867 0 0
8166 18238 3468877 0 0
8167 18239 3468887 0 0
8167 18239 3468897 0 0
8167 18239 3468907 0 0
8167 18240 3468917 0 0
8166 18241 3468927 0 0
8166 18241 3468937 0 0
8165 18242 3468947 0 0
8164 18244 3468957 0 0
8163 18245 3468967 0 0
8162 18246 3468977 0 0
8160 18247 3468987 0 0
8159 18249 3468997 0 0
8158 18250 3469007 0 0
8157 18250 3469017 0 0
8157 18251 3469027 0 0
8155 18252 3469037 0 0
8154 18252 3469047 0 0
8154 18253 3469057 0 0
8153 18253 3469067 0 0
8152 18253 3469077 0 0
8152 18254 3469087 0 0
8152 18254 3469097 0 0
8152 18254 3469107 0 0
8152 18254 3469117 0 0
8152 18253 3469127 0 0
8153 18253 3469137 0 0
8153 18253 3469147 0 0
8154 18252 3469157 1 242
8154 18252 3469167 1 527
8154 18251 3469177 1 788
8154 18251 3469187 1 1021
8154 18250 3469197 1 1024
8154 18249 3469207 1 1024
8154 18249 3469217 1 1024
8153 18248 3469227 1 1024
8153 18248 3469237 1 1024
8153 18247 3469247 1 1024
8153 18247 3469257 1 1024
8153 18247 3469267 1 1024
8153 18246 3469277 1 1024
8153 18246 3469287 1 1024
8154 18247 3469297 1 1024
8154 18247 3469307 1 1024
8154 18247 3469317 1 1024
8155 18248 3469327 1 1024
8156 18248 3469337 1 1024
8157 18248 3469347 1 1024
8158 18249 3469357 1 1024
8159 18249 3469367 1 1024
8160 18249 3469377 1 1024
8161 18250 3469387 1 1024
8162 18250 3469397 1 1024
8163 18250 3469407 1 1024
8164 18251 3469417 1 1024
8165 18251 3469427 1 1024
8165 18251 3469437 1 1024
8165 18252 3469447 1 1024
8165 18252 3469457 1 1024
8165 18253 3469467 1 1024
8165 18253 3469477 1 1024
8164 18253 3469487 1 1024
8163 18254 3469497 1 1024
8162 18254 3469507 1 1024
8161 18254 3469517 1 1024
8159 18254 3469527 1 1024
8158 18255 3469537 1 1024
8156 18255 3469547 1 1024
