7987 17839 3262914 1 648
7988 17838 3262924 1 649
7990 17836 3262934 1 651
7992 17834 3262944 1 651
7995 17831 3262954 1 653
7999 17829 3262964 1 653
8002 17828 3262974 1 654
8006 17827 3262984 1 654
8014 17827 3262994 1 656
8017 17828 3263004 1 658
8021 17829 3263014 1 658
8024 17831 3263024 1 660
8027 17834 3263034 1 660
8030 17838 3263044 1 660
8032 17842 3263054 1 662
8035 17845 3263064 1 662
8038 17850 3263074 1 665
8039 17852 3263084 1 666
8041 17853 3263094 1 666
8042 17853 3263104 1 667
8043 17852 3263114 1 668
8044 17850 3263124 1 669
8046 17849 3263134 1 670
8047 17847 3263144 1 671
8047 17842 3263154 1 672
8047 17840 3263164 1 673
8046 17839 3263174 1 674
8044 17837 3263184 1 675
8041 17837 3263194 1 676
8039 17837 3263204 1 677
8036 17837 3263214 1 678
8034 17838 3263224 1 678
8033 17839 3263234 1 680
8034 17839 3263244 1 681
8036 17839 3263254 1 682
8040 17837 3263264 1 683
8045 17835 3263274 1 684
8052 17832 3263284 1 685
8059 17828 3263294 1 685
8067 17824 3263304 1 686
8083 17813 3263314 1 688
8091 17807 3263324 1 689
8097 17802 3263334 1 690
8102 17797 3263344 1 691
8106 17793 3263354 1 692
8109 17790 3263364 1 692
8110 17787 3263374 1 694
8110 17786 3263384 1 695
8107 17786 3263394 1 697
8104 17788 3263404 1 697
8102 17790 3263414 1 698
8099 17793 3263424 1 698
8096 17796 3263434 1 700
8094 17800 3263444 1 701
8091 17804 3263454 1 702
8088 17808 3263464 1 703
8082 17814 3263474 1 704
8079 17816 3263484 1 705
8076 17817 3263494 1 706
8073 17818 3263504 1 707
8070 17818 3263514 1 708
8066 17818 3263524 1 709
8063 17817 3263534 1 709
8061 17815 3263544 1 710
8056 17813 3263554 1 712
8055 17811 3263564 1 713
8055 17810 3263574 1 715
8055 17809 3263584 1 715
8056 17807 3263594 1 716
8057 17806 3263604 1 716
8059 17805 3263614 1 717
8061 17804 3263624 1 719
8064 17803 3263634 1 719
8066 17803 3263644 1 720
8068 17803 3263654 1 721
8069 17804 3263664 1 722
8070 17805 3263674 1 723
8071 17806 3263684 1 724
8072 17807 3263694 1 724
8072 17809 3263704 1 726
8071 17813 3263714 1 727
8070 17815 3263724 1 728
8069 17817 3263734 1 729
8068 17819 3263744 1 730
8068 17821 3263754 1 731
8068 17822 3263764 1 732
8068 17822 3263774 1 733
8070 17822 3263784 1 733
8075 17821 3263794 1 735
8079 17819 3263804 1 736
8084 17817 3263814 1 737
8089 17816 3263824 1 738
8094 17814 3263834 1 739
8099 17812 3263844 1 740
8104 17811 3263854 1 741
8108 17811 3263864 1 741
8113 17814 3263874 1 743
8113 17816 3263884 1 744
8112 17818 3263894 1 746
8109 17821 3263904 1 746
8105 17823 3263914 1 747
8100 17825 3263924 1 748
8095 17826 3263934 1 748
8089 17827 3263944 1 749
8079 17826 3263954 1 751
8075 17824 3263964 1 752
8072 17822 3263974 1 753
8070 17819 3263984 1 754
8069 17816 3263994 1 755
8069 17812 3264004 1 756
8070 17809 3264014 1 757
8071 17806 3264024 1 758
8072 17800 3264034 1 759
8072 17799 3264044 1 759
8072 17797 3264054 1 760
8070 17796 3264064 1 762
8068 17796 3264074 1 763
8066 17795 3264084 1 764
8064 17795 3264094 1 765
8063 17795 3264104 1 765
8062 17794 3264114 1 767
8063 17793 3264124 1 768
8065 17792 3264134 1 769
8068 17791 3264144 1 771
8072 17791 3264154 1 772
8076 17790 3264164 1 772
8081 17790 3264174 1 773
8085 17790 3264184 1 774
8092 17791 3264194 1 776
8094 17792 3264204 1 777
8096 17794 3264214 1 778
8096 17796 3264224 1 779
8096 17797 3264234 1 780
8095 17799 3264244 1 781
8093 17801 3264254 1 782
8092 17802 3264264 1 783
8091 17803 3264274 1 784
8091 17802 3264284 1 785
8092 17802 3264294 1 786
8093 17801 3264304 1 787
8095 17800 3264314 1 788
8098 17800 3264324 1 789
8101 17799 3264334 1 789
8104 17798 3264344 1 789
8110 17798 3264354 1 791
8112 17798 3264364 1 791
8114 17799 3264374 1 792
8115 17799 3264384 1 792
8116 17800 3264394 1 793
8117 17800 3264404 1 794
8117 17801 3264414 1 794
8116 17801 3264424 1 794
8114 17801 3264434 1 795
8113 17801 3264444 1 796
8113 17801 3264454 1 797
8112 17801 3264464 1 797
8111 17801 3264474 1 797
8111 17801 3264484 1 798
8110 17802 3264494 1 799
8110 17803 3264504 1 801
8111 17806 3264514 1 804
8112 17807 3264524 1 804
8113 17808 3264534 1 805
8114 17809 3264544 1 807
8116 17810 3264554 1 809
8118 17811 3264564 1 811
8121 17811 3264574 1 813
8124 17811 3264584 1 815
8131 17810 3264594 1 817
8135 17810 3264604 1 819
8139 17810 3264614 1 820
8143 17809 3264624 1 822
8146 17809 3264634 1 823
8149 17809 3264644 1 824
8150 17810 3264654 1 824
8150 17810 3264664 1 824
8146 17813 3264674 1 822
8142 17814 3264684 1 820
8138 17816 3264694 1 817
8133 17817 3264704 1 813
8128 17819 3264714 1 812
8123 17820 3264724 1 810
8119 17821 3264734 1 804
8115 17822 3264744 1 799
8111 17822 3264754 1 787
8110 17821 3264764 1 781
8109 17820 3264774 1 778
8109 17819 3264784 1 775
8110 17817 3264794 1 769
8111 17815 3264804 1 763
8111 17814 3264814 1 757
8111 17812 3264824 1 750
8111 17810 3264834 1 743
8110 17810 3264844 1 740
8109 17809 3264854 1 735
8107 17809 3264864 1 731
8105 17809 3264874 1 727
8104 17809 3264884 1 724
8102 17808 3264894 1 721
8102 17808 3264904 1 719
8102 17805 3264914 1 719
8104 17803 3264924 1 719
8107 17800 3264934 1 721
8111 17797 3264944 1 724
8115 17795 3264954 1 728
8120 17792 3264964 1 730
8125 17789 3264974 1 733
8130 17787 3264984 1 740
8140 17785 3264994 1 759
8144 17784 3265004 1 770
8148 17785 3265014 1 784
8150 17786 3265024 1 790
8152 17788 3265034 1 799
8153 17791 3265044 1 817
8153 17794 3265054 1 836
8152 17797 3265064 1 858
8148 17804 3265074 1 893
8146 17807 3265084 1 897
8144 17809 3265094 1 907
8142 17811 3265104 1 933
8141 17813 3265114 1 961
8141 17814 3265124 1 989
8141 17814 3265134 1 1007
8143 17813 3265144 1 1007
8149 17811 3265154 1 1006
8153 17809 3265164 1 1005
8157 17806 3265174 1 1005
8161 17804 3265184 1 1005
8165 17802 3265194 1 1004
8168 17800 3265204 1 1004
8170 17798 3265214 1 1004
8171 17797 3265224 1 1003
8169 17795 3265234 1 1003
8167 17795 3265244 1 1002
8163 17795 3265254 1 1002
8159 17796 3265264 1 1001
8155 17797 3265274 1 1001
8150 17798 3265284 1 1001
8145 17799 3265294 1 1000
8140 17800 3265304 1 1000
8132 17802 3265314 1 999
8129 17803 3265324 1 953
8127 17804 3265334 1 923
8125 17804 3265344 1 886
8124 17805 3265354 1 810
8124 17805 3265364 1 726
8125 17806 3265374 1 637
8126 17807 3265384 1 546
8129 17808 3265394 1 408
8131 17809 3265404 1 364
8133 17810 3265414 1 278
8135 17811 3265424 1 198
8137 17811 3265434 1 127
8138 17811 3265444 1 76
8139 17812 3265454 1 77
8140 17812 3265464 1 81
8139 17812 3265474 1 80
8139 17812 3265484 1 81
8138 17812 3265494 1 82
8136 17812 3265504 1 83
8135 17812 3265514 1 84
8133 17812 3265524 1 85
8131 17812 3265534 1 86
8130 17812 3265544 1 87
8128 17811 3265554 1 89
8128 17810 3265564 1 90
8128 17810 3265574 1 91
8129 17809 3265584 1 92
8130 17808 3265594 1 92
8132 17806 3265604 1 93
8134 17805 3265614 1 94
8137 17803 3265624 1 95
8144 17799 3265634 1 188
8149 17798 3265644 1 219
8153 17796 3265654 1 253
8157 17796 3265664 1 321
8161 17795 3265674 1 393
8165 17795 3265684 1 466
8168 17795 3265694 1 540
8170 17795 3265704 1 613
8173 17795 3265714 1 685
8172 17795 3265724 1 753
8172 17795 3265734 1 817
8170 17796 3265744 1 876
8168 17796 3265754 1 927
8166 17797 3265764 1 970
8164 17797 3265774 1 983
8161 17798 3265784 1 980
8158 17800 3265794 1 980
8157 17801 3265804 1 979
8156 17802 3265814 1 979
8155 17802 3265824 1 979
8154 17803 3265834 1 978
8154 17803 3265844 1 978
8153 17804 3265854 1 978
8152 17804 3265864 1 961
8152 17803 3265874 1 922
8151 17802 3265884 1 906
8151 17801 3265894 1 899
8151 17800 3265904 1 892
8151 17798 3265914 1 881
8151 17797 3265924 1 870
8151 17794 3265934 1 862
8151 17792 3265944 1 856
8151 17788 3265954 1 849
8151 17786 3265964 1 848
8151 17785 3265974 1 846
8151 17784 3265984 1 845
8152 17784 3265994 1 847
8152 17784 3266004 1 849
8153 17785 3266014 1 852
8154 17786 3266024 1 854
8156 17789 3266034 1 861
8157 17791 3266044 1 868
8159 17793 3266054 1 875
8161 17794 3266064 1 882
8163 17795 3266074 1 890
8165 17795 3266084 1 894
8168 17795 3266094 1 898
8171 17795 3266104 1 907
8178 17794 3266114 1 925
8182 17793 3266124 1 934
8185 17793 3266134 1 944
8188 17793 3266144 1 948
8189 17792 3266154 1 953
8190 17793 3266164 1 962
8189 17793 3266174 1 965
8187 17793 3266184 1 964
8181 17794 3266194 1 963
8177 17794 3266204 1 963
8173 17794 3266214 1 963
8169 17794 3266224 1 962
8165 17794 3266234 1 962
8161 17793 3266244 1 962
8159 17792 3266254 1 961
8157 17792 3266264 1 961
8155 17791 3266274 1 960
8156 17791 3266284 1 960
8157 17792 3266294 1 959
8158 17792 3266304 1 959
8159 17793 3266314 1 959
8160 17795 3266324 1 958
8160 17796 3266334 1 958
8160 17797 3266344 1 958
8159 17799 3266354 1 947
8158 17799 3266364 1 928
8156 17798 3266374 1 908
8155 17798 3266384 1 885
8154 17796 3266394 1 860
8154 17795 3266404 1 832
8154 17793 3266414 1 801
8154 17791 3266424 1 767
8157 17788 3266434 1 694
8158 17787 3266444 1 659
8160 17786 3266454 1 628
8161 17786 3266464 1 604
8163 17787 3266474 1 590
8164 17787 3266484 1 588
8166 17788 3266494 1 601
8167 17790 3266504 1 631
8170 17791 3266514 1 753
8171 17792 3266524 1 851
