7680 17740 4536411 1 598
7680 17740 4536421 1 617
7680 17740 4536431 1 625
7680 17740 4536441 1 627
7680 17740 4536451 1 627
7681 17741 4536461 1 629
7681 17741 4536471 1 629
7680 17743 4536481 1 630
7680 17744 4536491 1 632
7680 17746 4536501 1 632
7680 17747 4536511 1 634
7680 17749 4536521 1 634
7679 17750 4536531 1 636
7679 17750 4536541 1 637
7678 17751 4536551 1 637
7677 17751 4536561 1 639
7677 17752 4536571 1 639
7676 17752 4536581 1 641
7676 17753 4536591 1 641
7676 17753 4536601 1 643
7676 17752 4536611 1 644
7676 17752 4536621 1 644
7677 17751 4536631 1 646
7677 17750 4536641 1 646
7678 17748 4536651 1 648
7678 17747 4536661 1 649
7678 17745 4536671 1 650
7679 17743 4536681 1 651
7679 17742 4536691 1 652
7680 17741 4536701 1 653
7681 17738 4536711 1 653
7683 17736 4536721 1 654
7685 17733 4536731 1 655
7687 17730 4536741 1 656
7690 17726 4536751 1 656
7693 17722 4536761 1 658
7696 17718 4536771 1 660
7699 17714 4536781 1 660
7703 17710 4536791 1 660
7707 17706 4536801 1 661
7711 17703 4536811 1 663
7714 17699 4536821 1 663
7717 17696 4536831 1 665
7720 17693 4536841 1 666
7722 17690 4536851 1 667
7724 17688 4536861 1 668
7726 17685 4536871 1 670
7728 17683 4536881 1 670
7729 17681 4536891 1 670
7731 17678 4536901 1 672
7732 17676 4536911 1 673
7733 17674 4536921 1 673
7733 17672 4536931 1 675
7732 17671 4536941 1 676
7731 17670 4536951 1 677
7730 17669 4536961 1 678
7729 17669 4536971 1 679
7728 17669 4536981 1 680
7726 17668 4536991 1 680
7723 17668 4537001 1 681
7720 17668 4537011 1 683
7717 17669 4537021 1 683
7713 17669 4537031 1 685
7709 17669 4537041 1 685
7705 17670 4537051 1 686
7700 17670 4537061 1 686
7695 17671 4537071 1 688
7691 17672 4537081 1 689
7687 17673 4537091 1 690
7683 17674 4537101 1 691
7679 17675 4537111 1 693
7676 17675 4537121 1 693
7674 17676 4537131 1 694
7671 17676 4537141 1 696
7669 17677 4537151 1 696
7667 17677 4537161 1 696
7666 17677 4537171 1 698
7664 17678 4537181 1 699
7662 17678 4537191 1 699
7660 17678 4537201 1 701
7657 17678 4537211 1 701
7654 17678 4537221 1 702
7651 17678 4537231 1 704
7647 17678 4537241 1 704
7646 17678 4537251 1 705
7644 17678 4537261 1 706
7641 17677 4537271 1 707
7639 17677 4537281 1 709
7636 17677 4537291 1 709
7633 17676 4537301 1 710
7631 17676 4537311 1 712
7629 17676 4537321 1 713
7626 17675 4537331 1 713
7624 17675 4537341 1 715
7622 17675 4537351 1 716
7620 17675 4537361 1 717
7619 17675 4537371 1 717
7618 17675 4537381 1 718
7618 17675 4537391 1 718
7619 17676 4537401 1 720
7620 17676 4537411 1 720
7621 17677 4537421 1 721
7623 17678 4537431 1 722
7626 17679 4537441 1 722
7628 17681 4537451 1 723
7631 17682 4537461 1 723
7634 17684 4537471 1 723
7637 17685 4537481 1 725
7640 17687 4537491 1 725
7643 17689 4537501 1 725
7646 17691 4537511 1 727
7650 17694 4537521 1 727
7652 17695 4537531 1 726
7655 17696 4537541 1 726
7660 17699 4537551 1 727
7665 17702 4537561 1 728
7671 17705 4537571 1 729
7676 17708 4537581 1 730
7682 17710 4537591 1 730
7686 17713 4537601 1 732
7691 17715 4537611 1 732
7695 17718 4537621 1 733
7698 17719 4537631 1 735
7701 17721 4537641 1 735
7704 17723 4537651 1 736
7706 17724 4537661 1 738
7707 17725 4537671 1 739
7709 17726 4537681 1 741
7710 17727 4537691 1 741
7711 17728 4537701 1 742
7712 17728 4537711 1 745
7713 17727 4537721 1 746
7714 17727 4537731 1 749
7714 17726 4537741 1 751
7714 17726 4537751 1 753
7715 17725 4537761 1 756
7715 17724 4537771 1 759
7716 17724 4537781 1 761
7717 17723 4537791 1 764
7718 17721 4537801 1 767
7719 17721 4537811 1 768
7719 17720 4537821 1 770
7720 17718 4537831 1 774
7721 17716 4537841 1 775
7721 17714 4537851 1 776
7722 17712 4537861 1 780
7722 17710 4537871 1 783
7722 17708 4537881 1 787
7723 17706 4537891 1 790
7723 17704 4537901 1 794
7724 17702 4537911 1 795
7724 17699 4537921 1 797
7725 17697 4537931 1 801
7725 17695 4537941 1 804
7725 17693 4537951 1 807
7725 17691 4537961 1 810
7726 17689 4537971 1 814
7726 17687 4537981 1 816
7726 17685 4537991 1 819
7727 17683 4538001 1 820
7727 17680 4538011 1 822
7728 17678 4538021 1 824
7729 17676 4538031 1 827
7731 17674 4538041 1 830
7732 17672 4538051 1 832
7733 17671 4538061 1 834
7734 17669 4538071 1 835
7735 17668 4538081 1 836
7736 17668 4538091 1 837
7736 17667 4538101 1 838
7737 17666 4538111 1 839
7737 17666 4538121 1 839
7737 17665 4538131 1 840
7737 17664 4538141 1 840
7736 17664 4538151 1 839
7735 17663 4538161 1 839
7734 17663 4538171 1 839
7732 17663 4538181 1 838
7730 17663 4538191 1 837
7728 17662 4538201 1 836
7727 17662 4538211 1 833
7725 17662 4538221 1 831
7723 17662 4538231 1 828
7722 17661 4538241 1 825
7720 17661 4538251 1 821
7718 17660 4538261 1 816
7717 17660 4538271 1 812
7715 17660 4538281 1 809
7713 17660 4538291 1 806
7712 17659 4538301 1 801
7711 17659 4538311 1 795
7710 17660 4538321 1 791
7710 17660 4538331 1 789
7709 17660 4538341 1 783
7709 17661 4538351 1 776
7709 17661 4538361 1 770
7709 17662 4538371 1 767
7709 17662 4538381 1 764
7708 17662 4538391 1 759
7708 17663 4538401 1 754
7708 17663 4538411 1 751
7707 17663 4538421 1 747
7707 17664 4538431 1 745
7707 17665 4538441 1 745
7707 17665 4538451 1 745
7708 17666 4538461 1 746
7708 17666 4538471 1 750
7709 17667 4538481 1 753
7710 17667 4538491 1 755
7711 17668 4538501 1 763
7711 17668 4538511 1 772
7712 17668 4538521 1 783
7713 17668 4538531 1 797
7713 17668 4538541 1 813
7713 17668 4538551 1 832
7713 17667 4538561 1 853
7712 17667 4538571 1 876
7711 17666 4538581 1 902
7711 17665 4538591 1 930
7709 17664 4538601 1 960
7708 17663 4538611 1 989
7707 17662 4538621 1 1021
7705 17660 4538631 1 1024
7704 17658 4538641 1 1024
7703 17657 4538651 1 1024
7702 17657 4538661 1 1024
7701 17655 4538671 1 1024
7700 17653 4538681 1 1024
7698 17651 4538691 1 1024
7697 17649 4538701 1 1024
7696 17648 4538711 1 1024
7695 17646 4538721 1 1024
7695 17645 4538731 1 1024
7694 17643 4538741 1 1024
7693 17642 4538751 1 1024
7693 17640 4538761 1 1024
7693 17639 4538771 1 1024
7694 17637 4538781 1 1024
7694 17635 4538791 1 1024
7694 17634 4538801 1 1024
7695 17632 4538811 1 1024
7695 17631 4538821 1 1024
7696 17630 4538831 1 1024
7697 17629 4538841 1 1024
7697 17628 4538851 1 1024
7698 17627 4538861 1 1024
7699 17627 4538871 1 1024
7699 17626 4538881 1 1024
7700 17626 4538891 1 1024
7700 17626 4538901 1 1024
7700 17626 4538911 1 1024
7700 17625 4538921 1 1024
7700 17625 4538931 1 1024
7700 17625 4538941 1 1024
7700 17626 4538951 1 1024
7699 17626 4538961 1 1024
7699 17626 4538971 1 1024
7699 17627 4538981 1 1024
7700 17627 4538991 1 959
7700 17628 4539001 1 874
7701 17628 4539011 1 782
7702 17628 4539021 1 684
7703 17629 4539031 1 635
7704 17629 4539041 1 584
7706 17629 4539051 1 483
7708 17630 4539061 1 386
7710 17630 4539071 1 295
7713 17630 4539081 1 212
7716 17631 4539091 1 140
7718 17631 4539101 1 83
7722 17632 4539111 1 42
7725 17632 4539121 1 25
7728 17633 4539131 1 22
7731 17633 4539141 1 23
7733 17634 4539151 1 49
7736 17634 4539161 1 104
7738 17634 4539171 1 190
7740 17634 4539181 1 308
7742 17634 4539191 1 464
7743 17634 4539201 1 659
7743 17634 4539211 1 1024
7744 17634 4539221 1 894
7744 17633 4539231 0 0
7744 17633 4539241 0 0
7745 17633 4539251 0 0
7745 17633 4539261 0 0
7746 17633 4539271 0 0
7746 17633 4539281 0 0
7747 17632 4539291 0 0
7747 17632 4539301 0 0
7746 17633 4539311 0 0
7746 17633 4539321 0 0
7745 17633 4539331 0 0
7744 17634 4539341 0 0
7743 17634 4539351 0 0
7741 17635 4539361 0 0
7740 17636 4539371 0 0
7738 17637 4539381 0 0
7737 17638 4539391 1 12
7735 17639 4539401 1 32
7734 17641 4539411 1 57
7733 17642 4539421 1 109
7732 17644 4539431 1 169
7731 17645 4539441 1 199
7730 17647 4539451 1 233
7729 17649 4539461 1 303
7728 17650 4539471 1 376
7727 17652 4539481 1 450
7727 17653 4539491 1 488
7726 17654 4539501 1 526
7726 17655 4539511 1 601
7725 17657 4539521 1 673
7724 17658 4539531 1 742
7723 17660 4539541 1 808
7722 17662 4539551 1 866
7722 17664 4539561 1 918
7721 17665 4539571 1 961
7721 17667 4539581 1 996
7721 17669 4539591 1 1018
7722 17670 4539601 1 1024
7723 17671 4539611 1 1024
7724 17673 4539621 1 1024
7726 17674 4539631 1 1024
7728 17674 4539641 1 1024
7730 17675 4539651 1 1024
7732 17675 4539661 1 1024
7734 17676 4539671 1 1024
7736 17676 4539681 1 1024
7738 17676 4539691 1 1024
7739 17676 4539701 1 1024
7741 17676 4539711 1 1024
7742 17676 4539721 1 1021
7744 17676 4539731 1 1016
7744 17676 4539741 1 1010
7744 17676 4539751 1 1008
7744 17676 4539761 1 1006
7744 17676 4539771 1 1004
7743 17676 4539781 1 1003
7742 17676 4539791 1 1000
7740 17676 4539801 1 995
7737 17676 4539811 1 990
7735 17676 4539821 1 985
7732 17676 4539831 1 982
7729 17676 4539841 1 977
7726 17676 4539851 1 974
7723 17676 4539861 1 970
7720 17675 4539871 1 967
7718 17675 4539881 1 965
7716 17675 4539891 1 962
7715 17675 4539901 1 961
7715 17675 4539911 1 960
7715 17674 4539921 1 960
7715 17674 4539931 1 960
7715 17674 4539941 1 961
7716 17673 4539951 1 962
7716 17673 4539961 1 963
7716 17673 4539971 1 964
7717 17673 4539981 1 965
7717 17672 4539991 1 966
7718 17672 4540001 1 966
7718 17672 4540011 1 967
7719 17672 4540021 1 968
7719 17672 4540031 1 969
7719 17672 4540041 1 971
7719 17672 4540051 1 971
7719 17672 4540061 1 972
7720 17672 4540071 1 973
7720 17672 4540081 1 974
7720 17673 4540091 1 974
7719 17673 4540101 1 975
7719 17673 4540111 1 976
7719 17673 4540121 1 977
7718 17673 4540131 1 978
7718 17674 4540141 1 979
7718 17674 4540151 1 979
7718 17674 4540161 1 980
7719 17675 4540171 1 981
7719 17675 4540181 1 982
7720 17676 4540191 1 983
7721 17676 4540201 1 984
7723 17676 4540211 1 985
7724 17677 4540221 1 986
7726 17677 4540231 1 987
7727 17677 4540241 1 988
7728 17678 4540251 1 988
7729 17678 4540261 1 989
7730 17679 4540271 1 990
7731 17679 4540281 1 991
7732 17679 4540291 1 992
7733 17680 4540301 1 993
7733 17680 4540311 1 994
7733 17680 4540321 1 995
7733 17680 4540331 1 996
7733 17680 4540341 1 996
7732 17681 4540351 1 997
7731 17681 4540361 1 998
7730 17681 4540371 1 999
7730 17681 4540381 1 1000
7729 17680 4540391 1 1001
7729 17680 4540401 1 1002
7729 17680 4540411 1 1002
7729 17680 4540421 1 1003
7729 17680 4540431 1 1004
7729 17679 4540441 1 1005
7729 17679 4540451 1 1006
7729 17679 4540461 1 1007
7729 17679 4540471 1 1008
7729 17678 4540481 1 1009
7729 17678 4540491 1 1010
7730 17678 4540501 1 1011
7730 17677 4540511 1 1012
7730 17677 4540521 1 1012
7731 17677 4540531 1 1013
7732 17677 4540541 1 1014
7733 17677 4540551 1 1015
7735 17677 4540561 1 1016
7737 17677 4540571 1 1015
7739 17678 4540581 1 1016
7740 17678 4540591 1 1018
7742 17678 4540601 1 1019
7742 17678 4540611 1 1020
7743 17678 4540621 1 1020
7744 17679 4540631 1 1021
7745 17679 4540641 1 1022
7745 17679 4540651 1 1023
7745 17680 4540661 1 1024
7744 17680 4540671 1 1024
7744 17681 4540681 1 1024
7742 17681 4540691 1 1024
7741 17682 4540701 1 1024
7740 17682 4540711 1 1024
7738 17683 4540721 1 1024
7737 17684 4540731 1 1024
7736 17684 4540741 1 1024
7735 17685 4540751 1 1024
7735 17685 4540761 1 1024
7735 17686 4540771 1 1024
7736 17687 4540781 1 1024
7738 17687 4540791 1 1024
7740 17688 4540801 1 1024
7742 17688 4540811 1 1024
7745 17689 4540821 1 1024
7748 17689 4540831 1 1024
7750 17690 4540841 1 1024
7753 17690 4540851 1 1024
7755 17690 4540861 1 1024
7758 17690 4540871 1 1024
7760 17690 4540881 1 1024
7761 17690 4540891 1 1024
7761 17689 4540901 1 1024
7762 17689 4540911 1 1024
7763 17689 4540921 1 1024
7763 17689 4540931 1 1024
7763 17689 4540941 1 1024
7762 17688 4540951 1 1023
7761 17688 4540961 1 1023
7760 17688 4540971 1 1023
7758 17688 4540981 1 1023
7757 17688 4540991 1 1024
7755 17688 4541001 1 1024
7754 17688 4541011 1 1024
7753 17688 4541021 1 1024
7753 17687 4541031 1 1024
7753 17687 4541041 1 1024
7754 17687 4541051 1 1023
7754 17687 4541061 1 1023
7754 17687 4541071 1 1023
7754 17686 4541081 1 1023
7754 17686 4541091 1 1023
7753 17685 4541101 1 1023
7752 17685 4541111 1 1023
7750 17684 4541121 1 1023
7749 17683 4541131 1 1023
7747 17682 4541141 1 1023
7745 17681 4541151 1 1023
7743 17681 4541161 1 1024
7742 17680 4541171 1 1023
7742 17680 4541181 1 1023
7740 17679 4541191 1 1023
7739 17678 4541201 1 1023
7738 17677 4541211 1 1023
7737 17677 4541221 1 1023
7737 17676 4541231 1 1023
7737 17676 4541241 1 1023
7737 17675 4541251 1 1024
7738 17675 4541261 1 1024
7739 17675 4541271 1 1024
7740 17674 4541281 1 1024
7741 17674 4541291 1 1024
7743 17673 4541301 1 1024
7744 17673 4541311 1 1024
7745 17672 4541321 1 1024
7746 17672 4541331 1 1024
7747 17671 4541341 1 1024
7748 17671 4541351 1 1024
7749 17671 4541361 1 1024
7749 17670 4541371 1 1024
7750 17670 4541381 1 1024
7750 17669 4541391 1 1024
7750 17669 4541401 1 1024
7749 17669 4541411 1 1024
7749 17668 4541421 1 1024
7749 17668 4541431 1 1024
7749 17668 4541441 1 1024
7749 17668 4541451 1 1024
7749 17667 4541461 1 1024
7749 17667 4541471 1 1024
7749 17667 4541481 1 1024
7749 17666 4541491 1 1024
7750 17665 4541501 1 1024
7751 17665 4541511 1 1024
7751 17664 4541521 1 1024
7752 17664 4541531 1 1024
7754 17663 4541541 1 1024
7755 17662 4541551 1 1024
7756 17661 4541561 1 1024
7757 17660 4541571 1 1024
7759 17660 4541581 1 1024
7761 17659 4541591 1 1024
7763 17658 4541601 1 1024
7765 17657 4541611 1 1024
7767 17656 4541621 1 1024
7770 17656 4541631 1 1024
7772 17655 4541641 1 1024
7775 17655 4541651 1 1024
7778 17655 4541661 1 1024
7780 17655 4541671 1 1024
7781 17655 4541681 1 1024
7782 17655 4541691 1 1024
7782 17655 4541701 1 1024
7782 17655 4541711 1 1024
7782 17655 4541721 1 1024
7781 17655 4541731 1 1024
7781 17655 4541741 1 1024
7779 17655 4541751 1 1024
7777 17655 4541761 1 1024
7775 17655 4541771 1 1024
7773 17655 4541781 1 1024
7770 17656 4541791 1 1024
7768 17656 4541801 1 1024
7765 17656 4541811 1 1024
7763 17655 4541821 1 1024
7761 17655 4541831 1 1024
7760 17655 4541841 1 1024
7759 17655 4541851 1 1024
7758 17655 4541861 1 1024
7757 17655 4541871 1 1024
7756 17654 4541881 1 1024
7755 17654 4541891 1 1024
7754 17654 4541901 1 1024
7754 17654 4541911 1 1024
7753 17654 4541921 1 1024
7752 17654 4541931 1 1024
7751 17654 4541941 1 1024
7751 17654 4541951 1 1024
7750 17654 4541961 1 1024
7749 17654 4541971 1 1024
7748 17654 4541981 1 1024
7748 17654 4541991 1 1024
7747 17655 4542001 1 1024
7747 17655 4542011 1 1024
7747 17655 4542021 1 1024
7747 17655 4542031 1 1024
7748 17655 4542041 1 1024
7750 17656 4542051 1 1024
7752 17656 4542061 1 1024
7754 17656 4542071 1 1024
7756 17657 4542081 1 1024
7759 17657 4542091 1 1024
7761 17658 4542101 1 1024
7764 17658 4542111 1 1024
7766 17659 4542121 1 1024
7769 17659 4542131 1 1024
7771 17660 4542141 1 1024
7773 17660 4542151 1 1024
7774 17661 4542161 1 1024
7775 17661 4542171 1 1024
7776 17662 4542181 1 1024
7776 17662 4542191 1 1024
7776 17662 4542201 1 1024
7775 17663 4542211 1 1024
7774 17663 4542221 1 1024
7773 17663 4542231 1 1024
7771 17663 4542241 1 1024
7769 17664 4542251 1 1024
7768 17664 4542261 1 1024
7766 17664 4542271 1 1024
7765 17664 4542281 1 1024
7764 17664 4542291 1 1024
7764 17665 4542301 1 1024
7763 17665 4542311 1 1024
7762 17665 4542321 1 1024
7763 17665 4542331 1 1024
7763 17666 4542341 1 1024
7764 17666 4542351 1 1024
7765 17666 4542361 1 1024
7766 17666 4542371 1 1024
7768 17667 4542381 1 1024
7769 17667 4542391 1 1024
7771 17667 4542401 1 1024
7774 17668 4542411 1 1024
7775 17668 4542421 1 1024
7777 17668 4542431 1 1024
7778 17669 4542441 1 1024
7778 17669 4542451 1 1024
7778 17669 4542461 1 1024
7777 17670 4542471 1 1024
7777 17670 4542481 1 1024
7776 17671 4542491 1 1024
7775 17671 4542501 1 1024
7774 17672 4542511 1 1024
7773 17672 4542521 1 1024
7771 17672 4542531 1 1024
7769 17672 4542541 1 1024
7767 17672 4542551 1 1024
7765 17673 4542561 1 1024
7763 17673 4542571 1 1024
7762 17673 4542581 1 1024
7760 17673 4542591 1 1024
7758 17673 4542601 1 1024
7757 17673 4542611 1 1024
7755 17673 4542621 1 1024
7754 17674 4542631 1 1024
7753 17674 4542641 1 1024
7752 17674 4542651 1 1024
7752 17674 4542661 1 1024
7751 17675 4542671 1 1024
7750 17675 4542681 1 1024
7750 17675 4542691 1 1024
7749 17676 4542701 1 1024
7748 17676 4542711 1 1024
7748 17677 4542721 1 1024
7748 17677 4542731 1 1024
7747 17678 4542741 1 1024
7747 17678 4542751 1 1024
7746 17678 4542761 1 1024
7746 17679 4542771 1 1024
7747 17679 4542781 1 1024
7747 17679 4542791 1 1024
7748 17679 4542801 1 1024
7748 17679 4542811 1 1024
7749 17678 4542821 1 1024
7750 17678 4542831 1 1024
7751 17678 4542841 1 1024
7751 17678 4542851 1 1024
7752 17677 4542861 1 1024
7754 17677 4542871 1 1024
7755 17676 4542881 1 1024
7756 17676 4542891 1 1024
7758 17676 4542901 1 1024
7759 17675 4542911 1 1024
7761 17675 4542921 1 1024
7761 17675 4542931 1 1024
7762 17675 4542941 1 1024
7761 17674 4542951 1 1024
7761 17674 4542961 1 1024
7761 17673 4542971 1 1024
7760 17672 4542981 1 1024
7759 17671 4542991 1 1024
7759 17670 4543001 1 1024
7758 17669 4543011 1 1024
7758 17668 4543021 1 1024
7758 17667 4543031 1 1024
7759 17666 4543041 1 1024
7759 17665 4543051 1 1024
7759 17665 4543061 1 1024
7759 17664 4543071 1 1024
7760 17664 4543081 1 1024
7760 17663 4543091 1 1024
7761 17663 4543101 1 1024
7761 17663 4543111 1 1024
7763 17663 4543121 1 1024
7764 17662 4543131 1 1024
7765 17662 4543141 1 1024
7768 17662 4543151 1 1024
7771 17662 4543161 1 1024
7774 17662 4543171 1 1024
7777 17661 4543181 1 1024
7780 17661 4543191 1 1024
7784 17661 4543201 1 1024
7787 17661 4543211 1 1024
7789 17661 4543221 1 1024
7792 17661 4543231 1 1024
7794 17662 4543241 1 1024
7795 17662 4543251 1 1024
7796 17662 4543261 1 1024
7796 17663 4543271 1 1024
7797 17663 4543281 1 1024
7797 17664 4543291 1 1024
7797 17665 4543301 1 1024
7796 17666 4543311 1 1024
7796 17667 4543321 1 1024
7795 17668 4543331 1 1024
7794 17669 4543341 1 1024
7793 17670 4543351 1 1024
7792 17671 4543361 1 1024
7791 17672 4543371 1 1024
7790 17672 4543381 1 1024
7789 17673 4543391 1 1024
7787 17674 4543401 1 1024
7787 17674 4543411 1 1024
7786 17674 4543421 1 1024
7785 17675 4543431 1 1024
7784 17675 4543441 1 1024
7783 17676 4543451 1 1024
7782 17676 4543461 1 1024
7782 17677 4543471 1 1024
7781 17677 4543481 1 1024
7781 17678 4543491 1 1024
7781 17679 4543501 1 1024
7781 17680 4543511 1 1024
7781 17681 4543521 1 1024
7782 17682 4543531 1 1024
7783 17682 4543541 1 1024
7783 17683 4543551 1 1024
7784 17684 4543561 1 1024
7786 17685 4543571 1 1024
7787 17685 4543581 1 1024
7788 17686 4543591 1 1024
7790 17687 4543601 1 1024
7791 17687 4543611 1 1024
7793 17688 4543621 1 1024
7794 17688 4543631 1 1024
7794 17689 4543641 1 1024
7794 17689 4543651 1 1024
7793 17690 4543661 1 1024
7792 17690 4543671 1 1024
7790 17691 4543681 1 1024
7789 17691 4543691 1 1024
7788 17691 4543701 1 1024
7786 17691 4543711 1 1024
7785 17691 4543721 1 1024
7783 17691 4543731 1 1024
7781 17691 4543741 1 1024
7780 17691 4543751 1 1024
7778 17691 4543761 1 1024
7777 17691 4543771 1 1024
7776 17690 4543781 1 1024
7774 17690 4543791 1 1024
7773 17689 4543801 1 1024
7772 17689 4543811 1 1024
7772 17688 4543821 1 1024
7772 17687 4543831 1 1024
7772 17686 4543841 1 1024
7773 17686 4543851 1 1024
7774 17685 4543861 1 1024
7776 17684 4543871 1 1024
7777 17684 4543881 1 1024
7780 17683 4543891 1 1024
7782 17682 4543901 1 1024
7784 17682 4543911 1 1024
7786 17681 4543921 1 1024
7787 17681 4543931 1 1024
7788 17681 4543941 1 1024
7789 17680 4543951 1 1024
7789 17680 4543961 1 1024
7789 17680 4543971 1 1024
7788 17680 4543981 1 1024
7788 17680 4543991 1 1024
7787 17680 4544001 1 1024
7787 17680 4544011 1 1024
7787 17680 4544021 1 1024
7787 17680 4544031 1 1024
7786 17680 4544041 1 1024
7786 17681 4544051 1 1024
7786 17681 4544061 1 1024
7785 17682 4544071 1 1024
7785 17682 4544081 1 1024
7785 17682 4544091 1 1024
7785 17683 4544101 1 1024
7784 17683 4544111 1 1024
7784 17683 4544121 1 1024
7784 17683 4544131 1 1024
7784 17683 4544141 1 1024
7784 17682 4544151 1 1024
7784 17682 4544161 1 1024
7785 17681 4544171 1 1024
7786 17681 4544181 1 1024
7788 17680 4544191 1 1024
7789 17680 4544201 1 1024
7791 17680 4544211 1 1024
7793 17679 4544221 1 1024
7796 17679 4544231 1 1024
7798 17679 4544241 1 1024
7799 17679 4544251 1 1024
7800 17679 4544261 1 1024
7803 17679 4544271 1 1024
7804 17680 4544281 1 1024
7806 17680 4544291 1 1024
7806 17680 4544301 1 1024
7806 17681 4544311 1 1024
7805 17681 4544321 1 1024
7804 17682 4544331 1 1024
7802 17682 4544341 1 1024
7799 17683 4544351 1 1024
7796 17684 4544361 1 1024
7793 17685 4544371 1 1024
7790 17686 4544381 1 1024
7786 17688 4544391 1 1024
7783 17689 4544401 1 1024
7780 17691 4544411 1 1024
7778 17692 4544421 1 1024
7775 17694 4544431 1 1024
7774 17696 4544441 1 1024
7772 17697 4544451 1 1024
7772 17699 4544461 1 1024
7772 17700 4544471 1 1024
7772 17701 4544481 1 1024
7772 17703 4544491 1 1024
7774 17704 4544501 1 1024
7775 17705 4544511 1 1024
7777 17706 4544521 1 1024
7778 17706 4544531 1 1024
7779 17707 4544541 1 1024
7781 17708 4544551 1 1024
7783 17709 4544561 1 1024
7785 17710 4544571 1 1024
7787 17711 4544581 1 1024
7787 17712 4544591 1 1024
7788 17713 4544601 1 1024
7788 17714 4544611 1 1024
7788 17714 4544621 1 1024
7787 17714 4544631 1 1024
7787 17714 4544641 1 1024
7787 17714 4544651 1 1024
7788 17713 4544661 1 1024
7789 17713 4544671 1 1024
7790 17712 4544681 1 1024
7791 17711 4544691 1 1024
7792 17710 4544701 1 1024
7794 17709 4544711 1 1024
7795 17708 4544721 1 1024
7797 17706 4544731 1 1024
7798 17705 4544741 1 1024
7799 17704 4544751 1 1024
7800 17702 4544761 1 1024
7800 17701 4544771 1 1024
7801 17700 4544781 1 1024
7801 17698 4544791 1 1024
7802 17697 4544801 1 1024
7802 17696 4544811 1 1024
7802 17695 4544821 1 1024
7803 17694 4544831 1 1024
7804 17692 4544841 1 1024
7805 17690 4544851 1 1024
7806 17689 4544861 1 1024
7808 17687 4544871 1 1024
7810 17685 4544881 1 1024
7812 17684 4544891 1 1024
7815 17683 4544901 1 1024
7817 17681 4544911 1 1024
7820 17681 4544921 1 1024
7822 17680 4544931 1 1024
7823 17680 4544941 1 1024
7824 17679 4544951 1 1024
7825 17679 4544961 1 1024
7826 17679 4544971 1 1024
7826 17679 4544981 1 1024
7825 17679 4544991 1 1024
7824 17679 4545001 1 1024
7823 17678 4545011 1 1024
7822 17678 4545021 1 1024
7821 17678 4545031 1 1024
7820 17677 4545041 1 1024
7818 17677 4545051 1 1024
7817 17676 4545061 1 1024
7816 17676 4545071 1 1024
7815 17676 4545081 1 1024
7815 17675 4545091 1 1024
7815 17675 4545101 1 1024
7814 17675 4545111 1 1024
7813 17675 4545121 1 1024
7812 17674 4545131 1 1024
7811 17674 4545141 1 1024
7810 17674 4545151 1 1024
7808 17674 4545161 1 1024
7807 17674 4545171 1 1024
7806 17673 4545181 1 1024
7805 17673 4545191 1 1024
7804 17672 4545201 1 1024
7804 17672 4545211 1 1024
7804 17671 4545221 1 1024
7804 17671 4545231 1 1024
7805 17670 4545241 1 1024
7806 17669 4545251 1 1024
7806 17668 4545261 1 1024
7807 17668 4545271 1 1024
7808 17667 4545281 1 1024
7808 17666 4545291 1 1024
7809 17665 4545301 1 1024
7809 17664 4545311 1 1024
7809 17662 4545321 1 1024
7809 17661 4545331 1 1024
7809 17660 4545341 1 1024
7809 17660 4545351 1 1024
7809 17659 4545361 1 1024
7808 17659 4545371 1 1024
7808 17658 4545381 1 1024
7808 17658 4545391 1 1024
7808 17658 4545401 1 1024
7808 17658 4545411 1 1024
7808 17658 4545421 1 1024
7809 17658 4545431 1 1024
7809 17659 4545441 1 1024
7809 17659 4545451 1 1024
7809 17660 4545461 1 1024
7809 17660 4545471 1 1024
7808 17661 4545481 1 1024
7808 17662 4545491 1 1024
7807 17662 4545501 1 1024
7807 17663 4545511 1 1024
7806 17664 4545521 1 1024
7806 17665 4545531 1 1024
7806 17666 4545541 1 1024
7807 17667 4545551 1 1024
7807 17667 4545561 1 1024
7808 17668 4545571 1 1024
7809 17668 4545581 1 1024
7811 17668 4545591 1 1024
7813 17669 4545601 1 1024
7815 17669 4545611 1 1024
7817 17669 4545621 1 1024
7819 17669 4545631 1 1024
7822 17669 4545641 1 1024
7824 17669 4545651 1 1024
7826 17669 4545661 1 1024
7828 17669 4545671 1 1024
7829 17669 4545681 1 1024
7831 17669 4545691 1 1024
7832 17669 4545701 1 1024
7834 17669 4545711 1 1024
7835 17669 4545721 1 1024
7836 17669 4545731 1 1024
7837 17669 4545741 1 1024
7838 17669 4545751 1 1024
7839 17669 4545761 1 1024
7839 17669 4545771 1 1024
7840 17669 4545781 1 1024
7840 17669 4545791 1 1024
7840 17669 4545801 1 1024
7841 17669 4545811 1 1024
7840 17669 4545821 1 1024
7840 17669 4545831 1 1024
7840 17669 4545841 1 1024
7840 17669 4545851 1 1024
7840 17669 4545861 1 1024
