8172 18623 5053769 1 595
8172 18622 5053779 1 614
8172 18623 5053789 1 622
8172 18623 5053799 1 624
8173 18623 5053809 1 624
8173 18623 5053819 1 626
8173 18624 5053829 1 626
8173 18624 5053839 1 627
8172 18625 5053849 1 629
8171 18627 5053859 1 629
8170 18628 5053869 1 631
8169 18630 5053879 1 631
8167 18631 5053889 1 633
8165 18631 5053899 1 634
8163 18632 5053909 1 635
8161 18632 5053919 1 636
8158 18632 5053929 1 636
8156 18633 5053939 1 638
8153 18633 5053949 1 638
8150 18633 5053959 1 640
8148 18632 5053969 1 641
8145 18632 5053979 1 642
8144 18631 5053989 1 642
8144 18631 5053999 1 643
8142 18629 5054009 1 643
8141 18628 5054019 1 645
8141 18627 5054029 1 647
8141 18625 5054039 1 647
8141 18624 5054049 1 648
8142 18622 5054059 1 650
8144 18620 5054069 1 650
8146 18618 5054079 1 652
8149 18615 5054089 1 652
8151 18612 5054099 1 654
8154 18608 5054109 1 654
8156 18604 5054119 1 655
8159 18600 5054129 1 657
8162 18596 5054139 1 657
8165 18592 5054149 1 658
8168 18589 5054159 1 659
8171 18586 5054169 1 660
8173 18583 5054179 1 661
8175 18581 5054189 1 662
8177 18579 5054199 1 664
8178 18578 5054209 1 664
8178 18577 5054219 1 664
8180 18576 5054229 1 666
8181 18574 5054239 1 667
8182 18573 5054249 1 667
8184 18571 5054259 1 667
8186 18570 5054269 1 669
8188 18568 5054279 1 671
8190 18567 5054289 1 671
8191 18566 5054299 1 672
8193 18565 5054309 1 674
8195 18565 5054319 1 674
8197 18565 5054329 1 676
8198 18565 5054339 1 677
8199 18565 5054349 1 677
8200 18566 5054359 1 679
8201 18566 5054369 1 681
8202 18567 5054379 1 681
8203 18567 5054389 1 682
8203 18568 5054399 1 682
8204 18569 5054409 1 684
8203 18569 5054419 1 684
8203 18570 5054429 1 684
8202 18570 5054439 1 686
8200 18571 5054449 1 687
8197 18571 5054459 1 687
8193 18571 5054469 1 689
8189 18571 5054479 1 690
8183 18572 5054489 1 691
8178 18572 5054499 1 692
8172 18571 5054509 1 694
8167 18570 5054519 1 694
8162 18569 5054529 1 694
8157 18568 5054539 1 696
8151 18567 5054549 1 697
8147 18565 5054559 1 697
8142 18563 5054569 1 699
8138 18562 5054579 1 699
8134 18561 5054589 1 700
8131 18560 5054599 1 702
8128 18559 5054609 1 702
8125 18559 5054619 1 704
8123 18559 5054629 1 705
8121 18559 5054639 1 707
8120 18559 5054649 1 707
8120 18560 5054659 1 707
8118 18560 5054669 1 708
8117 18560 5054679 1 710
8116 18561 5054689 1 711
8115 18561 5054699 1 712
8115 18561 5054709 1 713
8115 18562 5054719 1 715
8115 18562 5054729 1 715
8115 18562 5054739 1 715
8115 18562 5054749 1 716
8116 18562 5054759 1 716
8117 18562 5054769 1 718
8119 18562 5054779 1 718
8121 18563 5054789 1 720
8123 18563 5054799 1 720
8126 18564 5054809 1 720
8129 18566 5054819 1 721
8133 18567 5054829 1 721
8136 18568 5054839 1 722
8138 18569 5054849 1 723
8141 18571 5054859 1 723
8143 18572 5054869 1 723
8144 18573 5054879 1 723
8147 18574 5054889 1 725
8151 18576 5054899 1 725
8154 18578 5054909 1 725
8158 18581 5054919 1 725
8163 18583 5054929 1 727
8167 18585 5054939 1 727
8172 18588 5054949 1 728
8177 18590 5054959 1 729
8181 18593 5054969 1 730
8186 18595 5054979 1 730
8191 18598 5054989 1 732
8195 18600 5054999 1 733
8199 18602 5055009 1 733
8203 18604 5055019 1 735
8206 18606 5055029 1 736
8208 18608 5055039 1 738
8210 18610 5055049 1 739
8212 18611 5055059 1 739
8213 18612 5055069 1 741
8214 18612 5055079 1 743
8214 18612 5055089 1 744
8214 18613 5055099 1 745
8214 18613 5055109 1 748
8214 18613 5055119 1 749
8213 18613 5055129 1 752
8212 18613 5055139 1 755
8212 18613 5055149 1 757
8211 18612 5055159 1 760
8210 18611 5055169 1 763
8209 18610 5055179 1 766
8208 18608 5055189 1 768
8207 18606 5055199 1 772
8206 18604 5055209 1 774
8205 18602 5055219 1 775
8204 18599 5055229 1 779
8204 18597 5055239 1 782
8203 18595 5055249 1 786
8202 18593 5055259 1 789
8201 18591 5055269 1 793
8201 18590 5055279 1 794
8201 18588 5055289 1 796
8201 18587 5055299 1 800
8202 18586 5055309 1 802
8202 18586 5055319 1 804
8203 18585 5055329 1 806
8204 18584 5055339 1 809
8205 18583 5055349 1 813
8207 18582 5055359 1 816
8208 18580 5055369 1 818
8209 18579 5055379 1 820
8211 18577 5055389 1 821
8212 18575 5055399 1 824
8212 18573 5055409 1 826
8213 18572 5055419 1 829
8214 18570 5055429 1 832
8214 18568 5055439 1 833
8215 18567 5055449 1 834
8216 18566 5055459 1 836
8217 18565 5055469 1 837
8217 18564 5055479 1 838
8218 18563 5055489 1 838
8218 18562 5055499 1 840
8219 18561 5055509 1 840
8219 18560 5055519 1 839
8219 18560 5055529 1 838
8220 18559 5055539 1 839
8221 18558 5055549 1 839
8222 18557 5055559 1 837
8222 18556 5055569 1 836
8223 18556 5055579 1 835
8223 18555 5055589 1 833
8223 18555 5055599 1 830
8223 18554 5055609 1 828
8223 18553 5055619 1 824
8222 18552 5055629 1 820
8222 18552 5055639 1 815
8220 18551 5055649 1 811
8219 18551 5055659 1 808
8218 18551 5055669 1 805
8217 18551 5055679 1 800
8216 18552 5055689 1 794
8215 18552 5055699 1 790
8213 18552 5055709 1 788
8213 18552 5055719 1 782
8212 18553 5055729 1 775
8212 18553 5055739 1 769
8211 18552 5055749 1 766
8212 18552 5055759 1 763
8212 18552 5055769 1 758
8212 18552 5055779 1 753
8213 18552 5055789 1 749
8214 18551 5055799 1 746
8215 18551 5055809 1 743
8217 18551 5055819 1 744
8218 18551 5055829 1 744
8219 18552 5055839 1 745
8220 18552 5055849 1 749
8220 18552 5055859 1 752
8220 18553 5055869 1 754
8220 18554 5055879 1 762
8221 18554 5055889 1 771
8221 18555 5055899 1 782
8221 18556 5055909 1 796
8222 18556 5055919 1 812
8223 18556 5055929 1 831
8224 18556 5055939 1 852
8225 18556 5055949 1 876
8226 18555 5055959 1 902
8227 18555 5055969 1 915
8227 18555 5055979 1 930
8227 18554 5055989 1 960
8227 18554 5055999 1 990
8226 18553 5056009 1 1022
8225 18552 5056019 1 1024
8224 18551 5056029 1 1024
8223 18550 5056039 1 1024
8221 18548 5056049 1 1024
8219 18547 5056059 1 1024
8217 18546 5056069 1 1024
8215 18544 5056079 1 1024
8214 18542 5056089 1 1024
8212 18540 5056099 1 1024
8211 18538 5056109 1 1024
8210 18536 5056119 1 1024
8208 18535 5056129 1 1024
8207 18533 5056139 1 1024
8206 18531 5056149 1 1024
8205 18529 5056159 1 1024
8204 18528 5056169 1 1024
8203 18526 5056179 1 1024
8202 18526 5056189 1 1024
8202 18526 5056199 1 1024
8202 18525 5056209 1 1024
8201 18524 5056219 1 1024
8202 18523 5056229 1 1024
8203 18523 5056239 1 1024
8204 18522 5056249 1 1024
8205 18522 5056259 1 1024
8206 18521 5056269 1 1024
8207 18521 5056279 1 1024
8208 18520 5056289 1 1024
8208 18519 5056299 1 1024
8209 18519 5056309 1 1024
8209 18518 5056319 1 1024
8209 18517 5056329 1 1024
8209 18517 5056339 1 1024
8210 18517 5056349 1 1024
8211 18516 5056359 1 1024
8212 18516 5056369 1 959
8213 18516 5056379 1 873
8215 18516 5056389 1 781
8216 18516 5056399 1 683
8217 18516 5056409 1 646
8218 18517 5056419 1 633
8219 18517 5056429 1 582
8221 18517 5056439 1 481
8223 18518 5056449 1 383
8225 18518 5056459 1 291
8226 18519 5056469 1 208
8228 18520 5056479 1 136
8230 18521 5056489 1 78
8232 18522 5056499 1 37
8234 18522 5056509 1 20
8236 18523 5056519 1 17
8238 18523 5056529 1 18
8240 18524 5056539 1 45
8241 18525 5056549 1 100
8242 18525 5056559 1 186
8244 18526 5056569 1 305
8244 18526 5056579 1 462
8245 18527 5056589 1 658
8245 18527 5056599 0 0
8245 18528 5056609 0 0
8245 18528 5056619 0 0
8245 18528 5056629 0 0
8244 18528 5056639 0 0
8244 18528 5056649 0 0
8243 18528 5056659 0 0
8243 18528 5056669 0 0
8242 18527 5056679 0 0
8242 18527 5056689 0 0
8241 18526 5056699 0 0
8240 18526 5056709 0 0
8240 18525 5056719 0 0
8239 18525 5056729 1 3
8237 18525 5056739 1 12
8236 18526 5056749 1 25
8235 18526 5056759 1 43
8234 18527 5056769 1 65
8233 18527 5056779 1 91
8232 18528 5056789 1 120
8232 18529 5056799 1 153
8231 18531 5056809 1 189
8230 18532 5056819 1 229
8229 18534 5056829 1 271
8227 18536 5056839 1 316
8226 18537 5056849 1 363
8226 18538 5056859 1 413
8224 18539 5056869 1 465
8223 18540 5056879 1 519
8222 18541 5056889 1 574
8220 18542 5056899 1 631
8219 18542 5056909 1 689
8217 18542 5056919 1 748
8215 18543 5056929 1 807
8214 18543 5056939 1 866
8212 18544 5056949 1 918
8210 18545 5056959 1 962
8208 18545 5056969 1 996
8207 18546 5056979 1 1019
8206 18548 5056989 1 1024
8205 18549 5056999 1 1024
8204 18551 5057009 1 1024
8204 18553 5057019 1 1024
8204 18555 5057029 1 1024
8204 18557 5057039 1 1024
8205 18559 5057049 1 1024
8206 18561 5057059 1 1024
8206 18562 5057069 1 1024
8207 18563 5057079 1 1024
8208 18565 5057089 1 1024
8209 18567 5057099 1 1024
8210 18569 5057109 1 1024
8211 18571 5057119 1 1021
8211 18572 5057129 1 1016
8212 18573 5057139 1 1011
8213 18573 5057149 1 1008
8214 18573 5057159 1 1006
8214 18573 5057169 1 1003
8215 18572 5057179 1 1000
8216 18571 5057189 1 996
8217 18571 5057199 1 990
8218 18570 5057209 1 985
8219 18569 5057219 1 982
8220 18569 5057229 1 977
8222 18568 5057239 1 974
8224 18568 5057249 1 971
8225 18567 5057259 1 967
8227 18566 5057269 1 965
8228 18566 5057279 1 963
8229 18565 5057289 1 962
8230 18565 5057299 1 961
8231 18565 5057309 1 960
8233 18564 5057319 1 960
8234 18564 5057329 1 960
8236 18564 5057339 1 961
8237 18564 5057349 1 962
8238 18564 5057359 1 963
8238 18565 5057369 1 964
8238 18566 5057379 1 965
8238 18566 5057389 1 967
8238 18567 5057399 1 967
8237 18568 5057409 1 968
8236 18569 5057419 1 969
8236 18570 5057429 1 970
8235 18571 5057439 1 971
8235 18571 5057449 1 972
8234 18572 5057459 1 973
8234 18572 5057469 1 974
8235 18571 5057479 1 974
8235 18571 5057489 1 975
8235 18570 5057499 1 976
8236 18570 5057509 1 976
8236 18569 5057519 1 977
8236 18569 5057529 1 978
8237 18568 5057539 1 979
8238 18568 5057549 1 980
8238 18567 5057559 1 980
8239 18567 5057569 1 981
8239 18567 5057579 1 982
8238 18567 5057589 1 983
8237 18566 5057599 1 984
8237 18566 5057609 1 985
8236 18566 5057619 1 986
8235 18567 5057629 1 987
8234 18567 5057639 1 988
8233 18567 5057649 1 988
8233 18568 5057659 1 989
8232 18568 5057669 1 990
8231 18568 5057679 1 991
8230 18568 5057689 1 992
8229 18567 5057699 1 993
8228 18567 5057709 1 994
8228 18566 5057719 1 995
8228 18566 5057729 1 996
8227 18566 5057739 1 996
8227 18565 5057749 1 997
8226 18564 5057759 1 998
8226 18563 5057769 1 999
8226 18563 5057779 1 1000
8225 18562 5057789 1 1001
8225 18562 5057799 1 1002
8224 18561 5057809 1 1002
8223 18561 5057819 1 1003
8222 18561 5057829 1 1004
8222 18562 5057839 1 1005
8221 18562 5057849 1 1006
8221 18563 5057859 1 1007
8221 18564 5057869 1 1008
8221 18565 5057879 1 1009
8221 18566 5057889 1 1010
8222 18568 5057899 1 1011
8223 18569 5057909 1 1012
8224 18571 5057919 1 1012
8225 18572 5057929 1 1013
8226 18574 5057939 1 1014
8227 18575 5057949 1 1014
8227 18575 5057959 1 1015
8229 18576 5057969 1 1016
8230 18577 5057979 1 1016
8231 18578 5057989 1 1017
8232 18578 5057999 1 1019
8233 18578 5058009 1 1020
8234 18578 5058019 1 1021
8234 18578 5058029 1 1021
8235 18578 5058039 1 1022
8235 18578 5058049 1 1023
8235 18578 5058059 1 1024
8236 18578 5058069 1 1024
8236 18578 5058079 1 1024
8237 18578 5058089 1 1024
8237 18577 5058099 1 1024
8237 18577 5058109 1 1024
8238 18577 5058119 1 1024
8238 18577 5058129 1 1024
8238 18577 5058139 1 1024
8239 18578 5058149 1 1024
8239 18578 5058159 1 1024
8240 18578 5058169 1 1024
8240 18579 5058179 1 1024
8241 18579 5058189 1 1024
8242 18580 5058199 1 1024
8243 18581 5058209 1 1024
8245 18582 5058219 1 1024
8246 18582 5058229 1 1024
8248 18582 5058239 1 1024
8250 18582 5058249 1 1024
8252 18582 5058259 1 1024
8253 18582 5058269 1 1024
8254 18582 5058279 1 1024
8255 18581 5058289 1 1024
8257 18580 5058299 1 1024
8258 18580 5058309 1 1024
8259 18579 5058319 1 1024
8260 18578 5058329 1 1024
8260 18577 5058339 1 1024
8261 18575 5058349 1 1023
8262 18574 5058359 1 1023
8262 18573 5058369 1 1023
8262 18572 5058379 1 1023
8261 18572 5058389 1 1024
8261 18572 5058399 1 1024
8260 18571 5058409 1 1024
8259 18571 5058419 1 1024
8258 18571 5058429 1 1024
8257 18571 5058439 1 1024
8257 18571 5058449 1 1024
8256 18571 5058459 1 1023
8256 18572 5058469 1 1023
8256 18573 5058479 1 1023
8257 18573 5058489 1 1023
8257 18574 5058499 1 1023
8258 18575 5058509 1 1023
8258 18575 5058519 1 1023
8258 18575 5058529 1 1023
8258 18575 5058539 1 1023
8257 18574 5058549 1 1023
8256 18574 5058559 1 1023
8255 18572 5058569 1 1024
8253 18571 5058579 1 1023
8251 18570 5058589 1 1023
8250 18569 5058599 1 1023
8249 18568 5058609 1 1023
8248 18568 5058619 1 1023
8246 18566 5058629 1 1023
8245 18565 5058639 1 1023
8243 18564 5058649 1 1023
8242 18563 5058659 1 1024
8241 18563 5058669 1 1024
8240 18562 5058679 1 1024
8239 18562 5058689 1 1024
8238 18562 5058699 1 1024
8238 18563 5058709 1 1024
8238 18563 5058719 1 1024
8238 18563 5058729 1 1024
8239 18564 5058739 1 1024
8239 18564 5058749 1 1024
8240 18564 5058759 1 1024
8240 18564 5058769 1 1024
8241 18564 5058779 1 1024
8241 18563 5058789 1 1024
8242 18563 5058799 1 1024
8243 18562 5058809 1 1024
8243 18560 5058819 1 1024
8244 18560 5058829 1 1024
8244 18559 5058839 1 1024
8245 18557 5058849 1 1024
8246 18556 5058859 1 1024
8248 18554 5058869 1 1024
8249 18552 5058879 1 1024
8249 18551 5058889 1 1024
8250 18549 5058899 1 1024
8250 18548 5058909 1 1024
8251 18547 5058919 1 1024
8251 18546 5058929 1 1024
8251 18546 5058939 1 1024
8251 18546 5058949 1 1024
8251 18546 5058959 1 1024
8252 18546 5058969 1 1024
8252 18546 5058979 1 1024
8253 18546 5058989 1 1024
8253 18546 5058999 1 1024
8254 18546 5059009 1 1024
8254 18547 5059019 1 1024
8255 18547 5059029 1 1024
8255 18547 5059039 1 1024
8255 18547 5059049 1 1024
8256 18548 5059059 1 1024
8256 18548 5059069 1 1024
8257 18548 5059079 1 1024
8257 18549 5059089 1 1024
8258 18549 5059099 1 1024
8259 18549 5059109 1 1024
8259 18550 5059119 1 1024
8260 18550 5059129 1 1024
8260 18550 5059139 1 1024
8259 18550 5059149 1 1024
8259 18550 5059159 1 1024
8258 18550 5059169 1 1024
8258 18550 5059179 1 1024
8258 18550 5059189 1 1024
8258 18550 5059199 1 1024
8258 18550 5059209 1 1024
8259 18550 5059219 1 1024
8259 18549 5059229 1 1024
8260 18549 5059239 1 1024
8260 18548 5059249 1 1024
8260 18548 5059259 1 1024
8260 18548 5059269 1 1024
8260 18547 5059279 1 1024
8261 18547 5059289 1 1024
8261 18546 5059299 1 1024
8261 18546 5059309 1 1024
8261 18545 5059319 1 1024
8261 18544 5059329 1 1024
8262 18544 5059339 1 1024
8262 18543 5059349 1 1024
8263 18543 5059359 1 1024
8263 18543 5059369 1 1024
8264 18542 5059379 1 1024
8266 18542 5059389 1 1024
8267 18542 5059399 1 1024
8268 18542 5059409 1 1024
8269 18542 5059419 1 1024
8270 18542 5059429 1 1024
8271 18542 5059439 1 1024
8272 18542 5059449 1 1024
8272 18542 5059459 1 1024
8273 18543 5059469 1 1024
8273 18543 5059479 1 1024
8272 18544 5059489 1 1024
8272 18544 5059499 1 1024
8272 18545 5059509 1 1024
8273 18547 5059519 1 1024
8273 18548 5059529 1 1024
8273 18549 5059539 1 1024
8274 18550 5059549 1 1024
8274 18551 5059559 1 1024
8275 18552 5059569 1 1024
8276 18552 5059579 1 1024
8277 18553 5059589 1 1024
8278 18553 5059599 1 1024
8279 18552 5059609 1 1024
8280 18552 5059619 1 1024
8281 18552 5059629 1 1024
8283 18552 5059639 1 1024
8283 18551 5059649 1 1024
8284 18551 5059659 1 1024
8284 18551 5059669 1 1024
8284 18551 5059679 1 1024
8284 18551 5059689 1 1024
8283 18551 5059699 1 1024
8282 18551 5059709 1 1024
8282 18551 5059719 1 1024
8281 18551 5059729 1 1024
8279 18552 5059739 1 1024
8278 18552 5059749 1 1024
8277 18553 5059759 1 1024
8277 18555 5059769 1 1024
8276 18556 5059779 1 1024
8276 18557 5059789 1 1024
8276 18558 5059799 1 1024
8276 18560 5059809 1 1024
8276 18561 5059819 1 1024
8276 18562 5059829 1 1024
8277 18564 5059839 1 1024
8277 18565 5059849 1 1024
8277 18566 5059859 1 1024
8278 18567 5059869 1 1024
8277 18568 5059879 1 1024
8277 18569 5059889 1 1024
8276 18569 5059899 1 1024
8275 18569 5059909 1 1024
8273 18569 5059919 1 1024
8272 18569 5059929 1 1024
8271 18569 5059939 1 1024
8269 18569 5059949 1 1024
8267 18568 5059959 1 1024
8264 18567 5059969 1 1024
8262 18566 5059979 1 1024
8259 18565 5059989 1 1024
8257 18564 5059999 1 1024
8255 18564 5060009 1 1024
8254 18563 5060019 1 1024
8252 18563 5060029 1 1024
8251 18562 5060039 1 1024
8250 18562 5060049 1 1024
8249 18561 5060059 1 1024
8249 18561 5060069 1 1024
8248 18560 5060079 1 1024
8248 18560 5060089 1 1024
8248 18559 5060099 1 1024
8248 18559 5060109 1 1024
8249 18559 5060119 1 1024
8249 18558 5060129 1 1024
8250 18559 5060139 1 1024
8250 18559 5060149 1 1024
8250 18559 5060159 1 1024
8251 18560 5060169 1 1024
8252 18560 5060179 1 1024
8252 18561 5060189 1 1024
8253 18562 5060199 1 1024
8253 18563 5060209 1 1024
8253 18563 5060219 1 1024
8254 18564 5060229 1 1024
8254 18565 5060239 1 1024
8254 18566 5060249 1 1024
8254 18566 5060259 1 1024
8254 18566 5060269 1 1024
8255 18566 5060279 1 1024
8255 18566 5060289 1 1024
8256 18566 5060299 1 1024
8256 18566 5060309 1 1024
8256 18565 5060319 1 1024
8257 18564 5060329 1 1024
8257 18564 5060339 1 1024
8256 18563 5060349 1 1024
8256 18562 5060359 1 1024
8256 18562 5060369 1 1024
8256 18562 5060379 1 1024
8256 18561 5060389 1 1024
8256 18559 5060399 1 1024
8257 18558 5060409 1 1024
8257 18557 5060419 1 1024
8257 18556 5060429 1 1024
8258 18555 5060439 1 1024
8258 18553 5060449 1 1024
8259 18552 5060459 1 1024
8260 18552 5060469 1 1024
8261 18551 5060479 1 1024
8262 18550 5060489 1 1024
8264 18550 5060499 1 1024
8265 18550 5060509 1 1024
8267 18551 5060519 1 1024
8268 18552 5060529 1 1024
8269 18553 5060539 1 1024
8271 18553 5060549 1 1024
8272 18554 5060559 1 1024
8274 18555 5060569 1 1024
8275 18556 5060579 1 1024
8275 18556 5060589 1 1024
8276 18557 5060599 1 1024
8277 18557 5060609 1 1024
8278 18557 5060619 1 1024
8279 18558 5060629 1 1024
8280 18558 5060639 1 1024
8281 18558 5060649 1 1024
8281 18559 5060659 1 1024
8282 18559 5060669 1 1024
8282 18559 5060679 1 1024
8282 18560 5060689 1 1024
8282 18560 5060699 1 1024
8282 18561 5060709 1 1024
8281 18561 5060719 1 1024
8280 18562 5060729 1 1024
8279 18562 5060739 1 1024
8278 18562 5060749 1 1024
8277 18562 5060759 1 1024
8275 18563 5060769 1 1024
8274 18563 5060779 1 1024
8274 18563 5060789 1 1024
8273 18564 5060799 1 1024
8273 18564 5060809 1 1024
8273 18564 5060819 1 1024
8273 18565 5060829 1 1024
8273 18565 5060839 1 1024
8273 18566 5060849 1 1024
8274 18566 5060859 1 1024
8274 18566 5060869 1 1024
8274 18567 5060879 1 1024
8274 18567 5060889 1 1024
8274 18567 5060899 1 1024
8275 18567 5060909 1 1024
8275 18566 5060919 1 1024
8277 18566 5060929 1 1024
8278 18566 5060939 1 1024
8280 18566 5060949 1 1024
8282 18566 5060959 1 1024
8284 18566 5060969 1 1024
8287 18566 5060979 1 1024
8289 18566 5060989 1 1024
8291 18566 5060999 1 1024
8293 18567 5061009 1 1024
8294 18567 5061019 1 1024
8295 18567 5061029 1 1024
8296 18568 5061039 1 1024
8296 18568 5061049 1 1024
8297 18569 5061059 1 1024
8297 18569 5061069 1 1024
8297 18570 5061079 1 1024
8296 18570 5061089 1 1024
8295 18571 5061099 1 1024
8294 18571 5061109 1 1024
8292 18572 5061119 1 1024
8291 18572 5061129 1 1024
8289 18573 5061139 1 1024
8288 18573 5061149 1 1024
8287 18574 5061159 1 1024
8286 18574 5061169 1 1024
8286 18574 5061179 1 1024
8286 18574 5061189 1 1024
8286 18574 5061199 1 1024
8286 18574 5061209 1 1024
8287 18575 5061219 1 1024
8287 18575 5061229 1 1024
8288 18575 5061239 1 1024
8288 18575 5061249 1 1024
8288 18576 5061259 1 1024
8289 18576 5061269 1 1024
8289 18576 5061279 1 1024
8290 18576 5061289 1 1024
8291 18576 5061299 1 1024
8291 18576 5061309 1 1024
8292 18576 5061319 1 1024
8293 18576 5061329 1 1024
8295 18576 5061339 1 1024
8296 18576 5061349 1 1024
8297 18576 5061359 1 1024
8298 18576 5061369 1 1024
8298 18575 5061379 1 1024
8299 18574 5061389 1 1024
8299 18574 5061399 1 1024
8299 18573 5061409 1 1024
8299 18572 5061419 1 1024
8298 18571 5061429 1 1024
8297 18570 5061439 1 1024
8296 18569 5061449 1 1024
8294 18568 5061459 1 1024
8293 18567 5061469 1 1024
8292 18567 5061479 1 1024
8290 18566 5061489 1 1024
8288 18565 5061499 1 1024
8286 18564 5061509 1 1024
8284 18563 5061519 1 1024
8282 18562 5061529 1 1024
8281 18561 5061539 1 1024
8280 18560 5061549 1 1024
8279 18560 5061559 1 1024
8278 18559 5061569 1 1024
8277 18559 5061579 1 1024
8277 18559 5061589 1 1024
8276 18559 5061599 1 1024
8276 18559 5061609 1 1024
8276 18559 5061619 1 1024
8277 18560 5061629 1 1024
8277 18561 5061639 1 1024
8278 18562 5061649 1 1024
8279 18562 5061659 1 1024
8280 18564 5061669 1 1024
8280 18565 5061679 1 1024
8281 18566 5061689 1 1024
8281 18567 5061699 1 1024
8282 18568 5061709 1 1024
8282 18570 5061719 1 1024
8283 18571 5061729 1 1024
8283 18572 5061739 1 1024
8283 18574 5061749 1 1024
8283 18575 5061759 1 1024
8283 18577 5061769 1 1024
8282 18578 5061779 1 1024
8281 18580 5061789 1 1024
8280 18581 5061799 1 1024
8279 18583 5061809 1 1024
8279 18584 5061819 1 1024
8278 18585 5061829 1 1024
8277 18586 5061839 1 1024
8276 18587 5061849 1 1024
8276 18588 5061859 1 1024
8275 18589 5061869 1 1024
8274 18589 5061879 1 1024
8274 18590 5061889 1 1024
8275 18591 5061899 1 1024
8275 18592 5061909 1 1024
8275 18592 5061919 1 1024
8276 18593 5061929 1 1024
8276 18594 5061939 1 1024
8276 18595 5061949 1 1024
8276 18596 5061959 1 1024
8276 18597 5061969 1 1024
8277 18598 5061979 1 1024
8277 18599 5061989 1 1024
8278 18600 5061999 1 1024
8279 18601 5062009 1 1024
8280 18602 5062019 1 1024
8281 18603 5062029 1 1024
8283 18603 5062039 1 1024
8284 18603 5062049 1 1024
8286 18602 5062059 1 1024
8287 18601 5062069 1 1024
8288 18599 5062079 1 1024
8289 18598 5062089 1 1024
8290 18596 5062099 1 1024
8291 18595 5062109 1 1024
8293 18593 5062119 1 1024
8294 18592 5062129 1 1024
8295 18592 5062139 1 1024
8297 18590 5062149 1 1024
8299 18589 5062159 1 1024
8302 18587 5062169 1 1024
8304 18586 5062179 1 1024
8306 18584 5062189 1 1024
8308 18583 5062199 1 1024
8310 18582 5062209 1 1024
8312 18581 5062219 1 1024
8314 18580 5062229 1 1024
8316 18579 5062239 1 1024
8318 18578 5062249 1 1024
8320 18577 5062259 1 1024
8322 18576 5062269 1 1024
8323 18576 5062279 1 1024
8325 18574 5062289 1 1024
8327 18573 5062299 1 1024
8328 18572 5062309 1 1024
8329 18570 5062319 1 1024
8330 18568 5062329 1 1024
8330 18567 5062339 1 1024
8330 18566 5062349 1 1024
8330 18566 5062359 1 1024
8329 18565 5062369 1 1024
8329 18564 5062379 1 1024
8328 18564 5062389 1 1024
8328 18565 5062399 1 1024
8327 18566 5062409 1 1024
8326 18568 5062419 1 1024
8325 18569 5062429 1 1024
8324 18570 5062439 1 1024
8323 18571 5062449 1 1024
8322 18572 5062459 1 1024
8322 18572 5062469 1 1024
8321 18573 5062479 1 1024
8320 18573 5062489 1 1024
8319 18573 5062499 1 1024
8318 18573 5062509 1 1024
8317 18572 5062519 1 1024
8316 18572 5062529 1 1024
8315 18571 5062539 1 1024
8314 18571 5062549 1 1024
8313 18570 5062559 1 1024
8313 18569 5062569 1 1024
8312 18569 5062579 1 1024
8311 18568 5062589 1 1024
8310 18567 5062599 1 1024
8309 18566 5062609 1 1024
8307 18564 5062619 1 1024
8306 18563 5062629 1 1024
8304 18562 5062639 1 1024
8302 18562 5062649 1 1024
8301 18561 5062659 1 1024
8299 18561 5062669 1 1024
8297 18560 5062679 1 1024
8295 18560 5062689 1 1024
8293 18560 5062699 1 1024
8292 18560 5062709 1 1024
8291 18560 5062719 1 1024
8290 18559 5062729 1 1024
8289 18559 5062739 1 1024
8288 18558 5062749 1 1024
8288 18558 5062759 1 1024
8289 18558 5062769 1 1024
8289 18557 5062779 1 1024
8290 18557 5062789 1 1024
8290 18557 5062799 1 1024
8291 18557 5062809 1 1024
8292 18557 5062819 1 1024
8292 18557 5062829 1 1024
8293 18557 5062839 1 1024
8294 18558 5062849 1 1024
8294 18558 5062859 1 1024
8294 18559 5062869 1 1024
8295 18560 5062879 1 1024
8296 18562 5062889 1 1024
8296 18563 5062899 1 1024
8297 18565 5062909 1 1024
8298 18566 5062919 1 1024
8300 18568 5062929 1 1024
8301 18569 5062939 1 1024
8303 18570 5062949 1 1024
8305 18571 5062959 1 1024
8307 18571 5062969 1 1024
8309 18571 5062979 1 1024
8310 18570 5062989 1 1024
8312 18569 5062999 1 1024
8313 18568 5063009 1 1024
8313 18566 5063019 1 1024
8314 18564 5063029 1 1024
8314 18563 5063039 1 1024
8314 18561 5063049 1 1024
8314 18559 5063059 1 1024
8313 18558 5063069 1 1024
8313 18556 5063079 1 1024
8312 18555 5063089 1 1024
8311 18554 5063099 1 1024
8310 18553 5063109 1 1024
8308 18553 5063119 1 1024
8306 18552 5063129 1 1024
8304 18553 5063139 1 1024
8302 18553 5063149 1 1024
8299 18554 5063159 1 1024
8297 18554 5063169 1 1024
8294 18555 5063179 1 1024
8292 18556 5063189 1 1024
8290 18557 5063199 1 1024
8288 18558 5063209 1 1024
8287 18559 5063219 1 1024
8287 18560 5063229 1 1024
8287 18560 5063239 1 1024
8287 18561 5063249 1 1024
8288 18561 5063259 1 1024
8290 18560 5063269 1 1024
8292 18560 5063279 1 1024
8294 18559 5063289 1 1024
8296 18558 5063299 1 1024
8298 18557 5063309 1 1024
