8077 17850 2824199 1 746
8077 17850 2824209 1 746
8076 17850 2824219 1 746
8076 17850 2824229 1 747
8076 17851 2824239 1 747
8075 17851 2824249 1 748
8074 17851 2824259 1 748
8073 17851 2824269 1 748
8072 17852 2824279 1 749
8071 17852 2824289 1 749
8071 17852 2824299 1 750
8070 17851 2824309 1 751
8070 17851 2824319 1 751
8070 17850 2824329 1 751
8070 17850 2824339 1 751
8069 17851 2824349 1 752
8069 17851 2824359 1 752
8069 17851 2824369 1 753
8069 17851 2824379 1 753
8069 17850 2824389 1 753
8068 17850 2824399 1 754
8067 17848 2824409 1 754
8067 17847 2824419 1 755
8066 17846 2824429 1 756
8067 17842 2824439 1 756
8067 17840 2824449 1 757
8069 17838 2824459 1 757
8070 17836 2824469 1 758
8072 17833 2824479 1 758
8075 17830 2824489 1 759
8077 17826 2824499 1 759
8080 17823 2824509 1 759
8083 17819 2824519 1 760
8085 17815 2824529 1 760
8088 17811 2824539 1 760
8091 17808 2824549 1 761
8094 17805 2824559 1 762
8097 17802 2824569 1 761
8099 17800 2824579 1 762
8102 17799 2824589 1 763
8105 17797 2824599 1 763
8108 17796 2824609 1 764
8111 17795 2824619 1 765
8113 17794 2824629 1 764
8116 17793 2824639 1 764
8119 17792 2824649 1 765
8122 17791 2824659 1 766
8125 17790 2824669 1 766
8130 17789 2824679 1 768
8132 17789 2824689 1 767
8133 17789 2824699 1 768
8133 17789 2824709 1 769
8133 17789 2824719 1 769
8133 17788 2824729 1 770
8132 17788 2824739 1 771
8130 17788 2824749 1 771
8127 17788 2824759 1 771
8124 17788 2824769 1 771
8119 17788 2824779 1 772
8114 17787 2824789 1 772
8109 17787 2824799 1 773
8102 17787 2824809 1 774
8096 17787 2824819 1 774
8090 17787 2824829 1 774
8083 17786 2824839 1 775
8077 17786 2824849 1 775
8071 17785 2824859 1 776
8065 17785 2824869 1 777
8060 17784 2824879 1 777
8055 17784 2824889 1 777
8051 17783 2824899 1 777
8048 17783 2824909 1 778
8042 17782 2824919 1 779
8039 17782 2824929 1 779
8036 17783 2824939 1 780
8033 17783 2824949 1 781
8029 17783 2824959 1 780
8026 17782 2824969 1 781
8024 17782 2824979 1 782
8022 17782 2824989 1 783
8020 17782 2824999 1 783
8019 17782 2825009 1 784
8018 17783 2825019 1 784
8017 17783 2825029 1 785
8017 17784 2825039 1 785
8018 17784 2825049 1 786
8018 17785 2825059 1 787
8019 17786 2825069 1 787
8020 17788 2825079 1 787
8022 17789 2825089 1 788
8023 17790 2825099 1 787
8025 17791 2825109 1 788
8027 17793 2825119 1 788
8030 17794 2825129 1 789
8033 17796 2825139 1 789
8036 17797 2825149 1 789
8044 17800 2825159 1 790
8048 17801 2825169 1 790
8052 17802 2825179 1 791
8055 17803 2825189 1 790
8059 17805 2825199 1 790
8063 17806 2825209 1 791
8067 17808 2825219 1 791
8070 17809 2825229 1 791
8074 17811 2825239 1 791
8077 17813 2825249 1 792
8081 17816 2825259 1 792
8085 17818 2825269 1 793
8088 17820 2825279 1 793
8092 17823 2825289 1 793
8095 17825 2825299 1 793
8098 17828 2825309 1 794
8100 17829 2825319 1 795
8102 17831 2825329 1 795
8104 17833 2825339 1 796
8106 17834 2825349 1 797
8108 17835 2825359 1 798
8110 17836 2825369 1 798
8111 17838 2825379 1 798
8113 17838 2825389 1 799
8117 17839 2825399 1 802
8118 17838 2825409 1 803
8119 17838 2825419 1 804
8120 17838 2825429 1 806
8120 17837 2825439 1 808
8120 17837 2825449 1 809
8119 17836 2825459 1 811
8118 17836 2825469 1 813
8116 17835 2825479 1 815
8115 17834 2825489 1 816
8113 17833 2825499 1 819
8112 17831 2825509 1 820
8111 17830 2825519 1 821
8109 17828 2825529 1 823
8108 17826 2825539 1 825
8107 17824 2825549 1 828
8106 17821 2825559 1 829
8104 17819 2825569 1 832
8103 17816 2825579 1 833
8103 17814 2825589 1 834
8102 17811 2825599 1 836
8101 17809 2825609 1 839
8101 17806 2825619 1 841
8100 17804 2825629 1 842
8100 17799 2825639 1 847
8101 17797 2825649 1 849
8101 17795 2825659 1 849
8102 17792 2825669 1 850
8103 17790 2825679 1 852
8104 17788 2825689 1 854
8105 17787 2825699 1 856
8106 17786 2825709 1 857
8107 17785 2825719 1 858
8108 17784 2825729 1 859
8109 17783 2825739 1 860
8110 17782 2825749 1 861
8112 17781 2825759 1 862
8113 17780 2825769 1 862
8114 17779 2825779 1 863
8115 17778 2825789 1 863
8116 17777 2825799 1 862
8117 17776 2825809 1 862
8118 17775 2825819 1 862
8119 17774 2825829 1 861
8119 17773 2825839 1 860
8120 17773 2825849 1 859
8120 17772 2825859 1 857
8120 17772 2825869 1 855
8120 17771 2825879 1 851
8120 17770 2825889 1 848
8120 17770 2825899 1 844
8120 17769 2825909 1 842
8120 17769 2825919 1 839
8120 17769 2825929 1 837
8120 17769 2825939 1 833
8121 17769 2825949 1 829
8121 17770 2825959 1 826
8120 17770 2825969 1 824
8120 17771 2825979 1 820
8120 17771 2825989 1 815
8120 17772 2825999 1 811
8119 17773 2826009 1 806
8119 17774 2826019 1 802
8118 17775 2826029 1 799
8117 17775 2826039 1 796
8116 17776 2826049 1 793
8115 17777 2826059 1 791
8114 17777 2826069 1 791
8113 17778 2826079 1 791
8112 17778 2826089 1 792
8111 17778 2826099 1 795
8110 17779 2826109 1 797
8109 17779 2826119 1 804
8109 17779 2826129 1 810
8108 17780 2826139 1 818
8108 17780 2826149 1 828
8108 17780 2826159 1 840
8108 17780 2826169 1 854
8108 17781 2826179 1 869
8109 17781 2826189 1 886
8110 17781 2826199 1 905
8111 17781 2826209 1 926
8112 17780 2826219 1 948
8112 17780 2826229 1 970
8113 17779 2826239 1 994
8113 17778 2826249 1 1002
8114 17777 2826259 1 1001
8114 17776 2826269 1 1001
8114 17774 2826279 1 1001
8114 17773 2826289 1 1001
8114 17771 2826299 1 1001
8114 17769 2826309 1 1002
8114 17767 2826319 1 1002
8114 17765 2826329 1 1002
8114 17763 2826339 1 1002
8114 17762 2826349 1 1002
8115 17758 2826359 1 1002
8115 17757 2826369 1 1002
8115 17755 2826379 1 1002
8114 17753 2826389 1 1003
8114 17752 2826399 1 1003
8113 17750 2826409 1 1003
8113 17748 2826419 1 1003
8112 17747 2826429 1 1003
8112 17745 2826439 1 1003
8112 17744 2826449 1 1003
8112 17743 2826459 1 1003
8112 17742 2826469 1 1003
8112 17742 2826479 1 1003
8113 17741 2826489 1 1003
8113 17741 2826499 1 1003
8113 17741 2826509 1 1003
8113 17740 2826519 1 1003
8113 17740 2826529 1 1003
8113 17739 2826539 1 1003
8113 17739 2826549 1 1001
8113 17739 2826559 1 1003
8113 17739 2826569 1 1004
8114 17739 2826579 1 949
8115 17739 2826589 1 883
8117 17740 2826599 1 736
8118 17740 2826609 1 697
8119 17740 2826619 1 658
8120 17740 2826629 1 579
8121 17741 2826639 1 502
8123 17741 2826649 1 431
8125 17741 2826659 1 366
8127 17742 2826669 1 309
8129 17742 2826679 1 263
8132 17742 2826689 1 230
8134 17742 2826699 1 216
8136 17742 2826709 1 213
8139 17742 2826719 1 213
8141 17741 2826729 1 233
8143 17741 2826739 1 275
8145 17741 2826749 1 342
8146 17740 2826759 1 435
8148 17740 2826769 1 558
8150 17740 2826779 1 712
8151 17740 2826789 1 899
8152 17740 2826799 1 141
8153 17740 2826809 1 141
8154 17740 2826819 1 140
8155 17740 2826829 1 140
8155 17740 2826839 1 137
8154 17740 2826849 1 138
8154 17741 2826859 1 136
8153 17741 2826869 1 136
8152 17742 2826879 1 135
8150 17743 2826889 1 134
8148 17743 2826899 1 133
8146 17744 2826909 1 132
8144 17746 2826919 1 132
8142 17747 2826929 1 139
8141 17749 2826939 1 158
8139 17750 2826949 1 184
8137 17752 2826959 1 199
8136 17754 2826969 1 219
8134 17756 2826979 1 260
8132 17758 2826989 1 308
8130 17760 2826999 1 332
8129 17762 2827009 1 359
8127 17763 2827019 1 415
8125 17765 2827029 1 474
8123 17766 2827039 1 535
8122 17767 2827049 1 596
8120 17768 2827059 1 657
8119 17768 2827069 1 716
8118 17769 2827079 1 827
8117 17770 2827089 1 875
8116 17770 2827099 1 917
8115 17771 2827109 1 953
8115 17771 2827119 1 982
8114 17772 2827129 1 1001
8114 17773 2827139 1 1008
8113 17773 2827149 1 1009
8114 17774 2827159 1 1009
8114 17775 2827169 1 1009
8114 17776 2827179 1 1009
8115 17777 2827189 1 1009
8116 17778 2827199 1 1009
8117 17779 2827209 1 1009
8118 17780 2827219 1 1009
8120 17781 2827229 1 1010
8121 17782 2827239 1 1011
8122 17783 2827249 1 1009
8123 17784 2827259 1 1004
8124 17785 2827269 1 1000
8125 17786 2827279 1 995
8125 17786 2827289 1 994
8126 17787 2827299 1 992
8126 17788 2827309 1 990
8127 17790 2827319 1 983
8127 17790 2827329 1 978
8128 17791 2827339 1 975
8128 17792 2827349 1 972
8128 17793 2827359 1 968
8129 17793 2827369 1 965
8130 17794 2827379 1 962
8131 17794 2827389 1 959
8132 17795 2827399 1 958
8132 17795 2827409 1 956
8133 17796 2827419 1 955
8133 17796 2827429 1 954
8134 17796 2827439 1 954
8134 17796 2827449 1 954
8135 17796 2827459 1 955
8135 17796 2827469 1 956
8135 17796 2827479 1 957
8135 17796 2827489 1 958
8135 17795 2827499 1 959
8135 17795 2827509 1 960
8135 17794 2827519 1 960
8134 17794 2827529 1 961
8134 17793 2827539 1 962
8133 17792 2827549 1 963
8132 17790 2827559 1 965
8131 17789 2827569 1 966
8130 17788 2827579 1 967
8129 17787 2827589 1 967
8128 17785 2827599 1 968
8127 17784 2827609 1 969
8126 17783 2827619 1 970
8126 17782 2827629 1 970
8125 17782 2827639 1 971
8125 17781 2827649 1 972
8125 17781 2827659 1 972
8125 17781 2827669 1 973
8125 17781 2827679 1 974
8125 17781 2827689 1 975
8126 17781 2827699 1 976
8127 17782 2827709 1 977
8127 17782 2827719 1 978
8129 17782 2827729 1 979
8130 17783 2827739 1 980
8131 17783 2827749 1 980
8131 17783 2827759 1 981
8132 17783 2827769 1 982
8133 17783 2827779 1 983
8133 17784 2827789 1 984
8134 17784 2827799 1 986
8135 17784 2827809 1 987
8135 17784 2827819 1 988
8134 17785 2827829 1 989
8134 17786 2827839 1 990
8134 17786 2827849 1 991
8133 17787 2827859 1 992
8132 17788 2827869 1 993
8131 17790 2827879 1 994
8131 17791 2827889 1 994
8130 17792 2827899 1 995
8130 17793 2827909 1 996
8129 17794 2827919 1 997
8129 17795 2827929 1 998
8129 17796 2827939 1 999
8128 17796 2827949 1 1000
8128 17797 2827959 1 1001
8127 17798 2827969 1 1002
8127 17798 2827979 1 1003
8126 17798 2827989 1 1005
8126 17798 2827999 1 1005
8125 17798 2828009 1 1006
8125 17798 2828019 1 1007
8124 17798 2828029 1 1008
8124 17797 2828039 1 1009
8124 17797 2828049 1 1010
8124 17796 2828059 1 1012
8125 17796 2828069 1 1013
8126 17795 2828079 1 1014
8128 17794 2828089 1 1015
8130 17793 2828099 1 1016
8132 17792 2828109 1 1017
8134 17792 2828119 1 1018
8136 17791 2828129 1 1019
8137 17790 2828139 1 1019
8139 17789 2828149 1 1019
8141 17789 2828159 1 1019
8142 17788 2828169 1 1019
8143 17788 2828179 1 1019
8144 17788 2828189 1 1019
8144 17789 2828199 1 1019
8145 17789 2828209 1 1019
8146 17789 2828219 1 1019
8146 17790 2828229 1 1019
8147 17791 2828239 1 1019
8148 17791 2828249 1 1019
8149 17792 2828259 1 1020
8150 17793 2828269 1 1020
8152 17795 2828279 1 1020
8154 17796 2828289 1 1020
8155 17796 2828299 1 1020
8157 17797 2828309 1 1020
8158 17797 2828319 1 1021
8159 17797 2828329 1 1021
8160 17797 2828339 1 1021
8161 17797 2828349 1 1021
8162 17797 2828359 1 1021
8162 17797 2828369 1 1021
8163 17796 2828379 1 1021
8163 17796 2828389 1 1021
8163 17796 2828399 1 1021
8163 17796 2828409 1 1021
8163 17796 2828419 1 1021
8162 17796 2828429 1 1022
8162 17795 2828439 1 1022
8161 17795 2828449 1 1022
8160 17795 2828459 1 1022
8159 17795 2828469 1 1022
8158 17795 2828479 1 1022
8157 17794 2828489 1 1022
8156 17794 2828499 1 1022
8155 17794 2828509 1 1022
8153 17793 2828519 1 1022
8151 17793 2828529 1 1022
8150 17792 2828539 1 1022
8148 17791 2828549 1 1022
8147 17791 2828559 1 1022
8146 17790 2828569 1 1023
8145 17789 2828579 1 1022
8145 17789 2828589 1 1023
8145 17789 2828599 1 1022
8144 17788 2828609 1 1022
8144 17788 2828619 1 1022
8144 17788 2828629 1 1022
8144 17787 2828639 1 1022
8144 17787 2828649 1 1022
8144 17786 2828659 1 1022
8144 17786 2828669 1 1022
8144 17785 2828679 1 1022
8144 17785 2828689 1 1022
8144 17784 2828699 1 1022
8144 17783 2828709 1 1022
8144 17783 2828719 1 1022
8144 17782 2828729 1 1022
8144 17782 2828739 1 1022
8144 17782 2828749 1 1022
8145 17782 2828759 1 1022
8146 17783 2828769 1 1021
8147 17783 2828779 1 1021
8148 17784 2828789 1 1021
8149 17785 2828799 1 1021
8150 17786 2828809 1 1021
8150 17787 2828819 1 1021
8151 17787 2828829 1 1020
8152 17788 2828839 1 1020
8153 17788 2828849 1 1020
8153 17788 2828859 1 1020
8153 17788 2828869 1 1020
8154 17788 2828879 1 1020
8154 17788 2828889 1 1020
8154 17787 2828899 1 1020
8154 17787 2828909 1 1020
8154 17786 2828919 1 1020
8154 17784 2828929 1 1020
8153 17783 2828939 1 1020
8153 17782 2828949 1 1019
8153 17781 2828959 1 1019
8152 17779 2828969 1 1019
8152 17778 2828979 1 1019
8152 17776 2828989 1 1019
8152 17772 2828999 1 1019
8152 17771 2829009 1 1019
8152 17769 2829019 1 1019
8152 17768 2829029 1 1019
8151 17767 2829039 1 1019
8151 17766 2829049 1 1019
8151 17766 2829059 1 1019
8150 17765 2829069 1 1019
8150 17765 2829079 1 1019
8150 17765 2829089 1 1018
8150 17765 2829099 1 1018
8150 17764 2829109 1 1018
8150 17764 2829119 1 1017
8150 17764 2829129 1 1017
8150 17764 2829139 1 1017
8150 17764 2829149 1 1017
8150 17763 2829159 1 1017
8150 17763 2829169 1 1017
8150 17763 2829179 1 1017
8150 17763 2829189 1 1017
8151 17763 2829199 1 1017
8151 17764 2829209 1 1017
8151 17764 2829219 1 1017
8152 17764 2829229 1 1017
8153 17765 2829239 1 1017
8153 17766 2829249 1 1017
8154 17766 2829259 1 1017
8155 17767 2829269 1 1017
8155 17767 2829279 1 1016
8156 17768 2829289 1 1016
8157 17768 2829299 1 1016
8158 17768 2829309 1 1016
8159 17769 2829319 1 1016
8160 17769 2829329 1 1016
8161 17769 2829339 1 1016
8163 17769 2829349 1 1016
8164 17770 2829359 1 1015
8165 17770 2829369 1 1015
8166 17770 2829379 1 1015
8168 17770 2829389 1 1015
8169 17770 2829399 1 1015
8170 17770 2829409 1 1015
8171 17770 2829419 1 1015
8172 17771 2829429 1 1015
8174 17771 2829439 1 1015
8175 17771 2829449 1 1015
8175 17771 2829459 1 1014
8176 17771 2829469 1 1014
8176 17772 2829479 1 1014
8176 17773 2829489 1 1014
8175 17773 2829499 1 1014
8175 17773 2829509 1 1014
8174 17774 2829519 1 1014
8174 17774 2829529 1 1014
8173 17775 2829539 1 1014
8173 17776 2829549 1 1014
8172 17776 2829559 1 1014
8172 17777 2829569 1 1014
8171 17778 2829579 1 1014
8171 17779 2829589 1 1014
8171 17780 2829599 1 1014
8171 17781 2829609 1 1014
8172 17781 2829619 1 1013
8172 17782 2829629 1 1013
8172 17782 2829639 1 1012
8172 17782 2829649 1 1012
8172 17782 2829659 1 1012
8173 17782 2829669 1 1012
8173 17782 2829679 1 1012
8173 17783 2829689 1 1012
8174 17783 2829699 1 1012
8174 17783 2829709 1 1012
8174 17783 2829719 1 1012
8173 17783 2829729 1 1012
8173 17783 2829739 1 1012
8172 17783 2829749 1 1012
8171 17783 2829759 1 1012
8170 17783 2829769 1 1012
8169 17782 2829779 1 1012
8168 17782 2829789 1 1011
8168 17781 2829799 1 1011
8167 17781 2829809 1 1011
8167 17781 2829819 1 1011
8167 17780 2829829 1 1011
8166 17780 2829839 1 1011
8165 17780 2829849 1 1011
8164 17779 2829859 1 1011
8163 17779 2829869 1 1011
8162 17779 2829879 1 1011
8161 17779 2829889 1 1011
8159 17780 2829899 1 1011
8158 17780 2829909 1 1011
8157 17781 2829919 1 1010
8155 17782 2829929 1 1010
8154 17783 2829939 1 1010
8153 17784 2829949 1 1010
8151 17786 2829959 1 1009
8150 17787 2829969 1 1009
8149 17787 2829979 1 1009
8148 17788 2829989 1 1009
8147 17789 2829999 1 1009
8145 17789 2830009 1 1009
8144 17789 2830019 1 1009
8143 17790 2830029 1 1009
8142 17790 2830039 1 1009
8141 17790 2830049 1 1009
8140 17791 2830059 1 1009
8140 17791 2830069 1 1009
8139 17791 2830079 1 1009
8139 17791 2830089 1 1009
8138 17790 2830099 1 1009
8137 17790 2830109 1 1009
8137 17789 2830119 1 1009
8136 17789 2830129 1 1009
8136 17789 2830139 1 1008
8135 17788 2830149 1 1008
8135 17788 2830159 1 1008
8136 17788 2830169 1 1008
8136 17788 2830179 1 1008
8136 17787 2830189 1 1008
8137 17787 2830199 1 1008
8137 17787 2830209 1 1007
8138 17787 2830219 1 1007
8139 17787 2830229 1 1007
8140 17786 2830239 1 1007
8141 17786 2830249 1 1007
8143 17786 2830259 1 1007
8145 17786 2830269 1 1007
8147 17785 2830279 1 1007
8149 17785 2830289 1 1007
8152 17784 2830299 1 1006
8154 17784 2830309 1 1006
8157 17783 2830319 1 1006
8160 17783 2830329 1 1006
8162 17782 2830339 1 1006
8165 17782 2830349 1 1006
8167 17782 2830359 1 1006
8170 17782 2830369 1 1006
8172 17782 2830379 1 1006
8174 17782 2830389 1 1006
8176 17781 2830399 1 1006
8178 17781 2830409 1 1006
8180 17781 2830419 1 1006
8182 17781 2830429 1 1006
8185 17780 2830439 1 1006
8186 17779 2830449 1 1006
8187 17779 2830459 1 1006
8187 17779 2830469 1 1005
8188 17778 2830479 1 1005
8188 17778 2830489 1 1005
8188 17778 2830499 1 1005
8187 17777 2830509 1 1005
8187 17777 2830519 1 1004
8187 17777 2830529 1 1004
8187 17778 2830539 1 1004
8187 17778 2830549 1 1004
8187 17778 2830559 1 1004
8187 17779 2830569 1 1004
8187 17779 2830579 1 1004
8188 17780 2830589 1 1004
8188 17780 2830599 1 1004
8188 17781 2830609 1 1004
8188 17782 2830619 1 1004
8188 17783 2830629 1 1004
8188 17784 2830639 1 1003
8188 17785 2830649 1 1003
8187 17785 2830659 1 1003
8187 17786 2830669 1 1003
8186 17788 2830679 1 1003
8185 17788 2830689 1 1003
8184 17789 2830699 1 1003
8183 17790 2830709 1 1003
8182 17791 2830719 1 1003
8180 17792 2830729 1 1003
8179 17792 2830739 1 1003
8178 17793 2830749 1 1003
8177 17794 2830759 1 1003
8176 17795 2830769 1 1003
8175 17796 2830779 1 1003
8174 17797 2830789 1 1003
8173 17797 2830799 1 1003
8173 17798 2830809 1 1002
8173 17799 2830819 1 1002
8173 17799 2830829 1 1002
8173 17800 2830839 1 1002
8173 17800 2830849 1 1001
8173 17801 2830859 1 1001
8172 17801 2830869 1 1001
8172 17801 2830879 1 1001
8172 17802 2830889 1 1001
8172 17802 2830899 1 1001
8172 17802 2830909 1 1001
8172 17803 2830919 1 1001
8172 17804 2830929 1 1001
8171 17804 2830939 1 1001
8171 17804 2830949 1 1001
8171 17805 2830959 1 1001
8171 17805 2830969 1 1000
8171 17805 2830979 1 1000
8172 17804 2830989 1 1000
8172 17804 2830999 1 1000
8173 17804 2831009 1 1000
8173 17803 2831019 1 1000
8175 17802 2831029 1 1000
8176 17802 2831039 1 1000
8177 17801 2831049 1 1000
8179 17800 2831059 1 1000
8180 17799 2831069 1 1000
8181 17798 2831079 1 1000
8182 17798 2831089 1 1000
8184 17797 2831099 1 1000
8185 17797 2831109 1 1000
8186 17796 2831119 1 1000
8187 17795 2831129 1 1000
8188 17794 2831139 1 1000
8189 17794 2831149 1 1000
8191 17792 2831159 1 999
8192 17791 2831169 1 999
8193 17791 2831179 1 999
8194 17790 2831189 1 998
8195 17790 2831199 1 998
8196 17790 2831209 1 998
8196 17790 2831219 1 998
8197 17790 2831229 1 998
8198 17790 2831239 1 998
8198 17791 2831249 1 998
8199 17791 2831259 1 998
8199 17791 2831269 1 998
8200 17791 2831279 1 998
8200 17791 2831289 1 998
8200 17791 2831299 1 998
8201 17790 2831309 1 998
8202 17790 2831319 1 997
8203 17789 2831329 1 997
8204 17788 2831339 1 997
8204 17788 2831349 1 997
8205 17787 2831359 1 997
8205 17786 2831369 1 997
8205 17785 2831379 1 997
8204 17784 2831389 1 997
8203 17783 2831399 1 997
8202 17783 2831409 1 997
8201 17782 2831419 1 997
8199 17782 2831429 1 997
8198 17783 2831439 1 997
8196 17783 2831449 1 997
8195 17783 2831459 1 997
8193 17784 2831469 1 997
8191 17784 2831479 1 997
8190 17785 2831489 1 996
8188 17786 2831499 1 996
8186 17786 2831509 1 996
8184 17787 2831519 1 996
8182 17788 2831529 1 996
8179 17790 2831539 1 996
8177 17791 2831549 1 995
8175 17793 2831559 1 995
8173 17794 2831569 1 995
8171 17797 2831579 1 995
8168 17799 2831589 1 995
8166 17801 2831599 1 995
8165 17804 2831609 1 995
8164 17806 2831619 1 995
8164 17808 2831629 1 995
8164 17813 2831639 1 995
8164 17815 2831649 1 994
8165 17817 2831659 1 994
8166 17818 2831669 1 994
8168 17820 2831679 1 994
8170 17821 2831689 1 994
8171 17822 2831699 1 994
8173 17823 2831709 1 994
8176 17824 2831719 1 994
8178 17825 2831729 1 994
8180 17826 2831739 1 994
8182 17827 2831749 1 994
8185 17828 2831759 1 994
8187 17828 2831769 1 994
8189 17828 2831779 1 994
8191 17828 2831789 1 994
8193 17828 2831799 1 994
8194 17828 2831809 1 994
8196 17827 2831819 1 994
8198 17826 2831829 1 993
8200 17825 2831839 1 993
8202 17824 2831849 1 993
8205 17823 2831859 1 993
8208 17821 2831869 1 993
8214 17818 2831879 1 993
8217 17816 2831889 1 993
8220 17814 2831899 1 993
8223 17812 2831909 1 992
8225 17811 2831919 1 992
8227 17809 2831929 1 992
8229 17808 2831939 1 992
8231 17807 2831949 1 992
8232 17806 2831959 1 992
8232 17805 2831969 1 992
8233 17804 2831979 1 992
8233 17803 2831989 1 991
8233 17802 2831999 1 991
8233 17801 2832009 1 991
8232 17800 2832019 1 991
8231 17800 2832029 1 991
8230 17799 2832039 1 991
8228 17798 2832049 1 991
8225 17797 2832059 1 991
8223 17796 2832069 1 991
8221 17796 2832079 1 991
8219 17795 2832089 1 991
8217 17795 2832099 1 991
8215 17795 2832109 1 991
8212 17794 2832119 1 991
8211 17794 2832129 1 991
8210 17793 2832139 1 991
8209 17793 2832149 1 991
8208 17792 2832159 1 990
8207 17792 2832169 1 990
8206 17791 2832179 1 990
8205 17790 2832189 1 990
8204 17790 2832199 1 990
8203 17789 2832209 1 990
8201 17788 2832219 1 990
8200 17787 2832229 1 990
8199 17786 2832239 1 990
8197 17785 2832249 1 990
8196 17785 2832259 1 990
8194 17784 2832269 1 990
8193 17783 2832279 1 990
8192 17783 2832289 1 990
8192 17782 2832299 1 990
8192 17782 2832309 1 989
8192 17781 2832319 1 989
8192 17781 2832329 1 989
8193 17780 2832339 1 989
8194 17780 2832349 1 988
8195 17779 2832359 1 988
8195 17779 2832369 1 988
8195 17778 2832379 1 988
8194 17778 2832389 1 988
8194 17777 2832399 1 988
8194 17777 2832409 1 988
8194 17776 2832419 1 988
8194 17776 2832429 1 988
8194 17775 2832439 1 988
8194 17775 2832449 1 988
8195 17775 2832459 1 988
8196 17775 2832469 1 988
8197 17774 2832479 1 988
8199 17774 2832489 1 988
8201 17774 2832499 1 987
8203 17774 2832509 1 987
8205 17774 2832519 1 987
8207 17774 2832529 1 987
8209 17774 2832539 1 987
8210 17773 2832549 1 987
8212 17773 2832559 1 987
8213 17773 2832569 1 987
8214 17773 2832579 1 987
8214 17774 2832589 1 987
8214 17775 2832599 1 987
8214 17776 2832609 1 987
8214 17777 2832619 1 987
8214 17778 2832629 1 987
8214 17779 2832639 1 987
8214 17780 2832649 1 986
8213 17781 2832659 1 986
8213 17782 2832669 1 986
8212 17782 2832679 1 986
8212 17783 2832689 1 986
8211 17783 2832699 1 986
8211 17783 2832709 1 986
8210 17783 2832719 1 986
8209 17783 2832729 1 986
8209 17782 2832739 1 986
8208 17782 2832749 1 986
8208 17782 2832759 1 985
8207 17781 2832769 1 985
8207 17781 2832779 1 985
8207 17780 2832789 1 985
8208 17780 2832799 1 985
8208 17780 2832809 1 984
8209 17779 2832819 1 984
8210 17779 2832829 1 984
8212 17778 2832839 1 984
8212 17777 2832849 1 984
8213 17777 2832859 1 984
8214 17776 2832869 1 984
8214 17776 2832879 1 984
8214 17776 2832889 1 984
8214 17776 2832899 1 984
8215 17776 2832909 1 984
8215 17777 2832919 1 984
8216 17777 2832929 1 984
8216 17778 2832939 1 984
8217 17779 2832949 1 984
