7984 18598 6881777 1 1024
7969 18578 6881787 1 1024
7968 18573 6881797 1 1024
7971 18569 6881807 1 1024
7975 18567 6881817 1 981
7976 18562 6881827 1 939
7979 18560 6881837 1 900
7983 18558 6881847 1 865
7987 18555 6881857 1 832
7989 18554 6881867 1 817
7991 18553 6881877 1 803
7994 18551 6881887 1 778
7997 18547 6881897 1 734
7998 18546 6881907 1 715
7997 18546 6881917 1 700
7996 18546 6881927 1 686
7995 18548 6881937 1 675
7994 18549 6881947 1 666
7992 18552 6881957 1 662
7991 18554 6881967 1 659
7990 18557 6881977 1 653
7990 18560 6881987 1 651
7991 18564 6881997 1 648
7993 18567 6882007 1 648
7997 18572 6882017 1 651
8000 18573 6882027 1 653
8003 18574 6882037 1 657
8005 18573 6882047 1 660
8008 18572 6882057 1 663
8009 18571 6882067 1 668
8009 18570 6882077 1 674
8007 18569 6882087 1 681
8004 18567 6882097 1 689
8001 18565 6882107 1 697
7996 18563 6882117 1 704
7992 18561 6882127 1 712
7984 18559 6882137 1 725
7982 18559 6882147 1 729
7980 18558 6882157 1 736
7981 18557 6882167 1 743
7984 18555 6882177 1 750
7990 18554 6882187 1 757
7997 18551 6882197 1 763
8006 18548 6882207 1 768
8017 18544 6882217 1 771
8028 18540 6882227 1 775
8035 18537 6882237 1 776
8041 18534 6882247 1 777
8061 18522 6882257 1 778
8068 18517 6882267 1 777
8073 18512 6882277 1 775
8075 18508 6882287 1 770
8075 18506 6882297 1 764
8073 18504 6882307 1 758
8069 18503 6882317 1 748
8065 18504 6882327 1 744
8061 18505 6882337 1 737
8054 18506 6882347 1 725
8047 18508 6882357 1 709
8040 18510 6882367 1 693
8030 18515 6882377 1 654
8028 18517 6882387 1 633
8026 18520 6882397 1 609
8026 18522 6882407 1 586
8027 18524 6882417 1 574
8029 18525 6882427 1 560
8030 18530 6882437 1 534
8032 18534 6882447 1 508
8032 18540 6882457 1 480
8033 18545 6882467 1 450
8032 18551 6882477 1 421
8031 18557 6882487 1 392
8026 18568 6882497 1 334
8025 18571 6882507 1 318
8023 18573 6882517 1 305
8019 18576 6882527 1 275
8016 18578 6882537 1 245
8013 18579 6882547 1 216
8010 18580 6882557 1 188
8008 18580 6882567 1 159
8008 18579 6882577 1 132
8009 18578 6882587 1 104
8011 18577 6882597 1 79
8012 18576 6882607 1 67
8017 18574 6882617 1 31
8022 18574 6882627 1 8
8026 18575 6882637 0 0
8031 18575 6882647 0 0
8035 18577 6882657 0 0
8039 18578 6882667 0 0
8042 18580 6882677 0 0
8046 18582 6882687 0 0
8048 18583 6882697 0 0
8051 18585 6882707 0 0
8055 18586 6882717 0 0
8058 18587 6882727 0 0
8066 18588 6882737 0 0
8070 18588 6882747 0 0
8073 18589 6882757 0 0
8076 18589 6882767 0 0
8078 18589 6882777 0 0
8080 18590 6882787 0 0
8082 18590 6882797 0 0
8082 18591 6882807 0 0
8082 18591 6882817 0 0
8081 18592 6882827 0 0
8079 18592 6882837 0 0
8077 18592 6882847 0 0
8072 18591 6882857 0 0
8069 18589 6882867 0 0
8066 18588 6882877 0 0
8062 18586 6882887 1 10
8058 18583 6882897 1 31
8053 18580 6882907 1 53
8049 18576 6882917 1 75
8044 18573 6882927 1 99
8040 18570 6882937 1 123
8036 18568 6882947 1 149
8032 18566 6882957 1 175
8029 18566 6882967 1 202
8028 18567 6882977 1 230
8028 18569 6882987 1 257
8028 18571 6882997 1 285
8030 18573 6883007 1 314
8032 18576 6883017 1 343
8034 18577 6883027 1 372
8037 18579 6883037 1 400
8040 18580 6883047 1 430
8043 18580 6883057 1 460
8046 18579 6883067 1 474
8049 18578 6883077 1 490
8052 18576 6883087 1 518
8060 18571 6883097 1 577
8064 18568 6883107 1 606
8069 18565 6883117 1 635
8073 18562 6883127 1 663
8077 18560 6883137 1 690
8081 18557 6883147 1 718
8082 18555 6883157 1 731
8082 18554 6883167 1 745
8083 18553 6883177 1 771
8082 18552 6883187 1 796
8081 18552 6883197 1 821
8078 18553 6883207 1 846
8069 18555 6883217 1 891
8065 18556 6883227 1 911
8060 18558 6883237 1 929
8058 18560 6883247 1 939
8056 18562 6883257 1 947
8055 18564 6883267 1 962
8056 18566 6883277 1 974
8058 18569 6883287 1 986
8062 18571 6883297 1 995
8066 18574 6883307 1 1000
8071 18577 6883317 1 1003
8077 18579 6883327 1 1004
8086 18583 6883337 1 998
8089 18584 6883347 1 994
8091 18585 6883357 1 984
8092 18586 6883367 1 971
8092 18586 6883377 1 955
8090 18586 6883387 1 934
8087 18585 6883397 1 909
8083 18584 6883407 1 881
8079 18582 6883417 1 849
8074 18580 6883427 1 812
8070 18578 6883437 1 792
8066 18575 6883447 1 771
8058 18571 6883457 1 675
8056 18569 6883467 1 621
8055 18567 6883477 1 566
8054 18565 6883487 1 509
8055 18564 6883497 1 451
8058 18564 6883507 1 392
8061 18563 6883517 1 333
8063 18563 6883527 1 304
8066 18563 6883537 1 275
8070 18563 6883547 1 220
8075 18564 6883557 1 167
8079 18564 6883567 1 116
8085 18564 6883577 1 29
8088 18565 6883587 0 0
8090 18565 6883597 0 0
8091 18565 6883607 0 0
8093 18566 6883617 0 0
8094 18566 6883627 0 0
8096 18567 6883637 0 0
8097 18568 6883647 0 0
8098 18570 6883657 0 0
8099 18571 6883667 0 0
8100 18573 6883677 0 0
8100 18574 6883687 0 0
8097 18577 6883697 0 0
8095 18578 6883707 1 10
8092 18579 6883717 1 26
8089 18579 6883727 1 61
8086 18579 6883737 1 99
8084 18578 6883747 1 140
8082 18577 6883757 1 184
8081 18576 6883767 1 229
8081 18574 6883777 1 277
8082 18573 6883787 1 326
8084 18572 6883797 1 375
8087 18572 6883807 1 400
8093 18571 6883817 1 476
8097 18571 6883827 1 526
8100 18571 6883837 1 576
8103 18571 6883847 1 623
8106 18571 6883857 1 670
8107 18571 6883867 1 714
8107 18570 6883877 1 757
8106 18570 6883887 1 796
8105 18570 6883897 1 815
8104 18569 6883907 1 832
8101 18569 6883917 1 864
8098 18568 6883927 1 892
8092 18566 6883937 1 933
8090 18566 6883947 1 947
8089 18566 6883957 1 958
8089 18565 6883967 1 966
8090 18565 6883977 1 970
8091 18565 6883987 1 973
8093 18565 6883997 1 972
8095 18566 6884007 1 972
8098 18566 6884017 1 969
8100 18567 6884027 1 965
8102 18567 6884037 1 960
8104 18568 6884047 1 953
8107 18569 6884057 1 940
8108 18569 6884067 1 933
8108 18570 6884077 1 930
8107 18570 6884087 1 928
8108 18570 6884097 1 923
8108 18569 6884107 1 920
8108 18569 6884117 1 918
8108 18568 6884127 1 918
8108 18568 6884137 1 918
8107 18567 6884147 1 920
8107 18566 6884157 1 922
8105 18565 6884167 1 924
8103 18564 6884177 1 929
8101 18562 6884187 1 933
8098 18561 6884197 1 937
8095 18560 6884207 1 941
8092 18559 6884217 1 945
8089 18559 6884227 1 948
8086 18558 6884237 1 953
8084 18559 6884247 1 956
8083 18559 6884257 1 959
8083 18560 6884267 1 960
8083 18561 6884277 1 962
8084 18563 6884287 1 965
8087 18567 6884297 1 969
8089 18569 6884307 1 972
8090 18571 6884317 1 972
8091 18573 6884327 1 974
8092 18575 6884337 1 976
8093 18576 6884347 1 978
8093 18577 6884357 1 978
8093 18577 6884367 1 979
8093 18578 6884377 1 981
8092 18578 6884387 1 983
8092 18579 6884397 1 983
8091 18579 6884407 1 985
8092 18579 6884417 1 988
8093 18578 6884427 1 989
8094 18578 6884437 1 991
8094 18578 6884447 1 993
8095 18578 6884457 1 994
8096 18578 6884467 1 996
8098 18577 6884477 1 998
8099 18576 6884487 1 1001
8100 18575 6884497 1 1003
8101 18573 6884507 1 1004
8102 18571 6884517 1 1006
8101 18569 6884527 1 1010
8100 18565 6884537 1 1013
8098 18563 6884547 1 1014
8097 18560 6884557 1 1017
8095 18557 6884567 1 1019
8093 18555 6884577 1 1021
8091 18552 6884587 1 1024
8090 18550 6884597 1 1024
8089 18549 6884607 1 1024
8089 18548 6884617 1 1024
8089 18548 6884627 1 1024
8090 18547 6884637 1 1024
8091 18548 6884647 1 1024
8094 18551 6884657 1 1024
8096 18553 6884667 1 1024
8098 18556 6884677 1 1024
8100 18560 6884687 1 1024
8101 18564 6884697 1 1024
8102 18568 6884707 1 1024
8102 18573 6884717 1 1024
8103 18577 6884727 1 1024
8103 18581 6884737 1 1024
8103 18585 6884747 1 1024
8103 18588 6884757 1 1024
8104 18592 6884767 1 1024
8107 18596 6884777 1 1024
8109 18596 6884787 1 1024
8111 18596 6884797 1 1024
8108 18596 6884807 1 1024
8099 18594 6884817 1 1024
8087 18593 6884827 1 1024
8074 18590 6884837 1 1024
8060 18583 6884847 1 1024
8045 18573 6884857 1 1024
8032 18561 6884867 1 1024
8020 18549 6884877 1 1024
8011 18536 6884887 1 1024
8016 18513 6884897 1 1024
8028 18504 6884907 1 1024
8044 18497 6884917 1 1024
8061 18497 6884927 1 1024
8078 18502 6884937 1 1024
8094 18512 6884947 1 1024
8106 18525 6884957 1 1024
8112 18540 6884967 1 1024
8112 18555 6884977 1 1024
8103 18569 6884987 1 1024
8084 18582 6884997 1 1024
8073 18597 6885007 1 1024
8006 18614 6885017 1 1024
7943 18612 6885027 1 1024
