7601 17697 4674424 1 869
7582 17674 4674434 1 853
7582 17668 4674444 1 831
7585 17665 4674454 1 811
7589 17662 4674464 1 791
7590 17656 4674474 1 774
7594 17654 4674484 1 758
7598 17651 4674494 1 743
7601 17649 4674504 1 729
7602 17647 4674514 1 722
7603 17643 4674524 1 705
7603 17639 4674534 1 695
7602 17636 4674544 1 686
7600 17633 4674554 1 677
7598 17630 4674564 1 671
7596 17627 4674574 1 664
7595 17624 4674584 1 659
7595 17622 4674594 1 655
7595 17620 4674604 1 653
7597 17619 4674614 1 652
7604 17619 4674624 1 648
7610 17621 4674634 1 647
7617 17623 4674644 1 647
7623 17626 4674654 1 647
7629 17630 4674664 1 648
7633 17634 4674674 1 650
7636 17638 4674684 1 652
7638 17642 4674694 1 653
7638 17646 4674704 1 654
7636 17651 4674714 1 657
7627 17660 4674724 1 664
7621 17663 4674734 1 668
7614 17666 4674744 1 672
7608 17668 4674754 1 676
7604 17668 4674764 1 680
7601 17668 4674774 1 684
7600 17667 4674784 1 687
7601 17666 4674794 1 689
7603 17663 4674804 1 694
7608 17659 4674814 1 697
7624 17649 4674824 1 705
7635 17643 4674834 1 709
7646 17636 4674844 1 712
7659 17630 4674854 1 714
7671 17624 4674864 1 717
7676 17620 4674874 1 717
7681 17617 4674884 1 718
7692 17612 4674894 1 719
7702 17607 4674904 1 720
7710 17602 4674914 1 719
7720 17595 4674924 1 716
7721 17592 4674934 1 713
7721 17590 4674944 1 710
7719 17589 4674954 1 704
7718 17588 4674964 1 702
7716 17587 4674974 1 699
7711 17587 4674984 1 692
7704 17587 4674994 1 683
7697 17588 4675004 1 674
7690 17589 4675014 1 663
7676 17594 4675024 1 638
7670 17597 4675034 1 624
7665 17601 4675044 1 610
7662 17604 4675054 1 602
7659 17606 4675064 1 594
7656 17612 4675074 1 578
7654 17617 4675084 1 561
7653 17623 4675094 1 543
7652 17628 4675104 1 524
7651 17633 4675114 1 506
7648 17642 4675124 1 467
7647 17647 4675134 1 448
7647 17649 4675144 1 437
7647 17651 4675154 1 427
7645 17655 4675164 1 407
7642 17659 4675174 1 387
7640 17663 4675184 1 367
7639 17667 4675194 1 347
7638 17670 4675204 1 326
7639 17673 4675214 1 307
7643 17677 4675224 1 269
7645 17678 4675234 1 259
7647 17678 4675244 1 249
7652 17679 4675254 1 231
7658 17680 4675264 1 213
7664 17680 4675274 1 197
7670 17680 4675284 1 181
7677 17680 4675294 1 166
7683 17680 4675304 1 151
7688 17680 4675314 1 139
7695 17680 4675324 1 120
7697 17680 4675334 1 114
7699 17681 4675344 1 112
7701 17681 4675354 1 111
7702 17680 4675364 1 109
7702 17680 4675374 1 108
7702 17678 4675384 1 106
7702 17677 4675394 1 105
7701 17674 4675404 1 103
7700 17672 4675414 1 102
7699 17668 4675424 1 99
7698 17666 4675434 1 97
7697 17664 4675444 1 96
7696 17662 4675454 1 95
7695 17661 4675464 1 102
7695 17661 4675474 1 110
7695 17661 4675484 1 120
7695 17661 4675494 1 130
7695 17662 4675504 1 143
7695 17665 4675514 1 148
7695 17669 4675524 1 168
7694 17671 4675534 1 183
7693 17672 4675544 1 198
7691 17673 4675554 1 215
7689 17673 4675564 1 232
7686 17672 4675574 1 250
7683 17671 4675584 1 270
7679 17670 4675594 1 289
7677 17668 4675604 1 299
7674 17667 4675614 1 309
7668 17662 4675624 1 351
7665 17660 4675634 1 373
7663 17658 4675644 1 396
7661 17656 4675654 1 418
7660 17654 4675664 1 441
7660 17653 4675674 1 465
7661 17651 4675684 1 490
7663 17648 4675694 1 501
7665 17646 4675704 1 514
7668 17642 4675714 1 537
7678 17636 4675724 1 586
7684 17633 4675734 1 611
7689 17630 4675744 1 636
7695 17629 4675754 1 660
7700 17628 4675764 1 685
7705 17628 4675774 1 709
7708 17630 4675784 1 721
7709 17633 4675794 1 734
7712 17637 4675804 1 758
7714 17641 4675814 1 781
7716 17651 4675824 1 827
7716 17655 4675834 1 848
7715 17659 4675844 1 870
7714 17663 4675854 1 889
7712 17665 4675864 1 907
7711 17666 4675874 1 917
7710 17666 4675884 1 926
7708 17666 4675894 1 941
7707 17665 4675904 1 954
7706 17664 4675914 1 967
7706 17661 4675924 1 983
7705 17659 4675934 1 987
7705 17658 4675944 1 989
7705 17658 4675954 1 988
7704 17657 4675964 1 987
7702 17658 4675974 1 985
7701 17660 4675984 1 977
7700 17662 4675994 1 965
7699 17665 4676004 1 950
7698 17669 4676014 1 931
7695 17677 4676024 1 881
7694 17681 4676034 1 848
7693 17684 4676044 1 811
7694 17687 4676054 1 790
7694 17688 4676064 1 768
7694 17689 4676074 1 723
7695 17689 4676084 1 674
7696 17688 4676094 1 622
7698 17686 4676104 1 569
7699 17684 4676114 1 514
7704 17677 4676124 1 405
7708 17673 4676134 1 350
7710 17670 4676144 1 324
7712 17667 4676154 1 298
7717 17665 4676164 1 248
7721 17663 4676174 1 201
7726 17661 4676184 1 156
7731 17660 4676194 1 116
7735 17660 4676204 1 80
7738 17661 4676214 1 50
7741 17663 4676224 1 33
7741 17664 4676234 1 34
7739 17665 4676244 1 36
7737 17665 4676254 1 37
7733 17666 4676264 1 39
7729 17666 4676274 1 40
7724 17666 4676284 1 42
7719 17665 4676294 1 43
7714 17664 4676304 1 45
7710 17663 4676314 1 58
7704 17661 4676324 1 99
7703 17660 4676334 1 115
7704 17660 4676344 1 148
7705 17660 4676354 1 182
7708 17661 4676364 1 219
7712 17662 4676374 1 257
7716 17663 4676384 1 297
7721 17664 4676394 1 339
7726 17666 4676404 1 380
7731 17667 4676414 1 423
7738 17670 4676424 1 466
7741 17670 4676434 1 508
7744 17669 4676444 1 549
7746 17666 4676454 1 589
7747 17664 4676464 1 628
7748 17660 4676474 1 665
7748 17656 4676484 1 700
7747 17652 4676494 1 734
7746 17647 4676504 1 764
7746 17644 4676514 1 779
7745 17636 4676524 1 816
7743 17633 4676534 1 836
7742 17632 4676544 1 853
7741 17630 4676554 1 866
7739 17630 4676564 1 876
7738 17630 4676574 1 883
7736 17631 4676584 1 888
7735 17633 4676594 1 889
7733 17634 4676604 1 891
7732 17635 4676614 1 889
7729 17640 4676624 1 884
7728 17642 4676634 1 880
7728 17645 4676644 1 875
7728 17647 4676654 1 870
7728 17650 4676664 1 864
7729 17652 4676674 1 858
7730 17654 4676684 1 852
7730 17655 4676694 1 849
7730 17656 4676704 1 847
7732 17657 4676714 1 842
7737 17656 4676724 1 837
7740 17655 4676734 1 835
7742 17653 4676744 1 835
7744 17651 4676754 1 835
7746 17649 4676764 1 836
7747 17647 4676774 1 837
7748 17647 4676784 1 837
7748 17646 4676794 1 838
7747 17646 4676804 1 840
7744 17646 4676814 1 842
7736 17648 4676824 1 845
7732 17650 4676834 1 846
7729 17652 4676844 1 848
7725 17654 4676854 1 849
7723 17655 4676864 1 850
7721 17657 4676874 1 850
7721 17658 4676884 1 850
7721 17659 4676894 1 851
7721 17660 4676904 1 851
7722 17661 4676914 1 852
7724 17664 4676924 1 852
7725 17666 4676934 1 852
7726 17669 4676944 1 852
7726 17671 4676954 1 852
7727 17673 4676964 1 852
7727 17675 4676974 1 851
7727 17678 4676984 1 851
7728 17680 4676994 1 851
7729 17681 4677004 1 851
7730 17682 4677014 1 851
7734 17681 4677024 1 850
7736 17679 4677034 1 850
7738 17676 4677044 1 850
7739 17673 4677054 1 851
7740 17669 4677064 1 850
7741 17665 4677074 1 850
7742 17661 4677084 1 850
7742 17657 4677094 1 851
7742 17653 4677104 1 851
7741 17651 4677114 1 851
7739 17648 4677124 1 852
7738 17648 4677134 1 852
7738 17650 4677144 1 852
7738 17653 4677154 1 851
7738 17655 4677164 1 852
7739 17658 4677174 1 852
7740 17661 4677184 1 852
7742 17664 4677194 1 853
7743 17667 4677204 1 853
7745 17669 4677214 1 853
7747 17671 4677224 1 854
7748 17671 4677234 1 854
7749 17670 4677244 1 853
7748 17670 4677254 1 854
7748 17670 4677264 1 854
7747 17671 4677274 1 853
7746 17672 4677284 1 853
7744 17674 4677294 1 853
7743 17677 4677304 1 854
7741 17680 4677314 1 854
7738 17688 4677324 1 854
7738 17691 4677334 1 853
7738 17695 4677344 1 853
7739 17699 4677354 1 854
7740 17701 4677364 1 854
7742 17703 4677374 1 854
7745 17704 4677384 1 853
7748 17703 4677394 1 853
7751 17702 4677404 1 854
7746 17700 4677414 1 854
7718 17695 4677424 1 854
7698 17692 4677434 1 854
7677 17685 4677444 1 854
7655 17675 4677454 1 854
7634 17663 4677464 1 854
7616 17651 4677474 1 854
7600 17638 4677484 1 854
7596 17626 4677494 1 854
7602 17615 4677504 1 854
7616 17606 4677514 1 854
7661 17597 4677524 1 854
7687 17602 4677534 1 854
7713 17610 4677544 1 854
7736 17621 4677554 1 853
7753 17634 4677564 1 854
7762 17646 4677574 1 854
7760 17659 4677584 1 854
7745 17669 4677594 1 853
7736 17682 4677604 1 854
7709 17693 4677614 1 853
7578 17694 4677624 1 853
