7727 17394 6522380 1 663
7728 17395 6522390 1 667
7728 17395 6522400 1 668
7730 17396 6522410 1 669
7732 17398 6522420 1 669
7737 17402 6522430 1 670
7743 17407 6522440 1 671
7750 17413 6522450 1 671
7758 17420 6522460 1 672
7765 17426 6522470 1 672
7769 17429 6522480 1 673
7772 17431 6522490 1 673
7777 17436 6522500 1 674
7780 17439 6522510 1 674
7781 17441 6522520 1 675
7781 17443 6522530 1 676
7780 17444 6522540 1 676
7777 17444 6522550 1 677
7774 17444 6522560 1 678
7771 17443 6522570 1 678
7769 17442 6522580 1 679
7769 17440 6522590 1 679
7768 17437 6522600 1 680
7768 17433 6522610 1 681
7771 17430 6522620 1 681
7776 17426 6522630 1 682
7784 17422 6522640 1 683
7793 17418 6522650 1 683
7805 17415 6522660 1 684
7820 17412 6522670 1 685
7828 17410 6522680 1 685
7837 17408 6522690 1 685
7855 17405 6522700 1 686
7874 17402 6522710 1 687
7893 17400 6522720 1 688
7909 17398 6522730 1 688
7922 17396 6522740 1 689
7932 17395 6522750 1 691
7937 17395 6522760 1 691
7938 17395 6522770 1 692
7938 17395 6522780 1 692
7935 17396 6522790 1 693
7928 17398 6522800 1 694
7917 17402 6522810 1 694
7902 17406 6522820 1 695
7885 17411 6522830 1 696
7865 17417 6522840 1 697
7844 17424 6522850 1 697
7822 17431 6522860 1 698
7800 17438 6522870 1 699
7789 17442 6522880 1 700
7778 17445 6522890 1 700
7758 17451 6522900 1 701
7739 17456 6522910 1 701
7722 17460 6522920 1 702
7708 17463 6522930 1 703
7695 17465 6522940 1 704
7686 17466 6522950 1 704
7678 17466 6522960 1 705
7674 17465 6522970 1 706
7672 17464 6522980 1 707
7671 17463 6522990 1 707
7672 17459 6523000 1 708
7674 17454 6523010 1 708
7679 17448 6523020 1 709
7685 17440 6523030 1 711
7693 17432 6523040 1 711
7701 17423 6523050 1 712
7709 17414 6523060 1 713
7717 17404 6523070 1 713
7720 17399 6523080 1 714
7723 17394 6523090 1 715
7729 17385 6523100 1 715
7732 17376 6523110 1 717
7734 17368 6523120 1 718
7734 17362 6523130 1 718
7734 17357 6523140 1 720
7733 17353 6523150 1 721
7733 17351 6523160 1 721
7733 17349 6523170 1 722
7733 17349 6523180 1 723
7733 17348 6523190 1 723
7733 17348 6523200 1 724
7734 17348 6523210 1 725
7736 17348 6523220 1 726
7739 17349 6523230 1 727
7743 17349 6523240 1 727
7749 17349 6523250 1 728
7755 17348 6523260 1 729
7762 17348 6523270 1 730
7765 17347 6523280 1 730
7769 17346 6523290 1 731
7776 17345 6523300 1 732
7782 17343 6523310 1 733
7788 17340 6523320 1 734
7793 17338 6523330 1 735
7797 17337 6523340 1 735
7800 17335 6523350 1 736
7802 17335 6523360 1 737
7803 17335 6523370 1 738
7803 17335 6523380 1 738
7803 17336 6523390 1 739
7802 17339 6523400 1 740
7799 17343 6523410 1 741
7796 17349 6523420 1 742
7793 17356 6523430 1 743
7790 17363 6523440 1 744
7787 17371 6523450 1 745
7786 17379 6523460 1 746
7785 17386 6523470 1 747
7784 17389 6523480 1 748
7785 17391 6523490 1 748
7786 17395 6523500 1 749
7788 17398 6523510 1 750
7790 17399 6523520 1 752
7793 17399 6523530 1 752
7796 17398 6523540 1 753
7798 17396 6523550 1 754
7801 17394 6523560 1 755
7803 17391 6523570 1 756
7804 17390 6523580 1 757
7805 17390 6523590 1 757
7808 17389 6523600 1 758
7810 17388 6523610 1 759
7813 17388 6523620 1 760
7817 17389 6523630 1 761
7821 17391 6523640 1 762
7826 17394 6523650 1 763
7831 17397 6523660 1 764
7836 17400 6523670 1 765
7839 17401 6523680 1 765
7842 17403 6523690 1 766
7848 17405 6523700 1 767
7854 17408 6523710 1 767
7859 17409 6523720 1 768
7864 17410 6523730 1 769
7868 17410 6523740 1 770
7871 17409 6523750 1 771
7873 17407 6523760 1 772
7874 17405 6523770 1 773
7875 17404 6523780 1 774
7874 17403 6523790 1 774
7873 17400 6523800 1 775
7870 17397 6523810 1 776
7866 17394 6523820 1 779
7860 17391 6523830 1 780
7854 17389 6523840 1 781
7846 17387 6523850 1 783
7838 17385 6523860 1 785
7829 17384 6523870 1 786
7824 17383 6523880 1 787
7819 17383 6523890 1 788
7810 17381 6523900 1 790
7802 17380 6523910 1 791
7795 17379 6523920 1 793
7789 17378 6523930 1 795
7784 17377 6523940 1 796
7782 17375 6523950 1 798
7781 17374 6523960 1 800
7782 17373 6523970 1 801
7783 17372 6523980 1 802
7784 17372 6523990 1 803
7787 17372 6524000 1 804
7790 17372 6524010 1 806
7794 17374 6524020 1 807
7797 17375 6524030 1 808
7799 17378 6524040 1 810
7800 17381 6524050 1 811
7801 17383 6524060 1 812
7800 17386 6524070 1 812
7800 17387 6524080 1 813
7800 17388 6524090 1 813
7799 17390 6524100 1 813
7798 17390 6524110 1 814
7797 17390 6524120 1 814
7796 17388 6524130 1 814
7795 17386 6524140 1 814
7795 17384 6524150 1 814
7795 17381 6524160 1 813
7795 17378 6524170 1 811
7795 17377 6524180 1 810
7795 17376 6524190 1 810
7795 17374 6524200 1 809
7795 17372 6524210 1 807
7794 17371 6524220 1 807
7793 17371 6524230 1 806
7792 17372 6524240 1 805
7791 17374 6524250 1 805
7791 17376 6524260 1 806
7790 17379 6524270 1 807
7790 17380 6524280 1 807
7791 17381 6524290 1 808
7792 17384 6524300 1 811
7793 17387 6524310 1 814
7795 17390 6524320 1 818
7797 17392 6524330 1 823
7799 17393 6524340 1 829
7802 17395 6524350 1 836
7804 17395 6524360 1 838
7807 17396 6524370 1 833
7808 17396 6524380 1 827
7809 17395 6524390 1 814
7812 17395 6524400 1 783
7815 17395 6524410 1 741
7818 17395 6524420 1 690
7822 17395 6524430 1 632
7826 17395 6524440 1 568
7830 17396 6524450 1 501
7834 17397 6524460 1 431
7838 17399 6524470 1 361
7840 17400 6524480 1 326
7841 17401 6524490 1 293
7843 17403 6524500 1 227
7844 17405 6524510 1 166
7844 17407 6524520 1 145
7843 17409 6524530 1 111
7842 17410 6524540 1 30
7839 17412 6524550 1 3
7836 17413 6524560 1 4
7833 17415 6524570 1 6
7831 17415 6524580 1 6
7829 17416 6524590 1 7
7826 17417 6524600 1 9
7823 17419 6524610 1 10
7821 17419 6524620 1 12
7820 17420 6524630 1 14
7820 17420 6524640 1 15
7820 17420 6524650 1 17
7822 17419 6524660 1 18
7824 17418 6524670 1 20
7826 17417 6524680 1 21
7827 17417 6524690 1 21
7830 17415 6524700 1 23
7834 17414 6524710 1 34
7837 17412 6524720 1 61
7840 17411 6524730 1 95
7844 17409 6524740 1 136
7847 17407 6524750 1 181
7851 17406 6524760 1 232
7855 17404 6524770 1 284
7857 17404 6524780 1 311
7858 17403 6524790 1 340
7862 17402 6524800 1 398
7865 17400 6524810 1 455
7868 17399 6524820 1 512
7870 17397 6524830 1 568
7871 17396 6524840 1 621
7871 17394 6524850 1 670
7870 17392 6524860 1 715
7868 17390 6524870 1 754
7867 17389 6524880 1 767
7865 17387 6524890 1 786
7862 17384 6524900 1 829
7859 17381 6524910 1 837
7857 17378 6524920 1 837
7855 17374 6524930 1 838
7853 17371 6524940 1 841
7853 17369 6524950 1 844
7853 17367 6524960 1 848
7854 17365 6524970 1 853
7855 17365 6524980 1 856
7856 17365 6524990 1 858
7857 17364 6525000 1 864
7859 17365 6525010 1 869
7860 17366 6525020 1 875
7861 17368 6525030 1 880
7862 17370 6525040 1 884
7862 17372 6525050 1 888
7862 17374 6525060 1 892
7861 17377 6525070 1 894
7861 17378 6525080 1 895
7860 17379 6525090 1 896
7858 17381 6525100 1 898
7856 17383 6525110 1 898
7853 17384 6525120 1 899
7850 17385 6525130 1 899
7848 17386 6525140 1 899
7845 17386 6525150 1 899
7842 17386 6525160 1 899
7841 17385 6525170 1 898
7840 17384 6525180 1 898
7840 17384 6525190 1 898
7840 17382 6525200 1 898
7840 17381 6525210 1 898
7842 17379 6525220 1 898
7844 17377 6525230 1 898
7847 17376 6525240 1 898
7850 17375 6525250 1 900
7853 17374 6525260 1 901
7856 17373 6525270 1 903
7858 17372 6525280 1 903
7859 17372 6525290 1 905
7862 17371 6525300 1 907
7864 17371 6525310 1 909
7866 17372 6525320 1 911
7868 17373 6525330 1 913
7870 17375 6525340 1 915
7871 17377 6525350 1 917
7872 17379 6525360 1 919
7873 17382 6525370 1 920
7873 17383 6525380 1 920
7874 17385 6525390 1 921
7874 17387 6525400 1 922
7875 17390 6525410 1 922
7876 17393 6525420 1 921
7877 17396 6525430 1 920
7877 17398 6525440 1 918
7877 17399 6525450 1 915
7877 17400 6525460 1 911
7877 17400 6525470 1 906
7876 17400 6525480 1 904
7875 17399 6525490 1 902
7873 17398 6525500 1 899
7870 17396 6525510 1 897
7866 17394 6525520 1 898
7861 17391 6525530 1 902
7857 17388 6525540 1 909
7852 17386 6525550 1 920
7848 17384 6525560 1 936
7845 17383 6525570 1 953
7843 17383 6525580 1 960
7843 17383 6525590 1 960
7842 17384 6525600 1 959
7844 17385 6525610 1 958
7847 17388 6525620 1 958
7851 17390 6525630 1 957
7857 17393 6525640 1 956
7864 17396 6525650 1 956
7872 17399 6525660 1 927
7880 17400 6525670 1 868
7884 17401 6525680 1 835
7888 17401 6525690 1 796
7896 17400 6525700 1 712
7903 17398 6525710 1 615
7910 17395 6525720 1 511
7916 17390 6525730 1 399
7921 17385 6525740 1 281
7925 17379 6525750 1 171
7928 17373 6525760 1 173
7930 17367 6525770 1 174
7931 17365 6525780 1 173
7930 17362 6525790 1 176
7930 17359 6525800 1 177
7928 17356 6525810 1 179
7925 17355 6525820 1 180
7922 17355 6525830 1 182
7917 17356 6525840 1 183
7912 17358 6525850 1 185
7907 17360 6525860 1 187
7902 17363 6525870 1 188
7899 17364 6525880 1 189
7897 17366 6525890 1 190
7892 17369 6525900 1 191
7888 17371 6525910 1 193
7884 17373 6525920 1 194
7881 17374 6525930 1 196
7879 17374 6525940 1 198
7876 17374 6525950 1 199
7874 17373 6525960 1 201
7873 17372 6525970 1 202
7872 17371 6525980 1 206
7871 17370 6525990 1 204
7870 17368 6526000 1 205
7870 17366 6526010 1 303
7870 17363 6526020 1 605
7871 17362 6526030 1 933
7873 17360 6526040 1 932
7875 17359 6526050 1 932
7879 17359 6526060 1 931
7884 17359 6526070 1 930
7886 17359 6526080 1 930
7889 17360 6526090 1 930
7894 17361 6526100 1 929
7899 17363 6526110 1 928
7904 17365 6526120 1 928
7908 17366 6526130 1 927
7910 17367 6526140 1 926
7912 17368 6526150 1 926
7912 17368 6526160 1 925
7911 17369 6526170 1 924
7910 17369 6526180 1 924
7908 17369 6526190 1 924
7905 17369 6526200 1 923
7901 17370 6526210 1 922
7897 17372 6526220 1 921
7893 17374 6526230 1 921
7890 17378 6526240 1 920
7889 17381 6526250 1 919
7888 17386 6526260 1 919
7889 17390 6526270 1 918
7891 17395 6526280 1 917
7894 17399 6526290 1 917
7898 17403 6526300 1 916
7902 17406 6526310 1 915
7906 17407 6526320 1 915
7910 17408 6526330 1 914
7914 17408 6526340 1 913
7917 17406 6526350 1 913
7920 17403 6526360 1 912
7921 17400 6526370 1 911
7921 17396 6526380 1 911
7920 17391 6526390 1 910
7917 17387 6526400 1 909
7910 17384 6526410 1 909
7900 17381 6526420 1 908
7885 17378 6526430 1 907
7864 17377 6526440 1 907
7838 17375 6526450 1 906
7808 17372 6526460 1 905
7777 17369 6526470 1 905
7747 17365 6526480 1 904
7719 17361 6526490 1 903
7697 17356 6526500 1 903
7681 17349 6526510 1 902
7672 17342 6526520 1 901
7670 17337 6526530 1 901
7670 17334 6526540 1 900
7672 17333 6526550 1 899
7674 17331 6526560 1 899
7676 17329 6526570 1 898
7679 17326 6526580 1 897
7682 17322 6526590 1 897
7684 17318 6526600 1 896
7686 17314 6526610 1 895
7688 17310 6526620 1 895
