8174 17478 5209535 1 1024
8162 17467 5209545 1 1024
8154 17459 5209555 1 1024
8150 17455 5209565 1 1024
8147 17452 5209575 1 1024
8140 17445 5209585 1 1024
8138 17444 5209595 1 1024
8137 17442 5209605 1 1013
8134 17439 5209615 1 911
8132 17437 5209625 1 869
8131 17437 5209635 1 851
8129 17436 5209645 1 829
8127 17434 5209655 1 794
8124 17433 5209665 1 764
8121 17432 5209675 1 737
8117 17431 5209685 1 714
8113 17431 5209695 1 678
8110 17431 5209705 1 664
8108 17432 5209715 1 654
8106 17432 5209725 1 647
8105 17433 5209735 1 643
8105 17434 5209745 1 642
8104 17435 5209755 1 639
8104 17436 5209765 1 639
8105 17438 5209775 1 646
8106 17439 5209785 1 651
8107 17439 5209795 1 658
8109 17439 5209805 1 667
8110 17439 5209815 1 676
8111 17438 5209825 1 687
8112 17438 5209835 1 691
8112 17437 5209845 1 700
8114 17433 5209855 1 725
8114 17430 5209865 1 739
8115 17426 5209875 1 752
8116 17421 5209885 1 766
8117 17416 5209895 1 780
8119 17410 5209905 1 793
8120 17403 5209915 1 807
8121 17390 5209925 1 830
8122 17385 5209935 1 839
8123 17382 5209945 1 841
8125 17374 5209955 1 851
8126 17366 5209965 1 860
8127 17358 5209975 1 867
8127 17350 5209985 1 873
8126 17341 5209995 1 878
8121 17326 5210005 1 880
8117 17319 5210015 1 878
8112 17312 5210025 1 873
8110 17309 5210035 1 870
8107 17306 5210045 1 867
8101 17300 5210055 1 858
8095 17296 5210065 1 846
8089 17292 5210075 1 831
8081 17286 5210085 1 793
8077 17285 5210095 1 769
8073 17285 5210105 1 740
8071 17285 5210115 1 709
8069 17286 5210125 1 675
8068 17288 5210135 1 654
8068 17289 5210145 1 636
8069 17291 5210155 1 595
8071 17298 5210165 1 506
8073 17302 5210175 1 459
8077 17307 5210185 1 411
8080 17312 5210195 1 362
8084 17317 5210205 1 313
8088 17322 5210215 1 265
8093 17327 5210225 1 216
8097 17333 5210235 1 168
8102 17339 5210245 1 122
8107 17344 5210255 1 78
8113 17349 5210265 1 36
8118 17354 5210275 0 0
8123 17358 5210285 0 0
8128 17363 5210295 0 0
8133 17368 5210305 0 0
8144 17375 5210315 0 0
8148 17378 5210325 0 0
8150 17379 5210335 0 0
8153 17380 5210345 0 0
8157 17383 5210355 0 0
8160 17384 5210365 0 0
8164 17384 5210375 0 0
8167 17384 5210385 0 0
8174 17382 5210395 0 0
8177 17380 5210405 0 0
8180 17378 5210415 0 0
8182 17375 5210425 0 0
8183 17373 5210435 0 0
8185 17372 5210445 0 0
8187 17368 5210455 0 0
8189 17365 5210465 0 0
8192 17359 5210475 0 0
8194 17356 5210485 1 51
8195 17353 5210495 1 110
8196 17350 5210505 1 174
8197 17348 5210515 1 239
8197 17347 5210525 1 307
8197 17346 5210535 1 325
8196 17346 5210545 1 375
8193 17345 5210555 1 507
8191 17345 5210565 1 569
8189 17345 5210575 1 628
8187 17346 5210585 1 683
8184 17347 5210595 1 730
8182 17348 5210605 1 770
8180 17349 5210615 1 802
8176 17351 5210625 1 836
8174 17352 5210635 1 845
8174 17352 5210645 1 839
8173 17353 5210655 1 838
8173 17353 5210665 1 836
8172 17353 5210675 1 831
8172 17353 5210685 1 824
8172 17353 5210695 1 816
8170 17353 5210705 1 800
8170 17353 5210715 1 791
8170 17352 5210725 1 783
8170 17352 5210735 1 779
8169 17352 5210745 1 776
8168 17352 5210755 1 770
8167 17352 5210765 1 764
8165 17351 5210775 1 760
8163 17351 5210785 1 754
8160 17351 5210795 1 752
8159 17350 5210805 1 749
8157 17350 5210815 1 749
8155 17350 5210825 1 749
8155 17349 5210835 1 749
8154 17349 5210845 1 749
8153 17348 5210855 1 750
8154 17347 5210865 1 753
8155 17346 5210875 1 755
8156 17345 5210885 1 758
8158 17344 5210895 1 760
8159 17343 5210905 1 763
8161 17343 5210915 1 767
8163 17342 5210925 1 770
8166 17342 5210935 1 773
8168 17342 5210945 1 777
8170 17342 5210955 1 782
8171 17342 5210965 1 785
8173 17342 5210975 1 789
8174 17343 5210985 1 792
8176 17343 5210995 1 797
8178 17344 5211005 1 800
8181 17344 5211015 1 807
8183 17345 5211025 1 811
8184 17345 5211035 1 812
8185 17345 5211045 1 814
8186 17344 5211055 1 816
8188 17344 5211065 1 818
8190 17343 5211075 1 820
8191 17342 5211085 1 822
8192 17341 5211095 1 825
8193 17340 5211105 1 826
8193 17339 5211115 1 827
8192 17339 5211125 1 828
8192 17339 5211135 1 827
8191 17339 5211145 1 827
8190 17340 5211155 1 828
8188 17342 5211165 1 828
8186 17346 5211175 1 829
8184 17349 5211185 1 829
8183 17353 5211195 1 829
8182 17357 5211205 1 829
8181 17361 5211215 1 828
8181 17365 5211225 1 829
8181 17366 5211235 1 829
8182 17369 5211245 1 829
8181 17375 5211255 1 830
8182 17378 5211265 1 830
8183 17381 5211275 1 831
8183 17384 5211285 1 832
8183 17386 5211295 1 832
8182 17387 5211305 1 833
8182 17388 5211315 1 834
8182 17389 5211325 1 838
8181 17389 5211335 1 840
8181 17388 5211345 1 840
8180 17388 5211355 1 842
8180 17386 5211365 1 845
8180 17384 5211375 1 848
8181 17382 5211385 1 851
8183 17380 5211395 1 854
8187 17376 5211405 1 861
8191 17373 5211415 1 865
8194 17370 5211425 1 869
8196 17368 5211435 1 871
8198 17367 5211445 1 872
8202 17364 5211455 1 876
8206 17361 5211465 1 879
8210 17359 5211475 1 883
8213 17354 5211485 1 889
8215 17352 5211495 1 892
8216 17351 5211505 1 894
8217 17349 5211515 1 895
8217 17348 5211525 1 896
8217 17347 5211535 1 896
8217 17346 5211545 1 897
8216 17345 5211555 1 898
8214 17342 5211565 1 896
8213 17341 5211575 1 894
8212 17340 5211585 1 892
8210 17339 5211595 1 888
8209 17339 5211605 1 884
8207 17338 5211615 1 880
8206 17338 5211625 1 873
8204 17338 5211635 1 867
8202 17338 5211645 1 859
8201 17339 5211655 1 851
8199 17339 5211665 1 843
8197 17340 5211675 1 834
8195 17340 5211685 1 826
8193 17341 5211695 1 818
8190 17341 5211705 1 811
8187 17343 5211715 1 802
8185 17342 5211725 1 799
8184 17342 5211735 1 799
8182 17342 5211745 1 799
8181 17342 5211755 1 801
8179 17342 5211765 1 808
8177 17341 5211775 1 816
8176 17341 5211785 1 828
8174 17341 5211795 1 863
8172 17341 5211805 1 888
8171 17340 5211815 1 916
8170 17341 5211825 1 948
8169 17341 5211835 1 965
8168 17342 5211845 1 980
8167 17342 5211855 1 1008
8166 17343 5211865 1 1024
8165 17344 5211875 1 1024
8165 17345 5211885 1 1024
8165 17346 5211895 1 1012
8166 17347 5211905 1 968
8167 17348 5211915 1 903
8169 17349 5211925 1 814
8169 17349 5211935 1 799
8170 17350 5211945 1 703
8172 17351 5211955 1 431
8173 17351 5211965 1 275
8175 17351 5211975 1 110
8176 17352 5211985 0 0
8177 17352 5211995 0 0
8178 17353 5212005 0 0
8178 17354 5212015 0 0
8179 17356 5212025 0 0
8179 17357 5212035 0 0
8180 17357 5212045 0 0
8180 17358 5212055 0 0
8180 17359 5212065 0 0
8181 17361 5212075 0 0
8181 17362 5212085 0 0
8181 17363 5212095 0 0
8182 17365 5212105 0 0
8182 17366 5212115 0 0
8182 17366 5212125 0 0
8182 17366 5212135 0 0
8182 17367 5212145 0 0
8182 17367 5212155 0 0
8182 17367 5212165 0 0
8183 17368 5212175 0 0
8185 17368 5212185 1 448
8186 17368 5212195 1 943
8187 17369 5212205 1 1024
8189 17369 5212215 1 1024
8191 17369 5212225 1 1024
8193 17369 5212235 1 1024
8194 17370 5212245 1 1024
8196 17370 5212255 1 1024
8200 17370 5212265 1 1024
8202 17371 5212275 1 1024
8204 17371 5212285 1 1024
8205 17372 5212295 1 1024
8206 17372 5212305 0 0
8206 17372 5212315 0 0
8205 17372 5212325 0 0
8205 17372 5212335 0 0
8204 17372 5212345 0 0
8203 17372 5212355 0 0
8202 17371 5212365 0 0
8201 17370 5212375 0 0
8200 17369 5212385 0 0
8200 17368 5212395 0 0
8201 17367 5212405 0 0
8203 17365 5212415 0 0
8205 17363 5212425 0 0
8206 17362 5212435 1 3
8208 17361 5212445 1 7
8211 17359 5212455 1 13
8215 17358 5212465 1 23
8219 17356 5212475 1 35
8223 17355 5212485 1 50
8228 17352 5212495 1 70
8231 17351 5212505 1 93
8234 17350 5212515 1 121
8236 17349 5212525 1 155
8237 17348 5212535 1 193
8238 17348 5212545 1 237
8239 17347 5212555 1 288
8240 17346 5212565 1 345
8242 17343 5212575 1 409
8243 17342 5212585 1 480
8243 17341 5212595 1 559
8243 17340 5212605 1 646
8244 17339 5212615 1 742
8244 17338 5212625 1 846
8244 17337 5212635 1 950
8245 17337 5212645 1 1012
8247 17338 5212655 1 1024
8247 17338 5212665 1 1024
8248 17339 5212675 1 1024
8248 17341 5212685 1 1024
8248 17343 5212695 1 1024
8248 17345 5212705 1 1024
8248 17349 5212715 1 1024
8247 17355 5212725 1 1024
8247 17358 5212735 1 1024
8246 17359 5212745 1 1024
8245 17364 5212755 1 1024
8244 17368 5212765 1 1024
8242 17372 5212775 1 1024
8240 17376 5212785 1 1024
8239 17380 5212795 1 1024
8236 17387 5212805 1 1024
8234 17389 5212815 1 1024
8232 17392 5212825 1 1024
8232 17393 5212835 1 1024
8231 17394 5212845 1 1024
8229 17395 5212855 1 1024
8228 17396 5212865 1 1024
8226 17397 5212875 1 1024
8223 17397 5212885 1 1015
8221 17396 5212895 1 982
8220 17394 5212905 1 956
8219 17393 5212915 1 935
8217 17390 5212925 1 918
8217 17389 5212935 1 910
8217 17388 5212945 1 905
8216 17386 5212955 1 897
8215 17381 5212965 1 892
8216 17378 5212975 1 894
8216 17375 5212985 1 899
8217 17373 5212995 1 906
8218 17370 5213005 1 916
8220 17368 5213015 1 928
8221 17366 5213025 1 943
8222 17364 5213035 1 957
8222 17361 5213045 1 973
8223 17360 5213055 1 990
8224 17358 5213065 1 1007
8225 17357 5213075 1 1023
8226 17355 5213085 1 1024
8226 17354 5213095 1 1024
8226 17353 5213105 1 1024
8227 17352 5213115 1 1024
8226 17351 5213125 1 1024
8226 17351 5213135 1 1024
8226 17351 5213145 1 1024
8225 17351 5213155 1 1024
8225 17351 5213165 1 1024
8224 17351 5213175 1 1024
8223 17352 5213185 1 1024
8224 17353 5213195 1 1024
8225 17354 5213205 1 1024
8226 17355 5213215 1 1024
8227 17355 5213225 1 1024
8227 17355 5213235 1 1024
8228 17356 5213245 1 1024
8230 17356 5213255 1 1024
8231 17356 5213265 1 1024
8234 17354 5213275 1 1024
8235 17353 5213285 1 1024
8237 17352 5213295 1 1024
8239 17350 5213305 1 1024
8240 17348 5213315 1 1024
8242 17346 5213325 1 1024
8243 17343 5213335 1 1024
8244 17338 5213345 1 1024
8244 17335 5213355 1 1024
8245 17332 5213365 1 1024
8244 17329 5213375 1 1024
8243 17327 5213385 1 1024
8241 17324 5213395 1 1024
8239 17322 5213405 1 1024
8234 17317 5213415 1 1024
8231 17315 5213425 1 1024
8227 17314 5213435 1 1024
8224 17312 5213445 1 1024
8221 17310 5213455 1 1024
8218 17309 5213465 1 1024
8216 17309 5213475 1 1024
8213 17309 5213485 1 1024
8212 17309 5213495 1 1024
8211 17310 5213505 1 1024
8211 17311 5213515 1 1024
8212 17313 5213525 1 1024
8212 17315 5213535 1 1024
8213 17318 5213545 1 1024
8214 17323 5213555 1 1024
8216 17326 5213565 1 1024
8217 17330 5213575 1 1024
8219 17333 5213585 1 1024
8221 17337 5213595 1 1024
8222 17341 5213605 1 1024
8223 17344 5213615 1 1024
8224 17349 5213625 1 1024
8223 17351 5213635 1 1024
8222 17353 5213645 1 1024
8221 17355 5213655 1 1024
8219 17356 5213665 1 1024
8217 17356 5213675 1 1024
8215 17357 5213685 1 1024
8214 17358 5213695 1 1024
8212 17357 5213705 1 1024
8212 17357 5213715 1 1024
8212 17356 5213725 1 1024
8213 17355 5213735 1 1024
8215 17354 5213745 1 1024
