7625 17455 5571460 1 1024
7625 17455 5571470 1 1024
7625 17455 5571480 1 799
7626 17455 5571490 1 528
7626 17455 5571500 1 335
7626 17455 5571510 1 210
7626 17455 5571520 1 145
7628 17455 5571530 1 129
7630 17455 5571540 1 127
7633 17456 5571550 1 153
7638 17456 5571560 1 209
7641 17455 5571570 1 244
7641 17453 5571580 1 288
7639 17449 5571590 1 382
7636 17445 5571600 1 479
7634 17442 5571610 1 573
7633 17441 5571620 1 619
7634 17441 5571630 1 653
7636 17441 5571640 1 715
7639 17444 5571650 1 758
7641 17447 5571660 1 777
7643 17449 5571670 1 784
7643 17451 5571680 1 795
7643 17452 5571690 1 792
7643 17453 5571700 1 789
7642 17454 5571710 1 776
7641 17456 5571720 1 749
7640 17458 5571730 1 735
7640 17459 5571740 1 712
7639 17459 5571750 1 665
7636 17459 5571760 1 641
7633 17456 5571770 1 611
7631 17454 5571780 1 587
7628 17451 5571790 1 551
7624 17445 5571800 1 486
7620 17438 5571810 1 418
7618 17431 5571820 1 347
7616 17424 5571830 1 275
7616 17419 5571840 1 203
7617 17414 5571850 1 167
7617 17412 5571860 1 158
7618 17410 5571870 1 132
7621 17407 5571880 1 65
7624 17403 5571890 1 1
7628 17401 5571900 0 0
7632 17399 5571910 0 0
7636 17399 5571920 0 0
7640 17402 5571930 0 0
7643 17403 5571940 0 0
7645 17406 5571950 0 0
7650 17413 5571960 0 0
7656 17420 5571970 0 0
7661 17428 5571980 0 0
7666 17437 5571990 0 0
7672 17446 5572000 0 0
7676 17456 5572010 0 0
7679 17461 5572020 0 0
7681 17467 5572030 0 0
7685 17477 5572040 0 0
7689 17488 5572050 0 0
7694 17498 5572060 0 0
7698 17507 5572070 0 0
7703 17514 5572080 0 0
7708 17518 5572090 0 0
7710 17520 5572100 0 0
7712 17521 5572110 0 0
7717 17522 5572120 0 0
7721 17522 5572130 0 0
7725 17521 5572140 0 0
7729 17518 5572150 0 0
7733 17516 5572160 0 0
7736 17513 5572170 0 0
7738 17511 5572180 0 0
7739 17510 5572190 0 0
7741 17507 5572200 0 0
7742 17505 5572210 0 0
7742 17503 5572220 0 0
7742 17502 5572230 0 0
7740 17500 5572240 0 0
7738 17500 5572250 0 0
7737 17499 5572260 0 0
7736 17499 5572270 0 0
7733 17498 5572280 0 0
7729 17497 5572290 0 0
7726 17496 5572300 0 0
7723 17495 5572310 0 0
7720 17493 5572320 0 0
7717 17490 5572330 0 0
7716 17489 5572340 0 0
7715 17487 5572350 0 0
7714 17484 5572360 0 0
7714 17481 5572370 0 0
7714 17477 5572380 0 0
7715 17473 5572390 0 0
7716 17470 5572400 0 0
7718 17467 5572410 0 0
7719 17465 5572420 0 0
7720 17464 5572430 0 0
7722 17462 5572440 0 0
7725 17461 5572450 0 0
7727 17460 5572460 0 0
7730 17461 5572470 0 0
7732 17462 5572480 1 7
7735 17463 5572490 1 76
7736 17464 5572500 1 119
7737 17465 5572510 1 148
7738 17467 5572520 1 176
7740 17470 5572530 1 188
7741 17472 5572540 1 227
7741 17474 5572550 1 304
7742 17477 5572560 1 381
7741 17479 5572570 1 456
7741 17480 5572580 1 493
7741 17480 5572590 1 527
7740 17481 5572600 1 592
7739 17482 5572610 1 651
7738 17482 5572620 1 680
7736 17482 5572630 1 702
7734 17481 5572640 1 741
7732 17480 5572650 1 770
7731 17480 5572660 1 781
7730 17479 5572670 1 788
7728 17478 5572680 1 797
7726 17476 5572690 1 801
7724 17475 5572700 1 797
7722 17474 5572710 1 794
7720 17473 5572720 1 790
7718 17472 5572730 1 780
7718 17472 5572740 1 775
7717 17472 5572750 1 769
7716 17472 5572760 1 760
7715 17472 5572770 1 751
7714 17472 5572780 1 747
7713 17472 5572790 1 746
7712 17473 5572800 1 745
7711 17474 5572810 1 745
7710 17475 5572820 1 745
7709 17475 5572830 1 746
7708 17476 5572840 1 748
7707 17477 5572850 1 750
7705 17478 5572860 1 755
7704 17478 5572870 1 758
7703 17478 5572880 1 762
7701 17477 5572890 1 765
7701 17476 5572900 1 766
7700 17475 5572910 1 766
7700 17473 5572920 1 766
7700 17471 5572930 1 768
7700 17468 5572940 1 769
7701 17466 5572950 1 770
7702 17464 5572960 1 771
7704 17463 5572970 1 771
7705 17462 5572980 1 770
7706 17462 5572990 1 770
7708 17462 5573000 1 771
7709 17463 5573010 1 771
7711 17465 5573020 1 771
7713 17468 5573030 1 771
7714 17471 5573040 1 770
7715 17475 5573050 1 770
7715 17477 5573060 1 771
7716 17478 5573070 1 771
7716 17481 5573080 1 772
7717 17483 5573090 1 772
7717 17484 5573100 1 773
7718 17484 5573110 1 773
7720 17485 5573120 1 774
7722 17485 5573130 1 775
7723 17485 5573140 1 775
7725 17485 5573150 1 776
7728 17486 5573160 1 777
7732 17487 5573170 1 779
7736 17488 5573180 1 779
7739 17489 5573190 1 779
7743 17490 5573200 1 780
7747 17491 5573210 1 781
7748 17492 5573220 1 782
7749 17492 5573230 1 783
7752 17493 5573240 1 784
7754 17492 5573250 1 785
7755 17492 5573260 1 786
7756 17491 5573270 1 786
7757 17489 5573280 1 787
7758 17487 5573290 1 787
7759 17486 5573300 1 787
7760 17485 5573310 1 787
7761 17484 5573320 1 788
7762 17483 5573330 1 788
7764 17482 5573340 1 789
7765 17482 5573350 1 790
7766 17482 5573360 1 792
7766 17483 5573370 1 793
7766 17483 5573380 1 793
7765 17484 5573390 1 793
7764 17485 5573400 1 793
7762 17485 5573410 1 794
7758 17485 5573420 1 795
7754 17484 5573430 1 796
7750 17483 5573440 1 796
7745 17480 5573450 1 797
7742 17479 5573460 1 798
7740 17477 5573470 1 798
7735 17473 5573480 1 799
7731 17468 5573490 1 798
7727 17463 5573500 1 799
7725 17459 5573510 1 800
7725 17455 5573520 1 802
7725 17452 5573530 1 802
7725 17450 5573540 1 803
7726 17450 5573550 1 803
7729 17449 5573560 1 804
7731 17450 5573570 1 804
7734 17453 5573580 1 803
7737 17457 5573590 1 804
7739 17461 5573600 1 805
7740 17467 5573610 1 806
7741 17469 5573620 1 806
7741 17472 5573630 1 807
7741 17477 5573640 1 808
7740 17482 5573650 1 809
7739 17486 5573660 1 811
7737 17490 5573670 1 812
7735 17492 5573680 1 812
7734 17493 5573690 1 814
7733 17493 5573700 1 814
7733 17493 5573710 1 815
7732 17492 5573720 1 816
7733 17491 5573730 1 818
7734 17488 5573740 1 819
7736 17485 5573750 1 820
7739 17482 5573760 1 821
7742 17479 5573770 1 822
7744 17477 5573780 1 822
7747 17475 5573790 1 822
7751 17472 5573800 1 824
7756 17469 5573810 1 825
7760 17467 5573820 1 827
7765 17466 5573830 1 827
7768 17465 5573840 1 828
7771 17465 5573850 1 830
7773 17465 5573860 1 830
7773 17466 5573870 1 830
7775 17468 5573880 1 831
7775 17471 5573890 1 833
7775 17474 5573900 1 833
7774 17478 5573910 1 835
7772 17482 5573920 1 836
7770 17486 5573930 1 837
7769 17488 5573940 1 838
7767 17490 5573950 1 839
7764 17493 5573960 1 839
7761 17496 5573970 1 841
7758 17498 5573980 1 842
7756 17499 5573990 1 842
7754 17500 5574000 1 844
7752 17501 5574010 1 845
7752 17501 5574020 1 846
7751 17501 5574030 1 847
7751 17501 5574040 1 848
7751 17500 5574050 1 849
7752 17500 5574060 1 850
7753 17499 5574070 1 850
7755 17498 5574080 1 852
7757 17497 5574090 1 853
7757 17497 5574100 1 853
7758 17496 5574110 1 854
7760 17495 5574120 1 855
7760 17495 5574130 1 857
7761 17494 5574140 1 858
7761 17493 5574150 1 859
7760 17493 5574160 1 859
7758 17492 5574170 1 861
7757 17492 5574180 1 861
7756 17492 5574190 1 862
7754 17491 5574200 1 864
7752 17490 5574210 1 865
7751 17489 5574220 1 867
7749 17488 5574230 1 867
7749 17487 5574240 1 869
7748 17486 5574250 1 869
7748 17485 5574260 1 869
7748 17484 5574270 1 871
7749 17483 5574280 1 872
7749 17481 5574290 1 874
7750 17480 5574300 1 874
7750 17479 5574310 1 876
7751 17478 5574320 1 877
7751 17477 5574330 1 878
7752 17476 5574340 1 878
7752 17476 5574350 1 879
7753 17475 5574360 1 881
7754 17475 5574370 1 881
7756 17474 5574380 1 882
7758 17473 5574390 1 883
7759 17471 5574400 1 885
7761 17469 5574410 1 886
7762 17468 5574420 1 887
7763 17466 5574430 1 888
7764 17462 5574440 1 888
7765 17457 5574450 1 889
7765 17451 5574460 1 891
7765 17445 5574470 1 892
7763 17438 5574480 1 894
7761 17430 5574490 1 895
7760 17426 5574500 1 896
7758 17422 5574510 1 896
7753 17414 5574520 1 897
7749 17406 5574530 1 898
7744 17399 5574540 1 900
7740 17395 5574550 1 901
7736 17392 5574560 1 902
7730 17391 5574570 1 903
7727 17391 5574580 1 904
7723 17392 5574590 1 905
7715 17394 5574600 1 907
7705 17397 5574610 1 908
7692 17400 5574620 1 909
7678 17404 5574630 1 909
7664 17408 5574640 1 910
7651 17412 5574650 1 911
7645 17414 5574660 1 912
7639 17417 5574670 1 913
7629 17422 5574680 1 915
7620 17427 5574690 1 915
7613 17434 5574700 1 917
7608 17441 5574710 1 919
7605 17449 5574720 1 919
7604 17458 5574730 1 921
7604 17462 5574740 1 921
7605 17466 5574750 1 921
7608 17474 5574760 1 923
7613 17482 5574770 1 925
7622 17489 5574780 1 927
7632 17496 5574790 1 927
7644 17502 5574800 1 929
7657 17508 5574810 1 929
7663 17510 5574820 1 930
7670 17511 5574830 1 931
7684 17514 5574840 1 933
7698 17514 5574850 1 933
7712 17512 5574860 1 935
7727 17509 5574870 1 937
7741 17504 5574880 1 937
7755 17497 5574890 1 938
7762 17494 5574900 1 938
7768 17491 5574910 1 940
7779 17484 5574920 1 941
7789 17477 5574930 1 942
7795 17470 5574940 1 944
7799 17463 5574950 1 944
7801 17455 5574960 1 946
7800 17448 5574970 1 948
7799 17444 5574980 1 949
7796 17440 5574990 1 950
7790 17433 5575000 1 950
7782 17426 5575010 1 952
7771 17419 5575020 1 953
7758 17414 5575030 1 954
7743 17411 5575040 1 955
7726 17411 5575050 1 957
7718 17411 5575060 1 958
7709 17413 5575070 1 959
7691 17417 5575080 1 960
7674 17423 5575090 1 961
7658 17430 5575100 1 963
7644 17438 5575110 1 963
7632 17447 5575120 1 965
7624 17456 5575130 1 966
7620 17461 5575140 1 966
7618 17466 5575150 1 966
7615 17475 5575160 1 968
7616 17484 5575170 1 970
7621 17494 5575180 1 970
7629 17503 5575190 1 972
7640 17511 5575200 1 974
7653 17519 5575210 1 975
7661 17522 5575220 1 975
7669 17525 5575230 1 977
7685 17529 5575240 1 979
7702 17532 5575250 1 981
7719 17532 5575260 1 981
7735 17531 5575270 1 983
7751 17527 5575280 1 985
7765 17521 5575290 1 985
7771 17517 5575300 1 986
7777 17512 5575310 1 987
7786 17502 5575320 1 989
7794 17490 5575330 1 990
7799 17478 5575340 1 992
7802 17465 5575350 1 994
7800 17451 5575360 1 994
7795 17441 5575370 1 996
7792 17435 5575380 1 998
7790 17432 5575390 1 999
7791 17431 5575400 1 1000
7792 17430 5575410 1 1001
7793 17429 5575420 1 1003
7794 17430 5575430 1 1004
7795 17431 5575440 1 1006
7796 17433 5575450 1 1006
7796 17436 5575460 1 1008
7797 17438 5575470 1 1010
7797 17441 5575480 1 1011
7797 17443 5575490 1 1013
7798 17445 5575500 1 1015
7798 17446 5575510 1 1016
7798 17446 5575520 1 1018
7798 17445 5575530 1 1020
7798 17443 5575540 1 1020
7797 17441 5575550 1 1022
7797 17438 5575560 1 1023
7796 17436 5575570 1 1024
7795 17433 5575580 1 1024
7794 17430 5575590 1 1024
7793 17429 5575600 1 1024
7792 17427 5575610 1 1024
7792 17427 5575620 1 1024
7791 17427 5575630 1 1024
7791 17428 5575640 1 1024
7792 17429 5575650 1 1024
7794 17431 5575660 1 1024
7796 17432 5575670 1 1024
7799 17433 5575680 1 1024
7801 17434 5575690 1 1024
7804 17434 5575700 1 1024
