8208 18529 3212358 1 1024
8209 18529 3212368 1 1024
8209 18529 3212378 1 779
8209 18529 3212388 1 557
8209 18529 3212398 1 398
8209 18529 3212408 1 295
8210 18529 3212418 1 240
8212 18529 3212428 1 226
8217 18529 3212438 1 246
8221 18529 3212448 1 293
8224 18527 3212458 1 321
8224 18524 3212468 1 357
8221 18519 3212478 1 435
8219 18516 3212488 1 476
8217 18514 3212498 1 515
8215 18510 3212508 1 593
8214 18507 3212518 1 659
8215 18506 3212528 1 711
8217 18508 3212538 1 747
8218 18510 3212548 1 763
8218 18513 3212558 1 768
8218 18515 3212568 1 778
8217 18517 3212578 1 775
8216 18519 3212588 1 762
8216 18522 3212598 1 739
8216 18526 3212608 1 728
8217 18528 3212618 1 725
8217 18530 3212628 1 708
8217 18533 3212638 1 669
8217 18535 3212648 1 649
8215 18536 3212658 1 624
8212 18534 3212668 1 573
8208 18530 3212678 1 519
8205 18524 3212688 1 461
8202 18518 3212698 1 401
8200 18510 3212708 1 340
8199 18502 3212718 1 279
8198 18494 3212728 1 248
8199 18485 3212738 1 218
8200 18481 3212748 1 194
8201 18477 3212758 1 161
8205 18469 3212768 1 106
8209 18463 3212778 1 56
8215 18459 3212788 1 11
8222 18459 3212798 0 0
8229 18462 3212808 0 0
8238 18469 3212818 0 0
8247 18479 3212828 0 0
8256 18491 3212838 0 0
8264 18504 3212848 0 0
8271 18517 3212858 0 0
8277 18529 3212868 0 0
8280 18536 3212878 0 0
8282 18541 3212888 0 0
8285 18552 3212898 0 0
8286 18562 3212908 0 0
8287 18571 3212918 0 0
8287 18578 3212928 0 0
8287 18584 3212938 0 0
8286 18588 3212948 0 0
8286 18590 3212958 0 0
8286 18592 3212968 0 0
8286 18594 3212978 0 0
8286 18596 3212988 0 0
8288 18598 3212998 0 0
8289 18599 3213008 0 0
8290 18600 3213018 0 0
8292 18602 3213028 0 0
8295 18603 3213038 0 0
8299 18604 3213048 0 0
8302 18605 3213058 0 0
8305 18604 3213068 0 0
8309 18603 3213078 0 0
8311 18601 3213088 0 0
8313 18599 3213098 0 0
8315 18595 3213108 0 0
8316 18591 3213118 0 0
8316 18587 3213128 0 0
8316 18584 3213138 0 0
8315 18582 3213148 0 0
8314 18576 3213158 0 0
8312 18571 3213168 0 0
8309 18565 3213178 0 0
8305 18560 3213188 0 0
8301 18555 3213198 0 0
8296 18550 3213208 0 0
8291 18546 3213218 0 0
8286 18543 3213228 0 0
8281 18540 3213238 0 0
8277 18538 3213248 0 0
8273 18537 3213258 0 0
8272 18537 3213268 0 0
8271 18537 3213278 0 0
8270 18537 3213288 0 0
8271 18539 3213298 0 0
8274 18540 3213308 0 0
8278 18543 3213318 1 27
8283 18545 3213328 1 83
8289 18548 3213338 1 143
8296 18551 3213348 1 207
8302 18554 3213358 1 232
8308 18557 3213368 1 242
8313 18561 3213378 1 277
8316 18564 3213388 1 345
8318 18566 3213398 1 381
8319 18567 3213408 1 414
8320 18570 3213418 1 480
8320 18572 3213428 1 544
8320 18573 3213438 1 602
8319 18574 3213448 1 655
8317 18573 3213458 1 681
8316 18572 3213468 1 700
8314 18570 3213478 1 736
8312 18568 3213488 1 762
8311 18566 3213498 1 778
8309 18565 3213508 1 787
8308 18565 3213518 1 790
8307 18565 3213528 1 789
8306 18566 3213538 1 787
8304 18569 3213548 1 784
8303 18573 3213558 1 781
8301 18579 3213568 1 772
8298 18585 3213578 1 762
8296 18591 3213588 1 754
8293 18596 3213598 1 746
8290 18601 3213608 1 743
8287 18605 3213618 1 741
8284 18606 3213628 1 740
8282 18606 3213638 1 740
8280 18603 3213648 1 741
8278 18601 3213658 1 742
8278 18598 3213668 1 743
8277 18592 3213678 1 746
8276 18584 3213688 1 750
8277 18575 3213698 1 753
8278 18567 3213708 1 756
8280 18559 3213718 1 759
8283 18551 3213728 1 760
8286 18546 3213738 1 760
8289 18541 3213748 1 762
8292 18539 3213758 1 763
8295 18538 3213768 1 764
8298 18538 3213778 1 765
8300 18538 3213788 1 765
8301 18539 3213798 1 765
8303 18541 3213808 1 765
8305 18543 3213818 1 766
8307 18545 3213828 1 766
8309 18546 3213838 1 766
8310 18547 3213848 1 766
8312 18547 3213858 1 765
8314 18547 3213868 1 766
8316 18545 3213878 1 767
8317 18542 3213888 1 768
8319 18538 3213898 1 767
8321 18534 3213908 1 768
8322 18532 3213918 1 768
8323 18531 3213928 1 768
8324 18527 3213938 1 769
8324 18525 3213948 1 770
8325 18524 3213958 1 771
8324 18524 3213968 1 772
8324 18526 3213978 1 774
8323 18529 3213988 1 775
8322 18533 3213998 1 775
8320 18538 3214008 1 776
8319 18544 3214018 1 777
8318 18550 3214028 1 779
8318 18557 3214038 1 780
8318 18560 3214048 1 780
8318 18563 3214058 1 781
8318 18568 3214068 1 782
8319 18573 3214078 1 783
8320 18577 3214088 1 784
8321 18579 3214098 1 783
8323 18580 3214108 1 784
8325 18580 3214118 1 784
8328 18579 3214128 1 785
8330 18576 3214138 1 786
8332 18572 3214148 1 787
8334 18567 3214158 1 789
8336 18561 3214168 1 790
8336 18558 3214178 1 790
8337 18555 3214188 1 790
8337 18549 3214198 1 791
8336 18543 3214208 1 792
8335 18538 3214218 1 792
8333 18533 3214228 1 793
8330 18529 3214238 1 794
8327 18527 3214248 1 795
8323 18526 3214258 1 796
8320 18526 3214268 1 797
8317 18527 3214278 1 797
8315 18529 3214288 1 798
8314 18531 3214298 1 799
8313 18533 3214308 1 800
8313 18535 3214318 1 801
8314 18538 3214328 1 801
8315 18541 3214338 1 802
8317 18544 3214348 1 803
8318 18547 3214358 1 803
8320 18549 3214368 1 803
8321 18551 3214378 1 804
8322 18552 3214388 1 805
8322 18553 3214398 1 806
8322 18554 3214408 1 807
8321 18554 3214418 1 808
8319 18555 3214428 1 809
8318 18555 3214438 1 809
8317 18555 3214448 1 810
8315 18555 3214458 1 811
8313 18555 3214468 1 811
8311 18554 3214478 1 812
8310 18553 3214488 1 814
8309 18552 3214498 1 815
8310 18550 3214508 1 816
8311 18547 3214518 1 817
8313 18544 3214528 1 818
8316 18540 3214538 1 818
8320 18535 3214548 1 820
8324 18531 3214558 1 820
8326 18528 3214568 1 820
8328 18526 3214578 1 821
8332 18522 3214588 1 822
8336 18519 3214598 1 823
8339 18516 3214608 1 824
8342 18516 3214618 1 825
8345 18517 3214628 1 826
8347 18519 3214638 1 826
8348 18524 3214648 1 827
8349 18531 3214658 1 828
8349 18539 3214668 1 828
8348 18548 3214678 1 830
8347 18558 3214688 1 831
8347 18562 3214698 1 831
8346 18567 3214708 1 832
8345 18576 3214718 1 833
8344 18584 3214728 1 833
8343 18590 3214738 1 835
8342 18594 3214748 1 836
8342 18596 3214758 1 836
8343 18596 3214768 1 837
8343 18595 3214778 1 838
8345 18592 3214788 1 840
8346 18588 3214798 1 841
8348 18583 3214808 1 841
8350 18578 3214818 1 842
8351 18575 3214828 1 842
8352 18573 3214838 1 842
8354 18569 3214848 1 843
8356 18565 3214858 1 844
8358 18564 3214868 1 845
8358 18563 3214878 1 846
8358 18565 3214888 1 847
8357 18568 3214898 1 849
8355 18572 3214908 1 849
8352 18576 3214918 1 849
8348 18580 3214928 1 850
8344 18584 3214938 1 851
8339 18587 3214948 1 853
8337 18589 3214958 1 853
8335 18589 3214968 1 854
8332 18589 3214978 1 855
8329 18587 3214988 1 855
8328 18584 3214998 1 857
8328 18580 3215008 1 857
8329 18575 3215018 1 858
8331 18571 3215028 1 859
8334 18567 3215038 1 860
8338 18564 3215048 1 861
8342 18563 3215058 1 862
8345 18563 3215068 1 863
8349 18565 3215078 1 863
8350 18567 3215088 1 864
8351 18569 3215098 1 865
8354 18574 3215108 1 866
8355 18578 3215118 1 866
8356 18583 3215128 1 866
8356 18586 3215138 1 868
8355 18588 3215148 1 869
8354 18587 3215158 1 870
8353 18584 3215168 1 871
8351 18577 3215178 1 872
8349 18568 3215188 1 872
8347 18556 3215198 1 873
8345 18543 3215208 1 874
8344 18536 3215218 1 875
8344 18528 3215228 1 876
8342 18513 3215238 1 877
8339 18499 3215248 1 877
8335 18485 3215258 1 878
8331 18473 3215268 1 879
8327 18465 3215278 1 880
8323 18460 3215288 1 881
8317 18458 3215298 1 881
8309 18461 3215308 1 883
8300 18466 3215318 1 884
8290 18473 3215328 1 885
8277 18481 3215338 1 887
8270 18486 3215348 1 887
8263 18490 3215358 1 887
8248 18498 3215368 1 887
8234 18505 3215378 1 887
8222 18510 3215388 1 889
8213 18515 3215398 1 890
8206 18518 3215408 1 891
8201 18520 3215418 1 891
8199 18522 3215428 1 893
8199 18524 3215438 1 894
8201 18527 3215448 1 894
8204 18531 3215458 1 896
8208 18536 3215468 1 896
8210 18538 3215478 1 896
8213 18541 3215488 1 897
8220 18547 3215498 1 898
8228 18554 3215508 1 900
8237 18563 3215518 1 900
8247 18572 3215528 1 901
8256 18580 3215538 1 902
8266 18587 3215548 1 903
8276 18592 3215558 1 904
8287 18595 3215568 1 904
8298 18594 3215578 1 906
8311 18590 3215588 1 907
8324 18584 3215598 1 907
8331 18580 3215608 1 907
8338 18576 3215618 1 908
8353 18567 3215628 1 909
8366 18558 3215638 1 910
8378 18548 3215648 1 911
8387 18539 3215658 1 912
8394 18530 3215668 1 912
8399 18522 3215678 1 913
8400 18514 3215688 1 915
8398 18507 3215698 1 916
8394 18500 3215708 1 916
8386 18494 3215718 1 918
8375 18488 3215728 1 918
8369 18486 3215738 1 919
8361 18485 3215748 1 919
8344 18484 3215758 1 920
8326 18486 3215768 1 921
8307 18491 3215778 1 922
8288 18498 3215788 1 924
8269 18507 3215798 1 924
8251 18518 3215808 1 925
8236 18530 3215818 1 926
8223 18543 3215828 1 927
8214 18555 3215838 1 927
8208 18566 3215848 1 928
8206 18576 3215858 1 929
8205 18581 3215868 1 930
8207 18585 3215878 1 930
8212 18591 3215888 1 931
8219 18596 3215898 1 932
8230 18598 3215908 1 933
8242 18598 3215918 1 934
8256 18596 3215928 1 935
8270 18591 3215938 1 936
8285 18586 3215948 1 938
8299 18579 3215958 1 938
8313 18571 3215968 1 940
8326 18563 3215978 1 941
8338 18554 3215988 1 941
8348 18546 3215998 1 943
8356 18537 3216008 1 944
8363 18530 3216018 1 944
8368 18524 3216028 1 946
8371 18518 3216038 1 947
8370 18512 3216048 1 947
8366 18510 3216058 1 949
8363 18512 3216068 1 950
8364 18517 3216078 1 951
8366 18521 3216088 1 951
8369 18525 3216098 1 952
8373 18528 3216108 1 954
8377 18530 3216118 1 954
8380 18531 3216128 1 955
8383 18531 3216138 1 956
8385 18531 3216148 1 957
8386 18529 3216158 1 959
8387 18527 3216168 1 959
8387 18525 3216178 1 960
8386 18522 3216188 1 962
8385 18518 3216198 1 962
8383 18514 3216208 1 963
8380 18510 3216218 1 965
8378 18506 3216228 1 965
8375 18501 3216238 1 967
8373 18495 3216248 1 967
8370 18490 3216258 1 968
8368 18485 3216268 1 970
8366 18480 3216278 1 970
8364 18476 3216288 1 972
8363 18473 3216298 1 973
8362 18472 3216308 1 973
8362 18472 3216318 1 975
8362 18473 3216328 1 975
8363 18475 3216338 1 977
8364 18478 3216348 1 978
8366 18483 3216358 1 978
8368 18487 3216368 1 980
8369 18492 3216378 1 981
8370 18497 3216388 1 982
