7823 18606 4068170 1 442
7823 18611 4068180 1 353
7823 18612 4068190 1 280
7822 18612 4068200 1 224
7823 18613 4068210 1 182
7825 18613 4068220 1 150
7827 18611 4068230 1 130
7830 18610 4068240 1 117
7833 18608 4068250 1 110
7835 18607 4068260 1 107
7838 18606 4068270 1 106
7837 18609 4068280 1 104
7833 18612 4068290 1 103
7827 18616 4068300 1 101
7819 18622 4068310 1 100
7810 18631 4068320 1 98
7800 18641 4068330 1 97
7791 18654 4068340 1 95
7784 18668 4068350 1 94
7781 18683 4068360 1 92
7782 18696 4068370 1 91
7787 18707 4068380 1 89
7796 18714 4068390 1 88
7816 18711 4068400 1 87
7828 18706 4068410 1 85
7839 18700 4068420 1 84
7849 18692 4068430 1 82
7857 18685 4068440 1 81
7862 18679 4068450 1 79
7865 18674 4068460 1 78
7866 18671 4068470 1 76
7865 18667 4068480 1 75
7864 18663 4068490 1 73
7864 18659 4068500 1 72
7864 18653 4068510 1 70
7864 18645 4068520 1 69
7865 18639 4068530 1 67
7868 18634 4068540 1 66
7870 18632 4068550 1 64
7873 18633 4068560 1 63
7875 18636 4068570 1 61
7876 18640 4068580 1 60
7876 18646 4068590 1 58
7876 18650 4068600 1 57
7875 18653 4068610 1 56
7873 18654 4068620 1 54
7872 18652 4068630 1 55
7869 18649 4068640 1 93
7867 18645 4068650 1 119
7866 18641 4068660 1 148
7866 18639 4068670 1 181
7866 18639 4068680 1 216
7868 18642 4068690 1 254
7869 18648 4068700 1 293
7871 18657 4068710 1 332
7872 18668 4068720 1 373
7874 18680 4068730 1 413
7874 18692 4068740 1 452
7874 18701 4068750 1 490
7875 18706 4068760 1 556
7873 18707 4068770 1 585
7870 18705 4068780 1 609
7867 18698 4068790 1 630
7864 18688 4068800 1 643
7862 18675 4068810 1 653
7862 18662 4068820 1 664
7863 18650 4068830 1 678
7865 18640 4068840 1 692
7868 18634 4068850 1 704
7872 18633 4068860 1 715
7874 18636 4068870 1 724
7877 18647 4068880 1 732
7877 18658 4068890 1 733
7876 18671 4068900 1 733
7874 18684 4068910 1 733
7873 18694 4068920 1 732
7871 18701 4068930 1 731
7871 18704 4068940 1 730
7871 18703 4068950 1 731
7873 18699 4068960 1 732
7876 18691 4068970 1 734
7879 18683 4068980 1 735
7881 18675 4068990 1 739
7884 18668 4069000 1 741
7885 18665 4069010 1 742
7884 18664 4069020 1 742
7882 18666 4069030 1 742
7881 18670 4069040 1 742
7879 18674 4069050 1 742
7879 18678 4069060 1 742
7880 18681 4069070 1 742
7882 18683 4069080 1 742
7885 18682 4069090 1 743
7888 18680 4069100 1 742
7891 18677 4069110 1 743
7893 18673 4069120 1 744
7895 18668 4069130 1 745
7892 18664 4069140 1 745
7886 18660 4069150 1 744
7876 18657 4069160 1 744
7863 18656 4069170 1 743
7849 18656 4069180 1 743
7834 18657 4069190 1 742
7819 18659 4069200 1 741
7804 18660 4069210 1 741
7788 18659 4069220 1 741
7777 18658 4069230 1 744
7765 18656 4069240 1 731
7763 18651 4069250 1 706
7762 18644 4069260 1 667
7764 18636 4069270 1 619
7768 18626 4069280 1 562
7776 18617 4069290 1 500
7786 18608 4069300 1 433
7800 18601 4069310 1 363
7816 18592 4069320 1 293
7834 18587 4069330 1 223
7853 18587 4069340 1 157
7872 18589 4069350 1 95
7901 18595 4069360 1 54
7914 18603 4069370 1 56
7923 18611 4069380 1 57
7929 18619 4069390 1 58
7931 18626 4069400 1 60
7930 18633 4069410 1 61
7926 18638 4069420 1 63
7922 18643 4069430 1 64
7916 18648 4069440 1 66
7909 18652 4069450 1 67
7902 18657 4069460 1 69
7894 18661 4069470 1 70
7874 18672 4069480 1 72
7865 18673 4069490 1 73
7857 18674 4069500 1 75
7850 18672 4069510 1 76
7844 18670 4069520 1 78
7840 18666 4069530 1 96
7837 18662 4069540 1 137
7835 18658 4069550 1 177
7835 18654 4069560 1 220
7835 18650 4069570 1 265
7835 18648 4069580 1 309
7836 18645 4069590 1 354
7846 18633 4069600 1 444
7850 18631 4069610 1 489
7854 18628 4069620 1 533
7860 18624 4069630 1 576
7868 18621 4069640 1 619
7877 18618 4069650 1 660
7889 18615 4069660 1 698
7903 18614 4069670 1 736
7918 18615 4069680 1 771
7933 18618 4069690 1 804
7948 18623 4069700 1 834
7961 18631 4069710 1 860
7975 18649 4069720 1 858
7979 18661 4069730 1 855
7978 18673 4069740 1 853
7972 18686 4069750 1 851
7960 18698 4069760 1 848
7942 18710 4069770 1 846
7916 18720 4069780 1 844
7892 18731 4069790 1 842
7861 18740 4069800 1 839
7823 18746 4069810 1 837
7778 18750 4069820 1 835
