7735 18556 5982057 1 743
7735 18556 5982067 1 708
7735 18556 5982077 1 685
7736 18555 5982087 1 672
7736 18555 5982097 1 666
7737 18556 5982107 1 662
7746 18561 5982117 1 662
7768 18575 5982127 1 663
7796 18597 5982137 1 663
7818 18619 5982147 1 663
7832 18635 5982157 1 662
7837 18642 5982167 1 661
7836 18642 5982177 1 660
7831 18643 5982187 1 658
7820 18644 5982197 1 658
7809 18649 5982207 1 658
7800 18657 5982217 1 660
7795 18669 5982227 1 664
7792 18683 5982237 1 670
7788 18695 5982247 1 679
7783 18702 5982257 1 684
7775 18705 5982267 1 690
7770 18705 5982277 1 696
7765 18703 5982287 1 703
7756 18698 5982297 1 717
7750 18691 5982307 1 732
7750 18685 5982317 1 747
7756 18679 5982327 1 761
7766 18672 5982337 1 775
7781 18662 5982347 1 781
7799 18649 5982357 1 785
7820 18634 5982367 1 793
7842 18617 5982377 1 798
7853 18609 5982387 1 799
7864 18600 5982397 1 799
7884 18584 5982407 1 795
7904 18571 5982417 1 786
7923 18562 5982427 1 771
7939 18555 5982437 1 750
7951 18551 5982447 1 720
7960 18551 5982457 1 705
7966 18554 5982467 1 683
7968 18564 5982477 1 638
7966 18578 5982487 1 587
7964 18586 5982497 1 560
7959 18597 5982507 1 530
7946 18620 5982517 1 470
7929 18645 5982527 1 409
7909 18670 5982537 1 349
7885 18694 5982547 1 293
7860 18713 5982557 1 241
7834 18726 5982567 1 196
7809 18731 5982577 1 160
7786 18730 5982587 1 125
7768 18724 5982597 1 123
7759 18719 5982607 1 125
7753 18712 5982617 1 123
7742 18694 5982627 1 122
7734 18669 5982637 1 121
7728 18639 5982647 1 121
7725 18604 5982657 1 120
7725 18565 5982667 1 119
7727 18526 5982677 1 118
7731 18488 5982687 1 117
7736 18455 5982697 1 116
7742 18428 5982707 1 115
7745 18416 5982717 1 113
7748 18409 5982727 1 114
7755 18400 5982737 1 119
7761 18401 5982747 1 130
7768 18411 5982757 1 148
7775 18429 5982767 1 171
7782 18453 5982777 1 199
7791 18481 5982787 1 231
7800 18510 5982797 1 266
7810 18538 5982807 1 304
7821 18564 5982817 1 344
7826 18577 5982827 1 368
7831 18587 5982837 1 386
7840 18605 5982847 1 406
7848 18619 5982857 1 427
7854 18626 5982867 1 470
7857 18629 5982877 1 511
7859 18626 5982887 1 550
7859 18620 5982897 1 588
7858 18613 5982907 1 622
7856 18604 5982917 1 639
7852 18595 5982927 1 653
7851 18591 5982937 1 664
7848 18587 5982947 1 679
7844 18579 5982957 1 701
7840 18571 5982967 1 715
7836 18565 5982977 1 724
7833 18560 5982987 1 726
7830 18555 5982997 1 729
7828 18552 5983007 1 731
7827 18549 5983017 1 733
7827 18546 5983027 1 735
7828 18543 5983037 1 736
7828 18542 5983047 1 736
7829 18541 5983057 1 736
7830 18538 5983067 1 737
7831 18535 5983077 1 738
7833 18533 5983087 1 739
7834 18532 5983097 1 740
7834 18532 5983107 1 740
7833 18533 5983117 1 741
7830 18535 5983127 1 741
7825 18538 5983137 1 741
7820 18541 5983147 1 741
7817 18543 5983157 1 741
7814 18544 5983167 1 741
7808 18547 5983177 1 741
7802 18548 5983187 1 741
7796 18549 5983197 1 741
7789 18548 5983207 1 741
7783 18546 5983217 1 741
7777 18543 5983227 1 741
7772 18539 5983237 1 742
7766 18535 5983247 1 742
7761 18532 5983257 1 742
7758 18530 5983267 1 742
7756 18528 5983277 1 742
7752 18526 5983287 1 743
7749 18525 5983297 1 743
7746 18524 5983307 1 744
7744 18524 5983317 1 745
7742 18525 5983327 1 746
7741 18527 5983337 1 747
7740 18529 5983347 1 748
7740 18531 5983357 1 750
7741 18533 5983367 1 751
7742 18534 5983377 1 752
7743 18535 5983387 1 752
7747 18536 5983397 1 753
7752 18538 5983407 1 754
7759 18539 5983417 1 755
7768 18540 5983427 1 756
7778 18542 5983437 1 757
7791 18543 5983447 1 758
7805 18545 5983457 1 759
7821 18546 5983467 1 760
7837 18548 5983477 1 761
7846 18549 5983487 1 761
7854 18550 5983497 1 761
7870 18552 5983507 1 762
7886 18554 5983517 1 763
7899 18556 5983527 1 764
7911 18557 5983537 1 765
7920 18557 5983547 1 766
7925 18556 5983557 1 767
7927 18554 5983567 1 768
7926 18549 5983577 1 769
7922 18543 5983587 1 770
7919 18539 5983597 1 770
7915 18535 5983607 1 771
7906 18527 5983617 1 772
7896 18518 5983627 1 773
7886 18510 5983637 1 773
7875 18504 5983647 1 774
7866 18499 5983657 1 775
7858 18496 5983667 1 776
7852 18495 5983677 1 777
7848 18496 5983687 1 778
7846 18497 5983697 1 780
7845 18497 5983707 1 781
7846 18498 5983717 1 781
7848 18498 5983727 1 782
7852 18497 5983737 1 783
7857 18495 5983747 1 785
7863 18491 5983757 1 786
7870 18486 5983767 1 787
7877 18480 5983777 1 787
7883 18473 5983787 1 788
7888 18465 5983797 1 789
7892 18456 5983807 1 790
7893 18452 5983817 1 791
7893 18448 5983827 1 791
7892 18441 5983837 1 791
7890 18436 5983847 1 792
7886 18435 5983857 1 793
7881 18436 5983867 1 794
7877 18441 5983877 1 795
7872 18448 5983887 1 796
7869 18456 5983897 1 799
7865 18466 5983907 1 800
7862 18475 5983917 1 801
7861 18480 5983927 1 801
7859 18484 5983937 1 802
7857 18493 5983947 1 803
7855 18500 5983957 1 804
7854 18505 5983967 1 805
7855 18509 5983977 1 806
7856 18511 5983987 1 807
7859 18511 5983997 1 808
7862 18509 5984007 1 809
7866 18507 5984017 1 810
7869 18503 5984027 1 810
7871 18501 5984037 1 811
7872 18499 5984047 1 811
7874 18495 5984057 1 812
7876 18492 5984067 1 813
7877 18489 5984077 1 813
7876 18489 5984087 1 814
7875 18489 5984097 1 815
7873 18492 5984107 1 816
7871 18496 5984117 1 817
7868 18501 5984127 1 817
7865 18507 5984137 1 818
7863 18510 5984147 1 819
7861 18513 5984157 1 819
7858 18519 5984167 1 820
7853 18525 5984177 1 821
7848 18532 5984187 1 821
7843 18539 5984197 1 822
7838 18545 5984207 1 823
7833 18551 5984217 1 823
7830 18555 5984227 1 823
7827 18558 5984237 1 824
7825 18559 5984247 1 825
7824 18560 5984257 1 825
7824 18559 5984267 1 825
7824 18558 5984277 1 826
7824 18555 5984287 1 827
7826 18553 5984297 1 828
7829 18550 5984307 1 828
7833 18548 5984317 1 828
7838 18546 5984327 1 829
7843 18545 5984337 1 830
7850 18544 5984347 1 831
7857 18544 5984357 1 831
7860 18544 5984367 1 831
7863 18544 5984377 1 832
7869 18543 5984387 1 833
7875 18542 5984397 1 833
7879 18540 5984407 1 833
7881 18536 5984417 1 834
7882 18532 5984427 1 835
7882 18526 5984437 1 836
7880 18520 5984447 1 838
7877 18512 5984457 1 839
7874 18504 5984467 1 840
7872 18500 5984477 1 841
7870 18496 5984487 1 841
7865 18488 5984497 1 842
7860 18481 5984507 1 844
7855 18474 5984517 1 845
7849 18467 5984527 1 845
7843 18461 5984537 1 847
7837 18457 5984547 1 848
7831 18453 5984557 1 849
7826 18449 5984567 1 850
7822 18448 5984577 1 850
7821 18447 5984587 1 850
7821 18447 5984597 1 850
7823 18448 5984607 1 850
7827 18451 5984617 1 850
7834 18456 5984627 1 850
7843 18463 5984637 1 850
7853 18471 5984647 1 850
7865 18482 5984657 1 850
7876 18494 5984667 1 849
7888 18508 5984677 1 847
7899 18521 5984687 1 846
7905 18528 5984697 1 846
7910 18535 5984707 1 845
7920 18548 5984717 1 843
7928 18559 5984727 1 842
7934 18568 5984737 1 840
7937 18575 5984747 1 839
7937 18579 5984757 1 838
7935 18580 5984767 1 837
7930 18578 5984777 1 836
7924 18574 5984787 1 836
7917 18570 5984797 1 835
7913 18567 5984807 1 834
7910 18565 5984817 1 835
7903 18562 5984827 1 835
7897 18560 5984837 1 835
7892 18560 5984847 1 837
7889 18562 5984857 1 838
7887 18566 5984867 1 840
7887 18570 5984877 1 843
7888 18575 5984887 1 847
7891 18580 5984897 1 851
7896 18586 5984907 1 857
7898 18588 5984917 1 859
7902 18590 5984927 1 859
7908 18594 5984937 1 862
7916 18597 5984947 1 863
7924 18599 5984957 1 834
7934 18600 5984967 1 776
7944 18600 5984977 1 695
7955 18598 5984987 1 651
7968 18595 5984997 1 599
7981 18592 5985007 1 495
7996 18588 5985017 1 388
8003 18586 5985027 1 333
8011 18584 5985037 1 289
8025 18579 5985047 1 201
8040 18576 5985057 1 90
8053 18573 5985067 1 90
8064 18571 5985077 1 92
8072 18569 5985087 1 92
8078 18569 5985097 1 94
8081 18570 5985107 1 94
8081 18571 5985117 1 96
8079 18573 5985127 1 96
8078 18574 5985137 1 97
8075 18575 5985147 1 98
8066 18576 5985157 1 98
8055 18576 5985167 1 100
8041 18575 5985177 1 99
8026 18573 5985187 1 101
8012 18570 5985197 1 109
7999 18565 5985207 1 116
7989 18559 5985217 1 128
7980 18552 5985227 1 153
7974 18543 5985237 1 185
7971 18538 5985247 1 203
7970 18532 5985257 1 224
7967 18522 5985267 1 268
7965 18512 5985277 1 316
7964 18504 5985287 1 366
7964 18498 5985297 1 419
7963 18497 5985307 1 473
7962 18499 5985317 1 528
7959 18505 5985327 1 581
7955 18514 5985337 1 634
7950 18524 5985347 1 683
7947 18529 5985357 1 711
7944 18534 5985367 1 730
7936 18542 5985377 1 753
7928 18548 5985387 1 772
7921 18552 5985397 1 810
7915 18552 5985407 1 841
7912 18549 5985417 1 865
7911 18543 5985427 1 882
7914 18534 5985437 1 890
7918 18524 5985447 1 891
7925 18513 5985457 1 892
7928 18507 5985467 1 892
7932 18501 5985477 1 891
7940 18489 5985487 1 891
7947 18477 5985497 1 891
7954 18466 5985507 1 891
7959 18455 5985517 1 890
7964 18445 5985527 1 890
7968 18436 5985537 1 889
7972 18428 5985547 1 888
7976 18421 5985557 1 888
7980 18416 5985567 1 888
7984 18414 5985577 1 888
7987 18413 5985587 1 889
7989 18416 5985597 1 888
7990 18420 5985607 1 888
7989 18426 5985617 1 889
7986 18433 5985627 1 890
7981 18441 5985637 1 889
7975 18450 5985647 1 890
7968 18458 5985657 1 891
7961 18466 5985667 1 891
7954 18473 5985677 1 892
7948 18477 5985687 1 893
7943 18479 5985697 1 894
7941 18479 5985707 1 894
7941 18476 5985717 1 895
7943 18472 5985727 1 896
7946 18468 5985737 1 896
7951 18464 5985747 1 897
7956 18462 5985757 1 898
7962 18461 5985767 1 898
7968 18463 5985777 1 899
7973 18467 5985787 1 899
7978 18475 5985797 1 899
7983 18484 5985807 1 900
7987 18494 5985817 1 900
7989 18506 5985827 1 901
7990 18517 5985837 1 901
7989 18527 5985847 1 901
7987 18534 5985857 1 902
7984 18540 5985867 1 902
7979 18542 5985877 1 902
7973 18541 5985887 1 903
7966 18538 5985897 1 904
7960 18533 5985907 1 903
7954 18525 5985917 1 904
7949 18517 5985927 1 905
7946 18508 5985937 1 904
