8108 18647 4184069 1 647
8108 18647 4184079 1 664
8108 18647 4184089 1 671
8108 18647 4184099 1 672
8108 18647 4184109 1 674
8109 18646 4184119 1 678
8110 18646 4184129 1 681
8111 18646 4184139 1 676
8111 18645 4184149 1 660
8113 18643 4184159 1 630
8120 18634 4184169 1 542
8125 18627 4184179 1 487
8130 18620 4184189 1 359
8135 18611 4184199 1 290
8140 18603 4184209 1 222
8143 18595 4184219 1 187
8146 18587 4184229 1 154
8146 18581 4184239 1 88
8145 18575 4184249 1 26
8141 18570 4184259 0 0
8127 18566 4184269 0 0
8118 18567 4184279 0 0
8108 18571 4184289 0 0
8097 18576 4184299 0 0
8088 18583 4184309 0 0
8081 18592 4184319 0 0
8076 18602 4184329 0 0
8074 18612 4184339 0 0
8075 18622 4184349 0 0
8079 18631 4184359 0 0
8094 18648 4184369 0 0
8105 18656 4184379 0 0
8118 18663 4184389 0 0
8132 18669 4184399 0 0
8146 18674 4184409 0 0
8161 18677 4184419 0 0
8174 18678 4184429 1 25
8185 18676 4184439 1 89
8194 18673 4184449 1 235
8199 18668 4184459 1 313
8202 18658 4184469 1 475
8201 18652 4184479 1 555
8198 18646 4184489 1 632
8194 18639 4184499 1 704
8190 18633 4184509 1 773
8186 18627 4184519 1 834
8183 18621 4184529 1 863
8181 18617 4184539 1 887
8181 18613 4184549 1 932
8181 18611 4184559 1 965
8184 18607 4184569 1 992
8185 18606 4184579 1 986
8186 18605 4184589 1 979
8185 18605 4184599 1 969
8184 18603 4184609 1 957
8181 18602 4184619 1 944
8178 18600 4184629 1 931
8174 18598 4184639 1 916
8171 18595 4184649 1 900
8168 18592 4184659 1 885
8165 18587 4184669 1 854
8165 18585 4184679 1 849
8167 18583 4184689 1 837
8170 18581 4184699 1 808
8174 18580 4184709 1 795
8180 18579 4184719 1 783
8187 18579 4184729 1 773
8196 18579 4184739 1 763
8206 18580 4184749 1 756
8216 18580 4184759 1 751
8233 18580 4184769 1 747
8239 18580 4184779 1 748
8243 18580 4184789 1 750
8244 18580 4184799 1 752
8241 18579 4184809 1 754
8236 18578 4184819 1 760
8229 18576 4184829 1 762
8220 18574 4184839 1 762
8209 18571 4184849 1 763
8198 18569 4184859 1 765
8177 18565 4184869 1 766
8168 18563 4184879 1 767
8162 18562 4184889 1 767
8157 18561 4184899 1 768
8155 18561 4184909 1 768
8156 18562 4184919 1 768
8158 18563 4184929 1 769
8161 18565 4184939 1 770
8166 18567 4184949 1 770
8170 18570 4184959 1 772
8179 18577 4184969 1 775
8183 18580 4184979 1 776
8185 18583 4184989 1 776
8187 18586 4184999 1 777
8188 18588 4185009 1 779
8188 18589 4185019 1 780
8188 18590 4185029 1 782
8187 18592 4185039 1 784
8185 18593 4185049 1 784
8183 18593 4185059 1 786
8176 18595 4185069 1 788
8172 18595 4185079 1 788
8168 18595 4185089 1 788
8164 18594 4185099 1 786
8161 18594 4185109 1 786
8158 18593 4185119 1 783
8156 18593 4185129 1 782
8155 18592 4185139 1 779
8155 18592 4185149 1 777
8157 18591 4185159 1 776
8164 18591 4185169 1 768
8168 18591 4185179 1 764
8174 18591 4185189 1 761
8180 18591 4185199 1 752
8186 18591 4185209 1 749
8192 18592 4185219 1 744
8197 18592 4185229 1 739
8202 18592 4185239 1 735
8205 18591 4185249 1 731
8207 18591 4185259 1 727
8208 18588 4185269 1 720
8207 18587 4185279 1 716
8207 18586 4185289 1 714
8206 18584 4185299 1 712
8205 18583 4185309 1 710
8204 18582 4185319 1 709
8203 18581 4185329 1 705
8203 18580 4185339 1 704
8202 18580 4185349 1 703
8201 18580 4185359 1 704
8199 18580 4185369 1 706
8198 18580 4185379 1 709
8197 18580 4185389 1 712
8195 18580 4185399 1 714
8194 18580 4185409 1 719
8194 18580 4185419 1 724
8194 18581 4185429 1 730
8195 18581 4185439 1 737
8197 18580 4185449 1 754
8200 18580 4185459 1 761
8207 18581 4185469 1 775
8210 18582 4185479 1 787
8213 18583 4185489 1 799
8216 18585 4185499 1 813
8217 18586 4185509 1 829
8218 18588 4185519 1 845
8218 18590 4185529 1 862
8216 18592 4185539 1 879
8214 18594 4185549 1 896
8212 18596 4185559 1 914
8205 18601 4185569 1 966
8201 18603 4185579 1 983
8198 18605 4185589 1 999
8196 18607 4185599 1 1013
8194 18608 4185609 1 1022
8193 18608 4185619 1 1024
8192 18609 4185629 1 1024
8193 18609 4185639 1 1024
8193 18609 4185649 1 1024
8194 18610 4185659 1 1024
8198 18611 4185669 1 1024
8201 18611 4185679 1 1024
8205 18611 4185689 1 1024
8209 18612 4185699 1 1024
8214 18612 4185709 1 1011
8218 18612 4185719 1 989
8223 18611 4185729 1 962
8226 18611 4185739 1 929
8230 18610 4185749 1 892
8232 18609 4185759 1 850
8235 18606 4185769 1 802
8235 18605 4185779 1 749
8235 18604 4185789 1 690
8234 18602 4185799 1 630
8234 18601 4185809 1 565
8233 18600 4185819 1 498
8232 18598 4185829 1 361
8231 18597 4185839 1 291
8230 18596 4185849 1 221
8229 18595 4185859 1 153
8228 18594 4185869 1 22
8227 18594 4185879 0 0
8228 18594 4185889 0 0
8228 18595 4185899 0 0
8229 18595 4185909 0 0
8230 18596 4185919 0 0
8232 18596 4185929 0 0
8233 18596 4185939 0 0
8234 18597 4185949 0 0
8234 18597 4185959 0 0
8234 18596 4185969 0 0
8234 18596 4185979 0 0
8234 18595 4185989 0 0
8233 18594 4185999 0 0
8233 18593 4186009 0 0
8232 18592 4186019 0 0
8233 18590 4186029 1 29
8233 18589 4186039 1 132
8234 18587 4186049 1 244
8235 18585 4186059 1 361
8239 18581 4186069 1 600
8240 18579 4186079 1 713
8242 18578 4186089 1 817
8244 18576 4186099 1 912
8246 18575 4186109 1 990
8247 18573 4186119 1 1024
8249 18572 4186129 1 1024
8252 18572 4186139 1 1024
8254 18571 4186149 1 1024
8258 18571 4186159 1 1024
8265 18571 4186169 1 1024
8269 18572 4186179 1 1024
8273 18573 4186189 1 1024
8276 18574 4186199 1 1024
8278 18576 4186209 1 1024
8279 18577 4186219 1 1024
8279 18579 4186229 1 1024
8278 18581 4186239 1 1024
8276 18583 4186249 1 1024
8273 18585 4186259 1 1011
8266 18589 4186269 1 970
8261 18592 4186279 1 956
8257 18594 4186289 1 947
8253 18597 4186299 1 946
8250 18599 4186309 1 951
8246 18601 4186319 1 963
8244 18603 4186329 1 997
8242 18605 4186339 1 1021
8240 18606 4186349 1 1024
8239 18607 4186359 1 1024
8237 18607 4186369 1 1024
8236 18607 4186379 1 1024
8234 18606 4186389 1 1024
8232 18605 4186399 1 1024
8230 18603 4186409 1 1024
8227 18601 4186419 1 1024
8225 18599 4186429 1 1024
8223 18597 4186439 1 1024
8221 18595 4186449 1 1024
8220 18593 4186459 1 1024
8218 18591 4186469 1 1024
8218 18590 4186479 1 1024
8219 18589 4186489 1 1024
8219 18589 4186499 1 1024
8221 18589 4186509 1 1024
8223 18590 4186519 1 1024
8226 18590 4186529 1 994
8229 18591 4186539 1 952
8232 18591 4186549 1 904
8236 18592 4186559 1 802
8244 18593 4186569 1 578
8249 18593 4186579 1 347
8253 18593 4186589 1 237
8257 18592 4186599 1 134
8260 18592 4186609 1 43
8263 18590 4186619 0 0
8265 18589 4186629 0 0
8266 18587 4186639 0 0
8265 18584 4186649 0 0
8264 18581 4186659 0 0
8257 18575 4186669 0 0
8253 18573 4186679 0 0
8249 18571 4186689 0 0
8245 18570 4186699 0 0
8241 18569 4186709 0 0
8238 18569 4186719 0 0
8236 18570 4186729 0 0
8235 18571 4186739 0 0
8235 18573 4186749 0 0
8237 18576 4186759 0 0
8247 18583 4186769 0 0
8253 18587 4186779 1 9
8260 18592 4186789 1 64
8267 18596 4186799 1 122
8274 18600 4186809 1 180
8281 18603 4186819 1 236
8286 18607 4186829 1 333
8290 18610 4186839 1 371
8292 18612 4186849 1 397
8292 18614 4186859 1 411
8287 18618 4186869 1 390
8282 18619 4186879 1 353
8277 18620 4186889 1 291
8271 18620 4186899 1 206
8265 18620 4186909 1 105
8261 18620 4186919 0 0
8257 18620 4186929 0 0
8255 18619 4186939 0 0
8254 18619 4186949 0 0
8255 18618 4186959 0 0
8258 18618 4186969 0 0
8260 18618 4186979 1 3
8262 18618 4186989 1 14
8264 18618 4186999 1 35
8265 18619 4187009 1 70
8266 18619 4187019 1 123
8268 18620 4187029 1 196
8269 18621 4187039 1 293
8272 18621 4187049 1 418
8275 18622 4187059 1 574
8284 18623 4187069 1 765
