7983 18678 3943257 1 569
7983 18678 3943267 1 613
7983 18678 3943277 1 641
7983 18678 3943287 1 656
7983 18678 3943297 1 662
7983 18678 3943307 1 664
7983 18677 3943317 1 665
7983 18677 3943327 1 669
7984 18677 3943337 1 671
7984 18677 3943347 1 667
7984 18677 3943357 1 653
7985 18675 3943367 1 626
7987 18672 3943377 1 592
7988 18671 3943387 1 568
7990 18669 3943397 1 548
7994 18664 3943407 1 499
7999 18658 3943417 1 384
8005 18652 3943427 1 323
8010 18645 3943437 1 261
8016 18638 3943447 1 230
8020 18632 3943457 1 201
8024 18626 3943467 1 141
8026 18621 3943477 1 86
8026 18617 3943487 1 35
8023 18615 3943497 0 0
8019 18614 3943507 0 0
8016 18613 3943517 0 0
8012 18614 3943527 0 0
8005 18617 3943537 0 0
7997 18621 3943547 0 0
7989 18627 3943557 0 0
7983 18635 3943567 0 0
7978 18643 3943577 0 0
7975 18651 3943587 0 0
7973 18660 3943597 0 0
7974 18668 3943607 0 0
7975 18675 3943617 0 0
7978 18681 3943627 0 0
7982 18687 3943637 0 0
7984 18690 3943647 0 0
7987 18692 3943657 0 0
7993 18696 3943667 0 0
8000 18698 3943677 0 0
8006 18699 3943687 1 27
8012 18698 3943697 1 79
8017 18695 3943707 1 137
8021 18691 3943717 1 268
8023 18687 3943727 1 339
8024 18682 3943737 1 412
8023 18677 3943747 1 486
8022 18672 3943757 1 558
8020 18667 3943767 1 628
8019 18665 3943777 1 663
8018 18662 3943787 1 694
8017 18658 3943797 1 757
8015 18654 3943807 1 813
8015 18650 3943817 1 839
8015 18648 3943827 1 861
8017 18646 3943837 1 903
8019 18644 3943847 1 933
8023 18644 3943857 1 953
8027 18643 3943867 1 958
8031 18643 3943877 1 953
8035 18643 3943887 1 947
8039 18643 3943897 1 938
8040 18643 3943907 1 932
8041 18643 3943917 1 927
8041 18642 3943927 1 916
8041 18641 3943937 1 903
8039 18640 3943947 1 890
8035 18638 3943957 1 875
8031 18637 3943967 1 862
8027 18635 3943977 1 848
8023 18633 3943987 1 833
8020 18632 3943997 1 829
8017 18631 3944007 1 819
8017 18630 3944017 1 791
8018 18629 3944027 1 779
8019 18629 3944037 1 775
8022 18629 3944047 1 769
8028 18628 3944057 1 759
8036 18628 3944067 1 751
8045 18629 3944077 1 744
8056 18629 3944087 1 740
8066 18629 3944097 1 737
8075 18629 3944107 1 736
8082 18629 3944117 1 737
8086 18628 3944127 1 739
8086 18628 3944137 1 741
8084 18627 3944147 1 743
8079 18626 3944157 1 749
8076 18625 3944167 1 751
8072 18625 3944177 1 751
8063 18623 3944187 1 751
8052 18621 3944197 1 751
8042 18619 3944207 1 754
8033 18617 3944217 1 754
8025 18616 3944227 1 755
8020 18615 3944237 1 756
8017 18614 3944247 1 756
8018 18614 3944257 1 757
8021 18614 3944267 1 758
8026 18614 3944277 1 757
8033 18616 3944287 1 758
8037 18616 3944297 1 759
8042 18617 3944307 1 759
8050 18620 3944317 1 760
8058 18622 3944327 1 762
8064 18625 3944337 1 763
8069 18628 3944347 1 765
8071 18631 3944357 1 766
8072 18634 3944367 1 766
8070 18636 3944377 1 767
8067 18637 3944387 1 769
8064 18638 3944397 1 770
8060 18639 3944407 1 772
8056 18639 3944417 1 774
8054 18639 3944427 1 774
8053 18639 3944437 1 775
8050 18638 3944447 1 777
8049 18638 3944457 1 778
8048 18637 3944467 1 778
8048 18636 3944477 1 779
8048 18635 3944487 1 779
8049 18635 3944497 1 778
8049 18634 3944507 1 777
8048 18634 3944517 1 775
8046 18634 3944527 1 773
8044 18634 3944537 1 771
8041 18634 3944547 1 770
8040 18635 3944557 1 770
8038 18635 3944567 1 768
8035 18636 3944577 1 765
8031 18636 3944587 1 761
8028 18637 3944597 1 758
8026 18638 3944607 1 754
8024 18638 3944617 1 747
8023 18639 3944627 1 743
8023 18639 3944637 1 739
8023 18639 3944647 1 734
8024 18638 3944657 1 731
8024 18638 3944667 1 726
8026 18637 3944677 1 723
8026 18636 3944687 1 721
8027 18636 3944697 1 719
8027 18635 3944707 1 716
8028 18633 3944717 1 713
8027 18632 3944727 1 710
8027 18631 3944737 1 708
8025 18629 3944747 1 707
8023 18628 3944757 1 706
8021 18627 3944767 1 702
8018 18626 3944777 1 701
8016 18626 3944787 1 701
8013 18625 3944797 1 702
8011 18624 3944807 1 703
8011 18624 3944817 1 703
8010 18624 3944827 1 703
8010 18624 3944837 1 706
8010 18624 3944847 1 709
8011 18624 3944857 1 712
8013 18624 3944867 1 717
8016 18624 3944877 1 722
8020 18624 3944887 1 728
8024 18624 3944897 1 735
8029 18625 3944907 1 752
8036 18625 3944917 1 759
8042 18626 3944927 1 762
8050 18626 3944937 1 773
8053 18627 3944947 1 779
8057 18628 3944957 1 785
8064 18629 3944967 1 798
8071 18630 3944977 1 811
8076 18632 3944987 1 827
8081 18633 3944997 1 843
8084 18635 3945007 1 861
8085 18636 3945017 1 877
8085 18637 3945027 1 895
8083 18639 3945037 1 914
8079 18641 3945047 1 931
8074 18642 3945057 1 966
8069 18644 3945067 1 982
8066 18644 3945077 1 989
8063 18645 3945087 1 998
8058 18646 3945097 1 1012
8053 18647 3945107 1 1021
8050 18647 3945117 1 1024
8049 18647 3945127 1 1024
8049 18647 3945137 1 1024
8050 18647 3945147 1 1024
8052 18647 3945157 1 1024
8056 18647 3945167 1 1024
8059 18647 3945177 1 1024
8064 18647 3945187 1 1024
8068 18647 3945197 1 1024
8070 18646 3945207 1 1024
8071 18646 3945217 1 1024
8074 18646 3945227 1 1005
8075 18646 3945237 1 983
8076 18645 3945247 1 956
8076 18645 3945257 1 923
8075 18644 3945267 1 887
8073 18644 3945277 1 845
8072 18643 3945287 1 823
8072 18643 3945297 1 798
8072 18643 3945307 1 745
8073 18642 3945317 1 688
8074 18642 3945327 1 629
8075 18641 3945337 1 594
8076 18641 3945347 1 565
8079 18640 3945357 1 500
8082 18639 3945367 1 367
8085 18638 3945377 1 300
8088 18637 3945387 1 232
8090 18636 3945397 1 166
8092 18635 3945407 1 102
8092 18635 3945417 1 40
8092 18635 3945427 0 0
8092 18635 3945437 0 0
8090 18636 3945447 0 0
8088 18636 3945457 0 0
8088 18636 3945467 0 0
8087 18637 3945477 0 0
8085 18637 3945487 0 0
8083 18638 3945497 0 0
8082 18638 3945507 0 0
8082 18638 3945517 0 0
8081 18638 3945527 0 0
8081 18638 3945537 0 0
8081 18637 3945547 0 0
8081 18637 3945557 0 0
8081 18636 3945567 0 0
8080 18635 3945577 0 0
8078 18633 3945587 0 0
8078 18633 3945597 0 0
8077 18632 3945607 1 54
8075 18631 3945617 1 153
8073 18630 3945627 1 260
8071 18629 3945637 1 372
8070 18627 3945647 1 486
8070 18626 3945657 1 600
8071 18625 3945667 1 707
8073 18625 3945677 1 806
8076 18624 3945687 1 896
8080 18624 3945697 1 970
8083 18623 3945707 1 1024
8087 18623 3945717 1 1024
8088 18623 3945727 1 1024
8090 18623 3945737 1 1024
8092 18623 3945747 1 1024
8093 18623 3945757 1 1024
8094 18623 3945767 1 1024
8093 18623 3945777 1 1024
8092 18624 3945787 1 1024
8091 18624 3945797 1 1024
8090 18625 3945807 1 1024
8088 18626 3945817 1 1024
8087 18627 3945827 1 1024
8087 18629 3945837 1 1024
8087 18629 3945847 1 1024
8088 18630 3945857 1 1023
8088 18630 3945867 1 1009
8090 18631 3945877 1 985
8092 18632 3945887 1 963
8095 18632 3945897 1 945
8097 18633 3945907 1 932
8099 18634 3945917 1 924
8100 18635 3945927 1 923
8100 18636 3945937 1 927
8099 18637 3945947 1 938
8098 18639 3945957 1 969
8095 18640 3945967 1 992
8092 18642 3945977 1 1016
8090 18642 3945987 1 1024
8087 18643 3945997 1 1024
8082 18644 3946007 1 1024
8077 18646 3946017 1 1024
8072 18647 3946027 1 1024
8066 18647 3946037 1 1024
8061 18647 3946047 1 1024
8057 18647 3946057 1 1024
8053 18647 3946067 1 1024
8051 18645 3946077 1 1024
8050 18644 3946087 1 1024
8051 18642 3946097 1 1024
8053 18640 3946107 1 1024
8054 18640 3946117 1 1024
8056 18639 3946127 1 1024
8060 18638 3946137 1 1024
8064 18636 3946147 1 1024
8068 18636 3946157 1 1024
8072 18635 3946167 1 1024
8076 18635 3946177 1 1024
8080 18635 3946187 1 1024
8082 18636 3946197 1 962
8084 18637 3946207 1 922
8084 18637 3946217 1 879
8084 18638 3946227 1 784
8083 18639 3946237 1 684
8083 18639 3946247 1 659
8083 18640 3946257 1 579
8083 18640 3946267 1 368
8084 18640 3946277 1 268
8085 18639 3946287 1 174
8088 18638 3946297 1 91
8091 18637 3946307 1 20
8096 18635 3946317 0 0
8101 18632 3946327 0 0
8107 18630 3946337 0 0
8113 18627 3946347 0 0
8118 18625 3946357 0 0
8124 18623 3946367 0 0
8127 18622 3946377 0 0
8129 18621 3946387 0 0
8133 18620 3946397 0 0
8136 18619 3946407 0 0
8138 18620 3946417 0 0
8139 18620 3946427 0 0
8139 18621 3946437 0 0
8139 18623 3946447 0 0
8139 18625 3946457 0 0
8138 18627 3946467 0 0
8138 18630 3946477 0 0
8139 18633 3946487 1 21
8139 18636 3946497 1 67
8140 18639 3946507 1 116
8142 18641 3946517 1 169
8144 18643 3946527 1 221
8146 18644 3946537 1 272
8148 18645 3946547 1 360
8151 18646 3946557 1 394
8153 18647 3946567 1 417
8154 18647 3946577 1 429
8155 18648 3946587 1 429
8154 18649 3946597 1 412
8152 18650 3946607 1 378
8148 18652 3946617 1 322
8143 18653 3946627 1 247
8137 18655 3946637 1 148
8130 18656 3946647 1 22
8123 18657 3946657 0 0
8116 18659 3946667 0 0
8110 18660 3946677 0 0
8105 18660 3946687 0 0
8102 18661 3946697 0 0
8100 18660 3946707 0 0
8100 18660 3946717 1 2
8102 18659 3946727 1 11
8104 18658 3946737 1 30
8106 18657 3946747 1 62
8108 18655 3946757 1 111
8110 18654 3946767 1 180
8111 18653 3946777 1 273
8111 18651 3946787 1 393
8109 18650 3946797 1 545
8107 18650 3946807 1 730
8105 18649 3946817 1 954
