7718 17623 2300451 1 656
7718 17623 2300461 1 656
7718 17624 2300471 1 656
7719 17625 2300481 1 656
7722 17626 2300491 1 656
7726 17627 2300501 1 656
7732 17629 2300511 1 656
7738 17631 2300521 1 657
7744 17633 2300531 1 658
7750 17635 2300541 1 658
7755 17637 2300551 1 659
7758 17639 2300561 1 660
7761 17640 2300571 1 662
7763 17640 2300581 1 664
7765 17641 2300591 1 665
7765 17641 2300601 1 667
7765 17641 2300611 1 668
7764 17640 2300621 1 670
7763 17640 2300631 1 671
7761 17638 2300641 1 673
7759 17637 2300651 1 674
7757 17635 2300661 1 675
7755 17633 2300671 1 677
7754 17630 2300681 1 679
7752 17627 2300691 1 682
7752 17624 2300701 1 683
7751 17620 2300711 1 685
7751 17616 2300721 1 687
7750 17612 2300731 1 688
7750 17608 2300741 1 691
7749 17604 2300751 1 693
7748 17600 2300761 1 694
7746 17596 2300771 1 696
7744 17592 2300781 1 697
7742 17587 2300791 1 699
7739 17583 2300801 1 701
7736 17579 2300811 1 702
7733 17575 2300821 1 703
7729 17571 2300831 1 704
7726 17567 2300841 1 704
7721 17563 2300851 1 705
7717 17559 2300861 1 706
7712 17556 2300871 1 706
7707 17552 2300881 1 707
7702 17549 2300891 1 707
7697 17546 2300901 1 707
7692 17542 2300911 1 707
7687 17540 2300921 1 707
7682 17537 2300931 1 707
7677 17535 2300941 1 705
7673 17534 2300951 1 704
7669 17533 2300961 1 703
7666 17533 2300971 1 702
7663 17533 2300981 1 699
7661 17535 2300991 1 698
7660 17536 2301001 1 696
7659 17539 2301011 1 694
7658 17541 2301021 1 691
7658 17545 2301031 1 690
7658 17548 2301041 1 689
7658 17551 2301051 1 688
7658 17555 2301061 1 687
7659 17558 2301071 1 685
7659 17561 2301081 1 684
7660 17564 2301091 1 683
7662 17566 2301101 1 683
7664 17569 2301111 1 684
7666 17572 2301121 1 685
7669 17575 2301131 1 686
7673 17577 2301141 1 688
7677 17578 2301151 1 692
7681 17579 2301161 1 702
7686 17579 2301171 1 708
7692 17579 2301181 1 715
7698 17577 2301191 1 724
7705 17576 2301201 1 734
7712 17574 2301211 1 744
7719 17571 2301221 1 756
7727 17568 2301231 1 769
7733 17564 2301241 1 775
7740 17560 2301251 1 782
7745 17556 2301261 1 795
7749 17551 2301271 1 810
7752 17546 2301281 1 824
7755 17541 2301291 1 839
7756 17537 2301301 1 853
7757 17532 2301311 1 868
7756 17528 2301321 1 881
7755 17523 2301331 1 894
7753 17519 2301341 1 907
7750 17514 2301351 1 918
7747 17510 2301361 1 929
7744 17507 2301371 1 939
7740 17503 2301381 1 948
7737 17501 2301391 1 955
7734 17499 2301401 1 961
7731 17497 2301411 1 964
7728 17496 2301421 1 966
7727 17495 2301431 1 967
7726 17494 2301441 1 966
7725 17493 2301451 1 964
7725 17493 2301461 1 960
7725 17493 2301471 1 953
7726 17492 2301481 1 944
7728 17492 2301491 1 931
7730 17492 2301501 1 917
7733 17491 2301511 1 899
7737 17491 2301521 1 878
7741 17491 2301531 1 853
7745 17491 2301541 1 825
7749 17492 2301551 1 794
7753 17492 2301561 1 759
7756 17493 2301571 1 720
7762 17496 2301581 1 632
7764 17498 2301591 1 582
7766 17499 2301601 1 529
7767 17501 2301611 1 474
7768 17503 2301621 1 417
7768 17505 2301631 1 388
7767 17507 2301641 1 357
7766 17508 2301651 1 295
7764 17510 2301661 1 231
7762 17512 2301671 1 166
7760 17514 2301681 1 98
7757 17515 2301691 1 30
7754 17517 2301701 0 0
7751 17519 2301711 0 0
7747 17520 2301721 0 0
7744 17522 2301731 0 0
7740 17524 2301741 0 0
7736 17525 2301751 0 0
7733 17527 2301761 0 0
7730 17528 2301771 0 0
7727 17530 2301781 0 0
7725 17531 2301791 0 0
7723 17532 2301801 0 0
7723 17533 2301811 0 0
7723 17534 2301821 0 0
7723 17536 2301831 0 0
7724 17537 2301841 0 0
7726 17538 2301851 0 0
7728 17539 2301861 0 0
7731 17540 2301871 0 0
7734 17541 2301881 0 0
7737 17542 2301891 0 0
7740 17543 2301901 0 0
7743 17544 2301911 0 0
7747 17546 2301921 0 0
7750 17547 2301931 0 0
7754 17549 2301941 0 0
7757 17550 2301951 0 0
7761 17551 2301961 0 0
7764 17552 2301971 0 0
7767 17553 2301981 0 0
7770 17553 2301991 0 0
7772 17553 2302001 0 0
7775 17553 2302011 0 0
7777 17552 2302021 0 0
7780 17552 2302031 0 0
7782 17552 2302041 0 0
7785 17551 2302051 0 0
7788 17551 2302061 0 0
7791 17551 2302071 0 0
7795 17552 2302081 0 0
7799 17552 2302091 0 0
7802 17552 2302101 0 0
7806 17551 2302111 0 0
7811 17551 2302121 0 0
7815 17550 2302131 0 0
7819 17550 2302141 0 0
7824 17550 2302151 0 0
7828 17549 2302161 0 0
7832 17549 2302171 0 0
7835 17549 2302181 0 0
7839 17549 2302191 0 0
7842 17549 2302201 0 0
7844 17549 2302211 1 77
7846 17549 2302221 1 248
7847 17550 2302231 1 339
7848 17551 2302241 1 432
7848 17551 2302251 1 624
7847 17552 2302261 1 827
7845 17553 2302271 1 828
7843 17554 2302281 0 0
7840 17555 2302291 0 0
7836 17555 2302301 0 0
7832 17555 2302311 0 0
7828 17555 2302321 0 0
7823 17555 2302331 0 0
7819 17555 2302341 0 0
7815 17555 2302351 0 0
7811 17555 2302361 0 0
7808 17554 2302371 0 0
7805 17554 2302381 0 0
7802 17554 2302391 0 0
7800 17554 2302401 0 0
7798 17554 2302411 0 0
7797 17553 2302421 0 0
7796 17553 2302431 0 0
7796 17552 2302441 0 0
7796 17551 2302451 0 0
7796 17550 2302461 0 0
7797 17549 2302471 0 0
7797 17547 2302481 0 0
7796 17545 2302491 0 0
7796 17544 2302501 0 0
7795 17542 2302511 0 0
7794 17540 2302521 0 0
7792 17538 2302531 0 0
7790 17537 2302541 0 0
7788 17535 2302551 0 0
7785 17533 2302561 0 0
7782 17531 2302571 0 0
7779 17529 2302581 0 0
7776 17527 2302591 0 0
7773 17525 2302601 0 0
7770 17524 2302611 0 0
7767 17522 2302621 0 0
7765 17521 2302631 0 0
7763 17521 2302641 0 0
7761 17521 2302651 0 0
7760 17521 2302661 0 0
7758 17522 2302671 0 0
7758 17523 2302681 0 0
7758 17524 2302691 0 0
7757 17526 2302701 0 0
7758 17529 2302711 0 0
7759 17530 2302721 0 0
7760 17531 2302731 0 0
7762 17531 2302741 0 0
7764 17531 2302751 0 0
7767 17532 2302761 1 28
7770 17532 2302771 1 331
7773 17532 2302781 1 615
7776 17532 2302791 1 880
7779 17533 2302801 1 1024
7782 17534 2302811 1 1024
7785 17535 2302821 1 1019
7787 17537 2302831 1 1024
7789 17539 2302841 1 1024
7791 17541 2302851 1 1024
7793 17542 2302861 1 1024
7794 17544 2302871 1 1024
7796 17546 2302881 1 1024
7797 17548 2302891 1 1024
7798 17549 2302901 1 1024
7799 17551 2302911 1 1024
7800 17553 2302921 1 1024
7800 17555 2302931 1 1024
7800 17557 2302941 1 1024
7800 17558 2302951 1 1024
7799 17560 2302961 1 1024
7799 17561 2302971 1 1024
7798 17562 2302981 1 1024
7798 17562 2302991 1 1024
7798 17563 2303001 1 1024
7798 17563 2303011 1 1024
7798 17563 2303021 1 1024
7799 17563 2303031 1 1024
7799 17563 2303041 1 1023
7800 17563 2303051 1 1024
7800 17562 2303061 1 1024
7801 17562 2303071 1 1023
7802 17561 2303081 1 1023
7802 17560 2303091 1 1024
7802 17559 2303101 1 1024
7802 17557 2303111 1 1023
7802 17555 2303121 1 1023
7801 17553 2303131 1 1023
7799 17552 2303141 1 1024
7798 17550 2303151 1 1023
7796 17549 2303161 1 1023
7794 17547 2303171 1 1023
7792 17546 2303181 1 1024
7790 17546 2303191 1 1023
7788 17546 2303201 1 1023
7786 17546 2303211 1 975
7784 17546 2303221 1 945
7782 17546 2303231 1 920
7780 17547 2303241 1 872
7778 17547 2303251 1 831
7776 17548 2303261 1 797
7774 17549 2303271 1 768
7773 17550 2303281 1 745
7772 17551 2303291 1 715
7771 17551 2303301 1 707
7770 17552 2303311 1 703
7769 17553 2303321 1 703
7769 17554 2303331 1 706
7769 17554 2303341 1 713
7769 17555 2303351 1 722
7769 17555 2303361 1 734
7769 17555 2303371 1 748
7770 17556 2303381 1 764
7770 17556 2303391 1 780
7771 17556 2303401 1 798
7772 17555 2303411 1 817
7773 17555 2303421 1 826
7774 17555 2303431 1 835
7775 17554 2303441 1 853
7776 17553 2303451 1 871
7778 17553 2303461 1 888
7779 17552 2303471 1 903
7779 17551 2303481 1 918
7780 17550 2303491 1 929
7781 17550 2303501 1 940
7782 17550 2303511 1 946
7783 17549 2303521 1 950
7785 17549 2303531 1 950
7786 17550 2303541 1 952
7788 17550 2303551 1 953
7789 17550 2303561 1 954
7791 17551 2303571 1 955
7793 17551 2303581 1 956
7794 17551 2303591 1 957
7796 17552 2303601 1 958
7797 17551 2303611 1 959
7798 17551 2303621 1 961
7798 17551 2303631 1 968
7798 17550 2303641 1 984
7798 17550 2303651 1 1007
7798 17550 2303661 1 1024
7797 17550 2303671 1 1024
7797 17549 2303681 1 1024
7797 17550 2303691 1 1024
7796 17550 2303701 1 1024
7796 17550 2303711 1 1024
7795 17551 2303721 1 1024
7794 17551 2303731 1 1024
7793 17551 2303741 1 1024
7792 17552 2303751 1 1024
7792 17552 2303761 1 1024
7791 17552 2303771 1 1024
7790 17552 2303781 1 1024
7790 17552 2303791 1 1024
7790 17552 2303801 1 1024
7789 17552 2303811 1 1024
7789 17552 2303821 1 1024
7789 17551 2303831 1 1024
7789 17550 2303841 1 1024
7789 17550 2303851 1 1024
7788 17549 2303861 1 1024
7788 17548 2303871 1 1024
7789 17547 2303881 1 1024
7789 17546 2303891 1 1024
7790 17544 2303901 1 1024
7791 17542 2303911 1 962
7793 17540 2303921 1 811
7795 17538 2303931 1 641
7797 17536 2303941 1 448
7800 17534 2303951 0 0
7803 17532 2303961 0 0
7805 17531 2303971 0 0
7809 17529 2303981 0 0
7812 17528 2303991 0 0
7815 17528 2304001 0 0
7819 17528 2304011 0 0
7822 17528 2304021 0 0
7825 17529 2304031 0 0
7828 17530 2304041 0 0
7831 17531 2304051 0 0
7833 17532 2304061 0 0
7835 17533 2304071 0 0
7836 17535 2304081 1 10
7837 17537 2304091 1 38
7838 17539 2304101 1 81
7837 17541 2304111 1 133
7837 17543 2304121 1 194
7836 17544 2304131 1 260
7834 17546 2304141 1 331
7832 17548 2304151 1 402
7830 17550 2304161 1 472
7827 17552 2304171 1 538
7824 17554 2304181 1 598
7821 17556 2304191 1 650
7818 17557 2304201 1 690
7814 17559 2304211 1 708
7811 17559 2304221 1 718
7808 17560 2304231 1 730
7805 17560 2304241 1 724
7802 17560 2304251 1 698
7799 17559 2304261 1 648
7797 17559 2304271 1 574
7795 17558 2304281 1 472
7793 17558 2304291 1 341
7792 17557 2304301 1 192
7792 17556 2304311 1 79
7792 17554 2304321 0 0
7792 17553 2304331 0 0
7793 17552 2304341 0 0
7794 17550 2304351 0 0
7796 17549 2304361 0 0
7797 17548 2304371 0 0
7800 17547 2304381 0 0
7802 17546 2304391 0 0
7806 17545 2304401 0 0
7809 17545 2304411 0 0
7813 17544 2304421 0 0
7816 17544 2304431 0 0
7819 17543 2304441 0 0
7823 17543 2304451 1 5
7826 17542 2304461 1 28
7829 17542 2304471 1 59
7832 17540 2304481 1 101
7834 17539 2304491 1 150
7836 17538 2304501 1 207
7838 17536 2304511 1 268
7840 17533 2304521 1 335
7841 17531 2304531 1 403
7842 17529 2304541 1 475
7843 17527 2304551 1 547
7844 17525 2304561 1 618
7845 17523 2304571 1 687
7846 17522 2304581 1 753
7847 17522 2304591 1 815
7847 17521 2304601 1 871
7847 17521 2304611 1 898
7847 17521 2304621 1 920
7847 17521 2304631 1 963
7846 17521 2304641 1 994
7846 17521 2304651 1 1016
7846 17521 2304661 1 1024
7845 17521 2304671 1 1024
7844 17521 2304681 1 1024
7844 17522 2304691 1 1024
7843 17522 2304701 1 1012
7842 17523 2304711 1 892
7841 17523 2304721 1 829
7841 17524 2304731 1 765
7841 17526 2304741 1 701
7841 17527 2304751 1 637
7842 17529 2304761 1 571
7842 17531 2304771 1 507
7843 17534 2304781 1 445
7843 17537 2304791 1 382
7843 17539 2304801 1 323
7842 17542 2304811 1 293
7842 17545 2304821 1 265
7841 17549 2304831 1 211
7840 17552 2304841 1 159
7840 17554 2304851 1 112
7839 17557 2304861 1 68
7838 17560 2304871 1 29
7838 17562 2304881 0 0
7838 17564 2304891 0 0
7838 17565 2304901 0 0
7839 17566 2304911 0 0
7840 17567 2304921 0 0
7840 17567 2304931 0 0
7841 17567 2304941 0 0
7843 17567 2304951 0 0
7844 17567 2304961 0 0
7848 17566 2304971 0 0
7850 17566 2304981 0 0
7852 17565 2304991 0 0
7853 17565 2305001 0 0
7855 17564 2305011 0 0
7856 17564 2305021 1 11
7858 17563 2305031 1 39
7859 17562 2305041 1 70
7859 17562 2305051 1 103
7859 17561 2305061 1 138
7859 17560 2305071 1 176
7858 17559 2305081 1 214
7857 17558 2305091 1 255
7855 17557 2305101 1 297
7854 17556 2305111 1 341
7852 17555 2305121 1 385
7851 17554 2305131 1 430
7849 17553 2305141 1 475
7847 17553 2305151 1 522
7846 17553 2305161 1 568
7844 17553 2305171 1 615
7843 17553 2305181 1 660
7842 17553 2305191 1 705
7841 17553 2305201 1 728
7840 17553 2305211 1 751
7839 17553 2305221 1 795
7838 17553 2305231 1 839
7837 17554 2305241 1 880
7837 17554 2305251 1 921
7836 17554 2305261 1 960
7835 17553 2305271 1 998
7835 17553 2305281 1 1024
7834 17552 2305291 1 1024
7834 17551 2305301 1 1024
7833 17551 2305311 1 1024
7833 17550 2305321 1 1024
7832 17549 2305331 1 1024
7832 17549 2305341 1 1024
7831 17548 2305351 1 1024
7831 17548 2305361 1 1024
7830 17548 2305371 1 1024
7830 17547 2305381 1 1024
7830 17547 2305391 1 1024
7830 17548 2305401 1 1024
7830 17548 2305411 1 1024
7831 17550 2305421 1 1024
7831 17551 2305431 1 1024
7831 17553 2305441 1 1024
7832 17554 2305451 1 1024
7833 17556 2305461 1 1024
7834 17558 2305471 1 1024
7835 17560 2305481 1 1024
7836 17561 2305491 1 1024
7837 17563 2305501 1 1024
7839 17565 2305511 1 1024
7841 17566 2305521 1 1024
7843 17567 2305531 1 1024
7846 17567 2305541 1 1024
7849 17568 2305551 1 1024
7852 17568 2305561 1 1024
7855 17568 2305571 1 1024
7858 17567 2305581 1 1024
7862 17566 2305591 1 1024
7865 17565 2305601 1 1024
7869 17564 2305611 1 1024
7872 17562 2305621 1 1024
7874 17560 2305631 1 1024
7877 17558 2305641 1 1024
7879 17556 2305651 1 1024
7880 17554 2305661 1 1024
7881 17552 2305671 1 1024
7882 17550 2305681 1 1024
7882 17548 2305691 1 1024
7882 17547 2305701 1 1024
7881 17546 2305711 1 1024
7881 17545 2305721 1 1024
7881 17545 2305731 1 1024
7881 17545 2305741 1 1024
7881 17545 2305751 1 1024
7882 17545 2305761 1 1024
7883 17545 2305771 1 1024
7883 17545 2305781 1 1024
7884 17546 2305791 1 1024
7884 17547 2305801 1 1024
7884 17547 2305811 1 1024
7884 17548 2305821 1 1024
7884 17549 2305831 1 1024
7884 17550 2305841 1 1024
7883 17551 2305851 1 1024
7882 17552 2305861 1 1024
7881 17553 2305871 1 1024
7880 17553 2305881 1 1024
7880 17554 2305891 1 1024
7879 17554 2305901 1 1024
7879 17555 2305911 1 1023
7879 17555 2305921 1 1024
7879 17556 2305931 1 1024
7879 17556 2305941 1 1024
7879 17557 2305951 1 1023
7879 17557 2305961 1 1023
7879 17558 2305971 1 1024
7879 17559 2305981 1 1024
7879 17560 2305991 1 1023
7879 17561 2306001 1 1023
7879 17562 2306011 1 1023
7879 17564 2306021 1 1024
7878 17565 2306031 1 1024
7878 17567 2306041 1 1023
7877 17568 2306051 1 1023
7876 17570 2306061 1 1023
7875 17572 2306071 1 1024
