7717 17899 8608739 1 650
7717 17899 8608749 1 650
7717 17899 8608759 1 650
7719 17899 8608769 1 650
7722 17900 8608779 1 650
7727 17900 8608789 1 650
7734 17901 8608799 1 650
7740 17902 8608809 1 651
7747 17903 8608819 1 652
7753 17904 8608829 1 652
7762 17906 8608839 1 654
7765 17907 8608849 1 657
7767 17907 8608859 1 658
7768 17908 8608869 1 659
7769 17908 8608879 1 661
7769 17908 8608889 1 662
7769 17907 8608899 1 664
7767 17906 8608909 1 665
7765 17905 8608919 1 666
7762 17903 8608929 1 667
7757 17899 8608939 1 670
7754 17896 8608949 1 672
7751 17893 8608959 1 675
7749 17890 8608969 1 676
7746 17887 8608979 1 678
7744 17884 8608989 1 680
7742 17880 8608999 1 681
7740 17876 8609009 1 683
7738 17871 8609019 1 685
7735 17866 8609029 1 686
7731 17857 8609039 1 689
7728 17852 8609049 1 692
7724 17847 8609059 1 693
7721 17843 8609069 1 694
7718 17839 8609079 1 695
7714 17835 8609089 1 696
7711 17831 8609099 1 696
7707 17828 8609109 1 697
7704 17825 8609119 1 698
7700 17822 8609129 1 698
7693 17816 8609139 1 699
7690 17814 8609149 1 699
7686 17812 8609159 1 699
7682 17811 8609169 1 699
7679 17810 8609179 1 699
7675 17809 8609189 1 697
7672 17808 8609199 1 696
7670 17809 8609209 1 695
7667 17809 8609219 1 694
7664 17810 8609229 1 692
7659 17813 8609239 1 689
7657 17815 8609249 1 687
7654 17817 8609259 1 684
7652 17820 8609269 1 683
7649 17823 8609279 1 682
7647 17826 8609289 1 681
7645 17829 8609299 1 680
7644 17832 8609309 1 679
7643 17835 8609319 1 678
7642 17838 8609329 1 677
7643 17843 8609339 1 678
7645 17845 8609349 1 679
7648 17848 8609359 1 680
7652 17849 8609369 1 682
7656 17850 8609379 1 685
7661 17850 8609389 1 695
7667 17850 8609399 1 701
7674 17849 8609409 1 707
7681 17847 8609419 1 716
7689 17845 8609429 1 725
7705 17840 8609439 1 746
7713 17836 8609449 1 758
7720 17832 8609459 1 764
7727 17828 8609469 1 771
7732 17823 8609479 1 783
7737 17818 8609489 1 797
7740 17813 8609499 1 811
7743 17808 8609509 1 824
7744 17802 8609519 1 838
7744 17797 8609529 1 852
7741 17785 8609539 1 877
7738 17780 8609549 1 889
7734 17774 8609559 1 900
7730 17769 8609569 1 910
7725 17764 8609579 1 920
7720 17759 8609589 1 928
7715 17755 8609599 1 935
7710 17751 8609609 1 940
7706 17747 8609619 1 943
7702 17744 8609629 1 945
7697 17738 8609639 1 946
7696 17737 8609649 1 944
7696 17735 8609659 1 940
7697 17734 8609669 1 933
7698 17733 8609679 1 925
7701 17733 8609689 1 913
7704 17733 8609699 1 900
7708 17733 8609709 1 883
7713 17734 8609719 1 863
7717 17735 8609729 1 839
7728 17739 8609739 1 784
7733 17742 8609749 1 750
7738 17745 8609759 1 713
7743 17748 8609769 1 673
7748 17751 8609779 1 630
7752 17755 8609789 1 582
7756 17758 8609799 1 532
7760 17761 8609809 1 480
7762 17763 8609819 1 425
7764 17766 8609829 1 398
7767 17771 8609839 1 308
7767 17774 8609849 1 248
7766 17776 8609859 1 185
7765 17779 8609869 1 121
7763 17781 8609879 1 56
7760 17783 8609889 1 23
7757 17786 8609899 1 23
7754 17788 8609909 1 23
7750 17790 8609919 1 22
7747 17792 8609929 1 22
7740 17796 8609939 1 21
7737 17797 8609949 1 22
7734 17798 8609959 1 22
7732 17800 8609969 1 21
7730 17801 8609979 1 21
7729 17802 8609989 1 21
7728 17803 8609999 1 20
7728 17803 8610009 1 20
7728 17804 8610019 1 21
7729 17805 8610029 1 21
7732 17807 8610039 1 20
7734 17808 8610049 1 20
7737 17810 8610059 1 19
7740 17810 8610069 1 19
7743 17811 8610079 1 20
7746 17812 8610089 1 19
7749 17813 8610099 1 19
7752 17813 8610109 1 19
7755 17814 8610119 1 18
7757 17814 8610129 1 18
7763 17814 8610139 1 18
7765 17814 8610149 1 18
7768 17814 8610159 1 18
7771 17815 8610169 1 18
7774 17815 8610179 1 17
7777 17815 8610189 1 17
7780 17815 8610199 1 17
7784 17815 8610209 1 18
7788 17815 8610219 1 17
7792 17815 8610229 1 17
7800 17816 8610239 1 16
7803 17816 8610249 1 16
7807 17816 8610259 1 16
7809 17816 8610269 1 16
7811 17816 8610279 1 16
7813 17816 8610289 1 16
7815 17816 8610299 1 15
7816 17816 8610309 1 15
7818 17815 8610319 1 15
7819 17815 8610329 1 14
7822 17815 8610339 1 15
7823 17815 8610349 1 93
7825 17816 8610359 1 259
7827 17816 8610369 1 347
7828 17816 8610379 1 436
7830 17816 8610389 1 623
7830 17816 8610399 1 820
7831 17816 8610409 1 821
7831 17815 8610419 1 14
7830 17815 8610429 1 13
7829 17814 8610439 1 13
7828 17813 8610449 1 13
7827 17812 8610459 1 13
7827 17811 8610469 1 13
7826 17811 8610479 1 12
7825 17810 8610489 1 12
7825 17809 8610499 1 12
7825 17808 8610509 1 12
7824 17808 8610519 1 12
7824 17807 8610529 1 12
7823 17807 8610539 1 11
7823 17806 8610549 1 11
7823 17806 8610559 1 11
7822 17805 8610569 1 12
7822 17805 8610579 1 11
7821 17804 8610589 1 11
7820 17803 8610599 1 11
7819 17802 8610609 1 10
7817 17802 8610619 1 10
7815 17801 8610629 1 10
7810 17799 8610639 1 10
7807 17798 8610649 1 10
7803 17796 8610659 1 9
7799 17795 8610669 1 9
7795 17794 8610679 1 9
7791 17792 8610689 1 8
7787 17791 8610699 1 9
7783 17790 8610709 1 9
7779 17789 8610719 1 8
7775 17789 8610729 1 8
7769 17788 8610739 1 8
7766 17788 8610749 1 8
7764 17788 8610759 1 8
7763 17788 8610769 1 8
7762 17788 8610779 1 7
7762 17788 8610789 1 7
7763 17788 8610799 1 7
7764 17789 8610809 1 6
7765 17789 8610819 1 7
7766 17790 8610829 1 7
7769 17791 8610839 1 6
7770 17792 8610849 1 6
7771 17793 8610859 1 37
7771 17794 8610869 1 335
7771 17795 8610879 1 615
7771 17796 8610889 1 875
7770 17797 8610899 1 1018
7770 17798 8610909 1 1018
7769 17799 8610919 1 1013
7768 17800 8610929 1 1019
7766 17801 8610939 1 1018
7766 17802 8610949 1 1018
7765 17803 8610959 1 1019
7765 17803 8610969 1 1019
7765 17804 8610979 1 1019
7764 17805 8610989 1 1019
7764 17806 8610999 1 1020
7765 17807 8611009 1 1020
7765 17808 8611019 1 1020
7766 17809 8611029 1 1019
7768 17811 8611039 1 1020
7770 17812 8611049 1 1020
7771 17812 8611059 1 1020
7772 17813 8611069 1 1020
7773 17813 8611079 1 1021
7775 17814 8611089 1 1021
7776 17815 8611099 1 1020
7778 17815 8611109 1 1020
7780 17815 8611119 1 1020
7782 17815 8611129 1 1021
7787 17816 8611139 1 1021
7790 17815 8611149 1 1021
7793 17815 8611159 1 1022
7795 17815 8611169 1 1021
7798 17814 8611179 1 1021
7800 17814 8611189 1 1021
7801 17813 8611199 1 1021
7801 17813 8611209 1 1022
7801 17812 8611219 1 1022
7800 17812 8611229 1 1022
7796 17811 8611239 1 1022
7794 17810 8611249 1 1022
7791 17810 8611259 1 1022
7788 17809 8611269 1 974
7785 17809 8611279 1 945
7782 17808 8611289 1 920
7779 17808 8611299 1 872
7776 17808 8611309 1 831
7773 17808 8611319 1 797
7771 17808 8611329 1 768
7767 17808 8611339 1 715
7765 17809 8611349 1 707
7764 17809 8611359 1 703
7763 17810 8611369 1 703
7763 17810 8611379 1 706
7763 17811 8611389 1 713
7762 17811 8611399 1 722
7763 17812 8611409 1 734
7763 17812 8611419 1 747
7763 17813 8611429 1 763
7764 17813 8611439 1 797
7765 17814 8611449 1 815
7766 17814 8611459 1 824
7768 17815 8611469 1 834
7769 17815 8611479 1 852
7772 17815 8611489 1 869
7774 17816 8611499 1 886
7776 17816 8611509 1 901
7779 17816 8611519 1 916
7781 17816 8611529 1 927
7786 17816 8611539 1 943
7789 17816 8611549 1 947
7792 17816 8611559 1 947
7795 17816 8611569 1 948
7797 17815 8611579 1 949
7800 17815 8611589 1 951
7803 17815 8611599 1 952
7805 17815 8611609 1 952
7807 17815 8611619 1 953
7809 17814 8611629 1 954
7812 17814 8611639 1 957
7813 17814 8611649 1 963
7813 17814 8611659 1 980
7813 17814 8611669 1 1002
7813 17814 8611679 1 1019
7813 17815 8611689 1 1018
7812 17815 8611699 1 1019
7811 17816 8611709 1 1019
7809 17816 8611719 1 1019
7808 17817 8611729 1 1018
7804 17818 8611739 1 1018
7802 17819 8611749 1 1018
7801 17820 8611759 1 1018
7799 17820 8611769 1 1018
7797 17821 8611779 1 1018
7796 17821 8611789 1 1018
7794 17821 8611799 1 1018
7793 17822 8611809 1 1017
7792 17822 8611819 1 1017
7791 17821 8611829 1 1017
7791 17821 8611839 1 1017
7792 17821 8611849 1 1017
7792 17820 8611859 1 1017
7793 17820 8611869 1 1017
7795 17819 8611879 1 1017
7796 17819 8611889 1 1017
7799 17819 8611899 1 1016
7801 17819 8611909 1 1016
7804 17819 8611919 1 954
7808 17819 8611929 1 807
7815 17818 8611939 1 451
7819 17818 8611949 1 9
7822 17818 8611959 1 9
7826 17818 8611969 1 9
7830 17818 8611979 1 9
7833 17818 8611989 1 10
7836 17818 8611999 1 10
7838 17818 8612009 1 10
7840 17819 8612019 1 10
7842 17818 8612029 1 10
7843 17818 8612039 1 11
7843 17818 8612049 1 11
7843 17818 8612059 1 11
7842 17818 8612069 1 25
7841 17818 8612079 1 52
7839 17818 8612089 1 94
7838 17817 8612099 1 145
7836 17817 8612109 1 204
7834 17817 8612119 1 269
7831 17817 8612129 1 337
7826 17817 8612139 1 475
7822 17817 8612149 1 539
7819 17817 8612159 1 598
7816 17817 8612169 1 648
7814 17818 8612179 1 687
7812 17818 8612189 1 705
7810 17818 8612199 1 714
7809 17818 8612209 1 725
7808 17819 8612219 1 720
7807 17819 8612229 1 695
7807 17819 8612239 1 574
7807 17819 8612249 1 475
7807 17819 8612259 1 349
7807 17819 8612269 1 205
7808 17819 8612279 1 95
7808 17819 8612289 1 15
7809 17819 8612299 1 15
7810 17819 8612309 1 14
7810 17818 8612319 1 15
7811 17818 8612329 1 15
7814 17816 8612339 1 16
7815 17815 8612349 1 16
7817 17814 8612359 1 16
7819 17813 8612369 1 16
7822 17811 8612379 1 16
7825 17809 8612389 1 16
7828 17807 8612399 1 16
7832 17806 8612409 1 26
7836 17804 8612419 1 48
7840 17802 8612429 1 79
7847 17799 8612439 1 166
7850 17798 8612449 1 221
7853 17796 8612459 1 280
7855 17795 8612469 1 344
7856 17794 8612479 1 410
7857 17793 8612489 1 479
7857 17792 8612499 1 548
7858 17791 8612509 1 617
7858 17790 8612519 1 683
7858 17790 8612529 1 746
7858 17789 8612539 1 860
7858 17789 8612549 1 885
7858 17789 8612559 1 906
7857 17789 8612569 1 947
7857 17789 8612579 1 977
7857 17789 8612589 1 998
7857 17789 8612599 1 1008
7857 17789 8612609 1 1008
7858 17788 8612619 1 1008
7858 17788 8612629 1 1007
7859 17788 8612639 1 879
7860 17789 8612649 1 819
7860 17789 8612659 1 757
7860 17790 8612669 1 696
7860 17791 8612679 1 635
7860 17791 8612689 1 572
7859 17792 8612699 1 510
7858 17793 8612709 1 451
7857 17794 8612719 1 391
7856 17795 8612729 1 335
7852 17797 8612739 1 280
7850 17799 8612749 1 228
7848 17800 8612759 1 179
7846 17801 8612769 1 134
7843 17803 8612779 1 92
7841 17805 8612789 1 55
7838 17807 8612799 1 24
7835 17808 8612809 1 24
7833 17810 8612819 1 24
7831 17812 8612829 1 24
7829 17816 8612839 1 24
7829 17818 8612849 1 25
7829 17820 8612859 1 25
7830 17822 8612869 1 25
7832 17824 8612879 1 26
7833 17826 8612889 1 25
7835 17827 8612899 1 25
7838 17829 8612909 1 26
7840 17830 8612919 1 24
7843 17831 8612929 1 26
7848 17832 8612939 1 68
7852 17833 8612949 1 97
7855 17833 8612959 1 128
7858 17833 8612969 1 162
7861 17833 8612979 1 197
7863 17833 8612989 1 234
7866 17833 8612999 1 273
7868 17833 8613009 1 313
7869 17832 8613019 1 354
7870 17832 8613029 1 396
7871 17830 8613039 1 481
7870 17829 8613049 1 525
7870 17828 8613059 1 569
7869 17827 8613069 1 613
7868 17826 8613079 1 656
7867 17825 8613089 1 698
7866 17824 8613099 1 720
7864 17823 8613109 1 742
7862 17822 8613119 1 783
7860 17822 8613129 1 824
7856 17821 8613139 1 902
7855 17821 8613149 1 939
7853 17821 8613159 1 974
7852 17820 8613169 1 1000
7850 17820 8613179 1 1000
7849 17820 8613189 1 999
7848 17819 8613199 1 999
7847 17819 8613209 1 1000
7846 17819 8613219 1 1000
7845 17819 8613229 1 999
7844 17818 8613239 1 999
7843 17818 8613249 1 999
7844 17818 8613259 1 998
7844 17818 8613269 1 998
7845 17818 8613279 1 998
7846 17818 8613289 1 998
7847 17818 8613299 1 998
7848 17818 8613309 1 998
7849 17818 8613319 1 998
7850 17818 8613329 1 998
7852 17817 8613339 1 997
7853 17817 8613349 1 997
7854 17817 8613359 1 997
7856 17817 8613369 1 997
7858 17817 8613379 1 996
7860 17818 8613389 1 996
7863 17818 8613399 1 997
7866 17818 8613409 1 997
7869 17819 8613419 1 997
7873 17820 8613429 1 996
7879 17821 8613439 1 996
7881 17821 8613449 1 996
7884 17821 8613459 1 996
7886 17822 8613469 1 995
7888 17822 8613479 1 995
7890 17822 8613489 1 995
7893 17823 8613499 1 996
7896 17823 8613509 1 995
7899 17823 8613519 1 995
7901 17823 8613529 1 995
7904 17823 8613539 1 994
7905 17823 8613549 1 994
7905 17823 8613559 1 994
7905 17823 8613569 1 994
7903 17823 8613579 1 994
7902 17823 8613589 1 993
7899 17823 8613599 1 994
7897 17822 8613609 1 994
7895 17822 8613619 1 994
7892 17822 8613629 1 993
7887 17821 8613639 1 993
7885 17821 8613649 1 993
7883 17821 8613659 1 992
7881 17821 8613669 1 992
7880 17820 8613679 1 992
7879 17820 8613689 1 992
7879 17820 8613699 1 993
7878 17820 8613709 1 992
7878 17821 8613719 1 992
7878 17821 8613729 1 992
7879 17821 8613739 1 991
7879 17822 8613749 1 991
7880 17822 8613759 1 991
7880 17823 8613769 1 991
7879 17823 8613779 1 990
7879 17824 8613789 1 990
7878 17824 8613799 1 991
7878 17825 8613809 1 991
7877 17825 8613819 1 990
7877 17826 8613829 1 990
7877 17827 8613839 1 990
7878 17828 8613849 1 990
7878 17828 8613859 1 989
7879 17829 8613869 1 989
7879 17829 8613879 1 989
7880 17830 8613889 1 989
