7836 17793 7481931 1 672
7836 17793 7481941 1 672
7837 17793 7481951 1 672
7838 17793 7481961 1 672
7841 17794 7481971 1 672
7847 17795 7481981 1 672
7854 17796 7481991 1 672
7861 17797 7482001 1 673
7869 17798 7482011 1 674
7881 17800 7482021 1 676
7887 17801 7482031 1 677
7891 17802 7482041 1 680
7896 17803 7482051 1 681
7900 17804 7482061 1 682
7903 17804 7482071 1 685
7905 17804 7482081 1 686
7906 17803 7482091 1 689
7907 17802 7482101 1 690
7906 17797 7482111 1 693
7905 17794 7482121 1 694
7903 17790 7482131 1 697
7902 17786 7482141 1 700
7901 17782 7482151 1 702
7899 17778 7482161 1 704
7898 17774 7482171 1 706
7896 17770 7482181 1 709
7893 17765 7482191 1 710
7887 17755 7482201 1 715
7884 17749 7482211 1 717
7880 17743 7482221 1 719
7876 17738 7482231 1 721
7871 17732 7482241 1 723
7865 17726 7482251 1 724
7859 17721 7482261 1 726
7852 17715 7482271 1 727
7846 17710 7482281 1 728
7832 17701 7482291 1 729
7825 17697 7482301 1 730
7818 17693 7482311 1 730
7811 17689 7482321 1 731
7804 17686 7482331 1 731
7798 17683 7482341 1 731
7791 17680 7482351 1 731
7785 17677 7482361 1 731
7779 17676 7482371 1 731
7769 17674 7482381 1 728
7765 17675 7482391 1 726
7762 17676 7482401 1 724
7760 17678 7482411 1 722
7758 17680 7482421 1 720
7757 17683 7482431 1 717
7756 17687 7482441 1 714
7756 17691 7482451 1 712
7755 17695 7482461 1 710
7756 17704 7482471 1 707
7757 17708 7482481 1 706
7757 17713 7482491 1 704
7758 17717 7482501 1 703
7760 17721 7482511 1 701
7762 17726 7482521 1 701
7764 17729 7482531 1 702
7766 17733 7482541 1 703
7769 17736 7482551 1 705
7776 17739 7482561 1 711
7780 17739 7482571 1 723
7785 17739 7482581 1 731
7791 17738 7482591 1 738
7797 17736 7482601 1 749
7804 17734 7482611 1 761
7811 17731 7482621 1 772
7818 17728 7482631 1 787
7826 17724 7482641 1 801
7840 17714 7482651 1 816
7846 17709 7482661 1 832
7851 17703 7482671 1 848
7856 17696 7482681 1 865
7859 17690 7482691 1 882
7861 17684 7482701 1 898
7862 17677 7482711 1 915
7862 17671 7482721 1 930
7861 17664 7482731 1 946
7857 17652 7482741 1 973
7854 17646 7482751 1 986
7851 17641 7482761 1 997
7848 17637 7482771 1 1007
7845 17633 7482781 1 1016
7843 17629 7482791 1 1021
7840 17626 7482801 1 1024
7838 17623 7482811 1 1024
7837 17621 7482821 1 1024
7836 17617 7482831 1 1024
7837 17616 7482841 1 1018
7839 17615 7482851 1 1010
7842 17614 7482861 1 999
7846 17614 7482871 1 985
7851 17613 7482881 1 968
7856 17613 7482891 1 947
7862 17613 7482901 1 922
7868 17614 7482911 1 894
7880 17617 7482921 1 826
7885 17619 7482931 1 785
7891 17622 7482941 1 740
7895 17625 7482951 1 691
7899 17628 7482961 1 639
7902 17631 7482971 1 582
7904 17634 7482981 1 521
7905 17638 7482991 1 459
7905 17641 7483001 1 393
7902 17648 7483011 1 325
7900 17651 7483021 1 254
7897 17654 7483031 1 182
7894 17658 7483041 1 107
7891 17661 7483051 1 30
7887 17664 7483061 0 0
7883 17668 7483071 0 0
7878 17671 7483081 0 0
7874 17674 7483091 0 0
7865 17680 7483101 0 0
7861 17682 7483111 0 0
7858 17685 7483121 0 0
7855 17687 7483131 0 0
7852 17688 7483141 0 0
7850 17690 7483151 0 0
7849 17691 7483161 0 0
7849 17692 7483171 0 0
7849 17693 7483181 0 0
7850 17694 7483191 0 0
7851 17695 7483201 0 0
7853 17696 7483211 0 0
7854 17696 7483221 0 0
7855 17697 7483231 0 0
7857 17698 7483241 0 0
7859 17698 7483251 0 0
7861 17699 7483261 0 0
7864 17700 7483271 0 0
7870 17701 7483281 0 0
7874 17702 7483291 0 0
7878 17703 7483301 0 0
7883 17703 7483311 0 0
7887 17704 7483321 0 0
7891 17705 7483331 0 0
7895 17706 7483341 0 0
7899 17707 7483351 0 0
7902 17707 7483361 0 0
7909 17709 7483371 0 0
7912 17709 7483381 0 0
7915 17710 7483391 0 0
7918 17710 7483401 0 0
7922 17710 7483411 0 0
7925 17710 7483421 0 0
7928 17710 7483431 0 0
7931 17710 7483441 0 0
7935 17710 7483451 0 0
7943 17709 7483461 0 0
7947 17709 7483471 0 0
7950 17708 7483481 0 0
7954 17707 7483491 0 0
7958 17707 7483501 0 0
7961 17706 7483511 0 0
7964 17706 7483521 0 0
7967 17706 7483531 1 29
7969 17706 7483541 1 217
7971 17705 7483551 1 417
7970 17705 7483561 1 627
7969 17705 7483571 1 850
7967 17704 7483581 1 850
7964 17703 7483591 0 0
7960 17702 7483601 0 0
7956 17701 7483611 0 0
7953 17699 7483621 0 0
7948 17698 7483631 0 0
7941 17694 7483641 0 0
7937 17692 7483651 0 0
7934 17691 7483661 0 0
7932 17689 7483671 0 0
7930 17688 7483681 0 0
7928 17687 7483691 0 0
7928 17687 7483701 0 0
7927 17686 7483711 0 0
7927 17685 7483721 0 0
7926 17683 7483731 0 0
7926 17682 7483741 0 0
7926 17680 7483751 0 0
7926 17679 7483761 0 0
7926 17677 7483771 0 0
7925 17675 7483781 0 0
7925 17673 7483791 0 0
7925 17672 7483801 0 0
7924 17670 7483811 0 0
7921 17668 7483821 0 0
7919 17667 7483831 0 0
7917 17666 7483841 0 0
7914 17665 7483851 0 0
7912 17664 7483861 0 0
7909 17663 7483871 0 0
7907 17663 7483881 0 0
7905 17663 7483891 0 0
7903 17662 7483901 0 0
7900 17663 7483911 0 0
7898 17663 7483921 0 0
7897 17663 7483931 0 0
7896 17663 7483941 0 0
7895 17663 7483951 0 0
7894 17663 7483961 0 0
7894 17663 7483971 0 0
7893 17664 7483981 0 0
7893 17664 7483991 0 0
7894 17666 7484001 0 0
7895 17668 7484011 0 0
7897 17669 7484021 0 0
7899 17670 7484031 1 2
7901 17672 7484041 1 320
7903 17673 7484051 1 617
7905 17675 7484061 1 893
7906 17677 7484071 1 1024
7908 17679 7484081 1 1024
7910 17682 7484091 1 1024
7911 17683 7484101 1 1024
7911 17684 7484111 1 1024
7912 17686 7484121 1 1024
7912 17687 7484131 1 1024
7913 17688 7484141 1 1024
7913 17689 7484151 1 1024
7913 17690 7484161 1 1024
7912 17691 7484171 1 1024
7911 17692 7484181 1 1024
7911 17693 7484191 1 1024
7910 17693 7484201 1 1024
7909 17693 7484211 1 1024
7908 17694 7484221 1 1024
7907 17694 7484231 1 1024
7907 17694 7484241 1 1024
7907 17695 7484251 1 1024
7907 17695 7484261 1 1024
7908 17696 7484271 1 1024
7908 17696 7484281 1 1024
7909 17696 7484291 1 1024
7910 17697 7484301 1 1024
7910 17696 7484311 1 1024
7911 17696 7484321 1 1024
7911 17696 7484331 1 1024
7911 17695 7484341 1 1024
7911 17695 7484351 1 1024
7909 17693 7484361 1 1024
7908 17692 7484371 1 1024
7906 17691 7484381 1 1024
7905 17691 7484391 1 1024
7903 17690 7484401 1 1024
7902 17689 7484411 1 1024
7900 17688 7484421 1 1024
7898 17688 7484431 1 1024
7896 17687 7484441 1 977
7892 17687 7484451 1 921
7890 17687 7484461 1 872
7888 17687 7484471 1 831
7886 17687 7484481 1 797
7884 17687 7484491 1 768
7882 17688 7484501 1 745
7881 17688 7484511 1 715
7879 17689 7484521 1 707
7878 17689 7484531 1 703
7877 17690 7484541 1 707
7876 17690 7484551 1 714
7876 17690 7484561 1 723
7876 17691 7484571 1 736
7877 17691 7484581 1 749
7877 17691 7484591 1 766
7878 17691 7484601 1 782
7880 17691 7484611 1 801
7882 17691 7484621 1 820
7886 17691 7484631 1 839
7889 17691 7484641 1 858
7892 17691 7484651 1 876
7895 17691 7484661 1 894
7898 17691 7484671 1 910
7902 17691 7484681 1 925
7906 17691 7484691 1 937
7910 17691 7484701 1 948
7914 17691 7484711 1 954
7922 17692 7484721 1 960
7925 17693 7484731 1 961
7929 17693 7484741 1 963
7932 17694 7484751 1 964
7935 17695 7484761 1 966
7937 17696 7484771 1 967
7939 17696 7484781 1 968
7940 17697 7484791 1 970
7942 17698 7484801 1 972
7942 17700 7484811 1 981
7941 17701 7484821 1 999
7939 17702 7484831 1 1023
7937 17703 7484841 1 1024
7935 17704 7484851 1 1024
7933 17705 7484861 1 1024
7931 17705 7484871 1 1024
7929 17706 7484881 1 1024
7927 17706 7484891 1 1024
7924 17707 7484901 1 1024
7923 17708 7484911 1 1024
7922 17708 7484921 1 1024
7921 17708 7484931 1 1024
7921 17709 7484941 1 1024
7920 17709 7484951 1 1024
7920 17709 7484961 1 1024
7920 17709 7484971 1 1024
7920 17709 7484981 1 1024
7920 17709 7484991 1 1024
7920 17708 7485001 1 1024
7920 17708 7485011 1 1024
7921 17707 7485021 1 1024
7922 17707 7485031 1 1024
7923 17706 7485041 1 1024
7924 17706 7485051 1 1024
7925 17705 7485061 1 1024
7927 17705 7485071 1 1024
7930 17704 7485081 1 825
7933 17704 7485091 1 644
7935 17703 7485101 1 439
7938 17703 7485111 0 0
7941 17702 7485121 0 0
7944 17702 7485131 0 0
7947 17702 7485141 0 0
7950 17702 7485151 0 0
7953 17702 7485161 0 0
7959 17702 7485171 0 0
7962 17702 7485181 0 0
7964 17702 7485191 0 0
7965 17702 7485201 0 0
7966 17702 7485211 0 0
7966 17702 7485221 0 0
7965 17701 7485231 0 0
7964 17701 7485241 0 0
7963 17700 7485251 1 42
7960 17698 7485261 1 163
7958 17697 7485271 1 234
7956 17696 7485281 1 310
7953 17696 7485291 1 387
7950 17695 7485301 1 462
7946 17695 7485311 1 534
7942 17695 7485321 1 599
7938 17695 7485331 1 656
7934 17695 7485341 1 699
7926 17695 7485351 1 730
7923 17694 7485361 1 742
7920 17694 7485371 1 737
7918 17694 7485381 1 708
7916 17694 7485391 1 654
7916 17694 7485401 1 573
7915 17694 7485411 1 461
7916 17694 7485421 1 318
7917 17694 7485431 1 155
7920 17694 7485441 0 0
7921 17694 7485451 0 0
7924 17694 7485461 0 0
7926 17694 7485471 0 0
7929 17693 7485481 0 0
7932 17693 7485491 0 0
7936 17693 7485501 0 0
7940 17692 7485511 0 0
7944 17692 7485521 0 0
7953 17690 7485531 0 0
7957 17689 7485541 0 0
7961 17687 7485551 0 0
7965 17686 7485561 0 0
7970 17685 7485571 0 0
7974 17683 7485581 1 2
7978 17682 7485591 1 48
7983 17681 7485601 1 102
7987 17680 7485611 1 165
7994 17678 7485621 1 306
7997 17677 7485631 1 383
8000 17676 7485641 1 462
8002 17674 7485651 1 542
8003 17673 7485661 1 622
8003 17671 7485671 1 699
8004 17670 7485681 1 773
8003 17669 7485691 1 842
8002 17668 7485701 1 905
7999 17667 7485711 1 961
7997 17666 7485721 1 1009
7995 17666 7485731 1 1024
7993 17666 7485741 1 1024
7991 17667 7485751 1 1024
7989 17667 7485761 1 1024
7987 17667 7485771 1 1024
7985 17668 7485781 1 1024
7983 17668 7485791 1 1024
7981 17670 7485801 1 861
7981 17670 7485811 1 789
7981 17671 7485821 1 716
7981 17673 7485831 1 644
7981 17674 7485841 1 570
7981 17676 7485851 1 497
7981 17678 7485861 1 426
7981 17680 7485871 1 355
7980 17682 7485881 1 288
7978 17687 7485891 1 221
7977 17689 7485901 1 159
7976 17692 7485911 1 100
7976 17694 7485921 1 46
7975 17696 7485931 0 0
7974 17698 7485941 0 0
7973 17700 7485951 0 0
7973 17702 7485961 0 0
7973 17703 7485971 0 0
7974 17707 7485981 0 0
7975 17709 7485991 0 0
7976 17710 7486001 0 0
7979 17712 7486011 0 0
7981 17713 7486021 0 0
7985 17715 7486031 0 0
7988 17716 7486041 0 0
7992 17718 7486051 0 0
7995 17719 7486061 0 0
8002 17722 7486071 0 0
8004 17723 7486081 0 0
8007 17724 7486091 0 0
8009 17725 7486101 0 0
8011 17725 7486111 1 28
8013 17726 7486121 1 68
8014 17727 7486131 1 111
8015 17728 7486141 1 156
8016 17728 7486151 1 203
8018 17729 7486161 1 302
8018 17729 7486171 1 353
8018 17729 7486181 1 404
8017 17728 7486191 1 457
8016 17727 7486201 1 512
8014 17726 7486211 1 565
8012 17724 7486221 1 620
8010 17723 7486231 1 673
8008 17721 7486241 1 725
8004 17717 7486251 1 779
8002 17715 7486261 1 830
8001 17714 7486271 1 882
7999 17712 7486281 1 931
7998 17710 7486291 1 978
7996 17709 7486301 1 1024
7994 17707 7486311 1 1024
7992 17706 7486321 1 1024
7991 17705 7486331 1 1024
7987 17702 7486341 1 1024
7985 17700 7486351 1 1024
7983 17698 7486361 1 1024
7981 17697 7486371 1 1024
7979 17695 7486381 1 1024
7977 17693 7486391 1 1024
7975 17692 7486401 1 1024
7974 17691 7486411 1 1024
7973 17691 7486421 1 1024
7971 17690 7486431 1 1024
7970 17690 7486441 1 1024
7970 17691 7486451 1 1024
7969 17692 7486461 1 1024
7970 17693 7486471 1 1024
7970 17694 7486481 1 1024
7971 17695 7486491 1 1024
7973 17696 7486501 1 1024
7976 17698 7486511 1 1024
7983 17701 7486521 1 1024
7988 17703 7486531 1 1024
7994 17705 7486541 1 1024
7999 17706 7486551 1 1024
8005 17708 7486561 1 1024
8010 17709 7486571 1 1024
8016 17711 7486581 1 1024
8021 17712 7486591 1 1024
8026 17714 7486601 1 1024
8034 17716 7486611 1 1024
8038 17717 7486621 1 1024
8041 17718 7486631 1 1024
8044 17719 7486641 1 1024
8045 17720 7486651 1 1024
8047 17721 7486661 1 1024
8047 17721 7486671 1 1024
8048 17721 7486681 1 1024
8048 17720 7486691 1 1024
8046 17719 7486701 1 1024
8044 17717 7486711 1 1024
8043 17716 7486721 1 1024
8042 17714 7486731 1 1024
8040 17712 7486741 1 1024
8039 17710 7486751 1 1024
8038 17708 7486761 1 1024
8037 17706 7486771 1 1024
8035 17705 7486781 1 1024
8032 17701 7486791 1 1024
8030 17700 7486801 1 1024
8028 17699 7486811 1 1024
8027 17698 7486821 1 1024
8025 17697 7486831 1 1024
8025 17697 7486841 1 1024
8025 17697 7486851 1 1024
8025 17697 7486861 1 1024
8025 17698 7486871 1 1024
8026 17699 7486881 1 1024
8027 17701 7486891 1 1024
8027 17702 7486901 1 1024
8028 17704 7486911 1 1024
8028 17706 7486921 1 1024
8028 17707 7486931 1 1024
8028 17709 7486941 1 1024
8027 17710 7486951 1 1024
8027 17711 7486961 1 1024
8029 17713 7486971 1 1024
8030 17714 7486981 1 1024
8031 17714 7486991 1 1024
8032 17715 7487001 1 1024
8033 17715 7487011 1 1024
8033 17715 7487021 1 1024
8034 17715 7487031 1 1024
