8193 18686 8628380 1 642
8193 18686 8628390 1 643
8193 18686 8628400 1 644
8193 18686 8628410 1 645
8192 18688 8628420 1 646
8193 18697 8628430 1 646
8204 18715 8628440 1 648
8212 18719 8628450 1 649
8220 18721 8628460 1 650
8227 18721 8628470 1 651
8234 18720 8628480 1 652
8239 18721 8628490 1 654
8233 18718 8628500 1 656
8219 18713 8628510 1 657
8198 18705 8628520 1 658
8172 18694 8628530 1 659
8143 18681 8628540 1 660
8116 18668 8628550 1 661
8080 18652 8628560 1 663
8073 18651 8628570 1 664
8072 18658 8628580 1 665
8075 18672 8628590 1 666
8081 18690 8628600 1 668
8088 18710 8628610 1 669
8100 18746 8628620 1 671
8106 18760 8628630 1 672
8111 18771 8628640 1 673
8118 18778 8628650 1 675
8126 18783 8628660 1 676
8135 18784 8628670 1 677
8151 18782 8628680 1 679
8155 18780 8628690 1 680
8158 18779 8628700 1 682
8159 18777 8628710 1 684
8160 18775 8628720 1 685
8163 18772 8628730 1 686
8175 18763 8628740 1 688
8185 18757 8628750 1 690
8195 18751 8628760 1 691
8204 18746 8628770 1 692
8211 18743 8628780 1 693
8215 18742 8628790 1 695
8209 18742 8628800 1 696
8201 18744 8628810 1 698
8190 18744 8628820 1 700
8178 18744 8628830 1 701
8167 18744 8628840 1 702
8158 18742 8628850 1 704
8148 18739 8628860 1 706
8146 18738 8628870 1 708
8144 18738 8628880 1 709
8144 18738 8628890 1 711
8144 18739 8628900 1 712
8145 18741 8628910 1 713
8150 18743 8628920 1 716
8155 18743 8628930 1 718
8161 18742 8628940 1 720
8168 18740 8628950 1 720
8176 18737 8628960 1 722
8184 18734 8628970 1 723
8194 18724 8628980 1 726
8194 18718 8628990 1 728
8192 18711 8629000 1 727
8189 18705 8629010 1 728
8186 18699 8629020 1 728
8184 18694 8629030 1 729
8188 18688 8629040 1 730
8195 18688 8629050 1 730
8205 18689 8629060 1 730
8216 18692 8629070 1 730
8226 18695 8629080 1 731
8233 18699 8629090 1 731
8239 18706 8629100 1 733
8236 18709 8629110 1 733
8230 18712 8629120 1 735
8222 18716 8629130 1 736
8212 18721 8629140 1 736
8203 18725 8629150 1 738
8188 18736 8629160 1 741
8185 18741 8629170 1 741
8184 18745 8629180 1 738
8185 18748 8629190 1 736
8186 18751 8629200 1 734
8188 18752 8629210 1 736
8192 18754 8629220 1 755
8192 18756 8629230 1 769
8192 18758 8629240 1 784
8190 18760 8629250 1 795
8188 18763 8629260 1 799
8188 18765 8629270 1 779
8193 18766 8629280 1 698
8200 18763 8629290 1 639
8210 18759 8629300 1 579
8223 18752 8629310 1 524
8239 18743 8629320 1 484
8257 18735 8629330 1 464
8288 18724 8629340 1 520
8299 18722 8629350 1 609
8306 18721 8629360 1 750
8310 18723 8629370 1 940
8309 18725 8629380 1 948
8306 18728 8629390 1 946
8291 18735 8629400 1 943
8280 18738 8629410 1 753
8267 18739 8629420 1 126
8252 18740 8629430 1 128
8236 18741 8629440 1 131
8220 18741 8629450 1 133
8188 18742 8629460 1 139
8173 18744 8629470 1 141
8158 18745 8629480 1 144
8144 18746 8629490 1 146
8131 18747 8629500 1 149
8118 18748 8629510 1 151
8096 18747 8629520 1 156
8086 18745 8629530 1 160
8079 18743 8629540 1 168
8073 18740 8629550 1 182
8069 18738 8629560 1 204
8066 18736 8629570 1 236
8065 18733 8629580 1 336
8066 18732 8629590 1 408
8067 18732 8629600 1 606
8068 18732 8629610 1 735
