8074 18297 3528782 1 638
8074 18297 3528792 1 641
8074 18297 3528802 1 643
8075 18297 3528812 1 645
8075 18297 3528822 1 646
8075 18297 3528832 1 648
8076 18300 3528842 1 648
8079 18304 3528852 1 648
8082 18309 3528862 1 649
8084 18312 3528872 1 651
8086 18315 3528882 1 651
8091 18321 3528892 1 651
8096 18326 3528902 1 651
8101 18332 3528912 1 653
8106 18337 3528922 1 654
8112 18342 3528932 1 655
8117 18347 3528942 1 656
8122 18351 3528952 1 656
8124 18354 3528962 1 656
8127 18356 3528972 1 657
8133 18359 3528982 1 659
8138 18362 3528992 1 660
8143 18364 3529002 1 660
8148 18365 3529012 1 660
8153 18364 3529022 1 662
8157 18363 3529032 1 663
8160 18361 3529042 1 664
8162 18360 3529052 1 665
8164 18358 3529062 1 664
8167 18354 3529072 1 665
8169 18350 3529082 1 666
8172 18345 3529092 1 667
8173 18340 3529102 1 667
8175 18335 3529112 1 669
8175 18329 3529122 1 669
8175 18323 3529132 1 669
8175 18320 3529142 1 669
8175 18316 3529152 1 670
8174 18310 3529162 1 672
8172 18303 3529172 1 672
8170 18297 3529182 1 673
8168 18291 3529192 1 673
8165 18286 3529202 1 674
8162 18281 3529212 1 675
8159 18276 3529222 1 676
8158 18274 3529232 1 677
8157 18273 3529242 1 676
8154 18269 3529252 1 676
8151 18267 3529262 1 678
8149 18265 3529272 1 679
8146 18264 3529282 1 681
8144 18263 3529292 1 681
8142 18263 3529302 1 681
8139 18264 3529312 1 682
8138 18265 3529322 1 683
8137 18266 3529332 1 683
8136 18269 3529342 1 685
8135 18272 3529352 1 686
8134 18276 3529362 1 686
8134 18281 3529372 1 688
8134 18287 3529382 1 689
8135 18293 3529392 1 690
8136 18300 3529402 1 691
8137 18303 3529412 1 691
8138 18307 3529422 1 692
8140 18314 3529432 1 693
8142 18320 3529442 1 696
8145 18327 3529452 1 697
8148 18334 3529462 1 697
8152 18341 3529472 1 698
8156 18347 3529482 1 701
8160 18353 3529492 1 702
8163 18356 3529502 1 703
8165 18359 3529512 1 705
8170 18365 3529522 1 705
8174 18370 3529532 1 706
8179 18375 3529542 1 709
8184 18379 3529552 1 710
8188 18382 3529562 1 711
8193 18385 3529572 1 713
8198 18387 3529582 1 714
8200 18388 3529592 1 714
8202 18389 3529602 1 715
8206 18391 3529612 1 718
8211 18392 3529622 1 719
8215 18393 3529632 1 719
8219 18394 3529642 1 720
8223 18394 3529652 1 722
8227 18394 3529662 1 723
8231 18394 3529672 1 724
8233 18394 3529682 1 724
8234 18394 3529692 1 725
8238 18394 3529702 1 725
8241 18393 3529712 1 727
8244 18393 3529722 1 727
8247 18392 3529732 1 728
8249 18391 3529742 1 728
8251 18390 3529752 1 728
8254 18390 3529762 1 728
8254 18389 3529772 1 728
8255 18389 3529782 1 728
8257 18388 3529792 1 728
8258 18388 3529802 1 728
8259 18387 3529812 1 728
8260 18387 3529822 1 727
8261 18386 3529832 1 726
8261 18386 3529842 1 725
8262 18385 3529852 1 724
8262 18385 3529862 1 724
8262 18384 3529872 1 724
8262 18383 3529882 1 723
8262 18382 3529892 1 720
8262 18380 3529902 1 719
8262 18379 3529912 1 718
8261 18377 3529922 1 717
8261 18374 3529932 1 714
8260 18372 3529942 1 712
8260 18371 3529952 1 711
8259 18370 3529962 1 710
8259 18367 3529972 1 708
8258 18364 3529982 1 706
8257 18361 3529992 1 704
8256 18358 3530002 1 702
8255 18354 3530012 1 698
8254 18351 3530022 1 697
8253 18347 3530032 1 696
8253 18346 3530042 1 695
8252 18344 3530052 1 693
8251 18341 3530062 1 690
8250 18337 3530072 1 688
8248 18335 3530082 1 687
8247 18332 3530092 1 685
8245 18329 3530102 1 683
8244 18327 3530112 1 680
8242 18325 3530122 1 678
8242 18324 3530132 1 677
8241 18323 3530142 1 677
8239 18321 3530152 1 676
8237 18320 3530162 1 674
8235 18319 3530172 1 672
8232 18319 3530182 1 671
8230 18320 3530192 1 670
8227 18321 3530202 1 670
8224 18323 3530212 1 669
8222 18325 3530222 1 668
8220 18326 3530232 1 668
8217 18330 3530242 1 667
8213 18334 3530252 1 666
8210 18338 3530262 1 667
8207 18342 3530272 1 667
8205 18347 3530282 1 667
8202 18351 3530292 1 668
8200 18355 3530302 1 669
8200 18356 3530312 1 669
8199 18358 3530322 1 670
8198 18361 3530332 1 671
8197 18363 3530342 1 673
8196 18365 3530352 1 676
8195 18367 3530362 1 677
8194 18369 3530372 1 678
8194 18370 3530382 1 682
8193 18371 3530392 1 685
8192 18371 3530402 1 688
8192 18372 3530412 1 690
8192 18372 3530422 1 692
8191 18373 3530432 1 695
8191 18373 3530442 1 700
8191 18373 3530452 1 707
8191 18373 3530462 1 714
8191 18373 3530472 1 717
8191 18372 3530482 1 721
8191 18372 3530492 1 724
8191 18371 3530502 1 729
8191 18370 3530512 1 738
8192 18369 3530522 1 747
8192 18367 3530532 1 751
8193 18365 3530542 1 757
8193 18363 3530552 1 767
8195 18360 3530562 1 779
8196 18357 3530572 1 791
8197 18356 3530582 1 795
8198 18354 3530592 1 797
8199 18351 3530602 1 803
8201 18348 3530612 1 816
8203 18345 3530622 1 830
8205 18342 3530632 1 842
8208 18339 3530642 1 854
8210 18336 3530652 1 867
8212 18334 3530662 1 879
8213 18333 3530672 1 884
8215 18332 3530682 1 889
8217 18330 3530692 1 899
8220 18329 3530702 1 903
8222 18329 3530712 1 906
8225 18328 3530722 1 914
8227 18329 3530732 1 918
8229 18329 3530742 1 921
8231 18331 3530752 1 923
8231 18331 3530762 1 924
8232 18332 3530772 1 923
8233 18333 3530782 1 921
8234 18335 3530792 1 917
8235 18337 3530802 1 910
8235 18340 3530812 1 906
8236 18342 3530822 1 900
8236 18345 3530832 1 888
8236 18348 3530842 1 872
8236 18349 3530852 1 861
8236 18350 3530862 1 853
8236 18353 3530872 1 842
8236 18356 3530882 1 830
8237 18358 3530892 1 803
8237 18360 3530902 1 771
8237 18361 3530912 1 737
8237 18363 3530922 1 719
8237 18364 3530932 1 698
8237 18364 3530942 1 682
8238 18364 3530952 1 658
8238 18364 3530962 1 616
8238 18364 3530972 1 570
8239 18364 3530982 1 548
8240 18363 3530992 1 525
8240 18362 3531002 1 478
8241 18361 3531012 1 431
8242 18361 3531022 1 384
8242 18360 3531032 1 367
8243 18360 3531042 1 361
8243 18359 3531052 1 339
8244 18359 3531062 1 293
8245 18358 3531072 1 250
8246 18358 3531082 1 207
8246 18358 3531092 1 187
8247 18358 3531102 1 168
8248 18359 3531112 1 131
8248 18359 3531122 1 113
8248 18359 3531132 1 98
8249 18360 3531142 1 69
8250 18361 3531152 1 55
8250 18361 3531162 1 45
8251 18362 3531172 1 24
8252 18363 3531182 1 8
8252 18364 3531192 0 0
8252 18364 3531202 0 0
8252 18365 3531212 0 0
8252 18365 3531222 0 0
8252 18366 3531232 0 0
8252 18366 3531242 0 0
8251 18366 3531252 0 0
8251 18367 3531262 0 0
8250 18367 3531272 0 0
8249 18368 3531282 0 0
8247 18368 3531292 0 0
8247 18369 3531302 0 0
8246 18369 3531312 0 0
8244 18370 3531322 0 0
8242 18370 3531332 0 0
8241 18371 3531342 0 0
8238 18371 3531352 0 0
8236 18371 3531362 1 9
8234 18371 3531372 1 16
8232 18371 3531382 1 29
8231 18371 3531392 1 40
8229 18371 3531402 1 58
8227 18371 3531412 1 94
8225 18370 3531422 1 136
8223 18369 3531432 1 159
8221 18368 3531442 1 186
8219 18368 3531452 1 240
8217 18367 3531462 1 297
8216 18366 3531472 1 356
8215 18365 3531482 1 378
8215 18365 3531492 1 385
8214 18364 3531502 1 415
8213 18363 3531512 1 477
8213 18363 3531522 1 538
8213 18362 3531532 1 597
8213 18361 3531542 1 627
8213 18360 3531552 1 654
8214 18359 3531562 1 708
8214 18358 3531572 1 734
8215 18357 3531582 1 756
8216 18357 3531592 1 799
8217 18356 3531602 1 819
8219 18355 3531612 1 835
8221 18355 3531622 1 862
8223 18354 3531632 1 881
8225 18354 3531642 1 888
8228 18353 3531652 1 889
8229 18353 3531662 1 888
8230 18354 3531672 1 886
8233 18354 3531682 1 884
8236 18354 3531692 1 879
8238 18355 3531702 1 874
8241 18356 3531712 1 871
8244 18358 3531722 1 869
8247 18359 3531732 1 864
8250 18361 3531742 1 860
8251 18362 3531752 1 857
8252 18363 3531762 1 856
8254 18365 3531772 1 854
8256 18367 3531782 1 854
8258 18369 3531792 1 853
8260 18370 3531802 1 852
8262 18371 3531812 1 852
8263 18372 3531822 1 852
8264 18372 3531832 1 852
8265 18372 3531842 1 853
8265 18371 3531852 1 853
8266 18370 3531862 1 856
8267 18368 3531872 1 858
8268 18366 3531882 1 859
8268 18364 3531892 1 860
8269 18362 3531902 1 862
8269 18359 3531912 1 866
8269 18356 3531922 1 869
8269 18355 3531932 1 870
8269 18353 3531942 1 871
8269 18350 3531952 1 873
8269 18348 3531962 1 876
8269 18345 3531972 1 878
8269 18342 3531982 1 881
8269 18340 3531992 1 883
8269 18337 3532002 1 885
8268 18335 3532012 1 887
8268 18335 3532022 1 888
8268 18334 3532032 1 890
8268 18332 3532042 1 892
8267 18331 3532052 1 893
8267 18330 3532062 1 894
8267 18330 3532072 1 897
8266 18329 3532082 1 898
8266 18329 3532092 1 899
8266 18330 3532102 1 900
8265 18330 3532112 1 900
8265 18330 3532122 1 901
8265 18331 3532132 1 902
8265 18332 3532142 1 903
8265 18333 3532152 1 904
8265 18334 3532162 1 905
8265 18335 3532172 1 906
8265 18336 3532182 1 906
8266 18338 3532192 1 907
8266 18338 3532202 1 908
8266 18339 3532212 1 907
8267 18340 3532222 1 907
8268 18342 3532232 1 908
8269 18343 3532242 1 909
8271 18344 3532252 1 909
8273 18345 3532262 1 909
8275 18346 3532272 1 910
8277 18347 3532282 1 911
8278 18347 3532292 1 911
8279 18347 3532302 1 911
8282 18348 3532312 1 911
8284 18348 3532322 1 911
8287 18347 3532332 1 912
8290 18347 3532342 1 913
8292 18346 3532352 1 913
8295 18346 3532362 1 914
8297 18345 3532372 1 915
8298 18345 3532382 1 915
8299 18344 3532392 1 915
8302 18344 3532402 1 916
8304 18343 3532412 1 916
8306 18342 3532422 1 917
8308 18341 3532432 1 919
8310 18340 3532442 1 920
8312 18340 3532452 1 920
8313 18339 3532462 1 920
8314 18339 3532472 1 921
8314 18339 3532482 1 922
8316 18339 3532492 1 923
8316 18339 3532502 1 924
8317 18340 3532512 1 926
8318 18340 3532522 1 927
8319 18341 3532532 1 928
8319 18341 3532542 1 930
8319 18342 3532552 1 930
8319 18342 3532562 1 931
8319 18343 3532572 1 931
8320 18343 3532582 1 933
8320 18344 3532592 1 933
8320 18345 3532602 1 934
8319 18346 3532612 1 935
8319 18347 3532622 1 936
8318 18349 3532632 1 937
8318 18350 3532642 1 938
8318 18350 3532652 1 939
8317 18351 3532662 1 940
8316 18352 3532672 1 941
8316 18353 3532682 1 941
8315 18354 3532692 1 943
8314 18356 3532702 1 944
8313 18357 3532712 1 945
8313 18359 3532722 1 946
8312 18360 3532732 1 946
8312 18361 3532742 1 946
8311 18362 3532752 1 947
8311 18363 3532762 1 949
8310 18363 3532772 1 950
8309 18363 3532782 1 951
8309 18363 3532792 1 952
8308 18362 3532802 1 952
8307 18361 3532812 1 953
8307 18359 3532822 1 955
8306 18358 3532832 1 955
8306 18357 3532842 1 956
8305 18354 3532852 1 956
8305 18352 3532862 1 956
8304 18349 3532872 1 958
8304 18346 3532882 1 959
8304 18343 3532892 1 959
8303 18340 3532902 1 960
8303 18337 3532912 1 961
8303 18335 3532922 1 962
8303 18334 3532932 1 962
8303 18331 3532942 1 964
8303 18328 3532952 1 964
8303 18326 3532962 1 964
8303 18323 3532972 1 966
8303 18321 3532982 1 967
8303 18318 3532992 1 969
8303 18316 3533002 1 969
8302 18316 3533012 1 969
8302 18315 3533022 1 969
8301 18314 3533032 1 971
8301 18313 3533042 1 972
8300 18312 3533052 1 972
8299 18312 3533062 1 973
8298 18313 3533072 1 974
8297 18313 3533082 1 975
8296 18314 3533092 1 977
8296 18315 3533102 1 977
8296 18316 3533112 1 977
8295 18317 3533122 1 978
8295 18318 3533132 1 979
8295 18319 3533142 1 980
8295 18319 3533152 1 982
8296 18320 3533162 1 982
8297 18320 3533172 1 982
8297 18320 3533182 1 984
8298 18320 3533192 1 984
8299 18320 3533202 1 985
8300 18320 3533212 1 986
8301 18319 3533222 1 987
8302 18319 3533232 1 987
8303 18318 3533242 1 988
8304 18318 3533252 1 990
8305 18317 3533262 1 990
8306 18317 3533272 1 992
8306 18317 3533282 1 992
8306 18316 3533292 1 993
8306 18316 3533302 1 993
8306 18317 3533312 1 995
8306 18317 3533322 1 995
8306 18317 3533332 1 997
8306 18318 3533342 1 998
8306 18318 3533352 1 998
8305 18318 3533362 1 1000
8305 18319 3533372 1 1001
8305 18319 3533382 1 1001
8304 18320 3533392 1 1003
8304 18320 3533402 1 1003
8303 18321 3533412 1 1005
8303 18323 3533422 1 1006
8303 18324 3533432 1 1006
8302 18325 3533442 1 1008
8302 18326 3533452 1 1009
8301 18327 3533462 1 1010
8301 18328 3533472 1 1011
8301 18329 3533482 1 1013
8301 18329 3533492 1 1013
8301 18328 3533502 1 1015
8301 18328 3533512 1 1016
8301 18327 3533522 1 1016
8301 18326 3533532 1 1018
8301 18326 3533542 1 1019
8301 18325 3533552 1 1021
8301 18325 3533562 1 1021
8301 18325 3533572 1 1023
8301 18324 3533582 1 1024
8300 18324 3533592 1 1024
8300 18324 3533602 1 1024
8300 18324 3533612 1 1024
8300 18324 3533622 1 1024
8300 18324 3533632 1 1024
8300 18324 3533642 1 1024
8300 18324 3533652 1 1024
8301 18324 3533662 1 1024
8301 18325 3533672 1 1024
8301 18326 3533682 1 1024
8302 18326 3533692 1 1024
8302 18327 3533702 1 1024
8303 18328 3533712 1 1024
8304 18329 3533722 1 1024
8305 18330 3533732 1 1024
8306 18331 3533742 1 1024
8307 18332 3533752 1 1024
8307 18333 3533762 1 1024
8308 18334 3533772 1 1024
8309 18335 3533782 1 1024
8309 18336 3533792 1 1024
8310 18337 3533802 1 1024
8311 18338 3533812 1 1024
8311 18338 3533822 1 1024
8312 18338 3533832 1 1024
8312 18339 3533842 1 1024
8312 18339 3533852 1 1024
8313 18339 3533862 1 1024
8313 18339 3533872 1 1024
8313 18339 3533882 1 1024
8313 18339 3533892 1 1024
8312 18339 3533902 1 1024
8312 18338 3533912 1 1024
8311 18338 3533922 1 1024
8310 18337 3533932 1 1024
8310 18336 3533942 1 1024
8309 18335 3533952 1 1024
8308 18334 3533962 1 1024
8307 18332 3533972 1 1024
8306 18331 3533982 1 1024
8305 18329 3533992 1 1024
8304 18328 3534002 1 1024
8303 18326 3534012 1 1024
8303 18325 3534022 1 1024
8302 18325 3534032 1 1024
8302 18324 3534042 1 1024
8302 18324 3534052 1 1024
8301 18323 3534062 1 1024
