7737 17679 7196037 1 655
7737 17679 7196047 1 658
7737 17679 7196057 1 660
7737 17679 7196067 1 661
7737 17679 7196077 1 662
7738 17680 7196087 1 663
7739 17682 7196097 1 663
7741 17686 7196107 1 663
7745 17690 7196117 1 665
7749 17695 7196127 1 666
7754 17699 7196137 1 666
7760 17704 7196147 1 666
7763 17706 7196157 1 667
7766 17708 7196167 1 667
7772 17711 7196177 1 668
7778 17715 7196187 1 669
7784 17718 7196197 1 670
7789 17722 7196207 1 670
7795 17726 7196217 1 671
7801 17729 7196227 1 672
7807 17732 7196237 1 673
7813 17734 7196247 1 673
7818 17735 7196257 1 674
7822 17736 7196267 1 674
7825 17736 7196277 1 675
7827 17736 7196287 1 676
7831 17735 7196297 1 677
7835 17734 7196307 1 677
7838 17731 7196317 1 677
7842 17728 7196327 1 678
7845 17725 7196337 1 679
7848 17721 7196347 1 679
7850 17716 7196357 1 681
7851 17712 7196367 1 681
7852 17707 7196377 1 681
7851 17702 7196387 1 682
7851 17700 7196397 1 683
7850 17697 7196407 1 683
7847 17693 7196417 1 683
7844 17688 7196427 1 684
7841 17684 7196437 1 684
7837 17680 7196447 1 684
7832 17676 7196457 1 685
7828 17673 7196467 1 687
7824 17669 7196477 1 687
7820 17666 7196487 1 687
7817 17664 7196497 1 688
7813 17662 7196507 1 689
7812 17661 7196517 1 690
7810 17660 7196527 1 690
7808 17660 7196537 1 690
7805 17660 7196547 1 690
7803 17661 7196557 1 691
7801 17662 7196567 1 693
7800 17665 7196577 1 694
7799 17668 7196587 1 694
7798 17672 7196597 1 695
7798 17676 7196607 1 696
7798 17681 7196617 1 697
7798 17685 7196627 1 698
7798 17688 7196637 1 699
7798 17690 7196647 1 699
7799 17695 7196657 1 700
7801 17701 7196667 1 701
7802 17707 7196677 1 703
7805 17713 7196687 1 704
7807 17719 7196697 1 704
7810 17725 7196707 1 705
7814 17732 7196717 1 708
7817 17738 7196727 1 709
7821 17745 7196737 1 711
7825 17751 7196747 1 712
7828 17755 7196757 1 711
7830 17757 7196767 1 712
7835 17763 7196777 1 714
7840 17768 7196787 1 716
7844 17772 7196797 1 717
7850 17775 7196807 1 718
7855 17778 7196817 1 719
7860 17780 7196827 1 720
7866 17782 7196837 1 722
7871 17783 7196847 1 724
7877 17783 7196857 1 724
7882 17783 7196867 1 725
7885 17783 7196877 1 725
7887 17783 7196887 1 726
7893 17782 7196897 1 727
7898 17780 7196907 1 728
7903 17779 7196917 1 729
7908 17778 7196927 1 729
7913 17776 7196937 1 730
7917 17775 7196947 1 730
7921 17774 7196957 1 731
7925 17773 7196967 1 732
7927 17773 7196977 1 732
7930 17772 7196987 1 732
7931 17772 7196997 1 732
7932 17772 7197007 1 732
7933 17771 7197017 1 732
7933 17771 7197027 1 732
7933 17770 7197037 1 732
7933 17770 7197047 1 731
7932 17769 7197057 1 729
7931 17768 7197067 1 728
7930 17768 7197077 1 728
7929 17767 7197087 1 727
7927 17767 7197097 1 726
7926 17766 7197107 1 724
7925 17765 7197117 1 723
7924 17765 7197127 1 723
7924 17763 7197137 1 722
7923 17762 7197147 1 721
7922 17760 7197157 1 719
7921 17758 7197167 1 717
7920 17755 7197177 1 714
7918 17753 7197187 1 713
7916 17750 7197197 1 711
7915 17747 7197207 1 709
7913 17744 7197217 1 707
7911 17740 7197227 1 704
7910 17738 7197237 1 703
7910 17735 7197247 1 703
7908 17730 7197257 1 702
7907 17725 7197267 1 699
7907 17720 7197277 1 696
7906 17715 7197287 1 694
7906 17710 7197297 1 693
7905 17705 7197307 1 691
7905 17701 7197317 1 689
7905 17698 7197327 1 687
7905 17694 7197337 1 685
7905 17692 7197347 1 684
7905 17691 7197357 1 684
7905 17690 7197367 1 683
7905 17689 7197377 1 681
7905 17688 7197387 1 679
7905 17688 7197397 1 678
7905 17688 7197407 1 677
7904 17690 7197417 1 677
7904 17692 7197427 1 676
7902 17695 7197437 1 675
7900 17699 7197447 1 674
7897 17702 7197457 1 673
7894 17706 7197467 1 674
7893 17708 7197477 1 674
7891 17710 7197487 1 674
7887 17714 7197497 1 674
7883 17717 7197507 1 675
7879 17720 7197517 1 676
7875 17723 7197527 1 676
7871 17725 7197537 1 677
7867 17727 7197547 1 679
7863 17729 7197557 1 682
7860 17731 7197567 1 682
7857 17733 7197577 1 684
7854 17735 7197587 1 687
7852 17736 7197597 1 688
7851 17738 7197607 1 690
7849 17740 7197617 1 694
7847 17743 7197627 1 697
7846 17745 7197637 1 699
7845 17747 7197647 1 704
7845 17749 7197657 1 711
7845 17750 7197667 1 717
7845 17751 7197677 1 720
7845 17751 7197687 1 723
7846 17750 7197697 1 731
7847 17748 7197707 1 739
7847 17748 7197717 1 744
7847 17746 7197727 1 748
7848 17744 7197737 1 752
7849 17741 7197747 1 757
7851 17739 7197757 1 767
7853 17736 7197767 1 778
7855 17733 7197777 1 790
7858 17730 7197787 1 795
7861 17727 7197797 1 801
7864 17725 7197807 1 814
7867 17723 7197817 1 826
7871 17721 7197827 1 838
7872 17720 7197837 1 844
7874 17719 7197847 1 850
7877 17717 7197857 1 862
7880 17716 7197867 1 873
7883 17715 7197877 1 884
7886 17714 7197887 1 893
7888 17713 7197897 1 897
7890 17713 7197907 1 900
7892 17713 7197917 1 907
7894 17713 7197927 1 911
7895 17713 7197937 1 914
7897 17713 7197947 1 916
7898 17714 7197957 1 917
7899 17714 7197967 1 916
7900 17715 7197977 1 914
7902 17717 7197987 1 911
7904 17718 7197997 1 905
7906 17720 7198007 1 901
7907 17723 7198017 1 895
7907 17725 7198027 1 884
7907 17728 7198037 1 868
7906 17731 7198047 1 849
7906 17733 7198057 1 839
7905 17736 7198067 1 827
7904 17737 7198077 1 818
7904 17738 7198087 1 802
7903 17741 7198097 1 771
7902 17743 7198107 1 738
7901 17744 7198117 1 720
7900 17746 7198127 1 701
7900 17746 7198137 1 662
7899 17747 7198147 1 620
7899 17747 7198157 1 576
7899 17747 7198167 1 555
7899 17746 7198177 1 532
7901 17746 7198187 1 486
7901 17746 7198197 1 463
7902 17745 7198207 1 440
7903 17745 7198217 1 395
7905 17744 7198227 1 372
7906 17744 7198237 1 350
7907 17743 7198247 1 305
7907 17743 7198257 1 263
7907 17742 7198267 1 221
7908 17742 7198277 1 200
7908 17742 7198287 1 182
7908 17742 7198297 1 145
7908 17742 7198307 1 112
7908 17742 7198317 1 95
7907 17742 7198327 1 83
7907 17743 7198337 1 70
7908 17743 7198347 1 59
7908 17743 7198357 1 38
7909 17743 7198367 1 22
7910 17744 7198377 1 7
7911 17744 7198387 1 4
7912 17745 7198397 1 7
7913 17746 7198407 1 6
7914 17747 7198417 1 6
7914 17749 7198427 1 6
7915 17749 7198437 1 7
7915 17750 7198447 1 7
7916 17752 7198457 1 6
7915 17754 7198467 1 6
7915 17756 7198477 1 6
7914 17757 7198487 1 6
7912 17759 7198497 1 6
7911 17760 7198507 1 6
7909 17761 7198517 1 5
7907 17762 7198527 1 6
7905 17762 7198537 1 14
7903 17763 7198547 1 21
7901 17763 7198557 1 23
7900 17763 7198567 1 33
7898 17762 7198577 1 61
7896 17761 7198587 1 96
7894 17760 7198597 1 138
7892 17759 7198607 1 160
7890 17758 7198617 1 187
7888 17757 7198627 1 240
7887 17755 7198637 1 297
7885 17753 7198647 1 356
7884 17751 7198657 1 386
7883 17749 7198667 1 416
7882 17748 7198677 1 442
7882 17747 7198687 1 478
7880 17744 7198697 1 539
7879 17742 7198707 1 598
7878 17740 7198717 1 627
7877 17737 7198727 1 655
7876 17735 7198737 1 708
7875 17733 7198747 1 756
7874 17731 7198757 1 799
7874 17730 7198767 1 819
7873 17728 7198777 1 834
7873 17727 7198787 1 861
7874 17726 7198797 1 875
7874 17726 7198807 1 880
7874 17725 7198817 1 887
7875 17724 7198827 1 887
7876 17723 7198837 1 885
7878 17723 7198847 1 882
7880 17723 7198857 1 877
7883 17724 7198867 1 872
7886 17725 7198877 1 870
7890 17726 7198887 1 867
7894 17727 7198897 1 862
7898 17729 7198907 1 858
7900 17730 7198917 1 856
7903 17731 7198927 1 854
7907 17733 7198937 1 852
7911 17736 7198947 1 852
7915 17738 7198957 1 851
7919 17740 7198967 1 850
7923 17743 7198977 1 850
7926 17745 7198987 1 850
7929 17747 7198997 1 850
7931 17749 7199007 1 851
7933 17750 7199017 1 853
7934 17752 7199027 1 856
7935 17752 7199037 1 856
7935 17753 7199047 1 857
7936 17754 7199057 1 858
7936 17754 7199067 1 860
7935 17754 7199077 1 863
7935 17753 7199087 1 866
7934 17751 7199097 1 868
7934 17750 7199107 1 869
7933 17747 7199117 1 872
7933 17745 7199127 1 875
7933 17743 7199137 1 878
7933 17741 7199147 1 880
7933 17740 7199157 1 880
7934 17738 7199167 1 881
7934 17736 7199177 1 883
7935 17734 7199187 1 885
7935 17732 7199197 1 887
7936 17729 7199207 1 888
7936 17727 7199217 1 890
7937 17725 7199227 1 892
7937 17723 7199237 1 893
7937 17722 7199247 1 894
7937 17720 7199257 1 895
7937 17719 7199267 1 895
7938 17718 7199277 1 896
7938 17718 7199287 1 896
7938 17717 7199297 1 897
7938 17716 7199307 1 898
7939 17716 7199317 1 899
7939 17716 7199327 1 900
7940 17716 7199337 1 900
7941 17716 7199347 1 901
7941 17716 7199357 1 901
7942 17717 7199367 1 901
7943 17717 7199377 1 901
7944 17718 7199387 1 902
7944 17719 7199397 1 903
7945 17719 7199407 1 902
7946 17720 7199417 1 902
7947 17721 7199427 1 903
7949 17722 7199437 1 904
7951 17723 7199447 1 904
7952 17724 7199457 1 904
7954 17725 7199467 1 904
7956 17725 7199477 1 905
7958 17725 7199487 1 905
7960 17726 7199497 1 905
7962 17726 7199507 1 906
7963 17726 7199517 1 907
7963 17727 7199527 1 906
7965 17727 7199537 1 907
7967 17728 7199547 1 908
7968 17728 7199557 1 908
7970 17729 7199567 1 909
7971 17729 7199577 1 910
7973 17730 7199587 1 911
7974 17730 7199597 1 911
7976 17730 7199607 1 911
7978 17730 7199617 1 912
7979 17729 7199627 1 914
7980 17729 7199637 1 914
7981 17729 7199647 1 915
7983 17729 7199657 1 916
7984 17729 7199667 1 917
7986 17728 7199677 1 918
7987 17728 7199687 1 919
7988 17728 7199697 1 920
7988 17728 7199707 1 921
7989 17728 7199717 1 922
7989 17729 7199727 1 922
7989 17730 7199737 1 923
7990 17730 7199747 1 924
7990 17731 7199757 1 924
7990 17731 7199767 1 924
7990 17732 7199777 1 925
7990 17733 7199787 1 927
7990 17734 7199797 1 928
7989 17735 7199807 1 928
7989 17736 7199817 1 929
7988 17738 7199827 1 930
7987 17739 7199837 1 931
7986 17740 7199847 1 933
7985 17741 7199857 1 933
7983 17742 7199867 1 933
7983 17742 7199877 1 933
7982 17742 7199887 1 934
7981 17742 7199897 1 935
7979 17742 7199907 1 936
7977 17742 7199917 1 937
7975 17741 7199927 1 938
7974 17741 7199937 1 938
7972 17740 7199947 1 939
7970 17739 7199957 1 940
7969 17738 7199967 1 941
7968 17736 7199977 1 941
7967 17734 7199987 1 941
7967 17733 7199997 1 942
7967 17732 7200007 1 943
7967 17730 7200017 1 944
7966 17728 7200027 1 944
7966 17726 7200037 1 944
7966 17724 7200047 1 945
7965 17723 7200057 1 946
7965 17721 7200067 1 948
7964 17719 7200077 1 948
7964 17718 7200087 1 948
7964 17717 7200097 1 949
7964 17716 7200107 1 950
7964 17715 7200117 1 951
7964 17714 7200127 1 951
7963 17713 7200137 1 951
7963 17712 7200147 1 952
7962 17710 7200157 1 953
7962 17709 7200167 1 954
7960 17708 7200177 1 954
7959 17706 7200187 1 954
7958 17705 7200197 1 955
7957 17704 7200207 1 957
7956 17703 7200217 1 958
7956 17702 7200227 1 958
7956 17701 7200237 1 958
7956 17701 7200247 1 958
7957 17700 7200257 1 959
7957 17699 7200267 1 960
7959 17698 7200277 1 962
7960 17698 7200287 1 962
7962 17698 7200297 1 962
7963 17699 7200307 1 963
7965 17700 7200317 1 964
7966 17701 7200327 1 965
7967 17702 7200337 1 966
7968 17702 7200347 1 966
7968 17703 7200357 1 966
7968 17703 7200367 1 967
7968 17703 7200377 1 968
7968 17704 7200387 1 968
7969 17704 7200397 1 970
7969 17704 7200407 1 970
7968 17704 7200417 1 971
7968 17705 7200427 1 972
7967 17705 7200437 1 972
7967 17706 7200447 1 973
7966 17707 7200457 1 975
7966 17708 7200467 1 975
7965 17708 7200477 1 975
7965 17709 7200487 1 976
7965 17710 7200497 1 977
7964 17710 7200507 1 978
7964 17711 7200517 1 979
7963 17712 7200527 1 980
7963 17712 7200537 1 981
7963 17713 7200547 1 981
7963 17713 7200557 1 982
7963 17713 7200567 1 984
7963 17714 7200577 1 984
7964 17714 7200587 1 985
7964 17714 7200597 1 986
7964 17714 7200607 1 986
7965 17714 7200617 1 986
7966 17714 7200627 1 988
7966 17714 7200637 1 989
7966 17713 7200647 1 989
7966 17713 7200657 1 990
7965 17713 7200667 1 991
7965 17712 7200677 1 993
7965 17712 7200687 1 993
7964 17712 7200697 1 994
7963 17712 7200707 1 995
7963 17711 7200717 1 995
7962 17711 7200727 1 995
7961 17711 7200737 1 997
7961 17711 7200747 1 998
7960 17710 7200757 1 998
7960 17710 7200767 1 999
7961 17710 7200777 1 1000
7961 17709 7200787 1 1001
7961 17709 7200797 1 1002
7961 17709 7200807 1 1002
7960 17709 7200817 1 1003
7959 17709 7200827 1 1005
7959 17709 7200837 1 1005
7958 17710 7200847 1 1005
7958 17711 7200857 1 1006
7957 17713 7200867 1 1007
7956 17715 7200877 1 1007
7955 17716 7200887 1 1009
7954 17718 7200897 1 1010
7953 17719 7200907 1 1010
7953 17720 7200917 1 1011
7953 17720 7200927 1 1012
7953 17720 7200937 1 1013
7954 17719 7200947 1 1014
7955 17718 7200957 1 1014
7956 17716 7200967 1 1014
7957 17715 7200977 1 1015
7958 17713 7200987 1 1015
7959 17711 7200997 1 1014
7960 17709 7201007 1 1014
7960 17707 7201017 1 1014
7960 17705 7201027 1 1014
7961 17703 7201037 1 1014
7961 17702 7201047 1 1013
7961 17701 7201057 1 1013
7962 17700 7201067 1 1014
7963 17699 7201077 1 1014
7963 17699 7201087 1 1013
7965 17698 7201097 1 1013
7966 17698 7201107 1 1013
7967 17697 7201117 1 1013
7969 17697 7201127 1 1013
7970 17696 7201137 1 1012
7971 17696 7201147 1 1012
7972 17696 7201157 1 1012
7972 17696 7201167 1 1013
7973 17697 7201177 1 1012
7973 17697 7201187 1 1012
7974 17698 7201197 1 1012
7974 17699 7201207 1 1012
