8169 18313 2722806 1 713
8165 18310 2722816 1 714
8162 18307 2722826 1 714
8155 18301 2722836 1 714
8153 18300 2722846 1 714
8152 18300 2722856 1 714
8150 18300 2722866 1 714
8148 18299 2722876 1 715
8146 18299 2722886 1 715
8144 18299 2722896 1 715
8143 18298 2722906 1 715
8141 18298 2722916 1 716
8139 18297 2722926 1 715
8136 18297 2722936 1 716
8135 18296 2722946 1 716
8134 18296 2722956 1 716
8132 18295 2722966 1 717
8130 18294 2722976 1 717
8130 18294 2722986 1 717
8129 18294 2722996 1 718
8129 18293 2723006 1 718
8129 18293 2723016 1 718
8129 18293 2723026 1 718
8129 18292 2723036 1 718
8129 18292 2723046 1 718
8130 18292 2723056 1 719
8132 18292 2723066 1 719
8133 18291 2723076 1 720
8134 18291 2723086 1 720
8135 18290 2723096 1 720
8136 18290 2723106 1 720
8137 18289 2723116 1 721
8138 18289 2723126 1 721
8138 18288 2723136 1 721
8139 18286 2723146 1 722
8139 18285 2723156 1 722
8139 18284 2723166 1 722
8140 18283 2723176 1 723
8140 18281 2723186 1 723
8139 18278 2723196 1 723
8139 18277 2723206 1 724
8139 18275 2723216 1 724
8139 18274 2723226 1 724
8139 18272 2723236 1 725
8139 18271 2723246 1 725
8139 18269 2723256 1 725
8138 18268 2723266 1 726
8138 18267 2723276 1 726
8137 18266 2723286 1 726
8137 18265 2723296 1 727
8136 18265 2723306 1 727
8136 18265 2723316 1 727
8135 18266 2723326 1 729
8135 18267 2723336 1 729
8135 18269 2723346 1 729
8136 18271 2723356 1 730
8136 18273 2723366 1 730
8136 18276 2723376 1 730
8136 18280 2723386 1 730
8137 18283 2723396 1 731
8138 18287 2723406 1 731
8139 18291 2723416 1 731
8140 18296 2723426 1 732
8142 18301 2723436 1 733
8143 18306 2723446 1 733
8145 18311 2723456 1 733
8148 18322 2723466 1 734
8150 18328 2723476 1 734
8153 18339 2723486 1 735
8155 18345 2723496 1 736
8155 18350 2723506 1 736
8156 18356 2723516 1 737
8156 18361 2723526 1 737
8156 18366 2723536 1 737
8156 18371 2723546 1 738
8155 18376 2723556 1 738
8154 18380 2723566 1 739
8152 18384 2723576 1 739
8149 18387 2723586 1 739
8143 18393 2723596 1 741
8139 18395 2723606 1 741
8135 18397 2723616 1 741
8131 18398 2723626 1 742
8126 18399 2723636 1 743
8122 18399 2723646 1 743
8112 18399 2723656 1 744
8108 18398 2723666 1 745
8103 18397 2723676 1 745
8099 18395 2723686 1 745
8096 18394 2723696 1 746
8092 18392 2723706 1 747
8089 18390 2723716 1 747
8082 18385 2723726 1 748
8080 18383 2723736 1 749
8077 18380 2723746 1 749
8076 18378 2723756 1 749
8074 18375 2723766 1 750
8073 18373 2723776 1 751
8072 18370 2723786 1 752
8071 18368 2723796 1 752
8071 18366 2723806 1 752
8071 18364 2723816 1 753
8073 18360 2723826 1 754
8074 18358 2723836 1 754
8076 18357 2723846 1 755
8080 18355 2723856 1 757
8082 18354 2723866 1 757
8085 18353 2723876 1 757
8089 18353 2723886 1 758
8092 18353 2723896 1 759
8096 18353 2723906 1 760
8099 18353 2723916 1 760
8103 18353 2723926 1 760
8107 18354 2723936 1 761
8110 18354 2723946 1 762
8114 18354 2723956 1 763
8117 18355 2723966 1 763
8121 18355 2723976 1 763
8124 18355 2723986 1 764
8134 18355 2723996 1 766
8138 18355 2724006 1 767
8141 18355 2724016 1 768
8144 18354 2724026 1 768
8147 18353 2724036 1 769
8150 18353 2724046 1 770
8152 18352 2724056 1 770
8155 18351 2724066 1 771
8157 18349 2724076 1 772
8159 18348 2724086 1 773
8161 18347 2724096 1 774
8162 18345 2724106 1 774
8163 18344 2724116 1 775
8167 18340 2724126 1 776
8168 18339 2724136 1 777
8169 18337 2724146 1 778
8170 18336 2724156 1 778
8171 18333 2724166 1 780
8172 18331 2724176 1 781
8172 18330 2724186 1 782
8172 18328 2724196 1 783
8173 18327 2724206 1 783
8173 18325 2724216 1 784
8173 18324 2724226 1 785
8173 18323 2724236 1 786
8174 18321 2724246 1 786
8174 18319 2724256 1 788
8174 18318 2724266 1 789
8173 18317 2724276 1 789
8173 18317 2724286 1 790
8172 18316 2724296 1 791
8172 18316 2724306 1 792
8171 18315 2724316 1 792
8171 18315 2724326 1 793
8170 18314 2724336 1 795
8168 18314 2724346 1 796
8167 18314 2724356 1 796
8166 18314 2724366 1 797
8164 18315 2724376 1 797
8161 18316 2724386 1 799
8160 18316 2724396 1 799
8158 18317 2724406 1 800
8156 18317 2724416 1 801
8155 18318 2724426 1 801
8154 18319 2724436 1 802
8153 18320 2724446 1 803
8152 18321 2724456 1 804
8152 18321 2724466 1 804
8151 18322 2724476 1 805
8151 18323 2724486 1 806
8151 18323 2724496 1 807
8152 18325 2724506 1 808
8152 18327 2724516 1 809
8153 18327 2724526 1 810
8153 18328 2724536 1 811
8153 18329 2724546 1 811
8154 18330 2724556 1 812
8154 18331 2724566 1 813
8155 18332 2724576 1 814
8155 18332 2724586 1 815
8156 18333 2724596 1 816
8156 18334 2724606 1 817
8157 18334 2724616 1 818
8157 18335 2724626 1 819
8158 18336 2724636 1 821
8159 18336 2724646 1 822
8160 18337 2724656 1 824
8161 18338 2724666 1 825
8163 18338 2724676 1 827
8163 18339 2724686 1 829
8164 18339 2724696 1 830
8164 18339 2724706 1 832
8165 18339 2724716 1 833
8165 18339 2724726 1 835
8166 18339 2724736 1 837
8166 18339 2724746 1 838
8166 18340 2724756 1 840
8167 18340 2724766 1 842
8167 18340 2724776 1 843
8168 18340 2724786 1 846
8169 18340 2724796 1 847
8169 18340 2724806 1 848
8170 18340 2724816 1 849
8170 18340 2724826 1 850
8171 18340 2724836 1 851
8172 18340 2724846 1 849
8173 18340 2724856 1 848
8174 18340 2724866 1 847
8175 18340 2724876 1 845
8176 18341 2724886 1 843
8176 18341 2724896 1 841
8177 18342 2724906 1 839
8177 18343 2724916 1 834
8176 18343 2724926 1 832
8176 18344 2724936 1 829
8175 18345 2724946 1 826
8174 18346 2724956 1 825
8174 18346 2724966 1 822
8173 18347 2724976 1 820
8173 18348 2724986 1 820
8173 18349 2724996 1 818
8173 18350 2725006 1 818
8174 18351 2725016 1 818
8174 18352 2725026 1 819
8174 18353 2725036 1 821
8174 18355 2725046 1 827
8174 18355 2725056 1 831
8174 18356 2725066 1 835
8175 18356 2725076 1 842
8175 18357 2725086 1 848
8175 18357 2725096 1 857
8175 18358 2725106 1 866
8176 18358 2725116 1 878
8176 18358 2725126 1 889
8177 18358 2725136 1 902
8177 18358 2725146 1 916
8178 18358 2725156 1 932
8179 18358 2725166 1 948
8180 18358 2725176 1 964
8183 18356 2725186 1 989
8184 18355 2725196 1 989
8185 18354 2725206 1 990
8185 18353 2725216 1 991
8186 18352 2725226 1 991
8186 18351 2725236 1 993
8186 18350 2725246 1 993
8186 18349 2725256 1 993
8185 18349 2725266 1 995
8185 18348 2725276 1 995
8184 18347 2725286 1 996
8184 18347 2725296 1 997
8183 18347 2725306 1 998
8182 18346 2725316 1 990
8182 18346 2725326 1 959
8181 18346 2725336 1 922
8180 18346 2725346 1 879
8179 18346 2725356 1 780
8179 18346 2725366 1 724
8179 18346 2725376 1 664
8179 18347 2725386 1 602
8179 18347 2725396 1 540
8179 18347 2725406 1 477
8179 18348 2725416 1 414
8179 18348 2725426 1 352
8179 18349 2725436 1 292
8178 18350 2725446 1 183
8178 18350 2725456 1 134
8177 18351 2725466 1 90
8177 18351 2725476 1 53
8176 18352 2725486 1 24
8175 18352 2725496 1 22
8174 18352 2725506 1 19
8173 18353 2725516 1 17
8171 18352 2725526 1 13
8170 18352 2725536 1 11
8170 18352 2725546 1 20
8169 18351 2725556 1 45
8169 18350 2725566 1 74
8168 18348 2725576 1 146
8168 18347 2725586 1 189
8168 18346 2725596 1 236
8168 18344 2725606 1 287
8168 18343 2725616 1 338
8168 18341 2725626 1 392
8168 18340 2725636 1 446
8169 18338 2725646 1 501
8169 18337 2725656 1 556
8169 18335 2725666 1 609
8170 18334 2725676 1 663
8171 18332 2725686 1 715
8173 18330 2725696 1 812
8175 18329 2725706 1 900
8176 18329 2725716 1 938
8178 18328 2725726 1 973
8179 18328 2725736 1 1002
8180 18329 2725746 1 1009
8182 18329 2725756 1 1008
8183 18329 2725766 1 1007
8185 18330 2725776 1 1007
8186 18331 2725786 1 1005
8187 18332 2725796 1 1005
8189 18333 2725806 1 1004
8190 18335 2725816 1 1003
8192 18336 2725826 1 1003
8193 18338 2725836 1 1002
8195 18341 2725846 1 1000
8196 18342 2725856 1 1000
8198 18345 2725866 1 998
8198 18347 2725876 1 998
8199 18348 2725886 1 996
8199 18349 2725896 1 996
8199 18350 2725906 1 995
8199 18351 2725916 1 994
8199 18352 2725926 1 993
8198 18353 2725936 1 993
8197 18354 2725946 1 992
8196 18354 2725956 1 991
8195 18355 2725966 1 986
8193 18355 2725976 1 971
8191 18354 2725986 1 966
8190 18354 2725996 1 961
8188 18354 2726006 1 957
8186 18353 2726016 1 955
8184 18353 2726026 1 953
8180 18351 2726036 1 950
8178 18350 2726046 1 951
8176 18349 2726056 1 951
8173 18348 2726066 1 952
8171 18347 2726076 1 954
8169 18346 2726086 1 955
8168 18345 2726096 1 957
8165 18344 2726106 1 962
8164 18343 2726116 1 964
8163 18342 2726126 1 967
8163 18341 2726136 1 969
8162 18340 2726146 1 972
8162 18339 2726156 1 974
8161 18338 2726166 1 974
8161 18338 2726176 1 973
8161 18337 2726186 1 972
8161 18337 2726196 1 972
8162 18337 2726206 1 970
8163 18337 2726216 1 970
8163 18337 2726226 1 968
8166 18338 2726236 1 967
8167 18339 2726246 1 967
8168 18340 2726256 1 966
8170 18341 2726266 1 965
8172 18342 2726276 1 965
8173 18343 2726286 1 964
8175 18344 2726296 1 963
8177 18345 2726306 1 962
8178 18347 2726316 1 962
8179 18348 2726326 1 961
8180 18349 2726336 1 960
8181 18351 2726346 1 960
8182 18352 2726356 1 959
8183 18353 2726366 1 958
8185 18357 2726376 1 957
8185 18358 2726386 1 955
8185 18359 2726396 1 955
8186 18360 2726406 1 954
8186 18361 2726416 1 954
8187 18362 2726426 1 952
8187 18362 2726436 1 952
8188 18363 2726446 1 952
8189 18364 2726456 1 950
8190 18364 2726466 1 950
8192 18364 2726476 1 949
8193 18364 2726486 1 949
8194 18364 2726496 1 948
8195 18363 2726506 1 947
8196 18362 2726516 1 946
8197 18361 2726526 1 946
8197 18361 2726536 1 944
8198 18359 2726546 1 944
8199 18358 2726556 1 943
8199 18357 2726566 1 942
8199 18356 2726576 1 941
8199 18354 2726586 1 941
8198 18353 2726596 1 940
8198 18352 2726606 1 939
8197 18350 2726616 1 939
8197 18349 2726626 1 938
8197 18346 2726636 1 937
8197 18345 2726646 1 936
8197 18344 2726656 1 936
8197 18342 2726666 1 935
8198 18341 2726676 1 934
8198 18340 2726686 1 933
8198 18339 2726696 1 933
8199 18338 2726706 1 932
8200 18336 2726716 1 931
8201 18336 2726726 1 930
8201 18335 2726736 1 930
8202 18334 2726746 1 929
8203 18333 2726756 1 928
8204 18333 2726766 1 927
8205 18332 2726776 1 927
8206 18332 2726786 1 926
8207 18332 2726796 1 925
8208 18332 2726806 1 913
8208 18333 2726816 1 893
8209 18333 2726826 1 872
8209 18334 2726836 1 849
8210 18335 2726846 1 825
8211 18336 2726856 1 799
8212 18337 2726866 1 773
8213 18338 2726876 1 744
8214 18340 2726886 1 684
8216 18342 2726896 1 616
8217 18343 2726906 1 580
8218 18344 2726916 1 543
8219 18345 2726926 1 504
8220 18345 2726936 1 464
8222 18346 2726946 1 422
8223 18346 2726956 1 379
8224 18346 2726966 1 333
8226 18346 2726976 1 287
8227 18346 2726986 1 289
8228 18346 2726996 1 290
8229 18346 2727006 1 292
8230 18345 2727016 1 294
8231 18345 2727026 1 295
8233 18343 2727036 1 298
8233 18341 2727046 1 299
8233 18339 2727056 1 303
8234 18337 2727066 1 304
8234 18335 2727076 1 306
8234 18334 2727086 1 308
8234 18332 2727096 1 309
8235 18330 2727106 1 311
8236 18329 2727116 1 312
8236 18327 2727126 1 314
8237 18326 2727136 1 316
8238 18324 2727146 1 317
8239 18323 2727156 1 319
8240 18320 2727166 1 321
8241 18319 2727176 1 323
8241 18318 2727186 1 324
8242 18317 2727196 1 326
8242 18317 2727206 1 328
8242 18317 2727216 1 329
8242 18316 2727226 1 332
8242 18316 2727236 1 453
8242 18317 2727246 1 584
8241 18317 2727256 1 723
8241 18317 2727266 1 868
8240 18318 2727276 1 892
8240 18319 2727286 1 892
8239 18321 2727296 1 891
8238 18322 2727306 1 890
8237 18324 2727316 1 890
8236 18325 2727326 1 889
8235 18327 2727336 1 889
8233 18328 2727346 1 888
8231 18330 2727356 1 887
8230 18331 2727366 1 887
8228 18333 2727376 1 886
8226 18335 2727386 1 886
8222 18338 2727396 1 885
8220 18340 2727406 1 884
8218 18341 2727416 1 883
8215 18345 2727426 1 882
8214 18346 2727436 1 882
8213 18347 2727446 1 882
8212 18348 2727456 1 881
8212 18350 2727466 1 881
8212 18351 2727476 1 880
8213 18352 2727486 1 879
8213 18353 2727496 1 878
8213 18354 2727506 1 878
8214 18355 2727516 1 878
8214 18356 2727526 1 877
8214 18356 2727536 1 877
8214 18356 2727546 1 606
8215 18357 2727556 1 386
8217 18356 2727566 1 390
8218 18356 2727576 1 391
8219 18356 2727586 1 393
8220 18355 2727596 1 394
8222 18355 2727606 1 396
8223 18355 2727616 1 872
8224 18354 2727626 1 871
8226 18354 2727636 1 814
8227 18354 2727646 1 691
8228 18354 2727656 1 582
8230 18355 2727666 1 485
8232 18355 2727676 1 406
8234 18356 2727686 1 407
8238 18357 2727696 1 409
8240 18358 2727706 1 411
8242 18360 2727716 1 412
8243 18361 2727726 1 414
8246 18364 2727736 1 416
8247 18365 2727746 1 418
8248 18367 2727756 1 419
8249 18368 2727766 1 421
8250 18370 2727776 1 422
8250 18371 2727786 1 423
8250 18372 2727796 1 425
8250 18373 2727806 1 426
8250 18374 2727816 1 428
8249 18376 2727826 1 460
8248 18377 2727836 1 521
8248 18377 2727846 1 585
8247 18378 2727856 1 652
8246 18378 2727866 1 721
8245 18378 2727876 1 792
8244 18378 2727886 1 856
8243 18378 2727896 1 855
8241 18377 2727906 1 855
8241 18377 2727916 1 854
8240 18376 2727926 1 854
8240 18376 2727936 1 853
8241 18375 2727946 1 853
8242 18374 2727956 1 852
8243 18373 2727966 1 851
8244 18372 2727976 1 851
8245 18371 2727986 1 850
8246 18371 2727996 1 849
8247 18370 2728006 1 849
8248 18369 2728016 1 849
8249 18368 2728026 1 848
8250 18367 2728036 1 848
8251 18366 2728046 1 847
8253 18366 2728056 1 847
8254 18365 2728066 1 846
8257 18363 2728076 1 846
8259 18362 2728086 1 845
8260 18362 2728096 1 844
8262 18362 2728106 1 844
8263 18361 2728116 1 844
8264 18361 2728126 1 843
8266 18358 2728136 1 842
8266 18353 2728146 1 842
8267 18346 2728156 1 841
8268 18338 2728166 1 841
8268 18329 2728176 1 840
8268 18318 2728186 1 840
8263 18307 2728196 1 839
8255 18294 2728206 1 839
8244 18282 2728216 1 838
8213 18262 2728226 1 838
8193 18255 2728236 1 837
8149 18246 2728246 1 836
8124 18244 2728256 1 836
8102 18244 2728266 1 835
8083 18246 2728276 1 835
8068 18250 2728286 1 834
8055 18255 2728296 1 832
8045 18262 2728306 1 831
8039 18271 2728316 1 827
8035 18281 2728326 1 824
8035 18294 2728336 1 819
8038 18308 2728346 1 812
8053 18337 2728356 1 805
8065 18355 2728366 1 795
8080 18376 2728376 1 784
