8174 18743 4367499 1 371
7871 18591 4367509 1 422
7757 18514 4367519 1 467
7761 18486 4367529 1 506
7812 18480 4367539 1 542
7850 18477 4367549 1 573
7856 18473 4367559 1 603
7861 18465 4367569 1 628
7866 18461 4367579 1 650
7865 18457 4367589 1 669
7857 18452 4367599 1 687
7845 18448 4367609 1 701
7829 18445 4367619 1 713
7820 18444 4367629 1 719
7810 18446 4367639 1 723
7791 18450 4367649 1 730
7769 18459 4367659 1 736
7745 18474 4367669 1 740
7719 18495 4367679 1 743
7690 18520 4367689 1 745
7661 18550 4367699 1 745
7634 18583 4367709 1 744
7612 18616 4367719 1 743
7599 18647 4367729 1 741
7598 18675 4367739 1 739
7602 18687 4367749 1 736
7604 18689 4367759 1 735
7615 18695 4367769 1 734
7645 18710 4367779 1 730
7684 18717 4367789 1 726
7728 18716 4367799 1 722
7773 18708 4367809 1 718
7812 18692 4367819 1 713
7842 18671 4367829 1 710
7859 18647 4367839 1 705
7865 18623 4367849 1 702
7862 18593 4367859 1 700
7858 18565 4367869 1 696
7847 18537 4367879 1 694
7840 18522 4367889 1 694
7830 18509 4367899 1 694
7806 18484 4367909 1 694
7779 18462 4367919 1 694
7749 18444 4367929 1 695
7721 18430 4367939 1 697
7694 18423 4367949 1 701
7669 18421 4367959 1 704
7648 18423 4367969 1 710
7629 18429 4367979 1 716
7612 18437 4367989 1 724
7604 18444 4367999 1 727
7598 18450 4368009 1 731
7593 18453 4368019 1 735
7588 18458 4368029 1 740
7581 18468 4368039 1 748
7579 18478 4368049 1 758
7582 18489 4368059 1 766
7591 18501 4368069 1 774
7606 18514 4368079 1 782
7625 18527 4368089 1 788
7648 18541 4368099 1 792
7674 18555 4368109 1 796
7699 18569 4368119 1 797
7721 18582 4368129 1 796
7739 18594 4368139 1 794
7747 18600 4368149 1 792
7752 18605 4368159 1 791
7759 18615 4368169 1 789
7763 18625 4368179 1 784
7763 18633 4368189 1 776
7764 18640 4368199 1 763
7766 18646 4368209 1 746
7772 18649 4368219 1 726
7783 18649 4368229 1 699
7799 18647 4368239 1 668
7816 18644 4368249 1 653
7836 18639 4368259 1 634
7859 18628 4368269 1 594
7871 18621 4368279 1 573
7879 18614 4368289 1 551
7893 18597 4368299 1 503
7898 18579 4368309 1 454
7894 18560 4368319 1 401
7879 18543 4368329 1 347
7856 18526 4368339 1 291
7825 18512 4368349 1 234
7789 18499 4368359 1 176
7750 18487 4368369 1 118
7712 18477 4368379 1 60
7676 18467 4368389 1 4
7644 18458 4368399 0 0
7629 18453 4368409 0 0
7618 18449 4368419 0 0
7599 18440 4368429 0 0
7586 18433 4368439 0 0
7580 18428 4368449 0 0
7579 18426 4368459 0 0
7582 18429 4368469 0 0
7588 18436 4368479 0 0
7597 18449 4368489 0 0
7605 18459 4368499 0 0
7613 18472 4368509 0 0
7622 18496 4368519 0 0
7634 18522 4368529 0 0
7639 18535 4368539 0 0
7646 18548 4368549 0 0
7661 18573 4368559 0 0
7677 18596 4368569 0 0
7693 18617 4368579 0 0
7710 18636 4368589 0 0
7727 18654 4368599 0 0
7742 18670 4368609 1 57
7755 18685 4368619 1 179
7767 18698 4368629 1 321
7777 18710 4368639 1 484
7788 18718 4368649 1 667
7798 18722 4368659 1 875
7811 18721 4368669 1 1024
7825 18716 4368679 1 1024
7841 18704 4368689 1 1024
7857 18686 4368699 1 1024
7871 18662 4368709 1 1024
7881 18632 4368719 1 1024
7885 18595 4368729 1 1024
7879 18561 4368739 1 1024
7862 18517 4368749 1 1024
7835 18461 4368759 1 1024
7799 18392 4368769 1 1024
