7798 18471 4290639 1 531
7803 18437 4290649 1 545
7863 18430 4290659 1 558
7908 18426 4290669 1 569
7914 18421 4290679 1 581
7920 18411 4290689 1 591
7926 18406 4290699 1 600
7924 18400 4290709 1 609
7901 18387 4290719 1 624
7882 18382 4290729 1 630
7863 18380 4290739 1 636
7843 18382 4290749 1 641
7823 18390 4290759 1 645
7803 18405 4290769 1 649
7782 18426 4290779 1 652
7760 18454 4290789 1 654
7715 18525 4290799 1 657
7697 18563 4290809 1 658
7686 18600 4290819 1 658
7684 18634 4290829 1 659
7682 18649 4290839 1 659
7685 18661 4290849 1 660
7703 18682 4290859 1 659
7729 18694 4290869 1 658
7791 18689 4290879 1 657
7820 18673 4290889 1 656
7840 18650 4290899 1 655
7850 18622 4290909 1 654
7853 18596 4290919 1 653
7850 18563 4290929 1 653
7853 18531 4290939 1 653
7851 18499 4290949 1 653
7831 18439 4290959 1 655
7809 18414 4290969 1 657
7780 18392 4290979 1 659
7746 18372 4290989 1 662
7709 18359 4290999 1 667
7672 18351 4291009 1 671
7637 18348 4291019 1 677
7606 18348 4291029 1 684
7573 18351 4291039 1 697
7573 18353 4291049 1 702
7573 18360 4291059 1 712
7580 18370 4291069 1 721
7593 18383 4291079 1 732
7607 18399 4291089 1 742
7623 18418 4291099 1 752
7639 18439 4291109 1 762
7664 18489 4291119 1 778
7674 18514 4291129 1 785
7683 18540 4291139 1 790
7692 18564 4291149 1 793
7701 18585 4291159 1 794
7712 18603 4291169 1 788
7725 18619 4291179 1 782
7739 18631 4291189 1 774
7773 18646 4291199 1 748
7791 18649 4291209 1 730
7807 18649 4291219 1 709
7823 18646 4291229 1 683
7835 18641 4291239 1 654
7841 18637 4291249 1 640
7843 18632 4291259 1 623
7847 18620 4291269 1 589
7841 18585 4291279 1 516
7832 18563 4291289 1 478
7820 18540 4291299 1 439
7805 18516 4291309 1 400
7789 18492 4291319 1 361
7772 18468 4291329 1 323
7756 18446 4291339 1 285
7741 18426 4291349 1 249
7714 18394 4291359 1 181
7701 18382 4291369 1 151
7689 18373 4291379 1 123
7677 18367 4291389 1 123
7666 18364 4291399 1 128
7656 18365 4291409 1 133
7647 18369 4291419 1 138
7641 18376 4291429 1 143
7633 18400 4291439 1 152
7629 18405 4291449 1 157
7626 18413 4291459 1 162
7624 18433 4291469 1 166
7626 18456 4291479 1 171
7629 18483 4291489 1 176
7637 18512 4291499 1 181
7649 18543 4291509 1 185
7689 18606 4291519 1 216
7715 18637 4291529 1 266
7746 18664 4291539 1 322
7779 18688 4291549 1 384
7813 18707 4291559 1 453
7846 18721 4291569 1 529
7876 18729 4291579 1 611
7902 18731 4291589 1 701
7941 18717 4291599 1 832
7952 18701 4291609 1 828
7958 18679 4291619 1 824
7959 18651 4291629 1 820
7954 18615 4291639 1 816
7944 18571 4291649 1 812
7929 18532 4291659 1 809
7909 18480 4291669 1 805
7853 18335 4291679 1 797
