7722 18765 6230923 1 666
7783 18805 6230933 1 668
7798 18818 6230943 1 668
7814 18817 6230953 1 669
7841 18814 6230963 1 670
7899 18808 6230973 1 672
7907 18802 6230983 1 673
7894 18791 6230993 1 674
7870 18778 6231003 1 675
7847 18766 6231013 1 676
7828 18764 6231023 1 677
7788 18802 6231033 1 680
7760 18835 6231043 1 681
7735 18871 6231053 1 682
7716 18938 6231063 1 684
7720 18964 6231073 1 685
7730 18990 6231083 1 684
7729 18977 6231093 1 683
7720 18953 6231103 1 682
7707 18926 6231113 1 681
7701 18907 6231123 1 680
7695 18886 6231133 1 680
7682 18850 6231143 1 680
7674 18838 6231153 1 682
7667 18830 6231163 1 686
7661 18825 6231173 1 691
7655 18825 6231183 1 698
7649 18827 6231193 1 699
7623 18812 6231203 1 643
7616 18799 6231213 1 603
7611 18784 6231223 1 554
7610 18766 6231233 1 499
7611 18746 6231243 1 439
7620 18705 6231253 1 312
7628 18689 6231263 1 247
7639 18676 6231273 1 185
7651 18666 6231283 1 127
7664 18658 6231293 1 74
7676 18654 6231303 1 27
7701 18654 6231313 0 0
7713 18658 6231323 0 0
7725 18664 6231333 0 0
7749 18685 6231343 0 0
7762 18700 6231353 0 0
7789 18730 6231363 0 0
7803 18750 6231373 0 0
7817 18770 6231383 0 0
7830 18791 6231393 0 0
7841 18812 6231403 1 25
7851 18831 6231413 1 63
7863 18864 6231423 1 153
7866 18879 6231433 1 202
7867 18891 6231443 1 254
7866 18901 6231453 1 310
7864 18909 6231463 1 368
7860 18915 6231473 1 427
7841 18933 6231483 1 614
7832 18938 6231493 1 677
7820 18942 6231503 1 739
7806 18947 6231513 1 802
7789 18951 6231523 1 863
7754 18943 6231533 1 977
7734 18939 6231543 1 1024
7713 18932 6231553 1 1024
7693 18920 6231563 1 1024
7675 18905 6231573 1 1024
7660 18887 6231583 1 1024
7635 18847 6231593 1 1024
7628 18824 6231603 1 1024
7624 18802 6231613 1 1024
7620 18760 6231623 1 1024
7619 18740 6231633 1 1024
7619 18705 6231643 1 1024
7620 18690 6231653 1 1024
7622 18677 6231663 1 1024
7626 18667 6231673 1 1024
7633 18659 6231683 1 1024
7645 18655 6231693 1 1024
7692 18657 6231703 1 1024
7723 18667 6231713 1 1024
7755 18675 6231723 1 1024
7796 18691 6231733 1 1020
7848 18712 6231743 1 976
7909 18740 6231753 1 923
