7741 17751 6432264 1 651
7831 17798 6432274 1 653
7854 17813 6432284 1 653
7877 17813 6432294 1 654
7916 17811 6432304 1 655
8002 17804 6432314 1 657
8013 17798 6432324 1 658
7993 17787 6432334 1 660
7957 17773 6432344 1 661
7921 17762 6432354 1 662
7892 17763 6432364 1 663
7833 17812 6432374 1 666
7792 17856 6432384 1 667
7755 17903 6432394 1 668
7734 17948 6432404 1 669
7730 17987 6432414 1 670
7737 18020 6432424 1 672
7753 18051 6432434 1 672
7753 18034 6432444 1 671
7740 18004 6432454 1 671
7723 17971 6432464 1 670
7714 17948 6432474 1 670
7685 17881 6432484 1 671
7674 17866 6432494 1 673
7664 17857 6432504 1 677
7656 17851 6432514 1 682
7649 17849 6432524 1 688
7643 17849 6432534 1 690
7622 17839 6432544 1 668
7609 17826 6432554 1 640
7598 17809 6432564 1 604
7590 17790 6432574 1 559
7583 17771 6432584 1 507
7579 17752 6432594 1 450
7585 17706 6432604 1 330
7589 17693 6432614 1 267
7597 17685 6432624 1 205
7607 17678 6432634 1 147
7619 17672 6432644 1 92
7632 17666 6432654 1 42
7662 17664 6432664 1 8
7677 17664 6432674 1 5
7691 17667 6432684 0 0
7706 17674 6432694 0 0
7741 17703 6432704 0 0
7781 17742 6432714 0 0
7806 17770 6432724 0 0
7832 17799 6432734 0 0
7860 17829 6432744 0 0
7887 17857 6432754 0 0
7911 17881 6432764 0 0
7938 17921 6432774 0 0
7948 17936 6432784 0 0
7950 17948 6432794 0 0
7945 17958 6432804 1 9
7933 17967 6432814 1 29
7916 17977 6432824 1 60
7885 17997 6432834 1 99
7862 18005 6432844 1 146
7839 18013 6432854 1 199
7820 18019 6432864 1 257
7803 18022 6432874 1 319
7790 18020 6432884 1 384
7756 18002 6432894 1 451
7744 17988 6432904 1 519
7733 17968 6432914 1 585
7704 17921 6432924 1 650
7687 17895 6432934 1 712
7648 17846 6432944 1 769
7630 17821 6432954 1 821
7613 17799 6432964 1 867
7599 17779 6432974 1 905
7589 17762 6432984 1 934
7584 17746 6432994 1 953
7586 17712 6433004 1 960
7596 17701 6433014 1 959
7611 17689 6433024 1 957
7632 17677 6433034 1 955
7656 17665 6433044 1 953
7686 17652 6433054 1 951
7764 17641 6433064 1 949
7812 17636 6433074 1 947
7857 17628 6433084 1 942
7912 17627 6433094 1 913
7980 17637 6433104 1 879
8062 17660 6433114 1 838
