8198 17199 3817921 1 722
8198 17199 3817931 1 723
8198 17199 3817941 1 724
8198 17199 3817951 1 724
8198 17199 3817961 1 724
8198 17199 3817971 1 725
8199 17198 3817981 1 725
8201 17197 3817991 1 725
8204 17195 3818001 1 726
8208 17193 3818011 1 726
8212 17192 3818021 1 726
8217 17191 3818031 1 727
8221 17191 3818041 1 727
8225 17192 3818051 1 727
8227 17192 3818061 1 727
8229 17193 3818071 1 728
8232 17194 3818081 1 728
8235 17196 3818091 1 728
8237 17197 3818101 1 728
8240 17198 3818111 1 729
8241 17200 3818121 1 729
8243 17201 3818131 1 730
8245 17202 3818141 1 730
8246 17203 3818151 1 730
8247 17203 3818161 1 730
8248 17204 3818171 1 731
8249 17204 3818181 1 731
8250 17204 3818191 1 732
8250 17204 3818201 1 732
8250 17203 3818211 1 732
8251 17202 3818221 1 733
8252 17200 3818231 1 733
8253 17198 3818241 1 733
8254 17196 3818251 1 733
8254 17192 3818261 1 733
8255 17189 3818271 1 734
8255 17185 3818281 1 734
8255 17182 3818291 1 735
8255 17178 3818301 1 735
8255 17174 3818311 1 735
8254 17170 3818321 1 736
8253 17167 3818331 1 737
8253 17165 3818341 1 738
8252 17164 3818351 1 738
8250 17161 3818361 1 738
8248 17159 3818371 1 738
8246 17158 3818381 1 738
8243 17157 3818391 1 739
8240 17157 3818401 1 739
8236 17159 3818411 1 740
8232 17161 3818421 1 740
8228 17164 3818431 1 740
8223 17169 3818441 1 741
8218 17174 3818451 1 741
8213 17181 3818461 1 741
8208 17189 3818471 1 742
8205 17193 3818481 1 742
8203 17197 3818491 1 742
8198 17207 3818501 1 743
8194 17217 3818511 1 743
8191 17228 3818521 1 744
8188 17239 3818531 1 744
8185 17249 3818541 1 744
8183 17259 3818551 1 745
8182 17269 3818561 1 745
8181 17277 3818571 1 746
8180 17285 3818581 1 746
8180 17291 3818591 1 746
8180 17297 3818601 1 748
8181 17300 3818611 1 748
8182 17302 3818621 1 748
8183 17303 3818631 1 748
8186 17304 3818641 1 749
8190 17304 3818651 1 749
8194 17303 3818661 1 750
8200 17301 3818671 1 750
8206 17298 3818681 1 750
8213 17294 3818691 1 750
8220 17289 3818701 1 751
8226 17285 3818711 1 751
8232 17280 3818721 1 752
8238 17276 3818731 1 752
8243 17272 3818741 1 753
8248 17268 3818751 1 754
8250 17266 3818761 1 754
8252 17264 3818771 1 754
8255 17261 3818781 1 755
8258 17258 3818791 1 755
8260 17255 3818801 1 755
8262 17253 3818811 1 756
8264 17250 3818821 1 757
8265 17248 3818831 1 757
8266 17245 3818841 1 757
8267 17244 3818851 1 758
8268 17243 3818861 1 758
8268 17242 3818871 1 760
8269 17241 3818881 1 760
8270 17240 3818891 1 760
8270 17240 3818901 1 760
8270 17239 3818911 1 761
8271 17238 3818921 1 761
8272 17238 3818931 1 762
8272 17238 3818941 1 762
8273 17239 3818951 1 762
8274 17239 3818961 1 762
8275 17241 3818971 1 763
8276 17242 3818981 1 764
8277 17244 3818991 1 764
8278 17246 3819001 1 765
8279 17248 3819011 1 766
8279 17251 3819021 1 766
8280 17254 3819031 1 767
8280 17255 3819041 1 767
8281 17256 3819051 1 768
8282 17257 3819061 1 768
8283 17258 3819071 1 768
8285 17258 3819081 1 769
8288 17257 3819091 1 769
8291 17257 3819101 1 770
8294 17256 3819111 1 770
8297 17255 3819121 1 771
8299 17255 3819131 1 771
8301 17255 3819141 1 773
8303 17254 3819151 1 773
8304 17254 3819161 1 774
8305 17253 3819171 1 774
8306 17253 3819181 1 774
8306 17252 3819191 1 775
8306 17251 3819201 1 775
8306 17250 3819211 1 776
8306 17248 3819221 1 776
8306 17247 3819231 1 777
8306 17245 3819241 1 777
8306 17243 3819251 1 777
8306 17241 3819261 1 778
8306 17239 3819271 1 779
8306 17237 3819281 1 779
8306 17236 3819291 1 780
8306 17235 3819301 1 781
8306 17235 3819311 1 781
8306 17235 3819321 1 782
8305 17235 3819331 1 782
8305 17235 3819341 1 782
8305 17235 3819351 1 783
8305 17235 3819361 1 783
8305 17236 3819371 1 784
8305 17237 3819381 1 785
8306 17239 3819391 1 785
8306 17241 3819401 1 786
8306 17243 3819411 1 787
8307 17245 3819421 1 788
8307 17248 3819431 1 788
8308 17249 3819441 1 788
8308 17251 3819451 1 789
8308 17251 3819461 1 790
8308 17252 3819471 1 790
8308 17253 3819481 1 791
8309 17253 3819491 1 791
8309 17254 3819501 1 791
8309 17254 3819511 1 792
8309 17254 3819521 1 793
8309 17254 3819531 1 794
8309 17254 3819541 1 794
8309 17254 3819551 1 795
8309 17254 3819561 1 796
8309 17253 3819571 1 797
8308 17253 3819581 1 797
8308 17253 3819591 1 798
8308 17252 3819601 1 798
8308 17252 3819611 1 798
8308 17251 3819621 1 799
8308 17250 3819631 1 799
8308 17248 3819641 1 800
8307 17247 3819651 1 800
8307 17245 3819661 1 800
8306 17244 3819671 1 801
8305 17242 3819681 1 803
8305 17241 3819691 1 803
8304 17241 3819701 1 804
8304 17241 3819711 1 804
8304 17241 3819721 1 805
8304 17241 3819731 1 806
8304 17241 3819741 1 806
8304 17241 3819751 1 807
8305 17241 3819761 1 807
8306 17242 3819771 1 807
8307 17243 3819781 1 808
8308 17245 3819791 1 809
8309 17247 3819801 1 810
8311 17249 3819811 1 811
8312 17251 3819821 1 811
8314 17254 3819831 1 812
8315 17256 3819841 1 813
8316 17258 3819851 1 814
8317 17259 3819861 1 814
8318 17260 3819871 1 815
8319 17261 3819881 1 815
8319 17261 3819891 1 815
8320 17262 3819901 1 816
8320 17263 3819911 1 817
8320 17263 3819921 1 818
8321 17264 3819931 1 818
8320 17264 3819941 1 819
8320 17264 3819951 1 820
8320 17264 3819961 1 821
8319 17264 3819971 1 822
8319 17264 3819981 1 822
8318 17264 3819991 1 823
8318 17264 3820001 1 824
8318 17265 3820011 1 825
8318 17266 3820021 1 825
8318 17266 3820031 1 825
8318 17268 3820041 1 825
8318 17269 3820051 1 826
8318 17271 3820061 1 827
8318 17273 3820071 1 828
8317 17276 3820081 1 829
8317 17278 3820091 1 830
8317 17281 3820101 1 831
8317 17283 3820111 1 831
8317 17285 3820121 1 832
8317 17286 3820131 1 833
8317 17288 3820141 1 833
8318 17289 3820151 1 834
8318 17289 3820161 1 835
8318 17289 3820171 1 835
8318 17289 3820181 1 836
8318 17289 3820191 1 836
8318 17288 3820201 1 837
8318 17287 3820211 1 838
8318 17285 3820221 1 839
8318 17283 3820231 1 840
8319 17280 3820241 1 841
8319 17278 3820251 1 841
8319 17276 3820261 1 842
8320 17274 3820271 1 842
8320 17273 3820281 1 843
8321 17271 3820291 1 844
8321 17270 3820301 1 844
8321 17270 3820311 1 844
8321 17268 3820321 1 845
8321 17267 3820331 1 846
8321 17265 3820341 1 847
8321 17264 3820351 1 848
8321 17262 3820361 1 848
8320 17260 3820371 1 849
8319 17258 3820381 1 850
8317 17256 3820391 1 851
8315 17255 3820401 1 852
8312 17253 3820411 1 852
8308 17252 3820421 1 853
8305 17252 3820431 1 854
8304 17251 3820441 1 855
8302 17251 3820451 1 855
8299 17251 3820461 1 856
8295 17251 3820471 1 856
8292 17251 3820481 1 857
8289 17251 3820491 1 859
8286 17252 3820501 1 860
8283 17252 3820511 1 860
8281 17254 3820521 1 861
8278 17255 3820531 1 862
8276 17257 3820541 1 863
8274 17259 3820551 1 864
8272 17261 3820561 1 864
8271 17263 3820571 1 865
8270 17264 3820581 1 865
8269 17265 3820591 1 866
8268 17266 3820601 1 867
8268 17268 3820611 1 867
8267 17270 3820621 1 868
8267 17272 3820631 1 869
8267 17273 3820641 1 870
8267 17274 3820651 1 871
8267 17275 3820661 1 872
8268 17276 3820671 1 873
8269 17276 3820681 1 873
8270 17276 3820691 1 874
8271 17275 3820701 1 875
8273 17274 3820711 1 876
8273 17273 3820721 1 877
8274 17272 3820731 1 877
8276 17270 3820741 1 877
8278 17268 3820751 1 878
8279 17266 3820761 1 880
8281 17264 3820771 1 881
8282 17263 3820781 1 882
8284 17262 3820791 1 882
8285 17262 3820801 1 883
8286 17263 3820811 1 884
8287 17264 3820821 1 885
8287 17265 3820831 1 886
8288 17267 3820841 1 887
8288 17269 3820851 1 888
8288 17270 3820861 1 888
8288 17271 3820871 1 889
8289 17274 3820881 1 890
8289 17276 3820891 1 891
8290 17280 3820901 1 892
8291 17283 3820911 1 893
8292 17287 3820921 1 894
8293 17290 3820931 1 895
8294 17293 3820941 1 895
8295 17296 3820951 1 896
8296 17298 3820961 1 897
8297 17299 3820971 1 898
8298 17299 3820981 1 899
8299 17298 3820991 1 900
8300 17298 3821001 1 900
8300 17297 3821011 1 900
8302 17296 3821021 1 901
8303 17294 3821031 1 903
8304 17292 3821041 1 904
8305 17290 3821051 1 905
8306 17287 3821061 1 905
8307 17285 3821071 1 907
8308 17283 3821081 1 907
8309 17281 3821091 1 908
8310 17280 3821101 1 909
8311 17279 3821111 1 909
8312 17277 3821121 1 910
8313 17276 3821131 1 911
8314 17276 3821141 1 912
8315 17275 3821151 1 913
8315 17274 3821161 1 914
8316 17273 3821171 1 914
8317 17272 3821181 1 915
8318 17271 3821191 1 916
8319 17270 3821201 1 917
8319 17268 3821211 1 917
8320 17266 3821221 1 917
8320 17264 3821231 1 918
8320 17263 3821241 1 919
8321 17261 3821251 1 920
8321 17259 3821261 1 921
8321 17257 3821271 1 921
8321 17256 3821281 1 921
8321 17255 3821291 1 922
8321 17252 3821301 1 924
8321 17250 3821311 1 924
8321 17247 3821321 1 925
8321 17245 3821331 1 925
8322 17242 3821341 1 926
8322 17241 3821351 1 927
8322 17239 3821361 1 928
8322 17238 3821371 1 928
8322 17238 3821381 1 929
8323 17238 3821391 1 930
8323 17238 3821401 1 930
8323 17238 3821411 1 931
8323 17239 3821421 1 932
8324 17239 3821431 1 932
8324 17240 3821441 1 933
8324 17241 3821451 1 934
8324 17243 3821461 1 935
8323 17244 3821471 1 936
8323 17246 3821481 1 936
8323 17247 3821491 1 936
8322 17248 3821501 1 937
8322 17248 3821511 1 938
8322 17249 3821521 1 939
8322 17249 3821531 1 939
8321 17250 3821541 1 940
8321 17251 3821551 1 940
8321 17251 3821561 1 941
8320 17252 3821571 1 942
8320 17253 3821581 1 943
8320 17254 3821591 1 943
8319 17254 3821601 1 944
8319 17255 3821611 1 944
8319 17256 3821621 1 945
8319 17257 3821631 1 946
8319 17258 3821641 1 946
8319 17259 3821651 1 947
8319 17260 3821661 1 948
8319 17261 3821671 1 948
8319 17262 3821681 1 949
8320 17262 3821691 1 950
8320 17262 3821701 1 950
8320 17262 3821711 1 951
8320 17262 3821721 1 952
8320 17263 3821731 1 952
8321 17263 3821741 1 953
8321 17264 3821751 1 954
8322 17265 3821761 1 954
8322 17265 3821771 1 954
8323 17266 3821781 1 955
8324 17266 3821791 1 955
8325 17267 3821801 1 956
8327 17267 3821811 1 956
8328 17267 3821821 1 957
8329 17267 3821831 1 958
8330 17266 3821841 1 959
8331 17266 3821851 1 959
8333 17265 3821861 1 959
8335 17264 3821871 1 960
8337 17263 3821881 1 961
8340 17262 3821891 1 961
8342 17262 3821901 1 962
8345 17261 3821911 1 962
8348 17262 3821921 1 963
8350 17262 3821931 1 964
8352 17263 3821941 1 964
8354 17264 3821951 1 965
8355 17265 3821961 1 965
8356 17267 3821971 1 966
8357 17267 3821981 1 966
8357 17268 3821991 1 966
8358 17270 3822001 1 967
8358 17271 3822011 1 968
8359 17273 3822021 1 968
8359 17274 3822031 1 968
8360 17276 3822041 1 969
8361 17276 3822051 1 970
8362 17277 3822061 1 971
8363 17277 3822071 1 971
8364 17276 3822081 1 971
8365 17276 3822091 1 972
8366 17274 3822101 1 974
8367 17273 3822111 1 974
8368 17272 3822121 1 974
8369 17272 3822131 1 974
8370 17270 3822141 1 975
8371 17270 3822151 1 976
8372 17269 3822161 1 976
8374 17269 3822171 1 977
8375 17269 3822181 1 977
8376 17268 3822191 1 977
8376 17269 3822201 1 978
8377 17269 3822211 1 979
8378 17269 3822221 1 979
8378 17269 3822231 1 979
8378 17269 3822241 1 980
8378 17269 3822251 1 981
8378 17269 3822261 1 981
8378 17269 3822271 1 981
8378 17269 3822281 1 982
8377 17269 3822291 1 982
8377 17269 3822301 1 983
8376 17270 3822311 1 983
8375 17270 3822321 1 984
8374 17270 3822331 1 985
8372 17270 3822341 1 985
8371 17271 3822351 1 985
8369 17271 3822361 1 987
8367 17271 3822371 1 988
8365 17271 3822381 1 989
8363 17272 3822391 1 989
8362 17273 3822401 1 989
8361 17273 3822411 1 989
8360 17275 3822421 1 990
8359 17278 3822431 1 991
8359 17281 3822441 1 991
8359 17284 3822451 1 992
8359 17287 3822461 1 992
8360 17290 3822471 1 992
8362 17293 3822481 1 993
8364 17296 3822491 1 993
8366 17298 3822501 1 993
8368 17299 3822511 1 993
8370 17300 3822521 1 992
8372 17301 3822531 1 992
8373 17301 3822541 1 992
8374 17301 3822551 1 992
8375 17302 3822561 1 992
8377 17303 3822571 1 992
8378 17304 3822581 1 991
8380 17303 3822591 1 991
8381 17302 3822601 1 991
8381 17301 3822611 1 991
8382 17300 3822621 1 991
8383 17296 3822631 1 990
8384 17289 3822641 1 990
8385 17278 3822651 1 990
8386 17264 3822661 1 990
8386 17250 3822671 1 989
8386 17243 3822681 1 989
8386 17236 3822691 1 989
8385 17223 3822701 1 989
8384 17212 3822711 1 989
8382 17202 3822721 1 989
8377 17195 3822731 1 988
8367 17191 3822741 1 988
8352 17190 3822751 1 988
8335 17193 3822761 1 988
8317 17197 3822771 1 988
8300 17202 3822781 1 987
8284 17209 3822791 1 987
8271 17217 3822801 1 987
8262 17227 3822811 1 987
8259 17231 3822821 1 987
8257 17236 3822831 1 987
8256 17245 3822841 1 986
8257 17256 3822851 1 986
8261 17267 3822861 1 986
8267 17279 3822871 1 986
8275 17291 3822881 1 986
8284 17302 3822891 1 985
8295 17311 3822901 1 985
8307 17319 3822911 1 984
8319 17326 3822921 1 984
8330 17331 3822931 1 984
8341 17336 3822941 1 984
8351 17341 3822951 1 983
8354 17344 3822961 1 983
8356 17348 3822971 1 983
8359 17355 3822981 1 983
8360 17361 3822991 1 983
8359 17366 3823001 1 983
8358 17369 3823011 1 982
8357 17371 3823021 1 982
8356 17373 3823031 1 982
8356 17374 3823041 1 982
8355 17376 3823051 1 982
8354 17377 3823061 1 981
8354 17378 3823071 1 981
8354 17379 3823081 1 981
8353 17380 3823091 1 981
8353 17380 3823101 1 981
8353 17380 3823111 1 981
8353 17380 3823121 1 980
8353 17379 3823131 1 980
8353 17378 3823141 1 980
8353 17377 3823151 1 980
8353 17376 3823161 1 980
8354 17374 3823171 1 979
8354 17373 3823181 1 979
8355 17372 3823191 1 979
8356 17371 3823201 1 979
8357 17370 3823211 1 979
8358 17369 3823221 1 978
8359 17367 3823231 1 978
8360 17367 3823241 1 978
8360 17367 3823251 1 978
8361 17366 3823261 1 978
8362 17365 3823271 1 978
8363 17365 3823281 1 977
8364 17364 3823291 1 977
8365 17363 3823301 1 977
8366 17362 3823311 1 977
8367 17362 3823321 1 977
8368 17362 3823331 1 976
8369 17363 3823341 1 976
8370 17363 3823351 1 976
8370 17364 3823361 1 975
8371 17364 3823371 1 975
8371 17365 3823381 1 975
8372 17365 3823391 1 975
8372 17365 3823401 1 975
8372 17365 3823411 1 974
8372 17364 3823421 1 974
8372 17364 3823431 1 974
8372 17363 3823441 1 974
8372 17363 3823451 1 974
8372 17362 3823461 1 973
8371 17361 3823471 1 973
8371 17361 3823481 1 973
8370 17360 3823491 1 973
8369 17359 3823501 1 973
8368 17359 3823511 1 972
8368 17358 3823521 1 972
8368 17358 3823531 1 972
8367 17357 3823541 1 972
8367 17356 3823551 1 972
8366 17355 3823561 1 972
8366 17354 3823571 1 971
8366 17353 3823581 1 971
8366 17351 3823591 1 971
8366 17350 3823601 1 971
8366 17348 3823611 1 971
8366 17346 3823621 1 970
8366 17344 3823631 1 970
8367 17342 3823641 1 970
8368 17341 3823651 1 970
8369 17341 3823661 1 970
8370 17341 3823671 1 969
8371 17341 3823681 1 969
8373 17341 3823691 1 969
8374 17341 3823701 1 969
8375 17341 3823711 1 969
8376 17342 3823721 1 968
8377 17342 3823731 1 968
8378 17341 3823741 1 968
8378 17340 3823751 1 952
8378 17339 3823761 1 902
8379 17337 3823771 1 848
8379 17335 3823781 1 793
8379 17333 3823791 1 677
8379 17332 3823801 1 617
8379 17330 3823811 1 557
8379 17329 3823821 1 498
8378 17329 3823831 1 440
8377 17328 3823841 1 385
8376 17328 3823851 1 331
8375 17328 3823861 1 280
8374 17328 3823871 1 281
8373 17329 3823881 1 282
8372 17330 3823891 1 283
8371 17333 3823901 1 285
8370 17336 3823911 1 286
8369 17339 3823921 1 287
8369 17342 3823931 1 288
8368 17345 3823941 1 289
8368 17349 3823951 1 290
8367 17352 3823961 1 291
8367 17355 3823971 1 292
8367 17357 3823981 1 293
8366 17360 3823991 1 294
8366 17361 3824001 1 334
8366 17362 3824011 1 420
8366 17362 3824021 1 518
8366 17361 3824031 1 631
8367 17359 3824041 1 756
8367 17357 3824051 1 896
8368 17355 3824061 1 961
8369 17353 3824071 1 961
8370 17351 3824081 1 961
8372 17348 3824091 1 960
8373 17346 3824101 1 959
8375 17344 3824111 1 959
8376 17342 3824121 1 959
8378 17340 3824131 1 959
8379 17338 3824141 1 959
8380 17336 3824151 1 958
8381 17334 3824161 1 958
