7988 17252 8454290 1 673
7988 17252 8454300 1 658
7989 17252 8454310 1 652
7989 17252 8454320 1 652
7990 17253 8454330 1 654
7992 17254 8454340 1 653
7997 17258 8454350 1 655
8007 17265 8454360 1 654
8020 17275 8454370 1 656
8032 17285 8454380 1 657
8040 17292 8454390 1 657
8043 17295 8454400 1 658
8044 17297 8454410 1 659
8044 17298 8454420 1 659
8045 17300 8454430 1 659
8048 17304 8454440 1 660
8050 17307 8454450 1 660
8052 17310 8454460 1 661
8057 17316 8454470 1 662
8062 17321 8454480 1 663
8067 17324 8454490 1 663
8070 17325 8454500 1 664
8073 17326 8454510 1 666
8076 17326 8454520 1 667
8081 17326 8454530 1 668
8086 17327 8454540 1 668
8091 17328 8454550 1 669
8095 17330 8454560 1 670
8097 17331 8454570 1 672
8097 17333 8454580 1 672
8095 17333 8454590 1 673
8091 17333 8454600 1 675
8089 17333 8454610 1 676
8086 17332 8454620 1 676
8081 17329 8454630 1 677
8077 17324 8454640 1 678
8073 17317 8454650 1 679
8072 17308 8454660 1 680
8072 17296 8454670 1 680
8075 17282 8454680 1 680
8080 17265 8454690 1 681
8088 17248 8454700 1 682
8097 17230 8454710 1 683
8109 17213 8454720 1 685
8120 17197 8454730 1 685
8132 17183 8454740 1 686
8143 17171 8454750 1 687
8152 17163 8454760 1 688
8156 17160 8454770 1 688
8159 17158 8454780 1 689
8162 17158 8454790 1 689
8161 17161 8454800 1 689
8157 17167 8454810 1 690
8150 17177 8454820 1 689
8139 17189 8454830 1 690
8127 17203 8454840 1 691
8114 17218 8454850 1 691
8102 17231 8454860 1 692
8091 17244 8454870 1 692
8082 17254 8454880 1 692
8075 17262 8454890 1 693
8070 17266 8454900 1 693
8068 17267 8454910 1 693
8069 17264 8454920 1 694
8070 17262 8454930 1 694
8071 17258 8454940 1 695
8075 17250 8454950 1 697
8081 17239 8454960 1 698
8086 17229 8454970 1 698
8092 17218 8454980 1 700
8096 17209 8454990 1 702
8101 17203 8455000 1 705
8104 17198 8455010 1 708
8106 17196 8455020 1 709
8108 17196 8455030 1 711
8109 17199 8455040 1 713
8111 17203 8455050 1 716
8113 17209 8455060 1 717
8115 17216 8455070 1 717
8118 17223 8455080 1 718
8119 17227 8455090 1 718
8121 17231 8455100 1 718
8125 17239 8455110 1 715
8129 17246 8455120 1 712
8133 17253 8455130 1 707
8136 17259 8455140 1 704
8139 17265 8455150 1 700
8141 17269 8455160 1 696
8143 17274 8455170 1 691
8145 17278 8455180 1 683
8148 17283 8455190 1 674
8151 17288 8455200 1 666
8154 17292 8455210 1 657
8157 17296 8455220 1 649
8161 17299 8455230 1 643
8164 17301 8455240 1 638
8166 17302 8455250 1 637
8168 17302 8455260 1 637
8170 17301 8455270 1 636
8172 17300 8455280 1 635
8173 17297 8455290 1 635
8172 17294 8455300 1 637
8169 17290 8455310 1 642
8166 17286 8455320 1 652
8161 17281 8455330 1 664
8155 17277 8455340 1 681
8149 17273 8455350 1 690
8142 17269 8455360 1 703
8137 17266 8455370 1 730
8132 17264 8455380 1 745
8128 17262 8455390 1 763
8125 17260 8455400 1 799
8123 17260 8455410 1 819
8123 17259 8455420 1 839
8122 17257 8455430 1 880
8122 17256 8455440 1 924
8123 17254 8455450 1 944
8124 17253 8455460 1 967
8125 17253 8455470 1 1009
8127 17252 8455480 1 1022
8128 17253 8455490 1 1022
8129 17253 8455500 1 1022
8130 17254 8455510 1 1022
8131 17255 8455520 1 1022
8131 17256 8455530 1 1021
8131 17258 8455540 1 1021
8131 17259 8455550 1 1021
8131 17260 8455560 1 1021
8131 17261 8455570 1 1022
8130 17261 8455580 1 1022
8130 17262 8455590 1 1022
8130 17263 8455600 1 1021
8130 17264 8455610 1 1022
8130 17264 8455620 1 1024
8130 17264 8455630 1 1021
8131 17263 8455640 1 998
8131 17263 8455650 1 948
8131 17264 8455660 1 858
8131 17266 8455670 1 751
8131 17268 8455680 1 627
8131 17272 8455690 1 494
8131 17276 8455700 1 359
8132 17281 8455710 1 234
8132 17286 8455720 1 126
8133 17288 8455730 1 85
8134 17290 8455740 1 76
8136 17293 8455750 1 46
8139 17295 8455760 1 2
8142 17296 8455770 0 0
8147 17295 8455780 0 0
8152 17293 8455790 0 0
8158 17289 8455800 0 0
8165 17283 8455810 0 0
8173 17276 8455820 0 0
8180 17268 8455830 0 0
8187 17260 8455840 0 0
8193 17251 8455850 0 0
8197 17243 8455860 0 0
8199 17236 8455870 0 0
8199 17230 8455880 0 0
8199 17227 8455890 0 0
8198 17225 8455900 0 0
8196 17222 8455910 0 0
8193 17222 8455920 1 5
8190 17223 8455930 1 13
8187 17226 8455940 1 25
8184 17231 8455950 1 54
8183 17237 8455960 1 88
8182 17244 8455970 1 128
8183 17251 8455980 1 172
8185 17258 8455990 1 221
8188 17264 8456000 1 272
8193 17270 8456010 1 326
8198 17276 8456020 1 353
8205 17280 8456030 1 382
8212 17284 8456040 1 439
8216 17286 8456050 1 470
8219 17287 8456060 1 497
8226 17289 8456070 1 554
8231 17290 8456080 1 611
8236 17290 8456090 1 664
8238 17290 8456100 1 716
8239 17290 8456110 1 765
8238 17289 8456120 1 788
8236 17288 8456130 1 809
8232 17286 8456140 1 849
8228 17285 8456150 1 883
8223 17283 8456160 1 910
8219 17281 8456170 1 928
8215 17278 8456180 1 937
8211 17276 8456190 1 936
8209 17273 8456200 1 924
8208 17272 8456210 1 919
8208 17271 8456220 1 919
8208 17269 8456230 1 916
8208 17267 8456240 1 900
8210 17267 8456250 1 858
8213 17267 8456260 1 799
8216 17267 8456270 1 722
8220 17269 8456280 1 630
8224 17271 8456290 1 528
8229 17274 8456300 1 422
8233 17276 8456310 1 371
8236 17278 8456320 1 316
8240 17279 8456330 1 216
8244 17280 8456340 1 183
8247 17279 8456350 1 126
8249 17276 8456360 0 0
8251 17275 8456370 0 0
8252 17273 8456380 0 0
8254 17269 8456390 0 0
8256 17265 8456400 0 0
8258 17259 8456410 0 0
8259 17254 8456420 0 0
8260 17248 8456430 0 0
8261 17243 8456440 0 0
8262 17237 8456450 0 0
8263 17233 8456460 0 0
8264 17229 8456470 0 0
8265 17226 8456480 0 0
8266 17224 8456490 0 0
8267 17223 8456500 0 0
8268 17223 8456510 1 5
8268 17224 8456520 1 21
8269 17224 8456530 1 32
8268 17225 8456540 1 46
8267 17226 8456550 1 77
8265 17227 8456560 1 114
8261 17228 8456570 1 155
8256 17229 8456580 1 176
8250 17229 8456590 1 199
8243 17230 8456600 1 219
8234 17231 8456610 1 246
8226 17232 8456620 1 293
8218 17234 8456630 1 342
8210 17238 8456640 1 389
8203 17242 8456650 1 433
8197 17246 8456660 1 476
8193 17252 8456670 1 513
8189 17257 8456680 1 545
8188 17259 8456690 1 557
8188 17261 8456700 1 558
8187 17265 8456710 1 561
8188 17268 8456720 1 571
8190 17269 8456730 1 590
8193 17268 8456740 1 600
8196 17266 8456750 1 600
8200 17262 8456760 1 590
8204 17256 8456770 1 568
8207 17250 8456780 1 538
8210 17243 8456790 1 522
8213 17236 8456800 1 512
8215 17230 8456810 1 494
8216 17225 8456820 1 486
8216 17221 8456830 1 483
8215 17218 8456840 1 482
8215 17216 8456850 1 483
8214 17216 8456860 1 491
8212 17215 8456870 1 514
8209 17216 8456880 1 549
8207 17217 8456890 1 569
8205 17219 8456900 1 598
8204 17222 8456910 1 664
8205 17225 8456920 1 747
8207 17229 8456930 1 848
8211 17233 8456940 1 915
8217 17238 8456950 1 968
8225 17243 8456960 1 1023
8235 17248 8456970 1 1022
8245 17253 8456980 1 1022
8256 17258 8456990 1 1021
8267 17264 8457000 1 1022
8275 17269 8457010 1 1021
8282 17273 8457020 1 1021
8287 17277 8457030 1 1020
8288 17280 8457040 1 1019
8287 17281 8457050 1 1020
8283 17280 8457060 1 1019
8277 17278 8457070 1 1019
8269 17273 8457080 1 1018
8259 17266 8457090 1 1015
8250 17258 8457100 1 1008
8240 17249 8457110 1 999
8230 17240 8457120 1 985
8222 17231 8457130 1 965
8215 17223 8457140 1 938
8210 17217 8457150 1 903
8207 17213 8457160 1 859
8205 17212 8457170 1 807
8205 17212 8457180 1 742
