8218 17600 3553110 1 1024
8211 17598 3553120 1 1024
8206 17596 3553130 1 1024
8196 17591 3553140 1 1024
8192 17590 3553150 1 1024
8186 17590 3553160 1 1024
8181 17588 3553170 1 1024
8175 17587 3553180 1 1024
8170 17584 3553190 1 1024
8165 17581 3553200 1 1024
8160 17579 3553210 1 1024
8156 17576 3553220 1 1024
8153 17573 3553230 1 1024
8151 17572 3553240 1 986
8149 17571 3553250 1 667
8149 17571 3553260 1 400
8149 17573 3553270 1 183
8150 17575 3553280 1 11
8152 17578 3553290 0 0
8154 17580 3553300 0 0
8158 17582 3553310 0 0
8163 17583 3553320 0 0
8168 17582 3553330 0 0
8175 17578 3553340 0 0
8182 17572 3553350 0 0
8190 17563 3553360 0 0
8199 17551 3553370 0 0
8208 17535 3553380 0 0
8218 17518 3553390 0 0
8227 17498 3553400 0 0
8235 17477 3553410 0 0
8243 17456 3553420 0 0
8250 17435 3553430 0 0
8256 17415 3553440 0 0
8262 17382 3553450 0 0
8264 17370 3553460 0 0
8263 17362 3553470 0 0
8261 17357 3553480 0 0
8251 17362 3553490 1 86
8245 17369 3553500 1 132
8238 17378 3553510 1 173
8230 17388 3553520 1 207
8221 17400 3553530 1 231
8212 17413 3553540 1 246
8202 17425 3553550 1 248
8192 17437 3553560 1 237
8182 17448 3553570 1 210
8173 17458 3553580 0 0
8164 17466 3553590 0 0
8157 17473 3553600 0 0
8150 17478 3553610 0 0
8144 17480 3553620 0 0
8140 17481 3553630 0 0
8137 17481 3553640 0 0
8136 17479 3553650 0 0
8136 17476 3553660 0 0
8137 17473 3553670 0 0
8139 17470 3553680 0 0
8142 17466 3553690 0 0
8144 17464 3553700 0 0
8146 17462 3553710 0 0
8147 17461 3553720 0 0
8147 17462 3553730 0 0
8147 17464 3553740 0 0
8145 17467 3553750 0 0
8143 17471 3553760 0 0
8140 17476 3553770 1 51
8136 17482 3553780 1 108
8130 17495 3553790 1 229
8128 17501 3553800 1 291
8126 17507 3553810 1 353
8126 17512 3553820 1 413
8126 17517 3553830 1 471
8127 17521 3553840 1 526
8129 17523 3553850 1 578
8132 17524 3553860 1 624
8135 17524 3553870 1 665
8141 17521 3553880 1 726
8145 17518 3553890 1 745
8150 17513 3553900 1 757
8154 17507 3553910 1 773
8159 17501 3553920 1 791
8163 17495 3553930 1 812
8167 17488 3553940 1 834
8170 17481 3553950 1 856
8172 17475 3553960 1 879
8173 17470 3553970 1 901
8174 17466 3553980 1 921
8175 17463 3553990 1 939
8175 17461 3554000 1 954
8175 17459 3554010 1 966
8176 17459 3554020 1 975
8176 17459 3554030 1 978
8178 17459 3554040 1 977
8179 17460 3554050 1 969
8181 17460 3554060 1 955
8183 17461 3554070 1 934
8184 17461 3554080 1 905
8186 17461 3554090 1 868
8186 17461 3554100 1 823
8187 17460 3554110 1 768
8186 17460 3554120 1 704
8184 17459 3554130 1 554
8183 17459 3554140 1 472
8181 17460 3554150 1 389
8179 17461 3554160 1 306
8178 17464 3554170 1 225
8176 17466 3554180 1 148
8174 17470 3554190 1 77
8173 17474 3554200 1 15
8171 17478 3554210 0 0
8168 17483 3554220 0 0
8166 17487 3554230 0 0
8164 17492 3554240 0 0
8162 17495 3554250 0 0
8162 17498 3554260 0 0
8164 17499 3554270 1 17
8166 17498 3554280 1 99
8169 17496 3554290 1 194
8173 17493 3554300 1 298
8178 17489 3554310 1 406
8184 17484 3554320 1 513
8191 17479 3554330 1 615
8199 17475 3554340 1 707
8206 17471 3554350 1 787
8213 17468 3554360 1 849
8220 17467 3554370 1 896
8225 17467 3554380 1 928
8229 17470 3554390 1 947
8231 17474 3554400 1 955
8232 17479 3554410 1 954
8232 17486 3554420 1 945
8230 17493 3554430 1 929
8227 17499 3554440 1 910
8224 17505 3554450 1 887
8221 17509 3554460 1 863
8215 17513 3554470 1 817
8212 17512 3554480 1 797
8210 17510 3554490 1 781
8209 17505 3554500 1 769
8208 17500 3554510 1 761
8208 17493 3554520 1 756
8209 17485 3554530 1 755
8209 17477 3554540 1 755
8210 17469 3554550 1 758
8210 17460 3554560 1 762
8211 17453 3554570 1 769
8211 17446 3554580 1 776
8211 17440 3554590 1 784
8210 17436 3554600 1 794
8209 17432 3554610 1 802
8208 17431 3554620 1 812
8207 17431 3554630 1 820
8206 17432 3554640 1 828
8205 17434 3554650 1 834
8202 17440 3554660 1 845
8201 17444 3554670 1 849
8201 17449 3554680 1 853
8201 17453 3554690 1 856
8200 17457 3554700 1 859
8201 17461 3554710 1 860
8200 17464 3554720 1 861
8200 17466 3554730 1 863
8199 17468 3554740 1 863
8197 17470 3554750 1 863
8195 17471 3554760 1 864
8193 17473 3554770 1 863
8190 17475 3554780 1 862
8187 17476 3554790 1 862
8184 17478 3554800 1 861
8179 17483 3554810 1 861
8178 17485 3554820 1 860
8178 17486 3554830 1 859
8179 17487 3554840 1 859
8181 17488 3554850 1 860
8185 17487 3554860 1 860
8190 17481 3554870 1 860
8196 17470 3554880 1 862
8203 17455 3554890 1 863
8210 17437 3554900 1 865
8217 17416 3554910 1 867
8224 17394 3554920 1 869
8229 17370 3554930 1 871
8234 17346 3554940 1 873
8238 17322 3554950 1 875
8241 17305 3554960 1 878
8239 17292 3554970 1 880
8234 17285 3554980 1 883
8226 17283 3554990 1 885
8214 17285 3555000 1 888
8201 17290 3555010 1 889
8185 17300 3555020 1 892
8169 17312 3555030 1 895
8152 17327 3555040 1 896
8122 17363 3555050 1 900
8111 17384 3555060 1 901
8103 17406 3555070 1 904
8098 17430 3555080 1 905
8096 17453 3555090 1 908
8097 17477 3555100 1 910
8101 17500 3555110 1 911
8106 17522 3555120 1 913
8115 17542 3555130 1 915
8125 17561 3555140 1 917
8150 17590 3555150 1 921
8164 17600 3555160 1 923
8178 17607 3555170 1 924
8191 17610 3555180 1 926
8205 17609 3555190 1 928
8218 17604 3555200 1 930
8229 17595 3555210 1 931
8239 17583 3555220 1 934
8247 17567 3555230 1 936
8254 17549 3555240 1 939
8259 17528 3555250 1 940
8262 17505 3555260 1 943
8264 17481 3555270 1 944
8264 17457 3555280 1 947
8263 17433 3555290 1 949
8262 17410 3555300 1 952
8258 17389 3555310 1 953
8254 17370 3555320 1 956
8249 17354 3555330 1 958
8243 17342 3555340 1 960
8236 17334 3555350 1 962
8228 17330 3555360 1 965
8219 17331 3555370 1 966
8209 17336 3555380 1 969
8199 17345 3555390 1 971
8188 17358 3555400 1 974
8178 17373 3555410 1 975
8168 17392 3555420 1 978
8158 17411 3555430 1 980
8146 17452 3555440 1 984
8142 17472 3555450 1 987
8139 17492 3555460 1 989
8139 17510 3555470 1 991
8140 17525 3555480 1 994
8150 17546 3555490 1 999
8158 17552 3555500 1 1001
8168 17555 3555510 1 1004
8178 17555 3555520 1 1005
8190 17553 3555530 1 1008
8202 17548 3555540 1 1010
8213 17541 3555550 1 1013
8224 17532 3555560 1 1015
8234 17522 3555570 1 1018
8243 17510 3555580 1 1019
8249 17497 3555590 1 1022
8253 17483 3555600 1 1024
8255 17467 3555610 1 1024
8254 17451 3555620 1 1024
8252 17434 3555630 1 1024
8248 17416 3555640 1 1024
8242 17398 3555650 1 1024
8234 17379 3555660 1 1024
8227 17361 3555670 1 1024
8218 17344 3555680 1 1024
8210 17329 3555690 1 1024
8201 17317 3555700 1 1024
8193 17308 3555710 1 1024
8184 17304 3555720 1 1024
8176 17305 3555730 1 1024
8168 17312 3555740 1 1024
8161 17326 3555750 1 1024
8153 17348 3555760 1 1024
8146 17377 3555770 1 1024
8140 17414 3555780 1 1024
8135 17450 3555790 1 1024
8131 17495 3555800 1 1024
8128 17551 3555810 1 1024
8126 17619 3555820 1 1024
