7615 17830 3091188 1 713
7615 17830 3091198 1 728
7615 17829 3091208 1 734
7615 17829 3091218 1 735
7615 17829 3091228 1 735
7614 17829 3091238 1 736
7613 17829 3091248 1 736
7613 17829 3091258 1 736
7613 17829 3091268 1 737
7612 17829 3091278 1 737
7612 17829 3091288 1 738
7613 17829 3091298 1 738
7613 17829 3091308 1 738
7613 17829 3091318 1 739
7613 17829 3091328 1 740
7613 17830 3091338 1 740
7614 17830 3091348 1 740
7614 17831 3091358 1 741
7614 17831 3091368 1 741
7615 17832 3091378 1 742
7616 17833 3091388 1 742
7617 17833 3091398 1 743
7617 17833 3091408 1 743
7619 17834 3091418 1 743
7621 17834 3091428 1 744
7622 17834 3091438 1 745
7624 17834 3091448 1 746
7626 17834 3091458 1 746
7627 17834 3091468 1 746
7628 17834 3091478 1 747
7630 17833 3091488 1 747
7632 17833 3091498 1 748
7633 17833 3091508 1 748
7635 17833 3091518 1 749
7636 17833 3091528 1 750
7637 17833 3091538 1 750
7638 17832 3091548 1 750
7640 17832 3091558 1 750
7641 17832 3091568 1 751
7643 17831 3091578 1 751
7645 17831 3091588 1 752
7646 17830 3091598 1 752
7647 17830 3091608 1 752
7647 17830 3091618 1 753
7649 17829 3091628 1 754
7649 17829 3091638 1 754
7650 17828 3091648 1 755
7650 17827 3091658 1 756
7651 17826 3091668 1 756
7651 17826 3091678 1 756
7651 17825 3091688 1 757
7651 17825 3091698 1 758
7651 17824 3091708 1 758
7652 17823 3091718 1 759
7652 17822 3091728 1 759
7652 17821 3091738 1 760
7652 17821 3091748 1 760
7652 17820 3091758 1 760
7652 17820 3091768 1 761
7652 17819 3091778 1 762
7652 17819 3091788 1 762
7652 17818 3091798 1 762
7652 17818 3091808 1 763
7652 17818 3091818 1 764
7652 17818 3091828 1 764
7651 17818 3091838 1 765
7651 17819 3091848 1 765
7650 17819 3091858 1 766
7650 17819 3091868 1 766
7649 17820 3091878 1 767
7649 17820 3091888 1 768
7649 17821 3091898 1 768
7648 17821 3091908 1 769
7648 17822 3091918 1 769
7647 17823 3091928 1 770
7647 17823 3091938 1 770
7647 17824 3091948 1 771
7647 17824 3091958 1 772
7647 17824 3091968 1 772
7647 17824 3091978 1 772
7647 17824 3091988 1 773
7648 17824 3091998 1 773
7649 17823 3092008 1 773
7650 17821 3092018 1 774
7650 17820 3092028 1 775
7651 17819 3092038 1 775
7652 17817 3092048 1 775
7653 17815 3092058 1 776
7654 17812 3092068 1 776
7655 17810 3092078 1 777
7656 17808 3092088 1 778
7657 17807 3092098 1 778
7657 17806 3092108 1 778
7658 17805 3092118 1 779
7658 17804 3092128 1 780
7658 17803 3092138 1 779
7658 17803 3092148 1 781
7658 17803 3092158 1 782
7658 17802 3092168 1 782
7658 17803 3092178 1 782
7658 17803 3092188 1 783
7658 17804 3092198 1 783
7657 17805 3092208 1 784
7657 17806 3092218 1 785
7657 17807 3092228 1 785
7657 17807 3092238 1 785
7657 17808 3092248 1 785
7657 17808 3092258 1 786
7657 17808 3092268 1 787
7656 17808 3092278 1 787
7656 17808 3092288 1 788
7655 17807 3092298 1 788
7655 17807 3092308 1 788
7654 17806 3092318 1 789
7653 17805 3092328 1 790
7652 17804 3092338 1 790
7651 17804 3092348 1 791
7649 17804 3092358 1 792
7648 17804 3092368 1 792
7647 17804 3092378 1 792
7646 17804 3092388 1 792
7645 17804 3092398 1 794
7644 17804 3092408 1 794
7643 17804 3092418 1 796
7642 17804 3092428 1 796
7641 17803 3092438 1 797
7641 17803 3092448 1 798
7640 17803 3092458 1 798
7639 17803 3092468 1 798
7639 17802 3092478 1 798
7638 17801 3092488 1 799
7637 17800 3092498 1 800
7636 17799 3092508 1 800
7636 17799 3092518 1 800
7636 17798 3092528 1 801
7635 17797 3092538 1 802
7634 17797 3092548 1 802
7633 17797 3092558 1 803
7632 17797 3092568 1 803
7631 17797 3092578 1 804
7631 17798 3092588 1 805
7630 17798 3092598 1 805
7629 17799 3092608 1 805
7628 17800 3092618 1 805
7627 17801 3092628 1 806
7626 17802 3092638 1 808
7625 17803 3092648 1 808
7624 17804 3092658 1 808
7624 17804 3092668 1 809
7623 17805 3092678 1 810
7622 17806 3092688 1 810
7622 17806 3092698 1 811
7622 17807 3092708 1 812
7622 17807 3092718 1 812
7622 17808 3092728 1 812
7622 17808 3092738 1 812
7622 17808 3092748 1 813
7623 17808 3092758 1 814
7623 17808 3092768 1 814
7623 17807 3092778 1 815
7623 17807 3092788 1 816
7623 17807 3092798 1 816
7623 17806 3092808 1 816
7623 17805 3092818 1 817
7622 17805 3092828 1 818
7622 17804 3092838 1 818
7622 17803 3092848 1 818
7622 17802 3092858 1 819
7621 17801 3092868 1 820
7621 17801 3092878 1 820
7621 17800 3092888 1 820
7621 17800 3092898 1 821
7620 17799 3092908 1 823
7620 17798 3092918 1 823
7619 17797 3092928 1 824
7619 17796 3092938 1 824
7618 17795 3092948 1 824
7618 17794 3092958 1 825
7617 17792 3092968 1 825
7616 17790 3092978 1 826
7615 17788 3092988 1 827
7614 17787 3092998 1 827
7614 17786 3093008 1 827
7613 17786 3093018 1 828
7613 17785 3093028 1 829
7612 17785 3093038 1 830
7612 17784 3093048 1 831
7612 17784 3093058 1 831
7612 17785 3093068 1 831
7612 17785 3093078 1 831
7612 17785 3093088 1 832
7612 17786 3093098 1 833
7612 17787 3093108 1 833
7613 17788 3093118 1 834
7613 17790 3093128 1 835
7614 17791 3093138 1 835
7614 17791 3093148 1 836
7615 17792 3093158 1 836
7615 17794 3093168 1 837
7616 17796 3093178 1 838
7617 17797 3093188 1 838
7618 17799 3093198 1 839
7619 17802 3093208 1 840
7619 17803 3093218 1 840
7620 17804 3093228 1 840
7620 17805 3093238 1 841
7621 17807 3093248 1 842
7621 17808 3093258 1 843
7622 17810 3093268 1 843
7622 17811 3093278 1 844
7623 17811 3093288 1 845
7623 17812 3093298 1 845
7623 17813 3093308 1 845
7624 17814 3093318 1 845
7624 17814 3093328 1 846
7625 17815 3093338 1 847
7625 17816 3093348 1 847
7625 17816 3093358 1 847
7626 17816 3093368 1 848
7626 17817 3093378 1 849
7627 17817 3093388 1 850
7628 17817 3093398 1 850
7629 17817 3093408 1 850
7630 17817 3093418 1 851
7630 17817 3093428 1 852
7631 17817 3093438 1 852
7632 17817 3093448 1 852
7633 17817 3093458 1 853
7634 17817 3093468 1 855
7636 17817 3093478 1 855
7637 17817 3093488 1 856
7638 17817 3093498 1 856
7639 17817 3093508 1 857
7640 17817 3093518 1 858
7642 17817 3093528 1 858
7644 17818 3093538 1 858
7645 17818 3093548 1 859
7647 17820 3093558 1 860
7648 17820 3093568 1 860
7649 17821 3093578 1 860
7650 17823 3093588 1 861
7652 17824 3093598 1 862
7654 17825 3093608 1 863
7656 17826 3093618 1 863
7658 17827 3093628 1 865
7659 17827 3093638 1 866
7661 17827 3093648 1 865
7663 17828 3093658 1 865
7665 17828 3093668 1 866
7668 17829 3093678 1 867
7670 17829 3093688 1 868
7673 17829 3093698 1 868
7674 17830 3093708 1 869
7675 17830 3093718 1 869
7678 17830 3093728 1 870
7680 17830 3093738 1 871
7682 17831 3093748 1 871
7684 17831 3093758 1 872
7685 17831 3093768 1 873
7686 17831 3093778 1 873
7687 17832 3093788 1 874
7688 17832 3093798 1 874
7689 17833 3093808 1 875
7690 17834 3093818 1 876
7691 17834 3093828 1 877
7692 17834 3093838 1 877
7693 17834 3093848 1 877
7693 17834 3093858 1 878
7694 17833 3093868 1 879
7695 17833 3093878 1 880
7696 17832 3093888 1 880
7696 17830 3093898 1 880
7697 17829 3093908 1 881
7697 17828 3093918 1 882
7697 17827 3093928 1 882
7697 17826 3093938 1 883
7697 17824 3093948 1 883
7698 17822 3093958 1 884
7698 17820 3093968 1 885
7698 17818 3093978 1 886
7698 17817 3093988 1 887
7698 17816 3093998 1 886
7698 17814 3094008 1 886
7698 17813 3094018 1 887
7698 17811 3094028 1 888
7698 17810 3094038 1 889
7699 17809 3094048 1 889
7699 17809 3094058 1 890
7699 17808 3094068 1 890
7700 17808 3094078 1 892
7700 17807 3094088 1 893
7701 17807 3094098 1 893
7701 17806 3094108 1 893
7702 17806 3094118 1 894
7702 17806 3094128 1 894
7702 17806 3094138 1 895
7701 17806 3094148 1 896
7701 17806 3094158 1 896
7700 17806 3094168 1 897
7699 17805 3094178 1 898
7698 17805 3094188 1 899
7697 17805 3094198 1 899
7696 17805 3094208 1 899
7695 17805 3094218 1 900
7694 17805 3094228 1 901
7692 17805 3094238 1 901
7691 17805 3094248 1 902
7690 17804 3094258 1 903
7689 17804 3094268 1 904
7689 17804 3094278 1 904
7688 17804 3094288 1 905
7686 17804 3094298 1 905
7685 17803 3094308 1 906
7684 17803 3094318 1 907
7683 17802 3094328 1 908
7683 17802 3094338 1 909
7682 17802 3094348 1 908
7682 17801 3094358 1 908
7681 17801 3094368 1 909
7681 17800 3094378 1 910
7681 17799 3094388 1 911
7681 17798 3094398 1 913
7681 17798 3094408 1 913
7682 17797 3094418 1 913
7682 17796 3094428 1 914
7682 17795 3094438 1 915
7683 17794 3094448 1 916
7683 17792 3094458 1 916
7683 17792 3094468 1 916
7683 17791 3094478 1 916
7684 17791 3094488 1 917
7684 17791 3094498 1 918
7684 17791 3094508 1 919
7685 17791 3094518 1 920
7686 17791 3094528 1 920
7686 17791 3094538 1 921
7687 17791 3094548 1 921
7687 17791 3094558 1 922
7688 17791 3094568 1 923
7689 17791 3094578 1 924
7690 17791 3094588 1 924
7692 17791 3094598 1 924
7693 17790 3094608 1 925
7694 17790 3094618 1 926
7694 17790 3094628 1 926
7696 17790 3094638 1 927
7697 17789 3094648 1 927
7698 17789 3094658 1 928
7699 17788 3094668 1 929
7700 17788 3094678 1 930
7700 17787 3094688 1 931
7700 17787 3094698 1 931
7700 17786 3094708 1 931
7700 17786 3094718 1 931
7700 17786 3094728 1 932
7700 17786 3094738 1 933
7700 17786 3094748 1 934
7701 17786 3094758 1 935
7701 17786 3094768 1 935
7701 17787 3094778 1 935
7701 17788 3094788 1 937
7701 17789 3094798 1 938
7701 17789 3094808 1 938
7702 17790 3094818 1 939
7702 17790 3094828 1 939
7702 17790 3094838 1 940
7702 17791 3094848 1 940
7702 17791 3094858 1 942
7702 17792 3094868 1 943
7702 17793 3094878 1 944
7702 17794 3094888 1 944
7702 17794 3094898 1 944
7702 17794 3094908 1 945
7702 17795 3094918 1 946
7703 17796 3094928 1 946
7703 17796 3094938 1 947
7704 17796 3094948 1 948
7704 17797 3094958 1 948
7705 17797 3094968 1 948
7705 17797 3094978 1 949
7706 17798 3094988 1 950
7706 17798 3094998 1 951
7707 17799 3095008 1 952
7707 17799 3095018 1 953
7707 17800 3095028 1 953
7707 17800 3095038 1 953
7706 17800 3095048 1 953
7706 17800 3095058 1 954
7705 17800 3095068 1 955
7704 17800 3095078 1 956
7703 17799 3095088 1 957
7702 17799 3095098 1 958
7702 17799 3095108 1 958
7702 17798 3095118 1 958
7702 17798 3095128 1 959
7701 17797 3095138 1 960
7701 17796 3095148 1 961
7701 17795 3095158 1 962
7701 17794 3095168 1 962
7701 17794 3095178 1 962
7702 17793 3095188 1 962
7702 17792 3095198 1 964
7703 17791 3095208 1 965
7703 17790 3095218 1 966
7704 17789 3095228 1 967
7704 17787 3095238 1 968
7704 17787 3095248 1 968
7704 17786 3095258 1 968
7705 17784 3095268 1 969
7705 17783 3095278 1 969
7704 17781 3095288 1 970
7704 17780 3095298 1 971
7703 17778 3095308 1 972
7703 17777 3095318 1 973
7703 17777 3095328 1 973
7702 17775 3095338 1 973
7701 17774 3095348 1 974
7701 17773 3095358 1 975
7700 17772 3095368 1 976
7700 17772 3095378 1 977
7699 17772 3095388 1 977
7699 17772 3095398 1 977
7699 17771 3095408 1 978
7699 17772 3095418 1 979
7699 17772 3095428 1 979
7699 17772 3095438 1 980
7699 17773 3095448 1 981
7699 17773 3095458 1 982
7699 17773 3095468 1 983
7699 17773 3095478 1 984
7699 17773 3095488 1 984
7699 17773 3095498 1 985
7699 17773 3095508 1 986
7699 17772 3095518 1 986
7698 17772 3095528 1 987
7698 17772 3095538 1 987
7697 17771 3095548 1 988
7696 17771 3095558 1 989
7695 17771 3095568 1 990
7694 17771 3095578 1 990
7692 17771 3095588 1 991
7691 17771 3095598 1 992
7690 17771 3095608 1 992
7689 17771 3095618 1 993
7687 17771 3095628 1 994
7685 17771 3095638 1 994
7684 17771 3095648 1 996
7683 17772 3095658 1 997
7682 17772 3095668 1 997
7681 17772 3095678 1 997
7680 17772 3095688 1 998
7679 17771 3095698 1 999
7679 17771 3095708 1 1000
7679 17771 3095718 1 1001
7678 17770 3095728 1 1002
7678 17770 3095738 1 1002
7678 17769 3095748 1 1002
7679 17769 3095758 1 1003
7679 17768 3095768 1 1004
7679 17768 3095778 1 1004
7680 17768 3095788 1 1005
7680 17768 3095798 1 1006
7680 17768 3095808 1 1006
7681 17768 3095818 1 1007
7681 17768 3095828 1 1008
7681 17769 3095838 1 1009
7681 17769 3095848 1 1010
7680 17770 3095858 1 1011
7680 17771 3095868 1 1011
7679 17772 3095878 1 1011
7679 17773 3095888 1 1011
7678 17775 3095898 1 1012
7677 17777 3095908 1 1013
7676 17779 3095918 1 1014
7675 17780 3095928 1 1015
7673 17782 3095938 1 1015
7673 17782 3095948 1 1015
7672 17783 3095958 1 1015
7671 17784 3095968 1 1015
7670 17784 3095978 1 1015
7669 17784 3095988 1 1015
7669 17784 3095998 1 1015
7669 17783 3096008 1 1015
7669 17783 3096018 1 1015
7669 17782 3096028 1 1015
7669 17781 3096038 1 1015
7669 17780 3096048 1 1015
7670 17778 3096058 1 1015
7670 17777 3096068 1 1015
7671 17775 3096078 1 1015
7671 17774 3096088 1 1015
7671 17773 3096098 1 1015
7671 17772 3096108 1 1015
7672 17771 3096118 1 1015
7672 17770 3096128 1 1015
7672 17769 3096138 1 1015
7673 17768 3096148 1 1015
7673 17768 3096158 1 1015
7673 17768 3096168 1 1015
7673 17767 3096178 1 1015
7674 17766 3096188 1 1016
7674 17766 3096198 1 1016
7674 17765 3096208 1 1016
7675 17765 3096218 1 1016
7675 17765 3096228 1 1016
7675 17765 3096238 1 1016
7675 17765 3096248 1 1016
7675 17765 3096258 1 1016
7675 17765 3096268 1 1016
7676 17766 3096278 1 1016
7676 17767 3096288 1 1016
7676 17767 3096298 1 1016
7676 17768 3096308 1 1016
7677 17769 3096318 1 1016
7677 17771 3096328 1 1016
7678 17772 3096338 1 1016
7679 17774 3096348 1 1016
7680 17775 3096358 1 1016
7681 17776 3096368 1 1016
7681 17777 3096378 1 1016
7682 17778 3096388 1 1016
7684 17780 3096398 1 1016
7685 17781 3096408 1 1016
7685 17783 3096418 1 1016
7686 17784 3096428 1 1016
7687 17785 3096438 1 1016
7687 17785 3096448 1 1016
7688 17786 3096458 1 1016
7688 17787 3096468 1 1016
7689 17788 3096478 1 1016
7689 17788 3096488 1 1016
7689 17789 3096498 1 1016
7689 17789 3096508 1 1016
7689 17790 3096518 1 1016
7689 17790 3096528 1 1016
7689 17790 3096538 1 1016
7688 17791 3096548 1 1016
7688 17791 3096558 1 1016
7688 17791 3096568 1 1016
7688 17791 3096578 1 1016
7688 17791 3096588 1 1016
7688 17791 3096598 1 1016
7689 17791 3096608 1 1016
7689 17792 3096618 1 1016
7690 17792 3096628 1 1017
7690 17792 3096638 1 1017
7691 17792 3096648 1 1017
7691 17793 3096658 1 1017
7691 17793 3096668 1 1017
7692 17793 3096678 1 1017
7693 17794 3096688 1 1017
7693 17794 3096698 1 1017
7693 17795 3096708 1 1017
7694 17796 3096718 1 1017
7694 17796 3096728 1 1017
7694 17797 3096738 1 1017
7694 17798 3096748 1 1017
7695 17799 3096758 1 1017
7695 17799 3096768 1 1017
7695 17800 3096778 1 1017
7695 17800 3096788 1 1017
7695 17800 3096798 1 1017
7695 17801 3096808 1 1017
7694 17801 3096818 1 1017
7694 17801 3096828 1 1017
7694 17801 3096838 1 1017
7694 17801 3096848 1 1017
7694 17801 3096858 1 1017
7694 17801 3096868 1 1017
7694 17800 3096878 1 1017
7694 17800 3096888 1 1017
7695 17799 3096898 1 1017
7695 17798 3096908 1 1017
7695 17798 3096918 1 1017
7695 17798 3096928 1 1017
7695 17798 3096938 1 1017
7695 17798 3096948 1 1017
7694 17798 3096958 1 1017
7694 17798 3096968 1 1017
7694 17798 3096978 1 1017
7694 17799 3096988 1 1017
7694 17799 3096998 1 1017
7693 17800 3097008 1 1017
7693 17801 3097018 1 1017
7693 17802 3097028 1 1017
7693 17803 3097038 1 1017
7692 17804 3097048 1 1017
7692 17805 3097058 1 1018
7692 17805 3097068 1 1018
7692 17806 3097078 1 1018
7692 17808 3097088 1 1018
7692 17809 3097098 1 1018
7693 17811 3097108 1 1018
7693 17813 3097118 1 1018
7694 17814 3097128 1 1018
7694 17815 3097138 1 1018
7694 17815 3097148 1 1018
7695 17816 3097158 1 1018
7695 17817 3097168 1 1018
7696 17817 3097178 1 1018
7696 17817 3097188 1 1018
7696 17817 3097198 1 1018
7696 17818 3097208 1 1018
7696 17818 3097218 1 1018
7697 17818 3097228 1 1018
7696 17818 3097238 1 1018
7696 17818 3097248 1 1018
7696 17819 3097258 1 1018
7696 17819 3097268 1 1018
7696 17820 3097278 1 1018
7696 17820 3097288 1 1018
7696 17821 3097298 1 1018
7696 17821 3097308 1 1018
7696 17822 3097318 1 1018
7697 17822 3097328 1 1018
7698 17822 3097338 1 1018
7698 17822 3097348 1 1018
7699 17822 3097358 1 1018
7700 17821 3097368 1 1018
7701 17821 3097378 1 1018
7702 17820 3097388 1 1018
7703 17820 3097398 1 1018
7704 17820 3097408 1 1018
7704 17819 3097418 1 1018
7705 17819 3097428 1 1018
7705 17819 3097438 1 1017
7706 17818 3097448 1 1017
7706 17818 3097458 1 1017
7706 17818 3097468 1 1017
7706 17818 3097478 1 1017
7706 17818 3097488 1 1018
7705 17818 3097498 1 1018
7705 17819 3097508 1 1018
7705 17818 3097518 1 1018
7705 17818 3097528 1 1018
7704 17817 3097538 1 1018
7704 17817 3097548 1 1018
7704 17816 3097558 1 1018
7704 17816 3097568 1 1018
7704 17815 3097578 1 1018
7704 17814 3097588 1 1018
7704 17813 3097598 1 1018
7704 17812 3097608 1 1018
7704 17811 3097618 1 1018
7704 17811 3097628 1 1018
7704 17810 3097638 1 1018
7704 17808 3097648 1 1018
7704 17807 3097658 1 1018
7704 17805 3097668 1 1018
7704 17803 3097678 1 1018
7703 17802 3097688 1 1018
7703 17801 3097698 1 1018
7703 17800 3097708 1 1018
7702 17800 3097718 1 1018
7702 17800 3097728 1 1018
7701 17800 3097738 1 1018
7701 17800 3097748 1 1018
7701 17801 3097758 1 1018
7701 17801 3097768 1 1018
7700 17801 3097778 1 1018
7700 17802 3097788 1 1018
7700 17802 3097798 1 1018
7700 17803 3097808 1 1018
7699 17803 3097818 1 1018
7699 17803 3097828 1 1018
7699 17804 3097838 1 1018
7699 17804 3097848 1 1018
7700 17804 3097858 1 1018
7700 17805 3097868 1 1018
7700 17805 3097878 1 1018
7701 17806 3097888 1 1018
7701 17807 3097898 1 1018
7702 17807 3097908 1 1018
7702 17808 3097918 1 1018
7703 17808 3097928 1 1019
7703 17809 3097938 1 1019
7704 17810 3097948 1 1019
7704 17810 3097958 1 1019
7704 17811 3097968 1 1019
7704 17811 3097978 1 1019
7704 17811 3097988 1 1019
7704 17812 3097998 1 1019
7704 17812 3098008 1 1019
7704 17813 3098018 1 1019
7704 17813 3098028 1 1019
7703 17814 3098038 1 1019
7703 17814 3098048 1 1019
7703 17815 3098058 1 1019
7703 17816 3098068 1 1019
7702 17817 3098078 1 1019
7702 17817 3098088 1 1019
7701 17818 3098098 1 1019
7701 17819 3098108 1 1019
7700 17819 3098118 1 1019
7700 17820 3098128 1 1019
7700 17820 3098138 1 1019
7699 17821 3098148 1 1019
7699 17822 3098158 1 1019
7698 17822 3098168 1 1019
7698 17823 3098178 1 1019
7697 17823 3098188 1 1019
7697 17823 3098198 1 1019
7697 17822 3098208 1 1019
7697 17822 3098218 1 1019
7697 17821 3098228 1 1019
7697 17819 3098238 1 1019
7697 17818 3098248 1 1019
7698 17817 3098258 1 1019
7698 17817 3098268 1 1019
7698 17815 3098278 1 1019
7698 17813 3098288 1 1019
7698 17812 3098298 1 1019
7697 17810 3098308 1 1019
7697 17809 3098318 1 1019
7697 17809 3098328 1 1019
7697 17808 3098338 1 1019
7697 17807 3098348 1 1019
7697 17807 3098358 1 1019
7697 17807 3098368 1 1020
7697 17807 3098378 1 1020
7698 17807 3098388 1 1020
7698 17807 3098398 1 1020
7698 17808 3098408 1 1020
7698 17808 3098418 1 1020
7699 17809 3098428 1 1020
7699 17809 3098438 1 1020
7700 17810 3098448 1 1020
7701 17811 3098458 1 1020
7701 17811 3098468 1 1020
7701 17812 3098478 1 1020
7701 17812 3098488 1 1020
7702 17812 3098498 1 1020
7702 17812 3098508 1 1020
7703 17812 3098518 1 1020
7703 17812 3098528 1 1020
7703 17812 3098538 1 1020
7703 17812 3098548 1 1020
7704 17812 3098558 1 1020
7705 17812 3098568 1 1020
7705 17812 3098578 1 1020
7706 17813 3098588 1 1020
7707 17813 3098598 1 1020
7708 17813 3098608 1 1020
7708 17813 3098618 1 1020
7709 17813 3098628 1 1020
7710 17813 3098638 1 1020
7711 17813 3098648 1 1020
7712 17813 3098658 1 1020
7713 17813 3098668 1 1020
7714 17813 3098678 1 1020
7714 17813 3098688 1 1020
7715 17813 3098698 1 1020
7715 17813 3098708 1 1020
7715 17813 3098718 1 1020
7716 17813 3098728 1 1020
7716 17812 3098738 1 1020
7716 17812 3098748 1 1020
7717 17812 3098758 1 1020
7717 17811 3098768 1 1020
7717 17811 3098778 1 1020
7717 17811 3098788 1 1020
7718 17811 3098798 1 1020
7718 17811 3098808 1 1021
7718 17811 3098818 1 1021
7718 17811 3098828 1 1021
7719 17812 3098838 1 1021
7719 17813 3098848 1 1021
7719 17814 3098858 1 1021
7720 17814 3098868 1 1021
7720 17814 3098878 1 1021
7720 17815 3098888 1 1021
7721 17814 3098898 1 1021
7721 17814 3098908 1 1021
7721 17814 3098918 1 1021
7721 17813 3098928 1 1021
7722 17813 3098938 1 1021
7722 17812 3098948 1 1021
7722 17811 3098958 1 1021
7722 17811 3098968 1 1021
7722 17809 3098978 1 1021
7722 17808 3098988 1 1021
7722 17807 3098998 1 1021
7721 17806 3099008 1 1021
7721 17805 3099018 1 1021
7721 17805 3099028 1 1021
7720 17805 3099038 1 1021
7720 17804 3099048 1 1021
7719 17804 3099058 1 1021
7719 17804 3099068 1 1021
7719 17804 3099078 1 1021
7719 17804 3099088 1 1021
7719 17805 3099098 1 1021
7719 17805 3099108 1 1021
7719 17805 3099118 1 1021
7720 17806 3099128 1 1021
7720 17807 3099138 1 1021
7721 17808 3099148 1 1021
7722 17809 3099158 1 1021
7722 17810 3099168 1 1021
7722 17811 3099178 1 1021
7723 17813 3099188 1 1021
7724 17815 3099198 1 1021
7725 17817 3099208 1 1021
7726 17819 3099218 1 1021
7726 17820 3099228 1 1022
7727 17821 3099238 1 1022
7727 17822 3099248 1 1022
7727 17822 3099258 1 1022
7728 17823 3099268 1 1022
7728 17823 3099278 1 1022
7728 17824 3099288 1 1022
7728 17824 3099298 1 1022
7728 17824 3099308 1 1022
7728 17824 3099318 1 1022
7729 17824 3099328 1 1022
7729 17823 3099338 1 1022
7729 17823 3099348 1 1022
7729 17822 3099358 1 1022
7729 17821 3099368 1 1022
7729 17821 3099378 1 1022
7730 17821 3099388 1 1022
7730 17820 3099398 1 1022
7730 17820 3099408 1 1022
7730 17820 3099418 1 1022
7730 17820 3099428 1 1022
7730 17820 3099438 1 1022
7730 17820 3099448 1 1022
7730 17820 3099458 1 1022
7730 17820 3099468 1 1022
7730 17819 3099478 1 1022
7730 17819 3099488 1 1022
7730 17818 3099498 1 1022
7729 17817 3099508 1 1022
7729 17816 3099518 1 1022
7729 17815 3099528 1 1022
7729 17814 3099538 1 1022
7729 17813 3099548 1 1022
7729 17811 3099558 1 1022
7729 17810 3099568 1 1022
7729 17809 3099578 1 1022
7729 17809 3099588 1 1022
7729 17809 3099598 1 1022
7730 17808 3099608 1 1022
7730 17808 3099618 1 1022
7731 17807 3099628 1 1022
7731 17807 3099638 1 1022
7732 17806 3099648 1 1022
7732 17806 3099658 1 1021
7733 17806 3099668 1 1022
7734 17805 3099678 1 1023
7735 17804 3099688 1 1023
7736 17803 3099698 1 1023
7737 17802 3099708 1 1023
7737 17801 3099718 1 1023
7738 17800 3099728 1 1023
7738 17800 3099738 1 1023
7738 17800 3099748 1 1023
7739 17799 3099758 1 1023
7739 17799 3099768 1 1023
7739 17799 3099778 1 1023
7740 17799 3099788 1 1023
7740 17800 3099798 1 1023
7740 17800 3099808 1 1023
7739 17800 3099818 1 1023
7739 17800 3099828 1 1023
7739 17800 3099838 1 1023
7739 17800 3099848 1 1023
7739 17801 3099858 1 1023
7738 17801 3099868 1 1023
7738 17801 3099878 1 1023
7738 17801 3099888 1 1023
7738 17802 3099898 1 1023
7738 17802 3099908 1 1023
7737 17803 3099918 1 1023
7737 17804 3099928 1 1023
7737 17804 3099938 1 1023
7737 17804 3099948 1 1023
7737 17805 3099958 1 1023
7738 17805 3099968 1 1023
7738 17806 3099978 1 1023
7739 17806 3099988 1 1023
7739 17807 3099998 1 1023
7739 17807 3100008 1 1023
7740 17807 3100018 1 1023
7740 17807 3100028 1 1023
7741 17808 3100038 1 1023
7742 17808 3100048 1 1023
7742 17808 3100058 1 1023
7743 17808 3100068 1 1023
7743 17808 3100078 1 1023
7743 17808 3100088 1 1023
7743 17808 3100098 1 1023
7743 17808 3100108 1 1024
7742 17807 3100118 1 1023
7742 17807 3100128 1 1023
7742 17806 3100138 1 1023
7742 17806 3100148 1 1023
7742 17806 3100158 1 1023
7741 17805 3100168 1 1023
7741 17805 3100178 1 1023
7741 17805 3100188 1 1023
7741 17805 3100198 1 1023
7742 17804 3100208 1 1023
7742 17804 3100218 1 1023
7742 17804 3100228 1 1023
7742 17803 3100238 1 1023
7743 17803 3100248 1 1023
7743 17802 3100258 1 1023
7744 17802 3100268 1 1023
7745 17801 3100278 1 1023
7745 17801 3100288 1 1023
7746 17802 3100298 1 1023
7747 17802 3100308 1 1023
7748 17803 3100318 1 1023
7748 17804 3100328 1 1023
7749 17805 3100338 1 1023
7750 17806 3100348 1 1023
7750 17807 3100358 1 1023
7751 17808 3100368 1 1023
7751 17809 3100378 1 1023
7752 17810 3100388 1 1023
7753 17811 3100398 1 1023
7753 17812 3100408 1 1023
7753 17813 3100418 1 1023
7753 17814 3100428 1 1023
7753 17814 3100438 1 1023
7753 17815 3100448 1 1023
7753 17816 3100458 1 1023
7753 17817 3100468 1 1023
7752 17817 3100478 1 1023
7752 17818 3100488 1 1023
7752 17818 3100498 1 1023
7752 17818 3100508 1 1023
7752 17818 3100518 1 1023
7752 17818 3100528 1 1023
7752 17818 3100538 1 1023
7752 17818 3100548 1 1022
7752 17818 3100558 1 1022
7752 17818 3100568 1 1022
7752 17819 3100578 1 1022
7752 17819 3100588 1 1022
7752 17819 3100598 1 1022
7752 17819 3100608 1 1022
7751 17819 3100618 1 1022
7751 17819 3100628 1 1022
7751 17819 3100638 1 1022
7751 17819 3100648 1 1022
7751 17819 3100658 1 1022
7750 17819 3100668 1 1022
7750 17819 3100678 1 1022
7749 17818 3100688 1 1022
7749 17817 3100698 1 1022
7748 17817 3100708 1 1022
7748 17817 3100718 1 1022
7748 17816 3100728 1 1022
7747 17815 3100738 1 1022
7747 17815 3100748 1 1022
7746 17815 3100758 1 1022
7746 17814 3100768 1 1022
7746 17814 3100778 1 1022
7745 17814 3100788 1 1022
7745 17814 3100798 1 1022
7745 17814 3100808 1 1022
7745 17814 3100818 1 1022
7745 17813 3100828 1 1022
7745 17813 3100838 1 1022
7745 17813 3100848 1 1022
7745 17812 3100858 1 1022
7745 17812 3100868 1 1022
7745 17811 3100878 1 1022
7746 17810 3100888 1 1022
7746 17809 3100898 1 1022
7746 17808 3100908 1 1022
7746 17807 3100918 1 1022
7746 17806 3100928 1 1022
7747 17804 3100938 1 1022
7747 17803 3100948 1 1022
7747 17801 3100958 1 1022
7747 17800 3100968 1 1021
7747 17799 3100978 1 1021
7747 17799 3100988 1 1021
7747 17798 3100998 1 1021
7746 17797 3101008 1 1021
7746 17796 3101018 1 1021
7746 17795 3101028 1 1021
7745 17795 3101038 1 1021
7744 17794 3101048 1 1021
7744 17794 3101058 1 1021
7744 17794 3101068 1 1021
7743 17795 3101078 1 1021
7743 17796 3101088 1 1021
7742 17797 3101098 1 1021
7742 17798 3101108 1 1021
7742 17799 3101118 1 1021
7742 17799 3101128 1 1021
7742 17800 3101138 1 1021
7742 17801 3101148 1 1021
7742 17802 3101158 1 1021
7742 17802 3101168 1 1021
7742 17803 3101178 1 1021
7742 17804 3101188 1 1021
7742 17805 3101198 1 1021
7742 17805 3101208 1 1021
7742 17806 3101218 1 1021
7742 17807 3101228 1 1021
7742 17808 3101238 1 1021
7742 17809 3101248 1 1021
7741 17809 3101258 1 1021
7741 17810 3101268 1 1021
7741 17810 3101278 1 1021
7741 17811 3101288 1 1021
7741 17811 3101298 1 1021
7740 17812 3101308 1 1021
7740 17812 3101318 1 1021
7739 17812 3101328 1 1021
7739 17811 3101338 1 1021
7739 17811 3101348 1 1021
7739 17811 3101358 1 1021
7739 17810 3101368 1 1021
7739 17809 3101378 1 1021
7739 17808 3101388 1 1021
7739 17808 3101398 1 1021
7739 17808 3101408 1 1021
7740 17808 3101418 1 1020
7740 17808 3101428 1 1020
7740 17808 3101438 1 1020
7741 17808 3101448 1 1020
7742 17809 3101458 1 1020
7742 17809 3101468 1 1020
7743 17809 3101478 1 1020
7743 17810 3101488 1 1020
7744 17810 3101498 1 1020
7744 17810 3101508 1 1020
7745 17810 3101518 1 1020
7745 17810 3101528 1 1020
7746 17810 3101538 1 1020
7746 17810 3101548 1 1020
7746 17810 3101558 1 1020
7746 17810 3101568 1 1020
7747 17810 3101578 1 1020
7747 17810 3101588 1 1020
7747 17810 3101598 1 1020
7748 17810 3101608 1 1020
7748 17811 3101618 1 1020
7748 17811 3101628 1 1020
7748 17811 3101638 1 1020
7748 17811 3101648 1 1020
7748 17811 3101658 1 1020
7748 17811 3101668 1 1020
7748 17811 3101678 1 1020
7748 17811 3101688 1 1020
7748 17811 3101698 1 1020
7748 17811 3101708 1 1020
7748 17810 3101718 1 1020
7749 17810 3101728 1 1020
7749 17810 3101738 1 1020
7749 17810 3101748 1 1020
7749 17811 3101758 1 1020
7749 17811 3101768 1 1020
7749 17812 3101778 1 1020
7749 17812 3101788 1 1020
7749 17813 3101798 1 1020
7749 17813 3101808 1 1020
7749 17814 3101818 1 1020
7749 17814 3101828 1 1020
7749 17814 3101838 1 1020
7749 17814 3101848 1 1020
7749 17815 3101858 1 1019
7749 17815 3101868 1 1019
7748 17815 3101878 1 1019
7748 17815 3101888 1 1019
7747 17815 3101898 1 1019
7747 17814 3101908 1 1019
7746 17814 3101918 1 1019
7746 17814 3101928 1 1019
7745 17815 3101938 1 1019
7745 17815 3101948 1 1019
7744 17816 3101958 1 1019
7744 17816 3101968 1 1019
7744 17817 3101978 1 1019
7744 17817 3101988 1 1019
7744 17818 3101998 1 1019
7743 17819 3102008 1 1019
7744 17819 3102018 1 1019
7744 17819 3102028 1 1019
7744 17819 3102038 1 1019
7744 17819 3102048 1 1019
7745 17819 3102058 1 1019
7745 17818 3102068 1 1019
7746 17818 3102078 1 1019
7746 17818 3102088 1 1019
7747 17818 3102098 1 1019
7747 17818 3102108 1 1019
7747 17818 3102118 1 1019
7748 17819 3102128 1 1019
7748 17820 3102138 1 1019
7748 17820 3102148 1 1019
7749 17821 3102158 1 1019
7749 17822 3102168 1 1019
7749 17822 3102178 1 1019
7749 17823 3102188 1 1019
7749 17823 3102198 1 1019
7750 17823 3102208 1 1019
7750 17823 3102218 1 1019
7750 17823 3102228 1 1019
7750 17822 3102238 1 1019
7750 17821 3102248 1 1019
7750 17821 3102258 1 1019
7750 17820 3102268 1 1019
7750 17819 3102278 1 1019
7749 17818 3102288 1 1018
7749 17818 3102298 1 1018
7748 17817 3102308 1 1018
7748 17816 3102318 1 1018
7747 17816 3102328 1 1018
7744 17815 3102338 1 1018
7740 17814 3102348 1 1018
7736 17814 3102358 1 1018
7730 17813 3102368 1 1018
7724 17813 3102378 1 1018
7721 17813 3102388 1 1018
7718 17814 3102398 1 1018
7712 17814 3102408 1 1018
7706 17814 3102418 1 1018
7700 17815 3102428 1 1018
7695 17815 3102438 1 1018
7690 17816 3102448 1 1018
7687 17816 3102458 1 1019
7684 17816 3102468 1 1019
7678 17816 3102478 1 1019
7671 17815 3102488 1 1019
7666 17814 3102498 1 1019
7662 17813 3102508 1 1019
7659 17812 3102518 1 1019
7658 17811 3102528 1 1019
7658 17811 3102538 1 1019
7657 17810 3102548 1 1019
7657 17809 3102558 1 1019
7657 17808 3102568 1 1019
7658 17808 3102578 1 1019
7658 17807 3102588 1 1019
7658 17807 3102598 1 1019
7658 17807 3102608 1 1019
7657 17806 3102618 1 1019
7657 17806 3102628 1 1019
7656 17806 3102638 1 1019
7655 17806 3102648 1 1019
7655 17807 3102658 1 1019
7655 17807 3102668 1 1019
7655 17807 3102678 1 1019
7655 17808 3102688 1 1019
7655 17809 3102698 1 1019
7655 17811 3102708 1 1019
7655 17812 3102718 1 1018
7656 17814 3102728 1 1018
7656 17815 3102738 1 1018
7656 17815 3102748 1 1018
7657 17817 3102758 1 1018
7658 17818 3102768 1 1018
7658 17819 3102778 1 1018
7659 17820 3102788 1 1018
7660 17821 3102798 1 1018
7660 17821 3102808 1 1018
7661 17822 3102818 1 1018
7661 17822 3102828 1 1018
7662 17823 3102838 1 1018
7663 17823 3102848 1 1018
7664 17824 3102858 1 1018
7665 17824 3102868 1 1018
7665 17825 3102878 1 1018
7666 17825 3102888 1 1018
7667 17826 3102898 1 1018
7669 17827 3102908 1 1018
7670 17828 3102918 1 1018
7671 17829 3102928 1 1018
7672 17830 3102938 1 1018
7672 17831 3102948 1 1018
7673 17832 3102958 1 1018
7673 17833 3102968 1 1018
7674 17834 3102978 1 1018
7675 17834 3102988 1 1018
7675 17835 3102998 1 1018
7675 17835 3103008 1 1018
7675 17835 3103018 1 1018
7675 17835 3103028 1 1018
7675 17835 3103038 1 1018
7675 17835 3103048 1 1018
7674 17836 3103058 1 1018
7673 17836 3103068 1 1018
7673 17836 3103078 1 1018
7672 17836 3103088 1 1018
7672 17836 3103098 1 1018
7671 17836 3103108 1 1018
7671 17837 3103118 1 1018
7671 17837 3103128 1 1018
7670 17838 3103138 1 1018
7670 17838 3103148 1 1018
7670 17838 3103158 1 1017
7670 17838 3103168 1 1017
7670 17839 3103178 1 1017
7670 17839 3103188 1 1017
7670 17839 3103198 1 1017
7670 17839 3103208 1 1017
7671 17838 3103218 1 1017
7671 17838 3103228 1 1017
7671 17838 3103238 1 1017
7671 17837 3103248 1 1017
7671 17836 3103258 1 1017
7671 17835 3103268 1 1017
7672 17835 3103278 1 1017
7672 17834 3103288 1 1017
7672 17834 3103298 1 1017
7673 17833 3103308 1 1017
7673 17833 3103318 1 1017
7674 17832 3103328 1 1017
7675 17831 3103338 1 1017
7676 17831 3103348 1 1017
7677 17830 3103358 1 1017
7677 17829 3103368 1 1017
7678 17829 3103378 1 1017
7678 17828 3103388 1 1017
7679 17827 3103398 1 1017
7679 17827 3103408 1 1017
7680 17827 3103418 1 1017
7680 17827 3103428 1 1017
7680 17827 3103438 1 1017
7680 17827 3103448 1 1017
7681 17827 3103458 1 1017
7681 17827 3103468 1 1017
7681 17827 3103478 1 1017
7682 17827 3103488 1 1017
7682 17827 3103498 1 1017
7682 17827 3103508 1 1017
7683 17827 3103518 1 1017
7683 17826 3103528 1 1017
7684 17826 3103538 1 1017
7685 17825 3103548 1 1017
7685 17824 3103558 1 1017
7686 17824 3103568 1 1017
7687 17824 3103578 1 1017
7687 17824 3103588 1 1017
7688 17824 3103598 1 1016
7689 17824 3103608 1 1016
7689 17824 3103618 1 1016
7690 17825 3103628 1 1016
7691 17825 3103638 1 1016
7691 17826 3103648 1 1016
7691 17826 3103658 1 1016
7692 17827 3103668 1 1016
7692 17827 3103678 1 1016
7693 17828 3103688 1 1016
7693 17829 3103698 1 1016
7693 17829 3103708 1 1016
7693 17830 3103718 1 1016
7694 17830 3103728 1 1016
7694 17831 3103738 1 1016
7694 17832 3103748 1 1016
7694 17833 3103758 1 1016
7694 17834 3103768 1 1016
7694 17835 3103778 1 1016
7694 17836 3103788 1 1016
7694 17836 3103798 1 1016
7694 17837 3103808 1 1016
7694 17838 3103818 1 1016
7694 17838 3103828 1 1016
7694 17839 3103838 1 1016
7693 17839 3103848 1 1016
7693 17839 3103858 1 1016
7693 17839 3103868 1 1016
7693 17839 3103878 1 1016
7693 17838 3103888 1 1016
7692 17838 3103898 1 1016
7692 17837 3103908 1 1016
7692 17836 3103918 1 1016
7692 17836 3103928 1 1016
7692 17835 3103938 1 1016
7692 17835 3103948 1 1016
7692 17834 3103958 1 1016
7692 17833 3103968 1 1016
7692 17833 3103978 1 1016
7691 17832 3103988 1 1016
7691 17832 3103998 1 1016
7691 17832 3104008 1 1016
7690 17831 3104018 1 1015
7690 17830 3104028 1 1015
7690 17829 3104038 1 1015
7690 17829 3104048 1 1015
7690 17828 3104058 1 1015
7690 17828 3104068 1 1015
7690 17827 3104078 1 1015
7690 17826 3104088 1 1015
7691 17825 3104098 1 1015
7691 17824 3104108 1 1015
7692 17824 3104118 1 1015
7693 17822 3104128 1 1015
7693 17822 3104138 1 1015
7694 17821 3104148 1 1015
7695 17820 3104158 1 1015
7696 17819 3104168 1 1015
7697 17818 3104178 1 1015
7698 17818 3104188 1 1015
7699 17817 3104198 1 1015
7700 17817 3104208 1 1015
7700 17817 3104218 1 1015
7701 17817 3104228 1 1015
7702 17816 3104238 1 1015
7702 17816 3104248 1 1015
7703 17816 3104258 1 1015
7704 17817 3104268 1 1015
7705 17817 3104278 1 1015
7705 17817 3104288 1 1015
7706 17818 3104298 1 1015
7708 17819 3104308 1 1015
7709 17820 3104318 1 1015
7710 17822 3104328 1 1015
7711 17823 3104338 1 1015
7712 17824 3104348 1 1015
7712 17824 3104358 1 1015
7713 17825 3104368 1 1015
7714 17826 3104378 1 1015
7715 17826 3104388 1 1015
7716 17827 3104398 1 1015
7716 17827 3104408 1 1015
7716 17827 3104418 1 1015
7717 17827 3104428 1 1015
7717 17827 3104438 1 1015
7717 17826 3104448 1 1015
7717 17826 3104458 1 1014
7717 17825 3104468 1 1014
7717 17825 3104478 1 1014
7716 17825 3104488 1 1014
7716 17825 3104498 1 1014
7716 17825 3104508 1 1014
7716 17824 3104518 1 1014
7715 17824 3104528 1 1014
7715 17824 3104538 1 1014
7715 17823 3104548 1 1014
7715 17823 3104558 1 1014
7715 17823 3104568 1 1014
7715 17823 3104578 1 1014
7716 17822 3104588 1 1014
7716 17822 3104598 1 1014
7716 17821 3104608 1 1014
7717 17821 3104618 1 1014
7717 17821 3104628 1 1014
7717 17821 3104638 1 1014
7718 17821 3104648 1 1014
7718 17822 3104658 1 1014
7719 17822 3104668 1 1014
7720 17822 3104678 1 1014
7721 17822 3104688 1 1014
7721 17822 3104698 1 1014
7721 17822 3104708 1 1014
7722 17822 3104718 1 1014
7722 17822 3104728 1 1014
7723 17822 3104738 1 1014
7723 17822 3104748 1 1014
7724 17822 3104758 1 1014
7724 17823 3104768 1 1014
7724 17822 3104778 1 1014
7724 17822 3104788 1 1014
7724 17822 3104798 1 1014
7723 17821 3104808 1 1014
7723 17820 3104818 1 1014
7722 17820 3104828 1 1014
7721 17819 3104838 1 1014
7721 17819 3104848 1 1014
7720 17818 3104858 1 1014
7718 17818 3104868 1 1014
7718 17818 3104878 1 1014
7717 17818 3104888 1 1014
7716 17819 3104898 1 1013
7716 17819 3104908 1 1013
7716 17819 3104918 1 1013
7716 17819 3104928 1 1013
7716 17819 3104938 1 1013
7716 17819 3104948 1 1013
7716 17820 3104958 1 1013
7716 17820 3104968 1 1013
7716 17820 3104978 1 1013
7716 17820 3104988 1 1013
7717 17820 3104998 1 1013
7717 17820 3105008 1 1013
7717 17820 3105018 1 1013
7717 17820 3105028 1 1013
7717 17820 3105038 1 1013
7717 17820 3105048 1 1013
7717 17820 3105058 1 1013
7717 17821 3105068 1 1013
7718 17822 3105078 1 1013
7718 17823 3105088 1 1013
7719 17825 3105098 1 1013
7719 17827 3105108 1 1013
7720 17828 3105118 1 1024
7720 17830 3105128 1 1013
7721 17832 3105138 1 1013
7722 17834 3105148 1 1013
7723 17837 3105158 1 140
7724 17839 3105168 1 140
7725 17842 3105178 1 141
7726 17843 3105188 1 114
7726 17844 3105198 1 126
7727 17846 3105208 1 141
7728 17848 3105218 1 142
7728 17849 3105228 1 142
7728 17851 3105238 1 143
7729 17852 3105248 1 143
7729 17852 3105258 1 143
7729 17852 3105268 1 144
7730 17853 3105278 1 144
7730 17852 3105288 1 153
7730 17852 3105298 1 172
7730 17851 3105308 1 182
7731 17850 3105318 1 198
7731 17849 3105328 1 211
7731 17849 3105338 1 234
7730 17848 3105348 1 276
7730 17847 3105358 1 323
7730 17846 3105368 1 376
7729 17845 3105378 1 432
7729 17845 3105388 1 490
7728 17844 3105398 1 518
7728 17844 3105408 1 550
7728 17844 3105418 1 610
7727 17843 3105428 1 640
7727 17843 3105438 1 670
7726 17843 3105448 1 728
7726 17843 3105458 1 784
7726 17843 3105468 1 810
7726 17844 3105478 1 836
7725 17845 3105488 1 882
7725 17845 3105498 1 924
7725 17846 3105508 1 959
7725 17847 3105518 1 986
7725 17847 3105528 1 1004
7724 17847 3105538 1 1010
7724 17847 3105548 1 1011
7724 17847 3105558 1 1012
7725 17846 3105568 1 1012
7725 17846 3105578 1 1012
7725 17845 3105588 1 1012
7725 17844 3105598 1 1012
7725 17844 3105608 1 1012
7725 17843 3105618 1 1012
7725 17843 3105628 1 1012
7725 17842 3105638 1 1012
7726 17842 3105648 1 1012
7726 17841 3105658 1 1012
7726 17841 3105668 1 1013
7726 17841 3105678 1 1013
7726 17840 3105688 1 1013
7725 17840 3105698 1 1013
7725 17839 3105708 1 1013
7725 17838 3105718 1 1013
7724 17837 3105728 1 1013
7723 17836 3105738 1 1011
7723 17836 3105748 1 1011
7722 17835 3105758 1 1011
7721 17834 3105768 1 1011
7721 17834 3105778 1 1012
7721 17833 3105788 1 1012
7721 17833 3105798 1 1012
7722 17832 3105808 1 1012
7722 17832 3105818 1 1012
7723 17832 3105828 1 1012
7723 17832 3105838 1 1012
7724 17832 3105848 1 1012
7724 17832 3105858 1 1012
7724 17832 3105868 1 1012
7724 17832 3105878 1 1012
7724 17832 3105888 1 1012
7724 17832 3105898 1 1012
7724 17832 3105908 1 1012
7724 17833 3105918 1 1012
7724 17833 3105928 1 1012
7723 17834 3105938 1 1012
7723 17834 3105948 1 1012
7723 17835 3105958 1 1012
7723 17835 3105968 1 1012
7723 17835 3105978 1 1012
7722 17835 3105988 1 1012
7722 17835 3105998 1 1012
7722 17836 3106008 1 1012
7722 17837 3106018 1 1012
7722 17837 3106028 1 1012
7722 17838 3106038 1 1012
7722 17839 3106048 1 1012
7723 17840 3106058 1 1012
7723 17841 3106068 1 1012
7724 17842 3106078 1 1012
7724 17843 3106088 1 1012
7725 17844 3106098 1 1012
7725 17845 3106108 1 1012
7725 17846 3106118 1 1011
7726 17847 3106128 1 1011
7726 17848 3106138 1 1011
7726 17849 3106148 1 1011
7727 17849 3106158 1 1011
7727 17849 3106168 1 1011
7727 17850 3106178 1 1011
7727 17849 3106188 1 1011
7728 17849 3106198 1 1011
7728 17849 3106208 1 1011
7728 17848 3106218 1 1011
7728 17848 3106228 1 1011
7728 17847 3106238 1 1011
7729 17847 3106248 1 1011
7729 17846 3106258 1 1011
7728 17846 3106268 1 1011
7728 17846 3106278 1 1011
7727 17846 3106288 1 1011
7727 17847 3106298 1 1011
7726 17847 3106308 1 1011
7725 17847 3106318 1 1011
7724 17848 3106328 1 1011
7723 17848 3106338 1 1011
7722 17848 3106348 1 1011
7721 17848 3106358 1 1011
7721 17848 3106368 1 1011
7721 17848 3106378 1 1011
7720 17847 3106388 1 1011
7720 17846 3106398 1 1011
7721 17844 3106408 1 1011
7721 17843 3106418 1 1011
7721 17842 3106428 1 1011
7722 17841 3106438 1 1011
7722 17841 3106448 1 1011
7723 17840 3106458 1 1011
7724 17839 3106468 1 1010
7724 17839 3106478 1 1010
7725 17838 3106488 1 1010
7725 17838 3106498 1 1010
7725 17837 3106508 1 1010
7726 17837 3106518 1 1010
7726 17837 3106528 1 1010
7727 17836 3106538 1 1010
7727 17836 3106548 1 1010
7728 17836 3106558 1 1010
7728 17836 3106568 1 1010
7729 17836 3106578 1 1010
7729 17835 3106588 1 1010
7730 17834 3106598 1 1010
7731 17834 3106608 1 1010
7732 17833 3106618 1 1010
7733 17831 3106628 1 1010
7734 17830 3106638 1 1010
7735 17829 3106648 1 1010
7736 17828 3106658 1 1010
7737 17827 3106668 1 1010
7739 17827 3106678 1 1010
7740 17826 3106688 1 1010
7741 17826 3106698 1 1010
7742 17826 3106708 1 1010
7743 17825 3106718 1 1010
7744 17825 3106728 1 1010
7745 17825 3106738 1 1010
7745 17826 3106748 1 1010
7746 17826 3106758 1 1010
7746 17826 3106768 1 1010
7746 17826 3106778 1 1010
7746 17826 3106788 1 1010
7746 17827 3106798 1 1009
7746 17827 3106808 1 1009
7747 17828 3106818 1 1009
7747 17828 3106828 1 1009
7748 17828 3106838 1 1009
7749 17828 3106848 1 1009
7750 17828 3106858 1 1009
7751 17827 3106868 1 1009
7752 17827 3106878 1 1009
7754 17826 3106888 1 1009
7755 17826 3106898 1 1009
7756 17825 3106908 1 1009
7757 17824 3106918 1 1009
7757 17823 3106928 1 1009
7758 17822 3106938 1 1009
7759 17821 3106948 1 1009
7760 17820 3106958 1 1009
7760 17819 3106968 1 1009
7761 17818 3106978 1 1009
7762 17817 3106988 1 1009
7762 17816 3106998 1 1009
7763 17815 3107008 1 1009
7763 17813 3107018 1 1009
7764 17812 3107028 1 1009
7764 17811 3107038 1 1009
7765 17809 3107048 1 1009
7765 17808 3107058 1 1009
7765 17806 3107068 1 1009
7765 17805 3107078 1 1009
7765 17803 3107088 1 1009
7765 17802 3107098 1 1009
7765 17801 3107108 1 1009
7766 17801 3107118 1 1009
7766 17800 3107128 1 1009
7767 17801 3107138 1 1009
7767 17801 3107148 1 1008
7768 17801 3107158 1 1008
7768 17802 3107168 1 1008
7769 17803 3107178 1 1008
7769 17804 3107188 1 1008
7769 17805 3107198 1 1008
7769 17807 3107208 1 1008
7769 17808 3107218 1 1008
7769 17809 3107228 1 1008
7768 17811 3107238 1 1008
7768 17812 3107248 1 1008
7768 17813 3107258 1 1008
7768 17814 3107268 1 1008
7767 17815 3107278 1 1008
7767 17816 3107288 1 1008
7767 17816 3107298 1 1008
7766 17816 3107308 1 1008
7766 17816 3107318 1 1008
7765 17816 3107328 1 1008
7765 17817 3107338 1 1008
7764 17817 3107348 1 1008
7764 17817 3107358 1 1008
7763 17816 3107368 1 1008
7763 17816 3107378 1 1008
7762 17815 3107388 1 1008
7762 17815 3107398 1 1008
7761 17814 3107408 1 1008
7760 17813 3107418 1 1008
7760 17813 3107428 1 1008
7759 17812 3107438 1 1008
7759 17811 3107448 1 1008
7758 17810 3107458 1 1008
7758 17809 3107468 1 1008
7758 17808 3107478 1 1007
7758 17807 3107488 1 1007
7758 17806 3107498 1 1007
7758 17804 3107508 1 1007
7759 17803 3107518 1 1007
7760 17801 3107528 1 1007
7760 17799 3107538 1 1007
7762 17798 3107548 1 1007
7763 17796 3107558 1 1007
7764 17795 3107568 1 1007
7766 17794 3107578 1 1007
7767 17794 3107588 1 1007
7769 17794 3107598 1 1007
7770 17794 3107608 1 1007
7771 17794 3107618 1 1007
7773 17795 3107628 1 1007
7774 17796 3107638 1 1007
7774 17797 3107648 1 1007
7775 17798 3107658 1 1007
7776 17800 3107668 1 1007
7776 17802 3107678 1 1007
7777 17804 3107688 1 1007
7777 17806 3107698 1 1007
7777 17808 3107708 1 1007
7777 17810 3107718 1 1007
7777 17812 3107728 1 1007
7777 17814 3107738 1 1007
7776 17816 3107748 1 1007
7776 17817 3107758 1 1007
7775 17818 3107768 1 1007
7774 17820 3107778 1 1007
7773 17821 3107788 1 1007
7772 17821 3107798 1 1007
7771 17822 3107808 1 1006
7770 17822 3107818 1 1006
7769 17822 3107828 1 1006
7768 17822 3107838 1 1006
7767 17822 3107848 1 1006
7767 17821 3107858 1 1006
7766 17820 3107868 1 1006
7766 17820 3107878 1 1006
7766 17819 3107888 1 1006
7766 17818 3107898 1 1006
7766 17817 3107908 1 1006
7766 17816 3107918 1 1006
7766 17816 3107928 1 1006
7766 17816 3107938 1 1006
7767 17816 3107948 1 1006
7767 17816 3107958 1 1006
7767 17817 3107968 1 1006
7767 17817 3107978 1 1006
7767 17818 3107988 1 1006
7768 17819 3107998 1 1006
7768 17820 3108008 1 1006
7768 17820 3108018 1 1006
7768 17821 3108028 1 1006
7767 17821 3108038 1 1006
7767 17822 3108048 1 1006
7766 17822 3108058 1 1006
7765 17821 3108068 1 1006
7764 17820 3108078 1 1006
7763 17819 3108088 1 1006
7762 17818 3108098 1 1006
7761 17816 3108108 1 1006
7760 17815 3108118 1 1006
7759 17813 3108128 1 1006
7758 17811 3108138 1 1006
7758 17809 3108148 1 1005
7757 17808 3108158 1 1005
7756 17807 3108168 1 1005
7756 17806 3108178 1 1005
7756 17805 3108188 1 1005
7755 17804 3108198 1 1005
7755 17804 3108208 1 1005
7754 17804 3108218 1 1005
7754 17804 3108228 1 1005
7754 17804 3108238 1 1005
7753 17804 3108248 1 1005
7753 17804 3108258 1 1005
7753 17804 3108268 1 1005
7754 17805 3108278 1 1005
7754 17805 3108288 1 1005
