7986 18579 5377310 1 791
7987 18579 5377320 1 791
7987 18579 5377330 1 791
7988 18579 5377340 1 792
7989 18579 5377350 1 792
7989 18579 5377360 1 793
7990 18579 5377370 1 793
7991 18580 5377380 1 793
7992 18580 5377390 1 794
7992 18580 5377400 1 794
7993 18580 5377410 1 795
7993 18579 5377420 1 795
7993 18579 5377430 1 796
7994 18578 5377440 1 796
7994 18577 5377450 1 796
7994 18577 5377460 1 797
7994 18576 5377470 1 797
7995 18576 5377480 1 797
7996 18575 5377490 1 798
7996 18575 5377500 1 798
7997 18575 5377510 1 798
8001 18574 5377520 1 799
8003 18573 5377530 1 800
8006 18573 5377540 1 800
8008 18573 5377550 1 800
8011 18572 5377560 1 801
8014 18572 5377570 1 801
8016 18572 5377580 1 801
8020 18573 5377590 1 802
8022 18573 5377600 1 803
8023 18574 5377610 1 802
8024 18574 5377620 1 803
8024 18574 5377630 1 804
8024 18574 5377640 1 804
8024 18574 5377650 1 805
8023 18573 5377660 1 805
8022 18573 5377670 1 805
8022 18572 5377680 1 806
8022 18572 5377690 1 806
8022 18571 5377700 1 807
8022 18571 5377710 1 807
8023 18570 5377720 1 808
8024 18569 5377730 1 808
8024 18568 5377740 1 809
8025 18567 5377750 1 809
8027 18566 5377760 1 809
8029 18565 5377770 1 810
8031 18565 5377780 1 810
8033 18564 5377790 1 811
8038 18562 5377800 1 812
8040 18562 5377810 1 812
8041 18561 5377820 1 813
8042 18561 5377830 1 813
8042 18560 5377840 1 813
8042 18560 5377850 1 813
8040 18559 5377860 1 814
8037 18558 5377870 1 815
8035 18558 5377880 1 816
8034 18558 5377890 1 816
8034 18557 5377900 1 816
8033 18557 5377910 1 816
8033 18556 5377920 1 816
8032 18556 5377930 1 817
8031 18556 5377940 1 818
8029 18555 5377950 1 818
8028 18555 5377960 1 818
8027 18555 5377970 1 819
8026 18555 5377980 1 820
8025 18555 5377990 1 820
8026 18554 5378000 1 821
8027 18554 5378010 1 821
8027 18554 5378020 1 821
8027 18554 5378030 1 822
8026 18554 5378040 1 822
8025 18554 5378050 1 823
8024 18554 5378060 1 823
8023 18554 5378070 1 824
8019 18555 5378080 1 824
8018 18555 5378090 1 824
8016 18555 5378100 1 825
8015 18556 5378110 1 826
8015 18556 5378120 1 826
8015 18556 5378130 1 827
8017 18556 5378140 1 827
8022 18556 5378150 1 828
8025 18556 5378160 1 828
8029 18556 5378170 1 829
8031 18556 5378180 1 829
8034 18556 5378190 1 830
8036 18556 5378200 1 830
8037 18556 5378210 1 830
8038 18555 5378220 1 832
8037 18555 5378230 1 832
8035 18555 5378240 1 833
8033 18555 5378250 1 833
8030 18555 5378260 1 833
8027 18555 5378270 1 833
8024 18555 5378280 1 834
8017 18555 5378290 1 835
8013 18556 5378300 1 836
8010 18556 5378310 1 836
8007 18555 5378320 1 836
8004 18555 5378330 1 837
8001 18554 5378340 1 837
7997 18554 5378350 1 838
7990 18552 5378360 1 839
7987 18552 5378370 1 839
7983 18551 5378380 1 839
7980 18551 5378390 1 840
7978 18550 5378400 1 840
7976 18549 5378410 1 841
7974 18549 5378420 1 842
7974 18548 5378430 1 843
7975 18548 5378440 1 843
7977 18548 5378450 1 843
7978 18548 5378460 1 843
7980 18548 5378470 1 844
7982 18548 5378480 1 845
7984 18549 5378490 1 845
7986 18549 5378500 1 846
7988 18549 5378510 1 846
7989 18550 5378520 1 847
7990 18550 5378530 1 848
7991 18550 5378540 1 848
7991 18550 5378550 1 848
7992 18551 5378560 1 849
7995 18551 5378570 1 849
7996 18551 5378580 1 850
7997 18551 5378590 1 851
7998 18552 5378600 1 851
7998 18552 5378610 1 852
7999 18552 5378620 1 852
8000 18553 5378630 1 853
8001 18553 5378640 1 853
8002 18554 5378650 1 854
8002 18554 5378660 1 854
8002 18554 5378670 1 855
8002 18555 5378680 1 856
8003 18555 5378690 1 857
8003 18556 5378700 1 857
8003 18557 5378710 1 857
8003 18557 5378720 1 858
8003 18557 5378730 1 859
8002 18558 5378740 1 859
8002 18558 5378750 1 860
8002 18559 5378760 1 861
8002 18559 5378770 1 860
8002 18560 5378780 1 862
8002 18560 5378790 1 862
8003 18560 5378800 1 862
8003 18560 5378810 1 863
8004 18561 5378820 1 864
8004 18561 5378830 1 864
8004 18561 5378840 1 864
8004 18562 5378850 1 866
8003 18563 5378860 1 866
8001 18564 5378870 1 867
8000 18565 5378880 1 868
7999 18566 5378890 1 868
7998 18566 5378900 1 868
7997 18567 5378910 1 868
7997 18569 5378920 1 869
7998 18570 5378930 1 870
7999 18570 5378940 1 871
7999 18571 5378950 1 872
8000 18572 5378960 1 872
8001 18572 5378970 1 872
8002 18572 5378980 1 872
8004 18573 5378990 1 873
8006 18573 5379000 1 874
8007 18573 5379010 1 875
8009 18574 5379020 1 875
8011 18574 5379030 1 876
8012 18574 5379040 1 877
8014 18574 5379050 1 877
8016 18574 5379060 1 877
8016 18574 5379070 1 878
8017 18574 5379080 1 879
8018 18574 5379090 1 879
8018 18574 5379100 1 880
8019 18574 5379110 1 881
8019 18574 5379120 1 881
8018 18574 5379130 1 883
8018 18575 5379140 1 883
8018 18575 5379150 1 883
8018 18575 5379160 1 884
8019 18575 5379170 1 885
8020 18576 5379180 1 886
8020 18576 5379190 1 885
8022 18577 5379200 1 887
8024 18577 5379210 1 888
8026 18577 5379220 1 888
8029 18577 5379230 1 888
8033 18576 5379240 1 889
8037 18576 5379250 1 890
8041 18575 5379260 1 890
8048 18574 5379270 1 891
8051 18573 5379280 1 892
8054 18573 5379290 1 892
8056 18572 5379300 1 893
8058 18571 5379310 1 894
8060 18571 5379320 1 894
8062 18570 5379330 1 895
8066 18570 5379340 1 895
8067 18570 5379350 1 896
8068 18569 5379360 1 897
8069 18569 5379370 1 897
8069 18569 5379380 1 898
8069 18569 5379390 1 899
8069 18569 5379400 1 900
8067 18568 5379410 1 900
8066 18567 5379420 1 900
8063 18567 5379430 1 901
8061 18566 5379440 1 902
8058 18565 5379450 1 902
8054 18564 5379460 1 903
8050 18563 5379470 1 904
8042 18561 5379480 1 905
8037 18560 5379490 1 905
8033 18559 5379500 1 905
8029 18558 5379510 1 906
8026 18557 5379520 1 907
8023 18557 5379530 1 907
8021 18556 5379540 1 908
8019 18555 5379550 1 910
8019 18554 5379560 1 910
8019 18554 5379570 1 910
8019 18553 5379580 1 911
8020 18553 5379590 1 911
8022 18553 5379600 1 912
8024 18553 5379610 1 913
8028 18552 5379620 1 915
8031 18552 5379630 1 915
8034 18552 5379640 1 916
8038 18551 5379650 1 916
8042 18551 5379660 1 917
8047 18551 5379670 1 917
8051 18550 5379680 1 917
8059 18549 5379690 1 919
8062 18549 5379700 1 920
8066 18549 5379710 1 921
8068 18548 5379720 1 921
8071 18548 5379730 1 922
8073 18547 5379740 1 922
8074 18547 5379750 1 923
8075 18546 5379760 1 923
8073 18545 5379770 1 924
8072 18545 5379780 1 925
8070 18545 5379790 1 926
8068 18546 5379800 1 927
8066 18546 5379810 1 927
8064 18546 5379820 1 928
8061 18547 5379830 1 929
8059 18548 5379840 1 930
8057 18548 5379850 1 930
8056 18549 5379860 1 930
8054 18549 5379870 1 931
8054 18550 5379880 1 932
8053 18550 5379890 1 933
8055 18551 5379900 1 934
8057 18551 5379910 1 934
8058 18551 5379920 1 935
8060 18552 5379930 1 936
8062 18552 5379940 1 936
8063 18552 5379950 1 936
8064 18553 5379960 1 937
8066 18553 5379970 1 939
8067 18553 5379980 1 940
8067 18553 5379990 1 940
8068 18553 5380000 1 941
8068 18553 5380010 1 941
8067 18553 5380020 1 942
8066 18553 5380030 1 942
8065 18553 5380040 1 943
8064 18553 5380050 1 945
8063 18552 5380060 1 946
8063 18552 5380070 1 947
8063 18551 5380080 1 947
8063 18551 5380090 1 948
8063 18550 5380100 1 948
8064 18548 5380110 1 949
8065 18547 5380120 1 950
8066 18546 5380130 1 950
8066 18545 5380140 1 951
8067 18545 5380150 1 952
8068 18544 5380160 1 953
8069 18544 5380170 1 954
8071 18544 5380180 1 955
8072 18543 5380190 1 955
8073 18544 5380200 1 955
8074 18544 5380210 1 956
8075 18544 5380220 1 957
8075 18544 5380230 1 958
8075 18545 5380240 1 959
8075 18545 5380250 1 960
8075 18546 5380260 1 961
8074 18546 5380270 1 962
8074 18547 5380280 1 962
8073 18547 5380290 1 963
8073 18547 5380300 1 963
8072 18547 5380310 1 963
8072 18547 5380320 1 965
8072 18547 5380330 1 966
8072 18546 5380340 1 967
8072 18546 5380350 1 967
8072 18545 5380360 1 968
8072 18544 5380370 1 968
8073 18543 5380380 1 969
8073 18541 5380390 1 971
8073 18540 5380400 1 971
8073 18540 5380410 1 972
8074 18540 5380420 1 972
8074 18539 5380430 1 973
8075 18539 5380440 1 974
8076 18539 5380450 1 975
8077 18538 5380460 1 976
8078 18537 5380470 1 977
8078 18537 5380480 1 977
8078 18536 5380490 1 978
8078 18535 5380500 1 979
8077 18534 5380510 1 980
8076 18533 5380520 1 981
8073 18531 5380530 1 982
8071 18530 5380540 1 983
8069 18529 5380550 1 983
8068 18528 5380560 1 984
8067 18527 5380570 1 985
8067 18526 5380580 1 986
8066 18525 5380590 1 987
8063 18524 5380600 1 988
8062 18523 5380610 1 989
8060 18523 5380620 1 990
8057 18523 5380630 1 990
8054 18523 5380640 1 990
8051 18523 5380650 1 991
8048 18523 5380660 1 992
8040 18523 5380670 1 993
8035 18523 5380680 1 994
8031 18523 5380690 1 995
8027 18523 5380700 1 996
8023 18523 5380710 1 997
8020 18523 5380720 1 997
8016 18523 5380730 1 998
8012 18523 5380740 1 999
8011 18523 5380750 1 1000
8010 18523 5380760 1 1001
8010 18523 5380770 1 1001
8010 18523 5380780 1 1002
8011 18523 5380790 1 1003
8012 18523 5380800 1 1004
8014 18523 5380810 1 1005
8015 18523 5380820 1 1005
8016 18523 5380830 1 1006
8017 18523 5380840 1 1007
8017 18523 5380850 1 1008
8017 18523 5380860 1 1009
8018 18522 5380870 1 1009
8020 18522 5380880 1 1009
8022 18522 5380890 1 1009
8024 18521 5380900 1 1009
8025 18521 5380910 1 1009
8027 18521 5380920 1 1009
8029 18521 5380930 1 1009
8031 18521 5380940 1 1009
8035 18522 5380950 1 1009
8038 18522 5380960 1 1009
8039 18523 5380970 1 1009
8041 18524 5380980 1 1009
8042 18524 5380990 1 1009
8043 18525 5381000 1 1009
8043 18526 5381010 1 1009
8043 18528 5381020 1 1009
8042 18528 5381030 1 1009
8041 18529 5381040 1 1009
8041 18530 5381050 1 1010
8040 18531 5381060 1 1010
8039 18532 5381070 1 1010
8038 18533 5381080 1 1010
8036 18535 5381090 1 1010
8035 18536 5381100 1 1010
8034 18537 5381110 1 1010
8032 18538 5381120 1 1010
8031 18538 5381130 1 1010
8030 18539 5381140 1 1010
8029 18540 5381150 1 1010
8029 18541 5381160 1 1010
8030 18541 5381170 1 1010
8033 18541 5381180 1 1010
8035 18541 5381190 1 1010
8038 18542 5381200 1 1010
8042 18542 5381210 1 1010
8046 18541 5381220 1 1010
8054 18541 5381230 1 1010
8057 18541 5381240 1 1010
8060 18541 5381250 1 1010
8063 18541 5381260 1 1010
8065 18541 5381270 1 1010
8067 18540 5381280 1 1010
8068 18540 5381290 1 1010
8069 18540 5381300 1 1010
8070 18540 5381310 1 1010
8070 18540 5381320 1 1010
8071 18540 5381330 1 1010
8071 18541 5381340 1 1011
8071 18542 5381350 1 1011
8071 18542 5381360 1 1011
8069 18544 5381370 1 1011
8068 18545 5381380 1 1011
8067 18546 5381390 1 1012
8066 18547 5381400 1 1012
8066 18548 5381410 1 1012
8065 18549 5381420 1 1012
8065 18550 5381430 1 1012
8065 18553 5381440 1 1012
8064 18554 5381450 1 1012
8064 18555 5381460 1 1012
8064 18556 5381470 1 1012
8064 18556 5381480 1 1012
8064 18557 5381490 1 1012
8064 18557 5381500 1 1012
8065 18557 5381510 1 1012
8066 18557 5381520 1 1012
8068 18557 5381530 1 1012
8070 18556 5381540 1 1012
8073 18556 5381550 1 1012
8076 18556 5381560 1 1012
8079 18555 5381570 1 1012
8084 18555 5381580 1 1012
8086 18555 5381590 1 1012
8088 18555 5381600 1 1012
8089 18554 5381610 1 1012
8089 18554 5381620 1 1012
8088 18554 5381630 1 1012
8087 18554 5381640 1 1012
8083 18555 5381650 1 1012
8081 18555 5381660 1 1012
8080 18555 5381670 1 1012
8078 18555 5381680 1 1012
8076 18555 5381690 1 1012
8075 18555 5381700 1 1012
8074 18555 5381710 1 1013
8071 18555 5381720 1 1013
8070 18555 5381730 1 1013
8068 18555 5381740 1 1013
8066 18555 5381750 1 1013
8065 18555 5381760 1 1013
8064 18555 5381770 1 1013
8064 18555 5381780 1 1013
8065 18555 5381790 1 1013
8066 18555 5381800 1 1013
8067 18555 5381810 1 1013
8069 18555 5381820 1 1013
8070 18556 5381830 1 1013
8071 18556 5381840 1 1013
8073 18556 5381850 1 1013
8075 18557 5381860 1 1013
8076 18557 5381870 1 1013
8076 18558 5381880 1 1013
8076 18558 5381890 1 1013
8075 18558 5381900 1 1013
8075 18559 5381910 1 1013
8073 18559 5381920 1 1013
8072 18560 5381930 1 1013
8071 18560 5381940 1 1013
8072 18561 5381950 1 1013
8072 18561 5381960 1 1013
8072 18561 5381970 1 1013
8072 18562 5381980 1 1013
8072 18562 5381990 1 1013
8069 18561 5382000 1 1013
8067 18561 5382010 1 1013
8064 18561 5382020 1 1013
8062 18561 5382030 1 1014
8059 18560 5382040 1 1014
8056 18560 5382050 1 1014
8054 18559 5382060 1 1014
8050 18558 5382070 1 1014
8049 18557 5382080 1 1015
8047 18557 5382090 1 1015
8046 18557 5382100 1 1015
8045 18556 5382110 1 1015
8044 18556 5382120 1 1015
8043 18556 5382130 1 1015
8042 18555 5382140 1 1015
8043 18555 5382150 1 1015
8044 18555 5382160 1 1015
8045 18555 5382170 1 1015
8047 18555 5382180 1 1015
8048 18555 5382190 1 1015
8050 18556 5382200 1 1015
8053 18556 5382210 1 1015
8056 18557 5382220 1 1015
8058 18557 5382230 1 1015
8061 18558 5382240 1 1015
8064 18558 5382250 1 1015
8067 18559 5382260 1 1015
8070 18559 5382270 1 1015
8075 18560 5382280 1 1015
8078 18561 5382290 1 1015
8079 18561 5382300 1 1015
8080 18561 5382310 1 1015
8081 18561 5382320 1 1015
8081 18562 5382330 1 1015
8080 18562 5382340 1 1015
8078 18562 5382350 1 1016
8078 18563 5382360 1 1016
8077 18563 5382370 1 1016
8075 18563 5382380 1 1016
8074 18563 5382390 1 1016
8073 18563 5382400 1 1016
8071 18563 5382410 1 1016
8068 18563 5382420 1 1016
8066 18562 5382430 1 1016
8064 18562 5382440 1 1016
8061 18562 5382450 1 1016
8059 18562 5382460 1 1016
8056 18561 5382470 1 1016
8054 18561 5382480 1 1016
8050 18561 5382490 1 1016
8049 18561 5382500 1 1016
8048 18561 5382510 1 1016
8047 18561 5382520 1 1016
8047 18561 5382530 1 1016
8047 18561 5382540 1 1016
8047 18561 5382550 1 1016
8050 18561 5382560 1 1016
8052 18562 5382570 1 1016
8054 18562 5382580 1 1016
8057 18562 5382590 1 1016
8061 18562 5382600 1 1016
8064 18563 5382610 1 1016
8068 18563 5382620 1 1016
8076 18564 5382630 1 1016
8080 18564 5382640 1 1016
8083 18564 5382650 1 1016
8086 18565 5382660 1 1016
8088 18565 5382670 1 1016
8089 18565 5382680 1 1016
8090 18565 5382690 1 1017
8091 18565 5382700 1 1017
8091 18565 5382710 1 1017
8091 18565 5382720 1 1017
8091 18565 5382730 1 1018
8091 18565 5382740 1 1018
8091 18564 5382750 1 1018
8090 18564 5382760 1 1018
8088 18563 5382770 1 1018
8087 18563 5382780 1 1018
8085 18563 5382790 1 1018
8083 18563 5382800 1 1018
8082 18562 5382810 1 1018
8080 18562 5382820 1 1018
8078 18562 5382830 1 1018
8075 18561 5382840 1 1018
8073 18561 5382850 1 1018
8071 18561 5382860 1 1018
8069 18560 5382870 1 1018
8067 18560 5382880 1 1018
8067 18560 5382890 1 1018
8066 18560 5382900 1 1018
8067 18559 5382910 1 1018
8068 18559 5382920 1 1018
8070 18559 5382930 1 1018
8072 18558 5382940 1 1018
8075 18558 5382950 1 1018
8077 18558 5382960 1 1018
8080 18559 5382970 1 1018
8085 18560 5382980 1 1018
8087 18560 5382990 1 1018
8090 18561 5383000 1 1018
8092 18562 5383010 1 1018
8094 18563 5383020 1 1019
8095 18564 5383030 1 1019
8097 18565 5383040 1 1019
8100 18566 5383050 1 1019
8102 18567 5383060 1 1019
8103 18568 5383070 1 1019
8104 18569 5383080 1 1019
8105 18569 5383090 1 1019
8105 18569 5383100 1 1019
8105 18570 5383110 1 1019
8104 18570 5383120 1 1019
8102 18570 5383130 1 1019
8100 18569 5383140 1 1019
8098 18569 5383150 1 1019
8096 18569 5383160 1 1019
8094 18568 5383170 1 1019
8093 18568 5383180 1 1019
8091 18567 5383190 1 1019
8090 18567 5383200 1 1019
8090 18566 5383210 1 1019
8089 18566 5383220 1 1019
8088 18566 5383230 1 1019
8087 18565 5383240 1 1019
8086 18565 5383250 1 1019
8084 18565 5383260 1 1019
8083 18565 5383270 1 1019
8083 18565 5383280 1 1019
8083 18565 5383290 1 1019
8083 18565 5383300 1 1019
8084 18565 5383310 1 1019
8085 18564 5383320 1 1020
8087 18564 5383330 1 1021
8089 18564 5383340 1 1021
8090 18563 5383350 1 1021
8091 18563 5383360 1 1021
8092 18563 5383370 1 1021
8093 18563 5383380 1 1021
8093 18563 5383390 1 1021
8092 18564 5383400 1 1021
8091 18564 5383410 1 1021
8091 18565 5383420 1 1021
8090 18565 5383430 1 1021
8090 18566 5383440 1 1021
8090 18566 5383450 1 1021
8090 18567 5383460 1 1021
8090 18567 5383470 1 1021
8091 18567 5383480 1 1021
8091 18568 5383490 1 1021
8091 18568 5383500 1 1021
8091 18568 5383510 1 1021
8091 18568 5383520 1 1021
8091 18568 5383530 1 1021
8090 18568 5383540 1 1021
8089 18568 5383550 1 1021
8087 18567 5383560 1 1021
8085 18567 5383570 1 1021
8083 18567 5383580 1 1021
8082 18567 5383590 1 1021
8081 18566 5383600 1 1021
8080 18565 5383610 1 1021
8080 18565 5383620 1 1021
8081 18565 5383630 1 1021
8083 18564 5383640 1 1021
8085 18564 5383650 1 1021
8088 18564 5383660 1 1021
8091 18563 5383670 1 1022
8096 18563 5383680 1 1022
8099 18563 5383690 1 1022
8101 18563 5383700 1 1022
8102 18563 5383710 1 1022
8103 18563 5383720 1 1022
8103 18563 5383730 1 1022
8103 18564 5383740 1 1022
8102 18565 5383750 1 1022
8101 18565 5383760 1 1022
8099 18565 5383770 1 1022
8098 18566 5383780 1 1022
8097 18566 5383790 1 1022
8096 18566 5383800 1 1022
8096 18566 5383810 1 1022
8097 18566 5383820 1 1022
8099 18566 5383830 1 1022
8101 18566 5383840 1 1022
8103 18566 5383850 1 1022
8105 18566 5383860 1 1022
8107 18567 5383870 1 1022
8110 18567 5383880 1 1022
8115 18568 5383890 1 1022
8116 18568 5383900 1 1022
8118 18568 5383910 1 1022
8119 18569 5383920 1 1022
8120 18569 5383930 1 1022
8120 18569 5383940 1 1022
8120 18569 5383950 1 1022
8120 18569 5383960 1 1022
8120 18568 5383970 1 1022
8119 18568 5383980 1 1022
8118 18568 5383990 1 1023
8117 18568 5384000 1 1022
8116 18568 5384010 1 1022
8115 18568 5384020 1 1022
8112 18567 5384030 1 1022
8112 18567 5384040 1 1022
8111 18567 5384050 1 1022
8111 18567 5384060 1 1022
8111 18567 5384070 1 1022
8111 18567 5384080 1 1022
8111 18567 5384090 1 1022
8111 18567 5384100 1 1022
8112 18567 5384110 1 1022
8112 18568 5384120 1 1022
8113 18568 5384130 1 1022
8113 18568 5384140 1 1022
8114 18569 5384150 1 1022
8115 18569 5384160 1 1022
8117 18570 5384170 1 1022
8118 18570 5384180 1 1022
8119 18570 5384190 1 1022
8120 18571 5384200 1 1022
8120 18571 5384210 1 1022
8121 18571 5384220 1 1022
8120 18571 5384230 1 1022
8120 18570 5384240 1 1022
8120 18570 5384250 1 1022
8119 18569 5384260 1 1022
8119 18569 5384270 1 1022
8117 18568 5384280 1 1022
8116 18568 5384290 1 1022
8114 18567 5384300 1 1022
8109 18567 5384310 1 1022
8106 18567 5384320 1 1021
8103 18567 5384330 1 1021
8100 18567 5384340 1 1021
8098 18567 5384350 1 1021
8096 18568 5384360 1 1021
8095 18568 5384370 1 1021
8093 18568 5384380 1 1021
8093 18568 5384390 1 1021
8092 18569 5384400 1 1021
8093 18569 5384410 1 1021
8093 18569 5384420 1 1021
8095 18569 5384430 1 1021
8096 18569 5384440 1 1021
8099 18570 5384450 1 1020
8100 18570 5384460 1 1020
8101 18570 5384470 1 1020
8102 18570 5384480 1 1020
8102 18570 5384490 1 1020
8102 18571 5384500 1 1020
8101 18571 5384510 1 1020
8098 18572 5384520 1 1020
8097 18572 5384530 1 1020
8095 18572 5384540 1 1020
8093 18573 5384550 1 1020
8091 18573 5384560 1 1020
8089 18573 5384570 1 1020
8088 18573 5384580 1 1020
8085 18573 5384590 1 1020
8084 18573 5384600 1 1020
8084 18573 5384610 1 1020
8084 18573 5384620 1 1020
8084 18573 5384630 1 1020
8085 18572 5384640 1 1019
8087 18572 5384650 1 1019
8090 18572 5384660 1 1019
8092 18572 5384670 1 1019
8094 18572 5384680 1 1019
8095 18571 5384690 1 1019
8097 18571 5384700 1 1019
8098 18571 5384710 1 1019
8100 18570 5384720 1 1019
8101 18569 5384730 1 1019
8102 18569 5384740 1 1019
8102 18569 5384750 1 1019
8103 18568 5384760 1 1019
8103 18568 5384770 1 1019
8104 18568 5384780 1 1019
8104 18568 5384790 1 1019
8105 18567 5384800 1 1019
8105 18567 5384810 1 1019
8105 18566 5384820 1 1019
8105 18566 5384830 1 1019
8105 18566 5384840 1 1019
8105 18566 5384850 1 1019
8104 18566 5384860 1 1019
8104 18566 5384870 1 1019
8104 18566 5384880 1 1019
8104 18566 5384890 1 1019
8104 18566 5384900 1 1019
8104 18566 5384910 1 1019
8103 18566 5384920 1 1019
8103 18566 5384930 1 1019
8102 18566 5384940 1 1019
8102 18566 5384950 1 1019
8101 18566 5384960 1 1019
8101 18567 5384970 1 1018
8101 18567 5384980 1 1018
8101 18567 5384990 1 1018
8101 18567 5385000 1 1018
8102 18568 5385010 1 1018
8102 18568 5385020 1 1018
8102 18568 5385030 1 1018
8102 18568 5385040 1 1018
8102 18568 5385050 1 1017
8102 18569 5385060 1 1017
8102 18569 5385070 1 1017
8102 18569 5385080 1 1017
8102 18569 5385090 1 1017
8102 18569 5385100 1 1017
8103 18569 5385110 1 1017
8104 18569 5385120 1 1017
8104 18568 5385130 1 1017
8105 18568 5385140 1 1017
8108 18568 5385150 1 1017
8110 18568 5385160 1 1017
8111 18568 5385170 1 1017
8113 18568 5385180 1 1017
8115 18568 5385190 1 1017
8117 18568 5385200 1 1017
8118 18567 5385210 1 1017
8121 18567 5385220 1 1017
8122 18567 5385230 1 1017
8123 18567 5385240 1 1017
8124 18567 5385250 1 1017
8125 18566 5385260 1 1017
8125 18566 5385270 1 1017
8125 18566 5385280 1 1017
8124 18566 5385290 1 1017
8124 18566 5385300 1 1016
8124 18566 5385310 1 1016
8123 18566 5385320 1 1016
8122 18566 5385330 1 1016
8122 18566 5385340 1 1016
8122 18566 5385350 1 1016
8121 18566 5385360 1 1016
8120 18566 5385370 1 1016
8119 18567 5385380 1 1016
8118 18567 5385390 1 1016
8116 18567 5385400 1 1016
8115 18568 5385410 1 1016
8114 18568 5385420 1 1016
8114 18569 5385430 1 1016
8115 18569 5385440 1 1016
8116 18569 5385450 1 1016
8117 18569 5385460 1 1016
8119 18569 5385470 1 1016
8121 18569 5385480 1 1016
8122 18569 5385490 1 1016
8125 18569 5385500 1 1016
8127 18569 5385510 1 1016
8128 18569 5385520 1 1016
8130 18568 5385530 1 1016
8131 18568 5385540 1 1016
8133 18568 5385550 1 1016
8135 18568 5385560 1 1016
8137 18568 5385570 1 1016
8138 18568 5385580 1 1016
8138 18568 5385590 1 1016
8139 18568 5385600 1 1016
8139 18569 5385610 1 1016
8138 18569 5385620 1 1015
8138 18569 5385630 1 1015
8135 18570 5385640 1 1015
8133 18570 5385650 1 1015
8129 18570 5385660 1 1015
8125 18570 5385670 1 1015
8119 18570 5385680 1 1015
8113 18570 5385690 1 1015
8107 18571 5385700 1 1014
8094 18571 5385710 1 1014
8087 18571 5385720 1 1014
8080 18571 5385730 1 1014
8072 18571 5385740 1 1014
8065 18571 5385750 1 1014
8058 18570 5385760 1 1014
8050 18570 5385770 1 1014
8034 18569 5385780 1 1014
8028 18569 5385790 1 1014
8023 18568 5385800 1 1014
8020 18568 5385810 1 1014
8019 18567 5385820 1 1014
8020 18567 5385830 1 1014
8021 18567 5385840 1 1014
8024 18567 5385850 1 1014
8026 18567 5385860 1 1014
8028 18567 5385870 1 1014
8030 18567 5385880 1 1014
8032 18567 5385890 1 1014
8033 18568 5385900 1 1014
8034 18568 5385910 1 1014
8034 18569 5385920 1 1014
8033 18569 5385930 1 1014
8032 18569 5385940 1 1014
8031 18569 5385950 1 1013
8030 18569 5385960 1 1013
8029 18570 5385970 1 1013
8028 18570 5385980 1 1013
8026 18570 5385990 1 1013
8025 18570 5386000 1 1013
8024 18571 5386010 1 1013
8024 18571 5386020 1 1013
8025 18571 5386030 1 1013
8026 18571 5386040 1 1013
8027 18571 5386050 1 1013
8029 18572 5386060 1 1013
8030 18572 5386070 1 1013
8032 18572 5386080 1 1013
8033 18572 5386090 1 1013
8034 18572 5386100 1 1013
8035 18573 5386110 1 1013
8037 18573 5386120 1 1013
8038 18574 5386130 1 1013
8038 18574 5386140 1 1013
8037 18575 5386150 1 1013
8036 18576 5386160 1 1013
8035 18576 5386170 1 1013
8033 18577 5386180 1 1013
8032 18577 5386190 1 1013
8029 18577 5386200 1 1013
8028 18577 5386210 1 1013
8028 18577 5386220 1 1013
8028 18577 5386230 1 1013
8028 18577 5386240 1 1013
8029 18577 5386250 1 1013
8030 18577 5386260 1 1013
8033 18577 5386270 1 1013
8034 18577 5386280 1 1012
8036 18577 5386290 1 1012
8037 18576 5386300 1 1012
8038 18576 5386310 1 1012
8039 18576 5386320 1 1012
8040 18577 5386330 1 1012
8041 18577 5386340 1 1012
8042 18577 5386350 1 1012
8042 18577 5386360 1 1012
8042 18577 5386370 1 1012
8042 18577 5386380 1 1012
8043 18578 5386390 1 1011
8043 18578 5386400 1 1011
8044 18578 5386410 1 1011
8045 18578 5386420 1 1011
8047 18578 5386430 1 1011
8048 18578 5386440 1 1011
8050 18578 5386450 1 1011
8052 18578 5386460 1 1011
8053 18577 5386470 1 1011
8056 18577 5386480 1 1011
8056 18577 5386490 1 1011
8057 18577 5386500 1 1011
8058 18578 5386510 1 1011
8059 18578 5386520 1 1011
8060 18578 5386530 1 1011
8060 18579 5386540 1 1011
8060 18580 5386550 1 1011
8059 18580 5386560 1 1011
8058 18581 5386570 1 1011
8057 18581 5386580 1 1011
8056 18582 5386590 1 1011
8054 18582 5386600 1 1011
8053 18582 5386610 1 1010
8051 18583 5386620 1 1010
8050 18583 5386630 1 1010
8049 18584 5386640 1 1010
8048 18584 5386650 1 1010
8046 18584 5386660 1 1010
8045 18584 5386670 1 1010
8043 18585 5386680 1 1010
8040 18585 5386690 1 1010
8039 18585 5386700 1 1010
8038 18585 5386710 1 1010
8037 18585 5386720 1 1010
8035 18585 5386730 1 1010
8035 18585 5386740 1 1010
8034 18585 5386750 1 1010
8034 18585 5386760 1 1010
8035 18585 5386770 1 1010
8035 18585 5386780 1 1010
8036 18585 5386790 1 1010
8036 18585 5386800 1 1010
8037 18586 5386810 1 1010
8036 18586 5386820 1 1010
8035 18586 5386830 1 1010
8035 18587 5386840 1 1010
8034 18587 5386850 1 1010
8034 18587 5386860 1 1010
8035 18588 5386870 1 1010
8036 18588 5386880 1 1010
8037 18588 5386890 1 1010
8043 18589 5386900 1 1010
8046 18589 5386910 1 1010
8050 18589 5386920 1 1009
8053 18589 5386930 1 1009
8056 18590 5386940 1 1009
8059 18590 5386950 1 1009
8062 18590 5386960 1 1009
8065 18590 5386970 1 1009
8067 18590 5386980 1 1009
8068 18589 5386990 1 1009
8068 18589 5387000 1 1009
8067 18588 5387010 1 1009
8066 18588 5387020 1 1009
8065 18587 5387030 1 1009
8062 18586 5387040 1 1009
8061 18585 5387050 1 1009
8060 18584 5387060 1 1009
8058 18583 5387070 1 1009
8057 18582 5387080 1 1009
8055 18580 5387090 1 1009
8053 18580 5387100 1 1009
8048 18578 5387110 1 1009
8046 18577 5387120 1 1009
8044 18577 5387130 1 1009
8043 18577 5387140 1 1008
8043 18577 5387150 1 1008
8043 18577 5387160 1 1008
8044 18577 5387170 1 1008
8047 18577 5387180 1 1008
8050 18577 5387190 1 1008
8053 18578 5387200 1 1008
8057 18578 5387210 1 1008
8061 18579 5387220 1 1008
8065 18579 5387230 1 1008
8069 18580 5387240 1 1008
8077 18581 5387250 1 1007
8081 18582 5387260 1 1007
8084 18583 5387270 1 1007
8086 18583 5387280 1 1007
8088 18584 5387290 1 1007
8089 18585 5387300 1 1007
8090 18585 5387310 1 1007
8090 18586 5387320 1 1007
8090 18586 5387330 1 1007
8090 18586 5387340 1 1007
8090 18586 5387350 1 1007
8090 18586 5387360 1 1007
8091 18586 5387370 1 1007
8091 18586 5387380 1 1007
8092 18586 5387390 1 1007
8092 18586 5387400 1 1007
8093 18586 5387410 1 1007
8095 18586 5387420 1 1007
8096 18586 5387430 1 1007
8097 18586 5387440 1 1007
8097 18586 5387450 1 1007
8099 18586 5387460 1 1007
8100 18586 5387470 1 1007
8102 18586 5387480 1 1007
8103 18585 5387490 1 1007
8105 18585 5387500 1 1007
8106 18585 5387510 1 1007
8107 18584 5387520 1 1007
8108 18584 5387530 1 1007
8108 18584 5387540 1 1007
8108 18584 5387550 1 1007
8107 18585 5387560 1 1007
8105 18585 5387570 1 1007
8103 18585 5387580 1 1007
8101 18585 5387590 1 1006
8096 18586 5387600 1 1006
8095 18586 5387610 1 1006
8094 18586 5387620 1 1006
8093 18586 5387630 1 1006
8094 18586 5387640 1 1006
8094 18586 5387650 1 1006
8095 18586 5387660 1 1006
8095 18586 5387670 1 1006
8095 18586 5387680 1 1006
8095 18586 5387690 1 1006
8094 18586 5387700 1 1006
8093 18586 5387710 1 1006
8092 18586 5387720 1 1006
8090 18586 5387730 1 1006
8086 18586 5387740 1 1006
8083 18585 5387750 1 1006
8081 18585 5387760 1 1006
8079 18585 5387770 1 1006
8076 18585 5387780 1 265
8074 18585 5387790 1 265
8072 18584 5387800 1 266
8067 18584 5387810 1 266
8066 18584 5387820 1 267
8065 18584 5387830 1 268
8065 18584 5387840 1 269
8066 18583 5387850 1 269
8067 18583 5387860 1 270
8069 18583 5387870 1 270
8076 18583 5387880 1 294
8081 18584 5387890 1 304
8085 18584 5387900 1 318
8090 18584 5387910 1 348
8094 18584 5387920 1 384
8098 18584 5387930 1 423
8102 18584 5387940 1 468
8106 18584 5387950 1 565
8108 18584 5387960 1 615
8109 18584 5387970 1 666
8110 18584 5387980 1 692
8111 18584 5387990 1 717
8112 18584 5388000 1 766
8112 18585 5388010 1 812
8112 18585 5388020 1 895
8111 18586 5388030 1 930
8110 18586 5388040 1 960
8107 18586 5388050 1 983
8104 18586 5388060 1 997
8100 18586 5388070 1 1004
8096 18586 5388080 1 1004
8090 18587 5388090 1 1004
8087 18587 5388100 1 1004
8085 18587 5388110 1 1004
8083 18588 5388120 1 1004
8082 18588 5388130 1 1004
8080 18588 5388140 1 1004
8079 18589 5388150 1 1004
8079 18589 5388160 1 1004
8079 18589 5388170 1 1004
8079 18589 5388180 1 1004
8079 18589 5388190 1 1004
8079 18589 5388200 1 1004
8080 18589 5388210 1 1004
8081 18589 5388220 1 1004
8083 18589 5388230 1 1003
8084 18589 5388240 1 1003
8086 18589 5388250 1 1003
8087 18589 5388260 1 1003
8088 18589 5388270 1 1003
8089 18589 5388280 1 1003
8090 18590 5388290 1 1003
8091 18590 5388300 1 1003
8092 18589 5388310 1 1003
8092 18589 5388320 1 1003
8092 18589 5388330 1 1003
8092 18590 5388340 1 1003
8092 18590 5388350 1 1003
8092 18590 5388360 1 1003
8092 18591 5388370 1 1003
8092 18591 5388380 1 1003
8092 18591 5388390 1 1003
8091 18592 5388400 1 1003
8091 18592 5388410 1 1003
8090 18592 5388420 1 1003
8089 18592 5388430 1 1003
8086 18592 5388440 1 1003
8083 18592 5388450 1 1003
8081 18592 5388460 1 1003
8079 18591 5388470 1 1003
8076 18591 5388480 1 1003
8074 18591 5388490 1 1003
8072 18591 5388500 1 1003
8070 18590 5388510 1 1003
8070 18589 5388520 1 1003
8070 18588 5388530 1 1003
8071 18587 5388540 1 1003
8072 18587 5388550 1 1003
8073 18586 5388560 1 1003
8074 18585 5388570 1 1002
8077 18584 5388580 1 1002
8079 18584 5388590 1 1002
8081 18584 5388600 1 1002
8083 18583 5388610 1 1002
8084 18583 5388620 1 1002
8086 18583 5388630 1 1002
8087 18583 5388640 1 1002
8090 18583 5388650 1 1002
8091 18584 5388660 1 1002
8092 18584 5388670 1 1002
8093 18584 5388680 1 1002
8093 18584 5388690 1 1002
8093 18585 5388700 1 1002
8094 18585 5388710 1 1002
8096 18586 5388720 1 1002
8097 18587 5388730 1 1002
8098 18587 5388740 1 1002
8098 18588 5388750 1 1002
8098 18589 5388760 1 1002
8098 18589 5388770 1 1002
8097 18590 5388780 1 1002
8096 18592 5388790 1 1002
8095 18592 5388800 1 1002
8094 18593 5388810 1 1002
8094 18594 5388820 1 1002
8093 18594 5388830 1 1002
8092 18595 5388840 1 1002
8092 18595 5388850 1 1002
8092 18596 5388860 1 1002
8093 18596 5388870 1 1001
8093 18595 5388880 1 1001
8094 18595 5388890 1 1001
8094 18595 5388900 1 1001
8095 18594 5388910 1 1001
8096 18593 5388920 1 1001
8100 18591 5388930 1 1001
8103 18589 5388940 1 1001
8106 18588 5388950 1 1001
8109 18587 5388960 1 1001
8112 18585 5388970 1 1001
8115 18584 5388980 1 1001
8117 18582 5388990 1 1001
8119 18580 5389000 1 1001
8119 18579 5389010 1 1001
8118 18578 5389020 1 1001
8116 18577 5389030 1 1001
8114 18576 5389040 1 1001
8112 18575 5389050 1 1001
8110 18575 5389060 1 1000
8105 18573 5389070 1 1000
8102 18573 5389080 1 1000
8098 18573 5389090 1 1000
8095 18572 5389100 1 1000
8091 18572 5389110 1 1000
8086 18572 5389120 1 1000
8082 18572 5389130 1 1000
8075 18573 5389140 1 1000
8072 18573 5389150 1 1000
8069 18573 5389160 1 1000
8066 18574 5389170 1 1000
8065 18574 5389180 1 999
8063 18575 5389190 1 999
8062 18575 5389200 1 999
8062 18575 5389210 1 999
8063 18575 5389220 1 999
8066 18575 5389230 1 999
8070 18575 5389240 1 999
8074 18574 5389250 1 999
8079 18574 5389260 1 999
8084 18574 5389270 1 999
8093 18573 5389280 1 999
8097 18573 5389290 1 999
8101 18572 5389300 1 999
8105 18572 5389310 1 999
8108 18571 5389320 1 999
8111 18571 5389330 1 999
8113 18570 5389340 1 999
8116 18570 5389350 1 999
8117 18569 5389360 1 999
8117 18569 5389370 1 999
8117 18569 5389380 1 999
8117 18569 5389390 1 999
8117 18569 5389400 1 999
8117 18569 5389410 1 999
8118 18569 5389420 1 999
8118 18569 5389430 1 999
8119 18569 5389440 1 999
8120 18569 5389450 1 999
8120 18569 5389460 1 999
8121 18568 5389470 1 998
8122 18568 5389480 1 998
8124 18567 5389490 1 998
8125 18567 5389500 1 998
8126 18566 5389510 1 998
8126 18566 5389520 1 998
8127 18565 5389530 1 998
8127 18564 5389540 1 998
8126 18563 5389550 1 998
8125 18562 5389560 1 998
8124 18561 5389570 1 998
8122 18560 5389580 1 998
8120 18560 5389590 1 998
8119 18559 5389600 1 998
8117 18559 5389610 1 998
8115 18559 5389620 1 998
8113 18560 5389630 1 998
8113 18560 5389640 1 998
8113 18561 5389650 1 998
8114 18561 5389660 1 998
8115 18561 5389670 1 998
8116 18562 5389680 1 998
8118 18562 5389690 1 998
8121 18562 5389700 1 998
8123 18562 5389710 1 998
8125 18563 5389720 1 998
8127 18563 5389730 1 998
8129 18563 5389740 1 998
8130 18564 5389750 1 998
8131 18564 5389760 1 997
8132 18565 5389770 1 997
8132 18565 5389780 1 997
8131 18565 5389790 1 997
8131 18565 5389800 1 997
8131 18565 5389810 1 997
8130 18565 5389820 1 997
8130 18565 5389830 1 997
8130 18565 5389840 1 997
8129 18564 5389850 1 997
8129 18564 5389860 1 997
8129 18564 5389870 1 997
8128 18563 5389880 1 997
8128 18563 5389890 1 997
8128 18563 5389900 1 997
8127 18562 5389910 1 997
8127 18562 5389920 1 997
8128 18561 5389930 1 997
8130 18561 5389940 1 997
8132 18561 5389950 1 997
8135 18560 5389960 1 997
8138 18560 5389970 1 997
8145 18560 5389980 1 997
8148 18560 5389990 1 997
8150 18560 5390000 1 997
8152 18560 5390010 1 997
8153 18560 5390020 1 997
8153 18560 5390030 1 997
8152 18560 5390040 1 997
8148 18561 5390050 1 996
8145 18561 5390060 1 996
8142 18562 5390070 1 996
8138 18562 5390080 1 996
8134 18562 5390090 1 996
8131 18563 5390100 1 996
8127 18564 5390110 1 996
8120 18565 5390120 1 996
8118 18565 5390130 1 996
8115 18565 5390140 1 996
8113 18566 5390150 1 996
8112 18566 5390160 1 996
8110 18567 5390170 1 996
8108 18567 5390180 1 996
8106 18568 5390190 1 996
8106 18568 5390200 1 996
8106 18569 5390210 1 996
8106 18569 5390220 1 996
8106 18569 5390230 1 996
8106 18570 5390240 1 996
8106 18570 5390250 1 996
8107 18570 5390260 1 996
8106 18570 5390270 1 996
8106 18570 5390280 1 996
8106 18571 5390290 1 996
8105 18571 5390300 1 996
8104 18572 5390310 1 996
8104 18572 5390320 1 996
8103 18573 5390330 1 996
8103 18573 5390340 1 995
8104 18574 5390350 1 995
8104 18573 5390360 1 995
8105 18573 5390370 1 995
8107 18573 5390380 1 995
8108 18572 5390390 1 995
8112 18572 5390400 1 995
8114 18571 5390410 1 995
8116 18571 5390420 1 995
8119 18570 5390430 1 995
8122 18570 5390440 1 995
8126 18570 5390450 1 995
8129 18569 5390460 1 995
