8086 18735 4888579 1 647
8086 18735 4888589 1 666
8086 18735 4888599 1 673
8086 18735 4888609 1 674
8086 18735 4888619 1 675
8086 18734 4888629 1 676
8086 18734 4888639 1 676
8087 18734 4888649 1 678
8087 18734 4888659 1 678
8088 18734 4888669 1 679
8089 18734 4888679 1 679
8090 18733 4888689 1 679
8091 18733 4888699 1 681
8092 18732 4888709 1 682
8092 18731 4888719 1 682
8093 18731 4888729 1 684
8093 18730 4888739 1 684
8094 18730 4888749 1 685
8094 18730 4888759 1 685
8096 18730 4888769 1 687
8097 18730 4888779 1 687
8098 18729 4888789 1 687
8099 18729 4888799 1 688
8100 18729 4888809 1 690
8101 18729 4888819 1 690
8103 18729 4888829 1 691
8105 18729 4888839 1 691
8107 18729 4888849 1 693
8109 18728 4888859 1 693
8112 18728 4888869 1 694
8115 18728 4888879 1 696
8119 18728 4888889 1 696
8123 18728 4888899 1 696
8127 18728 4888909 1 697
8131 18727 4888919 1 697
8136 18727 4888929 1 699
8140 18727 4888939 1 699
8144 18727 4888949 1 700
8147 18726 4888959 1 702
8150 18726 4888969 1 702
8153 18725 4888979 1 703
8154 18725 4888989 1 704
8155 18724 4888999 1 704
8155 18724 4889009 1 705
8154 18723 4889019 1 706
8153 18723 4889029 1 706
8152 18722 4889039 1 708
8151 18722 4889049 1 708
8149 18721 4889059 1 709
8147 18721 4889069 1 709
8146 18720 4889079 1 711
8144 18720 4889089 1 712
8142 18720 4889099 1 712
8141 18720 4889109 1 712
8140 18720 4889119 1 714
8139 18720 4889129 1 715
8137 18720 4889139 1 717
8136 18721 4889149 1 717
8134 18721 4889159 1 718
8132 18721 4889169 1 718
8131 18721 4889179 1 720
8130 18721 4889189 1 721
8128 18722 4889199 1 721
8126 18722 4889209 1 721
8124 18722 4889219 1 723
8123 18722 4889229 1 723
8121 18722 4889239 1 724
8120 18722 4889249 1 725
8119 18721 4889259 1 726
8119 18721 4889269 1 727
8119 18721 4889279 1 727
8119 18721 4889289 1 727
8120 18720 4889299 1 729
8121 18720 4889309 1 730
8123 18720 4889319 1 730
8124 18720 4889329 1 731
8126 18720 4889339 1 731
8127 18720 4889349 1 733
8129 18719 4889359 1 734
8131 18719 4889369 1 734
8132 18719 4889379 1 736
8133 18719 4889389 1 736
8134 18719 4889399 1 736
8134 18718 4889409 1 737
8134 18718 4889419 1 739
8135 18717 4889429 1 739
8135 18716 4889439 1 740
8135 18716 4889449 1 740
8136 18715 4889459 1 742
8136 18714 4889469 1 743
8137 18712 4889479 1 743
8137 18711 4889489 1 743
8137 18710 4889499 1 745
8137 18709 4889509 1 746
8137 18708 4889519 1 746
8136 18707 4889529 1 747
8136 18706 4889539 1 747
8135 18705 4889549 1 749
8134 18704 4889559 1 750
8133 18703 4889569 1 750
8132 18702 4889579 1 752
8130 18702 4889589 1 753
8128 18702 4889599 1 753
8126 18701 4889609 1 753
8123 18701 4889619 1 755
8120 18701 4889629 1 755
8117 18701 4889639 1 757
8114 18702 4889649 1 757
8111 18702 4889659 1 759
8108 18702 4889669 1 760
8105 18703 4889679 1 760
8102 18703 4889689 1 760
8099 18704 4889699 1 762
8096 18704 4889709 1 763
8093 18704 4889719 1 763
8091 18704 4889729 1 764
8089 18705 4889739 1 766
8087 18705 4889749 1 766
8085 18705 4889759 1 767
8085 18705 4889769 1 767
8084 18705 4889779 1 769
8085 18705 4889789 1 770
8085 18706 4889799 1 770
8086 18706 4889809 1 770
8088 18706 4889819 1 771
8089 18706 4889829 1 773
8090 18706 4889839 1 773
8092 18705 4889849 1 774
8093 18705 4889859 1 776
8094 18705 4889869 1 776
8096 18705 4889879 1 777
8097 18705 4889889 1 778
8097 18705 4889899 1 778
8097 18705 4889909 1 779
8097 18706 4889919 1 780
8097 18706 4889929 1 781
8096 18706 4889939 1 781
8095 18706 4889949 1 783
8093 18706 4889959 1 784
8091 18705 4889969 1 784
8089 18705 4889979 1 785
8087 18705 4889989 1 787
8084 18705 4889999 1 787
8082 18705 4890009 1 787
8080 18705 4890019 1 788
8077 18705 4890029 1 790
8075 18705 4890039 1 790
8072 18705 4890049 1 791
8070 18705 4890059 1 792
8068 18705 4890069 1 792
8067 18706 4890079 1 794
8066 18706 4890089 1 795
8065 18707 4890099 1 795
8065 18708 4890109 1 795
8065 18708 4890119 1 797
8065 18709 4890129 1 798
8065 18710 4890139 1 798
8066 18711 4890149 1 799
8066 18712 4890159 1 801
8066 18713 4890169 1 802
8066 18714 4890179 1 803
8065 18715 4890189 1 803
8065 18717 4890199 1 803
8065 18718 4890209 1 805
8066 18719 4890219 1 806
8067 18720 4890229 1 806
8068 18721 4890239 1 807
8069 18721 4890249 1 809
8070 18722 4890259 1 809
8072 18723 4890269 1 810
8073 18723 4890279 1 811
8075 18724 4890289 1 811
8076 18724 4890299 1 812
8078 18724 4890309 1 813
8078 18725 4890319 1 814
8079 18725 4890329 1 814
8080 18725 4890339 1 816
8080 18726 4890349 1 817
8081 18726 4890359 1 818
8082 18726 4890369 1 818
8082 18726 4890379 1 820
8083 18726 4890389 1 821
8083 18726 4890399 1 821
8084 18726 4890409 1 821
8084 18727 4890419 1 822
8083 18727 4890429 1 824
8083 18727 4890439 1 824
8083 18728 4890449 1 825
8083 18728 4890459 1 826
8083 18729 4890469 1 828
8083 18729 4890479 1 828
8084 18730 4890489 1 828
8086 18730 4890499 1 829
8087 18731 4890509 1 830
8089 18731 4890519 1 830
8090 18732 4890529 1 832
8092 18732 4890539 1 833
8094 18732 4890549 1 833
8096 18733 4890559 1 834
8098 18733 4890569 1 836
8100 18733 4890579 1 837
8102 18733 4890589 1 837
8104 18733 4890599 1 837
8106 18733 4890609 1 838
8108 18733 4890619 1 840
8110 18733 4890629 1 840
8113 18733 4890639 1 841
8115 18733 4890649 1 842
8116 18733 4890659 1 844
8118 18733 4890669 1 844
8120 18733 4890679 1 846
8121 18733 4890689 1 847
8123 18734 4890699 1 846
8124 18734 4890709 1 847
8126 18734 4890719 1 849
8127 18734 4890729 1 850
8128 18734 4890739 1 850
8130 18734 4890749 1 851
8130 18734 4890759 1 853
8131 18734 4890769 1 854
8132 18734 4890779 1 854
8133 18733 4890789 1 854
8134 18733 4890799 1 855
8134 18733 4890809 1 857
8135 18732 4890819 1 857
8135 18732 4890829 1 858
8136 18732 4890839 1 859
8136 18731 4890849 1 861
8136 18731 4890859 1 861
8137 18731 4890869 1 862
8138 18731 4890879 1 863
8139 18731 4890889 1 864
8140 18730 4890899 1 864
8141 18730 4890909 1 864
8143 18730 4890919 1 866
8144 18729 4890929 1 867
8146 18729 4890939 1 868
8147 18728 4890949 1 868
8148 18728 4890959 1 870
8149 18727 4890969 1 871
8149 18727 4890979 1 872
8150 18726 4890989 1 872
8151 18726 4890999 1 872
8153 18726 4891009 1 873
8154 18725 4891019 1 875
8156 18725 4891029 1 876
8158 18725 4891039 1 876
8161 18724 4891049 1 877
8163 18724 4891059 1 879
8166 18723 4891069 1 880
8168 18723 4891079 1 880
8169 18722 4891089 1 880
8170 18722 4891099 1 881
8171 18721 4891109 1 882
8172 18720 4891119 1 884
8172 18719 4891129 1 884
8172 18718 4891139 1 885
8172 18718 4891149 1 886
8172 18717 4891159 1 887
8172 18715 4891169 1 888
8173 18714 4891179 1 889
8173 18713 4891189 1 889
8173 18712 4891199 1 890
8173 18712 4891209 1 891
8173 18711 4891219 1 893
8174 18710 4891229 1 894
8174 18709 4891239 1 895
8174 18709 4891249 1 895
8173 18708 4891259 1 896
8173 18708 4891269 1 898
8173 18707 4891279 1 899
8172 18707 4891289 1 899
8172 18706 4891299 1 899
8171 18706 4891309 1 900
8171 18705 4891319 1 901
8171 18705 4891329 1 903
8172 18704 4891339 1 904
8172 18704 4891349 1 904
8173 18704 4891359 1 905
8174 18704 4891369 1 906
8174 18704 4891379 1 908
8175 18704 4891389 1 908
8175 18704 4891399 1 908
8175 18704 4891409 1 909
8175 18704 4891419 1 910
8175 18704 4891429 1 911
8175 18704 4891439 1 913
8175 18704 4891449 1 913
8175 18704 4891459 1 914
8175 18704 4891469 1 915
8175 18704 4891479 1 916
8175 18704 4891489 1 917
8176 18704 4891499 1 918
8176 18704 4891509 1 918
8177 18704 4891519 1 919
8178 18704 4891529 1 920
8179 18704 4891539 1 921
8180 18704 4891549 1 921
8181 18704 4891559 1 922
8181 18705 4891569 1 924
8181 18705 4891579 1 925
8180 18705 4891589 1 926
8180 18706 4891599 1 926
8178 18706 4891609 1 926
8177 18706 4891619 1 927
8176 18707 4891629 1 929
8175 18707 4891639 1 930
8174 18707 4891649 1 931
8174 18708 4891659 1 931
8173 18708 4891669 1 932
8173 18709 4891679 1 933
8173 18709 4891689 1 934
8173 18709 4891699 1 935
8174 18710 4891709 1 936
8174 18710 4891719 1 936
8175 18710 4891729 1 938
8175 18710 4891739 1 940
8175 18710 4891749 1 941
8175 18711 4891759 1 941
8175 18711 4891769 1 942
8175 18711 4891779 1 943
8175 18710 4891789 1 944
8175 18710 4891799 1 944
8174 18710 4891809 1 946
8174 18710 4891819 1 946
8175 18710 4891829 1 947
8175 18709 4891839 1 948
8176 18709 4891849 1 949
8177 18708 4891859 1 950
8178 18708 4891869 1 952
8179 18707 4891879 1 952
8179 18707 4891889 1 952
8180 18706 4891899 1 953
8181 18706 4891909 1 954
8181 18705 4891919 1 955
8182 18705 4891929 1 956
8182 18704 4891939 1 958
8182 18704 4891949 1 958
8182 18704 4891959 1 959
8182 18703 4891969 1 960
8182 18703 4891979 1 961
8182 18703 4891989 1 962
8182 18703 4891999 1 962
8181 18703 4892009 1 962
8180 18703 4892019 1 964
8179 18703 4892029 1 965
8177 18702 4892039 1 966
8175 18702 4892049 1 967
8173 18702 4892059 1 968
8171 18701 4892069 1 968
8170 18701 4892079 1 970
8168 18700 4892089 1 970
8167 18699 4892099 1 971
8167 18698 4892109 1 972
8166 18697 4892119 1 973
8166 18696 4892129 1 974
8166 18696 4892139 1 974
8167 18695 4892149 1 975
8167 18694 4892159 1 977
8168 18693 4892169 1 978
8168 18692 4892179 1 979
8169 18692 4892189 1 979
8170 18691 4892199 1 980
8171 18690 4892209 1 981
8171 18690 4892219 1 981
8172 18689 4892229 1 982
8172 18688 4892239 1 984
8172 18687 4892249 1 986
8172 18687 4892259 1 987
8172 18686 4892269 1 987
8172 18685 4892279 1 988
8171 18685 4892289 1 989
8171 18684 4892299 1 989
8170 18684 4892309 1 991
8170 18684 4892319 1 992
8170 18683 4892329 1 993
8170 18683 4892339 1 994
8171 18683 4892349 1 994
8171 18682 4892359 1 995
8171 18682 4892369 1 996
8171 18681 4892379 1 998
8170 18681 4892389 1 998
8170 18680 4892399 1 999
8169 18680 4892409 1 1000
8168 18679 4892419 1 1001
8167 18679 4892429 1 1001
8166 18678 4892439 1 1002
8164 18677 4892449 1 1003
8163 18677 4892459 1 1004
8161 18676 4892469 1 1006
8159 18675 4892479 1 1007
8157 18675 4892489 1 1007
8155 18674 4892499 1 1008
8154 18674 4892509 1 1009
8152 18674 4892519 1 1009
8151 18674 4892529 1 1010
8150 18674 4892539 1 1011
8150 18674 4892549 1 1012
8150 18674 4892559 1 1014
8150 18674 4892569 1 1015
8150 18674 4892579 1 1016
8151 18674 4892589 1 1017
8152 18674 4892599 1 1017
8153 18674 4892609 1 1017
8154 18675 4892619 1 1018
8156 18675 4892629 1 1019
8157 18675 4892639 1 1020
8158 18675 4892649 1 1022
8160 18675 4892659 1 1022
8161 18676 4892669 1 1021
8162 18676 4892679 1 1021
8163 18676 4892689 1 1021
8164 18676 4892699 1 1021
8164 18677 4892709 1 1021
8164 18677 4892719 1 1021
8163 18677 4892729 1 1021
8162 18678 4892739 1 1021
8161 18678 4892749 1 1021
8159 18679 4892759 1 1021
8157 18679 4892769 1 1021
8155 18680 4892779 1 1021
8153 18680 4892789 1 1021
8151 18681 4892799 1 1021
8148 18681 4892809 1 1021
8146 18682 4892819 1 1021
8144 18683 4892829 1 1021
8142 18683 4892839 1 1021
8140 18684 4892849 1 1021
8139 18684 4892859 1 1021
8138 18685 4892869 1 1022
8138 18685 4892879 1 1022
8138 18686 4892889 1 1022
8139 18686 4892899 1 1022
8140 18687 4892909 1 1022
8141 18687 4892919 1 1022
8143 18687 4892929 1 1022
8144 18687 4892939 1 1022
8145 18687 4892949 1 1022
8147 18687 4892959 1 1022
8148 18687 4892969 1 1022
8149 18687 4892979 1 1022
8150 18687 4892989 1 1022
8151 18687 4892999 1 1022
8153 18688 4893009 1 1022
8154 18688 4893019 1 1022
8156 18689 4893029 1 1022
8157 18689 4893039 1 1022
8158 18690 4893049 1 1022
8160 18691 4893059 1 1022
8161 18692 4893069 1 1022
8161 18693 4893079 1 1022
8162 18693 4893089 1 1022
8162 18694 4893099 1 1022
8163 18695 4893109 1 1022
8163 18696 4893119 1 1022
8164 18696 4893129 1 1022
8165 18697 4893139 1 1022
8165 18697 4893149 1 1022
8166 18698 4893159 1 1021
8166 18698 4893169 1 1021
8166 18699 4893179 1 1021
8166 18699 4893189 1 1021
8166 18700 4893199 1 1021
8166 18700 4893209 1 1021
8166 18701 4893219 1 1021
8166 18701 4893229 1 1021
8166 18701 4893239 1 1021
8166 18702 4893249 1 1022
8166 18702 4893259 1 1022
8167 18703 4893269 1 1022
8167 18703 4893279 1 1022
8168 18703 4893289 1 1022
8168 18704 4893299 1 1022
8169 18704 4893309 1 1022
8170 18704 4893319 1 1022
8171 18705 4893329 1 1022
8172 18705 4893339 1 1022
8173 18705 4893349 1 1022
8174 18705 4893359 1 1022
8175 18706 4893369 1 1022
8176 18706 4893379 1 1022
8177 18706 4893389 1 1022
8177 18706 4893399 1 1022
8177 18706 4893409 1 1022
8176 18706 4893419 1 1022
8174 18706 4893429 1 1022
8172 18706 4893439 1 1022
8170 18707 4893449 1 1022
8168 18707 4893459 1 1022
8166 18708 4893469 1 1022
8164 18708 4893479 1 1022
8163 18709 4893489 1 1022
8161 18709 4893499 1 1022
8160 18710 4893509 1 1022
8159 18711 4893519 1 1022
8158 18711 4893529 1 1022
8157 18712 4893539 1 1022
8157 18713 4893549 1 1022
8156 18713 4893559 1 1022
8155 18714 4893569 1 1022
8154 18714 4893579 1 1022
8153 18715 4893589 1 1022
8153 18715 4893599 1 1022
8152 18715 4893609 1 1022
8152 18715 4893619 1 1022
8152 18715 4893629 1 1023
8153 18715 4893639 1 1023
8155 18715 4893649 1 1023
8156 18715 4893659 1 1023
8158 18715 4893669 1 1023
8160 18715 4893679 1 1022
8162 18715 4893689 1 1022
8164 18715 4893699 1 1022
8166 18715 4893709 1 1022
8167 18715 4893719 1 1022
8169 18715 4893729 1 1022
8170 18715 4893739 1 1022
8171 18715 4893749 1 1022
8172 18715 4893759 1 1022
8173 18715 4893769 1 1022
8173 18715 4893779 1 1022
8173 18715 4893789 1 1022
8173 18715 4893799 1 1022
8173 18715 4893809 1 1022
8174 18715 4893819 1 1022
8174 18715 4893829 1 1022
8174 18715 4893839 1 1022
8175 18716 4893849 1 1022
8175 18716 4893859 1 1022
8175 18716 4893869 1 1022
8175 18717 4893879 1 1022
8176 18717 4893889 1 1022
8176 18718 4893899 1 1022
8176 18718 4893909 1 1022
8176 18719 4893919 1 1022
8176 18719 4893929 1 1022
8176 18719 4893939 1 1022
8175 18720 4893949 1 1022
8175 18720 4893959 1 1022
8175 18720 4893969 1 1022
8175 18719 4893979 1 1022
8175 18719 4893989 1 1022
8176 18719 4893999 1 1022
8177 18718 4894009 1 1023
8177 18718 4894019 1 1023
8178 18717 4894029 1 1023
8179 18717 4894039 1 1023
8179 18716 4894049 1 1023
8180 18716 4894059 1 1023
8181 18715 4894069 1 1023
8181 18715 4894079 1 1023
8182 18714 4894089 1 1023
8183 18714 4894099 1 1023
8183 18713 4894109 1 1023
8183 18712 4894119 1 1023
8184 18712 4894129 1 1022
8184 18711 4894139 1 1022
8184 18711 4894149 1 1022
8184 18711 4894159 1 1022
8184 18710 4894169 1 1022
8184 18710 4894179 1 1022
8184 18710 4894189 1 1022
8185 18710 4894199 1 1022
8185 18710 4894209 1 1022
8185 18710 4894219 1 1022
8186 18710 4894229 1 1022
8186 18711 4894239 1 1022
8187 18711 4894249 1 1022
8187 18711 4894259 1 1022
8188 18712 4894269 1 1022
8188 18712 4894279 1 1022
8188 18712 4894289 1 1022
8188 18713 4894299 1 1022
8188 18713 4894309 1 1022
8188 18713 4894319 1 1022
8188 18713 4894329 1 1022
8188 18714 4894339 1 1022
8188 18714 4894349 1 1022
8189 18714 4894359 1 1022
8189 18714 4894369 1 1023
8190 18714 4894379 1 1023
8191 18714 4894389 1 1023
8192 18714 4894399 1 1023
8192 18715 4894409 1 1023
8192 18715 4894419 1 1023
8192 18715 4894429 1 1023
8192 18715 4894439 1 1023
8191 18716 4894449 1 1023
8191 18716 4894459 1 1023
8191 18716 4894469 1 1023
8191 18716 4894479 1 1023
8191 18716 4894489 1 1023
8191 18716 4894499 1 1023
8191 18717 4894509 1 1023
8191 18717 4894519 1 1023
8191 18716 4894529 1 1023
8191 18716 4894539 1 1023
8190 18716 4894549 1 1023
8190 18716 4894559 1 1022
8189 18715 4894569 1 1022
8187 18715 4894579 1 1022
8186 18715 4894589 1 1022
8185 18714 4894599 1 1022
8184 18714 4894609 1 1022
8183 18713 4894619 1 1022
8182 18713 4894629 1 1022
8181 18713 4894639 1 1022
8180 18713 4894649 1 1022
8179 18713 4894659 1 1022
8178 18712 4894669 1 1022
8177 18712 4894679 1 1022
8176 18712 4894689 1 1022
8175 18712 4894699 1 1022
8174 18712 4894709 1 1022
8173 18712 4894719 1 1022
8173 18712 4894729 1 1022
8172 18712 4894739 1 1022
8171 18713 4894749 1 1023
8170 18713 4894759 1 1023
8169 18713 4894769 1 1023
8168 18714 4894779 1 1023
8168 18714 4894789 1 1023
8167 18715 4894799 1 1023
8167 18715 4894809 1 1023
8167 18716 4894819 1 1023
8168 18716 4894829 1 1023
8170 18717 4894839 1 1023
8172 18717 4894849 1 1023
8174 18717 4894859 1 1023
8176 18717 4894869 1 1023
8178 18717 4894879 1 1023
8181 18717 4894889 1 1023
8183 18717 4894899 1 1023
8186 18717 4894909 1 1023
8189 18717 4894919 1 1023
8192 18717 4894929 1 1023
8194 18717 4894939 1 1023
8197 18717 4894949 1 1023
8199 18717 4894959 1 1023
8201 18717 4894969 1 1022
8202 18717 4894979 1 1022
8203 18717 4894989 1 1022
8204 18717 4894999 1 1022
8204 18717 4895009 1 1022
8205 18717 4895019 1 1022
8205 18717 4895029 1 1022
8205 18717 4895039 1 1022
8206 18717 4895049 1 1022
8206 18718 4895059 1 1022
8207 18718 4895069 1 1022
8208 18718 4895079 1 1022
8209 18718 4895089 1 1022
8210 18718 4895099 1 1022
8211 18718 4895109 1 1022
8212 18718 4895119 1 1022
8214 18718 4895129 1 1023
8215 18718 4895139 1 1023
8216 18718 4895149 1 1023
8216 18718 4895159 1 1023
8217 18718 4895169 1 1023
8217 18717 4895179 1 1023
8217 18717 4895189 1 1023
8216 18717 4895199 1 1023
8216 18717 4895209 1 1023
8216 18717 4895219 1 1023
8216 18717 4895229 1 1023
8215 18717 4895239 1 1023
8215 18717 4895249 1 1023
8215 18716 4895259 1 1023
8215 18716 4895269 1 1023
8215 18716 4895279 1 1023
8216 18716 4895289 1 1023
8216 18717 4895299 1 1023
8216 18717 4895309 1 1023
8216 18717 4895319 1 1023
8216 18717 4895329 1 1023
8216 18717 4895339 1 1023
8216 18717 4895349 1 1023
8216 18718 4895359 1 1023
8217 18718 4895369 1 1022
8217 18718 4895379 1 1022
8217 18719 4895389 1 1022
8217 18719 4895399 1 1022
8217 18720 4895409 1 1022
8216 18720 4895419 1 1022
8215 18721 4895429 1 1022
8214 18721 4895439 1 1022
8213 18722 4895449 1 1022
8212 18722 4895459 1 1022
8210 18722 4895469 1 1022
8209 18723 4895479 1 1022
8208 18723 4895489 1 1023
8206 18723 4895499 1 1023
8206 18723 4895509 1 1023
8205 18723 4895519 1 1023
8204 18723 4895529 1 1023
8204 18724 4895539 1 1023
8204 18723 4895549 1 1023
8204 18723 4895559 1 1023
8205 18723 4895569 1 1023
8205 18723 4895579 1 1023
8206 18723 4895589 1 1023
8207 18722 4895599 1 1023
8208 18722 4895609 1 1023
8209 18722 4895619 1 1023
8211 18722 4895629 1 1023
8212 18722 4895639 1 1023
8214 18721 4895649 1 1023
8215 18721 4895659 1 1023
8216 18721 4895669 1 1023
8216 18720 4895679 1 1023
8217 18720 4895689 1 1023
8217 18719 4895699 1 1023
8217 18718 4895709 1 1023
8217 18718 4895719 1 1023
8217 18717 4895729 1 1023
8216 18716 4895739 1 1023
8215 18715 4895749 1 1022
8214 18715 4895759 1 1022
8214 18714 4895769 1 1022
8213 18713 4895779 1 1022
8213 18712 4895789 1 1022
8213 18712 4895799 1 1022
8213 18711 4895809 1 1022
8212 18711 4895819 1 1022
8212 18711 4895829 1 1022
8212 18710 4895839 1 1022
8212 18710 4895849 1 1022
8211 18710 4895859 1 1022
8211 18710 4895869 1 1023
8211 18710 4895879 1 1023
8210 18710 4895889 1 1023
8210 18710 4895899 1 1023
8210 18710 4895909 1 1023
8210 18711 4895919 1 1023
8210 18711 4895929 1 1023
8211 18711 4895939 1 1023
8212 18712 4895949 1 1023
8212 18712 4895959 1 1023
8213 18713 4895969 1 1023
8214 18713 4895979 1 1023
8216 18713 4895989 1 1023
8217 18714 4895999 1 1023
8218 18714 4896009 1 1023
8219 18714 4896019 1 1023
8220 18714 4896029 1 1023
8221 18715 4896039 1 1023
8222 18715 4896049 1 1023
8223 18715 4896059 1 1023
8224 18715 4896069 1 1023
8225 18716 4896079 1 1023
8225 18716 4896089 1 1023
8226 18716 4896099 1 1023
8227 18716 4896109 1 1023
8228 18716 4896119 1 1023
8228 18716 4896129 1 1023
8229 18716 4896139 1 1023
8229 18717 4896149 1 1023
8229 18717 4896159 1 1023
8229 18717 4896169 1 1023
8228 18717 4896179 1 1023
8227 18717 4896189 1 1023
8226 18717 4896199 1 1023
8225 18717 4896209 1 1023
8223 18717 4896219 1 1023
8222 18717 4896229 1 1023
8221 18717 4896239 1 1024
8220 18717 4896249 1 1023
8220 18717 4896259 1 1023
8219 18717 4896269 1 1023
8219 18717 4896279 1 1023
8219 18717 4896289 1 1023
8219 18717 4896299 1 1023
8219 18718 4896309 1 1023
8219 18718 4896319 1 1023
8220 18718 4896329 1 1023
8221 18718 4896339 1 1023
8222 18719 4896349 1 1023
8222 18719 4896359 1 1023
8223 18719 4896369 1 1023
8224 18719 4896379 1 1023
8225 18720 4896389 1 1023
8225 18720 4896399 1 1023
8226 18720 4896409 1 1023
8227 18720 4896419 1 1023
8229 18720 4896429 1 1023
8230 18721 4896439 1 1023
8231 18721 4896449 1 1023
8233 18721 4896459 1 1023
8234 18722 4896469 1 1023
8235 18722 4896479 1 1023
8236 18722 4896489 1 1024
8237 18722 4896499 1 1024
8237 18722 4896509 1 1024
8238 18722 4896519 1 1024
8238 18722 4896529 1 1024
8237 18722 4896539 1 1024
8237 18722 4896549 1 1024
8236 18721 4896559 1 1024
8236 18721 4896569 1 1024
8235 18721 4896579 1 1024
8234 18721 4896589 1 1024
8233 18721 4896599 1 1024
8232 18721 4896609 1 1024
8231 18721 4896619 1 1023
8230 18721 4896629 1 1023
8229 18721 4896639 1 1023
8228 18720 4896649 1 1023
8228 18720 4896659 1 1023
8228 18720 4896669 1 1023
8228 18720 4896679 1 1023
8228 18720 4896689 1 1023
8228 18720 4896699 1 1023
8228 18720 4896709 1 1023
8228 18720 4896719 1 1023
8228 18720 4896729 1 1023
8228 18720 4896739 1 1023
8228 18720 4896749 1 1023
8228 18720 4896759 1 1023
8228 18720 4896769 1 1023
8228 18720 4896779 1 1023
8228 18720 4896789 1 1023
8228 18720 4896799 1 1023
8229 18720 4896809 1 1023
8229 18720 4896819 1 1023
8230 18720 4896829 1 1023
8231 18720 4896839 1 1023
8232 18720 4896849 1 1023
8233 18720 4896859 1 1023
8234 18720 4896869 1 1024
8235 18720 4896879 1 1024
8235 18720 4896889 1 1024
8236 18720 4896899 1 1024
8237 18720 4896909 1 1024
8237 18720 4896919 1 1024
8238 18721 4896929 1 1024
8238 18721 4896939 1 1024
8238 18721 4896949 1 1024
8238 18721 4896959 1 1024
8238 18722 4896969 1 1024
8238 18722 4896979 1 1023
8237 18722 4896989 1 1023
8236 18723 4896999 1 1023
8235 18723 4897009 1 1023
8234 18723 4897019 1 1023
8232 18724 4897029 1 1023
8231 18724 4897039 1 1023
8229 18724 4897049 1 1023
8228 18724 4897059 1 1023
8227 18723 4897069 1 1023
8227 18723 4897079 1 1023
8226 18723 4897089 1 1023
8226 18723 4897099 1 1023
8226 18723 4897109 1 1023
8225 18723 4897119 1 1023
8225 18724 4897129 1 1023
8224 18724 4897139 1 1023
8224 18724 4897149 1 1023
8223 18724 4897159 1 1023
8223 18724 4897169 1 1023
8223 18724 4897179 1 1023
8223 18724 4897189 1 1023
8224 18724 4897199 1 1023
8224 18724 4897209 1 1023
8224 18725 4897219 1 1023
8224 18725 4897229 1 1023
8223 18725 4897239 1 1023
8223 18725 4897249 1 1023
8223 18725 4897259 1 1024
8222 18725 4897269 1 1024
8221 18725 4897279 1 1024
8221 18725 4897289 1 1024
8221 18725 4897299 1 1024
8220 18725 4897309 1 1024
8220 18725 4897319 1 1024
8220 18725 4897329 1 1024
8220 18725 4897339 1 1024
8220 18724 4897349 1 1024
8220 18724 4897359 1 1023
8221 18724 4897369 1 1023
8221 18724 4897379 1 1023
8222 18724 4897389 1 1023
8222 18724 4897399 1 1023
8223 18724 4897409 1 1023
8224 18724 4897419 1 1023
8225 18723 4897429 1 1023
8226 18723 4897439 1 1023
8227 18723 4897449 1 1023
8228 18723 4897459 1 1023
8229 18723 4897469 1 1023
8230 18723 4897479 1 1023
8231 18723 4897489 1 1023
8232 18723 4897499 1 1023
8232 18722 4897509 1 1023
8233 18722 4897519 1 1023
8234 18722 4897529 1 1023
8235 18721 4897539 1 1023
8235 18721 4897549 1 1023
8236 18720 4897559 1 1023
8236 18720 4897569 1 1023
8235 18719 4897579 1 1023
8235 18719 4897589 1 1023
8234 18719 4897599 1 1023
8233 18719 4897609 1 1023
8232 18719 4897619 1 1023
8231 18719 4897629 1 1023
8230 18719 4897639 1 1023
8229 18720 4897649 1 1023
8228 18720 4897659 1 1023
8227 18721 4897669 1 1024
8227 18721 4897679 1 1024
8226 18721 4897689 1 1024
8225 18722 4897699 1 1024
8224 18722 4897709 1 1024
8223 18722 4897719 1 1024
8222 18722 4897729 1 1024
8221 18723 4897739 1 1023
8220 18723 4897749 1 1023
8218 18723 4897759 1 1023
8217 18723 4897769 1 1023
8215 18723 4897779 1 1023
8214 18723 4897789 1 1023
8212 18722 4897799 1 1023
8211 18722 4897809 1 1023
8209 18722 4897819 1 1023
8208 18722 4897829 1 1023
8208 18721 4897839 1 1023
8207 18721 4897849 1 1023
8207 18721 4897859 1 1023
8207 18721 4897869 1 1023
8207 18721 4897879 1 1023
8207 18720 4897889 1 1023
8208 18720 4897899 1 1023
8208 18720 4897909 1 1023
8209 18720 4897919 1 1023
8209 18720 4897929 1 1023
8210 18720 4897939 1 1023
8210 18720 4897949 1 1023
8211 18720 4897959 1 1023
8211 18720 4897969 1 1023
8211 18720 4897979 1 1023
8211 18720 4897989 1 1023
8211 18720 4897999 1 1023
8210 18720 4898009 1 1023
8209 18720 4898019 1 1023
8209 18720 4898029 1 1023
8208 18721 4898039 1 1023
8208 18721 4898049 1 1023
8207 18721 4898059 1 1023
8207 18721 4898069 1 1023
8207 18721 4898079 1 1023
8207 18722 4898089 1 1024
8207 18722 4898099 1 1023
8207 18722 4898109 1 1022
8207 18722 4898119 1 1023
8207 18723 4898129 1 1023
8207 18723 4898139 1 1023
8206 18723 4898149 1 1023
8203 18723 4898159 1 1023
8200 18724 4898169 1 1023
8196 18724 4898179 1 1023
8192 18724 4898189 1 1023
8188 18725 4898199 1 1023
8183 18725 4898209 1 1023
8179 18726 4898219 1 1023
8175 18726 4898229 1 1023
8172 18726 4898239 1 1023
8168 18727 4898249 1 1023
8165 18727 4898259 1 1023
8161 18727 4898269 1 1023
8157 18727 4898279 1 1023
8154 18727 4898289 1 1023
8151 18727 4898299 1 1023
8150 18727 4898309 1 1023
8149 18728 4898319 1 1023
8149 18728 4898329 1 1023
8150 18729 4898339 1 1023
8150 18729 4898349 1 1023
8151 18730 4898359 1 1023
8151 18730 4898369 1 1023
8151 18731 4898379 1 1023
8150 18731 4898389 1 1023
8149 18731 4898399 1 1023
8148 18731 4898409 1 1023
8146 18731 4898419 1 1023
8144 18731 4898429 1 1023
8142 18730 4898439 1 1023
8140 18730 4898449 1 1023
8139 18729 4898459 1 1023
8137 18729 4898469 1 1023
8136 18728 4898479 1 1022
8134 18727 4898489 1 1022
8133 18727 4898499 1 1022
8133 18727 4898509 1 1022
8132 18727 4898519 1 1022
8132 18726 4898529 1 1022
8132 18726 4898539 1 1022
8133 18726 4898549 1 1022
8133 18726 4898559 1 1022
8134 18726 4898569 1 1023
8135 18726 4898579 1 1023
8136 18726 4898589 1 1023
8137 18726 4898599 1 1023
8139 18726 4898609 1 1023
8140 18726 4898619 1 1023
8141 18726 4898629 1 1023
8142 18727 4898639 1 1023
8144 18727 4898649 1 1023
8146 18727 4898659 1 1023
8148 18727 4898669 1 1023
8150 18727 4898679 1 1023
8152 18728 4898689 1 1023
8154 18728 4898699 1 1023
8155 18728 4898709 1 1023
8157 18728 4898719 1 1023
8158 18728 4898729 1 1023
8158 18728 4898739 1 1023
8159 18728 4898749 1 1023
8159 18728 4898759 1 1023
8159 18728 4898769 1 1023
8159 18728 4898779 1 1023
8158 18728 4898789 1 1023
8158 18728 4898799 1 1023
8157 18727 4898809 1 1023
8155 18727 4898819 1 1023
8154 18727 4898829 1 1023
8153 18727 4898839 1 1023
8152 18727 4898849 1 1023
8151 18727 4898859 1 1023
8151 18727 4898869 1 1022
8150 18727 4898879 1 1022
8150 18728 4898889 1 1022
8150 18728 4898899 1 1022
8150 18728 4898909 1 1022
8150 18729 4898919 1 1022
8150 18729 4898929 1 1022
8151 18729 4898939 1 1022
8152 18729 4898949 1 1022
8153 18730 4898959 1 1022
8154 18730 4898969 1 1022
8155 18730 4898979 1 1022
8155 18730 4898989 1 1022
8156 18730 4898999 1 1022
8158 18730 4899009 1 1022
8159 18731 4899019 1 1022
8160 18731 4899029 1 1022
8162 18731 4899039 1 1023
8164 18731 4899049 1 1023
8166 18732 4899059 1 1023
8168 18732 4899069 1 1023
8170 18732 4899079 1 1023
8171 18733 4899089 1 1023
8172 18733 4899099 1 1023
8173 18733 4899109 1 1023
8173 18733 4899119 1 1023
8173 18734 4899129 1 1023
8172 18734 4899139 1 1023
8172 18734 4899149 1 1023
8171 18734 4899159 1 1023
8171 18735 4899169 1 1023
8171 18735 4899179 1 1023
8171 18735 4899189 1 1023
8171 18735 4899199 1 1023
8171 18735 4899209 1 1023
8172 18735 4899219 1 1023
8172 18735 4899229 1 1023
8173 18735 4899239 1 1022
8174 18736 4899249 1 1022
8174 18736 4899259 1 1022
8175 18736 4899269 1 1022
8176 18737 4899279 1 1022
8176 18737 4899289 1 1022
8176 18737 4899299 1 1022
8176 18738 4899309 1 1022
8175 18738 4899319 1 1022
8174 18738 4899329 1 1022
8173 18738 4899339 1 1022
8172 18738 4899349 1 1022
8170 18738 4899359 1 1022
8169 18738 4899369 1 1022
8169 18738 4899379 1 1022
8168 18738 4899389 1 1022
8167 18738 4899399 1 1022
8167 18738 4899409 1 1022
8166 18738 4899419 1 1022
8166 18738 4899429 1 1022
8166 18738 4899439 1 1022
8166 18738 4899449 1 1022
8165 18738 4899459 1 1022
8165 18738 4899469 1 1022
8165 18738 4899479 1 1022
8164 18738 4899489 1 1022
8164 18738 4899499 1 1022
8164 18738 4899509 1 1022
8163 18738 4899519 1 1023
8163 18738 4899529 1 1023
8164 18738 4899539 1 1023
8164 18738 4899549 1 1023
8165 18738 4899559 1 1023
8165 18737 4899569 1 1023
8166 18737 4899579 1 1023
8166 18737 4899589 1 1023
8167 18737 4899599 1 1022
8167 18737 4899609 1 1021
8167 18737 4899619 1 1022
8167 18737 4899629 1 1022
8167 18737 4899639 1 1022
8167 18737 4899649 1 1022
8166 18737 4899659 1 1022
8166 18737 4899669 1 1022
8166 18737 4899679 1 1022
8166 18737 4899689 1 1022
8166 18737 4899699 1 1022
8167 18737 4899709 1 1022
8167 18736 4899719 1 1022
8168 18736 4899729 1 1022
8169 18736 4899739 1 1022
8170 18735 4899749 1 1022
8171 18735 4899759 1 1022
8173 18735 4899769 1 1022
8174 18734 4899779 1 1022
8176 18734 4899789 1 1022
8178 18734 4899799 1 1022
8180 18734 4899809 1 1022
8182 18734 4899819 1 1022
8183 18733 4899829 1 1022
8184 18733 4899839 1 1022
8184 18733 4899849 1 1022
8185 18733 4899859 1 1022
8185 18733 4899869 1 1022
8185 18733 4899879 1 1022
8186 18733 4899889 1 1022
8186 18734 4899899 1 1022
8187 18734 4899909 1 1022
8189 18734 4899919 1 1022
8190 18735 4899929 1 1022
8192 18735 4899939 1 1022
8194 18735 4899949 1 1022
8196 18736 4899959 1 1022
8198 18736 4899969 1 1022
8200 18736 4899979 1 1021
8202 18736 4899989 1 1021
8204 18736 4899999 1 1021
8206 18736 4900009 1 1021
8208 18736 4900019 1 1021
8209 18737 4900029 1 1021
8210 18737 4900039 1 1021
8210 18737 4900049 1 1021
8210 18737 4900059 1 1021
8210 18738 4900069 1 1021
8209 18738 4900079 1 1021
8207 18739 4900089 1 1022
8206 18740 4900099 1 1022
8204 18740 4900109 1 1022
8202 18740 4900119 1 1022
8200 18741 4900129 1 1022
8198 18741 4900139 1 1022
8196 18741 4900149 1 1022
8194 18741 4900159 1 1022
8193 18741 4900169 1 1022
8192 18741 4900179 1 1022
8191 18741 4900189 1 1022
8190 18741 4900199 1 1022
8189 18741 4900209 1 1022
8189 18741 4900219 1 1022
8188 18741 4900229 1 1022
8188 18741 4900239 1 1022
8188 18741 4900249 1 1022
8188 18741 4900259 1 1022
8189 18741 4900269 1 1022
8189 18741 4900279 1 1022
8189 18741 4900289 1 1022
8189 18741 4900299 1 1022
8189 18741 4900309 1 1022
8189 18742 4900319 1 1022
8189 18742 4900329 1 1022
8189 18742 4900339 1 1022
8189 18742 4900349 1 1022
8189 18742 4900359 1 1021
8189 18742 4900369 1 1021
8190 18742 4900379 1 1021
8192 18742 4900389 1 1021
8193 18742 4900399 1 1021
8195 18742 4900409 1 1021
8197 18742 4900419 1 1021
8199 18741 4900429 1 1021
8201 18741 4900439 1 1021
8203 18741 4900449 1 1021
8205 18741 4900459 1 1021
8207 18741 4900469 1 1021
8208 18740 4900479 1 1021
8209 18740 4900489 1 1021
8210 18740 4900499 1 1021
8211 18740 4900509 1 1021
8211 18740 4900519 1 1021
8212 18740 4900529 1 1021
8212 18740 4900539 1 1021
8212 18740 4900549 1 1021
8211 18740 4900559 1 1021
8210 18740 4900569 1 1021
8209 18740 4900579 1 8
8207 18740 4900589 1 8
8206 18740 4900599 0 0
8204 18741 4900609 0 0
8203 18741 4900619 0 0
8202 18741 4900629 0 0
8201 18741 4900639 0 0
8200 18741 4900649 0 0
8200 18741 4900659 0 0
8199 18741 4900669 0 0
8199 18741 4900679 0 0
8198 18741 4900689 0 0
8198 18741 4900699 0 0
8197 18741 4900709 0 0
8196 18741 4900719 1 9
8196 18741 4900729 1 31
8195 18741 4900739 1 63
8195 18741 4900749 1 104
8194 18741 4900759 1 153
8194 18741 4900769 1 209
8193 18741 4900779 1 270
8193 18741 4900789 1 336
8192 18741 4900799 1 404
8192 18741 4900809 1 475
8192 18742 4900819 1 546
8193 18742 4900829 1 616
8194 18742 4900839 1 685
8195 18742 4900849 1 750
8197 18742 4900859 1 812
8199 18743 4900869 1 867
8201 18743 4900879 1 916
8202 18743 4900889 1 958
8204 18743 4900899 1 989
8205 18743 4900909 1 1011
8206 18743 4900919 1 1021
8207 18743 4900929 1 1021
8208 18743 4900939 1 1021
8209 18743 4900949 1 1021
8209 18742 4900959 1 1021
8209 18742 4900969 1 1021
8209 18741 4900979 1 1021
8209 18741 4900989 1 1021
8209 18741 4900999 1 1021
8209 18740 4901009 1 1021
8208 18740 4901019 1 1021
8208 18740 4901029 1 1021
8208 18740 4901039 1 1021
8209 18739 4901049 1 1021
8209 18739 4901059 1 1021
8209 18740 4901069 1 1021
8209 18740 4901079 1 1021
8209 18740 4901089 1 1021
8209 18740 4901099 1 1020
8209 18740 4901109 1 1020
8209 18740 4901119 1 1020
8209 18741 4901129 1 1020
8209 18741 4901139 1 1020
8209 18741 4901149 1 1020
8208 18741 4901159 1 1020
8208 18741 4901169 1 1020
8208 18741 4901179 1 1020
8208 18742 4901189 1 1020
8207 18742 4901199 1 1020
8207 18742 4901209 1 1020
8207 18742 4901219 1 1020
8206 18743 4901229 1 1020
8206 18743 4901239 1 1020
8205 18743 4901249 1 1020
8204 18743 4901259 1 1020
8203 18743 4901269 1 1020
8202 18742 4901279 1 1021
8201 18742 4901289 1 1021
8199 18742 4901299 1 1021
8198 18741 4901309 1 1021
8197 18741 4901319 1 1021
8196 18740 4901329 1 1021
8195 18739 4901339 1 1021
8195 18739 4901349 1 1021
8195 18738 4901359 1 1021
8195 18738 4901369 1 1021
8195 18737 4901379 1 1021
8194 18737 4901389 1 1021
8194 18737 4901399 1 1021
8194 18737 4901409 1 1021
8195 18737 4901419 1 1021
8195 18737 4901429 1 1021
8195 18737 4901439 1 1021
8196 18738 4901449 1 1021
8197 18739 4901459 1 1021
8198 18739 4901469 1 1021
8199 18740 4901479 1 1020
8200 18740 4901489 1 1020
8201 18741 4901499 1 1020
8202 18741 4901509 1 1020
8203 18741 4901519 1 1020
8204 18742 4901529 1 1020
8204 18742 4901539 1 1020
8205 18742 4901549 1 1020
8206 18742 4901559 1 1020
8207 18742 4901569 1 1020
8208 18742 4901579 1 1020
8209 18742 4901589 1 1020
8210 18741 4901599 1 1020
8211 18741 4901609 1 1020
8212 18741 4901619 1 1020
8212 18741 4901629 1 1020
8213 18741 4901639 1 1020
8213 18741 4901649 1 1020
8213 18741 4901659 1 1020
8212 18741 4901669 1 1020
8212 18741 4901679 1 1020
8212 18741 4901689 1 1020
8212 18741 4901699 1 1020
8212 18742 4901709 1 1020
8212 18742 4901719 1 1020
8213 18742 4901729 1 1020
8213 18742 4901739 1 1020
8212 18742 4901749 1 1020
8212 18742 4901759 1 1020
8211 18742 4901769 1 1020
8211 18742 4901779 1 1020
8211 18742 4901789 1 1020
8210 18742 4901799 1 1020
8210 18742 4901809 1 1020
8210 18742 4901819 1 1020
8210 18742 4901829 1 1019
8210 18742 4901839 1 1019
8210 18741 4901849 1 1019
8209 18741 4901859 1 1019
8209 18741 4901869 1 1019
8208 18740 4901879 1 1019
8207 18739 4901889 1 1019
8206 18739 4901899 1 1019
8205 18738 4901909 1 1019
8204 18738 4901919 1 1019
8202 18737 4901929 1 1019
8201 18736 4901939 1 1019
8199 18736 4901949 1 1019
8198 18735 4901959 1 1019
8197 18735 4901969 1 1019
8196 18735 4901979 1 1019
8195 18734 4901989 1 1019
8194 18734 4901999 1 1019
8193 18734 4902009 1 1020
8192 18734 4902019 1 1020
8192 18733 4902029 1 1020
8193 18733 4902039 1 1020
8193 18733 4902049 1 1020
8194 18732 4902059 1 1020
8196 18732 4902069 1 1020
8198 18732 4902079 1 1020
8199 18732 4902089 1 1020
8201 18731 4902099 1 1020
8203 18731 4902109 1 1020
8205 18731 4902119 1 1020
8207 18731 4902129 1 1020
8209 18731 4902139 1 1020
8212 18731 4902149 1 1020
8214 18731 4902159 1 1019
8216 18731 4902169 1 1019
8218 18731 4902179 1 1019
8220 18730 4902189 1 1019
8222 18730 4902199 1 1019
8224 18730 4902209 1 1019
8226 18730 4902219 1 1019
8228 18729 4902229 1 1019
8230 18729 4902239 1 1019
8232 18729 4902249 1 1019
8234 18728 4902259 1 1019
8235 18728 4902269 1 1019
8237 18728 4902279 1 1019
8238 18728 4902289 1 1019
8240 18728 4902299 1 1019
8241 18728 4902309 1 1019
8243 18728 4902319 1 1019
8244 18728 4902329 1 1019
8244 18728 4902339 1 1019
8245 18728 4902349 1 1019
8245 18728 4902359 1 1019
8245 18729 4902369 1 1019
8245 18729 4902379 1 1019
8245 18729 4902389 1 1019
8245 18729 4902399 1 1019
8246 18729 4902409 1 1019
8246 18729 4902419 1 1019
8246 18729 4902429 1 1019
8245 18729 4902439 1 1019
8245 18729 4902449 1 1019
8245 18729 4902459 1 1019
8244 18729 4902469 1 1019
8244 18729 4902479 1 1019
8244 18729 4902489 1 1019
8244 18729 4902499 1 1019
8244 18729 4902509 1 1018
8244 18728 4902519 1 1018
8243 18728 4902529 1 1018
8242 18728 4902539 1 1018
8241 18727 4902549 1 1018
8240 18727 4902559 1 1018
8239 18727 4902569 1 1018
8238 18726 4902579 1 1018
8237 18726 4902589 1 1018
8236 18725 4902599 1 1018
8236 18725 4902609 1 1018
8235 18724 4902619 1 1018
8234 18724 4902629 1 1018
8233 18724 4902639 1 1018
8232 18723 4902649 1 1018
8231 18723 4902659 1 1018
8230 18722 4902669 1 1018
8230 18722 4902679 1 1018
8229 18722 4902689 1 1018
8228 18721 4902699 1 1018
8227 18721 4902709 1 1018
8227 18721 4902719 1 1018
8226 18721 4902729 1 1018
8226 18721 4902739 1 1018
8226 18721 4902749 1 1018
8225 18721 4902759 1 1018
8225 18721 4902769 1 1018
8225 18721 4902779 1 1018
8225 18722 4902789 1 1019
8225 18722 4902799 1 1019
8225 18722 4902809 1 1019
8225 18723 4902819 1 1019
8226 18723 4902829 1 1019
8227 18723 4902839 1 1017
8228 18723 4902849 1 1017
8230 18724 4902859 1 1017
8231 18724 4902869 1 1017
8233 18724 4902879 1 1017
8235 18724 4902889 1 1017
8236 18725 4902899 1 1017
8239 18725 4902909 1 1017
8241 18725 4902919 1 1017
8243 18725 4902929 1 1017
8245 18725 4902939 1 1017
8247 18725 4902949 1 1017
8248 18725 4902959 1 1018
8250 18725 4902969 1 1018
8252 18725 4902979 1 1018
8253 18725 4902989 1 1018
8254 18725 4902999 1 1018
8254 18725 4903009 1 1018
8255 18725 4903019 1 1018
8256 18725 4903029 1 1018
8256 18725 4903039 1 1018
8257 18725 4903049 1 1018
8257 18725 4903059 1 1018
8257 18725 4903069 1 1018
8256 18726 4903079 1 1018
8256 18726 4903089 1 1018
8255 18726 4903099 1 1018
8253 18726 4903109 1 1018
8251 18726 4903119 1 1018
8248 18726 4903129 1 1018
8246 18726 4903139 1 1018
8243 18725 4903149 1 1018
8240 18725 4903159 1 1018
8238 18724 4903169 1 1017
8236 18724 4903179 1 1017
8234 18723 4903189 1 1017
8233 18722 4903199 1 1017
8232 18722 4903209 1 1017
8231 18721 4903219 1 1017
8231 18721 4903229 1 1017
8231 18721 4903239 1 1017
8230 18720 4903249 1 1017
8230 18720 4903259 1 1017
8230 18720 4903269 1 1017
8231 18720 4903279 1 1017
8231 18720 4903289 1 1017
8231 18720 4903299 1 1017
8232 18720 4903309 1 1017
8233 18720 4903319 1 1017
8233 18720 4903329 1 1017
8234 18720 4903339 1 1017
8235 18720 4903349 1 1017
8236 18720 4903359 1 1017
8237 18720 4903369 1 1017
8238 18719 4903379 1 1017
8239 18719 4903389 1 1017
8240 18719 4903399 1 1017
8241 18719 4903409 1 1017
8243 18719 4903419 1 1017
8244 18719 4903429 1 1017
8244 18719 4903439 1 1017
8245 18719 4903449 1 1017
8245 18720 4903459 1 1017
8245 18720 4903469 1 1017
8245 18721 4903479 1 1017
8244 18721 4903489 1 1017
8243 18721 4903499 1 1017
8241 18722 4903509 1 1016
8239 18722 4903519 1 1016
8237 18722 4903529 1 1016
8235 18723 4903539 1 1016
8233 18723 4903549 1 1016
8232 18723 4903559 1 1016
8231 18723 4903569 1 1016
8231 18723 4903579 1 1016
8231 18722 4903589 1 1016
8232 18722 4903599 1 1016
8233 18722 4903609 1 1016
8234 18722 4903619 1 1016
8236 18722 4903629 1 1016
8237 18722 4903639 1 1016
8239 18722 4903649 1 1016
