8068 17392 5986158 1 807
8052 17377 5986168 1 808
8048 17373 5986178 1 810
8044 17370 5986188 1 811
8041 17367 5986198 1 813
8037 17362 5986208 1 814
8036 17361 5986218 1 815
8036 17360 5986228 1 816
8035 17356 5986238 1 818
8035 17353 5986248 1 819
8035 17349 5986258 1 821
8036 17345 5986268 1 822
8037 17341 5986278 1 824
8037 17339 5986288 1 826
8037 17336 5986298 1 826
8040 17333 5986308 1 810
8043 17330 5986318 1 727
8047 17329 5986328 1 652
8052 17328 5986338 1 585
8056 17329 5986348 1 525
8058 17329 5986358 1 497
8060 17331 5986368 1 473
8066 17335 5986378 1 426
8072 17340 5986388 1 387
8078 17346 5986398 1 355
8083 17353 5986408 1 329
8089 17360 5986418 1 300
8094 17364 5986428 1 292
8098 17367 5986438 1 296
8104 17374 5986448 1 293
8110 17379 5986458 1 291
8115 17383 5986468 1 288
8121 17385 5986478 1 285
8126 17384 5986488 1 283
8130 17384 5986498 1 281
8134 17382 5986508 1 279
8139 17377 5986518 1 277
8144 17371 5986528 1 274
8149 17363 5986538 1 271
8154 17354 5986548 1 269
8158 17345 5986558 1 270
8159 17340 5986568 1 273
8160 17335 5986578 1 279
8163 17327 5986588 1 292
8166 17319 5986598 1 310
8169 17312 5986608 1 332
8171 17304 5986618 1 388
8172 17303 5986628 1 403
8172 17302 5986638 1 420
8170 17301 5986648 1 454
8167 17301 5986658 1 489
8163 17302 5986668 1 525
8157 17304 5986678 1 561
8149 17306 5986688 1 597
8144 17307 5986698 1 614
8139 17308 5986708 1 631
8130 17310 5986718 1 663
8120 17312 5986728 1 692
8112 17314 5986738 1 718
8104 17315 5986748 1 739
8099 17317 5986758 1 755
8097 17319 5986768 1 762
8096 17320 5986778 1 765
8096 17322 5986788 1 769
8097 17325 5986798 1 767
8101 17328 5986808 1 762
8106 17331 5986818 1 757
8112 17335 5986828 1 751
8116 17337 5986838 1 748
8120 17338 5986848 1 745
8126 17341 5986858 1 737
8130 17344 5986868 1 730
8133 17346 5986878 1 723
8135 17348 5986888 1 715
8136 17349 5986898 1 709
8133 17349 5986908 1 705
8130 17349 5986918 1 702
8128 17349 5986928 1 697
8126 17348 5986938 1 692
8125 17347 5986948 1 688
8123 17346 5986958 1 686
8123 17345 5986968 1 683
8123 17344 5986978 1 683
8124 17343 5986988 1 682
8128 17342 5986998 1 682
8133 17340 5987008 1 682
8139 17338 5987018 1 683
8146 17337 5987028 1 684
8153 17335 5987038 1 686
8159 17334 5987048 1 688
8165 17333 5987058 1 689
8171 17332 5987068 1 692
8179 17327 5987078 1 698
8181 17325 5987088 1 702
8181 17323 5987098 1 705
8180 17322 5987108 1 707
8178 17321 5987118 1 708
8175 17319 5987128 1 712
8172 17318 5987138 1 715
8168 17317 5987148 1 718
8164 17317 5987158 1 721
8160 17317 5987168 1 724
8158 17317 5987178 1 725
8156 17317 5987188 1 726
8155 17318 5987198 1 727
8154 17320 5987208 1 730
8155 17321 5987218 1 731
8155 17323 5987228 1 732
8157 17325 5987238 1 733
8159 17326 5987248 1 733
8161 17326 5987258 1 734
8163 17327 5987268 1 734
8165 17327 5987278 1 735
8167 17327 5987288 1 736
8169 17326 5987298 1 737
8171 17325 5987308 1 738
8172 17324 5987318 1 738
8173 17323 5987328 1 739
8173 17322 5987338 1 741
8174 17320 5987348 1 743
8174 17319 5987358 1 744
8173 17318 5987368 1 746
8172 17318 5987378 1 748
8170 17318 5987388 1 750
8168 17318 5987398 1 751
8166 17319 5987408 1 753
8164 17321 5987418 1 756
8161 17323 5987428 1 758
8159 17326 5987438 1 760
8158 17328 5987448 1 762
8156 17329 5987458 1 763
8155 17331 5987468 1 763
8154 17332 5987478 1 763
8154 17333 5987488 1 762
8153 17334 5987498 1 761
8153 17333 5987508 1 758
8153 17332 5987518 1 756
8154 17331 5987528 1 756
8155 17328 5987538 1 753
8155 17325 5987548 1 753
8155 17323 5987558 1 754
8154 17321 5987568 1 758
8154 17320 5987578 1 764
8154 17319 5987588 1 767
8153 17318 5987598 1 772
8152 17318 5987608 1 785
8152 17319 5987618 1 801
8152 17320 5987628 1 817
8152 17322 5987638 1 832
8153 17324 5987648 1 847
8153 17325 5987658 1 854
8153 17326 5987668 1 859
8156 17328 5987678 1 867
8158 17330 5987688 1 871
8161 17332 5987698 1 867
8164 17334 5987708 1 858
8167 17335 5987718 1 841
8169 17335 5987728 1 830
8171 17335 5987738 1 813
8173 17335 5987748 1 775
8174 17334 5987758 1 727
8175 17334 5987768 1 671
8174 17332 5987778 1 608
8173 17331 5987788 1 540
8173 17330 5987798 1 506
8172 17329 5987808 1 471
8170 17327 5987818 1 402
8167 17326 5987828 1 335
8164 17324 5987838 1 273
8162 17323 5987848 1 216
8159 17321 5987858 1 169
8158 17321 5987868 1 151
8157 17321 5987878 1 132
8155 17320 5987888 1 95
8153 17320 5987898 1 98
8152 17320 5987908 1 101
8152 17321 5987918 1 104
8153 17322 5987928 1 107
8154 17323 5987938 1 108
8155 17325 5987948 1 111
8158 17326 5987958 1 113
8161 17328 5987968 1 117
8165 17330 5987978 1 120
8170 17332 5987988 1 122
8177 17334 5987998 1 128
8180 17335 5988008 1 135
8184 17336 5988018 1 151
8187 17336 5988028 1 174
8189 17336 5988038 1 201
8190 17335 5988048 1 234
8191 17334 5988058 1 270
8190 17333 5988068 1 289
8188 17332 5988078 1 309
8188 17329 5988088 1 350
8188 17325 5988098 1 392
8189 17321 5988108 1 435
8190 17317 5988118 1 477
8192 17313 5988128 1 520
8195 17311 5988138 1 540
8199 17309 5988148 1 560
8204 17306 5988158 1 598
8209 17305 5988168 1 634
8214 17304 5988178 1 665
8219 17304 5988188 1 692
8223 17304 5988198 1 716
8225 17305 5988208 1 726
8227 17307 5988218 1 733
8227 17309 5988228 1 744
8227 17312 5988238 1 750
8225 17315 5988248 1 750
8222 17318 5988258 1 752
8219 17320 5988268 1 753
8216 17322 5988278 1 755
8213 17323 5988288 1 757
8210 17324 5988298 1 759
8207 17325 5988308 1 763
8205 17325 5988318 1 766
8203 17325 5988328 1 770
8202 17326 5988338 1 773
8200 17325 5988348 1 774
8199 17324 5988358 1 775
8198 17321 5988368 1 777
8196 17317 5988378 1 779
8194 17313 5988388 1 779
8193 17308 5988398 1 779
8192 17303 5988408 1 780
8192 17300 5988418 1 780
8191 17297 5988428 1 779
8191 17291 5988438 1 779
8192 17285 5988448 1 777
8193 17278 5988458 1 774
8194 17277 5988468 1 772
8194 17277 5988478 1 771
8192 17278 5988488 1 770
8185 17279 5988498 1 768
8175 17281 5988508 1 766
8162 17284 5988518 1 765
8147 17288 5988528 1 763
8129 17291 5988538 1 761
8120 17293 5988548 1 759
8110 17296 5988558 1 758
8089 17300 5988568 1 756
8068 17304 5988578 1 754
8049 17309 5988588 1 752
8035 17314 5988598 1 750
8024 17320 5988608 1 749
8016 17326 5988618 1 747
8011 17332 5988628 1 746
8009 17338 5988638 1 745
8009 17345 5988648 1 745
8012 17351 5988658 1 744
8016 17358 5988668 1 744
8022 17364 5988678 1 745
8030 17370 5988688 1 744
8038 17375 5988698 1 745
8048 17380 5988708 1 747
8058 17384 5988718 1 749
8069 17386 5988728 1 750
8080 17388 5988738 1 753
8092 17389 5988748 1 755
8105 17388 5988758 1 759
8119 17387 5988768 1 762
8134 17385 5988778 1 766
8149 17381 5988788 1 770
8165 17377 5988798 1 776
8181 17372 5988808 1 781
8197 17365 5988818 1 787
8212 17358 5988828 1 793
8225 17349 5988838 1 800
8237 17339 5988848 1 807
8246 17329 5988858 1 813
8252 17318 5988868 1 811
8255 17304 5988878 1 810
8255 17288 5988888 1 808
