7772 18697 7397883 1 895
7761 18685 7397893 1 895
7757 18682 7397903 1 898
7754 18680 7397913 1 899
7752 18677 7397923 1 901
7749 18673 7397933 1 902
7748 18672 7397943 1 902
7749 18671 7397953 1 903
7748 18668 7397963 1 905
7748 18666 7397973 1 906
7749 18662 7397983 1 908
7751 18659 7397993 1 909
7753 18656 7398003 1 911
7754 18655 7398013 1 912
7756 18653 7398023 1 911
7759 18651 7398033 1 888
7762 18649 7398043 1 768
7765 18649 7398053 1 660
7769 18649 7398063 1 564
7772 18650 7398073 1 479
7773 18650 7398083 1 439
7774 18652 7398093 1 405
7777 18655 7398103 1 340
7780 18658 7398113 1 285
7783 18663 7398123 1 241
7786 18668 7398133 1 205
7789 18673 7398143 1 166
7792 18675 7398153 1 157
7795 18678 7398163 1 164
7798 18683 7398173 1 161
7802 18687 7398183 1 159
7805 18690 7398193 1 156
7808 18692 7398203 1 154
7811 18693 7398213 1 152
7812 18693 7398223 1 150
7812 18692 7398233 1 150
7813 18690 7398243 1 148
7814 18685 7398253 1 146
7815 18680 7398263 1 143
7816 18673 7398273 1 141
7818 18666 7398283 1 145
7818 18662 7398293 1 149
7818 18658 7398303 1 159
7822 18650 7398313 1 178
7826 18643 7398323 1 203
7830 18637 7398333 1 234
7834 18633 7398343 1 269
7837 18629 7398353 1 310
7839 18627 7398363 1 331
7840 18626 7398373 1 353
7840 18625 7398383 1 399
7839 18625 7398393 1 445
7836 18626 7398403 1 493
7831 18628 7398413 1 539
7826 18630 7398423 1 586
7823 18631 7398433 1 608
7820 18632 7398443 1 630
7813 18634 7398453 1 671
7807 18636 7398463 1 708
7801 18638 7398473 1 740
7795 18640 7398483 1 767
7790 18641 7398493 1 787
7788 18641 7398503 1 796
7785 18642 7398513 1 799
7783 18642 7398523 1 804
7781 18644 7398533 1 800
7781 18645 7398543 1 794
7782 18646 7398553 1 788
7785 18648 7398563 1 779
7787 18649 7398573 1 775
7790 18650 7398583 1 771
7795 18652 7398593 1 761
7801 18654 7398603 1 752
7808 18656 7398613 1 742
7814 18659 7398623 1 733
7819 18660 7398633 1 725
7823 18662 7398643 1 720
7826 18663 7398653 1 716
7830 18664 7398663 1 709
7833 18664 7398673 1 704
7836 18664 7398683 1 699
7839 18664 7398693 1 695
7841 18663 7398703 1 692
7842 18662 7398713 1 692
7843 18662 7398723 1 691
7845 18660 7398733 1 690
7847 18658 7398743 1 690
7849 18656 7398753 1 691
7851 18655 7398763 1 692
7853 18652 7398773 1 694
7855 18651 7398783 1 697
7856 18650 7398793 1 698
7858 18645 7398803 1 704
7859 18643 7398813 1 707
7859 18641 7398823 1 711
7858 18640 7398833 1 716
7858 18639 7398843 1 716
7856 18639 7398853 1 718
7855 18638 7398863 1 723
7853 18637 7398873 1 726
7851 18637 7398883 1 729
7850 18638 7398893 1 732
7848 18638 7398903 1 735
7847 18639 7398913 1 736
7847 18639 7398923 1 737
7846 18640 7398933 1 738
7846 18641 7398943 1 739
7846 18642 7398953 1 740
7846 18643 7398963 1 741
7847 18643 7398973 1 742
7848 18644 7398983 1 742
7849 18643 7398993 1 743
7849 18643 7399003 1 742
7850 18643 7399013 1 743
7851 18643 7399023 1 744
7851 18642 7399033 1 745
7851 18641 7399043 1 746
7851 18640 7399053 1 745
7850 18640 7399063 1 746
7849 18639 7399073 1 747
7849 18639 7399083 1 749
7849 18638 7399093 1 750
7849 18639 7399103 1 751
7849 18639 7399113 1 753
7849 18640 7399123 1 755
7849 18641 7399133 1 756
7851 18642 7399143 1 758
7852 18643 7399153 1 760
7854 18645 7399163 1 762
7856 18646 7399173 1 764
7857 18647 7399183 1 765
7859 18647 7399193 1 765
7860 18647 7399203 1 765
7860 18647 7399213 1 765
7860 18647 7399223 1 764
7859 18646 7399233 1 762
7856 18645 7399243 1 759
7854 18644 7399253 1 757
7852 18643 7399263 1 756
7850 18643 7399273 1 755
7847 18641 7399283 1 754
7844 18640 7399293 1 754
7841 18640 7399303 1 756
7840 18639 7399313 1 760
7838 18639 7399323 1 766
7838 18639 7399333 1 770
7838 18640 7399343 1 776
7838 18640 7399353 1 790
7838 18641 7399363 1 806
7839 18642 7399373 1 823
7840 18643 7399383 1 840
7841 18645 7399393 1 856
7841 18645 7399403 1 863
7841 18645 7399413 1 870
7843 18646 7399423 1 879
7844 18647 7399433 1 884
7846 18647 7399443 1 881
7847 18648 7399453 1 872
7849 18648 7399463 1 854
7851 18648 7399473 1 843
7853 18648 7399483 1 825
7856 18648 7399493 1 786
7859 18648 7399503 1 735
7861 18648 7399513 1 674
7864 18647 7399523 1 606
7866 18647 7399533 1 532
7868 18647 7399543 1 494
7869 18647 7399553 1 456
7869 18646 7399563 1 380
7868 18645 7399573 1 304
7866 18644 7399583 1 235
7862 18644 7399593 1 171
7858 18643 7399603 1 117
7854 18643 7399613 1 96
7849 18642 7399623 1 73
7843 18642 7399633 1 30
7838 18641 7399643 1 31
7833 18640 7399653 1 33
7828 18640 7399663 1 35
7825 18640 7399673 1 36
7823 18640 7399683 1 36
7821 18641 7399693 1 37
7822 18642 7399703 1 38
7823 18643 7399713 1 40
7831 18646 7399723 1 43
7837 18648 7399733 1 45
7842 18649 7399743 1 46
7848 18649 7399753 1 53
7855 18651 7399763 1 69
7863 18652 7399773 1 95
7870 18652 7399783 1 125
7877 18652 7399793 1 162
7884 18651 7399803 1 203
7888 18650 7399813 1 224
7891 18650 7399823 1 247
7893 18648 7399833 1 295
7894 18645 7399843 1 344
7894 18642 7399853 1 394
7893 18639 7399863 1 445
7890 18636 7399873 1 496
7887 18635 7399883 1 521
7883 18634 7399893 1 544
7880 18632 7399903 1 590
7876 18631 7399913 1 633
7872 18630 7399923 1 672
7870 18630 7399933 1 706
7868 18631 7399943 1 735
7867 18631 7399953 1 748
7867 18632 7399963 1 757
7868 18633 7399973 1 771
7870 18635 7399983 1 779
7873 18637 7399993 1 779
7876 18638 7400003 1 781
7879 18640 7400013 1 784
7883 18640 7400023 1 787
7886 18640 7400033 1 789
7889 18641 7400043 1 793
7891 18641 7400053 1 798
7893 18642 7400063 1 803
7894 18642 7400073 1 808
7893 18642 7400083 1 812
7892 18642 7400093 1 815
7891 18641 7400103 1 816
7888 18640 7400113 1 819
7885 18638 7400123 1 822
7882 18635 7400133 1 823
7879 18632 7400143 1 824
7876 18629 7400153 1 825
7874 18627 7400163 1 825
7872 18626 7400173 1 825
7872 18622 7400183 1 825
7871 18618 7400193 1 824
7872 18614 7400203 1 822
7873 18612 7400213 1 821
7875 18610 7400223 1 819
7876 18610 7400233 1 818
7875 18610 7400243 1 817
7870 18610 7400253 1 815
7863 18610 7400263 1 813
7854 18612 7400273 1 811
7841 18613 7400283 1 809
7827 18616 7400293 1 807
7818 18616 7400303 1 805
7808 18618 7400313 1 804
7790 18621 7400323 1 801
7770 18625 7400333 1 799
7753 18629 7400343 1 797
7739 18633 7400353 1 795
7728 18638 7400363 1 794
7719 18643 7400373 1 792
7713 18648 7400383 1 791
7709 18654 7400393 1 790
7708 18660 7400403 1 790
7709 18665 7400413 1 789
7712 18671 7400423 1 789
7717 18677 7400433 1 791
7724 18682 7400443 1 791
7732 18686 7400453 1 793
7742 18691 7400463 1 795
7754 18694 7400473 1 798
7766 18697 7400483 1 801
7779 18699 7400493 1 805
7793 18701 7400503 1 809
7808 18702 7400513 1 815
7822 18702 7400523 1 820
7837 18701 7400533 1 827
7852 18699 7400543 1 834
7866 18696 7400553 1 842
7879 18692 7400563 1 850
7891 18686 7400573 1 859
7901 18680 7400583 1 869
7909 18672 7400593 1 881
7915 18663 7400603 1 892
7919 18654 7400613 1 901
7920 18644 7400623 1 899
7919 18631 7400633 1 898
