8043 18481 4813521 1 743
8042 18484 4813531 1 743
8040 18486 4813541 1 743
8038 18490 4813551 1 743
8034 18494 4813561 1 743
8030 18498 4813571 1 743
8026 18502 4813581 1 744
8021 18506 4813591 1 744
8015 18511 4813601 1 744
8010 18516 4813611 1 744
8005 18520 4813621 1 744
8001 18525 4813631 1 744
7996 18528 4813641 1 745
7992 18531 4813651 1 745
7989 18533 4813661 1 745
7983 18535 4813671 1 746
7982 18534 4813681 1 746
7981 18533 4813691 1 746
7980 18531 4813701 1 746
7980 18528 4813711 1 746
7980 18525 4813721 1 747
7981 18521 4813731 1 747
7982 18517 4813741 1 746
7982 18512 4813751 1 747
7983 18508 4813761 1 748
7984 18503 4813771 1 748
7984 18498 4813781 1 748
7984 18494 4813791 1 749
7984 18489 4813801 1 749
7984 18485 4813811 1 749
7981 18476 4813821 1 749
7979 18472 4813831 1 750
7976 18468 4813841 1 750
7973 18464 4813851 1 749
7970 18459 4813861 1 750
7967 18454 4813871 1 751
7965 18449 4813881 1 751
7963 18443 4813891 1 751
7962 18436 4813901 1 752
7962 18429 4813911 1 752
7963 18421 4813921 1 752
7966 18413 4813931 1 752
7970 18404 4813941 1 753
7976 18395 4813951 1 753
7983 18387 4813961 1 753
8004 18374 4813971 1 754
8017 18370 4813981 1 754
8030 18367 4813991 1 755
8043 18367 4814001 1 755
8056 18368 4814011 1 755
8068 18372 4814021 1 755
8079 18376 4814031 1 756
8088 18382 4814041 1 756
8096 18388 4814051 1 756
8102 18393 4814061 1 757
8108 18399 4814071 1 757
8113 18405 4814081 1 757
8119 18410 4814091 1 757
8126 18416 4814101 1 758
8134 18423 4814111 1 758
8150 18437 4814121 1 759
8158 18445 4814131 1 759
8166 18455 4814141 1 760
8173 18466 4814151 1 760
8178 18479 4814161 1 761
8182 18492 4814171 1 761
8183 18507 4814181 1 761
8183 18521 4814191 1 762
8180 18535 4814201 1 762
8177 18547 4814211 1 762
8172 18558 4814221 1 763
8166 18566 4814231 1 763
8158 18573 4814241 1 763
8149 18577 4814251 1 764
8139 18580 4814261 1 764
8117 18581 4814271 1 765
8106 18581 4814281 1 765
8094 18579 4814291 1 766
8083 18576 4814301 1 766
8071 18572 4814311 1 766
8059 18566 4814321 1 766
8047 18559 4814331 1 767
8034 18551 4814341 1 768
8022 18543 4814351 1 768
8011 18536 4814361 1 769
8001 18528 4814371 1 769
7993 18522 4814381 1 769
7986 18516 4814391 1 770
7980 18512 4814401 1 770
7976 18508 4814411 1 771
7971 18504 4814421 1 771
7970 18503 4814431 1 772
7969 18502 4814441 1 772
7970 18503 4814451 1 773
7971 18504 4814461 1 773
7972 18506 4814471 1 774
7974 18508 4814481 1 774
7975 18511 4814491 1 774
7977 18515 4814501 1 775
7978 18519 4814511 1 775
7979 18524 4814521 1 776
7979 18528 4814531 1 777
7979 18532 4814541 1 777
7978 18536 4814551 1 777
7978 18540 4814561 1 778
7976 18546 4814571 1 779
7975 18548 4814581 1 779
7973 18549 4814591 1 779
7972 18550 4814601 1 780
7971 18550 4814611 1 781
7970 18551 4814621 1 781
7969 18551 4814631 1 782
7969 18550 4814641 1 782
7969 18550 4814651 1 782
7969 18550 4814661 1 783
7970 18549 4814671 1 783
7971 18549 4814681 1 784
7973 18548 4814691 1 784
7975 18548 4814701 1 785
7978 18548 4814711 1 785
7985 18547 4814721 1 786
7989 18547 4814731 1 787
7993 18548 4814741 1 788
7997 18548 4814751 1 788
8001 18548 4814761 1 788
8004 18549 4814771 1 789
8008 18551 4814781 1 789
8010 18552 4814791 1 790
8012 18554 4814801 1 791
8014 18556 4814811 1 791
8015 18558 4814821 1 791
8016 18560 4814831 1 792
8016 18563 4814841 1 793
8016 18565 4814851 1 793
8016 18568 4814861 1 794
8013 18573 4814871 1 795
8011 18575 4814881 1 795
8008 18578 4814891 1 796
8005 18581 4814901 1 797
8001 18584 4814911 1 798
7998 18588 4814921 1 798
7994 18591 4814931 1 798
7990 18594 4814941 1 800
7987 18597 4814951 1 800
7984 18600 4814961 1 801
7982 18602 4814971 1 801
7979 18605 4814981 1 802
7977 18607 4814991 1 802
7976 18608 4815001 1 802
7974 18610 4815011 1 803
7973 18611 4815021 1 804
7973 18611 4815031 1 805
7974 18611 4815041 1 804
7975 18611 4815051 1 804
7977 18610 4815061 1 804
7980 18609 4815071 1 804
7984 18607 4815081 1 805
7989 18606 4815091 1 806
7994 18604 4815101 1 805
8001 18603 4815111 1 805
8007 18601 4815121 1 805
8015 18599 4815131 1 805
8022 18596 4815141 1 806
8030 18594 4815151 1 807
8038 18591 4815161 1 806
8054 18585 4815171 1 806
8062 18581 4815181 1 807
8070 18577 4815191 1 807
8077 18572 4815201 1 808
8084 18568 4815211 1 808
8090 18563 4815221 1 808
8097 18559 4815231 1 809
8102 18554 4815241 1 809
8108 18550 4815251 1 810
8113 18546 4815261 1 811
8117 18542 4815271 1 811
8121 18538 4815281 1 812
8125 18535 4815291 1 813
8128 18531 4815301 1 814
8130 18528 4815311 1 816
8134 18522 4815321 1 817
8135 18519 4815331 1 819
8135 18516 4815341 1 822
8135 18513 4815351 1 824
8135 18511 4815361 1 827
8134 18509 4815371 1 829
8134 18507 4815381 1 829
8133 18505 4815391 1 831
8131 18504 4815401 1 834
8130 18503 4815411 1 837
8129 18502 4815421 1 840
8128 18501 4815431 1 842
8128 18500 4815441 1 843
8127 18500 4815451 1 846
8127 18500 4815461 1 851
8127 18502 4815471 1 857
8127 18503 4815481 1 859
8128 18505 4815491 1 861
8128 18508 4815501 1 864
8129 18511 4815511 1 868
8130 18514 4815521 1 871
8131 18518 4815531 1 874
8131 18521 4815541 1 877
8132 18525 4815551 1 881
8132 18529 4815561 1 884
8132 18532 4815571 1 887
8132 18535 4815581 1 890
8132 18537 4815591 1 892
8132 18539 4815601 1 893
8131 18541 4815611 1 895
8130 18543 4815621 1 899
8129 18544 4815631 1 901
8128 18544 4815641 1 902
8127 18545 4815651 1 902
8126 18545 4815661 1 903
8125 18545 4815671 1 904
8124 18544 4815681 1 905
8123 18544 4815691 1 905
8122 18544 4815701 1 905
8121 18544 4815711 1 904
8120 18544 4815721 1 904
8120 18544 4815731 1 903
8119 18544 4815741 1 902
8118 18543 4815751 1 898
8118 18543 4815761 1 895
8116 18543 4815771 1 892
8115 18542 4815781 1 888
8114 18542 4815791 1 883
8113 18542 4815801 1 878
8112 18542 4815811 1 873
8111 18542 4815821 1 869
8111 18542 4815831 1 866
8111 18542 4815841 1 860
8112 18542 4815851 1 852
8113 18542 4815861 1 843
8114 18542 4815871 1 835
8116 18541 4815881 1 831
8118 18541 4815891 1 827
8119 18541 4815901 1 819
8121 18540 4815911 1 811
8124 18538 4815921 1 797
8126 18536 4815931 1 795
8127 18535 4815941 1 791
8128 18533 4815951 1 781
8129 18531 4815961 1 778
8130 18529 4815971 1 776
8131 18526 4815981 1 776
8131 18523 4815991 1 777
8131 18519 4816001 1 777
8131 18516 4816011 1 780
8131 18512 4816021 1 785
8129 18508 4816031 1 793
8128 18504 4816041 1 802
8126 18500 4816051 1 807
8123 18496 4816061 1 814
8118 18490 4816071 1 846
8115 18487 4816081 1 868
8112 18484 4816091 1 891
8110 18482 4816101 1 903
8107 18480 4816111 1 918
8105 18479 4816121 1 946
8103 18478 4816131 1 976
8101 18477 4816141 1 1005
8099 18477 4816151 1 1019
8096 18478 4816161 1 1021
8094 18481 4816171 1 1019
8091 18484 4816181 1 1019
8088 18489 4816191 1 1020
8086 18494 4816201 1 1020
8084 18500 4816211 1 1020
8082 18513 4816221 1 1021
8082 18519 4816231 1 1021
8082 18525 4816241 1 972
8083 18531 4816251 1 907
8084 18537 4816261 1 825
8085 18542 4816271 1 781
8087 18547 4816281 1 731
8089 18552 4816291 1 626
8091 18557 4816301 1 516
8094 18562 4816311 1 403
8096 18566 4816321 1 290
8099 18570 4816331 1 233
8102 18573 4816341 1 183
8106 18576 4816351 1 86
8109 18579 4816361 1 3
8116 18582 4816371 1 6
8120 18582 4816381 1 6
8123 18583 4816391 1 7
8126 18582 4816401 1 9
8129 18582 4816411 1 10
8131 18582 4816421 1 12
8133 18581 4816431 1 13
8135 18581 4816441 1 14
8137 18581 4816451 1 15
8138 18581 4816461 1 16
8139 18582 4816471 1 18
8140 18582 4816481 1 19
8141 18583 4816491 1 28
8141 18585 4816501 1 48
8142 18586 4816511 1 88
8142 18590 4816521 1 218
8142 18593 4816531 1 287
8142 18595 4816541 1 357
8142 18598 4816551 1 429
8142 18600 4816561 1 501
8142 18602 4816571 1 571
8142 18604 4816581 1 641
8142 18605 4816591 1 708
8143 18606 4816601 1 772
8143 18607 4816611 1 804
8142 18607 4816621 1 832
8142 18607 4816631 1 889
8142 18606 4816641 1 939
8141 18605 4816651 1 984
8140 18603 4816661 1 1014
8139 18595 4816671 1 1014
8138 18591 4816681 1 1014
8137 18586 4816691 1 1014
8137 18580 4816701 1 1013
8137 18575 4816711 1 1013
8137 18569 4816721 1 1013
8137 18565 4816731 1 1013
8138 18560 4816741 1 1012
8139 18556 4816751 1 1012
8140 18552 4816761 1 1012
8141 18549 4816771 1 1011
8142 18546 4816781 1 1010
8142 18544 4816791 1 1011
8143 18543 4816801 1 1011
8144 18541 4816811 1 1010
8146 18541 4816821 1 1010
8147 18542 4816831 1 1009
8147 18544 4816841 1 1009
8148 18546 4816851 1 1009
8148 18549 4816861 1 1009
8147 18552 4816871 1 1009
8147 18554 4816881 1 1008
8146 18557 4816891 1 1007
8145 18558 4816901 1 1008
8144 18560 4816911 1 1006
8143 18561 4816921 1 994
8142 18561 4816931 1 983
8142 18561 4816941 1 974
8141 18561 4816951 1 971
8141 18560 4816961 1 967
8141 18558 4816971 1 957
8141 18557 4816981 1 957
8142 18556 4816991 1 959
8142 18554 4817001 1 960
8143 18553 4817011 1 961
8145 18551 4817021 1 964
8147 18550 4817031 1 966
8150 18548 4817041 1 968
8152 18547 4817051 1 970
8156 18546 4817061 1 971
8159 18545 4817071 1 972
8163 18544 4817081 1 973
8167 18544 4817091 1 974
8171 18545 4817101 1 975
8175 18546 4817111 1 976
8183 18550 4817121 1 976
8188 18552 4817131 1 977
8193 18555 4817141 1 977
8199 18559 4817151 1 977
8204 18562 4817161 1 977
8210 18565 4817171 1 977
8216 18569 4817181 1 977
8222 18572 4817191 1 977
8228 18575 4817201 1 977
8234 18579 4817211 1 977
8240 18582 4817221 1 977
8245 18585 4817231 1 977
8249 18587 4817241 1 977
8253 18589 4817251 1 978
8256 18591 4817261 1 978
8259 18593 4817271 1 979
8259 18593 4817281 1 979
8259 18593 4817291 1 979
8258 18592 4817301 1 980
8257 18591 4817311 1 980
8256 18589 4817321 1 981
8255 18588 4817331 1 982
8255 18586 4817341 1 982
8254 18584 4817351 1 982
8254 18582 4817361 1 983
8254 18579 4817371 1 985
8254 18577 4817381 1 985
8255 18574 4817391 1 986
8255 18572 4817401 1 986
8256 18570 4817411 1 987
8257 18565 4817421 1 988
8257 18563 4817431 1 989
8258 18561 4817441 1 990
8259 18560 4817451 1 990
8260 18558 4817461 1 990
8261 18557 4817471 1 991
8262 18555 4817481 1 991
8264 18554 4817491 1 992
8265 18553 4817501 1 991
8267 18552 4817511 1 991
8269 18552 4817521 1 991
8272 18551 4817531 1 991
8275 18551 4817541 1 991
8278 18552 4817551 1 990
8281 18552 4817561 1 990
8288 18556 4817571 1 989
8291 18560 4817581 1 989
8295 18564 4817591 1 989
8297 18568 4817601 1 988
8300 18574 4817611 1 988
8302 18581 4817621 1 988
8304 18589 4817631 1 988
8305 18597 4817641 1 988
8307 18607 4817651 1 987
8308 18616 4817661 1 987
8310 18626 4817671 1 987
8311 18634 4817681 1 987
8313 18642 4817691 1 986
8314 18649 4817701 1 986
8315 18654 4817711 1 986
8314 18660 4817721 1 985
8313 18661 4817731 1 985
8311 18661 4817741 1 985
8308 18659 4817751 1 985
8306 18657 4817761 1 984
8303 18654 4817771 1 984
8300 18649 4817781 1 984
8297 18645 4817791 1 984
8294 18639 4817801 1 983
8292 18633 4817811 1 983
8291 18627 4817821 1 983
8290 18620 4817831 1 982
8289 18613 4817841 1 982
8288 18607 4817851 1 982
8288 18600 4817861 1 982
8289 18588 4817871 1 981
8289 18582 4817881 1 981
8290 18576 4817891 1 981
8292 18571 4817901 1 981
8293 18566 4817911 1 980
8295 18562 4817921 1 980
8297 18558 4817931 1 980
8299 18554 4817941 1 979
8301 18551 4817951 1 979
8303 18548 4817961 1 979
8306 18545 4817971 1 979
8308 18543 4817981 1 978
8311 18542 4817991 1 978
8313 18540 4818001 1 978
8316 18539 4818011 1 977
8321 18537 4818021 1 977
8323 18536 4818031 1 977
8325 18536 4818041 1 977
8327 18536 4818051 1 976
8329 18535 4818061 1 976
8330 18535 4818071 1 977
8331 18535 4818081 1 976
8332 18535 4818091 1 975
8332 18534 4818101 1 975
8333 18533 4818111 1 975
8332 18532 4818121 1 974
8332 18531 4818131 1 974
8332 18530 4818141 1 974
8331 18529 4818151 1 974
8330 18528 4818161 1 974
8329 18526 4818171 1 973
8328 18525 4818181 1 973
8327 18524 4818191 1 972
8326 18524 4818201 1 972
8326 18523 4818211 1 972
8325 18523 4818221 1 972
8325 18523 4818231 1 971
8324 18524 4818241 1 971
8324 18524 4818251 1 971
8324 18525 4818261 1 971
8323 18526 4818271 1 970
8323 18526 4818281 1 970
8322 18527 4818291 1 970
8322 18528 4818301 1 970
8321 18529 4818311 1 970
8320 18530 4818321 1 969
8319 18531 4818331 1 969
8319 18532 4818341 1 968
8319 18532 4818351 1 968
8319 18533 4818361 1 968
8319 18533 4818371 1 968
8319 18533 4818381 1 967
8320 18533 4818391 1 967
8321 18533 4818401 1 967
8321 18533 4818411 1 967
8322 18533 4818421 1 966
8324 18533 4818431 1 966
8325 18533 4818441 1 966
8326 18533 4818451 1 965
8327 18533 4818461 1 965
8329 18532 4818471 1 965
8330 18531 4818481 1 965
8331 18531 4818491 1 964
8332 18530 4818501 1 964
8333 18529 4818511 1 964
8333 18529 4818521 1 963
8333 18528 4818531 1 963
8334 18528 4818541 1 963
8333 18528 4818551 1 963
8333 18527 4818561 1 962
8332 18527 4818571 1 962
8331 18527 4818581 1 961
8330 18526 4818591 1 961
8329 18526 4818601 1 961
8328 18525 4818611 1 960
8326 18524 4818621 1 960
8325 18524 4818631 1 960
8325 18524 4818641 1 959
8325 18524 4818651 1 959
8325 18524 4818661 1 959
8326 18525 4818671 1 958
8326 18525 4818681 1 958
8327 18526 4818691 1 958
8328 18526 4818701 1 958
8329 18527 4818711 1 957
8329 18529 4818721 1 957
8330 18530 4818731 1 957
8331 18531 4818741 1 956
8332 18532 4818751 1 956
8333 18533 4818761 1 956
8334 18535 4818771 1 955
8334 18536 4818781 1 955
8334 18536 4818791 1 954
8335 18537 4818801 1 954
8335 18538 4818811 1 954
8335 18538 4818821 1 953
8336 18539 4818831 1 953
8336 18539 4818841 1 953
8337 18539 4818851 1 953
8338 18539 4818861 1 952
8338 18539 4818871 1 952
8339 18539 4818881 1 952
8340 18538 4818891 1 951
8340 18538 4818901 1 951
8340 18538 4818911 1 951
8340 18539 4818921 1 950
8340 18539 4818931 1 950
8339 18539 4818941 1 949
8339 18538 4818951 1 949
8338 18538 4818961 1 949
8338 18538 4818971 1 949
8338 18538 4818981 1 948
8338 18537 4818991 1 948
8338 18537 4819001 1 948
8338 18536 4819011 1 947
8338 18536 4819021 1 947
8339 18536 4819031 1 947
8340 18536 4819041 1 946
