7794 17293 3798792 1 713
7794 17294 3798802 1 714
7794 17296 3798812 1 714
7793 17298 3798822 1 714
7793 17302 3798832 1 714
7791 17306 3798842 1 714
7790 17311 3798852 1 714
7787 17316 3798862 1 715
7784 17322 3798872 1 716
7781 17327 3798882 1 716
7778 17333 3798892 1 716
7775 17338 3798902 1 716
7772 17344 3798912 1 716
7769 17348 3798922 1 717
7768 17351 3798932 1 718
7767 17352 3798942 1 718
7765 17355 3798952 1 718
7762 17357 3798962 1 718
7761 17358 3798972 1 718
7760 17357 3798982 1 719
7759 17356 3798992 1 720
7758 17354 3799002 1 720
7757 17350 3799012 1 720
7757 17346 3799022 1 720
7756 17342 3799032 1 721
7755 17337 3799042 1 721
7754 17332 3799052 1 721
7752 17326 3799062 1 721
7751 17324 3799072 1 722
7751 17321 3799082 1 723
7749 17315 3799092 1 723
7747 17310 3799102 1 723
7745 17304 3799112 1 724
7743 17299 3799122 1 725
7741 17295 3799132 1 725
7739 17290 3799142 1 725
7737 17286 3799152 1 725
7735 17282 3799162 1 726
7733 17279 3799172 1 726
7730 17275 3799182 1 726
7727 17271 3799192 1 726
7725 17266 3799202 1 728
7724 17264 3799212 1 728
7722 17261 3799222 1 728
7720 17255 3799232 1 728
7718 17248 3799242 1 729
7717 17240 3799252 1 730
7717 17231 3799262 1 729
7719 17222 3799272 1 729
7722 17212 3799282 1 731
7727 17202 3799292 1 731
7734 17192 3799302 1 731
7744 17183 3799312 1 732
7755 17175 3799322 1 732
7768 17170 3799332 1 733
7781 17166 3799342 1 734
7787 17164 3799352 1 734
7794 17164 3799362 1 734
7806 17165 3799372 1 734
7816 17167 3799382 1 735
7825 17171 3799392 1 735
7833 17176 3799402 1 736
7839 17182 3799412 1 736
7844 17188 3799422 1 737
7848 17194 3799432 1 737
7851 17200 3799442 1 737
7856 17207 3799452 1 737
7862 17213 3799462 1 738
7869 17221 3799472 1 739
7876 17229 3799482 1 740
7880 17233 3799492 1 740
7883 17238 3799502 1 740
7890 17249 3799512 1 741
7897 17261 3799522 1 741
7903 17275 3799532 1 741
7907 17290 3799542 1 743
7910 17306 3799552 1 743
7910 17323 3799562 1 743
7909 17340 3799572 1 744
7907 17355 3799582 1 744
7904 17370 3799592 1 744
7900 17381 3799602 1 746
7895 17391 3799612 1 746
7889 17397 3799622 1 746
7885 17400 3799632 1 746
7881 17402 3799642 1 747
7872 17405 3799652 1 747
7862 17406 3799662 1 747
7852 17407 3799672 1 749
7841 17406 3799682 1 749
7830 17404 3799692 1 750
7820 17401 3799702 1 750
7809 17396 3799712 1 750
7799 17390 3799722 1 750
7788 17383 3799732 1 751
7778 17375 3799742 1 753
7769 17366 3799752 1 753
7760 17357 3799762 1 753
7756 17352 3799772 1 754
7752 17349 3799782 1 754
7746 17341 3799792 1 754
7741 17335 3799802 1 755
7738 17330 3799812 1 756
7736 17326 3799822 1 757
7734 17323 3799832 1 757
7733 17321 3799842 1 757
7732 17320 3799852 1 758
7731 17319 3799862 1 758
7731 17320 3799872 1 760
7730 17321 3799882 1 760
7728 17323 3799892 1 760
7727 17326 3799902 1 761
7726 17328 3799912 1 761
7725 17330 3799922 1 761
7722 17334 3799932 1 762
7720 17339 3799942 1 762
7717 17344 3799952 1 764
7714 17349 3799962 1 765
7713 17354 3799972 1 765
7712 17359 3799982 1 765
7712 17363 3799992 1 766
7713 17367 3800002 1 766
7715 17371 3800012 1 768
7717 17373 3800022 1 768
7719 17375 3800032 1 768
7721 17377 3800042 1 769
7722 17377 3800052 1 770
7722 17378 3800062 1 770
7724 17378 3800072 1 770
7725 17378 3800082 1 771
7726 17378 3800092 1 772
7727 17378 3800102 1 772
7729 17377 3800112 1 773
7729 17377 3800122 1 773
7730 17376 3800132 1 774
7732 17375 3800142 1 774
7734 17375 3800152 1 775
7736 17374 3800162 1 775
7739 17373 3800172 1 776
7742 17373 3800182 1 777
7744 17373 3800192 1 777
7746 17373 3800202 1 778
7750 17373 3800212 1 779
7754 17374 3800222 1 779
7758 17375 3800232 1 779
7762 17376 3800242 1 780
7766 17378 3800252 1 781
7769 17380 3800262 1 782
7772 17382 3800272 1 783
7774 17385 3800282 1 783
7776 17387 3800292 1 783
7776 17389 3800302 1 784
7777 17391 3800312 1 785
7776 17393 3800322 1 786
7775 17394 3800332 1 786
7775 17395 3800342 1 787
7772 17397 3800352 1 788
7769 17399 3800362 1 788
7766 17401 3800372 1 788
7761 17403 3800382 1 789
7756 17406 3800392 1 790
7751 17408 3800402 1 792
7746 17411 3800412 1 791
7742 17414 3800422 1 792
7738 17418 3800432 1 794
7734 17421 3800442 1 794
7730 17424 3800452 1 795
7727 17428 3800462 1 795
7725 17429 3800472 1 795
7724 17431 3800482 1 796
7721 17434 3800492 1 797
7718 17436 3800502 1 797
7715 17439 3800512 1 798
7712 17441 3800522 1 798
7710 17442 3800532 1 799
7708 17444 3800542 1 799
7707 17445 3800552 1 799
7707 17445 3800562 1 799
7710 17445 3800572 1 799
7714 17445 3800582 1 799
7719 17444 3800592 1 800
7726 17443 3800602 1 801
7730 17442 3800612 1 801
7735 17441 3800622 1 800
7744 17440 3800632 1 800
7754 17438 3800642 1 800
7764 17435 3800652 1 801
7774 17433 3800662 1 802
7785 17430 3800672 1 802
7795 17427 3800682 1 802
7804 17424 3800692 1 802
7813 17421 3800702 1 802
7822 17418 3800712 1 803
7829 17414 3800722 1 803
7836 17410 3800732 1 804
7842 17407 3800742 1 804
7845 17405 3800752 1 804
7847 17402 3800762 1 804
7852 17398 3800772 1 805
7855 17394 3800782 1 805
7857 17390 3800792 1 807
7859 17385 3800802 1 807
7861 17381 3800812 1 808
7862 17377 3800822 1 809
7863 17372 3800832 1 810
7864 17368 3800842 1 811
7866 17365 3800852 1 813
7867 17361 3800862 1 814
7868 17357 3800872 1 815
7869 17354 3800882 1 817
7870 17352 3800892 1 819
7870 17350 3800902 1 820
7871 17347 3800912 1 822
7872 17343 3800922 1 826
7872 17340 3800932 1 827
7872 17337 3800942 1 828
7871 17334 3800952 1 830
7871 17332 3800962 1 833
7870 17329 3800972 1 837
7869 17327 3800982 1 840
7868 17326 3800992 1 842
7868 17325 3801002 1 843
7867 17324 3801012 1 846
7867 17324 3801022 1 851
7866 17324 3801032 1 853
7866 17325 3801042 1 854
7865 17326 3801052 1 857
7864 17327 3801062 1 860
7864 17329 3801072 1 862
7863 17332 3801082 1 865
7864 17335 3801092 1 869
7864 17338 3801102 1 872
7866 17342 3801112 1 876
7867 17345 3801122 1 879
7870 17349 3801132 1 883
7872 17353 3801142 1 886
7874 17356 3801152 1 889
7876 17359 3801162 1 893
7877 17361 3801172 1 894
7878 17362 3801182 1 895
7880 17365 3801192 1 896
7881 17367 3801202 1 898
7882 17369 3801212 1 900
7882 17371 3801222 1 902
7883 17372 3801232 1 904
7883 17374 3801242 1 905
7883 17375 3801252 1 906
7882 17375 3801262 1 906
7882 17376 3801272 1 907
7882 17376 3801282 1 908
7882 17376 3801292 1 908
7881 17376 3801302 1 908
7881 17376 3801312 1 908
7880 17376 3801322 1 908
7880 17377 3801332 1 907
7880 17377 3801342 1 906
7879 17376 3801352 1 905
7879 17376 3801362 1 900
7878 17376 3801372 1 897
7878 17376 3801382 1 896
7877 17376 3801392 1 894
7877 17375 3801402 1 890
7876 17375 3801412 1 884
7876 17375 3801422 1 879
7875 17375 3801432 1 874
7874 17375 3801442 1 870
7873 17375 3801452 1 869
7873 17375 3801462 1 866
7872 17375 3801472 1 860
7872 17375 3801482 1 852
7872 17375 3801492 1 843
7873 17375 3801502 1 835
7875 17375 3801512 1 831
7876 17375 3801522 1 827
7878 17375 3801532 1 818
7880 17374 3801542 1 810
7882 17374 3801552 1 803
7884 17373 3801562 1 796
7887 17372 3801572 1 794
7889 17371 3801582 1 790
7890 17370 3801592 1 784
7892 17370 3801602 1 779
7894 17368 3801612 1 776
7897 17366 3801622 1 774
7898 17363 3801632 1 774
7900 17360 3801642 1 774
7900 17356 3801652 1 775
7900 17352 3801662 1 779
7899 17348 3801672 1 784
7897 17344 3801682 1 792
7895 17339 3801692 1 801
7893 17335 3801702 1 806
7891 17331 3801712 1 814
7889 17327 3801722 1 829
7888 17325 3801732 1 837
7887 17324 3801742 1 846
7884 17321 3801752 1 868
7882 17318 3801762 1 891
7879 17316 3801772 1 904
7876 17315 3801782 1 919
7874 17314 3801792 1 947
7872 17313 3801802 1 977
7870 17313 3801812 1 1007
7868 17313 3801822 1 1021
7866 17315 3801832 1 1023
7863 17318 3801842 1 1020
7860 17322 3801852 1 1020
7856 17328 3801862 1 1021
7854 17331 3801872 1 1021
7852 17334 3801882 1 1021
7848 17341 3801892 1 1021
7844 17348 3801902 1 1019
7841 17355 3801912 1 1022
7838 17362 3801922 1 1021
7835 17369 3801932 1 972
7833 17376 3801942 1 907
7831 17382 3801952 1 825
7830 17388 3801962 1 781
7828 17393 3801972 1 731
7827 17397 3801982 1 626
7827 17401 3801992 1 516
7827 17403 3802002 1 402
7827 17405 3802012 1 335
7828 17406 3802022 1 288
7830 17408 3802032 1 231
7833 17409 3802042 1 180
7837 17410 3802052 1 81
7843 17410 3802062 0 0
7849 17411 3802072 0 0
7855 17411 3802082 0 0
7861 17410 3802092 0 0
7866 17410 3802102 0 0
7871 17409 3802112 0 0
7875 17409 3802122 0 0
7879 17409 3802132 0 0
7882 17409 3802142 1 1
7883 17409 3802152 1 1
7884 17409 3802162 1 1
7886 17409 3802172 1 1
7888 17410 3802182 1 1
7890 17412 3802192 1 2
7893 17413 3802202 1 3
7896 17415 3802212 1 11
7899 17417 3802222 1 31
7902 17419 3802232 1 71
7906 17422 3802242 1 135
7909 17425 3802252 1 203
7911 17428 3802262 1 273
7914 17431 3802272 1 344
7915 17433 3802282 1 418
7916 17435 3802292 1 455
7917 17436 3802302 1 491
7918 17438 3802312 1 563
7919 17439 3802322 1 635
7920 17440 3802332 1 704
7921 17441 3802342 1 770
7922 17440 3802352 1 802
7923 17440 3802362 1 832
7923 17439 3802372 1 890
7922 17437 3802382 1 942
7921 17434 3802392 1 989
7919 17431 3802402 1 1020
7917 17426 3802412 1 1024
7915 17421 3802422 1 1020
7914 17419 3802432 1 1019
7913 17416 3802442 1 1020
7912 17410 3802452 1 1021
7910 17404 3802462 1 1020
7909 17397 3802472 1 1020
7908 17391 3802482 1 1020
7907 17386 3802492 1 1020
7906 17381 3802502 1 1019
7905 17376 3802512 1 1019
7903 17373 3802522 1 1020
7902 17370 3802532 1 1019
7900 17368 3802542 1 1019
7898 17366 3802552 1 1019
7896 17366 3802562 1 1019
7895 17365 3802572 1 1019
7894 17365 3802582 1 1018
7892 17366 3802592 1 1018
7891 17367 3802602 1 1019
7889 17369 3802612 1 1018
7888 17372 3802622 1 1018
7888 17376 3802632 1 1018
7887 17379 3802642 1 1018
7887 17383 3802652 1 1018
7887 17388 3802662 1 1017
7887 17392 3802672 1 1017
7888 17396 3802682 1 1018
7888 17399 3802692 1 1016
7888 17402 3802702 1 1003
7888 17403 3802712 1 997
7888 17404 3802722 1 992
7888 17406 3802732 1 982
7887 17406 3802742 1 979
7886 17406 3802752 1 975
7885 17406 3802762 1 965
7885 17404 3802772 1 964
7884 17402 3802782 1 964
7884 17399 3802792 1 967
7884 17396 3802802 1 968
7885 17392 3802812 1 969
7885 17389 3802822 1 972
7887 17385 3802832 1 975
7889 17381 3802842 1 977
7890 17380 3802852 1 978
7892 17378 3802862 1 979
7895 17375 3802872 1 981
7899 17372 3802882 1 982
7904 17370 3802892 1 983
7909 17369 3802902 1 984
7915 17369 3802912 1 985
7920 17370 3802922 1 986
7926 17372 3802932 1 986
7931 17374 3802942 1 987
7935 17377 3802952 1 988
7939 17381 3802962 1 988
7942 17385 3802972 1 988
7945 17389 3802982 1 988
7947 17391 3802992 1 988
7948 17394 3803002 1 988
7951 17399 3803012 1 988
7954 17403 3803022 1 989
7957 17408 3803032 1 989
7960 17412 3803042 1 989
7963 17416 3803052 1 989
7966 17419 3803062 1 989
7968 17422 3803072 1 989
7971 17425 3803082 1 990
7973 17427 3803092 1 991
7975 17428 3803102 1 991
7976 17429 3803112 1 992
7977 17429 3803122 1 992
7978 17430 3803132 1 992
7978 17429 3803142 1 992
7979 17429 3803152 1 993
7979 17428 3803162 1 994
7979 17427 3803172 1 995
7979 17426 3803182 1 996
7978 17424 3803192 1 996
7978 17423 3803202 1 996
7978 17421 3803212 1 998
7979 17418 3803222 1 1000
7980 17416 3803232 1 1000
7981 17414 3803242 1 1001
7983 17411 3803252 1 1002
7985 17409 3803262 1 1003
7986 17407 3803272 1 1003
7987 17406 3803282 1 1004
7989 17404 3803292 1 1004
7991 17401 3803302 1 1005
7993 17399 3803312 1 1007
7995 17396 3803322 1 1007
7998 17394 3803332 1 1007
8000 17391 3803342 1 1008
8003 17389 3803352 1 1008
8006 17388 3803362 1 1009
8009 17386 3803372 1 1009
8013 17385 3803382 1 1008
8016 17384 3803392 1 1009
8021 17384 3803402 1 1009
8023 17384 3803412 1 1009
8025 17384 3803422 1 1009
8030 17384 3803432 1 1008
8036 17385 3803442 1 1008
8041 17387 3803452 1 1008
8047 17389 3803462 1 1007
8053 17393 3803472 1 1007
8058 17397 3803482 1 1008
8063 17402 3803492 1 1007
8067 17408 3803502 1 1007
8071 17415 3803512 1 1007
8073 17423 3803522 1 1007
8075 17432 3803532 1 1007
8076 17441 3803542 1 1006
8077 17446 3803552 1 1006
8078 17450 3803562 1 1006
8079 17459 3803572 1 1006
8081 17468 3803582 1 1006
8082 17476 3803592 1 1006
8082 17483 3803602 1 1006
8082 17488 3803612 1 1006
8081 17492 3803622 1 1006
8079 17495 3803632 1 1005
8076 17496 3803642 1 1005
8071 17495 3803652 1 1005
8066 17494 3803662 1 1005
8060 17491 3803672 1 1004
8053 17487 3803682 1 1004
8050 17485 3803692 1 1005
8046 17483 3803702 1 1005
8038 17477 3803712 1 1004
8031 17471 3803722 1 1004
8023 17465 3803732 1 1004
8016 17458 3803742 1 1004
8010 17450 3803752 1 1003
8004 17443 3803762 1 1003
7998 17435 3803772 1 1004
7994 17427 3803782 1 1003
7991 17420 3803792 1 1002
7988 17412 3803802 1 1002
7987 17406 3803812 1 1003
7987 17399 3803822 1 1003
7988 17396 3803832 1 1003
7989 17394 3803842 1 1002
7991 17389 3803852 1 1002
7995 17384 3803862 1 1002
7998 17380 3803872 1 1002
8002 17377 3803882 1 1001
8007 17374 3803892 1 1001
8010 17371 3803902 1 1002
8014 17369 3803912 1 1001
8017 17367 3803922 1 1000
8019 17366 3803932 1 1000
8021 17364 3803942 1 1001
8023 17363 3803952 1 999
8025 17362 3803962 1 999
8026 17362 3803972 1 1000
8027 17362 3803982 1 1000
8028 17361 3803992 1 1000
8029 17361 3804002 1 1000
8030 17361 3804012 1 999
8030 17360 3804022 1 999
8031 17360 3804032 1 1000
8031 17360 3804042 1 999
8032 17360 3804052 1 998
8033 17359 3804062 1 998
8034 17359 3804072 1 998
8036 17359 3804082 1 997
8038 17358 3804092 1 997
8041 17358 3804102 1 998
8042 17357 3804112 1 998
8043 17357 3804122 1 998
8046 17356 3804132 1 998
8048 17355 3804142 1 997
8051 17355 3804152 1 997
8054 17354 3804162 1 997
8056 17353 3804172 1 996
8058 17352 3804182 1 996
8059 17351 3804192 1 996
8059 17350 3804202 1 996
8059 17349 3804212 1 995
8058 17349 3804222 1 995
8056 17348 3804232 1 996
8053 17348 3804242 1 996
8051 17347 3804252 1 995
8049 17347 3804262 1 995
8046 17347 3804272 1 995
8042 17347 3804282 1 995
8038 17347 3804292 1 995
8034 17347 3804302 1 995
8030 17347 3804312 1 994
8027 17347 3804322 1 994
8024 17348 3804332 1 994
8022 17348 3804342 1 993
8021 17348 3804352 1 993
8020 17348 3804362 1 993
8020 17348 3804372 1 993
8021 17348 3804382 1 992
8022 17348 3804392 1 992
8022 17348 3804402 1 992
8024 17348 3804412 1 993
8025 17348 3804422 1 992
8026 17349 3804432 1 992
8028 17350 3804442 1 992
8029 17351 3804452 1 992
8031 17352 3804462 1 991
8032 17352 3804472 1 991
8034 17353 3804482 1 991
8036 17354 3804492 1 991
8038 17355 3804502 1 991
8039 17355 3804512 1 990
8041 17356 3804522 1 990
8041 17356 3804532 1 991
8042 17356 3804542 1 990
8043 17356 3804552 1 989
8044 17356 3804562 1 989
8045 17355 3804572 1 989
8046 17355 3804582 1 989
8047 17355 3804592 1 988
8048 17354 3804602 1 988
8049 17354 3804612 1 987
8051 17353 3804622 1 987
8052 17352 3804632 1 988
8054 17351 3804642 1 986
8056 17350 3804652 1 987
8058 17349 3804662 1 987
8060 17348 3804672 1 987
8061 17347 3804682 1 986
8060 17347 3804692 1 986
8059 17346 3804702 1 986
8058 17345 3804712 1 985
8055 17345 3804722 1 985
8053 17345 3804732 1 985
8051 17345 3804742 1 985
8049 17345 3804752 1 984
8047 17345 3804762 1 984
8046 17345 3804772 1 984
8044 17346 3804782 1 983
8043 17346 3804792 1 983
8042 17347 3804802 1 983
8042 17348 3804812 1 982
8041 17349 3804822 1 982
8041 17350 3804832 1 982
8041 17351 3804842 1 981
8042 17352 3804852 1 981
8043 17353 3804862 1 981
8044 17355 3804872 1 980
8046 17356 3804882 1 980
8047 17357 3804892 1 980
8049 17358 3804902 1 980
8050 17359 3804912 1 979
8052 17360 3804922 1 979
8053 17360 3804932 1 979
8054 17361 3804942 1 978
8055 17361 3804952 1 978
8055 17360 3804962 1 978
8056 17360 3804972 1 977
8056 17359 3804982 1 977
8056 17358 3804992 1 977
8055 17357 3805002 1 976
8054 17356 3805012 1 976
8053 17356 3805022 1 976
8052 17355 3805032 1 977
8052 17353 3805042 1 975
8051 17352 3805052 1 976
8050 17351 3805062 1 976
8050 17350 3805072 1 974
8050 17349 3805082 1 975
8051 17349 3805092 1 975
8051 17348 3805102 1 973
