8122 17365 6293139 1 762
8121 17368 6293149 1 762
8119 17371 6293159 1 762
8117 17376 6293169 1 762
8114 17381 6293179 1 762
8109 17387 6293189 1 762
8104 17393 6293199 1 762
8099 17399 6293209 1 762
8093 17405 6293219 1 762
8088 17410 6293229 1 762
8082 17416 6293239 1 762
8077 17421 6293249 1 762
8073 17425 6293259 1 763
8070 17429 6293269 1 763
8067 17431 6293279 1 763
8063 17432 6293289 1 763
8061 17431 6293299 1 763
8060 17429 6293309 1 763
8059 17425 6293319 1 763
8058 17421 6293329 1 763
8058 17417 6293339 1 764
8058 17412 6293349 1 764
8059 17406 6293359 1 763
8058 17401 6293369 1 764
8058 17395 6293379 1 764
8057 17389 6293389 1 764
8054 17384 6293399 1 764
8052 17378 6293409 1 765
8048 17372 6293419 1 765
8043 17367 6293429 1 765
8030 17357 6293439 1 765
8022 17352 6293449 1 766
8014 17348 6293459 1 766
8005 17343 6293469 1 765
7998 17337 6293479 1 765
7991 17331 6293489 1 766
7986 17324 6293499 1 766
7982 17317 6293509 1 766
7979 17308 6293519 1 767
7978 17298 6293529 1 767
7980 17287 6293539 1 767
7983 17276 6293549 1 767
7990 17264 6293559 1 768
7999 17252 6293569 1 768
8010 17241 6293579 1 767
8040 17223 6293589 1 768
8057 17217 6293599 1 768
8076 17213 6293609 1 769
8094 17212 6293619 1 769
8112 17214 6293629 1 769
8130 17217 6293639 1 769
8146 17222 6293649 1 770
8160 17228 6293659 1 770
8172 17234 6293669 1 769
8181 17241 6293679 1 770
8189 17247 6293689 1 770
8195 17254 6293699 1 770
8202 17261 6293709 1 770
8209 17269 6293719 1 771
8217 17277 6293729 1 771
8234 17297 6293739 1 772
8241 17308 6293749 1 772
8248 17322 6293759 1 772
8252 17337 6293769 1 772
8255 17353 6293779 1 773
8256 17371 6293789 1 773
8255 17390 6293799 1 773
8253 17408 6293809 1 773
8249 17425 6293819 1 774
8244 17440 6293829 1 774
8237 17453 6293839 1 775
8230 17463 6293849 1 775
8221 17470 6293859 1 774
8213 17475 6293869 1 775
8204 17478 6293879 1 775
8187 17481 6293889 1 776
8179 17480 6293899 1 776
8170 17478 6293909 1 777
8161 17475 6293919 1 777
8151 17470 6293929 1 777
8141 17463 6293939 1 777
8130 17456 6293949 1 777
8120 17447 6293959 1 778
8110 17437 6293969 1 778
8101 17427 6293979 1 779
8093 17418 6293989 1 779
8087 17410 6293999 1 779
8081 17403 6294009 1 780
8077 17398 6294019 1 780
8074 17394 6294029 1 781
8069 17389 6294039 1 781
8066 17388 6294049 1 781
8063 17388 6294059 1 781
8061 17389 6294069 1 782
8058 17390 6294079 1 782
8056 17393 6294089 1 782
8055 17396 6294099 1 783
8055 17400 6294109 1 783
8055 17405 6294119 1 784
8055 17410 6294129 1 784
8056 17415 6294139 1 784
8056 17420 6294149 1 785
8056 17426 6294159 1 785
8056 17431 6294169 1 785
8055 17436 6294179 1 786
8056 17445 6294189 1 787
8058 17449 6294199 1 787
8061 17452 6294209 1 787
8064 17455 6294219 1 788
8068 17457 6294229 1 789
8071 17459 6294239 1 788
8074 17460 6294249 1 789
8076 17461 6294259 1 789
8078 17462 6294269 1 789
8079 17462 6294279 1 790
8081 17462 6294289 1 790
8082 17462 6294299 1 791
8083 17461 6294309 1 791
8084 17461 6294319 1 791
8085 17460 6294329 1 792
8088 17458 6294339 1 793
8090 17457 6294349 1 793
8093 17456 6294359 1 794
8097 17456 6294369 1 794
8102 17456 6294379 1 794
8107 17457 6294389 1 795
8111 17457 6294399 1 795
8115 17458 6294409 1 796
8118 17459 6294419 1 797
8121 17460 6294429 1 797
8123 17461 6294439 1 797
8124 17462 6294449 1 798
8126 17464 6294459 1 798
8127 17466 6294469 1 798
8128 17468 6294479 1 799
8127 17472 6294489 1 800
8125 17475 6294499 1 800
8121 17477 6294509 1 801
8116 17480 6294519 1 802
8111 17483 6294529 1 803
8105 17486 6294539 1 802
8099 17490 6294549 1 803
8093 17493 6294559 1 805
8087 17496 6294569 1 804
8081 17499 6294579 1 805
8076 17502 6294589 1 805
8070 17505 6294599 1 806
8065 17508 6294609 1 806
8060 17511 6294619 1 806
8057 17513 6294629 1 807
8052 17518 6294639 1 808
8052 17521 6294649 1 808
8052 17523 6294659 1 808
8054 17524 6294669 1 808
8056 17526 6294679 1 808
8061 17527 6294689 1 808
8067 17527 6294699 1 809
8076 17528 6294709 1 809
8086 17527 6294719 1 809
8097 17527 6294729 1 809
8108 17525 6294739 1 809
8120 17524 6294749 1 809
8131 17521 6294759 1 809
8142 17519 6294769 1 810
8152 17515 6294779 1 809
8168 17507 6294789 1 809
8176 17503 6294799 1 810
8182 17499 6294809 1 810
8188 17494 6294819 1 811
8193 17489 6294829 1 811
8196 17484 6294839 1 811
8198 17478 6294849 1 812
8200 17472 6294859 1 812
8200 17467 6294869 1 813
8201 17461 6294879 1 813
8201 17455 6294889 1 814
8201 17449 6294899 1 815
8201 17444 6294909 1 816
8201 17439 6294919 1 817
8201 17434 6294929 1 818
8201 17424 6294939 1 819
8202 17420 6294949 1 821
8203 17416 6294959 1 824
8204 17413 6294969 1 826
8205 17410 6294979 1 829
8206 17407 6294989 1 830
8207 17404 6294999 1 831
8209 17402 6295009 1 832
8210 17400 6295019 1 835
8212 17399 6295029 1 838
8213 17398 6295039 1 841
8214 17398 6295049 1 842
8215 17398 6295059 1 844
8216 17399 6295069 1 847
8217 17400 6295079 1 850
8221 17404 6295089 1 856
8223 17407 6295099 1 858
8225 17410 6295109 1 860
8228 17413 6295119 1 863
8231 17416 6295129 1 867
8234 17419 6295139 1 869
8236 17422 6295149 1 872
8238 17425 6295159 1 876
8240 17428 6295169 1 879
8242 17431 6295179 1 882
8244 17433 6295189 1 885
8245 17435 6295199 1 888
8246 17437 6295209 1 890
8247 17439 6295219 1 891
8247 17441 6295229 1 892
8247 17444 6295239 1 896
8247 17445 6295249 1 898
8247 17446 6295259 1 899
8246 17448 6295269 1 900
8244 17449 6295279 1 900
8241 17450 6295289 1 901
8238 17451 6295299 1 902
8234 17452 6295309 1 902
8230 17452 6295319 1 902
8227 17453 6295329 1 902
8224 17453 6295339 1 901
8221 17453 6295349 1 901
8219 17452 6295359 1 900
8217 17451 6295369 1 896
8216 17450 6295379 1 893
8212 17448 6295389 1 890
8211 17447 6295399 1 886
8210 17447 6295409 1 881
8209 17446 6295419 1 877
8209 17446 6295429 1 872
8209 17446 6295439 1 868
8209 17446 6295449 1 865
8210 17447 6295459 1 859
8211 17448 6295469 1 851
8213 17449 6295479 1 844
8216 17449 6295489 1 836
8220 17450 6295499 1 832
8224 17450 6295509 1 828
8228 17450 6295519 1 820
8232 17450 6295529 1 812
8240 17448 6295539 1 799
8243 17447 6295549 1 797
8246 17446 6295559 1 793
8248 17444 6295569 1 783
8250 17442 6295579 1 780
8250 17439 6295589 1 778
8250 17437 6295599 1 778
8248 17433 6295609 1 778
8245 17429 6295619 1 779
8242 17425 6295629 1 782
8237 17421 6295639 1 787
8231 17416 6295649 1 794
8225 17411 6295659 1 803
8219 17407 6295669 1 808
8212 17402 6295679 1 815
8200 17395 6295689 1 847
8195 17392 6295699 1 867
8190 17390 6295709 1 890
8186 17388 6295719 1 903
8183 17386 6295729 1 917
8180 17385 6295739 1 944
8178 17384 6295749 1 974
8177 17384 6295759 1 1003
8174 17384 6295769 1 1017
8172 17386 6295779 1 1019
8169 17389 6295789 1 1017
8167 17393 6295799 1 1017
8164 17399 6295809 1 1018
8162 17404 6295819 1 1019
8160 17411 6295829 1 1019
8156 17424 6295839 1 1020
8155 17431 6295849 1 1020
8154 17437 6295859 1 971
8155 17443 6295869 1 906
8155 17448 6295879 1 826
8157 17453 6295889 1 781
8158 17458 6295899 1 731
8160 17462 6295909 1 627
8162 17466 6295919 1 517
8164 17470 6295929 1 404
8167 17473 6295939 1 292
8170 17476 6295949 1 235
8172 17479 6295959 1 186
8175 17481 6295969 1 90
8178 17482 6295979 1 8
8182 17484 6295989 1 12
8184 17484 6295999 1 11
8185 17484 6296009 1 14
8186 17484 6296019 1 16
8186 17484 6296029 1 18
8184 17484 6296039 1 20
8182 17484 6296049 1 22
8180 17484 6296059 1 23
8178 17484 6296069 1 24
8176 17485 6296079 1 26
8174 17486 6296089 1 28
8173 17487 6296099 1 30
8173 17488 6296109 1 39
8173 17490 6296119 1 60
8175 17493 6296129 1 99
8180 17499 6296139 1 228
8183 17502 6296149 1 297
8185 17505 6296159 1 366
8187 17508 6296169 1 437
8189 17510 6296179 1 508
8191 17512 6296189 1 577
8194 17514 6296199 1 645
8197 17515 6296209 1 711
8201 17516 6296219 1 774
8204 17516 6296229 1 805
8207 17516 6296239 1 833
8209 17514 6296249 1 888
8211 17512 6296259 1 936
8213 17509 6296269 1 980
8213 17506 6296279 1 1010
8212 17496 6296289 1 1009
8210 17490 6296299 1 1009
8208 17484 6296309 1 1009
8206 17478 6296319 1 1008
8205 17472 6296329 1 1008
8203 17466 6296339 1 1008
8202 17461 6296349 1 1008
8201 17456 6296359 1 1007
8201 17452 6296369 1 1007
8202 17449 6296379 1 1006
8204 17446 6296389 1 1005
8206 17444 6296399 1 1005
8208 17443 6296409 1 1005
8211 17442 6296419 1 1005
8213 17443 6296429 1 1004
8216 17446 6296439 1 1004
8217 17448 6296449 1 1003
8219 17451 6296459 1 1003
8221 17454 6296469 1 1003
8222 17458 6296479 1 1003
8223 17462 6296489 1 1002
8224 17466 6296499 1 1001
8224 17470 6296509 1 1001
8225 17473 6296519 1 1001
8225 17476 6296529 1 999
8225 17478 6296539 1 988
8225 17480 6296549 1 977
8225 17480 6296559 1 968
8225 17481 6296569 1 965
8225 17481 6296579 1 961
8227 17479 6296589 1 952
8228 17478 6296599 1 952
8231 17476 6296609 1 953
8233 17474 6296619 1 954
8236 17471 6296629 1 955
8239 17468 6296639 1 958
8243 17464 6296649 1 960
8246 17461 6296659 1 962
8249 17457 6296669 1 963
8254 17453 6296679 1 965
8259 17450 6296689 1 965
8264 17448 6296699 1 966
8270 17446 6296709 1 967
8276 17446 6296719 1 968
8281 17446 6296729 1 969
8289 17450 6296739 1 969
8291 17453 6296749 1 969
8294 17457 6296759 1 969
8296 17462 6296769 1 969
8298 17467 6296779 1 969
8300 17473 6296789 1 969
8302 17478 6296799 1 969
8304 17484 6296809 1 969
8304 17489 6296819 1 969
8304 17494 6296829 1 969
8303 17498 6296839 1 969
8302 17502 6296849 1 968
8301 17506 6296859 1 969
8299 17510 6296869 1 969
8298 17513 6296879 1 969
8297 17516 6296889 1 970
8297 17517 6296899 1 970
8298 17517 6296909 1 970
8299 17517 6296919 1 971
8299 17516 6296929 1 971
8300 17514 6296939 1 972
8301 17512 6296949 1 972
8302 17509 6296959 1 972
8303 17506 6296969 1 972
8305 17503 6296979 1 973
8307 17499 6296989 1 975
8308 17495 6296999 1 975
8310 17491 6297009 1 976
8312 17487 6297019 1 976
8315 17483 6297029 1 976
8321 17476 6297039 1 977
8324 17473 6297049 1 978
8327 17470 6297059 1 979
8331 17467 6297069 1 979
8334 17464 6297079 1 979
8337 17462 6297089 1 980
8341 17460 6297099 1 980
8345 17458 6297109 1 980
8350 17456 6297119 1 979
8354 17455 6297129 1 979
8358 17454 6297139 1 979
8361 17454 6297149 1 979
8366 17455 6297159 1 979
8370 17456 6297169 1 978
8375 17457 6297179 1 978
8385 17461 6297189 1 977
8389 17464 6297199 1 977
8392 17468 6297209 1 977
8395 17473 6297219 1 976
8397 17479 6297229 1 976
8399 17486 6297239 1 975
8400 17494 6297249 1 975
8401 17503 6297259 1 975
8401 17512 6297269 1 974
8400 17522 6297279 1 974
8399 17532 6297289 1 974
8397 17541 6297299 1 974
8396 17549 6297309 1 973
8395 17556 6297319 1 973
8394 17562 6297329 1 973
8393 17570 6297339 1 972
8392 17571 6297349 1 971
8391 17572 6297359 1 972
8391 17571 6297369 1 972
8390 17569 6297379 1 971
8390 17566 6297389 1 971
8390 17562 6297399 1 970
8390 17557 6297409 1 970
8389 17552 6297419 1 969
8387 17545 6297429 1 969
8386 17539 6297439 1 969
8384 17532 6297449 1 968
8383 17525 6297459 1 968
8381 17517 6297469 1 968
8380 17510 6297479 1 968
8377 17496 6297489 1 967
8376 17489 6297499 1 967
8375 17483 6297509 1 967
8374 17478 6297519 1 966
8373 17472 6297529 1 966
8372 17467 6297539 1 966
8370 17462 6297549 1 966
8369 17458 6297559 1 965
8366 17454 6297569 1 964
8364 17451 6297579 1 965
8362 17449 6297589 1 964
8361 17447 6297599 1 963
8360 17445 6297609 1 963
8360 17444 6297619 1 963
8362 17443 6297629 1 962
8367 17441 6297639 1 962
8371 17440 6297649 1 962
8375 17439 6297659 1 962
8380 17438 6297669 1 961
8385 17437 6297679 1 961
8390 17436 6297689 1 961
8396 17435 6297699 1 961
8401 17434 6297709 1 960
8405 17433 6297719 1 960
8407 17431 6297729 1 960
8409 17430 6297739 1 959
8409 17430 6297749 1 958
8409 17429 6297759 1 959
8407 17428 6297769 1 958
8405 17428 6297779 1 958
8400 17427 6297789 1 957
8397 17427 6297799 1 957
8393 17426 6297809 1 956
8390 17426 6297819 1 956
8387 17426 6297829 1 956
8384 17427 6297839 1 956
8382 17427 6297849 1 955
8380 17427 6297859 1 955
8379 17428 6297869 1 955
8378 17428 6297879 1 955
8378 17429 6297889 1 954
8379 17429 6297899 1 954
8382 17429 6297909 1 954
8385 17429 6297919 1 954
8390 17429 6297929 1 954
8401 17429 6297939 1 953
8406 17429 6297949 1 953
8410 17429 6297959 1 952
8414 17429 6297969 1 951
8416 17429 6297979 1 951
8419 17429 6297989 1 951
8421 17429 6297999 1 950
8424 17429 6298009 1 950
8426 17428 6298019 1 950
8427 17428 6298029 1 950
8427 17427 6298039 1 949
8427 17427 6298049 1 949
8425 17426 6298059 1 949
8423 17426 6298069 1 948
8421 17425 6298079 1 948
8416 17424 6298089 1 948
8414 17423 6298099 1 948
8412 17423 6298109 1 947
8410 17423 6298119 1 947
8409 17422 6298129 1 947
8407 17422 6298139 1 946
8405 17422 6298149 1 946
8403 17423 6298159 1 946
8401 17423 6298169 1 946
8398 17424 6298179 1 945
8395 17425 6298189 1 945
8392 17426 6298199 1 944
8389 17426 6298209 1 944
8386 17427 6298219 1 944
8383 17428 6298229 1 943
8377 17429 6298239 1 943
8375 17430 6298249 1 943
8373 17431 6298259 1 942
8373 17431 6298269 1 942
8373 17432 6298279 1 942
8374 17432 6298289 1 941
8375 17433 6298299 1 941
8377 17434 6298309 1 941
8379 17435 6298319 1 940
8382 17435 6298329 1 940
8385 17436 6298339 1 939
8388 17436 6298349 1 939
8390 17437 6298359 1 938
8392 17437 6298369 1 938
8393 17437 6298379 1 938
8397 17438 6298389 1 937
8399 17438 6298399 1 937
8400 17438 6298409 1 936
8402 17438 6298419 1 936
8404 17437 6298429 1 936
8406 17436 6298439 1 935
8408 17434 6298449 1 935
8410 17433 6298459 1 935
8411 17430 6298469 1 935
8413 17428 6298479 1 934
8415 17426 6298489 1 934
8417 17423 6298499 1 934
8419 17421 6298509 1 933
8421 17419 6298519 1 933
8422 17417 6298529 1 933
8421 17413 6298539 1 932
8419 17412 6298549 1 932
8415 17411 6298559 1 931
8409 17411 6298569 1 931
8403 17411 6298579 1 931
8396 17411 6298589 1 931
8388 17411 6298599 1 930
8380 17412 6298609 1 930
8373 17413 6298619 1 930
8365 17414 6298629 1 929
8358 17415 6298639 1 929
8352 17417 6298649 1 929
8346 17418 6298659 1 928
