7858 18580 2063000 1 667
7858 18580 2063010 1 671
7858 18580 2063020 1 675
7859 18580 2063030 1 676
7860 18584 2063040 1 676
7865 18593 2063050 1 676
7877 18604 2063060 1 676
7893 18610 2063070 1 677
7921 18605 2063080 1 679
7933 18597 2063090 1 679
7946 18591 2063100 1 677
7962 18587 2063110 1 672
7978 18587 2063120 1 665
7994 18587 2063130 1 661
8012 18586 2063140 1 658
8028 18583 2063150 1 652
8054 18568 2063160 1 642
8060 18559 2063170 1 641
8061 18550 2063180 1 640
8057 18546 2063190 1 638
8049 18545 2063200 1 638
8037 18551 2063210 1 643
8021 18562 2063220 1 646
8003 18578 2063230 1 652
7959 18620 2063240 1 689
7934 18643 2063250 1 716
7910 18666 2063260 1 731
7886 18686 2063270 1 749
7863 18703 2063280 1 784
7843 18716 2063290 1 818
7826 18726 2063300 1 850
7812 18732 2063310 1 866
7797 18727 2063320 1 895
7796 18716 2063330 1 903
7801 18703 2063340 1 904
7812 18689 2063350 1 904
7828 18678 2063360 1 898
7848 18670 2063370 1 878
7868 18667 2063380 1 840
7888 18668 2063390 1 781
7923 18676 2063400 1 698
7935 18680 2063410 1 592
7944 18684 2063420 1 470
7950 18687 2063430 1 339
7953 18687 2063440 1 292
7953 18685 2063450 1 212
7950 18682 2063460 1 42
7946 18677 2063470 1 41
7930 18667 2063480 1 36
7920 18664 2063490 1 39
7910 18665 2063500 1 40
7901 18669 2063510 1 39
7895 18676 2063520 1 38
7891 18685 2063530 1 38
7890 18697 2063540 1 37
7890 18712 2063550 1 36
7896 18748 2063560 1 34
7903 18766 2063570 1 34
7911 18782 2063580 1 34
7919 18794 2063590 1 32
7926 18803 2063600 1 38
7932 18804 2063610 1 55
7939 18798 2063620 1 66
7946 18785 2063630 1 81
7956 18745 2063640 1 150
7960 18720 2063650 1 194
7963 18694 2063660 1 210
7964 18667 2063670 1 218
7966 18641 2063680 1 243
7968 18618 2063690 1 292
7971 18598 2063700 1 345
7975 18584 2063710 1 372
7985 18574 2063720 1 454
7990 18578 2063730 1 507
7993 18587 2063740 1 557
7995 18601 2063750 1 582
7996 18617 2063760 1 605
7995 18637 2063770 1 649
7992 18658 2063780 1 687
7988 18680 2063790 1 720
7975 18722 2063800 1 743
7966 18740 2063810 1 760
7957 18754 2063820 1 767
7947 18764 2063830 1 768
7937 18768 2063840 1 768
7929 18766 2063850 1 761
7924 18759 2063860 1 747
7923 18749 2063870 1 728
7927 18722 2063880 1 688
7933 18707 2063890 1 670
7940 18693 2063900 1 633
7948 18681 2063910 1 592
7956 18669 2063920 1 546
7965 18660 2063930 1 523
7973 18652 2063940 1 498
7980 18645 2063950 1 446
7992 18633 2063960 1 338
7996 18627 2063970 1 312
7998 18619 2063980 1 283
7999 18610 2063990 1 226
7998 18600 2064000 1 198
7995 18589 2064010 1 172
7990 18579 2064020 1 148
7984 18571 2064030 1 117
7966 18563 2064040 1 12
7955 18565 2064050 1 12
7945 18570 2064060 1 14
7935 18579 2064070 1 12
7927 18590 2064080 1 12
7920 18602 2064090 1 11
7914 18614 2064100 1 10
7911 18624 2064110 1 11
7910 18629 2064120 1 11
7912 18621 2064130 1 10
7914 18606 2064140 1 10
7914 18586 2064150 1 10
7913 18564 2064160 1 11
7910 18540 2064170 1 11
7905 18517 2064180 1 12
7899 18496 2064190 1 8
7884 18463 2064200 1 3
7875 18451 2064210 0 0
7863 18444 2064220 0 0
7851 18441 2064230 0 0
7838 18444 2064240 0 0
7827 18452 2064250 0 0
7818 18464 2064260 0 0
7812 18479 2064270 0 0
7812 18517 2064280 0 0
7815 18538 2064290 0 0
7820 18558 2064300 0 0
7826 18575 2064310 0 0
7833 18591 2064320 0 0
7842 18606 2064330 0 0
7852 18620 2064340 0 0
7864 18633 2064350 0 0
7895 18661 2064360 0 0
7913 18676 2064370 1 2
7934 18690 2064380 1 16
7956 18704 2064390 1 49
7979 18718 2064400 1 87
8002 18730 2064410 1 131
8025 18742 2064420 1 154
8047 18752 2064430 1 179
8083 18768 2064440 1 288
8096 18772 2064450 1 344
8107 18774 2064460 1 373
8114 18772 2064470 1 401
8119 18768 2064480 1 457
8120 18761 2064490 1 512
8120 18750 2064500 1 564
8117 18738 2064510 1 590
8105 18709 2064520 1 654
8096 18694 2064530 1 691
8086 18680 2064540 1 719
8075 18668 2064550 1 733
8063 18656 2064560 1 741
8051 18646 2064570 1 752
8040 18636 2064580 1 750
8030 18627 2064590 1 740
8016 18604 2064600 1 734
8010 18589 2064610 1 728
8005 18573 2064620 1 726
7999 18555 2064630 1 724
7991 18537 2064640 1 723
7981 18523 2064650 1 724
7971 18513 2064660 1 726
7960 18509 2064670 1 727
7943 18517 2064680 1 731
7936 18529 2064690 1 734
7930 18544 2064700 1 739
7927 18562 2064710 1 746
7925 18581 2064720 1 752
7926 18602 2064730 1 756
7929 18622 2064740 1 760
7934 18641 2064750 1 768
7953 18672 2064760 1 784
7965 18684 2064770 1 788
7978 18694 2064780 1 793
7993 18702 2064790 1 801
8007 18709 2064800 1 809
8020 18715 2064810 1 815
8033 18721 2064820 1 820
8044 18727 2064830 1 823
8062 18739 2064840 1 830
8070 18744 2064850 1 834
8076 18746 2064860 1 837
8082 18746 2064870 1 839
8088 18744 2064880 1 843
8092 18744 2064890 1 846
8097 18745 2064900 1 849
8103 18748 2064910 1 850
8114 18755 2064920 1 853
8120 18759 2064930 1 854
8125 18764 2064940 1 854
8129 18770 2064950 1 853
8131 18776 2064960 1 853
8133 18783 2064970 1 852
8133 18791 2064980 1 852
8132 18799 2064990 1 851
8126 18817 2065000 1 849
8123 18827 2065010 1 847
8119 18836 2065020 1 846
8116 18844 2065030 1 844
8113 18851 2065040 1 841
8110 18855 2065050 1 839
8109 18857 2065060 1 837
8108 18856 2065070 1 835
8108 18843 2065080 1 832
8108 18832 2065090 1 831
8109 18818 2065100 1 829
8109 18802 2065110 1 829
8109 18786 2065120 1 829
8109 18770 2065130 1 829
8109 18754 2065140 1 828
8109 18741 2065150 1 828
8109 18723 2065160 1 828
8109 18719 2065170 1 830
8109 18720 2065180 1 831
8108 18724 2065190 1 833
8107 18732 2065200 1 835
8106 18742 2065210 1 837
8105 18755 2065220 1 840
8103 18768 2065230 1 845
8099 18792 2065240 1 855
8097 18800 2065250 1 861
8096 18805 2065260 1 867
8096 18805 2065270 1 874
8096 18802 2065280 1 883
8097 18794 2065290 1 890
8099 18783 2065300 1 901
8101 18769 2065310 1 911
8107 18742 2065320 1 934
8109 18731 2065330 1 946
8112 18723 2065340 1 961
8114 18719 2065350 1 974
