7699 17747 5564521 1 609
7699 17748 5564531 1 604
7699 17747 5564541 1 604
7699 17747 5564551 1 607
7699 17747 5564561 1 610
7699 17747 5564571 1 611
7701 17750 5564581 1 611
7705 17758 5564591 1 612
7714 17766 5564601 1 612
7726 17770 5564611 1 613
7738 17768 5564621 1 614
7746 17760 5564631 1 615
7754 17748 5564641 1 615
7763 17735 5564651 1 614
7772 17723 5564661 1 612
7783 17712 5564671 1 607
7795 17702 5564681 1 605
7808 17691 5564691 1 603
7821 17680 5564701 1 600
7834 17669 5564711 1 596
7846 17659 5564721 1 594
7856 17652 5564731 1 594
7863 17650 5564741 1 593
7866 17654 5564751 1 593
7867 17664 5564761 1 593
7864 17681 5564771 1 596
7858 17703 5564781 1 599
7849 17729 5564791 1 603
7836 17758 5564801 1 614
7820 17787 5564811 1 629
7801 17816 5564821 1 648
7781 17842 5564831 1 658
7761 17864 5564841 1 671
7741 17882 5564851 1 695
7723 17896 5564861 1 720
7708 17905 5564871 1 742
7697 17910 5564881 1 754
7689 17910 5564891 1 763
7684 17905 5564901 1 777
7684 17895 5564911 1 783
7688 17883 5564921 1 784
7696 17869 5564931 1 786
7706 17856 5564941 1 782
7719 17846 5564951 1 769
7731 17838 5564961 1 743
7741 17832 5564971 1 702
7749 17827 5564981 1 678
7754 17824 5564991 1 643
7758 17822 5565001 1 567
7759 17820 5565011 1 479
7758 17819 5565021 1 384
7756 17818 5565031 1 349
7754 17818 5565041 1 290
7751 17818 5565051 1 164
7749 17819 5565061 1 162
7745 17821 5565071 1 160
7742 17822 5565081 1 156
7738 17825 5565091 1 157
7734 17827 5565101 1 157
7731 17830 5565111 1 155
7728 17832 5565121 1 152
7727 17833 5565131 1 151
7726 17832 5565141 1 150
7724 17831 5565151 1 148
7723 17830 5565161 1 145
7723 17828 5565171 1 143
7724 17825 5565181 1 142
7726 17820 5565191 1 140
7728 17815 5565201 1 138
7730 17808 5565211 1 141
7733 17799 5565221 1 153
7738 17788 5565231 1 160
7743 17777 5565241 1 171
7750 17767 5565251 1 194
7757 17758 5565261 1 224
7765 17753 5565271 1 257
7772 17750 5565281 1 269
7779 17750 5565291 1 274
7786 17752 5565301 1 294
7793 17758 5565311 1 333
7799 17765 5565321 1 375
7805 17775 5565331 1 396
7811 17787 5565341 1 418
7814 17800 5565351 1 463
7816 17813 5565361 1 506
7815 17825 5565371 1 548
7813 17836 5565381 1 569
7810 17844 5565391 1 588
7807 17850 5565401 1 625
7804 17853 5565411 1 658
7801 17854 5565421 1 686
7799 17853 5565431 1 698
7798 17851 5565441 1 707
7798 17848 5565451 1 722
7797 17846 5565461 1 729
7797 17845 5565471 1 731
7796 17845 5565481 1 731
7795 17846 5565491 1 726
7795 17848 5565501 1 715
7795 17852 5565511 1 699
7795 17857 5565521 1 677
7795 17862 5565531 1 665
7796 17866 5565541 1 650
7797 17869 5565551 1 618
7799 17870 5565561 1 582
7800 17868 5565571 1 541
7802 17862 5565581 1 521
7804 17853 5565591 1 499
7805 17842 5565601 1 452
7806 17828 5565611 1 403
7806 17814 5565621 1 353
7806 17799 5565631 1 329
7805 17784 5565641 1 301
7803 17771 5565651 1 248
7800 17761 5565661 1 222
7798 17754 5565671 1 196
7794 17750 5565681 1 173
7791 17750 5565691 1 142
7788 17754 5565701 1 91
7785 17761 5565711 1 41
7783 17769 5565721 1 39
7783 17779 5565731 1 39
7784 17788 5565741 1 36
7786 17796 5565751 1 33
7789 17803 5565761 1 31
7792 17808 5565771 1 28
7796 17809 5565781 1 27
7800 17806 5565791 1 25
7802 17799 5565801 1 23
7803 17787 5565811 1 20
7801 17772 5565821 1 18
7795 17755 5565831 1 16
7785 17738 5565841 1 15
7780 17729 5565851 1 14
7773 17721 5565861 1 13
7759 17707 5565871 1 12
7743 17696 5565881 1 10
7727 17686 5565891 1 10
7712 17678 5565901 1 9
7699 17671 5565911 1 8
7687 17666 5565921 1 6
7677 17662 5565931 1 3
7670 17660 5565941 1 2
7667 17659 5565951 1 4
7667 17661 5565961 1 4
7671 17664 5565971 1 5
7678 17669 5565981 1 5
7688 17677 5565991 1 6
7698 17686 5566001 1 6
7708 17696 5566011 1 7
7717 17708 5566021 1 8
7724 17720 5566031 1 8
7731 17735 5566041 1 9
7736 17752 5566051 1 9
7740 17770 5566061 1 10
7744 17790 5566071 1 17
7747 17810 5566081 1 34
7751 17831 5566091 1 44
7757 17851 5566101 1 59
7763 17869 5566111 1 90
7771 17885 5566121 1 127
7782 17899 5566131 1 168
7794 17910 5566141 1 189
7808 17918 5566151 1 213
7825 17922 5566161 1 262
7842 17924 5566171 1 312
7861 17922 5566181 1 362
7880 17917 5566191 1 388
7899 17910 5566201 1 414
7915 17899 5566211 1 463
7930 17886 5566221 1 511
7940 17871 5566231 1 556
7946 17854 5566241 1 578
7947 17836 5566251 1 597
7942 17817 5566261 1 633
7932 17799 5566271 1 663
7918 17780 5566281 1 687
7900 17764 5566291 1 698
7879 17750 5566301 1 704
7858 17739 5566311 1 712
7838 17732 5566321 1 710
7819 17728 5566331 1 701
7804 17728 5566341 1 697
7791 17730 5566351 1 694
7782 17734 5566361 1 689
7775 17739 5566371 1 686
7769 17745 5566381 1 684
7764 17750 5566391 1 683
7759 17757 5566401 1 683
7754 17764 5566411 1 684
7749 17773 5566421 1 684
7745 17781 5566431 1 685
7742 17789 5566441 1 686
7739 17796 5566451 1 687
7735 17802 5566461 1 691
7732 17808 5566471 1 695
7729 17814 5566481 1 700
7727 17820 5566491 1 702
7725 17827 5566501 1 705
7726 17834 5566511 1 710
7728 17842 5566521 1 716
7733 17849 5566531 1 721
7740 17856 5566541 1 724
7750 17863 5566551 1 726
7762 17869 5566561 1 731
7776 17873 5566571 1 737
7791 17875 5566581 1 741
7807 17876 5566591 1 744
7823 17876 5566601 1 745
7838 17874 5566611 1 747
7852 17872 5566621 1 748
7865 17869 5566631 1 751
7875 17866 5566641 1 752
7884 17861 5566651 1 753
7891 17855 5566661 1 755
7896 17853 5566671 1 756
7900 17852 5566681 1 758
7903 17853 5566691 1 757
7905 17853 5566701 1 758
7907 17854 5566711 1 758
7909 17853 5566721 1 757
7909 17853 5566731 1 756
7910 17852 5566741 1 755
7911 17852 5566751 1 754
7912 17852 5566761 1 753
7914 17854 5566771 1 751
7916 17857 5566781 1 750
7920 17862 5566791 1 748
7924 17869 5566801 1 747
7929 17877 5566811 1 745
7934 17886 5566821 1 743
7940 17895 5566831 1 741
7945 17904 5566841 1 738
7949 17913 5566851 1 736
7953 17921 5566861 1 734
7955 17927 5566871 1 731
7955 17931 5566881 1 729
7955 17933 5566891 1 727
7953 17934 5566901 1 726
7951 17932 5566911 1 724
7949 17928 5566921 1 723
7947 17922 5566931 1 723
7945 17914 5566941 1 722
7943 17906 5566951 1 720
7942 17897 5566961 1 719
7941 17888 5566971 1 719
7940 17881 5566981 1 718
7938 17875 5566991 1 719
7937 17870 5567001 1 718
7934 17868 5567011 1 719
7931 17868 5567021 1 719
7926 17871 5567031 1 720
7921 17875 5567041 1 722
7916 17881 5567051 1 724
7911 17888 5567061 1 726
7907 17895 5567071 1 729
7904 17903 5567081 1 732
7902 17910 5567091 1 735
7901 17916 5567101 1 738
7903 17922 5567111 1 743
7906 17925 5567121 1 747
7910 17928 5567131 1 753
7916 17929 5567141 1 759
7921 17929 5567151 1 764
7927 17927 5567161 1 771
7932 17924 5567171 1 778
7936 17921 5567181 1 786
7938 17916 5567191 1 793
