8039 18573 5386051 1 940
7885 18445 5386061 1 937
7806 18379 5386071 1 937
7775 18354 5386081 1 938
7767 18348 5386091 1 939
7763 18344 5386101 1 940
7759 18342 5386111 1 941
7752 18336 5386121 1 942
7750 18335 5386131 1 941
7748 18333 5386141 1 942
7747 18331 5386151 1 943
7745 18330 5386161 1 944
7743 18328 5386171 1 945
7742 18327 5386181 1 907
7741 18327 5386191 1 884
7739 18327 5386201 1 864
7739 18327 5386211 1 847
7738 18327 5386221 1 824
7737 18327 5386231 1 787
7738 18327 5386241 1 754
7740 18328 5386251 1 723
7743 18330 5386261 1 695
7749 18332 5386271 1 670
7755 18335 5386281 1 648
7764 18339 5386291 1 628
7773 18343 5386301 1 611
7784 18349 5386311 1 596
7795 18355 5386321 1 584
7803 18360 5386331 1 579
7811 18366 5386341 1 574
7823 18374 5386351 1 567
7834 18382 5386361 1 561
7840 18386 5386371 1 558
7845 18390 5386381 1 557
7855 18397 5386391 1 555
7864 18404 5386401 1 555
7870 18409 5386411 1 558
7875 18412 5386421 1 560
7877 18414 5386431 1 565
7877 18414 5386441 1 572
7874 18412 5386451 1 579
7869 18409 5386461 1 588
7862 18403 5386471 1 593
7853 18397 5386481 1 598
7844 18394 5386491 1 609
7834 18392 5386501 1 622
7823 18393 5386511 1 634
7813 18395 5386521 1 648
7808 18396 5386531 1 654
7804 18399 5386541 1 661
7797 18405 5386551 1 676
7792 18412 5386561 1 690
7789 18420 5386571 1 706
7789 18429 5386581 1 721
7791 18436 5386591 1 736
7797 18441 5386601 1 751
7803 18444 5386611 1 759
7812 18445 5386621 1 766
7822 18440 5386631 1 781
7833 18431 5386641 1 795
7844 18418 5386651 1 808
7854 18402 5386661 1 821
7863 18384 5386671 1 833
7870 18364 5386681 1 845
7873 18353 5386691 1 851
7875 18343 5386701 1 855
7879 18324 5386711 1 864
7881 18306 5386721 1 872
7882 18291 5386731 1 879
7883 18279 5386741 1 883
7881 18274 5386751 1 885
7881 18273 5386761 1 886
7885 18272 5386771 1 887
7891 18274 5386781 1 887
7896 18278 5386791 1 884
7902 18283 5386801 1 879
7907 18288 5386811 1 872
7912 18293 5386821 1 863
7915 18296 5386831 1 851
7917 18298 5386841 1 836
7917 18299 5386851 1 828
7917 18298 5386861 1 819
7917 18297 5386871 1 798
7915 18295 5386881 1 774
7914 18292 5386891 1 763
7912 18289 5386901 1 747
7909 18285 5386911 1 718
7906 18282 5386921 1 684
7903 18280 5386931 1 648
7899 18279 5386941 1 609
7894 18278 5386951 1 567
7889 18278 5386961 1 524
7882 18279 5386971 1 482
7875 18280 5386981 1 437
7868 18281 5386991 1 393
7861 18283 5387001 1 349
7857 18284 5387011 1 323
7854 18284 5387021 1 307
7850 18285 5387031 1 287
7847 18286 5387041 1 267
7842 18288 5387051 1 228
7838 18290 5387061 1 191
7835 18293 5387071 1 158
7831 18297 5387081 1 128
7828 18301 5387091 1 104
7825 18305 5387101 1 83
7821 18310 5387111 1 59
7818 18314 5387121 1 59
7816 18317 5387131 1 57
7814 18320 5387141 1 57
7813 18322 5387151 1 56
7813 18323 5387161 1 55
7813 18323 5387171 1 55
7814 18322 5387181 1 55
7814 18320 5387191 1 55
7814 18317 5387201 1 54
7814 18314 5387211 1 52
7815 18311 5387221 1 52
7815 18308 5387231 1 51
7814 18306 5387241 1 49
7813 18304 5387251 1 57
7811 18303 5387261 1 73
7808 18303 5387271 1 99
7805 18303 5387281 1 133
7802 18303 5387291 1 172
7799 18304 5387301 1 194
7796 18303 5387311 1 219
7794 18301 5387321 1 271
7793 18300 5387331 1 298
7792 18299 5387341 1 325
7791 18295 5387351 1 383
7790 18291 5387361 1 444
7790 18286 5387371 1 506
7789 18282 5387381 1 568
7788 18277 5387391 1 630
7787 18273 5387401 1 690
7786 18270 5387411 1 748
7785 18267 5387421 1 801
7784 18265 5387431 1 851
7783 18264 5387441 1 875
7782 18263 5387451 1 894
7783 18263 5387461 1 932
7786 18263 5387471 1 962
7791 18264 5387481 1 984
7793 18264 5387491 1 993
7796 18265 5387501 1 998
7803 18266 5387511 1 1006
7811 18267 5387521 1 1007
7819 18269 5387531 1 1007
7829 18270 5387541 1 1008
7838 18272 5387551 1 1008
7847 18275 5387561 1 1009
7855 18278 5387571 1 1009
7861 18280 5387581 1 1009
7867 18284 5387591 1 1009
7872 18287 5387601 1 1009
7877 18291 5387611 1 1010
7879 18294 5387621 1 1011
7881 18296 5387631 1 1010
7881 18297 5387641 1 1011
7881 18298 5387651 1 1012
7881 18298 5387661 1 1011
7878 18298 5387671 1 1008
7876 18297 5387681 1 999
7872 18297 5387691 1 990
7867 18296 5387701 1 979
7863 18296 5387711 1 969
7859 18296 5387721 1 963
7855 18296 5387731 1 958
7853 18297 5387741 1 946
7851 18298 5387751 1 934
7851 18300 5387761 1 922
7853 18301 5387771 1 910
7855 18304 5387781 1 897
7859 18306 5387791 1 886
7863 18309 5387801 1 874
7866 18311 5387811 1 868
7868 18312 5387821 1 862
7872 18316 5387831 1 851
7874 18320 5387841 1 839
7875 18324 5387851 1 829
7874 18327 5387861 1 823
7872 18329 5387871 1 819
7866 18332 5387881 1 809
7859 18334 5387891 1 801
7850 18336 5387901 1 793
7840 18336 5387911 1 786
7831 18336 5387921 1 780
7823 18335 5387931 1 776
7816 18334 5387941 1 772
7810 18333 5387951 1 770
7807 18332 5387961 1 770
7805 18331 5387971 1 769
7804 18331 5387981 1 769
7803 18331 5387991 1 772
7803 18331 5388001 1 773
7803 18332 5388011 1 775
7803 18334 5388021 1 781
7803 18336 5388031 1 789
7804 18338 5388041 1 798
7805 18338 5388051 1 810
7807 18338 5388061 1 823
7810 18336 5388071 1 839
7814 18333 5388081 1 856
7819 18328 5388091 1 875
7826 18322 5388101 1 894
7834 18315 5388111 1 915
7842 18308 5388121 1 936
7846 18305 5388131 1 944
7850 18302 5388141 1 947
7858 18296 5388151 1 957
7866 18291 5388161 1 978
7872 18287 5388171 1 998
7876 18285 5388181 1 1017
7878 18284 5388191 1 1021
7878 18284 5388201 1 1022
7875 18286 5388211 1 1021
7870 18288 5388221 1 1021
7863 18291 5388231 1 1020
7856 18294 5388241 1 1020
7849 18297 5388251 1 1019
7842 18300 5388261 1 1020
7838 18303 5388271 1 1019
7836 18306 5388281 1 1020
7835 18307 5388291 1 1020
7836 18307 5388301 1 1019
7838 18309 5388311 1 1018
7843 18309 5388321 1 1018
7849 18309 5388331 1 1011
7856 18309 5388341 1 979
7864 18309 5388351 1 942
7871 18309 5388361 1 898
7877 18309 5388371 1 847
7881 18310 5388381 1 789
7884 18312 5388391 1 725
7885 18314 5388401 1 658
7884 18317 5388411 1 623
7881 18321 5388421 1 587
7877 18325 5388431 1 515
7872 18330 5388441 1 443
7869 18332 5388451 1 407
7867 18334 5388461 1 372
7862 18337 5388471 1 305
7857 18340 5388481 1 240
7854 18341 5388491 1 182
7852 18340 5388501 1 132
7851 18338 5388511 1 88
7852 18335 5388521 1 54
7855 18330 5388531 1 21
7858 18324 5388541 1 22
7862 18318 5388551 1 23
7867 18311 5388561 1 21
7872 18303 5388571 1 23
7878 18296 5388581 1 24
7882 18290 5388591 1 24
7887 18284 5388601 1 25
7889 18281 5388611 1 26
7891 18279 5388621 1 26
7894 18275 5388631 1 26
7896 18272 5388641 1 28
7897 18271 5388651 1 28
7897 18272 5388661 1 39
7896 18274 5388671 1 62
7894 18278 5388681 1 94
7890 18283 5388691 1 111
7886 18290 5388701 1 135
7882 18297 5388711 1 184
7877 18304 5388721 1 240
7873 18310 5388731 1 301
7870 18317 5388741 1 364
7866 18322 5388751 1 431
7864 18327 5388761 1 499
7863 18328 5388771 1 533
7862 18330 5388781 1 566
7862 18332 5388791 1 632
7861 18334 5388801 1 695
7862 18335 5388811 1 754
7862 18335 5388821 1 808
7863 18334 5388831 1 835
7864 18333 5388841 1 856
7863 18331 5388851 1 895
7862 18329 5388861 1 926
7860 18327 5388871 1 946
7858 18324 5388881 1 956
7854 18321 5388891 1 952
7851 18317 5388901 1 937
7847 18313 5388911 1 923
7845 18309 5388921 1 909
7844 18306 5388931 1 902
7843 18304 5388941 1 895
7842 18300 5388951 1 883
7842 18297 5388961 1 873
7844 18295 5388971 1 868
7846 18293 5388981 1 865
7850 18292 5388991 1 858
7854 18293 5389001 1 853
7858 18294 5389011 1 848
7862 18296 5389021 1 846
7867 18299 5389031 1 844
7872 18302 5389041 1 845
7877 18306 5389051 1 845
7882 18310 5389061 1 847
7886 18315 5389071 1 849
7890 18319 5389081 1 852
7891 18321 5389091 1 855
7892 18324 5389101 1 856
7894 18327 5389111 1 857
7894 18331 5389121 1 860
7895 18333 5389131 1 864
7895 18332 5389141 1 868
7893 18328 5389151 1 872
7891 18321 5389161 1 877
7889 18312 5389171 1 881
7884 18302 5389181 1 885
7880 18291 5389191 1 888
7875 18281 5389201 1 892
7870 18270 5389211 1 895
7858 18260 5389221 1 896
7842 18254 5389231 1 898
7831 18251 5389241 1 898
7827 18250 5389251 1 898
7819 18249 5389261 1 898
7797 18249 5389271 1 897
7773 18252 5389281 1 896
7748 18257 5389291 1 894
7724 18264 5389301 1 891
7700 18273 5389311 1 889
7677 18284 5389321 1 886
7661 18295 5389331 1 884
7652 18308 5389341 1 880
7649 18320 5389351 1 878
7651 18332 5389361 1 877
7658 18343 5389371 1 876
7664 18347 5389381 1 877
7672 18350 5389391 1 877
7688 18357 5389401 1 878
7696 18360 5389411 1 879
7706 18361 5389421 1 881
7727 18364 5389431 1 885
7750 18364 5389441 1 890
7774 18363 5389451 1 897
7798 18361 5389461 1 906
7822 18356 5389471 1 917
7844 18351 5389481 1 929
7865 18346 5389491 1 943
7882 18339 5389501 1 956
7896 18332 5389511 1 967
7902 18331 5389521 1 971
7905 18329 5389531 1 971
7910 18322 5389541 1 970
7911 18315 5389551 1 969
7908 18309 5389561 1 969
7906 18305 5389571 1 968
7902 18303 5389581 1 968
7894 18298 5389591 1 968
7882 18294 5389601 1 962
7869 18291 5389611 1 941
7854 18290 5389621 1 911
7839 18290 5389631 1 875
7823 18291 5389641 1 831
7808 18293 5389651 1 780
7794 18296 5389661 1 726
7783 18301 5389671 1 668
7774 18307 5389681 1 606
7768 18313 5389691 1 543
7766 18321 5389701 1 478
7768 18329 5389711 1 415
7774 18337 5389721 1 352
7785 18346 5389731 1 291
7799 18354 5389741 1 233
7816 18362 5389751 1 180
7836 18368 5389761 1 130
7857 18372 5389771 1 132
7879 18375 5389781 1 133
7901 18375 5389791 1 134
7920 18372 5389801 1 136
7937 18366 5389811 1 137
7950 18358 5389821 1 139
7958 18348 5389831 1 139
7960 18335 5389841 1 141
7957 18321 5389851 1 143
7947 18305 5389861 1 144
7931 18289 5389871 1 177
7911 18273 5389881 1 258
7886 18259 5389891 1 354
7859 18246 5389901 1 468
7830 18237 5389911 1 599
7801 18231 5389921 1 749
7772 18230 5389931 1 918
7745 18234 5389941 1 944
7721 18244 5389951 1 943
7700 18260 5389961 1 942
7684 18283 5389971 1 942
7673 18304 5389981 1 941
7668 18332 5389991 1 940
7667 18368 5390001 1 939
7672 18411 5390011 1 938
