8147 17408 6020145 1 861
8127 17384 6020155 1 862
8122 17378 6020165 1 863
8119 17375 6020175 1 864
8116 17372 6020185 1 865
8111 17367 6020195 1 866
8110 17365 6020205 1 866
8109 17362 6020215 1 867
8108 17360 6020225 1 868
8107 17358 6020235 1 869
8107 17355 6020245 1 870
8107 17353 6020255 1 843
8108 17351 6020265 1 827
8109 17350 6020275 1 813
8111 17349 6020285 1 784
8112 17348 6020295 1 758
8114 17348 6020305 1 735
8117 17349 6020315 1 713
8119 17351 6020325 1 693
8122 17354 6020335 1 675
8124 17357 6020345 1 658
8127 17361 6020355 1 644
8130 17365 6020365 1 632
8134 17369 6020375 1 621
8137 17373 6020385 1 612
8138 17376 6020395 1 608
8140 17378 6020405 1 604
8144 17381 6020415 1 599
8147 17383 6020425 1 594
8151 17385 6020435 1 591
8155 17387 6020445 1 589
8159 17389 6020455 1 589
8162 17391 6020465 1 591
8164 17393 6020475 1 593
8166 17395 6020485 1 597
8167 17398 6020495 1 601
8168 17400 6020505 1 607
8167 17403 6020515 1 613
8166 17405 6020525 1 617
8164 17407 6020535 1 620
8162 17411 6020545 1 628
8159 17416 6020555 1 638
8156 17420 6020565 1 647
8152 17425 6020575 1 657
8148 17428 6020585 1 667
8145 17432 6020595 1 678
8142 17434 6020605 1 689
8139 17435 6020615 1 701
8137 17435 6020625 1 712
8136 17433 6020635 1 724
8137 17429 6020645 1 736
8137 17426 6020655 1 742
8139 17421 6020665 1 748
8142 17414 6020675 1 759
8147 17407 6020685 1 770
8153 17398 6020695 1 780
8160 17389 6020705 1 791
8168 17381 6020715 1 800
8177 17373 6020725 1 809
8185 17365 6020735 1 818
8193 17358 6020745 1 824
8206 17346 6020755 1 837
8211 17342 6020765 1 840
8213 17341 6020775 1 842
8213 17340 6020785 1 843
8215 17336 6020795 1 844
8216 17333 6020805 1 845
8216 17330 6020815 1 843
8216 17327 6020825 1 839
8215 17324 6020835 1 834
8214 17321 6020845 1 827
8212 17318 6020855 1 818
8211 17315 6020865 1 806
8210 17312 6020875 1 793
8209 17309 6020885 1 776
8208 17307 6020895 1 757
8207 17306 6020905 1 748
8206 17306 6020915 1 735
8204 17306 6020925 1 712
8203 17307 6020935 1 685
8201 17309 6020945 1 655
8199 17312 6020955 1 623
8196 17316 6020965 1 589
8194 17321 6020975 1 554
8191 17328 6020985 1 519
8189 17334 6020995 1 482
8186 17341 6021005 1 446
8183 17347 6021015 1 409
8179 17354 6021025 1 374
8178 17358 6021035 1 357
8176 17362 6021045 1 339
8174 17365 6021055 1 307
8171 17368 6021065 1 275
8169 17369 6021075 1 247
8166 17369 6021085 1 222
8164 17367 6021095 1 200
8162 17365 6021105 1 182
8161 17362 6021115 1 161
8160 17358 6021125 1 160
8159 17354 6021135 1 157
8158 17349 6021145 1 156
8158 17345 6021155 1 154
8159 17341 6021165 1 153
8159 17338 6021175 1 151
8160 17334 6021185 1 150
8160 17331 6021195 1 148
8161 17329 6021205 1 146
8162 17326 6021215 1 144
8162 17325 6021225 1 142
8163 17323 6021235 1 140
8164 17322 6021245 1 145
8164 17321 6021255 1 158
8163 17320 6021265 1 179
8162 17319 6021275 1 208
8161 17319 6021285 1 241
8160 17320 6021295 1 259
8158 17321 6021305 1 280
8157 17322 6021315 1 324
8156 17323 6021325 1 371
8155 17325 6021335 1 421
8154 17327 6021345 1 474
8153 17328 6021355 1 528
8152 17332 6021365 1 636
8151 17334 6021375 1 689
8150 17335 6021385 1 741
8150 17336 6021395 1 788
8150 17336 6021405 1 833
8149 17336 6021415 1 854
8149 17336 6021425 1 872
8150 17337 6021435 1 906
8151 17337 6021445 1 933
8153 17339 6021455 1 954
8155 17340 6021465 1 966
8159 17342 6021475 1 974
8162 17344 6021485 1 975
8166 17347 6021495 1 977
8171 17349 6021505 1 978
8176 17352 6021515 1 979
8181 17354 6021525 1 980
8185 17355 6021535 1 980
8189 17355 6021545 1 981
8192 17355 6021555 1 981
8196 17354 6021565 1 983
8200 17352 6021575 1 984
8203 17350 6021585 1 985
8206 17348 6021595 1 985
8208 17345 6021605 1 986
8211 17343 6021615 1 987
8212 17341 6021625 1 985
8214 17340 6021635 1 977
8216 17339 6021645 1 969
8218 17339 6021655 1 960
8219 17339 6021665 1 951
8220 17340 6021675 1 946
8221 17342 6021685 1 941
8221 17344 6021695 1 931
8221 17346 6021705 1 920
8220 17349 6021715 1 909
8218 17351 6021725 1 898
8215 17353 6021735 1 887
8211 17355 6021745 1 876
8207 17357 6021755 1 865
8202 17358 6021765 1 854
8197 17359 6021775 1 844
8192 17359 6021785 1 833
8186 17359 6021795 1 823
8182 17359 6021805 1 818
8177 17358 6021815 1 814
8172 17358 6021825 1 805
8168 17359 6021835 1 798
8163 17359 6021845 1 790
8160 17360 6021855 1 784
8157 17361 6021865 1 778
8154 17362 6021875 1 774
8153 17362 6021885 1 770
8152 17363 6021895 1 768
8152 17363 6021905 1 768
8153 17363 6021915 1 768
8154 17363 6021925 1 771
8156 17363 6021935 1 772
8158 17363 6021945 1 774
8160 17364 6021955 1 780
8163 17365 6021965 1 788
8168 17367 6021975 1 810
8171 17368 6021985 1 822
8173 17370 6021995 1 838
8175 17371 6022005 1 855
8178 17372 6022015 1 873
8180 17374 6022025 1 892
8183 17375 6022035 1 912
8185 17375 6022045 1 933
8187 17376 6022055 1 942
8189 17376 6022065 1 952
8192 17376 6022075 1 972
8194 17375 6022085 1 991
8196 17373 6022095 1 1008
8198 17372 6022105 1 1012
8199 17370 6022115 1 1012
8199 17368 6022125 1 1011
8199 17365 6022135 1 1010
8198 17364 6022145 1 1009
8197 17362 6022155 1 1007
8195 17361 6022165 1 1006
8193 17360 6022175 1 1006
8190 17360 6022185 1 1005
8187 17360 6022195 1 1005
8184 17359 6022205 1 1003
8180 17359 6022215 1 1002
8177 17359 6022225 1 1001
8174 17358 6022235 1 994
8171 17357 6022245 1 963
8169 17356 6022255 1 928
8167 17354 6022265 1 885
8165 17352 6022275 1 837
8165 17351 6022285 1 783
8166 17349 6022295 1 723
8167 17348 6022305 1 660
8169 17347 6022315 1 628
8172 17346 6022325 1 594
8175 17346 6022335 1 528
8178 17347 6022345 1 461
8181 17348 6022355 1 396
8183 17349 6022365 1 334
8186 17351 6022375 1 276
8188 17352 6022385 1 223
8190 17353 6022395 1 177
8191 17354 6022405 1 139
8192 17355 6022415 1 109
8193 17355 6022425 1 80
8194 17355 6022435 1 82
8194 17354 6022445 1 84
8195 17352 6022455 1 84
8195 17350 6022465 1 86
8196 17347 6022475 1 88
8196 17344 6022485 1 89
8197 17341 6022495 1 92
8197 17338 6022505 1 94
8197 17334 6022515 1 95
8197 17332 6022525 1 98
8196 17330 6022535 1 99
8195 17328 6022545 1 110
8194 17328 6022555 1 131
8193 17329 6022565 1 161
8192 17330 6022575 1 178
8191 17336 6022585 1 244
8191 17340 6022595 1 293
8192 17345 6022605 1 348
8193 17350 6022615 1 404
8194 17355 6022625 1 463
8196 17359 6022635 1 523
8197 17363 6022645 1 581
8199 17367 6022655 1 639
8200 17370 6022665 1 694
8201 17372 6022675 1 745
8201 17373 6022685 1 791
8202 17374 6022695 1 814
8202 17373 6022705 1 832
8202 17372 6022715 1 866
8201 17371 6022725 1 892
8201 17369 6022735 1 909
8200 17367 6022745 1 916
8199 17365 6022755 1 912
8198 17363 6022765 1 900
8197 17360 6022775 1 887
8197 17358 6022785 1 875
8198 17355 6022795 1 863
8198 17352 6022805 1 853
8199 17349 6022815 1 844
8200 17347 6022825 1 839
8201 17345 6022835 1 836
8202 17344 6022845 1 830
8202 17343 6022855 1 825
8203 17343 6022865 1 822
8203 17343 6022875 1 820
8204 17344 6022885 1 818
8204 17346 6022895 1 818
8204 17347 6022905 1 817
8204 17349 6022915 1 819
8204 17351 6022925 1 820
8204 17352 6022935 1 823
8204 17353 6022945 1 826
8203 17354 6022955 1 827
8202 17354 6022965 1 828
8202 17354 6022975 1 831
8202 17351 6022985 1 835
8202 17345 6022995 1 838
8202 17337 6023005 1 841
8202 17329 6023015 1 844
8202 17320 6023025 1 847
8202 17311 6023035 1 849
8203 17302 6023045 1 852
8203 17295 6023055 1 854
8199 17288 6023065 1 855
8191 17285 6023075 1 856
8187 17286 6023085 1 856
8182 17289 6023095 1 855
8169 17292 6023105 1 854
8155 17298 6023115 1 853
8139 17305 6023125 1 851
8122 17314 6023135 1 849
8106 17323 6023145 1 847
8089 17333 6023155 1 844
8077 17343 6023165 1 842
8070 17353 6023175 1 839
8066 17362 6023185 1 837
8069 17378 6023195 1 835
8071 17380 6023205 1 835
8074 17382 6023215 1 835
8083 17387 6023225 1 835
8093 17392 6023235 1 837
8106 17396 6023245 1 840
8119 17398 6023255 1 844
8133 17400 6023265 1 849
8148 17400 6023275 1 855
8162 17398 6023285 1 864
8176 17396 6023295 1 873
8188 17392 6023305 1 883
8200 17387 6023315 1 892
8209 17380 6023325 1 900
8214 17378 6023335 1 903
8216 17375 6023345 1 903
8221 17366 6023355 1 902
8223 17357 6023365 1 901
8222 17348 6023375 1 900
8218 17339 6023385 1 899
8211 17331 6023395 1 899
8203 17324 6023405 1 894
8192 17319 6023415 1 877
8181 17316 6023425 1 855
8168 17315 6023435 1 827
8156 17317 6023445 1 794
8145 17322 6023455 1 756
8134 17329 6023465 1 716
8126 17338 6023475 1 673
8121 17348 6023485 1 627
8118 17360 6023495 1 580
8118 17371 6023505 1 533
8121 17383 6023515 1 486
8128 17393 6023525 1 440
8136 17402 6023535 1 396
8147 17408 6023545 1 354
8159 17412 6023555 1 316
8172 17414 6023565 1 280
8185 17414 6023575 1 282
8198 17411 6023585 1 283
8210 17405 6023595 1 285
8219 17398 6023605 1 288
8227 17389 6023615 1 289
8232 17379 6023625 1 291
8234 17368 6023635 1 292
8234 17356 6023645 1 294
8230 17343 6023655 1 296
8224 17331 6023665 1 297
8216 17319 6023675 1 322
8205 17308 6023685 1 380
8193 17299 6023695 1 449
8180 17291 6023705 1 531
8166 17286 6023715 1 624
8151 17283 6023725 1 731
8135 17283 6023735 1 850
8120 17285 6023745 1 868
8105 17291 6023755 1 867
8091 17300 6023765 1 866
8077 17313 6023775 1 866
8066 17323 6023785 1 865
8057 17339 6023795 1 864
8050 17393 6023805 1 862
