7856 17735 6786155 1 584
7856 17735 6786165 1 579
7856 17735 6786175 1 578
7856 17735 6786185 1 579
7856 17735 6786195 1 580
7856 17735 6786205 1 582
7855 17735 6786215 1 584
7854 17735 6786225 1 584
7854 17735 6786235 1 585
7853 17735 6786245 1 586
7852 17735 6786255 1 588
7851 17735 6786265 1 590
7851 17735 6786275 1 591
7850 17734 6786285 1 592
7850 17734 6786295 1 593
7850 17734 6786305 1 594
7849 17734 6786315 1 596
7849 17734 6786325 1 597
7849 17734 6786335 1 598
7849 17734 6786345 1 600
7849 17734 6786355 1 602
7849 17734 6786365 1 602
7849 17734 6786375 1 602
7850 17734 6786385 1 602
7850 17734 6786395 1 604
7850 17734 6786405 1 606
7851 17734 6786415 1 607
7851 17734 6786425 1 608
7851 17734 6786435 1 609
7851 17735 6786445 1 610
7852 17735 6786455 1 612
7853 17735 6786465 1 613
7853 17735 6786475 1 614
7854 17735 6786485 1 617
7854 17735 6786495 1 619
7854 17735 6786505 1 620
7854 17735 6786515 1 620
7854 17735 6786525 1 621
7854 17735 6786535 1 623
7853 17736 6786545 1 625
7852 17736 6786555 1 626
7851 17736 6786565 1 627
7850 17736 6786575 1 628
7849 17736 6786585 1 628
7848 17736 6786595 1 629
7846 17736 6786605 1 630
7845 17736 6786615 1 632
7843 17736 6786625 1 633
7842 17736 6786635 1 634
7841 17736 6786645 1 635
7840 17736 6786655 1 636
7839 17736 6786665 1 638
7838 17736 6786675 1 638
7837 17737 6786685 1 640
7836 17737 6786695 1 642
7836 17738 6786705 1 643
7836 17738 6786715 1 643
7836 17738 6786725 1 645
7836 17739 6786735 1 646
7837 17740 6786745 1 647
7837 17741 6786755 1 649
7837 17742 6786765 1 651
7838 17744 6786775 1 651
7838 17745 6786785 1 652
7839 17745 6786795 1 652
7840 17747 6786805 1 653
7841 17749 6786815 1 656
7842 17751 6786825 1 658
7842 17753 6786835 1 658
7843 17755 6786845 1 660
7843 17756 6786855 1 661
7843 17757 6786865 1 662
7843 17759 6786875 1 663
7842 17761 6786885 1 665
7841 17762 6786895 1 665
7839 17764 6786905 1 667
7838 17766 6786915 1 669
7837 17767 6786925 1 669
7836 17767 6786935 1 670
7834 17769 6786945 1 672
7832 17770 6786955 1 672
7830 17771 6786965 1 674
7828 17772 6786975 1 675
7826 17773 6786985 1 677
7825 17774 6786995 1 678
7824 17774 6787005 1 678
7822 17775 6787015 1 679
7821 17775 6787025 1 679
7820 17776 6787035 1 681
7819 17776 6787045 1 682
7819 17776 6787055 1 684
7818 17777 6787065 1 684
7818 17777 6787075 1 685
7817 17777 6787085 1 686
7816 17777 6787095 1 688
7815 17777 6787105 1 689
7814 17777 6787115 1 691
7814 17777 6787125 1 694
7813 17777 6787135 1 694
7813 17777 6787145 1 695
7813 17777 6787155 1 696
7813 17777 6787165 1 697
7813 17776 6787175 1 699
7813 17776 6787185 1 700
7813 17776 6787195 1 702
7813 17776 6787205 1 703
7813 17776 6787215 1 703
7814 17776 6787225 1 703
7814 17776 6787235 1 704
7815 17776 6787245 1 706
7816 17776 6787255 1 707
7818 17776 6787265 1 709
7819 17776 6787275 1 709
7819 17776 6787285 1 710
7821 17776 6787295 1 711
7823 17776 6787305 1 712
7825 17776 6787315 1 714
7827 17775 6787325 1 715
7829 17775 6787335 1 717
7830 17774 6787345 1 717
7832 17774 6787355 1 718
7835 17774 6787365 1 719
7838 17773 6787375 1 720
7841 17772 6787385 1 722
7845 17771 6787395 1 723
7849 17771 6787405 1 725
7851 17770 6787415 1 725
7852 17770 6787425 1 725
7856 17769 6787435 1 726
7860 17768 6787445 1 727
7863 17767 6787455 1 729
7866 17766 6787465 1 731
7868 17766 6787475 1 732
7869 17765 6787485 1 733
7870 17765 6787495 1 734
7872 17764 6787505 1 735
7873 17764 6787515 1 737
7874 17763 6787525 1 737
7875 17762 6787535 1 739
7875 17762 6787545 1 740
7875 17761 6787555 1 741
7874 17761 6787565 1 742
7874 17760 6787575 1 743
7873 17760 6787585 1 745
7872 17759 6787595 1 746
7872 17759 6787605 1 746
7871 17758 6787615 1 748
7871 17758 6787625 1 749
7871 17758 6787635 1 749
7871 17757 6787645 1 749
7871 17757 6787655 1 751
7872 17757 6787665 1 752
7872 17756 6787675 1 754
7872 17756 6787685 1 755
7872 17756 6787695 1 755
7872 17756 6787705 1 756
7873 17755 6787715 1 757
7873 17755 6787725 1 758
7873 17755 6787735 1 760
7874 17754 6787745 1 761
7874 17754 6787755 1 762
7874 17754 6787765 1 763
7875 17754 6787775 1 765
7875 17754 6787785 1 767
7876 17753 6787795 1 767
7876 17753 6787805 1 768
7877 17753 6787815 1 770
7878 17753 6787825 1 771
7878 17752 6787835 1 772
7879 17752 6787845 1 772
7880 17752 6787855 1 773
7881 17752 6787865 1 774
7882 17751 6787875 1 775
7883 17751 6787885 1 777
7883 17751 6787895 1 778
7883 17751 6787905 1 778
7883 17751 6787915 1 778
7882 17750 6787925 1 780
7881 17750 6787935 1 781
7880 17750 6787945 1 783
7879 17749 6787955 1 784
7878 17749 6787965 1 785
7877 17749 6787975 1 786
7876 17749 6787985 1 787
7875 17749 6787995 1 788
7874 17749 6788005 1 789
7873 17748 6788015 1 791
7872 17748 6788025 1 791
7871 17748 6788035 1 792
7871 17748 6788045 1 793
7870 17748 6788055 1 793
7870 17748 6788065 1 794
7869 17748 6788075 1 795
7869 17748 6788085 1 796
7869 17748 6788095 1 799
7869 17748 6788105 1 800
7869 17748 6788115 1 801
7869 17748 6788125 1 802
7869 17748 6788135 1 803
7869 17748 6788145 1 804
7870 17748 6788155 1 805
7870 17748 6788165 1 806
7871 17748 6788175 1 807
7871 17748 6788185 1 808
7871 17748 6788195 1 808
7872 17748 6788205 1 810
7873 17748 6788215 1 811
7873 17748 6788225 1 812
7874 17748 6788235 1 814
7874 17748 6788245 1 815
7875 17748 6788255 1 815
7875 17748 6788265 1 815
7875 17748 6788275 1 816
7875 17748 6788285 1 818
7875 17748 6788295 1 819
7875 17748 6788305 1 819
7875 17748 6788315 1 820
7875 17748 6788325 1 821
7875 17748 6788335 1 822
7876 17748 6788345 1 823
7876 17748 6788355 1 824
7876 17748 6788365 1 825
7877 17748 6788375 1 827
7877 17747 6788385 1 828
7877 17747 6788395 1 828
7878 17747 6788405 1 829
7879 17747 6788415 1 832
7879 17747 6788425 1 833
7880 17747 6788435 1 834
7881 17747 6788445 1 835
7882 17747 6788455 1 837
7883 17746 6788465 1 837
7884 17746 6788475 1 837
7885 17746 6788485 1 837
7886 17746 6788495 1 838
7886 17746 6788505 1 839
7887 17746 6788515 1 841
7887 17746 6788525 1 842
7888 17746 6788535 1 843
7888 17746 6788545 1 843
7888 17746 6788555 1 844
7888 17746 6788565 1 846
7887 17746 6788575 1 847
7887 17746 6788585 1 848
7887 17746 6788595 1 849
7887 17746 6788605 1 849
7887 17746 6788615 1 850
7887 17746 6788625 1 852
7887 17746 6788635 1 853
7887 17747 6788645 1 854
7888 17747 6788655 1 855
7888 17747 6788665 1 856
7888 17747 6788675 1 856
7888 17747 6788685 1 857
7887 17747 6788695 1 858
7887 17747 6788705 1 859
7886 17747 6788715 1 859
7885 17747 6788725 1 860
7884 17747 6788735 1 863
7883 17747 6788745 1 864
7883 17747 6788755 1 864
7881 17747 6788765 1 865
7880 17747 6788775 1 866
7879 17747 6788785 1 867
7878 17747 6788795 1 868
7877 17747 6788805 1 870
7877 17747 6788815 1 871
7877 17747 6788825 1 871
7876 17747 6788835 1 872
7875 17747 6788845 1 873
7875 17747 6788855 1 874
7874 17746 6788865 1 875
7873 17746 6788875 1 876
7873 17746 6788885 1 876
7873 17746 6788895 1 877
7872 17746 6788905 1 878
7872 17746 6788915 1 879
7871 17746 6788925 1 880
7871 17746 6788935 1 881
7871 17747 6788945 1 882
7870 17747 6788955 1 882
7871 17747 6788965 1 883
7871 17747 6788975 1 884
7872 17747 6788985 1 886
7872 17747 6788995 1 887
7873 17747 6789005 1 888
7874 17747 6789015 1 889
7875 17747 6789025 1 889
7875 17747 6789035 1 890
7876 17747 6789045 1 891
7877 17747 6789055 1 892
7878 17747 6789065 1 893
7879 17747 6789075 1 895
7879 17747 6789085 1 896
7880 17747 6789095 1 897
7880 17747 6789105 1 897
7880 17747 6789115 1 897
7881 17747 6789125 1 898
7881 17747 6789135 1 899
7881 17747 6789145 1 900
7881 17747 6789155 1 901
7881 17747 6789165 1 902
7881 17747 6789175 1 902
7881 17747 6789185 1 903
7880 17747 6789195 1 904
7879 17746 6789205 1 905
7879 17746 6789215 1 906
7878 17746 6789225 1 907
7877 17746 6789235 1 908
7877 17746 6789245 1 909
7876 17746 6789255 1 910
7875 17746 6789265 1 911
7874 17746 6789275 1 912
7874 17746 6789285 1 913
7873 17746 6789295 1 914
7873 17746 6789305 1 915
7873 17745 6789315 1 915
7874 17745 6789325 1 915
7874 17745 6789335 1 916
7874 17745 6789345 1 917
7875 17745 6789355 1 918
7875 17745 6789365 1 919
7875 17745 6789375 1 920
7875 17745 6789385 1 921
7876 17745 6789395 1 922
7876 17745 6789405 1 923
7876 17745 6789415 1 924
7877 17745 6789425 1 925
7878 17745 6789435 1 926
7878 17745 6789445 1 927
7878 17745 6789455 1 927
7879 17745 6789465 1 928
7879 17745 6789475 1 929
7880 17745 6789485 1 930
7881 17746 6789495 1 931
7882 17746 6789505 1 932
7882 17746 6789515 1 933
7883 17746 6789525 1 933
7884 17746 6789535 1 933
7885 17746 6789545 1 934
7887 17746 6789555 1 935
7888 17746 6789565 1 936
7889 17746 6789575 1 937
7889 17746 6789585 1 938
7889 17746 6789595 1 938
7890 17746 6789605 1 939
7891 17746 6789615 1 940
7891 17745 6789625 1 941
7891 17745 6789635 1 942
7891 17745 6789645 1 943
7891 17745 6789655 1 944
7890 17745 6789665 1 944
7890 17745 6789675 1 945
7889 17745 6789685 1 946
7888 17745 6789695 1 948
7886 17745 6789705 1 949
7885 17745 6789715 1 950
7884 17745 6789725 1 951
7884 17745 6789735 1 951
7882 17745 6789745 1 951
7881 17745 6789755 1 952
7880 17745 6789765 1 953
7880 17745 6789775 1 954
7879 17745 6789785 1 956
7879 17745 6789795 1 955
7878 17745 6789805 1 955
7878 17745 6789815 1 957
7877 17745 6789825 1 958
7876 17746 6789835 1 959
7876 17746 6789845 1 960
7876 17746 6789855 1 961
7875 17746 6789865 1 962
7875 17746 6789875 1 962
7875 17746 6789885 1 963
7876 17746 6789895 1 964
7876 17746 6789905 1 965
7876 17746 6789915 1 966
7876 17746 6789925 1 967
7876 17746 6789935 1 967
7876 17746 6789945 1 967
7877 17746 6789955 1 968
7877 17746 6789965 1 970
7877 17746 6789975 1 971
7877 17746 6789985 1 972
7878 17747 6789995 1 973
7878 17747 6790005 1 973
7878 17747 6790015 1 974
7879 17747 6790025 1 976
7879 17747 6790035 1 977
7880 17747 6790045 1 978
7880 17747 6790055 1 980
7880 17747 6790065 1 981
7880 17747 6790075 1 981
7880 17747 6790085 1 982
7880 17747 6790095 1 983
7880 17747 6790105 1 984
7880 17747 6790115 1 985
7879 17747 6790125 1 986
7879 17747 6790135 1 988
7878 17747 6790145 1 988
7878 17747 6790155 1 988
7877 17747 6790165 1 989
7876 17747 6790175 1 989
7875 17747 6790185 1 990
7875 17746 6790195 1 991
7874 17746 6790205 1 992
7873 17746 6790215 1 993
7873 17746 6790225 1 993
7873 17746 6790235 1 995
7872 17746 6790245 1 996
7873 17746 6790255 1 997
7873 17746 6790265 1 998
7874 17746 6790275 1 999
7874 17746 6790285 1 999
7875 17746 6790295 1 1000
7876 17746 6790305 1 1002
7878 17746 6790315 1 1003
7880 17746 6790325 1 1004
7881 17746 6790335 1 1006
7883 17746 6790345 1 1008
7884 17746 6790355 1 1008
7885 17746 6790365 1 1008
7886 17746 6790375 1 1009
7888 17746 6790385 1 1010
7889 17746 6790395 1 1011
7890 17746 6790405 1 1012
7891 17746 6790415 1 1013
7891 17746 6790425 1 1014
7892 17746 6790435 1 1014
7892 17746 6790445 1 1015
7892 17746 6790455 1 1016
7893 17746 6790465 1 1017
7893 17746 6790475 1 1019
7892 17746 6790485 1 1020
7892 17746 6790495 1 1021
7892 17746 6790505 1 1021
7891 17746 6790515 1 1021
7890 17746 6790525 1 1021
7889 17746 6790535 1 1021
7888 17746 6790545 1 1021
7887 17746 6790555 1 1021
7886 17746 6790565 1 1021
7885 17746 6790575 1 1021
7884 17746 6790585 1 1021
7882 17746 6790595 1 1021
7880 17746 6790605 1 1021
7878 17746 6790615 1 1021
7877 17746 6790625 1 1021
7876 17746 6790635 1 1021
7876 17746 6790645 1 1021
7875 17746 6790655 1 1020
7875 17746 6790665 1 1020
7875 17746 6790675 1 1020
7875 17746 6790685 1 1020
7876 17746 6790695 1 1020
7876 17745 6790705 1 1020
7877 17745 6790715 1 1020
7878 17745 6790725 1 1020
7879 17745 6790735 1 1020
7880 17745 6790745 1 1020
7880 17745 6790755 1 1020
7881 17745 6790765 1 1020
7881 17745 6790775 1 1020
7881 17745 6790785 1 1020
7881 17745 6790795 1 1020
7881 17745 6790805 1 1020
7881 17745 6790815 1 1020
7881 17745 6790825 1 1020
7882 17745 6790835 1 1020
7882 17745 6790845 1 1020
7882 17745 6790855 1 1020
7881 17745 6790865 1 1020
7881 17745 6790875 1 1020
7881 17745 6790885 1 1020
7881 17745 6790895 1 1020
7881 17745 6790905 1 1020
7881 17745 6790915 1 1020
7881 17745 6790925 1 1020
7881 17745 6790935 1 1020
7881 17745 6790945 1 1019
7881 17745 6790955 1 1019
7880 17745 6790965 1 1019
7880 17745 6790975 1 1019
7880 17746 6790985 1 1019
7880 17746 6790995 1 1019
7879 17746 6791005 1 1019
7879 17746 6791015 1 1019
7879 17746 6791025 1 1019
7879 17746 6791035 1 1019
7879 17746 6791045 1 1019
7879 17746 6791055 1 1019
7879 17746 6791065 1 1019
7879 17746 6791075 1 1019
7880 17746 6791085 1 1019
7881 17746 6791095 1 1019
7881 17746 6791105 1 1019
7882 17746 6791115 1 1019
7882 17746 6791125 1 1019
7882 17746 6791135 1 1019
7883 17746 6791145 1 1019
7883 17746 6791155 1 1019
7884 17746 6791165 1 1019
7885 17746 6791175 1 1019
7886 17746 6791185 1 1019
7886 17746 6791195 1 1019
7887 17746 6791205 1 1019
7888 17746 6791215 1 1019
7889 17746 6791225 1 1018
7890 17746 6791235 1 1018
7890 17746 6791245 1 1018
7891 17746 6791255 1 1018
7891 17746 6791265 1 1018
7891 17746 6791275 1 1018
7892 17746 6791285 1 1018
7892 17746 6791295 1 1018
7892 17745 6791305 1 1018
7892 17745 6791315 1 1018
7893 17746 6791325 1 1018
7893 17746 6791335 1 1018
7893 17746 6791345 1 1018
7894 17746 6791355 1 1018
7895 17746 6791365 1 1018
7895 17746 6791375 1 1018
7896 17746 6791385 1 1018
7896 17746 6791395 1 1018
7896 17746 6791405 1 1018
7896 17746 6791415 1 1018
7896 17746 6791425 1 1018
7895 17746 6791435 1 1018
7894 17746 6791445 1 1018
7893 17746 6791455 1 1018
7892 17746 6791465 1 1018
7892 17746 6791475 1 1018
7892 17746 6791485 1 1018
7891 17746 6791495 1 1018
7890 17746 6791505 1 1018
7890 17746 6791515 1 1017
7889 17746 6791525 1 1017
7889 17746 6791535 1 1017
7888 17746 6791545 1 1017
7888 17746 6791555 1 1017
7888 17746 6791565 1 1017
7887 17746 6791575 1 1017
7887 17746 6791585 1 1017
7887 17746 6791595 1 1017
7887 17746 6791605 1 1017
7887 17746 6791615 1 1017
7887 17746 6791625 1 1017
7888 17746 6791635 1 1017
7888 17746 6791645 1 1017
7889 17746 6791655 1 1017
7889 17746 6791665 1 1017
7890 17746 6791675 1 1017
7891 17746 6791685 1 1017
7891 17746 6791695 1 1017
7892 17746 6791705 1 1017
7893 17746 6791715 1 1017
7894 17746 6791725 1 1017
7894 17746 6791735 1 1017
7894 17746 6791745 1 1017
7894 17746 6791755 1 1017
7894 17746 6791765 1 1017
7894 17746 6791775 1 1017
7894 17746 6791785 1 1017
7893 17746 6791795 1 1016
7893 17746 6791805 1 1016
7893 17746 6791815 1 1016
7893 17746 6791825 1 1016
7893 17746 6791835 1 1016
7892 17746 6791845 1 1016
7892 17746 6791855 1 1016
7892 17746 6791865 1 1016
7891 17746 6791875 1 1016
7891 17746 6791885 1 1016
7891 17746 6791895 1 1016
7890 17746 6791905 1 1016
7889 17746 6791915 1 1016
7888 17746 6791925 1 1016
7887 17746 6791935 1 1016
7886 17746 6791945 1 1016
7885 17746 6791955 1 1016
7884 17746 6791965 1 1016
7884 17746 6791975 1 1016
7882 17746 6791985 1 1016
7881 17746 6791995 1 1016
7880 17746 6792005 1 1016
7879 17746 6792015 1 1016
7878 17746 6792025 1 1016
7878 17746 6792035 1 1016
7878 17746 6792045 1 1016
7877 17746 6792055 1 1016
7877 17746 6792065 1 1016
7877 17746 6792075 1 1016
7876 17746 6792085 1 1015
7876 17746 6792095 1 1015
7876 17746 6792105 1 1015
7876 17746 6792115 1 1015
7876 17746 6792125 1 1015
7877 17746 6792135 1 1015
7877 17746 6792145 1 1015
7878 17746 6792155 1 1015
7878 17746 6792165 1 1015
7878 17746 6792175 1 1015
7879 17746 6792185 1 1015
7879 17746 6792195 1 1015
7879 17745 6792205 1 1015
7879 17745 6792215 1 1015
7879 17745 6792225 1 1015
7879 17745 6792235 1 1015
7880 17745 6792245 1 1015
7880 17745 6792255 1 1015
7880 17745 6792265 1 1015
7880 17745 6792275 1 1015
7880 17745 6792285 1 1015
7880 17745 6792295 1 1015
7880 17745 6792305 1 1015
7879 17745 6792315 1 1015
7879 17745 6792325 1 1015
7879 17745 6792335 1 1015
7879 17745 6792345 1 1015
7879 17745 6792355 1 1015
7879 17745 6792365 1 1014
7879 17745 6792375 1 1014
7879 17746 6792385 1 1014
7878 17746 6792395 1 1014
7878 17746 6792405 1 1014
7877 17746 6792415 1 1014
7876 17746 6792425 1 1014
7876 17746 6792435 1 1014
7875 17746 6792445 1 1014
7875 17746 6792455 1 1014
7875 17746 6792465 1 1014
7874 17746 6792475 1 1014
7874 17746 6792485 1 1014
7873 17746 6792495 1 1014
7872 17746 6792505 1 1014
7870 17746 6792515 1 1014
7867 17746 6792525 1 1014
7861 17746 6792535 1 1014
7851 17745 6792545 1 1014
7838 17744 6792555 1 1014
7821 17743 6792565 1 1014
7802 17741 6792575 1 1014
7783 17738 6792585 1 1014
7765 17736 6792595 1 1014
7751 17734 6792605 1 1014
7741 17733 6792615 1 1014
7737 17732 6792625 1 1014
7739 17733 6792635 1 1013
7745 17736 6792645 1 1013
7757 17740 6792655 1 1013
7771 17746 6792665 1 1013
7787 17755 6792675 1 1013
7802 17765 6792685 1 1013
7816 17775 6792695 1 1013
7827 17786 6792705 1 1013
7835 17795 6792715 1 1013
7836 17802 6792725 1 1013
7831 17807 6792735 1 1013
7819 17808 6792745 1 1013
7803 17806 6792755 1 1013
7785 17800 6792765 1 1013
7770 17793 6792775 1 1013
7760 17785 6792785 1 1013
7756 17777 6792795 1 1013
7758 17771 6792805 1 1013
7767 17766 6792815 1 1013
7782 17764 6792825 1 1013
7801 17764 6792835 1 1013
7822 17769 6792845 1 1013
7843 17778 6792855 1 1013
7863 17788 6792865 1 1013
7881 17800 6792875 1 1012
7896 17812 6792885 1 1012
7905 17824 6792895 1 1012
7906 17834 6792905 1 1012
7903 17838 6792915 1 1012
7904 17835 6792925 1 1012
7910 17832 6792935 1 1012
7917 17830 6792945 1 1012
7924 17830 6792955 1 1012
7929 17831 6792965 1 1012
7932 17832 6792975 1 1012
7934 17834 6792985 1 1012
7935 17835 6792995 1 1012
7935 17837 6793005 1 1012
7934 17838 6793015 1 1012
7933 17839 6793025 1 1012
7931 17839 6793035 1 1012
7930 17840 6793045 1 1012
7929 17840 6793055 1 1012
7927 17840 6793065 1 1012
7926 17841 6793075 1 1012
7926 17841 6793085 1 1012
7925 17841 6793095 1 1012
7925 17841 6793105 1 1012
7925 17841 6793115 1 1012
7925 17842 6793125 1 1011
7926 17842 6793135 1 1011
7927 17842 6793145 1 1011
7928 17842 6793155 1 1011
7929 17842 6793165 1 1011
7930 17843 6793175 1 1011
7931 17843 6793185 1 1011
7931 17843 6793195 1 1011
7931 17843 6793205 1 1011
7931 17843 6793215 1 1011
7931 17844 6793225 1 1011
7930 17844 6793235 1 1008
7930 17844 6793245 1 986
7929 17844 6793255 1 956
7928 17844 6793265 1 919
7927 17844 6793275 1 873
7927 17844 6793285 1 817
