7697 17661 8998780 1 481
7697 17661 8998790 1 482
7697 17661 8998800 1 485
7697 17660 8998810 1 487
7698 17660 8998820 1 490
7698 17660 8998830 1 491
7698 17659 8998840 1 494
7698 17659 8998850 1 496
7698 17659 8998860 1 499
7698 17659 8998870 1 500
7698 17661 8998880 1 505
7698 17661 8998890 1 508
7698 17662 8998900 1 509
7697 17663 8998910 1 512
7697 17665 8998920 1 514
7697 17666 8998930 1 517
7697 17667 8998940 1 518
7696 17668 8998950 1 518
7696 17669 8998960 1 521
7696 17669 8998970 1 523
7695 17670 8998980 1 527
7694 17671 8998990 1 530
7694 17671 8999000 1 532
7693 17670 8999010 1 534
7692 17670 8999020 1 536
7692 17669 8999030 1 540
7691 17669 8999040 1 542
7690 17668 8999050 1 545
7690 17667 8999060 1 546
7689 17666 8999070 1 549
7688 17664 8999080 1 553
7688 17664 8999090 1 555
7687 17663 8999100 1 557
7687 17662 8999110 1 558
7687 17662 8999120 1 559
7688 17662 8999130 1 562
7688 17662 8999140 1 564
7688 17662 8999150 1 565
7689 17662 8999160 1 568
7690 17662 8999170 1 570
7691 17663 8999180 1 574
7692 17663 8999190 1 577
7693 17664 8999200 1 578
7694 17664 8999210 1 580
7694 17665 8999220 1 583
7695 17665 8999230 1 584
7695 17666 8999240 1 587
7696 17667 8999250 1 589
7696 17668 8999260 1 591
7696 17670 8999270 1 591
7695 17673 8999280 1 597
7694 17675 8999290 1 599
7693 17678 8999300 1 600
7691 17680 8999310 1 603
7690 17683 8999320 1 605
7687 17686 8999330 1 607
7685 17688 8999340 1 609
7682 17691 8999350 1 610
7679 17693 8999360 1 613
7676 17695 8999370 1 615
7670 17698 8999380 1 619
7667 17699 8999390 1 620
7664 17700 8999400 1 623
7662 17700 8999410 1 624
7659 17701 8999420 1 626
7657 17701 8999430 1 628
7655 17702 8999440 1 629
7654 17702 8999450 1 630
7653 17702 8999460 1 633
7652 17702 8999470 1 634
7650 17702 8999480 1 638
7650 17701 8999490 1 640
7649 17701 8999500 1 642
7649 17701 8999510 1 644
7649 17700 8999520 1 646
7649 17700 8999530 1 650
7649 17700 8999540 1 651
7648 17700 8999550 1 653
7648 17700 8999560 1 655
7648 17700 8999570 1 657
7648 17700 8999580 1 661
7648 17700 8999590 1 662
7649 17700 8999600 1 663
7649 17700 8999610 1 664
7650 17700 8999620 1 667
7652 17701 8999630 1 668
7654 17701 8999640 1 670
7656 17701 8999650 1 672
7659 17702 8999660 1 674
7662 17702 8999670 1 675
7667 17702 8999680 1 679
7669 17702 8999690 1 681
7672 17702 8999700 1 682
7674 17702 8999710 1 685
7677 17701 8999720 1 686
7679 17701 8999730 1 688
7681 17700 8999740 1 690
7683 17700 8999750 1 692
7685 17699 8999760 1 693
7687 17698 8999770 1 693
7690 17697 8999780 1 698
7692 17696 8999790 1 700
7693 17695 8999800 1 701
7695 17695 8999810 1 704
7696 17694 8999820 1 705
7697 17694 8999830 1 707
7698 17693 8999840 1 709
7699 17692 8999850 1 711
7700 17691 8999860 1 712
7701 17690 8999870 1 714
7702 17689 8999880 1 718
7703 17688 8999890 1 719
7704 17687 8999900 1 720
7704 17687 8999910 1 723
7705 17687 8999920 1 723
7706 17686 8999930 1 724
7707 17686 8999940 1 726
7707 17686 8999950 1 727
7708 17685 8999960 1 730
7709 17685 8999970 1 731
7711 17684 8999980 1 734
7712 17684 8999990 1 736
7712 17683 9000000 1 738
7713 17683 9000010 1 739
7714 17682 9000020 1 740
7715 17681 9000030 1 744
7716 17680 9000040 1 746
7716 17680 9000050 1 747
7717 17679 9000060 1 748
7718 17678 9000070 1 751
7719 17677 9000080 1 753
7720 17676 9000090 1 754
7720 17675 9000100 1 755
7721 17675 9000110 1 756
7721 17674 9000120 1 759
7721 17674 9000130 1 760
7722 17674 9000140 1 761
7722 17674 9000150 1 763
7723 17674 9000160 1 765
7723 17674 9000170 1 767
7724 17674 9000180 1 769
7724 17673 9000190 1 771
7724 17673 9000200 1 772
7724 17673 9000210 1 774
7724 17673 9000220 1 776
7725 17673 9000230 1 777
7725 17672 9000240 1 778
7724 17672 9000250 1 779
7724 17672 9000260 1 780
7724 17672 9000270 1 782
7724 17672 9000280 1 786
7723 17673 9000290 1 787
7723 17673 9000300 1 789
7723 17673 9000310 1 791
7722 17674 9000320 1 792
7722 17674 9000330 1 794
7722 17675 9000340 1 795
7721 17676 9000350 1 796
7721 17676 9000360 1 797
7721 17677 9000370 1 800
7720 17679 9000380 1 802
7720 17680 9000390 1 804
7719 17681 9000400 1 805
7719 17681 9000410 1 805
7719 17682 9000420 1 806
7719 17682 9000430 1 809
7718 17682 9000440 1 810
7718 17682 9000450 1 811
7718 17682 9000460 1 812
7718 17682 9000470 1 814
7717 17682 9000480 1 816
7717 17682 9000490 1 817
7717 17682 9000500 1 820
7717 17682 9000510 1 821
7717 17682 9000520 1 822
7717 17683 9000530 1 825
7717 17683 9000540 1 826
7717 17683 9000550 1 827
7717 17683 9000560 1 828
7718 17683 9000570 1 831
7718 17682 9000580 1 832
7719 17682 9000590 1 833
7719 17681 9000600 1 834
7719 17681 9000610 1 836
7720 17680 9000620 1 837
7720 17679 9000630 1 838
7720 17678 9000640 1 839
7721 17677 9000650 1 842
7721 17676 9000660 1 843
7721 17675 9000670 1 844
7721 17674 9000680 1 846
7721 17674 9000690 1 848
7721 17674 9000700 1 849
7721 17674 9000710 1 850
7721 17674 9000720 1 851
7721 17674 9000730 1 852
7721 17674 9000740 1 853
7721 17674 9000750 1 855
7721 17674 9000760 1 856
7721 17674 9000770 1 857
7721 17674 9000780 1 861
7720 17674 9000790 1 862
7720 17673 9000800 1 863
7720 17673 9000810 1 864
7720 17673 9000820 1 865
7721 17672 9000830 1 866
7721 17672 9000840 1 868
7721 17671 9000850 1 869
7722 17671 9000860 1 870
7722 17670 9000870 1 872
7724 17669 9000880 1 874
7724 17669 9000890 1 875
7725 17668 9000900 1 876
7726 17668 9000910 1 877
7726 17668 9000920 1 878
7726 17668 9000930 1 879
7726 17668 9000940 1 880
7726 17668 9000950 1 881
7726 17668 9000960 1 882
7726 17668 9000970 1 883
7725 17669 9000980 1 886
7724 17669 9000990 1 887
7724 17669 9001000 1 888
7724 17670 9001010 1 889
7723 17670 9001020 1 890
7723 17671 9001030 1 893
7723 17672 9001040 1 894
7723 17672 9001050 1 896
7722 17672 9001060 1 897
7722 17673 9001070 1 897
7722 17674 9001080 1 899
7722 17674 9001090 1 900
7721 17675 9001100 1 901
7721 17675 9001110 1 902
7721 17675 9001120 1 903
7721 17676 9001130 1 904
7721 17676 9001140 1 905
7722 17676 9001150 1 906
7722 17676 9001160 1 907
7722 17675 9001170 1 908
7722 17675 9001180 1 911
7722 17675 9001190 1 912
7722 17675 9001200 1 913
7723 17674 9001210 1 914
7723 17674 9001220 1 915
7723 17674 9001230 1 916
7723 17673 9001240 1 916
7723 17673 9001250 1 917
7722 17673 9001260 1 918
7722 17673 9001270 1 919
7722 17673 9001280 1 922
7721 17673 9001290 1 923
7721 17673 9001300 1 924
7721 17673 9001310 1 925
7721 17673 9001320 1 926
7721 17673 9001330 1 927
7721 17673 9001340 1 928
7721 17673 9001350 1 929
7721 17672 9001360 1 930
7722 17672 9001370 1 931
7723 17672 9001380 1 933
7723 17672 9001390 1 934
7723 17673 9001400 1 934
7724 17673 9001410 1 935
7724 17673 9001420 1 936
7724 17674 9001430 1 937
7724 17675 9001440 1 938
7724 17675 9001450 1 939
7724 17676 9001460 1 940
7724 17676 9001470 1 941
7725 17676 9001480 1 943
7725 17676 9001490 1 944
7725 17676 9001500 1 945
7725 17676 9001510 1 946
7725 17676 9001520 1 947
7725 17676 9001530 1 949
7725 17676 9001540 1 950
7725 17676 9001550 1 951
7725 17676 9001560 1 951
7724 17676 9001570 1 952
7724 17676 9001580 1 954
7724 17675 9001590 1 955
7724 17675 9001600 1 956
7724 17675 9001610 1 956
7724 17674 9001620 1 958
7724 17674 9001630 1 959
7724 17674 9001640 1 960
7724 17674 9001650 1 961
7724 17674 9001660 1 962
7724 17674 9001670 1 963
7723 17674 9001680 1 965
7723 17674 9001690 1 966
7723 17673 9001700 1 967
7722 17673 9001710 1 968
7722 17673 9001720 1 968
7722 17672 9001730 1 969
7722 17672 9001740 1 971
7721 17672 9001750 1 972
7721 17672 9001760 1 973
7721 17672 9001770 1 974
7721 17672 9001780 1 977
7721 17672 9001790 1 979
7721 17673 9001800 1 980
7721 17673 9001810 1 982
7721 17673 9001820 1 983
7722 17674 9001830 1 984
7722 17674 9001840 1 985
7722 17675 9001850 1 986
7722 17675 9001860 1 987
7722 17676 9001870 1 988
7722 17677 9001880 1 991
7722 17677 9001890 1 991
7722 17678 9001900 1 992
7722 17678 9001910 1 994
7723 17678 9001920 1 995
7723 17678 9001930 1 996
7723 17679 9001940 1 997
7723 17679 9001950 1 999
7723 17679 9001960 1 1000
7723 17679 9001970 1 1001
7723 17679 9001980 1 1003
7723 17678 9001990 1 1004
7723 17678 9002000 1 1006
7723 17677 9002010 1 1007
7723 17677 9002020 1 1009
7723 17677 9002030 1 1011
7723 17676 9002040 1 1013
7723 17676 9002050 1 1014
7723 17675 9002060 1 1014
7723 17675 9002070 1 1015
7723 17674 9002080 1 1017
7723 17674 9002090 1 1019
7723 17673 9002100 1 1021
7723 17673 9002110 1 1022
7723 17672 9002120 1 1023
7723 17672 9002130 1 1024
7723 17671 9002140 1 1024
7723 17671 9002150 1 1024
7723 17670 9002160 1 1024
7723 17670 9002170 1 1024
7724 17668 9002180 1 1024
7724 17668 9002190 1 1024
7724 17667 9002200 1 1024
7725 17667 9002210 1 1024
7725 17667 9002220 1 1024
7725 17667 9002230 1 1024
7725 17667 9002240 1 1024
7725 17667 9002250 1 1024
7724 17667 9002260 1 1024
7724 17667 9002270 1 1024
7723 17668 9002280 1 1024
7723 17668 9002290 1 1024
7723 17668 9002300 1 1024
7723 17669 9002310 1 1024
7722 17669 9002320 1 1024
7722 17670 9002330 1 1024
7722 17671 9002340 1 1024
7722 17672 9002350 1 1024
7722 17673 9002360 1 1024
7723 17674 9002370 1 1024
7723 17675 9002380 1 1024
7723 17676 9002390 1 1024
7723 17677 9002400 1 1024
7724 17677 9002410 1 1024
7724 17677 9002420 1 1024
7724 17677 9002430 1 1024
7724 17677 9002440 1 1024
7724 17677 9002450 1 1024
7724 17677 9002460 1 1024
7724 17676 9002470 1 1024
7724 17676 9002480 1 1024
7724 17675 9002490 1 1024
7725 17675 9002500 1 1024
7724 17674 9002510 1 1024
7724 17673 9002520 1 1024
7724 17673 9002530 1 1024
7724 17672 9002540 1 1024
7724 17671 9002550 1 1024
7724 17671 9002560 1 1024
7724 17670 9002570 1 1024
7723 17669 9002580 1 1024
7723 17669 9002590 1 1024
7723 17669 9002600 1 1024
7723 17669 9002610 1 1024
7722 17669 9002620 1 1024
7722 17669 9002630 1 1024
7722 17669 9002640 1 1024
7722 17670 9002650 1 1024
7722 17670 9002660 1 1024
7722 17670 9002670 1 1024
7722 17671 9002680 1 1024
7721 17672 9002690 1 1024
7721 17672 9002700 1 1024
7721 17673 9002710 1 1024
7721 17673 9002720 1 1024
7721 17674 9002730 1 1024
7722 17675 9002740 1 1024
7722 17676 9002750 1 1024
7722 17676 9002760 1 1024
7722 17677 9002770 1 1024
7723 17678 9002780 1 1024
7723 17678 9002790 1 1024
7723 17678 9002800 1 1024
7723 17679 9002810 1 1024
7722 17678 9002820 1 1024
7722 17678 9002830 1 1024
7722 17678 9002840 1 1024
7721 17677 9002850 1 1024
7721 17677 9002860 1 1024
7720 17677 9002870 1 1024
7719 17676 9002880 1 1024
7719 17675 9002890 1 1024
7719 17674 9002900 1 1024
7718 17673 9002910 1 1024
7718 17672 9002920 1 1024
7718 17671 9002930 1 1024
7718 17670 9002940 1 1024
7718 17669 9002950 1 1024
7718 17668 9002960 1 1024
7718 17667 9002970 1 1024
7718 17666 9002980 1 1024
7718 17665 9002990 1 1024
7719 17665 9003000 1 1024
7719 17665 9003010 1 1024
7720 17664 9003020 1 1024
7720 17665 9003030 1 1024
7721 17665 9003040 1 1024
7721 17665 9003050 1 1024
7722 17666 9003060 1 1024
7722 17666 9003070 1 1024
7723 17667 9003080 1 1024
7724 17668 9003090 1 1024
7724 17668 9003100 1 1024
7724 17669 9003110 1 1024
7724 17669 9003120 1 1024
7725 17670 9003130 1 1024
7725 17671 9003140 1 1024
7725 17671 9003150 1 1024
7725 17672 9003160 1 1024
7725 17672 9003170 1 1024
7724 17672 9003180 1 1024
7724 17673 9003190 1 1024
7723 17673 9003200 1 1024
7723 17673 9003210 1 1024
7723 17673 9003220 1 1024
7722 17673 9003230 1 1024
7722 17672 9003240 1 1024
7722 17672 9003250 1 1024
7722 17671 9003260 1 1024
7722 17671 9003270 1 1024
7722 17670 9003280 1 1024
7722 17670 9003290 1 1024
7722 17669 9003300 1 1024
7723 17669 9003310 1 1024
7723 17668 9003320 1 1024
7724 17668 9003330 1 1024
7724 17668 9003340 1 1024
7724 17668 9003350 1 1024
7724 17668 9003360 1 1024
7725 17668 9003370 1 1024
7725 17667 9003380 1 1024
7725 17667 9003390 1 1024
7725 17667 9003400 1 1024
7724 17667 9003410 1 1024
7724 17666 9003420 1 1024
7724 17666 9003430 1 1024
7724 17666 9003440 1 1024
7724 17666 9003450 1 1024
7724 17666 9003460 1 1024
7724 17667 9003470 1 1024
7724 17667 9003480 1 1024
7724 17668 9003490 1 1024
7724 17668 9003500 1 1024
7724 17669 9003510 1 1024
7724 17670 9003520 1 1024
7723 17670 9003530 1 1024
7723 17671 9003540 1 1024
7722 17672 9003550 1 1024
7722 17673 9003560 1 1024
7721 17674 9003570 1 1024
7720 17676 9003580 1 1024
7719 17677 9003590 1 1024
7718 17677 9003600 1 1024
7718 17678 9003610 1 1024
7717 17679 9003620 1 1024
7717 17680 9003630 1 1024
7717 17680 9003640 1 1024
7716 17681 9003650 1 1024
7716 17681 9003660 1 1024
7716 17681 9003670 1 1024
7717 17681 9003680 1 1024
7717 17681 9003690 1 1024
7718 17681 9003700 1 1024
7719 17680 9003710 1 1024
7719 17680 9003720 1 1024
7718 17680 9003730 1 1024
7716 17679 9003740 1 1024
7711 17678 9003750 1 1024
7702 17677 9003760 1 1024
7688 17676 9003770 1 1024
7653 17671 9003780 1 1024
7634 17668 9003790 1 1024
7618 17665 9003800 1 1024
7605 17662 9003810 1 1024
7596 17659 9003820 1 1024
7594 17658 9003830 1 1024
7596 17659 9003840 1 1024
7604 17661 9003850 1 1024
7615 17665 9003860 1 1024
7629 17671 9003870 1 1024
7658 17691 9003880 1 1024
7670 17703 9003890 1 1024
7679 17714 9003900 1 1024
7685 17724 9003910 1 1024
7684 17732 9003920 1 1024
7676 17737 9003930 1 1024
7662 17738 9003940 1 1024
7644 17736 9003950 1 1024
7624 17729 9003960 1 1024
7608 17721 9003970 1 1024
7592 17704 9003980 1 1024
7594 17698 9003990 1 1024
7604 17693 9004000 1 1024
7620 17691 9004010 1 1024
7641 17693 9004020 1 1024
7664 17699 9004030 1 1024
7686 17710 9004040 1 1024
7707 17722 9004050 1 1024
7726 17736 9004060 1 1024
7742 17751 9004070 1 1024
7752 17776 9004080 1 1024
7749 17781 9004090 1 1024
7750 17778 9004100 1 1024
7755 17774 9004110 1 1024
7761 17772 9004120 1 1024
7767 17773 9004130 1 1024
7771 17774 9004140 1 1024
7773 17776 9004150 1 1024
7775 17778 9004160 1 1024
7776 17780 9004170 1 1024
7777 17782 9004180 1 1024
7777 17783 9004190 1 1024
7777 17784 9004200 1 1024
7777 17785 9004210 1 1024
7777 17785 9004220 1 1024
7777 17786 9004230 1 1024
7777 17786 9004240 1 1024
7777 17787 9004250 1 1024
7777 17787 9004260 1 1024
7777 17788 9004270 1 1024
7777 17789 9004280 1 1024
7777 17790 9004290 1 1024
7777 17791 9004300 1 1024
7777 17792 9004310 1 1024
7777 17792 9004320 1 1024
7777 17793 9004330 1 1024
7778 17794 9004340 1 1024
7778 17794 9004350 1 1024
7779 17795 9004360 1 1024
7779 17795 9004370 1 1024
7780 17795 9004380 1 1024
7781 17795 9004390 1 1014
7781 17794 9004400 1 975
7782 17794 9004410 1 927
7783 17793 9004420 1 867
7783 17793 9004430 1 794
