7660 18633 5680801 1 586
7658 18632 5680811 1 601
7657 18632 5680821 1 612
7655 18630 5680831 1 621
7655 18630 5680841 1 624
7655 18630 5680851 1 625
7654 18630 5680861 1 624
7654 18629 5680871 1 618
7656 18629 5680881 1 599
7656 18628 5680891 1 586
7657 18627 5680901 1 570
7658 18626 5680911 1 553
7660 18623 5680921 1 514
7661 18621 5680931 1 491
7662 18619 5680941 1 469
7664 18616 5680951 1 445
7668 18612 5680961 1 396
7669 18609 5680971 1 370
7670 18607 5680981 1 345
7671 18604 5680991 1 321
7671 18602 5681001 1 296
7671 18599 5681011 1 273
7670 18597 5681021 1 250
7667 18595 5681031 1 230
7651 18589 5681041 1 177
7644 18587 5681051 1 164
7637 18586 5681061 1 153
7629 18585 5681071 1 145
7622 18584 5681081 1 140
7615 18584 5681091 1 139
7608 18584 5681101 1 138
7603 18585 5681111 1 137
7599 18586 5681121 1 135
7597 18589 5681131 1 133
7598 18591 5681141 1 132
7600 18594 5681151 1 131
7610 18600 5681161 1 128
7616 18603 5681171 1 127
7623 18606 5681181 1 132
7630 18608 5681191 1 143
7637 18611 5681201 1 160
7647 18616 5681211 1 210
7653 18618 5681221 1 242
7657 18619 5681231 1 277
7660 18621 5681241 1 315
7662 18622 5681251 1 354
7664 18622 5681261 1 395
7664 18623 5681271 1 437
7662 18623 5681281 1 519
7660 18623 5681291 1 595
7659 18623 5681301 1 630
7658 18622 5681311 1 660
7657 18622 5681321 1 686
7657 18621 5681331 1 706
7656 18621 5681341 1 720
7656 18620 5681351 1 728
7656 18620 5681361 1 730
7656 18619 5681371 1 730
7658 18618 5681381 1 727
7658 18618 5681391 1 723
7657 18618 5681401 1 715
7657 18618 5681411 1 711
7657 18619 5681421 1 706
7656 18619 5681431 1 702
7657 18620 5681441 1 699
7657 18620 5681451 1 695
7660 18620 5681461 1 690
7661 18621 5681471 1 688
7663 18621 5681481 1 687
7664 18621 5681491 1 686
7665 18621 5681501 1 687
7665 18621 5681511 1 687
7665 18621 5681521 1 689
7663 18621 5681531 1 690
7660 18622 5681541 1 694
7657 18622 5681551 1 696
7653 18622 5681561 1 699
7648 18622 5681571 1 701
7644 18623 5681581 1 704
7639 18624 5681591 1 707
7635 18625 5681601 1 710
7631 18626 5681611 1 713
7628 18627 5681621 1 716
7623 18629 5681631 1 722
7624 18631 5681641 1 727
7626 18632 5681651 1 730
7630 18633 5681661 1 732
7635 18634 5681671 1 734
7640 18635 5681681 1 736
7646 18635 5681691 1 738
7651 18635 5681701 1 739
7660 18635 5681711 1 740
7664 18634 5681721 1 740
7667 18633 5681731 1 741
7668 18632 5681741 1 740
7669 18631 5681751 1 740
7667 18628 5681761 1 738
7665 18626 5681771 1 738
7663 18624 5681781 1 737
7661 18622 5681791 1 735
7659 18621 5681801 1 736
7658 18619 5681811 1 735
7658 18618 5681821 1 735
7658 18618 5681831 1 735
7660 18617 5681841 1 735
7662 18616 5681851 1 736
7664 18616 5681861 1 737
7667 18616 5681871 1 739
7674 18614 5681881 1 746
7676 18614 5681891 1 751
7678 18614 5681901 1 756
7679 18613 5681911 1 761
7680 18613 5681921 1 767
7681 18613 5681931 1 774
7682 18612 5681941 1 781
7683 18611 5681951 1 790
7685 18611 5681961 1 809
7688 18611 5681971 1 819
7691 18611 5681981 1 829
7695 18611 5681991 1 840
7704 18612 5682001 1 860
7709 18613 5682011 1 868
7713 18614 5682021 1 876
7716 18615 5682031 1 883
7721 18618 5682041 1 891
7722 18620 5682051 1 890
7721 18621 5682061 1 889
7720 18623 5682071 1 885
7717 18625 5682081 1 879
7714 18626 5682091 1 870
7711 18627 5682101 1 857
7707 18628 5682111 1 843
7698 18630 5682121 1 779
7696 18630 5682131 1 751
7694 18629 5682141 1 720
7693 18629 5682151 1 688
7693 18628 5682161 1 653
7693 18627 5682171 1 615
7694 18625 5682181 1 577
7696 18624 5682191 1 538
7697 18623 5682201 1 497
7699 18620 5682211 1 416
7700 18618 5682221 1 376
7700 18617 5682231 1 336
7699 18614 5682241 1 259
7697 18613 5682251 1 223
7696 18612 5682261 1 189
7694 18611 5682271 1 158
7693 18610 5682281 1 128
7690 18608 5682291 1 77
7690 18608 5682301 1 57
7690 18608 5682311 1 41
7692 18608 5682321 1 42
7694 18608 5682331 1 43
7696 18608 5682341 1 45
7699 18609 5682351 1 46
7703 18611 5682361 1 48
7707 18613 5682371 1 51
7708 18614 5682381 1 52
7708 18616 5682391 1 64
7708 18617 5682401 1 81
7707 18618 5682411 1 101
7705 18619 5682421 1 121
7703 18620 5682431 1 144
7701 18620 5682441 1 169
7699 18621 5682451 1 194
7696 18623 5682461 1 249
7695 18623 5682471 1 278
7693 18624 5682481 1 338
7694 18625 5682491 1 368
7695 18626 5682501 1 399
7697 18626 5682511 1 429
7699 18627 5682521 1 461
7701 18628 5682531 1 492
7706 18629 5682541 1 552
7710 18630 5682551 1 581
7714 18631 5682561 1 609
7718 18631 5682571 1 636
7722 18632 5682581 1 663
7725 18633 5682591 1 688
7732 18634 5682601 1 734
7734 18635 5682611 1 755
7736 18636 5682621 1 791
7737 18636 5682631 1 806
7736 18637 5682641 1 819
7734 18637 5682651 1 830
7732 18637 5682661 1 838
7728 18637 5682671 1 845
7724 18637 5682681 1 851
7720 18636 5682691 1 854
7715 18635 5682701 1 856
7709 18633 5682711 1 857
7701 18630 5682721 1 853
7697 18629 5682731 1 850
7695 18627 5682741 1 847
7693 18626 5682751 1 844
7691 18624 5682761 1 840
7691 18623 5682771 1 836
7691 18622 5682781 1 832
7695 18620 5682791 1 826
7696 18620 5682801 1 823
7698 18619 5682811 1 821
7700 18619 5682821 1 820
7703 18619 5682831 1 820
7710 18619 5682841 1 823
7713 18620 5682851 1 825
7717 18620 5682861 1 828
7719 18621 5682871 1 834
7721 18622 5682881 1 837
7723 18623 5682891 1 839
7724 18624 5682901 1 841
7724 18624 5682911 1 842
7723 18625 5682921 1 842
7721 18626 5682931 1 841
7719 18626 5682941 1 838
7717 18627 5682951 1 834
7715 18629 5682961 1 811
7715 18630 5682971 1 799
7715 18630 5682981 1 784
7715 18631 5682991 1 766
7716 18631 5683001 1 747
7718 18632 5683011 1 724
7719 18632 5683021 1 698
7720 18632 5683031 1 668
7722 18630 5683041 1 598
7722 18629 5683051 1 558
7723 18628 5683061 1 514
7723 18627 5683071 1 466
7722 18624 5683081 1 356
7722 18623 5683091 1 294
7722 18622 5683101 1 228
7722 18620 5683111 1 156
7722 18619 5683121 1 159
7722 18619 5683131 1 160
7723 18618 5683141 1 161
7724 18618 5683151 1 162
7724 18619 5683161 1 163
7725 18619 5683171 1 165
7727 18620 5683181 1 166
7728 18621 5683191 1 167
7731 18626 5683201 1 184
7732 18627 5683211 1 201
7734 18629 5683221 1 224
7734 18630 5683231 1 257
7735 18632 5683241 1 301
7736 18634 5683251 1 356
7736 18635 5683261 1 427
7736 18636 5683271 1 511
7736 18638 5683281 1 613
