10040 16886 3763290 1 331
9484 17913 3763300 1 401
9663 18661 3763310 1 442
10405 19876 3763320 1 465
10649 19339 3763330 1 475
10338 19393 3763340 1 482
10127 19394 3763350 1 496
10151 19126 3763360 1 521
10153 18846 3763370 1 554
9568 17769 3763380 1 599
8981 17208 3763390 1 593
8350 17186 3763400 1 553
8000 17344 3763410 1 474
7957 17393 3763420 1 428
8000 17398 3763430 1 367
7937 17456 3763440 1 244
7879 17445 3763450 1 124
7857 17355 3763460 0 0
7849 17184 3763470 0 0
7853 17113 3763480 0 0
7852 17081 3763490 0 0
7849 17127 3763500 0 0
7847 17235 3763510 0 0
7841 17380 3763520 0 0
7835 17551 3763530 0 0
7827 17714 3763540 0 0
7821 17776 3763550 0 0
7815 17654 3763560 1 7
7799 17440 3763570 1 10
7811 17163 3763580 1 21
7853 16845 3763590 1 46
7918 16542 3763600 1 85
8012 16306 3763610 1 142
8131 16165 3763620 1 221
8272 16142 3763630 1 323
8432 16290 3763640 1 455
8787 16923 3763650 1 815
8969 17299 3763660 1 1024
9147 17638 3763670 1 1024
9315 17899 3763680 1 1024
9402 17973 3763690 1 1024
9477 17935 3763700 1 1024
9622 17894 3763710 1 1024
9755 17820 3763720 1 1024
9868 17764 3763730 1 1024
10025 17880 3763740 1 1024
10055 18098 3763750 1 1024
10038 18413 3763760 1 1024
9971 18802 3763770 1 1024
9842 19222 3763780 1 1024
9643 19624 3763790 1 1024
9367 19970 3763800 1 1024
9111 20274 3763810 1 1024
8757 20454 3763820 1 1024
7734 20362 3763830 1 1024
