7853 17404 5167964 1 655
7846 17403 5167974 1 656
7842 17405 5167984 1 657
7830 17399 5167994 1 658
7829 17403 5168004 1 658
7824 17410 5168014 1 660
7821 17413 5168024 1 660
7818 17414 5168034 1 661
7815 17416 5168044 1 662
7812 17416 5168054 1 663
7809 17415 5168064 1 664
7800 17413 5168074 1 666
7798 17414 5168084 1 667
7797 17416 5168094 1 667
7795 17419 5168104 1 669
7794 17424 5168114 1 669
7789 17441 5168124 1 671
7787 17453 5168134 1 672
7786 17466 5168144 1 672
7784 17480 5168154 1 673
7782 17495 5168164 1 674
7779 17510 5168174 1 675
7776 17546 5168184 1 677
7774 17553 5168194 1 678
7773 17559 5168204 1 679
7772 17561 5168214 1 680
7773 17559 5168224 1 680
7780 17552 5168234 1 682
7783 17544 5168244 1 683
7786 17535 5168254 1 684
7791 17526 5168264 1 685
7797 17517 5168274 1 686
7803 17508 5168284 1 687
7825 17489 5168294 1 689
7832 17485 5168304 1 690
7838 17482 5168314 1 691
7845 17480 5168324 1 691
7850 17479 5168334 1 693
7860 17476 5168344 1 694
7863 17473 5168354 1 695
7866 17469 5168364 1 696
7869 17463 5168374 1 697
7870 17455 5168384 1 698
7872 17444 5168394 1 699
7869 17401 5168404 1 701
7868 17384 5168414 1 702
7865 17366 5168424 1 703
7862 17348 5168434 1 704
7858 17330 5168444 1 705
7844 17301 5168454 1 707
7838 17290 5168464 1 708
7830 17283 5168474 1 709
7822 17279 5168484 1 709
7813 17279 5168494 1 710
7803 17283 5168504 1 711
7775 17316 5168514 1 714
7765 17332 5168524 1 715
7755 17351 5168534 1 716
7747 17370 5168544 1 716
7740 17389 5168554 1 717
7732 17424 5168564 1 719
7729 17439 5168574 1 721
7728 17452 5168584 1 722
7728 17462 5168594 1 723
7730 17469 5168604 1 724
7733 17473 5168614 1 724
7745 17465 5168624 1 727
7750 17457 5168634 1 728
7756 17446 5168644 1 729
7761 17434 5168654 1 730
7765 17420 5168664 1 731
7772 17391 5168674 1 733
7774 17376 5168684 1 734
7776 17362 5168694 1 735
7778 17348 5168704 1 736
7780 17336 5168714 1 737
7781 17326 5168724 1 737
7781 17308 5168734 1 740
7781 17307 5168744 1 741
7780 17307 5168754 1 742
7778 17310 5168764 1 743
7777 17315 5168774 1 744
7771 17332 5168784 1 746
7767 17342 5168794 1 747
7763 17353 5168804 1 748
7759 17365 5168814 1 749
7755 17377 5168824 1 750
7750 17388 5168834 1 751
7742 17416 5168844 1 754
7740 17423 5168854 1 755
7740 17429 5168864 1 756
7740 17432 5168874 1 757
7742 17433 5168884 1 758
7746 17435 5168894 1 760
7749 17434 5168904 1 761
7754 17431 5168914 1 762
7759 17429 5168924 1 763
7764 17427 5168934 1 764
7769 17425 5168944 1 765
7782 17427 5168954 1 768
7785 17429 5168964 1 769
7789 17432 5168974 1 771
7792 17436 5168984 1 772
7794 17440 5168994 1 773
7798 17444 5169004 1 775
7799 17446 5169014 1 776
7799 17448 5169024 1 777
7799 17449 5169034 1 778
7799 17448 5169044 1 779
7799 17446 5169054 1 780
7796 17437 5169064 1 783
7795 17433 5169074 1 784
7794 17429 5169084 1 786
7794 17425 5169094 1 787
7794 17422 5169104 1 788
7792 17422 5169114 1 789
7793 17421 5169124 1 790
7794 17421 5169134 1 791
7795 17422 5169144 1 792
7795 17423 5169154 1 793
7796 17424 5169164 1 795
7796 17426 5169174 1 799
7797 17425 5169184 1 800
7797 17423 5169194 1 801
7798 17420 5169204 1 803
7798 17416 5169214 1 804
7803 17407 5169224 1 807
7805 17401 5169234 1 809
7809 17395 5169244 1 810
7813 17390 5169254 1 811
7818 17385 5169264 1 812
7823 17381 5169274 1 813
7840 17375 5169284 1 815
7847 17376 5169294 1 814
7853 17378 5169304 1 815
7858 17381 5169314 1 814
7863 17386 5169324 1 813
7871 17393 5169334 1 813
7874 17397 5169344 1 813
7876 17402 5169354 1 813
7877 17407 5169364 1 814
7878 17410 5169374 1 816
7878 17412 5169384 1 820
7878 17413 5169394 1 833
7877 17411 5169404 1 840
7877 17408 5169414 1 848
7876 17405 5169424 1 856
7876 17400 5169434 1 865
7877 17392 5169444 1 881
7877 17386 5169454 1 888
7879 17380 5169464 1 894
7880 17373 5169474 1 900
7882 17367 5169484 1 904
7883 17361 5169494 1 906
7885 17350 5169504 1 899
7886 17347 5169514 1 892
7887 17345 5169524 1 881
7887 17345 5169534 1 867
7887 17346 5169544 1 849
7886 17350 5169554 1 804
7886 17354 5169564 1 775
7886 17360 5169574 1 744
7886 17366 5169584 1 710
7885 17373 5169594 1 673
7884 17381 5169604 1 636
7881 17398 5169614 1 513
7879 17404 5169624 1 470
7877 17410 5169634 1 427
7874 17415 5169644 1 383
7871 17418 5169654 1 341
7866 17422 5169664 1 258
7862 17423 5169674 1 219
7858 17423 5169684 1 182
7853 17423 5169694 1 147
7849 17422 5169704 1 114
7844 17420 5169714 1 85
7836 17419 5169724 1 15
7833 17419 5169734 1 9
7830 17419 5169744 1 10
7829 17419 5169754 1 11
7828 17420 5169764 1 12
7829 17421 5169774 1 13
7831 17421 5169784 1 15
7834 17422 5169794 1 29
7837 17421 5169804 1 57
7841 17421 5169814 1 90
7846 17419 5169824 1 127
7858 17410 5169834 1 259
7863 17405 5169844 1 309
7868 17400 5169854 1 361
7873 17395 5169864 1 414
7877 17389 5169874 1 468
7880 17378 5169884 1 574
7882 17373 5169894 1 627
7883 17369 5169904 1 679
7883 17365 5169914 1 728
7883 17361 5169924 1 775
7882 17358 5169934 1 818
7879 17356 5169944 1 927
7877 17356 5169954 1 955
7875 17357 5169964 1 978
7874 17359 5169974 1 997
7872 17361 5169984 1 1002
7870 17365 5169994 1 1001
7869 17367 5170004 1 1000
7868 17369 5170014 1 1000
7867 17372 5170024 1 999
7866 17374 5170034 1 998
7865 17376 5170044 1 998
7864 17382 5170054 1 996
7864 17384 5170064 1 996
7864 17387 5170074 1 995
7864 17389 5170084 1 995
7864 17392 5170094 1 988
7865 17399 5170104 1 968
7864 17401 5170114 1 958
7864 17404 5170124 1 948
7863 17407 5170134 1 940
7862 17409 5170144 1 932
7861 17411 5170154 1 925
7859 17416 5170164 1 915
7859 17417 5170174 1 915
7858 17417 5170184 1 917
7857 17416 5170194 1 922
7857 17415 5170204 1 929
7854 17411 5170214 1 949
7853 17409 5170224 1 961
7852 17406 5170234 1 974
7851 17403 5170244 1 984
7850 17399 5170254 1 983
7849 17395 5170264 1 983
7847 17381 5170274 1 981
7847 17376 5170284 1 981
7847 17371 5170294 1 980
7849 17365 5170304 1 980
7850 17359 5170314 1 979
7854 17349 5170324 1 978
7857 17344 5170334 1 978
7861 17338 5170344 1 977
7866 17333 5170354 1 976
7871 17328 5170364 1 976
7876 17325 5170374 1 975
7892 17318 5170384 1 974
7898 17317 5170394 1 973
7904 17318 5170404 1 973
7910 17320 5170414 1 936
7915 17323 5170424 1 893
7924 17328 5170434 1 795
7928 17332 5170444 1 740
7931 17337 5170454 1 682
7933 17342 5170464 1 623
7935 17346 5170474 1 561
7936 17351 5170484 1 499
7936 17362 5170494 1 312
7935 17365 5170504 1 253
7933 17368 5170514 1 194
7931 17370 5170524 1 139
7929 17372 5170534 1 110
7924 17376 5170544 1 111
7921 17377 5170554 1 112
7919 17378 5170564 1 114
7915 17379 5170574 1 115
7913 17380 5170584 1 116
7910 17381 5170594 1 117
7901 17385 5170604 1 119
7899 17386 5170614 1 121
7896 17387 5170624 1 122
7894 17388 5170634 1 123
7892 17389 5170644 1 124
7890 17390 5170654 1 159
7890 17389 5170664 1 245
7890 17389 5170674 1 338
7890 17388 5170684 1 435
7891 17386 5170694 1 533
7894 17385 5170704 1 632
7904 17381 5170714 1 891
7909 17381 5170724 1 951
7914 17381 5170734 1 950
7920 17382 5170744 1 949
7926 17383 5170754 1 949
7933 17389 5170764 1 948
7938 17394 5170774 1 947
7942 17399 5170784 1 947
7944 17404 5170794 1 946
7945 17410 5170804 1 946
7944 17415 5170814 1 945
7936 17428 5170824 1 944
7930 17432 5170834 1 943
7923 17434 5170844 1 942
7916 17435 5170854 1 942
7908 17435 5170864 1 941
7898 17434 5170874 1 941
7892 17432 5170884 1 940
7886 17429 5170894 1 939
7883 17426 5170904 1 939
7881 17424 5170914 1 938
7881 17420 5170924 1 937
7886 17413 5170934 1 936
7890 17410 5170944 1 936
7896 17408 5170954 1 935
7902 17407 5170964 1 934
7908 17405 5170974 1 934
7917 17404 5170984 1 933
7923 17404 5170994 1 932
7928 17404 5171004 1 932
7932 17404 5171014 1 931
7936 17404 5171024 1 900
7939 17405 5171034 1 813
7952 17407 5171044 1 454
7956 17408 5171054 1 298
7960 17408 5171064 1 178
7965 17408 5171074 1 179
7971 17408 5171084 1 180
7982 17407 5171094 1 181
7988 17406 5171104 1 182
7995 17404 5171114 1 184
8001 17402 5171124 1 185
8007 17399 5171134 1 186
8012 17396 5171144 1 187
8017 17383 5171154 1 189
8016 17378 5171164 1 190
8015 17372 5171174 1 192
8011 17365 5171184 1 193
8007 17359 5171194 1 194
7998 17347 5171204 1 195
7991 17340 5171214 1 196
7984 17334 5171224 1 197
7978 17329 5171234 1 199
7971 17324 5171244 1 200
7966 17320 5171254 1 201
7952 17312 5171264 1 203
7949 17311 5171274 1 206
7946 17311 5171284 1 213
7943 17313 5171294 1 226
7940 17314 5171304 1 248
7935 17314 5171314 1 280
7932 17316 5171324 1 326
7928 17317 5171334 1 387
7925 17317 5171344 1 464
7920 17317 5171354 1 561
7916 17315 5171364 1 679
