8176 17442 8213077 1 699
8176 17442 8213087 1 699
8176 17442 8213097 1 700
8176 17442 8213107 1 700
8177 17442 8213117 1 702
8179 17442 8213127 1 702
8181 17442 8213137 1 703
8183 17442 8213147 1 703
8186 17442 8213157 1 704
8189 17442 8213167 1 704
8192 17442 8213177 1 705
8195 17441 8213187 1 706
8198 17441 8213197 1 707
8201 17441 8213207 1 708
8204 17441 8213217 1 708
8207 17441 8213227 1 708
8210 17442 8213237 1 708
8213 17442 8213247 1 709
8216 17443 8213257 1 710
8218 17443 8213267 1 711
8221 17444 8213277 1 712
8223 17445 8213287 1 712
8225 17446 8213297 1 713
8226 17447 8213307 1 713
8228 17448 8213317 1 715
8229 17449 8213327 1 716
8230 17449 8213337 1 716
8230 17450 8213347 1 717
8230 17451 8213357 1 717
8229 17452 8213367 1 718
8229 17452 8213377 1 719
8228 17453 8213387 1 720
8226 17454 8213397 1 721
8225 17454 8213407 1 721
8224 17455 8213417 1 721
8223 17456 8213427 1 722
8221 17456 8213437 1 722
8220 17457 8213447 1 724
8219 17458 8213457 1 725
8217 17458 8213467 1 726
8215 17459 8213477 1 726
8214 17460 8213487 1 726
8212 17460 8213497 1 727
8211 17461 8213507 1 727
8210 17461 8213517 1 729
8209 17462 8213527 1 730
8209 17462 8213537 1 730
8208 17462 8213547 1 731
8208 17463 8213557 1 731
8208 17463 8213567 1 732
8207 17463 8213577 1 734
8207 17464 8213587 1 734
8207 17464 8213597 1 735
8207 17464 8213607 1 735
8208 17464 8213617 1 736
8208 17464 8213627 1 736
8208 17464 8213637 1 739
8209 17464 8213647 1 739
8210 17464 8213657 1 740
8211 17464 8213667 1 740
8212 17463 8213677 1 741
8213 17463 8213687 1 741
8213 17463 8213697 1 742
8214 17462 8213707 1 744
8215 17462 8213717 1 744
8215 17462 8213727 1 745
8216 17461 8213737 1 746
8216 17461 8213747 1 746
8216 17461 8213757 1 746
8217 17460 8213767 1 747
8217 17460 8213777 1 749
8217 17460 8213787 1 749
8216 17459 8213797 1 750
8216 17459 8213807 1 751
8215 17458 8213817 1 751
8214 17457 8213827 1 752
8213 17456 8213837 1 753
8212 17455 8213847 1 755
8211 17455 8213857 1 755
8210 17454 8213867 1 756
8209 17453 8213877 1 756
8208 17451 8213887 1 757
8207 17450 8213897 1 758
8207 17449 8213907 1 760
8207 17448 8213917 1 760
8207 17447 8213927 1 761
8208 17446 8213937 1 762
8209 17444 8213947 1 763
8210 17443 8213957 1 763
8211 17442 8213967 1 764
8212 17441 8213977 1 766
8214 17440 8213987 1 766
8216 17439 8213997 1 767
8219 17438 8214007 1 768
8222 17437 8214017 1 769
8225 17436 8214027 1 769
8229 17435 8214037 1 769
8233 17434 8214047 1 770
8238 17432 8214057 1 772
8242 17431 8214067 1 772
8247 17430 8214077 1 773
8252 17429 8214087 1 774
8258 17428 8214097 1 775
8263 17426 8214107 1 775
8268 17425 8214117 1 776
8273 17424 8214127 1 777
8278 17423 8214137 1 779
8282 17422 8214147 1 780
8290 17420 8214157 1 780
8294 17419 8214167 1 781
8297 17418 8214177 1 782
8300 17417 8214187 1 782
8303 17416 8214197 1 785
8305 17416 8214207 1 785
8308 17415 8214217 1 786
8310 17414 8214227 1 787
8311 17414 8214237 1 787
8313 17414 8214247 1 788
8314 17414 8214257 1 789
8315 17413 8214267 1 790
8316 17413 8214277 1 792
8317 17414 8214287 1 792
8317 17414 8214297 1 792
8317 17414 8214307 1 793
8317 17415 8214317 1 794
8316 17415 8214327 1 795
8315 17415 8214337 1 796
8314 17415 8214347 1 796
8312 17415 8214357 1 797
8310 17416 8214367 1 799
8308 17416 8214377 1 800
8305 17417 8214387 1 801
8303 17417 8214397 1 802
8301 17418 8214407 1 802
8298 17418 8214417 1 803
8294 17419 8214427 1 804
8292 17419 8214437 1 804
8290 17420 8214447 1 807
8288 17420 8214457 1 808
8286 17420 8214467 1 808
8285 17420 8214477 1 809
8284 17420 8214487 1 810
8283 17420 8214497 1 810
8282 17421 8214507 1 812
8282 17421 8214517 1 814
8281 17421 8214527 1 814
8281 17422 8214537 1 815
8281 17422 8214547 1 816
8281 17423 8214557 1 816
8281 17423 8214567 1 817
8281 17424 8214577 1 818
8282 17425 8214587 1 819
8282 17425 8214597 1 820
8283 17426 8214607 1 820
8284 17427 8214617 1 821
8285 17428 8214627 1 823
8286 17429 8214637 1 824
8286 17430 8214647 1 825
8287 17431 8214657 1 826
8287 17432 8214667 1 827
8288 17433 8214677 1 827
8288 17434 8214687 1 828
8289 17436 8214697 1 830
8289 17437 8214707 1 830
8289 17438 8214717 1 832
8289 17439 8214727 1 833
8289 17439 8214737 1 834
8289 17440 8214747 1 835
8289 17440 8214757 1 836
8289 17441 8214767 1 837
8289 17441 8214777 1 838
8289 17442 8214787 1 838
8289 17442 8214797 1 839
8289 17443 8214807 1 841
8288 17443 8214817 1 843
8288 17443 8214827 1 843
8287 17444 8214837 1 843
8286 17444 8214847 1 844
8285 17445 8214857 1 845
8283 17446 8214867 1 846
8282 17446 8214877 1 847
8281 17447 8214887 1 848
8279 17447 8214897 1 849
8277 17448 8214907 1 850
8276 17449 8214917 1 852
8274 17449 8214927 1 853
8272 17450 8214937 1 853
8271 17451 8214947 1 855
8269 17452 8214957 1 856
8266 17454 8214967 1 857
8265 17455 8214977 1 857
8264 17456 8214987 1 858
8263 17457 8214997 1 859
8263 17458 8215007 1 861
8263 17459 8215017 1 862
8262 17459 8215027 1 862
8262 17460 8215037 1 864
8263 17460 8215047 1 865
8263 17461 8215057 1 866
8263 17461 8215067 1 868
8264 17462 8215077 1 869
8264 17462 8215087 1 869
8265 17462 8215097 1 869
8266 17462 8215107 1 870
8266 17462 8215117 1 871
8267 17462 8215127 1 872
8268 17462 8215137 1 874
8269 17462 8215147 1 875
8269 17462 8215157 1 875
8270 17462 8215167 1 877
8271 17462 8215177 1 878
8271 17461 8215187 1 879
8272 17461 8215197 1 881
8273 17461 8215207 1 882
8274 17461 8215217 1 883
8276 17461 8215227 1 883
8278 17460 8215237 1 884
8280 17460 8215247 1 885
8281 17460 8215257 1 887
8282 17460 8215267 1 888
8284 17460 8215277 1 889
8285 17461 8215287 1 890
8287 17461 8215297 1 890
8288 17461 8215307 1 891
8290 17461 8215317 1 894
8292 17462 8215327 1 895
8293 17462 8215337 1 896
8295 17463 8215347 1 897
8297 17463 8215357 1 898
8298 17463 8215367 1 898
8300 17463 8215377 1 899
8302 17463 8215387 1 901
8303 17463 8215397 1 901
8305 17463 8215407 1 902
8306 17463 8215417 1 903
8308 17463 8215427 1 904
8309 17463 8215437 1 905
8310 17462 8215447 1 907
8311 17462 8215457 1 908
8312 17462 8215467 1 909
8313 17462 8215477 1 910
8314 17462 8215487 1 911
8315 17462 8215497 1 913
8317 17461 8215507 1 915
8317 17461 8215517 1 915
8318 17461 8215527 1 916
8319 17460 8215537 1 917
8319 17460 8215547 1 918
8320 17460 8215557 1 919
8320 17459 8215567 1 921
8320 17459 8215577 1 922
8320 17459 8215587 1 923
8320 17459 8215597 1 924
8320 17459 8215607 1 925
8320 17458 8215617 1 926
8320 17458 8215627 1 928
8319 17458 8215637 1 929
8318 17458 8215647 1 929
8317 17458 8215657 1 930
8316 17458 8215667 1 931
8315 17459 8215677 1 932
8313 17459 8215687 1 933
8312 17459 8215697 1 935
8310 17459 8215707 1 936
8308 17460 8215717 1 937
8307 17460 8215727 1 938
8305 17461 8215737 1 939
8303 17461 8215747 1 940
8302 17461 8215757 1 942
8300 17462 8215767 1 943
8298 17463 8215777 1 944
8297 17463 8215787 1 945
8296 17463 8215797 1 946
8295 17463 8215807 1 947
8295 17463 8215817 1 950
8294 17463 8215827 1 951
8294 17463 8215837 1 952
8294 17463 8215847 1 953
8294 17463 8215857 1 954
8294 17462 8215867 1 955
8294 17462 8215877 1 957
8295 17462 8215887 1 958
8295 17461 8215897 1 959
8296 17461 8215907 1 959
8296 17460 8215917 1 960
8297 17460 8215927 1 961
8298 17459 8215937 1 962
8299 17459 8215947 1 964
8299 17458 8215957 1 965
8300 17457 8215967 1 966
8301 17457 8215977 1 967
8301 17456 8215987 1 968
8302 17455 8215997 1 969
8302 17454 8216007 1 971
8302 17453 8216017 1 972
8302 17453 8216027 1 973
8302 17452 8216037 1 974
8302 17450 8216047 1 974
8301 17450 8216057 1 976
8301 17449 8216067 1 978
8301 17448 8216077 1 979
8301 17448 8216087 1 980
8301 17447 8216097 1 981
8301 17447 8216107 1 982
8302 17447 8216117 1 983
8302 17447 8216127 1 985
8303 17447 8216137 1 986
8303 17447 8216147 1 987
8304 17447 8216157 1 988
8304 17447 8216167 1 989
8305 17448 8216177 1 990
8306 17448 8216187 1 991
8307 17448 8216197 1 993
8307 17448 8216207 1 994
8308 17448 8216217 1 995
8309 17448 8216227 1 996
8310 17447 8216237 1 997
8311 17447 8216247 1 998
8311 17447 8216257 1 1000
8312 17446 8216267 1 1001
8313 17446 8216277 1 1003
8314 17445 8216287 1 1004
8315 17445 8216297 1 1005
8316 17444 8216307 1 1006
8318 17443 8216317 1 1008
8319 17442 8216327 1 1009
8320 17441 8216337 1 1010
8321 17441 8216347 1 1011
8322 17440 8216357 1 1013
8324 17440 8216367 1 1014
8325 17439 8216377 1 1016
8327 17439 8216387 1 1016
8328 17438 8216397 1 1016
8330 17438 8216407 1 1016
8331 17437 8216417 1 1017
8332 17437 8216427 1 1017
8333 17437 8216437 1 1017
8334 17437 8216447 1 1017
8335 17437 8216457 1 1017
8335 17437 8216467 1 1018
8335 17437 8216477 1 1018
8335 17437 8216487 1 1018
8335 17437 8216497 1 1018
8334 17438 8216507 1 1018
8334 17438 8216517 1 1018
8333 17438 8216527 1 1018
8333 17439 8216537 1 1018
8332 17439 8216547 1 1018
8331 17439 8216557 1 1018
8330 17440 8216567 1 1019
8329 17440 8216577 1 1019
8328 17441 8216587 1 1019
8327 17442 8216597 1 1019
8326 17442 8216607 1 1019
8326 17443 8216617 1 1020
8325 17443 8216627 1 1020
8325 17444 8216637 1 1019
8325 17445 8216647 1 1019
8325 17445 8216657 1 1020
8324 17446 8216667 1 1020
8324 17447 8216677 1 1020
8324 17447 8216687 1 1020
8324 17448 8216697 1 1020
8323 17448 8216707 1 1021
8323 17449 8216717 1 1021
8323 17449 8216727 1 1021
8323 17449 8216737 1 1021
8322 17449 8216747 1 1021
8322 17449 8216757 1 1021
8322 17449 8216767 1 1021
8321 17449 8216777 1 1021
8321 17449 8216787 1 1021
8320 17449 8216797 1 1021
8320 17449 8216807 1 1021
8319 17449 8216817 1 1022
8318 17450 8216827 1 1022
8318 17450 8216837 1 1022
8318 17450 8216847 1 1022
8318 17451 8216857 1 1023
8318 17451 8216867 1 1023
8318 17451 8216877 1 1023
8319 17452 8216887 1 1023
8320 17453 8216897 1 1024
8320 17453 8216907 1 1023
8321 17454 8216917 1 1023
8322 17455 8216927 1 1023
8323 17456 8216937 1 1023
8323 17457 8216947 1 1022
8324 17457 8216957 1 1022
8325 17458 8216967 1 1022
8325 17459 8216977 1 1022
8325 17459 8216987 1 1023
8325 17460 8216997 1 1023
8325 17460 8217007 1 1022
8325 17461 8217017 1 1022
8325 17461 8217027 1 1022
8325 17462 8217037 1 1022
8325 17462 8217047 1 1022
8324 17462 8217057 1 1021
8324 17462 8217067 1 1021
8324 17463 8217077 1 1021
8323 17463 8217087 1 1021
8323 17463 8217097 1 1020
8323 17464 8217107 1 1020
8323 17464 8217117 1 1021
8323 17465 8217127 1 1021
8323 17465 8217137 1 1021
8323 17465 8217147 1 1020
8323 17466 8217157 1 1020
8324 17466 8217167 1 1020
8324 17466 8217177 1 1020
8324 17466 8217187 1 1019
8325 17465 8217197 1 1019
8325 17465 8217207 1 1019
8326 17464 8217217 1 1019
8326 17464 8217227 1 1020
8327 17463 8217237 1 1020
8328 17463 8217247 1 1019
8328 17462 8217257 1 1018
8329 17462 8217267 1 1019
8330 17461 8217277 1 1019
8330 17461 8217287 1 1019
8331 17460 8217297 1 1018
8332 17460 8217307 1 1018
8333 17459 8217317 1 1018
8334 17459 8217327 1 1018
8335 17458 8217337 1 1018
8336 17458 8217347 1 1017
8337 17458 8217357 1 1017
8338 17458 8217367 1 1018
8339 17458 8217377 1 1018
8340 17458 8217387 1 1017
8342 17458 8217397 1 1017
8343 17458 8217407 1 1017
8344 17458 8217417 1 1017
8345 17458 8217427 1 1017
8345 17458 8217437 1 1016
8346 17458 8217447 1 1016
8347 17457 8217457 1 1016
8347 17457 8217467 1 1016
8347 17457 8217477 1 1016
8347 17456 8217487 1 1016
8347 17456 8217497 1 1016
8347 17455 8217507 1 1016
8347 17455 8217517 1 1016
8347 17454 8217527 1 1016
8347 17454 8217537 1 1016
8347 17453 8217547 1 1015
8347 17453 8217557 1 1015
8347 17452 8217567 1 1015
8348 17452 8217577 1 1015
8348 17451 8217587 1 1014
8349 17450 8217597 1 1014
8349 17450 8217607 1 1014
8350 17449 8217617 1 1014
8350 17448 8217627 1 1013
8351 17447 8217637 1 1014
8351 17446 8217647 1 1014
8351 17445 8217657 1 1014
8352 17444 8217667 1 1014
8352 17443 8217677 1 1014
8352 17442 8217687 1 1013
8352 17442 8217697 1 1013
8352 17441 8217707 1 1013
8352 17441 8217717 1 1013
8352 17441 8217727 1 1012
8353 17441 8217737 1 1012
8353 17440 8217747 1 1012
8353 17440 8217757 1 1012
8353 17440 8217767 1 1013
8353 17440 8217777 1 1012
8353 17439 8217787 1 1012
8352 17439 8217797 1 1012
8352 17438 8217807 1 1012
8352 17438 8217817 1 1012
8351 17438 8217827 1 1011
8351 17437 8217837 1 1011
8351 17437 8217847 1 1011
8350 17437 8217857 1 1011
8350 17437 8217867 1 1011
8350 17437 8217877 1 1010
8350 17437 8217887 1 1010
8350 17437 8217897 1 1010
8349 17437 8217907 1 1010
8349 17437 8217917 1 1011
8349 17437 8217927 1 1010
8350 17438 8217937 1 1010
8351 17438 8217947 1 1010
8352 17438 8217957 1 1010
8352 17438 8217967 1 1010
8351 17438 8217977 1 1009
8348 17438 8217987 1 1009
8344 17439 8217997 1 1009
8338 17439 8218007 1 1009
8331 17439 8218017 1 1008
8323 17439 8218027 1 1008
8314 17439 8218037 1 1008
8305 17439 8218047 1 1008
8296 17439 8218057 1 1008
8288 17438 8218067 1 1008
8280 17438 8218077 1 1008
8272 17438 8218087 1 1008
8264 17438 8218097 1 1008
8257 17438 8218107 1 1008
8251 17438 8218117 1 1008
8247 17438 8218127 1 1007
8245 17438 8218137 1 1007
8245 17438 8218147 1 1007
8246 17438 8218157 1 1007
8248 17438 8218167 1 1007
8250 17439 8218177 1 1006
8252 17439 8218187 1 1006
8253 17439 8218197 1 1006
8254 17440 8218207 1 1006
8255 17440 8218217 1 1005
8255 17441 8218227 1 1006
8256 17442 8218237 1 1006
8257 17442 8218247 1 1006
8258 17443 8218257 1 1005
8259 17444 8218267 1 1005
8260 17445 8218277 1 1005
8260 17446 8218287 1 1005
8261 17447 8218297 1 1005
8261 17447 8218307 1 1004
8262 17448 8218317 1 1004
8262 17449 8218327 1 1004
8262 17449 8218337 1 1004
8262 17449 8218347 1 1004
8262 17450 8218357 1 1004
8262 17450 8218367 1 1003
8262 17450 8218377 1 1003
8263 17450 8218387 1 1003
8263 17450 8218397 1 1003
8263 17450 8218407 1 1004
8263 17450 8218417 1 1003
8263 17450 8218427 1 1003
8264 17450 8218437 1 1003
8264 17449 8218447 1 1003
8265 17449 8218457 1 1002
8265 17449 8218467 1 1002
8267 17449 8218477 1 1002
8268 17448 8218487 1 1002
8269 17448 8218497 1 1002
8270 17448 8218507 1 1001
8271 17448 8218517 1 1001
8272 17447 8218527 1 1001
8273 17447 8218537 1 1001
8274 17447 8218547 1 1001
8275 17446 8218557 1 1000
8276 17446 8218567 1 1000
8277 17446 8218577 1 1000
8277 17446 8218587 1 1001
8278 17445 8218597 1 1001
8279 17445 8218607 1 1000
8280 17445 8218617 1 1000
8280 17446 8218627 1 1000
8281 17446 8218637 1 1000
8281 17446 8218647 1 1000
8281 17446 8218657 1 999
8281 17446 8218667 1 999
8281 17447 8218677 1 999
8281 17447 8218687 1 999
8281 17447 8218697 1 999
8281 17447 8218707 1 998
8280 17447 8218717 1 998
8280 17447 8218727 1 998
8279 17447 8218737 1 998
8277 17447 8218747 1 997
8275 17447 8218757 1 997
8274 17447 8218767 1 997
8273 17447 8218777 1 997
8272 17447 8218787 1 998
8272 17447 8218797 1 998
8271 17446 8218807 1 997
8270 17446 8218817 1 997
8269 17446 8218827 1 997
8269 17446 8218837 1 997
8268 17446 8218847 1 996
8267 17446 8218857 1 996
8266 17446 8218867 1 996
8266 17446 8218877 1 996
8265 17446 8218887 1 996
8265 17446 8218897 1 995
8264 17446 8218907 1 995
8264 17446 8218917 1 995
8263 17446 8218927 1 995
8263 17446 8218937 1 995
8262 17446 8218947 1 994
8262 17446 8218957 1 994
8262 17447 8218967 1 994
8262 17447 8218977 1 994
8261 17447 8218987 1 994
8261 17447 8218997 1 993
8261 17448 8219007 1 993
8260 17448 8219017 1 994
8260 17448 8219027 1 994
8260 17449 8219037 1 994
8259 17449 8219047 1 993
8259 17449 8219057 1 116
8259 17450 8219067 1 117
8259 17450 8219077 1 117
8259 17450 8219087 1 118
8259 17450 8219097 1 119
8259 17451 8219107 1 119
8259 17451 8219117 1 121
8260 17451 8219127 1 121
8260 17451 8219137 1 122
8261 17451 8219147 1 122
8262 17452 8219157 1 122
8263 17452 8219167 1 122
8264 17452 8219177 1 123
8266 17451 8219187 1 124
8267 17451 8219197 1 125
8268 17451 8219207 1 126
8269 17451 8219217 1 126
8271 17450 8219227 1 127
8272 17450 8219237 1 127
8273 17450 8219247 1 137
8274 17449 8219257 1 155
8275 17449 8219267 1 183
8276 17449 8219277 1 219
8278 17449 8219287 1 260
8279 17449 8219297 1 307
8280 17449 8219307 1 414
8281 17449 8219317 1 473
8282 17449 8219327 1 531
8283 17449 8219337 1 590
8283 17449 8219347 1 650
8284 17450 8219357 1 707
8285 17450 8219367 1 813
8285 17451 8219377 1 859
8286 17451 8219387 1 900
8286 17451 8219397 1 934
8286 17452 8219407 1 961
8286 17452 8219417 1 973
8286 17453 8219427 1 978
8286 17453 8219437 1 986
8286 17454 8219447 1 986
8286 17454 8219457 1 986
8286 17454 8219467 1 986
8285 17455 8219477 1 986
8285 17455 8219487 1 985
8285 17456 8219497 1 985
8285 17456 8219507 1 985
8285 17456 8219517 1 985
8285 17456 8219527 1 984
8285 17457 8219537 1 984
8285 17457 8219547 1 984
8285 17457 8219557 1 985
8285 17457 8219567 1 985
8285 17457 8219577 1 984
8286 17457 8219587 1 984
8286 17457 8219597 1 984
8287 17457 8219607 1 984
8287 17457 8219617 1 983
8288 17457 8219627 1 983
8289 17457 8219637 1 983
8290 17457 8219647 1 983
8290 17457 8219657 1 983
8291 17457 8219667 1 983
8292 17456 8219677 1 982
8293 17456 8219687 1 982
8293 17455 8219697 1 982
8294 17455 8219707 1 982
8295 17455 8219717 1 982
8295 17454 8219727 1 981
8296 17454 8219737 1 981
8297 17454 8219747 1 981
8297 17454 8219757 1 981
8298 17454 8219767 1 981
8299 17454 8219777 1 980
8300 17454 8219787 1 980
8301 17454 8219797 1 980
8302 17454 8219807 1 980
8303 17454 8219817 1 168
8306 17455 8219827 1 168
8307 17455 8219837 1 169
8308 17456 8219847 1 170
8310 17456 8219857 1 170
8311 17456 8219867 1 172
8312 17457 8219877 1 172
8314 17457 8219887 1 173
8315 17457 8219897 1 173
8316 17457 8219907 1 174
8317 17457 8219917 1 175
8319 17457 8219927 1 176
8320 17457 8219937 1 176
8321 17456 8219947 1 177
8322 17456 8219957 1 178
8323 17455 8219967 1 412
8324 17455 8219977 1 743
8325 17455 8219987 1 977
8326 17454 8219997 1 977
8326 17454 8220007 1 976
8327 17454 8220017 1 976
8327 17454 8220027 1 976
8328 17454 8220037 1 976
8328 17454 8220047 1 924
8328 17454 8220057 1 835
8329 17454 8220067 1 757
8329 17454 8220077 1 697
8329 17454 8220087 1 660
8329 17454 8220097 1 755
8329 17454 8220107 1 877
8330 17454 8220117 1 974
8330 17454 8220127 1 974
8330 17454 8220137 1 973
8331 17454 8220147 1 973
8332 17454 8220157 1 196
8332 17454 8220167 1 195
8333 17454 8220177 1 196
8334 17454 8220187 1 197
8335 17454 8220197 1 198
8335 17453 8220207 1 198
8336 17453 8220217 1 200
8336 17453 8220227 1 201
8336 17453 8220237 1 202
8336 17452 8220247 1 201
8336 17452 8220257 1 210
8336 17452 8220267 1 227
8336 17451 8220277 1 283
8336 17451 8220287 1 320
8335 17451 8220297 1 363
8335 17451 8220307 1 409
8334 17451 8220317 1 458
8334 17451 8220327 1 509
8333 17451 8220337 1 616
8332 17451 8220347 1 669
8332 17451 8220357 1 720
8331 17452 8220367 1 814
8331 17452 8220377 1 855
8332 17453 8220387 1 921
8332 17453 8220397 1 945
8333 17453 8220407 1 960
8333 17454 8220417 1 967
8334 17454 8220427 1 967
8335 17454 8220437 1 967
8335 17454 8220447 1 967
8336 17454 8220457 1 966
8337 17454 8220467 1 891
8338 17454 8220477 1 641
8338 17454 8220487 1 222
8339 17454 8220497 1 223
8340 17453 8220507 1 225
8340 17453 8220517 1 225
8340 17453 8220527 1 225
8340 17452 8220537 1 226
8340 17452 8220547 1 227
8340 17452 8220557 1 227
8340 17451 8220567 1 229
8339 17451 8220577 1 230
8339 17450 8220587 1 232
8338 17450 8220597 1 238
8338 17450 8220607 1 248
8337 17450 8220617 1 267
8337 17449 8220627 1 335
8337 17449 8220637 1 454
8337 17449 8220647 1 537
8336 17449 8220657 1 639
8336 17449 8220667 1 763
