7963 17681 8476252 1 736
7964 17681 8476262 1 736
7964 17682 8476272 1 737
7965 17682 8476282 1 737
7967 17682 8476292 1 738
7969 17683 8476302 1 738
7971 17683 8476312 1 739
7974 17684 8476322 1 739
7977 17685 8476332 1 740
7979 17686 8476342 1 740
7981 17687 8476352 1 741
7984 17687 8476362 1 740
7986 17688 8476372 1 741
7988 17689 8476382 1 742
7990 17689 8476392 1 742
7992 17690 8476402 1 742
7995 17691 8476412 1 742
7998 17691 8476422 1 743
8003 17692 8476432 1 744
8005 17692 8476442 1 745
8007 17693 8476452 1 745
8009 17693 8476462 1 746
8011 17694 8476472 1 746
8012 17694 8476482 1 746
8013 17695 8476492 1 747
8014 17695 8476502 1 747
8015 17696 8476512 1 748
8015 17696 8476522 1 748
8016 17696 8476532 1 748
8015 17697 8476542 1 749
8015 17697 8476552 1 749
8015 17698 8476562 1 750
8014 17698 8476572 1 751
8013 17698 8476582 1 751
8012 17699 8476592 1 751
8011 17699 8476602 1 752
8007 17699 8476612 1 752
8005 17699 8476622 1 753
8004 17699 8476632 1 754
8002 17699 8476642 1 754
8000 17699 8476652 1 754
7999 17699 8476662 1 755
7998 17699 8476672 1 755
7996 17700 8476682 1 756
7995 17700 8476692 1 757
7993 17700 8476702 1 757
7991 17700 8476712 1 758
7989 17700 8476722 1 758
7988 17700 8476732 1 758
7986 17701 8476742 1 759
7985 17701 8476752 1 759
7984 17701 8476762 1 760
7983 17701 8476772 1 760
7983 17701 8476782 1 761
7985 17701 8476792 1 761
7986 17701 8476802 1 763
7987 17701 8476812 1 763
7988 17700 8476822 1 764
7989 17699 8476832 1 764
7990 17699 8476842 1 765
7991 17698 8476852 1 764
7993 17697 8476862 1 765
7993 17696 8476872 1 766
7994 17695 8476882 1 766
7995 17693 8476892 1 767
7995 17692 8476902 1 768
7996 17691 8476912 1 768
7997 17691 8476922 1 768
7998 17690 8476932 1 769
7999 17690 8476942 1 770
8001 17689 8476952 1 770
8002 17689 8476962 1 771
8004 17688 8476972 1 772
8005 17688 8476982 1 772
8006 17687 8476992 1 773
8006 17687 8477002 1 774
8006 17686 8477012 1 774
8006 17685 8477022 1 775
8005 17685 8477032 1 775
8005 17684 8477042 1 775
8003 17684 8477052 1 776
8002 17684 8477062 1 777
8000 17683 8477072 1 778
7998 17683 8477082 1 778
7997 17683 8477092 1 779
7995 17682 8477102 1 780
7994 17682 8477112 1 780
7994 17681 8477122 1 780
7993 17681 8477132 1 781
7993 17680 8477142 1 782
7995 17679 8477152 1 783
7997 17678 8477162 1 784
7999 17678 8477172 1 785
8001 17677 8477182 1 785
8004 17676 8477192 1 785
8006 17674 8477202 1 786
8009 17673 8477212 1 787
8013 17672 8477222 1 787
8016 17670 8477232 1 788
8020 17669 8477242 1 788
8023 17668 8477252 1 789
8027 17667 8477262 1 789
8031 17666 8477272 1 790
8035 17665 8477282 1 791
8039 17664 8477292 1 792
8043 17664 8477302 1 793
8046 17663 8477312 1 793
8050 17663 8477322 1 793
8057 17664 8477332 1 795
8060 17664 8477342 1 795
8063 17664 8477352 1 797
8066 17663 8477362 1 797
8069 17663 8477372 1 798
8072 17663 8477382 1 798
8075 17662 8477392 1 798
8078 17662 8477402 1 799
8081 17661 8477412 1 800
8084 17661 8477422 1 801
8086 17660 8477432 1 802
8088 17660 8477442 1 802
8091 17660 8477452 1 802
8093 17659 8477462 1 803
8094 17658 8477472 1 804
8096 17658 8477482 1 805
8097 17657 8477492 1 806
8097 17656 8477502 1 806
8098 17654 8477512 1 808
8098 17654 8477522 1 809
8098 17653 8477532 1 809
8097 17653 8477542 1 810
8097 17653 8477552 1 810
8096 17653 8477562 1 811
8096 17653 8477572 1 812
8095 17653 8477582 1 812
8094 17654 8477592 1 812
8092 17654 8477602 1 814
8090 17655 8477612 1 815
8088 17655 8477622 1 815
8085 17655 8477632 1 816
8082 17656 8477642 1 817
8079 17656 8477652 1 817
8077 17656 8477662 1 819
8074 17657 8477672 1 820
8071 17657 8477682 1 820
8067 17658 8477692 1 821
8066 17659 8477702 1 822
8065 17659 8477712 1 822
8065 17660 8477722 1 823
8065 17661 8477732 1 824
8065 17662 8477742 1 825
8066 17664 8477752 1 825
8068 17665 8477762 1 826
8070 17667 8477772 1 827
8072 17668 8477782 1 828
8075 17669 8477792 1 829
8078 17671 8477802 1 830
8081 17672 8477812 1 831
8083 17673 8477822 1 831
8086 17674 8477832 1 832
8089 17675 8477842 1 833
8092 17676 8477852 1 834
8095 17677 8477862 1 834
8099 17679 8477872 1 835
8100 17680 8477882 1 836
8102 17680 8477892 1 837
8102 17681 8477902 1 838
8102 17681 8477912 1 839
8102 17682 8477922 1 840
8101 17683 8477932 1 840
8100 17683 8477942 1 841
8098 17683 8477952 1 842
8096 17684 8477962 1 844
8094 17684 8477972 1 844
8091 17684 8477982 1 844
8088 17685 8477992 1 845
8085 17685 8478002 1 846
8082 17685 8478012 1 847
8078 17686 8478022 1 848
8074 17687 8478032 1 849
8071 17687 8478042 1 850
8063 17689 8478052 1 851
8059 17691 8478062 1 852
8056 17692 8478072 1 852
8052 17693 8478082 1 854
8049 17694 8478092 1 855
8047 17695 8478102 1 856
8044 17696 8478112 1 856
8042 17697 8478122 1 856
8041 17697 8478132 1 857
8039 17698 8478142 1 858
8039 17698 8478152 1 860
8039 17698 8478162 1 861
8039 17699 8478172 1 861
8039 17699 8478182 1 862
8040 17699 8478192 1 863
8041 17699 8478202 1 864
8042 17699 8478212 1 866
8043 17699 8478222 1 867
8046 17700 8478232 1 867
8047 17700 8478242 1 868
8048 17700 8478252 1 869
8049 17701 8478262 1 870
8050 17702 8478272 1 872
8051 17702 8478282 1 872
8053 17703 8478292 1 872
8054 17703 8478302 1 873
8055 17703 8478312 1 874
8056 17704 8478322 1 875
8058 17704 8478332 1 877
8059 17704 8478342 1 878
8061 17703 8478352 1 879
8063 17703 8478362 1 879
8064 17703 8478372 1 880
8065 17702 8478382 1 880
8067 17702 8478392 1 881
8068 17702 8478402 1 883
8070 17701 8478412 1 885
8071 17700 8478422 1 886
8072 17699 8478432 1 886
8073 17699 8478442 1 887
8074 17698 8478452 1 889
8075 17698 8478462 1 890
8076 17698 8478472 1 891
8076 17698 8478482 1 892
8077 17698 8478492 1 893
8078 17698 8478502 1 893
8078 17698 8478512 1 894
8079 17698 8478522 1 896
8079 17698 8478532 1 896
8080 17697 8478542 1 897
8080 17697 8478552 1 898
8081 17697 8478562 1 899
8082 17696 8478572 1 900
8082 17696 8478582 1 902
8084 17695 8478592 1 903
8084 17695 8478602 1 904
8085 17695 8478612 1 905
8087 17695 8478622 1 906
8088 17695 8478632 1 908
8090 17695 8478642 1 908
8092 17696 8478652 1 908
8093 17696 8478662 1 909
8094 17696 8478672 1 910
8096 17697 8478682 1 911
8096 17697 8478692 1 912
8097 17697 8478702 1 914
8097 17698 8478712 1 915
8098 17698 8478722 1 916
8097 17698 8478732 1 917
8097 17698 8478742 1 918
8096 17699 8478752 1 919
8095 17699 8478762 1 921
8093 17700 8478772 1 922
8092 17700 8478782 1 923
8091 17700 8478792 1 924
8090 17701 8478802 1 925
8089 17701 8478812 1 926
8089 17701 8478822 1 928
8088 17701 8478832 1 929
8088 17702 8478842 1 930
8088 17701 8478852 1 931
8088 17701 8478862 1 932
8088 17701 8478872 1 933
8088 17701 8478882 1 935
8088 17700 8478892 1 936
8089 17700 8478902 1 936
8089 17700 8478912 1 937
8089 17699 8478922 1 938
8089 17699 8478932 1 939
8090 17699 8478942 1 940
8089 17698 8478952 1 943
8089 17697 8478962 1 944
8088 17697 8478972 1 945
8087 17697 8478982 1 946
8086 17696 8478992 1 947
8085 17696 8479002 1 949
8084 17696 8479012 1 950
8084 17696 8479022 1 951
8083 17696 8479032 1 951
8082 17696 8479042 1 952
8082 17696 8479052 1 953
8081 17696 8479062 1 954
8081 17696 8479072 1 956
8081 17696 8479082 1 957
8081 17696 8479092 1 958
8081 17696 8479102 1 959
8081 17696 8479112 1 960
8081 17696 8479122 1 961
8081 17695 8479132 1 964
8081 17695 8479142 1 965
8081 17695 8479152 1 966
8082 17695 8479162 1 966
8082 17694 8479172 1 967
8082 17694 8479182 1 969
8082 17694 8479192 1 971
8082 17694 8479202 1 972
8082 17693 8479212 1 973
8082 17693 8479222 1 974
8082 17693 8479232 1 975
8082 17693 8479242 1 976
8081 17693 8479252 1 978
8081 17693 8479262 1 979
8080 17693 8479272 1 980
8080 17693 8479282 1 981
8079 17693 8479292 1 982
8079 17693 8479302 1 983
8078 17693 8479312 1 986
8078 17693 8479322 1 987
8079 17693 8479332 1 988
8079 17693 8479342 1 989
8080 17693 8479352 1 990
8081 17693 8479362 1 991
8083 17693 8479372 1 993
8086 17692 8479382 1 994
8088 17692 8479392 1 996
8091 17691 8479402 1 997
8094 17690 8479412 1 998
8097 17689 8479422 1 999
8101 17688 8479432 1 1000
8104 17686 8479442 1 1001
8107 17685 8479452 1 1002
8110 17684 8479462 1 1003
8113 17682 8479472 1 1004
8116 17681 8479482 1 1006
8121 17680 8479492 1 1009
8122 17679 8479502 1 1010
8124 17679 8479512 1 1010
8125 17679 8479522 1 1011
8126 17679 8479532 1 1012
8127 17679 8479542 1 1012
8127 17679 8479552 1 1012
8127 17679 8479562 1 1011
8126 17679 8479572 1 1012
8125 17679 8479582 1 1013
8124 17679 8479592 1 1013
8123 17679 8479602 1 1013
8121 17679 8479612 1 1013
8119 17678 8479622 1 1013
8117 17678 8479632 1 1014
8115 17678 8479642 1 1014
8112 17678 8479652 1 1014
8110 17678 8479662 1 1014
8106 17678 8479672 1 1015
8104 17678 8479682 1 1015
8102 17678 8479692 1 1015
8100 17679 8479702 1 1015
8099 17679 8479712 1 1015
8098 17680 8479722 1 1015
8097 17680 8479732 1 1016
8097 17681 8479742 1 1016
8096 17681 8479752 1 1016
8096 17682 8479762 1 1017
8095 17683 8479772 1 1018
8095 17684 8479782 1 1018
8095 17684 8479792 1 1018
8094 17685 8479802 1 1018
8095 17685 8479812 1 1018
8095 17686 8479822 1 1019
8096 17686 8479832 1 1019
8097 17686 8479842 1 1019
8101 17687 8479852 1 1019
8103 17687 8479862 1 1020
8104 17688 8479872 1 1020
8106 17688 8479882 1 1020
8107 17688 8479892 1 1020
8108 17689 8479902 1 1020
8109 17689 8479912 1 1020
8109 17689 8479922 1 1021
8110 17689 8479932 1 1021
8110 17689 8479942 1 1021
8110 17689 8479952 1 1021
8110 17689 8479962 1 1022
8110 17689 8479972 1 1022
8109 17689 8479982 1 1023
8108 17689 8479992 1 1022
8108 17689 8480002 1 1022
8107 17690 8480012 1 1023
8107 17690 8480022 1 1022
8106 17691 8480032 1 1022
8106 17691 8480042 1 1022
8105 17692 8480052 1 1021
8105 17693 8480062 1 1021
8105 17694 8480072 1 1021
8105 17695 8480082 1 1021
8106 17696 8480092 1 1021
8106 17697 8480102 1 1021
8106 17698 8480112 1 1020
8106 17699 8480122 1 1020
8106 17700 8480132 1 1020
8106 17700 8480142 1 1020
8106 17701 8480152 1 1020
8106 17702 8480162 1 1019
8106 17702 8480172 1 1019
8106 17703 8480182 1 1019
8105 17703 8480192 1 1019
8105 17704 8480202 1 1018
8103 17704 8480212 1 1017
8102 17704 8480222 1 1017
8101 17704 8480232 1 1017
8101 17703 8480242 1 1017
8100 17703 8480252 1 1016
8099 17702 8480262 1 1016
8097 17702 8480272 1 1016
8096 17701 8480282 1 1016
8095 17700 8480292 1 1015
8093 17700 8480302 1 1015
8092 17699 8480312 1 1015
8091 17699 8480322 1 1015
8090 17698 8480332 1 1015
8089 17697 8480342 1 1015
8088 17697 8480352 1 1014
8087 17696 8480362 1 1014
8086 17696 8480372 1 1014
8086 17695 8480382 1 1014
8086 17694 8480392 1 1013
8086 17694 8480402 1 1013
8087 17694 8480412 1 1013
8089 17694 8480422 1 1013
8091 17693 8480432 1 1012
8093 17693 8480442 1 1011
8096 17693 8480452 1 1011
8099 17693 8480462 1 1011
8102 17693 8480472 1 1011
8105 17693 8480482 1 1010
8108 17693 8480492 1 1010
8111 17693 8480502 1 1010
8114 17693 8480512 1 1010
8117 17693 8480522 1 1010
8120 17693 8480532 1 1010
8123 17693 8480542 1 1009
8126 17693 8480552 1 1009
8128 17693 8480562 1 1009
8133 17693 8480572 1 1009
8135 17693 8480582 1 1008
8137 17693 8480592 1 1008
8138 17692 8480602 1 1008
8139 17692 8480612 1 1008
8140 17691 8480622 1 1008
8140 17690 8480632 1 1008
8141 17690 8480642 1 1007
8140 17689 8480652 1 1007
8140 17689 8480662 1 1007
8139 17688 8480672 1 1007
8139 17688 8480682 1 1006
8138 17687 8480692 1 1005
8138 17687 8480702 1 1005
8137 17686 8480712 1 1005
8137 17686 8480722 1 1004
8137 17686 8480732 1 1004
8137 17685 8480742 1 1004
8138 17684 8480752 1 1004
8138 17683 8480762 1 1004
8138 17682 8480772 1 1004
8138 17681 8480782 1 1003
8138 17681 8480792 1 1003
8138 17680 8480802 1 1003
8138 17679 8480812 1 1003
8137 17678 8480822 1 1002
8136 17678 8480832 1 1002
8135 17677 8480842 1 1002
8134 17677 8480852 1 1002
8133 17677 8480862 1 1002
8132 17677 8480872 1 1001
8131 17676 8480882 1 1001
8130 17676 8480892 1 1001
8129 17677 8480902 1 1001
8129 17677 8480912 1 1001
8129 17677 8480922 1 1000
8130 17676 8480932 1 1000
8130 17676 8480942 1 1000
8130 17676 8480952 1 999
8130 17676 8480962 1 998
8130 17676 8480972 1 998
8130 17676 8480982 1 998
8130 17676 8480992 1 998
8130 17676 8481002 1 998
8130 17676 8481012 1 997
8130 17676 8481022 1 997
8130 17676 8481032 1 997
8131 17676 8481042 1 997
8132 17676 8481052 1 997
8131 17676 8481062 1 997
8130 17676 8481072 1 996
8127 17677 8481082 1 996
8122 17677 8481092 1 996
8116 17677 8481102 1 996
8100 17677 8481112 1 995
8091 17678 8481122 1 995
8082 17678 8481132 1 995
8073 17679 8481142 1 995
8064 17679 8481152 1 994
8055 17680 8481162 1 994
8047 17680 8481172 1 994
8038 17680 8481182 1 994
8031 17681 8481192 1 994
8025 17681 8481202 1 994
8021 17681 8481212 1 993
8019 17681 8481222 1 993
8018 17681 8481232 1 993
8019 17681 8481242 1 993
8021 17681 8481252 1 992
8024 17681 8481262 1 991
8026 17682 8481272 1 991
8028 17682 8481282 1 991
8032 17682 8481292 1 991
8034 17682 8481302 1 990
8036 17682 8481312 1 990
8038 17682 8481322 1 990
8041 17682 8481332 1 990
8043 17683 8481342 1 989
8046 17683 8481352 1 989
8048 17683 8481362 1 989
8050 17684 8481372 1 989
8051 17685 8481382 1 989
8052 17685 8481392 1 988
8052 17686 8481402 1 988
8052 17686 8481412 1 988
8052 17687 8481422 1 988
8052 17687 8481432 1 988
8052 17688 8481442 1 988
8052 17688 8481452 1 987
8052 17688 8481462 1 987
8051 17688 8481472 1 987
8050 17689 8481482 1 987
8050 17689 8481492 1 986
8049 17690 8481502 1 986
8048 17690 8481512 1 986
8048 17690 8481522 1 986
8047 17691 8481532 1 985
8046 17691 8481542 1 985
8046 17692 8481552 1 985
8045 17692 8481562 1 985
8045 17693 8481572 1 984
8045 17694 8481582 1 984
8045 17694 8481592 1 983
8046 17694 8481602 1 983
8047 17695 8481612 1 983
8048 17695 8481622 1 983
8050 17695 8481632 1 983
8052 17695 8481642 1 982
8056 17694 8481652 1 982
8058 17693 8481662 1 982
8060 17693 8481672 1 982
8063 17692 8481682 1 982
8065 17691 8481692 1 981
8066 17691 8481702 1 981
8068 17690 8481712 1 981
8070 17689 8481722 1 981
8071 17688 8481732 1 980
8072 17687 8481742 1 980
8072 17687 8481752 1 980
8072 17687 8481762 1 980
8072 17687 8481772 1 980
8072 17687 8481782 1 979
8071 17687 8481792 1 979
8070 17687 8481802 1 979
8068 17688 8481812 1 979
8067 17688 8481822 1 978
8063 17689 8481832 1 978
8061 17690 8481842 1 978
8059 17690 8481852 1 978
8057 17691 8481862 1 978
8055 17691 8481872 1 978
8053 17691 8481882 1 977
8052 17691 8481892 1 977
8050 17691 8481902 1 977
8048 17691 8481912 1 977
8047 17690 8481922 1 976
8045 17690 8481932 1 976
8044 17689 8481942 1 976
8043 17688 8481952 1 976
8043 17688 8481962 1 975
8042 17687 8481972 1 974
8042 17687 8481982 1 974
8041 17686 8481992 1 974
8040 17686 8482002 1 974
8039 17685 8482012 1 973
8039 17684 8482022 1 973
8039 17684 8482032 1 973
8039 17683 8482042 1 973
8039 17683 8482052 1 973
8039 17683 8482062 1 972
8039 17684 8482072 1 972
8040 17684 8482082 1 969
8040 17684 8482092 1 972
8041 17685 8482102 1 972
8042 17685 8482112 1 972
8043 17686 8482122 1 971
8044 17686 8482132 1 228
8045 17686 8482142 1 229
8046 17687 8482152 1 230
8048 17687 8482162 1 231
8049 17687 8482172 1 232
8050 17687 8482182 1 233
8053 17687 8482192 1 236
8054 17687 8482202 1 237
8056 17687 8482212 1 237
8057 17687 8482222 1 237
8058 17687 8482232 1 238
8059 17687 8482242 1 239
8061 17687 8482252 1 241
8062 17687 8482262 1 242
8064 17687 8482272 1 243
8065 17686 8482282 1 244
8066 17686 8482292 1 245
8067 17686 8482302 1 245
8067 17687 8482312 1 254
8067 17687 8482322 1 270
8067 17687 8482332 1 293
8066 17687 8482342 1 323
8066 17687 8482352 1 343
8065 17688 8482362 1 358
8063 17688 8482372 1 488
8063 17689 8482382 1 536
8062 17689 8482392 1 585
8061 17689 8482402 1 635
8061 17689 8482412 1 684
8060 17690 8482422 1 732
8059 17690 8482432 1 820
8058 17690 8482442 1 858
8058 17690 8482452 1 892
8057 17690 8482462 1 920
8057 17690 8482472 1 942
8057 17690 8482482 1 951
8057 17690 8482492 1 956
8058 17690 8482502 1 962
8058 17690 8482512 1 962
8059 17690 8482522 1 962
8060 17690 8482532 1 962
8061 17690 8482542 1 962
8063 17690 8482552 1 961
8063 17690 8482562 1 961
8063 17691 8482572 1 961
8063 17691 8482582 1 960
8063 17691 8482592 1 960
8063 17691 8482602 1 960
8064 17691 8482612 1 960
8064 17691 8482622 1 960
8064 17691 8482632 1 960
8065 17692 8482642 1 959
8066 17692 8482652 1 959
8067 17692 8482662 1 959
8067 17692 8482672 1 959
8068 17692 8482682 1 958
8068 17692 8482692 1 958
8069 17692 8482702 1 958
8069 17692 8482712 1 958
8069 17692 8482722 1 958
8069 17693 8482732 1 957
8068 17693 8482742 1 957
8068 17694 8482752 1 957
8068 17694 8482762 1 957
8068 17694 8482772 1 957
8068 17695 8482782 1 956
8068 17695 8482792 1 956
8068 17695 8482802 1 956
8068 17695 8482812 1 956
8068 17695 8482822 1 956
8068 17695 8482832 1 955
8068 17695 8482842 1 955
8069 17695 8482852 1 955
8069 17694 8482862 1 955
8070 17694 8482872 1 303
8071 17694 8482882 1 143
8072 17694 8482892 1 304
8074 17693 8482902 1 305
8077 17693 8482912 1 306
8080 17693 8482922 1 308
8082 17692 8482932 1 310
8084 17692 8482942 1 311
8087 17692 8482952 1 311
8089 17691 8482962 1 312
8092 17691 8482972 1 313
8094 17691 8482982 1 314
8096 17691 8482992 1 315
8098 17690 8483002 1 316
8099 17690 8483012 1 317
8100 17690 8483022 1 503
8101 17690 8483032 1 765
8101 17690 8483042 1 951
8101 17690 8483052 1 950
8101 17689 8483062 1 950
8101 17689 8483072 1 950
8101 17689 8483082 1 949
8103 17689 8483092 1 908
8104 17688 8483102 1 839
8105 17688 8483112 1 777
8106 17688 8483122 1 730
8106 17689 8483132 1 701
8107 17689 8483142 1 695
8107 17689 8483152 1 776
8107 17689 8483162 1 872
8107 17690 8483172 1 947
8107 17690 8483182 1 947
8108 17690 8483192 1 946
8108 17691 8483202 1 946
8108 17691 8483212 1 339
8108 17691 8483222 1 339
8108 17692 8483232 1 340
8108 17692 8483242 1 341
8108 17693 8483252 1 342
8108 17693 8483262 1 342
8108 17694 8483272 1 345
8108 17694 8483282 1 346
8107 17695 8483292 1 346
8107 17695 8483302 1 354
8106 17695 8483312 1 367
8105 17695 8483322 1 410
8104 17694 8483332 1 440
8104 17694 8483342 1 473
8103 17694 8483352 1 509
8102 17693 8483362 1 547
8102 17693 8483372 1 587
8101 17692 8483382 1 670
8101 17692 8483392 1 711
8101 17691 8483402 1 750
8102 17691 8483412 1 787
8103 17690 8483422 1 822
8104 17689 8483432 1 854
8106 17689 8483442 1 905
8110 17688 8483452 1 935
8113 17688 8483462 1 940
8115 17688 8483472 1 940
8118 17688 8483482 1 940
8120 17688 8483492 1 940
8122 17689 8483502 1 939
8123 17689 8483512 1 881
8124 17690 8483522 1 691
8125 17690 8483532 1 371
8126 17691 8483542 1 372
8127 17691 8483552 1 374
8128 17691 8483562 1 374
8129 17691 8483572 1 375
8130 17691 8483582 1 376
8131 17690 8483592 1 377
8132 17690 8483602 1 377
8133 17690 8483612 1 379
8134 17689 8483622 1 380
8135 17688 8483632 1 386
8134 17688 8483642 1 395
8133 17687 8483652 1 409
8131 17687 8483662 1 461
8129 17687 8483672 1 500
8127 17687 8483682 1 551
8124 17687 8483692 1 614
8122 17687 8483702 1 691
8119 17688 8483712 1 785
