8083 17388 6808988 1 739
8083 17388 6808998 1 727
8083 17388 6809008 1 722
8083 17388 6809018 1 722
8083 17388 6809028 1 723
8083 17388 6809038 1 723
8083 17389 6809048 1 724
8084 17389 6809058 1 724
8084 17389 6809068 1 724
8086 17389 6809078 1 725
8088 17389 6809088 1 725
8090 17389 6809098 1 726
8092 17390 6809108 1 726
8095 17390 6809118 1 727
8096 17390 6809128 1 727
8097 17390 6809138 1 727
8100 17390 6809148 1 728
8103 17391 6809158 1 729
8105 17391 6809168 1 729
8108 17392 6809178 1 729
8111 17393 6809188 1 729
8113 17393 6809198 1 730
8114 17394 6809208 1 730
8117 17395 6809218 1 730
8119 17395 6809228 1 731
8121 17396 6809238 1 732
8122 17397 6809248 1 732
8124 17398 6809258 1 733
8125 17398 6809268 1 733
8125 17399 6809278 1 733
8126 17399 6809288 1 734
8127 17400 6809298 1 735
8127 17400 6809308 1 735
8127 17401 6809318 1 736
8127 17401 6809328 1 736
8127 17402 6809338 1 736
8127 17402 6809348 1 736
8126 17402 6809358 1 737
8126 17403 6809368 1 737
8125 17404 6809378 1 738
8124 17404 6809388 1 739
8123 17405 6809398 1 739
8122 17405 6809408 1 739
8121 17406 6809418 1 739
8120 17406 6809428 1 740
8118 17407 6809438 1 740
8117 17407 6809448 1 741
8116 17407 6809458 1 742
8115 17408 6809468 1 743
8115 17408 6809478 1 744
8114 17408 6809488 1 743
8114 17408 6809498 1 743
8114 17408 6809508 1 744
8114 17408 6809518 1 744
8115 17408 6809528 1 745
8115 17408 6809538 1 746
8116 17408 6809548 1 746
8116 17408 6809558 1 746
8117 17408 6809568 1 747
8117 17408 6809578 1 747
8117 17408 6809588 1 748
8117 17408 6809598 1 749
8117 17408 6809608 1 749
8117 17409 6809618 1 750
8117 17409 6809628 1 750
8116 17409 6809638 1 750
8116 17409 6809648 1 751
8116 17409 6809658 1 752
8115 17409 6809668 1 752
8115 17409 6809678 1 754
8114 17409 6809688 1 754
8114 17409 6809698 1 754
8113 17409 6809708 1 755
8113 17409 6809718 1 755
8113 17409 6809728 1 756
8113 17408 6809738 1 756
8113 17407 6809748 1 757
8113 17407 6809758 1 757
8113 17407 6809768 1 758
8114 17406 6809778 1 758
8115 17405 6809788 1 759
8115 17404 6809798 1 760
8116 17403 6809808 1 760
8117 17402 6809818 1 760
8117 17402 6809828 1 760
8117 17401 6809838 1 761
8118 17400 6809848 1 762
8118 17400 6809858 1 762
8117 17399 6809868 1 763
8117 17398 6809878 1 764
8116 17397 6809888 1 764
8116 17396 6809898 1 764
8115 17396 6809908 1 765
8114 17395 6809918 1 766
8113 17394 6809928 1 767
8112 17393 6809938 1 767
8111 17392 6809948 1 768
8111 17391 6809958 1 768
8110 17391 6809968 1 768
8110 17390 6809978 1 768
8109 17390 6809988 1 769
8109 17389 6809998 1 770
8109 17388 6810008 1 771
8109 17388 6810018 1 771
8108 17388 6810028 1 772
8108 17387 6810038 1 772
8108 17387 6810048 1 773
8109 17387 6810058 1 774
8109 17387 6810068 1 774
8110 17386 6810078 1 775
8111 17386 6810088 1 776
8112 17386 6810098 1 776
8113 17386 6810108 1 776
8114 17385 6810118 1 777
8116 17385 6810128 1 778
8118 17384 6810138 1 779
8121 17383 6810148 1 779
8124 17383 6810158 1 779
8127 17382 6810168 1 780
8129 17382 6810178 1 781
8130 17381 6810188 1 781
8134 17380 6810198 1 781
8138 17380 6810208 1 782
8141 17379 6810218 1 783
8146 17378 6810228 1 784
8150 17377 6810238 1 784
8153 17377 6810248 1 784
8155 17376 6810258 1 785
8160 17375 6810268 1 786
8164 17375 6810278 1 787
8169 17374 6810288 1 788
8174 17373 6810298 1 788
8178 17372 6810308 1 788
8180 17372 6810318 1 788
8182 17372 6810328 1 789
8187 17371 6810338 1 790
8191 17371 6810348 1 790
8195 17370 6810358 1 792
8198 17370 6810368 1 792
8202 17369 6810378 1 793
8203 17369 6810388 1 794
8205 17369 6810398 1 794
8207 17369 6810408 1 794
8209 17368 6810418 1 795
8211 17368 6810428 1 796
8213 17367 6810438 1 797
8214 17367 6810448 1 798
8214 17367 6810458 1 798
8214 17366 6810468 1 798
8215 17366 6810478 1 798
8215 17366 6810488 1 799
8215 17365 6810498 1 800
8214 17365 6810508 1 801
8214 17365 6810518 1 802
8213 17365 6810528 1 802
8213 17365 6810538 1 802
8212 17365 6810548 1 803
8210 17365 6810558 1 804
8208 17366 6810568 1 805
8207 17366 6810578 1 806
8204 17366 6810588 1 807
8203 17366 6810598 1 807
8202 17366 6810608 1 807
8199 17366 6810618 1 808
8196 17366 6810628 1 809
8193 17367 6810638 1 809
8189 17367 6810648 1 809
8186 17367 6810658 1 811
8185 17367 6810668 1 812
8183 17367 6810678 1 812
8180 17368 6810688 1 812
8178 17368 6810698 1 813
8175 17368 6810708 1 814
8174 17369 6810718 1 814
8172 17369 6810728 1 816
8171 17369 6810738 1 817
8171 17370 6810748 1 817
8170 17370 6810758 1 817
8169 17371 6810768 1 818
8169 17371 6810778 1 819
8169 17372 6810788 1 820
8170 17372 6810798 1 820
8170 17373 6810808 1 821
8171 17373 6810818 1 821
8172 17374 6810828 1 822
8173 17374 6810838 1 823
8174 17375 6810848 1 823
8176 17375 6810858 1 824
8177 17376 6810868 1 825
8178 17376 6810878 1 826
8179 17376 6810888 1 826
8180 17377 6810898 1 827
8181 17377 6810908 1 828
8183 17378 6810918 1 829
8184 17378 6810928 1 829
8185 17379 6810938 1 830
8185 17379 6810948 1 831
8185 17380 6810958 1 832
8186 17381 6810968 1 832
8186 17381 6810978 1 832
8187 17382 6810988 1 833
8187 17383 6810998 1 834
8188 17383 6811008 1 835
8188 17383 6811018 1 836
8188 17384 6811028 1 836
8189 17384 6811038 1 837
8190 17384 6811048 1 838
8190 17385 6811058 1 839
8190 17385 6811068 1 839
8190 17386 6811078 1 840
8190 17386 6811088 1 841
8190 17386 6811098 1 841
8190 17387 6811108 1 843
8189 17387 6811118 1 844
8188 17387 6811128 1 843
8187 17388 6811138 1 844
8185 17388 6811148 1 845
8184 17388 6811158 1 846
8183 17389 6811168 1 846
8181 17389 6811178 1 847
8179 17390 6811188 1 848
8177 17390 6811198 1 849
8175 17391 6811208 1 850
8173 17392 6811218 1 852
8171 17392 6811228 1 852
8171 17392 6811238 1 853
8169 17393 6811248 1 853
8167 17394 6811258 1 855
8165 17395 6811268 1 856
8163 17396 6811278 1 856
8162 17396 6811288 1 857
8161 17397 6811298 1 856
8161 17397 6811308 1 857
8159 17398 6811318 1 858
8158 17399 6811328 1 859
8157 17400 6811338 1 861
8157 17401 6811348 1 862
8156 17401 6811358 1 862
8156 17402 6811368 1 862
8156 17402 6811378 1 863
8156 17402 6811388 1 864
8156 17403 6811398 1 865
8157 17404 6811408 1 867
8157 17404 6811418 1 868
8157 17405 6811428 1 868
8157 17405 6811438 1 868
8157 17405 6811448 1 868
8157 17406 6811458 1 869
8157 17406 6811468 1 870
8158 17406 6811478 1 871
8158 17406 6811488 1 873
8159 17406 6811498 1 874
8159 17407 6811508 1 874
8159 17407 6811518 1 874
8159 17407 6811528 1 875
8160 17407 6811538 1 876
8160 17407 6811548 1 877
8161 17407 6811558 1 879
8162 17407 6811568 1 880
8162 17408 6811578 1 880
8162 17408 6811588 1 881
8163 17408 6811598 1 881
8164 17408 6811608 1 881
8166 17408 6811618 1 882
8167 17408 6811628 1 883
8168 17408 6811638 1 885
8169 17408 6811648 1 885
8170 17408 6811658 1 886
8171 17408 6811668 1 887
8172 17408 6811678 1 888
8174 17407 6811688 1 888
8175 17407 6811698 1 889
8176 17407 6811708 1 891
8177 17407 6811718 1 891
8178 17407 6811728 1 892
8179 17406 6811738 1 893
8180 17406 6811748 1 894
8181 17406 6811758 1 895
8183 17406 6811768 1 895
8184 17405 6811778 1 896
8184 17405 6811788 1 897
8185 17405 6811798 1 898
8185 17404 6811808 1 898
8186 17404 6811818 1 899
8186 17404 6811828 1 900
8187 17403 6811838 1 901
8187 17403 6811848 1 902
8187 17403 6811858 1 903
8188 17402 6811868 1 904
8188 17402 6811878 1 905
8189 17402 6811888 1 906
8189 17402 6811898 1 907
8190 17402 6811908 1 908
8191 17402 6811918 1 909
8191 17402 6811928 1 909
8192 17402 6811938 1 910
8193 17402 6811948 1 911
8194 17402 6811958 1 911
8195 17402 6811968 1 912
8196 17403 6811978 1 913
8198 17403 6811988 1 914
8198 17404 6811998 1 914
8199 17404 6812008 1 915
8201 17404 6812018 1 917
8202 17405 6812028 1 918
8203 17406 6812038 1 919
8204 17407 6812048 1 920
8205 17408 6812058 1 921
8206 17408 6812068 1 921
8206 17408 6812078 1 922
8206 17409 6812088 1 924
8207 17410 6812098 1 925
8207 17410 6812108 1 925
8207 17410 6812118 1 926
8207 17410 6812128 1 927
8207 17410 6812138 1 927
8207 17410 6812148 1 928
8206 17409 6812158 1 929
8206 17409 6812168 1 931
8205 17408 6812178 1 932
8204 17408 6812188 1 933
8202 17408 6812198 1 934
8201 17407 6812208 1 934
8201 17407 6812218 1 935
8199 17406 6812228 1 936
8197 17406 6812238 1 938
8196 17405 6812248 1 939
8194 17405 6812258 1 939
8193 17404 6812268 1 940
8192 17404 6812278 1 940
8192 17404 6812288 1 941
8191 17403 6812298 1 942
8190 17403 6812308 1 943
8189 17402 6812318 1 945
8189 17402 6812328 1 946
8188 17402 6812338 1 947
8188 17401 6812348 1 947
8187 17401 6812358 1 948
8186 17401 6812368 1 949
8186 17401 6812378 1 950
8185 17401 6812388 1 952
8184 17401 6812398 1 953
8183 17401 6812408 1 954
8183 17401 6812418 1 954
8183 17401 6812428 1 954
8182 17402 6812438 1 955
8182 17402 6812448 1 956
8182 17402 6812458 1 957
8183 17403 6812468 1 959
8183 17403 6812478 1 960
8184 17403 6812488 1 960
8184 17403 6812498 1 961
8185 17404 6812508 1 962
8186 17404 6812518 1 963
8187 17404 6812528 1 964
8188 17404 6812538 1 966
8188 17404 6812548 1 967
8188 17404 6812558 1 967
8189 17404 6812568 1 968
8189 17404 6812578 1 969
8190 17403 6812588 1 969
8191 17403 6812598 1 970
8192 17402 6812608 1 972
8193 17402 6812618 1 974
8193 17402 6812628 1 974
8194 17401 6812638 1 975
8195 17401 6812648 1 976
8196 17400 6812658 1 977
8197 17400 6812668 1 978
8198 17399 6812678 1 979
8199 17398 6812688 1 981
8199 17398 6812698 1 982
8200 17398 6812708 1 982
8200 17397 6812718 1 983
8201 17397 6812728 1 984
8202 17396 6812738 1 985
8203 17396 6812748 1 986
8204 17395 6812758 1 987
8204 17395 6812768 1 988
8204 17395 6812778 1 989
8205 17394 6812788 1 990
8205 17394 6812798 1 991
8206 17393 6812808 1 992
8206 17393 6812818 1 993
8206 17392 6812828 1 994
8206 17392 6812838 1 995
8206 17392 6812848 1 996
8207 17391 6812858 1 997
8207 17391 6812868 1 999
8208 17390 6812878 1 1000
8209 17390 6812888 1 1001
8211 17389 6812898 1 1002
8211 17389 6812908 1 1002
8212 17389 6812918 1 1003
8214 17388 6812928 1 1004
8216 17388 6812938 1 1005
8217 17388 6812948 1 1006
8219 17387 6812958 1 1007
8220 17387 6812968 1 1009
8221 17386 6812978 1 1009
8222 17386 6812988 1 1010
8223 17386 6812998 1 1012
8224 17385 6813008 1 1013
8225 17385 6813018 1 1013
8226 17385 6813028 1 1013
8226 17384 6813038 1 1014
8226 17384 6813048 1 1014
8226 17384 6813058 1 1014
8226 17384 6813068 1 1014
8226 17384 6813078 1 1013
8226 17384 6813088 1 1014
8225 17384 6813098 1 1015
8224 17384 6813108 1 1015
8224 17384 6813118 1 1015
8223 17384 6813128 1 1015
8223 17384 6813138 1 1015
8222 17385 6813148 1 1015
8221 17385 6813158 1 1016
8220 17385 6813168 1 1016
8219 17385 6813178 1 1016
8219 17385 6813188 1 1016
8218 17385 6813198 1 1016
8217 17385 6813208 1 1016
8216 17386 6813218 1 1017
8215 17386 6813228 1 1017
8214 17386 6813238 1 1017
8213 17387 6813248 1 1017
8213 17387 6813258 1 1017
8213 17387 6813268 1 1017
8212 17387 6813278 1 1017
8212 17388 6813288 1 1018
8212 17388 6813298 1 1018
8211 17389 6813308 1 1018
8211 17389 6813318 1 1018
8211 17389 6813328 1 1018
8211 17389 6813338 1 1019
8212 17389 6813348 1 1019
8212 17389 6813358 1 1019
8212 17390 6813368 1 1019
8212 17390 6813378 1 1019
8212 17390 6813388 1 1020
8212 17390 6813398 1 1020
8211 17390 6813408 1 1020
8211 17391 6813418 1 1020
8211 17391 6813428 1 1020
8211 17391 6813438 1 1020
8211 17392 6813448 1 1021
8211 17392 6813458 1 1021
8211 17393 6813468 1 1020
8211 17393 6813478 1 1021
8211 17394 6813488 1 1021
8211 17394 6813498 1 1021
8211 17395 6813508 1 1021
8211 17395 6813518 1 1022
8211 17396 6813528 1 1022
8211 17396 6813538 1 1021
8211 17397 6813548 1 1022
8211 17397 6813558 1 1022
8211 17398 6813568 1 1022
8211 17399 6813578 1 1023
8211 17399 6813588 1 1023
8211 17400 6813598 1 1023
8210 17400 6813608 1 1022
8210 17401 6813618 1 1023
8210 17401 6813628 1 1024
8209 17402 6813638 1 1023
8209 17403 6813648 1 1023
8209 17403 6813658 1 1023
8209 17404 6813668 1 1023
8209 17404 6813678 1 1022
8208 17404 6813688 1 1022
8208 17405 6813698 1 1022
8208 17405 6813708 1 1022
8208 17406 6813718 1 1022
8208 17406 6813728 1 1022
8208 17407 6813738 1 1022
8208 17407 6813748 1 1021
8208 17407 6813758 1 1021
8208 17407 6813768 1 1021
8208 17408 6813778 1 1021
8208 17408 6813788 1 1021
8208 17408 6813798 1 1021
8208 17409 6813808 1 1020
8208 17409 6813818 1 1019
8208 17409 6813828 1 1020
8208 17409 6813838 1 1020
8208 17410 6813848 1 1020
8208 17410 6813858 1 1019
8207 17410 6813868 1 1019
8207 17410 6813878 1 1019
8207 17411 6813888 1 1019
8206 17411 6813898 1 1019
8206 17411 6813908 1 1019
8206 17411 6813918 1 1019
8205 17411 6813928 1 1018
8205 17411 6813938 1 1018
8205 17412 6813948 1 1018
8205 17412 6813958 1 1018
8205 17412 6813968 1 1018
8204 17412 6813978 1 1017
8204 17412 6813988 1 1017
8205 17412 6813998 1 1017
8205 17412 6814008 1 1017
8205 17412 6814018 1 1017
8205 17412 6814028 1 1017
8206 17412 6814038 1 1017
8206 17412 6814048 1 1016
8207 17412 6814058 1 1015
8207 17412 6814068 1 1016
8208 17412 6814078 1 1016
8209 17412 6814088 1 1016
8209 17412 6814098 1 1015
8209 17412 6814108 1 1015
8210 17411 6814118 1 1015
8211 17411 6814128 1 1015
8211 17411 6814138 1 1015
8212 17410 6814148 1 1015
8213 17410 6814158 1 1014
8213 17409 6814168 1 1014
8213 17409 6814178 1 1014
8214 17408 6814188 1 1014
8214 17408 6814198 1 1014
8215 17407 6814208 1 1013
8215 17406 6814218 1 1013
8215 17406 6814228 1 1013
8216 17406 6814238 1 1013
8216 17405 6814248 1 1013
8216 17405 6814258 1 1013
8217 17404 6814268 1 1013
8217 17404 6814278 1 1012
8218 17403 6814288 1 1012
8218 17402 6814298 1 1012
8219 17402 6814308 1 1012
8219 17402 6814318 1 1012
8220 17401 6814328 1 1012
8220 17401 6814338 1 1011
8221 17400 6814348 1 1011
8222 17399 6814358 1 1011
8223 17398 6814368 1 1011
8223 17398 6814378 1 1011
8224 17397 6814388 1 1011
8225 17396 6814398 1 1011
8226 17395 6814408 1 1010
8228 17395 6814418 1 1010
8230 17394 6814428 1 1010
8231 17393 6814438 1 1010
8232 17393 6814448 1 1009
8233 17393 6814458 1 1009
8234 17392 6814468 1 1009
8236 17392 6814478 1 1009
8237 17391 6814488 1 1009
8237 17391 6814498 1 1008
8238 17390 6814508 1 1008
8238 17390 6814518 1 1008
8238 17390 6814528 1 1008
8238 17390 6814538 1 1008
8237 17389 6814548 1 1008
8237 17389 6814558 1 1008
8237 17389 6814568 1 1008
8237 17389 6814578 1 1007
8236 17389 6814588 1 1007
8236 17389 6814598 1 1007
8236 17389 6814608 1 1007
8235 17389 6814618 1 1007
8235 17388 6814628 1 1006
8235 17388 6814638 1 1006
8234 17388 6814648 1 1006
8234 17388 6814658 1 1006
8234 17388 6814668 1 1006
8233 17387 6814678 1 1006
8233 17387 6814688 1 1005
8232 17387 6814698 1 1005
8231 17386 6814708 1 1005
8231 17386 6814718 1 1005
8230 17386 6814728 1 1005
8230 17386 6814738 1 1005
8229 17386 6814748 1 1004
8229 17385 6814758 1 1004
8228 17385 6814768 1 1004
8228 17385 6814778 1 1004
8228 17385 6814788 1 1004
8228 17385 6814798 1 1003
8228 17385 6814808 1 1003
8228 17385 6814818 1 1003
8228 17385 6814828 1 1003
8229 17385 6814838 1 1003
8229 17385 6814848 1 1003
8230 17385 6814858 1 1002
8230 17385 6814868 1 1002
8230 17385 6814878 1 1002
8232 17385 6814888 1 1002
8233 17385 6814898 1 1002
8235 17385 6814908 1 1002
8236 17385 6814918 1 1002
8236 17385 6814928 1 1001
8236 17385 6814938 1 1001
8235 17385 6814948 1 1001
8232 17385 6814958 1 1001
8228 17385 6814968 1 1001
8223 17386 6814978 1 1000
8216 17386 6814988 1 1000
8210 17386 6814998 1 1000
8206 17386 6815008 1 1000
8203 17386 6815018 1 1000
8196 17386 6815028 1 1000
8189 17387 6815038 1 1000
8182 17387 6815048 1 999
8175 17387 6815058 1 999
8169 17387 6815068 1 999
8165 17387 6815078 1 999
8162 17387 6815088 1 999
8157 17387 6815098 1 999
8153 17388 6815108 1 998
8151 17388 6815118 1 998
8150 17388 6815128 1 998
8150 17388 6815138 1 998
8151 17388 6815148 1 998
8151 17388 6815158 1 998
8152 17389 6815168 1 997
8152 17389 6815178 1 997
8152 17390 6815188 1 997
8152 17390 6815198 1 997
8151 17390 6815208 1 997
8150 17390 6815218 1 997
8150 17390 6815228 1 996
8149 17390 6815238 1 996
8148 17391 6815248 1 996
8147 17391 6815258 1 996
8147 17391 6815268 1 995
8146 17392 6815278 1 995
8146 17392 6815288 1 995
8146 17392 6815298 1 995
8146 17392 6815308 1 995
8146 17393 6815318 1 995
8146 17393 6815328 1 994
8147 17393 6815338 1 994
8147 17393 6815348 1 994
8147 17393 6815358 1 994
8147 17393 6815368 1 994
8148 17393 6815378 1 994
8149 17393 6815388 1 994
8149 17393 6815398 1 993
8150 17393 6815408 1 993
8151 17393 6815418 1 993
8152 17393 6815428 1 993
8152 17393 6815438 1 993
8154 17393 6815448 1 993
8155 17393 6815458 1 992
8156 17394 6815468 1 992
8157 17394 6815478 1 992
8158 17394 6815488 1 992
8158 17394 6815498 1 992
8159 17394 6815508 1 991
8160 17394 6815518 1 991
8161 17395 6815528 1 991
8162 17395 6815538 1 991
8163 17395 6815548 1 991
8164 17396 6815558 1 991
8165 17396 6815568 1 991
8166 17396 6815578 1 990
8167 17396 6815588 1 990
8168 17397 6815598 1 990
8168 17397 6815608 1 990
8169 17397 6815618 1 990
8170 17398 6815628 1 989
8171 17398 6815638 1 989
8171 17398 6815648 1 989
8172 17398 6815658 1 989
8172 17399 6815668 1 989
8173 17399 6815678 1 989
8173 17399 6815688 1 989
8174 17399 6815698 1 988
8174 17399 6815708 1 988
8174 17399 6815718 1 988
8175 17399 6815728 1 988
8175 17399 6815738 1 988
8175 17398 6815748 1 987
8175 17398 6815758 1 987
8175 17398 6815768 1 987
8175 17398 6815778 1 987
8175 17397 6815788 1 987
8175 17397 6815798 1 987
8175 17396 6815808 1 986
8175 17396 6815818 1 986
8175 17396 6815828 1 986
8174 17395 6815838 1 986
8174 17395 6815848 1 986
8173 17395 6815858 1 986
8172 17395 6815868 1 985
8172 17395 6815878 1 985
8171 17395 6815888 1 985
8170 17394 6815898 1 985
8169 17394 6815908 1 985
8168 17394 6815918 1 986
8168 17394 6815928 1 985
8167 17394 6815938 1 984
8167 17394 6815948 1 984
8166 17394 6815958 1 984
8165 17394 6815968 1 984
8164 17394 6815978 1 983
8164 17394 6815988 1 983
8163 17394 6815998 1 983
8162 17394 6816008 1 983
8162 17394 6816018 1 984
8161 17394 6816028 1 983
8161 17394 6816038 1 982
8160 17395 6816048 1 982
8160 17395 6816058 1 982
8160 17395 6816068 1 982
8161 17395 6816078 1 982
8161 17396 6816088 1 982
8161 17396 6816098 1 981
8162 17397 6816108 1 981
8162 17397 6816118 1 981
8162 17398 6816128 1 981
8162 17398 6816138 1 981
8162 17398 6816148 1 981
8162 17398 6816158 1 980
8162 17398 6816168 1 980
8162 17398 6816178 1 977
8161 17398 6816188 1 980
8161 17398 6816198 1 995
8161 17398 6816208 1 980
8160 17397 6816218 1 980
8159 17397 6816228 1 979
8159 17397 6816238 1 185
8158 17397 6816248 1 186
8158 17397 6816258 1 187
8157 17396 6816268 1 173
8157 17396 6816278 1 188
8156 17396 6816288 1 189
8155 17396 6816298 1 189
8155 17396 6816308 1 191
8154 17396 6816318 1 192
8154 17395 6816328 1 193
8153 17395 6816338 1 193
8153 17395 6816348 1 193
8153 17395 6816358 1 193
8154 17394 6816368 1 194
8154 17394 6816378 1 195
8155 17394 6816388 1 196
8156 17394 6816398 1 197
8157 17394 6816408 1 197
8158 17394 6816418 1 198
8159 17394 6816428 1 199
8161 17394 6816438 1 200
8162 17394 6816448 1 200
8163 17394 6816458 1 209
8165 17395 6816468 1 226
8166 17395 6816478 1 235
8166 17395 6816488 1 251
8167 17395 6816498 1 283
8168 17395 6816508 1 304
8169 17396 6816518 1 321
8170 17396 6816528 1 363
8170 17396 6816538 1 460
8170 17396 6816548 1 497
8170 17397 6816558 1 512
8170 17397 6816568 1 564
8170 17397 6816578 1 618
8171 17397 6816588 1 671
8171 17397 6816598 1 723
8171 17398 6816608 1 817
8171 17398 6816618 1 851
8171 17398 6816628 1 859
8171 17398 6816638 1 895
8171 17398 6816648 1 925
8171 17397 6816658 1 949
8172 17397 6816668 1 960
8172 17397 6816678 1 964
8173 17397 6816688 1 969
8173 17397 6816698 1 971
8174 17397 6816708 1 971
8175 17396 6816718 1 971
8176 17396 6816728 1 971
8176 17397 6816738 1 971
8177 17397 6816748 1 970
8178 17397 6816758 1 970
8179 17397 6816768 1 970
8179 17397 6816778 1 970
8180 17397 6816788 1 969
8180 17397 6816798 1 969
8181 17397 6816808 1 969
8181 17397 6816818 1 969
8182 17397 6816828 1 969
8183 17397 6816838 1 969
8183 17397 6816848 1 968
8184 17397 6816858 1 968
8184 17397 6816868 1 968
8184 17398 6816878 1 968
8184 17398 6816888 1 967
8185 17398 6816898 1 967
8185 17398 6816908 1 967
8186 17398 6816918 1 967
8186 17398 6816928 1 967
8187 17398 6816938 1 967
8188 17399 6816948 1 966
8189 17399 6816958 1 966
8190 17399 6816968 1 967
8191 17399 6816978 1 967
8192 17399 6816988 1 967
8193 17399 6816998 1 966
8194 17400 6817008 1 966
8196 17400 6817018 1 966
8197 17400 6817028 1 966
8198 17400 6817038 1 966
8199 17400 6817048 1 965
8200 17400 6817058 1 965
8201 17400 6817068 1 965
8203 17400 6817078 1 965
8204 17400 6817088 1 251
8206 17399 6817098 1 76
8207 17399 6817108 1 252
8208 17399 6817118 1 253
8210 17399 6817128 1 254
8211 17399 6817138 1 254
8212 17398 6817148 1 256
8213 17398 6817158 1 257
8214 17398 6817168 1 258
8215 17397 6817178 1 258
8216 17397 6817188 1 259
8216 17397 6817198 1 260
8216 17396 6817208 1 261
8216 17396 6817218 1 262
8216 17396 6817228 1 263
8215 17396 6817238 1 264
8215 17396 6817248 1 468
8215 17395 6817258 1 757
8214 17395 6817268 1 961
8214 17395 6817278 1 961
8214 17395 6817288 1 960
8213 17395 6817298 1 960
8213 17395 6817308 1 960
8213 17395 6817318 1 960
8213 17396 6817328 1 914
8213 17396 6817338 1 837
8213 17396 6817348 1 770
8213 17396 6817358 1 717
8213 17396 6817368 1 685
8213 17396 6817378 1 679
8212 17396 6817388 1 768
8212 17396 6817398 1 874
8211 17396 6817408 1 958
8211 17396 6817418 1 958
8211 17396 6817428 1 957
8210 17395 6817438 1 957
8210 17395 6817448 1 284
8210 17395 6817458 1 284
8210 17394 6817468 1 285
8209 17394 6817478 1 286
8209 17394 6817488 1 287
8209 17394 6817498 1 287
8208 17394 6817508 1 289
8208 17394 6817518 1 290
8208 17394 6817528 1 291
8208 17394 6817538 1 291
8207 17394 6817548 1 299
8207 17394 6817558 1 313
8207 17395 6817568 1 361
8207 17395 6817578 1 394
8207 17395 6817588 1 431
8208 17395 6817598 1 471
8208 17395 6817608 1 513
8209 17396 6817618 1 557
8210 17396 6817628 1 649
8211 17396 6817638 1 695
8212 17396 6817648 1 738
8213 17396 6817658 1 780
8213 17397 6817668 1 819
8214 17397 6817678 1 855
8214 17397 6817688 1 911
8214 17397 6817698 1 931
8214 17397 6817708 1 945
8214 17398 6817718 1 951
8214 17398 6817728 1 951
8215 17397 6817738 1 951
8215 17397 6817748 1 951
8215 17397 6817758 1 950
8215 17397 6817768 1 885
8216 17397 6817778 1 672
8216 17396 6817788 1 314
8216 17396 6817798 1 315
8216 17396 6817808 1 317
8216 17395 6817818 1 317
8216 17395 6817828 1 318
8216 17395 6817838 1 319
8216 17395 6817848 1 320
8217 17394 6817858 1 320
8218 17394 6817868 1 322
8218 17394 6817878 1 323
8219 17394 6817888 1 325
8220 17393 6817898 1 330
8221 17393 6817908 1 339
8222 17393 6817918 1 355
8223 17393 6817928 1 412
8224 17393 6817938 1 456
8225 17394 6817948 1 514
8226 17394 6817958 1 584
8227 17394 6817968 1 671
8228 17394 6817978 1 777
