8062 18566 8896785 1 129
8062 18567 8896795 1 247
8061 18567 8896805 1 351
8061 18569 8896815 1 445
8061 18570 8896825 1 533
8061 18572 8896835 1 617
8061 18575 8896845 1 696
8061 18579 8896855 1 772
8061 18584 8896865 1 843
8062 18591 8896875 1 965
8063 18598 8896885 1 964
8064 18605 8896895 1 966
8065 18613 8896905 1 965
8066 18620 8896915 1 964
8068 18627 8896925 1 965
8070 18634 8896935 1 966
8071 18640 8896945 1 966
8072 18643 8896955 1 967
8073 18645 8896965 1 967
8074 18650 8896975 1 967
8075 18654 8896985 1 967
8076 18657 8896995 1 968
8076 18661 8897005 1 968
8077 18663 8897015 1 968
8079 18666 8897025 1 968
8080 18668 8897035 1 969
8081 18669 8897045 1 969
8082 18671 8897055 1 969
8082 18672 8897065 1 970
8083 18673 8897075 1 970
8083 18674 8897085 1 970
8083 18675 8897095 1 971
8082 18676 8897105 1 971
8082 18676 8897115 1 972
8081 18676 8897125 1 972
8081 18677 8897135 1 972
8080 18677 8897145 1 972
8079 18677 8897155 1 971
8078 18678 8897165 1 972
8078 18678 8897175 1 973
8077 18678 8897185 1 972
8077 18678 8897195 1 972
8077 18678 8897205 1 973
8077 18678 8897215 1 973
8077 18678 8897225 1 974
8077 18678 8897235 1 974
8077 18678 8897245 1 974
8078 18677 8897255 1 975
8078 18677 8897265 1 975
8079 18676 8897275 1 975
8081 18676 8897285 1 976
8081 18675 8897295 1 977
8082 18675 8897305 1 972
8084 18673 8897315 1 954
8086 18672 8897325 1 918
8088 18670 8897335 1 880
8090 18667 8897345 1 841
8092 18664 8897355 1 804
8094 18661 8897365 1 728
8097 18656 8897375 1 691
8099 18651 8897385 1 653
8102 18645 8897395 1 616
8104 18639 8897405 1 579
8107 18632 8897415 1 543
8109 18624 8897425 1 534
8111 18617 8897435 1 508
8113 18609 8897445 1 439
8116 18601 8897455 1 407
8117 18597 8897465 1 393
8117 18593 8897475 1 375
8119 18585 8897485 1 344
8121 18578 8897495 1 315
8122 18571 8897505 1 287
8123 18565 8897515 1 262
8124 18559 8897525 1 214
8125 18554 8897535 1 193
8126 18550 8897545 1 174
8127 18546 8897555 1 163
8128 18543 8897565 1 158
8128 18541 8897575 1 152
8128 18540 8897585 1 151
8128 18539 8897595 1 150
8127 18539 8897605 1 147
8125 18540 8897615 1 146
8124 18542 8897625 1 146
8123 18543 8897635 1 145
8121 18544 8897645 1 145
8119 18547 8897655 1 144
8115 18550 8897665 1 142
8111 18553 8897675 1 142
8107 18556 8897685 1 156
8102 18560 8897695 1 179
8096 18563 8897705 1 203
8091 18566 8897715 1 228
8085 18569 8897725 1 256
8079 18571 8897735 1 286
8073 18573 8897745 1 318
8067 18575 8897755 1 351
8061 18576 8897765 1 420
8056 18577 8897775 1 455
8050 18577 8897785 1 491
8044 18577 8897795 1 526
8041 18577 8897805 1 539
8039 18577 8897815 1 544
8034 18576 8897825 1 562
8029 18575 8897835 1 595
8025 18573 8897845 1 628
8022 18571 8897855 1 689
8018 18569 8897865 1 718
8016 18567 8897875 1 743
8013 18564 8897885 1 766
8011 18562 8897895 1 785
8010 18559 8897905 1 802
8009 18557 8897915 1 816
8008 18554 8897925 1 837
8008 18552 8897935 1 844
8008 18550 8897945 1 844
8009 18549 8897955 1 848
8010 18547 8897965 1 851
8010 18547 8897975 1 852
8010 18547 8897985 1 852
8011 18546 8897995 1 852
8012 18546 8898005 1 850
8014 18546 8898015 1 843
8015 18546 8898025 1 839
8017 18547 8898035 1 834
8019 18548 8898045 1 827
8021 18549 8898055 1 820
8023 18550 8898065 1 817
8026 18551 8898075 1 814
8029 18553 8898085 1 807
8032 18554 8898095 1 794
8035 18556 8898105 1 789
8038 18557 8898115 1 785
8042 18558 8898125 1 780
8046 18559 8898135 1 777
8048 18559 8898145 1 775
8049 18560 8898155 1 775
8053 18560 8898165 1 774
8056 18561 8898175 1 772
8059 18561 8898185 1 773
8062 18562 8898195 1 773
8064 18562 8898205 1 773
8066 18562 8898215 1 774
8068 18562 8898225 1 776
8070 18562 8898235 1 778
8072 18562 8898245 1 780
8073 18561 8898255 1 785
8075 18561 8898265 1 788
8076 18561 8898275 1 790
8077 18561 8898285 1 793
8077 18561 8898295 1 796
8078 18561 8898305 1 798
8078 18562 8898315 1 799
8078 18562 8898325 1 799
8078 18562 8898335 1 801
8078 18563 8898345 1 804
8078 18564 8898355 1 805
8077 18566 8898365 1 807
8077 18567 8898375 1 807
8076 18569 8898385 1 808
8076 18571 8898395 1 810
8075 18573 8898405 1 810
8075 18576 8898415 1 811
8074 18578 8898425 1 812
8074 18581 8898435 1 812
8073 18584 8898445 1 812
8073 18586 8898455 1 813
8073 18588 8898465 1 814
8074 18590 8898475 1 814
8074 18591 8898485 1 814
8074 18592 8898495 1 815
8075 18593 8898505 1 816
8075 18595 8898515 1 817
8076 18595 8898525 1 818
8077 18596 8898535 1 819
8079 18596 8898545 1 820
8081 18596 8898555 1 821
8082 18596 8898565 1 821
8084 18595 8898575 1 822
8086 18594 8898585 1 823
8088 18593 8898595 1 824
8090 18592 8898605 1 825
8092 18591 8898615 1 826
8095 18589 8898625 1 827
8097 18587 8898635 1 829
8100 18585 8898645 1 830
8102 18584 8898655 1 831
8103 18583 8898665 1 833
8105 18581 8898675 1 834
8108 18579 8898685 1 835
8110 18577 8898695 1 836
8112 18575 8898705 1 836
8114 18573 8898715 1 837
8115 18571 8898725 1 838
8116 18569 8898735 1 839
8117 18568 8898745 1 841
8118 18567 8898755 1 842
8118 18565 8898765 1 843
8119 18565 8898775 1 844
8119 18564 8898785 1 845
8119 18563 8898795 1 846
8119 18563 8898805 1 847
8118 18562 8898815 1 849
8118 18562 8898825 1 850
8118 18562 8898835 1 850
8117 18562 8898845 1 850
8116 18562 8898855 1 851
8116 18562 8898865 1 852
8115 18562 8898875 1 853
8114 18563 8898885 1 854
8113 18563 8898895 1 855
8112 18564 8898905 1 856
8111 18565 8898915 1 857
8110 18566 8898925 1 858
8108 18567 8898935 1 859
8107 18568 8898945 1 860
8106 18570 8898955 1 861
8105 18571 8898965 1 861
8103 18573 8898975 1 862
8102 18575 8898985 1 864
8101 18576 8898995 1 865
8100 18577 8899005 1 865
8099 18578 8899015 1 866
8098 18580 8899025 1 867
8097 18582 8899035 1 868
8096 18583 8899045 1 869
8096 18585 8899055 1 870
8095 18586 8899065 1 872
8095 18587 8899075 1 873
8096 18588 8899085 1 874
8096 18589 8899095 1 874
8096 18590 8899105 1 875
8096 18590 8899115 1 876
8096 18591 8899125 1 877
8096 18592 8899135 1 878
8095 18592 8899145 1 880
8094 18592 8899155 1 881
8094 18593 8899165 1 881
8093 18593 8899175 1 882
8092 18593 8899185 1 883
8091 18593 8899195 1 884
8090 18593 8899205 1 885
8089 18592 8899215 1 886
8088 18592 8899225 1 887
8087 18591 8899235 1 889
8086 18590 8899245 1 890
8086 18589 8899255 1 891
8086 18588 8899265 1 892
8086 18587 8899275 1 893
8086 18586 8899285 1 894
8087 18585 8899295 1 895
8088 18584 8899305 1 897
8089 18583 8899315 1 899
8090 18583 8899325 1 900
8091 18582 8899335 1 900
8092 18582 8899345 1 900
8095 18582 8899355 1 900
8098 18582 8899365 1 901
8101 18582 8899375 1 902
8104 18582 8899385 1 903
8108 18583 8899395 1 906
8111 18583 8899405 1 907
8115 18584 8899415 1 908
8119 18584 8899425 1 909
8122 18585 8899435 1 910
8125 18586 8899445 1 912
8127 18587 8899455 1 913
8130 18588 8899465 1 914
8132 18589 8899475 1 915
8135 18590 8899485 1 916
8137 18591 8899495 1 917
8138 18591 8899505 1 918
8139 18592 8899515 1 919
8141 18593 8899525 1 920
8142 18594 8899535 1 921
8144 18594 8899545 1 922
8145 18595 8899555 1 923
8145 18596 8899565 1 924
8146 18596 8899575 1 925
8146 18596 8899585 1 926
8145 18596 8899595 1 927
8144 18595 8899605 1 927
8142 18594 8899615 1 927
8141 18593 8899625 1 928
8139 18591 8899635 1 929
8137 18589 8899645 1 931
8135 18586 8899655 1 932
8133 18584 8899665 1 932
8132 18582 8899675 1 932
8131 18581 8899685 1 933
8128 18577 8899695 1 934
8126 18574 8899705 1 934
8124 18571 8899715 1 936
8122 18568 8899725 1 936
8120 18565 8899735 1 936
8119 18562 8899745 1 937
8118 18559 8899755 1 938
8117 18557 8899765 1 940
8116 18555 8899775 1 940
8115 18554 8899785 1 941
8115 18553 8899795 1 943
8114 18552 8899805 1 944
8114 18551 8899815 1 945
8114 18551 8899825 1 946
8114 18551 8899835 1 948
8114 18551 8899845 1 949
8114 18551 8899855 1 949
8114 18552 8899865 1 950
8113 18554 8899875 1 951
8112 18556 8899885 1 954
8112 18558 8899895 1 955
8111 18561 8899905 1 956
8110 18563 8899915 1 958
8110 18566 8899925 1 959
8109 18568 8899935 1 960
8109 18570 8899945 1 962
8108 18572 8899955 1 965
8108 18574 8899965 1 966
8108 18575 8899975 1 967
8108 18576 8899985 1 967
8108 18576 8899995 1 967
8107 18576 8900005 1 968
8107 18576 8900015 1 969
8108 18576 8900025 1 969
8108 18575 8900035 1 970
8108 18574 8900045 1 970
8109 18572 8900055 1 970
8111 18570 8900065 1 970
8112 18568 8900075 1 970
8115 18566 8900085 1 969
8118 18564 8900095 1 968
8121 18562 8900105 1 968
8124 18560 8900115 1 967
8127 18558 8900125 1 964
8131 18556 8900135 1 963
8135 18554 8900145 1 962
8139 18553 8900155 1 960
8143 18552 8900165 1 959
8146 18551 8900175 1 959
8148 18550 8900185 1 958
8149 18550 8900195 1 958
8152 18549 8900205 1 957
8155 18549 8900215 1 957
8157 18549 8900225 1 958
8159 18550 8900235 1 959
8160 18551 8900245 1 959
8161 18552 8900255 1 960
8161 18553 8900265 1 962
8161 18555 8900275 1 966
8161 18557 8900285 1 973
8160 18559 8900295 1 978
8159 18561 8900305 1 985
8158 18563 8900315 1 991
8157 18565 8900325 1 999
8155 18568 8900335 1 1007
8153 18570 8900345 1 1008
8152 18571 8900355 1 1008
8152 18572 8900365 1 1008
8150 18573 8900375 1 1008
8150 18575 8900385 1 1008
8149 18576 8900395 1 1007
8149 18577 8900405 1 1007
8150 18578 8900415 1 1007
8150 18579 8900425 1 1006
8150 18579 8900435 1 1006
8151 18579 8900445 1 1005
8152 18579 8900455 1 1005
8152 18579 8900465 1 1006
8153 18579 8900475 1 1006
8154 18578 8900485 1 1005
8155 18577 8900495 1 1005
8155 18576 8900505 1 1005
8156 18575 8900515 1 1005
8156 18575 8900525 1 1007
8156 18574 8900535 1 1001
8156 18573 8900545 1 979
8156 18572 8900555 1 953
8156 18572 8900565 1 926
8156 18571 8900575 1 896
8156 18571 8900585 1 863
8155 18571 8900595 1 829
8155 18571 8900605 1 754
8155 18571 8900615 1 725
8155 18571 8900625 1 714
8154 18572 8900635 1 674
8154 18573 8900645 1 633
8154 18574 8900655 1 591
8155 18575 8900665 1 548
8155 18576 8900675 1 506
8156 18577 8900685 1 421
8157 18577 8900695 1 389
8158 18578 8900705 1 379
8159 18579 8900715 1 338
8161 18579 8900725 1 297
8162 18580 8900735 1 258
8163 18581 8900745 1 237
8165 18581 8900755 1 221
8166 18581 8900765 1 185
8166 18581 8900775 1 119
8166 18581 8900785 1 89
8166 18580 8900795 1 90
8166 18580 8900805 1 91
8165 18578 8900815 1 91
8164 18577 8900825 1 93
8164 18576 8900835 1 94
8163 18574 8900845 1 95
8162 18572 8900855 1 96
8161 18571 8900865 1 96
8161 18570 8900875 1 96
8160 18569 8900885 1 96
8159 18567 8900895 1 98
8158 18565 8900905 1 99
8157 18564 8900915 1 99
8155 18563 8900925 1 100
8154 18562 8900935 1 102
8153 18561 8900945 1 103
8152 18560 8900955 1 104
8150 18560 8900965 1 144
8149 18559 8900975 1 189
8149 18559 8900985 1 238
8148 18559 8900995 1 249
8148 18559 8901005 1 290
8148 18560 8901015 1 402
8148 18561 8901025 1 461
8148 18562 8901035 1 487
8148 18563 8901045 1 521
8147 18566 8901055 1 582
8147 18568 8901065 1 642
8146 18569 8901075 1 700
8146 18570 8901085 1 758
8147 18569 8901095 1 866
8148 18567 8901105 1 915
8149 18563 8901115 1 961
8150 18556 8901125 1 986
8152 18549 8901135 1 991
8154 18541 8901145 1 991
8154 18534 8901155 1 990
8151 18528 8901165 1 991
8145 18525 8901175 1 990
8136 18523 8901185 1 990
8123 18524 8901195 1 990
8115 18525 8901205 1 989
8107 18528 8901215 1 989
8091 18535 8901225 1 989
8074 18543 8901235 1 989
8060 18554 8901245 1 988
8048 18565 8901255 1 988
8039 18576 8901265 1 988
8033 18587 8901275 1 988
8031 18599 8901285 1 987
8032 18610 8901295 1 987
8036 18620 8901305 1 988
8044 18630 8901315 1 987
8053 18639 8901325 1 987
8064 18647 8901335 1 986
8075 18653 8901345 1 986
8087 18657 8901355 1 986
8099 18658 8901365 1 985
8106 18658 8901375 1 984
8113 18657 8901385 1 985
8127 18653 8901395 1 985
8140 18648 8901405 1 985
8152 18640 8901415 1 985
8161 18631 8901425 1 984
8169 18621 8901435 1 984
8174 18610 8901445 1 983
8177 18597 8901455 1 983
8177 18585 8901465 1 984
8174 18573 8901475 1 983
8167 18562 8901485 1 983
8158 18552 8901495 1 982
8146 18545 8901505 1 981
8132 18541 8901515 1 982
8117 18540 8901525 1 982
8102 18542 8901535 1 982
8095 18544 8901545 1 982
8088 18548 8901555 1 981
8073 18555 8901565 1 981
8060 18563 8901575 1 981
8048 18574 8901585 1 980
8039 18586 8901595 1 980
8033 18599 8901605 1 979
8032 18614 8901615 1 979
8034 18629 8901625 1 979
8040 18644 8901635 1 979
8048 18658 8901645 1 979
8060 18672 8901655 1 979
8074 18684 8901665 1 979
8091 18694 8901675 1 978
8110 18702 8901685 1 978
8130 18706 8901695 1 978
8151 18709 8901705 1 977
8162 18710 8901715 1 977
8173 18709 8901725 1 977
8193 18706 8901735 1 977
8212 18700 8901745 1 976
8226 18692 8901755 1 976
8239 18682 8901765 1 976
8251 18673 8901775 1 975
8261 18664 8901785 1 975
8269 18657 8901795 1 975
8275 18651 8901805 1 975
8279 18646 8901815 1 974
8283 18643 8901825 1 974
8285 18640 8901835 1 973
8286 18638 8901845 1 974
8287 18636 8901855 1 974
8287 18635 8901865 1 973
8287 18634 8901875 1 973
8286 18633 8901885 1 973
8286 18633 8901895 1 972
8285 18633 8901905 1 972
8283 18633 8901915 1 972
8282 18633 8901925 1 971
8281 18633 8901935 1 971
8281 18633 8901945 1 971
8280 18633 8901955 1 970
8279 18634 8901965 1 970
8279 18634 8901975 1 969
8279 18634 8901985 1 969
8280 18634 8901995 1 969
8280 18634 8902005 1 968
8281 18633 8902015 1 968
8283 18633 8902025 1 968
8285 18633 8902035 1 967
8287 18633 8902045 1 967
8289 18632 8902055 1 967
8291 18632 8902065 1 966
8294 18631 8902075 1 966
8296 18631 8902085 1 967
8299 18631 8902095 1 965
8301 18630 8902105 1 966
8302 18630 8902115 1 964
8304 18630 8902125 1 965
8305 18630 8902135 1 965
8306 18630 8902145 1 965
8306 18630 8902155 1 964
8306 18629 8902165 1 964
8306 18629 8902175 1 963
8306 18630 8902185 1 963
8305 18630 8902195 1 963
8304 18630 8902205 1 962
