8067 17657 5120091 1 461
8060 17651 5120101 1 464
8057 17649 5120111 1 467
8055 17648 5120121 1 469
8050 17643 5120131 1 472
8051 17644 5120141 1 475
8052 17646 5120151 1 477
8053 17646 5120161 1 479
8054 17647 5120171 1 480
8056 17649 5120181 1 484
8057 17650 5120191 1 487
8058 17651 5120201 1 488
8059 17653 5120211 1 491
8060 17654 5120221 1 495
8061 17656 5120231 1 498
8062 17658 5120241 1 499
8063 17659 5120251 1 501
8064 17660 5120261 1 503
8066 17661 5120271 1 506
8069 17662 5120281 1 507
8074 17664 5120291 1 514
8076 17665 5120301 1 517
8079 17666 5120311 1 518
8081 17666 5120321 1 521
8083 17666 5120331 1 523
8084 17666 5120341 1 525
8086 17666 5120351 1 526
8086 17665 5120361 1 529
8087 17664 5120371 1 532
8087 17663 5120381 1 535
8086 17662 5120391 1 537
8085 17661 5120401 1 540
8083 17660 5120411 1 543
8081 17659 5120421 1 545
8078 17658 5120431 1 545
8076 17657 5120441 1 548
8075 17657 5120451 1 551
8073 17656 5120461 1 552
8072 17655 5120471 1 555
8071 17654 5120481 1 558
8071 17652 5120491 1 563
8071 17652 5120501 1 564
8071 17652 5120511 1 566
8071 17651 5120521 1 568
8071 17650 5120531 1 571
8070 17649 5120541 1 574
8070 17648 5120551 1 575
8070 17647 5120561 1 578
8069 17646 5120571 1 581
8069 17646 5120581 1 583
8068 17646 5120591 1 584
8067 17645 5120601 1 586
8067 17645 5120611 1 589
8067 17644 5120621 1 590
8068 17644 5120631 1 593
8068 17643 5120641 1 596
8069 17643 5120651 1 598
8071 17643 5120661 1 600
8072 17643 5120671 1 602
8074 17644 5120681 1 604
8077 17644 5120691 1 608
8080 17644 5120701 1 609
8082 17643 5120711 1 612
8084 17643 5120721 1 614
8086 17642 5120731 1 617
8088 17641 5120741 1 620
8089 17640 5120751 1 621
8090 17639 5120761 1 623
8091 17638 5120771 1 624
8091 17636 5120781 1 626
8091 17635 5120791 1 628
8090 17633 5120801 1 630
8089 17631 5120811 1 633
8088 17629 5120821 1 636
8086 17627 5120831 1 637
8085 17626 5120841 1 640
8084 17625 5120851 1 640
8083 17625 5120861 1 642
8082 17624 5120871 1 644
8080 17623 5120881 1 646
8077 17622 5120891 1 650
8075 17621 5120901 1 653
8073 17620 5120911 1 654
8070 17619 5120921 1 657
8069 17619 5120931 1 657
8068 17619 5120941 1 659
8066 17619 5120951 1 662
8063 17618 5120961 1 663
8061 17618 5120971 1 666
8058 17617 5120981 1 667
8056 17617 5120991 1 670
8052 17616 5121001 1 671
8049 17616 5121011 1 674
8047 17616 5121021 1 674
8044 17616 5121031 1 676
8040 17616 5121041 1 677
8036 17616 5121051 1 680
8031 17616 5121061 1 681
8027 17617 5121071 1 684
8023 17617 5121081 1 685
8016 17619 5121091 1 690
8014 17619 5121101 1 691
8012 17619 5121111 1 691
8009 17620 5121121 1 694
8007 17621 5121131 1 695
8005 17623 5121141 1 698
8003 17625 5121151 1 699
8002 17628 5121161 1 701
8002 17630 5121171 1 703
8001 17632 5121181 1 705
8001 17633 5121191 1 706
8001 17634 5121201 1 708
8001 17637 5121211 1 709
8001 17639 5121221 1 710
8002 17642 5121231 1 713
8002 17644 5121241 1 714
8003 17647 5121251 1 716
8005 17650 5121261 1 718
8006 17653 5121271 1 720
8007 17655 5121281 1 721
8012 17659 5121291 1 724
8014 17662 5121301 1 726
8018 17665 5121311 1 728
8021 17668 5121321 1 729
8024 17670 5121331 1 732
8027 17673 5121341 1 733
8030 17675 5121351 1 736
8032 17677 5121361 1 736
8033 17678 5121371 1 737
8036 17681 5121381 1 740
8039 17684 5121391 1 741
8042 17686 5121401 1 744
8045 17688 5121411 1 745
8048 17690 5121421 1 746
8050 17691 5121431 1 749
8053 17693 5121441 1 750
8055 17693 5121451 1 751
8056 17694 5121461 1 753
8058 17694 5121471 1 754
8060 17694 5121481 1 757
8063 17693 5121491 1 760
8064 17692 5121501 1 763
8065 17690 5121511 1 764
8065 17689 5121521 1 767
8065 17688 5121531 1 768
8065 17687 5121541 1 768
8065 17685 5121551 1 771
8065 17684 5121561 1 772
8065 17682 5121571 1 774
8065 17680 5121581 1 776
8066 17678 5121591 1 778
8066 17677 5121601 1 779
8066 17675 5121611 1 782
8066 17674 5121621 1 782
8067 17674 5121631 1 783
8067 17672 5121641 1 784
8067 17671 5121651 1 787
8067 17670 5121661 1 788
8067 17668 5121671 1 789
8067 17667 5121681 1 792
8066 17665 5121691 1 794
8066 17664 5121701 1 796
8066 17664 5121711 1 796
8065 17663 5121721 1 797
8064 17662 5121731 1 798
8063 17661 5121741 1 799
8062 17660 5121751 1 801
8060 17660 5121761 1 802
8059 17659 5121771 1 803
8058 17659 5121781 1 803
8057 17658 5121791 1 804
8055 17658 5121801 1 804
8054 17658 5121811 1 805
8053 17658 5121821 1 805
8052 17658 5121831 1 807
8051 17659 5121841 1 808
8051 17659 5121851 1 808
8051 17659 5121861 1 809
8051 17660 5121871 1 809
8050 17660 5121881 1 810
8051 17662 5121891 1 811
8051 17662 5121901 1 811
8052 17663 5121911 1 813
8053 17665 5121921 1 814
8054 17666 5121931 1 815
8054 17667 5121941 1 816
8055 17668 5121951 1 817
8054 17669 5121961 1 819
8053 17670 5121971 1 819
8053 17671 5121981 1 821
8053 17672 5121991 1 822
8053 17673 5122001 1 823
8053 17673 5122011 1 826
8052 17674 5122021 1 828
8052 17674 5122031 1 830
8052 17674 5122041 1 833
8051 17674 5122051 1 834
8051 17674 5122061 1 835
8051 17674 5122071 1 838
8052 17674 5122081 1 841
8054 17674 5122091 1 848
8056 17673 5122101 1 852
8057 17672 5122111 1 856
8059 17672 5122121 1 859
8061 17671 5122131 1 862
8063 17670 5122141 1 864
8065 17670 5122151 1 867
8067 17669 5122161 1 872
8069 17668 5122171 1 875
8071 17667 5122181 1 879
8072 17666 5122191 1 883
8073 17666 5122201 1 887
8073 17665 5122211 1 889
8074 17665 5122221 1 891
8074 17664 5122231 1 892
8074 17664 5122241 1 894
8074 17663 5122251 1 897
8073 17663 5122261 1 899
8073 17662 5122271 1 900
8072 17662 5122281 1 901
8069 17663 5122291 1 901
8068 17663 5122301 1 899
8067 17663 5122311 1 899
8065 17664 5122321 1 897
8063 17664 5122331 1 896
8061 17664 5122341 1 892
8059 17665 5122351 1 889
8057 17665 5122361 1 884
8055 17666 5122371 1 878
8053 17666 5122381 1 873
8051 17667 5122391 1 869
8049 17667 5122401 1 866
8048 17668 5122411 1 858
8046 17668 5122421 1 850
8045 17669 5122431 1 842
8044 17670 5122441 1 834
8043 17670 5122451 1 825
8042 17671 5122461 1 818
8042 17672 5122471 1 810
8042 17672 5122481 1 807
8042 17674 5122491 1 797
8043 17674 5122501 1 791
8044 17675 5122511 1 787
8045 17675 5122521 1 785
8046 17675 5122531 1 783
8047 17675 5122541 1 781
8049 17675 5122551 1 783
8050 17675 5122561 1 784
8051 17674 5122571 1 785
8052 17674 5122581 1 789
8053 17674 5122591 1 796
8054 17673 5122601 1 805
8054 17673 5122611 1 816
8055 17673 5122621 1 829
8055 17672 5122631 1 845
8055 17672 5122641 1 863
8055 17671 5122651 1 872
8056 17670 5122661 1 884
8055 17670 5122671 1 907
8055 17669 5122681 1 934
8054 17668 5122691 1 996
8054 17668 5122701 1 1024
8053 17668 5122711 1 1024
8052 17667 5122721 1 1024
8052 17667 5122731 1 1024
8051 17667 5122741 1 1024
8051 17667 5122751 1 1024
8050 17667 5122761 1 1024
8050 17666 5122771 1 1024
8050 17666 5122781 1 1024
8051 17665 5122791 1 1024
8051 17664 5122801 1 1024
8051 17663 5122811 1 1024
8051 17663 5122821 1 1024
8051 17662 5122831 1 1024
8050 17661 5122841 1 1024
8049 17660 5122851 1 1024
8048 17658 5122861 1 1024
8047 17657 5122871 1 1024
8046 17656 5122881 1 1024
8045 17654 5122891 1 1024
8045 17653 5122901 1 1024
8046 17653 5122911 1 1024
8046 17652 5122921 1 1024
8047 17651 5122931 1 1024
8049 17650 5122941 1 1024
8051 17649 5122951 1 1024
8053 17648 5122961 1 1024
8055 17647 5122971 1 1024
8057 17646 5122981 1 1024
8059 17646 5122991 1 1024
8061 17646 5123001 1 1024
8063 17645 5123011 1 1024
8064 17645 5123021 1 1024
8065 17645 5123031 1 1024
8066 17644 5123041 1 1024
8067 17644 5123051 1 1024
8067 17643 5123061 1 1024
8067 17643 5123071 1 1024
8067 17643 5123081 1 1024
8067 17642 5123091 1 1024
8067 17641 5123101 1 1024
8067 17640 5123111 1 1024
8067 17639 5123121 1 1024
8067 17639 5123131 1 1024
8067 17638 5123141 1 1024
8067 17637 5123151 1 1024
8067 17636 5123161 1 1024
8067 17636 5123171 1 1024
8067 17635 5123181 1 1024
8067 17634 5123191 1 1024
8067 17633 5123201 1 1024
8067 17633 5123211 1 1024
8067 17632 5123221 1 1024
8066 17632 5123231 1 1024
8066 17631 5123241 1 1024
8065 17631 5123251 1 1024
8064 17631 5123261 1 1024
8064 17630 5123271 1 1024
8064 17630 5123281 1 1024
8065 17628 5123291 1 1024
8066 17628 5123301 1 956
8068 17627 5123311 1 833
8069 17626 5123321 1 704
8070 17625 5123331 1 640
8071 17625 5123341 1 572
8073 17624 5123351 1 435
8075 17623 5123361 1 296
8077 17623 5123371 1 155
8079 17623 5123381 1 12
8082 17623 5123391 0 0
8084 17623 5123401 0 0
8087 17624 5123411 0 0
8089 17624 5123421 0 0
8091 17625 5123431 0 0
8093 17626 5123441 0 0
8096 17627 5123451 0 0
8098 17629 5123461 0 0
8100 17630 5123471 0 0
8103 17632 5123481 0 0
8107 17636 5123491 0 0
8108 17637 5123501 0 0
8109 17638 5123511 0 0
8111 17640 5123521 0 0
8112 17643 5123531 0 0
8112 17645 5123541 0 0
8113 17647 5123551 0 0
8113 17649 5123561 0 0
8113 17651 5123571 0 0
8113 17653 5123581 0 0
8113 17654 5123591 0 0
8112 17655 5123601 0 0
8112 17656 5123611 0 0
8111 17657 5123621 0 0
8111 17658 5123631 0 0
8110 17659 5123641 0 0
8109 17659 5123651 0 0
8109 17659 5123661 0 0
8108 17659 5123671 0 0
8107 17659 5123681 0 0
8105 17658 5123691 0 0
8104 17657 5123701 0 0
8103 17657 5123711 0 0
8101 17656 5123721 0 0
8100 17656 5123731 1 247
8098 17655 5123741 1 611
8097 17655 5123751 1 1009
8096 17654 5123761 1 1024
8096 17654 5123771 1 1024
8095 17653 5123781 1 1024
8094 17653 5123791 1 1024
8094 17652 5123801 1 1024
8093 17652 5123811 1 1024
8092 17652 5123821 1 1024
8091 17651 5123831 1 1024
8091 17651 5123841 1 1024
8090 17651 5123851 1 1024
8090 17651 5123861 1 1024
8090 17651 5123871 1 1024
8089 17651 5123881 1 1024
8089 17650 5123891 1 1024
8089 17650 5123901 1 1024
8089 17650 5123911 1 1024
8089 17650 5123921 1 1024
8089 17650 5123931 1 1024
8088 17650 5123941 1 1024
8088 17650 5123951 1 1024
8088 17650 5123961 1 1024
8088 17650 5123971 1 1024
8089 17650 5123981 1 1024
8089 17650 5123991 1 1024
8089 17650 5124001 1 1024
8089 17650 5124011 1 1024
8090 17650 5124021 1 459
8090 17650 5124031 0 0
8091 17650 5124041 0 0
8091 17649 5124051 0 0
8092 17649 5124061 0 0
8092 17649 5124071 0 0
8093 17649 5124081 0 0
8093 17650 5124091 0 0
8093 17650 5124101 0 0
8094 17651 5124111 0 0
8094 17652 5124121 0 0
8094 17653 5124131 0 0
8093 17654 5124141 0 0
8093 17654 5124151 0 0
8092 17656 5124161 0 0
8092 17657 5124171 0 0
8091 17658 5124181 0 0
8090 17658 5124191 0 0
8089 17659 5124201 0 0
8088 17660 5124211 1 5
8086 17661 5124221 1 71
8085 17662 5124231 1 145
8083 17662 5124241 1 224
8082 17663 5124251 1 307
8080 17663 5124261 1 394
8078 17664 5124271 1 481
8077 17664 5124281 1 525
8074 17664 5124291 1 654
8073 17664 5124301 1 735
8071 17664 5124311 1 811
8070 17665 5124321 1 882
8068 17665 5124331 1 944
8067 17665 5124341 1 997
8067 17666 5124351 1 1024
8067 17666 5124361 1 1024
8067 17666 5124371 1 1024
8066 17667 5124381 1 1024
8065 17667 5124391 1 1024
8065 17667 5124401 1 1024
8064 17668 5124411 1 1024
8063 17668 5124421 1 1024
8062 17668 5124431 1 1024
8061 17668 5124441 1 1024
8061 17669 5124451 1 1024
8061 17669 5124461 1 1024
8060 17669 5124471 1 1024
8060 17669 5124481 1 1024
8061 17670 5124491 1 1024
8062 17670 5124501 1 1024
8063 17670 5124511 1 1024
8064 17669 5124521 1 989
8065 17669 5124531 1 971
8065 17668 5124541 1 958
8066 17667 5124551 1 933
8066 17667 5124561 1 916
8067 17666 5124571 1 906
8068 17665 5124581 1 901
8069 17664 5124591 1 903
8071 17664 5124601 1 909
8072 17663 5124611 1 921
8073 17663 5124621 1 927
8073 17662 5124631 1 936
8075 17662 5124641 1 955
8077 17662 5124651 1 977
8078 17661 5124661 1 1000
8080 17661 5124671 1 1024
8082 17661 5124681 1 1024
8087 17661 5124691 1 1024
8088 17661 5124701 1 1024
8089 17661 5124711 1 1024
8092 17662 5124721 1 1024
8095 17662 5124731 1 1024
8097 17663 5124741 1 1024
8100 17664 5124751 1 1024
8102 17664 5124761 1 1024
8104 17665 5124771 1 1024
8106 17665 5124781 1 1024
8106 17666 5124791 1 1024
8106 17666 5124801 1 1024
8107 17666 5124811 1 1024
8108 17667 5124821 1 1024
8108 17667 5124831 1 1024
8109 17667 5124841 1 1024
8109 17668 5124851 1 1024
8109 17668 5124861 1 1024
8109 17668 5124871 1 1024
8109 17668 5124881 1 1024
8108 17669 5124891 1 1024
8107 17669 5124901 1 1024
8107 17669 5124911 1 1024
8107 17670 5124921 1 1024
8107 17670 5124931 1 1024
8107 17670 5124941 1 1024
8107 17671 5124951 1 1024
8107 17671 5124961 1 1024
8107 17671 5124971 1 1024
8107 17671 5124981 1 1024
8107 17672 5124991 1 1024
8107 17672 5125001 1 1024
8106 17673 5125011 1 1024
8106 17673 5125021 1 1024
8106 17673 5125031 1 1024
8105 17674 5125041 1 1024
8106 17674 5125051 1 1024
8106 17674 5125061 1 1024
8106 17674 5125071 1 1024
8106 17674 5125081 1 1024
8107 17674 5125091 1 1024
8108 17673 5125101 1 1024
8108 17673 5125111 1 1024
8109 17673 5125121 1 1024
8110 17672 5125131 1 1024
8111 17672 5125141 1 1024
8112 17672 5125151 1 1024
8113 17671 5125161 1 1024
8113 17671 5125171 1 1024
8114 17670 5125181 1 1024
8115 17669 5125191 1 1024
8116 17668 5125201 1 1024
8117 17668 5125211 1 1024
8118 17667 5125221 1 1024
8119 17667 5125231 1 1024
8120 17667 5125241 1 1024
8120 17666 5125251 1 1024
8120 17666 5125261 1 1024
8120 17666 5125271 1 1024
8119 17666 5125281 1 1024
8117 17666 5125291 1 1024
8116 17666 5125301 1 1024
8114 17667 5125311 1 1024
8112 17667 5125321 1 1024
8109 17667 5125331 1 1024
8106 17667 5125341 1 1024
8103 17666 5125351 1 1024
8101 17666 5125361 1 1024
8098 17666 5125371 1 1024
8096 17665 5125381 1 1024
8094 17665 5125391 1 1024
8092 17665 5125401 1 1024
8090 17665 5125411 1 1024
8089 17664 5125421 1 1024
8088 17664 5125431 1 1024
8088 17664 5125441 1 1024
8088 17664 5125451 1 1024
8089 17663 5125461 1 1024
8091 17663 5125471 1 1024
8092 17663 5125481 1 1024
8096 17664 5125491 1 1024
8099 17664 5125501 1 1024
8101 17664 5125511 1 1024
8104 17664 5125521 1 1024
8107 17664 5125531 1 1024
8109 17664 5125541 1 1024
8112 17663 5125551 1 1024
8114 17663 5125561 1 1024
8115 17663 5125571 1 1024
8116 17663 5125581 1 1024
8117 17663 5125591 1 1024
8117 17663 5125601 1 1024
8117 17662 5125611 1 1024
8117 17662 5125621 1 1024
8116 17662 5125631 1 1024
8115 17661 5125641 1 1024
8114 17661 5125651 1 1024
8113 17661 5125661 1 1024
8112 17660 5125671 1 1024
8111 17660 5125681 1 1024
8110 17660 5125691 1 1024
8110 17660 5125701 1 1024
8109 17660 5125711 1 1024
8109 17661 5125721 1 1024
8108 17661 5125731 1 1024
8108 17662 5125741 1 1024
8107 17662 5125751 1 1024
8107 17663 5125761 1 1024
8106 17664 5125771 1 1024
8106 17665 5125781 1 1024
8106 17666 5125791 1 1024
8106 17668 5125801 1 1024
8106 17669 5125811 1 1024
8106 17670 5125821 1 1024
8106 17671 5125831 1 1024
8105 17672 5125841 1 1024
8105 17673 5125851 1 1024
8104 17673 5125861 1 1024
8104 17674 5125871 1 1024
8103 17675 5125881 1 1024
8102 17677 5125891 1 1024
8102 17677 5125901 1 1024
8102 17678 5125911 1 1024
8102 17679 5125921 1 1024
8101 17679 5125931 1 1024
8101 17680 5125941 1 1024
8102 17680 5125951 1 1024
8102 17680 5125961 1 1024
8102 17679 5125971 1 1024
8103 17679 5125981 1 1024
8104 17678 5125991 1 1024
8105 17677 5126001 1 1024
8105 17675 5126011 1 1024
8106 17674 5126021 1 1024
8107 17673 5126031 1 1024
8107 17669 5126041 1 1024
8108 17663 5126051 1 1024
8110 17656 5126061 1 1024
8111 17647 5126071 1 1024
8112 17642 5126081 1 1024
8115 17627 5126091 1 1024
8116 17617 5126101 1 1024
8112 17606 5126111 1 1024
8104 17596 5126121 1 1024
8092 17589 5126131 1 1024
8077 17584 5126141 1 1024
8059 17581 5126151 1 1024
8039 17580 5126161 1 1024
8019 17581 5126171 1 1024
7997 17584 5126181 1 1024
7976 17588 5126191 1 1024
7959 17594 5126201 1 1024
7947 17600 5126211 1 1024
7940 17607 5126221 1 1024
7937 17614 5126231 1 1024
7938 17622 5126241 1 1024
7943 17631 5126251 1 1024
7951 17639 5126261 1 1024
7961 17647 5126271 1 1024
7975 17655 5126281 1 1024
8007 17669 5126291 1 1024
8026 17675 5126301 1 1024
8044 17680 5126311 1 1024
8063 17683 5126321 1 1024
8081 17685 5126331 1 1024
8098 17685 5126341 1 1024
8113 17684 5126351 1 1024
8127 17682 5126361 1 1024
8138 17678 5126371 1 1024
8147 17673 5126381 1 1024
8153 17668 5126391 1 1024
8155 17661 5126401 1 1024
8154 17655 5126411 1 1024
8150 17648 5126421 1 1024
8143 17641 5126431 1 1024
8133 17635 5126441 1 1024
8121 17630 5126451 1 1024
8106 17625 5126461 1 1024
8091 17622 5126471 1 1024
8075 17619 5126481 1 1024
8043 17619 5126491 1 1024
8029 17621 5126501 1 1024
8017 17624 5126511 1 1024
8006 17628 5126521 1 1024
7998 17633 5126531 1 1024
7993 17638 5126541 1 1024
7990 17644 5126551 1 1024
7991 17650 5126561 1 1024
7994 17656 5126571 1 1024
8000 17662 5126581 1 1024
8009 17668 5126591 1 1024
8019 17674 5126601 1 1024
8031 17679 5126611 1 1024
8045 17683 5126621 1 1024
8059 17687 5126631 1 1024
8074 17690 5126641 1 1024
8089 17692 5126651 1 1024
8103 17692 5126661 1 1024
8117 17691 5126671 1 1024
8130 17688 5126681 1 1024
8153 17676 5126691 1 1024
8161 17667 5126701 1 1024
8166 17659 5126711 1 1024
8168 17648 5126721 1 1024
8168 17634 5126731 1 1024
8163 17616 5126741 1 1024
