7876 17495 6821343 1 715
7831 17455 6821353 1 714
7816 17439 6821363 1 715
7815 17435 6821373 1 716
7816 17433 6821383 1 716
7818 17431 6821393 1 716
7818 17427 6821403 1 716
7821 17425 6821413 1 717
7823 17423 6821423 1 718
7826 17421 6821433 1 717
7827 17419 6821443 1 718
7827 17419 6821453 1 718
7828 17418 6821463 1 718
7830 17416 6821473 1 719
7832 17415 6821483 1 719
7833 17414 6821493 1 719
7834 17414 6821503 1 719
7834 17414 6821513 1 720
7834 17414 6821523 1 721
7834 17415 6821533 1 721
7834 17416 6821543 1 721
7834 17417 6821553 1 721
7834 17417 6821563 1 721
7834 17418 6821573 1 722
7833 17419 6821583 1 722
7833 17421 6821593 1 722
7833 17423 6821603 1 723
7833 17425 6821613 1 723
7833 17427 6821623 1 724
7833 17428 6821633 1 724
7833 17429 6821643 1 724
7833 17430 6821653 1 725
7833 17430 6821663 1 725
7833 17430 6821673 1 725
7833 17429 6821683 1 725
7832 17428 6821693 1 726
7832 17427 6821703 1 726
7831 17425 6821713 1 726
7831 17423 6821723 1 727
7830 17421 6821733 1 728
7829 17418 6821743 1 728
7829 17416 6821753 1 728
7829 17414 6821763 1 729
7829 17412 6821773 1 729
7830 17412 6821783 1 729
7830 17411 6821793 1 730
7831 17409 6821803 1 730
7832 17407 6821813 1 730
7834 17405 6821823 1 731
7836 17402 6821833 1 731
7838 17400 6821843 1 732
7840 17398 6821853 1 732
7842 17397 6821863 1 732
7844 17395 6821873 1 733
7846 17393 6821883 1 733
7846 17392 6821893 1 733
7847 17392 6821903 1 734
7848 17390 6821913 1 734
7848 17390 6821923 1 734
7848 17389 6821933 1 735
7847 17389 6821943 1 736
7845 17389 6821953 1 736
7842 17390 6821963 1 737
7838 17390 6821973 1 737
7833 17391 6821983 1 737
7830 17392 6821993 1 738
7829 17393 6822003 1 738
7827 17394 6822013 1 738
7821 17394 6822023 1 739
7814 17394 6822033 1 740
7807 17393 6822043 1 739
7801 17392 6822053 1 740
7794 17389 6822063 1 741
7788 17387 6822073 1 741
7783 17383 6822083 1 742
7778 17380 6822093 1 742
7775 17378 6822103 1 742
7775 17378 6822113 1 743
7774 17376 6822123 1 743
7771 17372 6822133 1 743
7769 17368 6822143 1 744
7768 17365 6822153 1 745
7768 17362 6822163 1 745
7770 17360 6822173 1 745
7772 17358 6822183 1 746
7774 17357 6822193 1 747
7778 17357 6822203 1 747
7779 17357 6822213 1 748
7780 17357 6822223 1 748
7781 17357 6822233 1 748
7785 17357 6822243 1 748
7788 17358 6822253 1 749
7792 17359 6822263 1 749
7795 17361 6822273 1 750
7798 17363 6822283 1 751
7801 17366 6822293 1 751
7804 17369 6822303 1 751
7806 17372 6822313 1 752
7807 17374 6822323 1 753
7807 17374 6822333 1 753
7808 17375 6822343 1 753
7811 17378 6822353 1 754
7813 17381 6822363 1 754
7815 17384 6822373 1 755
7817 17386 6822383 1 755
7819 17389 6822393 1 756
7821 17392 6822403 1 757
7823 17394 6822413 1 757
7825 17396 6822423 1 758
7826 17397 6822433 1 759
7826 17397 6822443 1 759
7827 17398 6822453 1 758
7828 17399 6822463 1 759
7830 17400 6822473 1 760
7831 17401 6822483 1 760
7833 17401 6822493 1 761
7834 17401 6822503 1 762
7836 17401 6822513 1 763
7837 17401 6822523 1 763
7839 17401 6822533 1 763
7840 17402 6822543 1 764
7840 17402 6822553 1 764
7841 17402 6822563 1 764
7842 17403 6822573 1 765
7843 17404 6822583 1 766
7844 17405 6822593 1 767
7844 17406 6822603 1 767
7844 17407 6822613 1 768
7845 17407 6822623 1 768
7844 17407 6822633 1 769
7844 17407 6822643 1 770
7844 17407 6822653 1 771
7843 17407 6822663 1 771
7843 17407 6822673 1 771
7842 17406 6822683 1 772
7841 17405 6822693 1 772
7840 17403 6822703 1 773
7839 17401 6822713 1 773
7838 17399 6822723 1 774
7838 17397 6822733 1 775
7837 17395 6822743 1 776
7837 17393 6822753 1 777
7837 17391 6822763 1 777
7837 17390 6822773 1 776
7837 17389 6822783 1 777
7838 17387 6822793 1 778
7839 17385 6822803 1 778
7840 17383 6822813 1 779
7841 17382 6822823 1 779
7843 17380 6822833 1 780
7845 17379 6822843 1 781
7846 17379 6822853 1 782
7848 17378 6822863 1 782
7848 17378 6822873 1 783
7849 17377 6822883 1 783
7849 17377 6822893 1 783
7850 17377 6822903 1 784
7851 17376 6822913 1 784
7851 17376 6822923 1 784
7851 17376 6822933 1 785
7851 17376 6822943 1 786
7850 17377 6822953 1 787
7849 17378 6822963 1 788
7848 17378 6822973 1 789
7847 17379 6822983 1 789
7847 17379 6822993 1 789
7847 17380 6823003 1 790
7846 17381 6823013 1 791
7845 17381 6823023 1 791
7844 17382 6823033 1 793
7844 17382 6823043 1 794
7843 17382 6823053 1 796
7844 17382 6823063 1 797
7844 17382 6823073 1 799
7844 17382 6823083 1 800
7845 17382 6823093 1 801
7846 17383 6823103 1 801
7846 17383 6823113 1 802
7847 17384 6823123 1 803
7847 17384 6823133 1 804
7848 17385 6823143 1 806
7848 17386 6823153 1 808
7848 17386 6823163 1 809
7847 17387 6823173 1 811
7846 17387 6823183 1 813
7845 17388 6823193 1 814
7845 17389 6823203 1 814
7844 17389 6823213 1 815
7844 17389 6823223 1 815
7842 17389 6823233 1 816
7840 17389 6823243 1 817
7838 17389 6823253 1 819
7837 17389 6823263 1 820
7835 17388 6823273 1 821
7834 17387 6823283 1 822
7833 17387 6823293 1 822
7833 17386 6823303 1 823
7832 17386 6823313 1 823
7832 17386 6823323 1 823
7832 17385 6823333 1 823
7832 17385 6823343 1 824
7832 17384 6823353 1 824
7833 17383 6823363 1 823
7833 17382 6823373 1 823
7834 17381 6823383 1 823
7835 17379 6823393 1 822
7836 17378 6823403 1 821
7837 17377 6823413 1 819
7838 17376 6823423 1 819
7838 17375 6823433 1 819
7839 17375 6823443 1 818
7840 17375 6823453 1 816
7841 17374 6823463 1 814
7843 17375 6823473 1 813
7844 17376 6823483 1 810
7845 17377 6823493 1 808
7846 17379 6823503 1 805
7847 17380 6823513 1 803
7848 17382 6823523 1 800
7849 17383 6823533 1 798
7849 17383 6823543 1 798
7850 17384 6823553 1 797
7851 17385 6823563 1 794
7851 17386 6823573 1 791
7852 17386 6823583 1 788
7852 17387 6823593 1 786
7852 17388 6823603 1 784
7852 17388 6823613 1 781
7852 17388 6823623 1 779
7852 17388 6823633 1 776
7852 17388 6823643 1 775
7852 17388 6823653 1 775
7852 17388 6823663 1 774
7852 17388 6823673 1 772
7852 17388 6823683 1 770
7852 17388 6823693 1 769
7852 17389 6823703 1 768
7852 17389 6823713 1 767
7852 17390 6823723 1 766
7853 17390 6823733 1 766
7854 17390 6823743 1 766
7854 17390 6823753 1 766
7854 17390 6823763 1 766
7855 17390 6823773 1 767
7856 17391 6823783 1 767
7857 17391 6823793 1 768
7858 17392 6823803 1 770
7860 17392 6823813 1 773
7861 17393 6823823 1 776
7862 17394 6823833 1 780
7862 17395 6823843 1 784
7863 17397 6823853 1 789
7863 17398 6823863 1 791
7863 17398 6823873 1 791
7863 17399 6823883 1 794
7863 17400 6823893 1 800
7862 17402 6823903 1 807
7862 17404 6823913 1 814
7861 17405 6823923 1 822
7860 17406 6823933 1 831
7860 17407 6823943 1 841
7859 17408 6823953 1 852
7858 17409 6823963 1 864
7858 17409 6823973 1 870
7858 17409 6823983 1 872
7858 17409 6823993 1 877
7858 17409 6824003 1 890
7858 17409 6824013 1 904
7859 17408 6824023 1 919
7859 17408 6824033 1 934
7860 17407 6824043 1 951
7861 17407 6824053 1 966
7862 17406 6824063 1 982
7863 17406 6824073 1 999
7863 17406 6824083 1 1008
7863 17406 6824093 1 1011
7863 17406 6824103 1 1015
7864 17405 6824113 1 1021
7864 17405 6824123 1 1021
7864 17404 6824133 1 1021
7864 17404 6824143 1 1020
7863 17404 6824153 1 1020
7863 17403 6824163 1 1020
7862 17403 6824173 1 1019
7861 17403 6824183 1 1019
7860 17404 6824193 1 1019
7860 17404 6824203 1 1018
7859 17404 6824213 1 1018
7858 17404 6824223 1 1018
7857 17405 6824233 1 1017
7856 17405 6824243 1 1017
7856 17406 6824253 1 1017
7856 17406 6824263 1 1016
7856 17406 6824273 1 1016
7856 17407 6824283 1 1016
7857 17406 6824293 1 1015
7857 17407 6824303 1 1015
7858 17407 6824313 1 1015
7858 17407 6824323 1 1015
7859 17406 6824333 1 1014
7861 17406 6824343 1 1014
7862 17405 6824353 1 1014
7863 17404 6824363 1 1013
7864 17403 6824373 1 1013
7864 17402 6824383 1 1012
7865 17400 6824393 1 1012
7864 17398 6824403 1 1012
7864 17397 6824413 1 1012
7864 17397 6824423 1 1011
7864 17396 6824433 1 1011
7862 17394 6824443 1 1011
7861 17392 6824453 1 1010
7859 17390 6824463 1 1002
7857 17389 6824473 1 972
7855 17387 6824483 1 938
7853 17386 6824493 1 901
7851 17385 6824503 1 863
7850 17384 6824513 1 820
7849 17383 6824523 1 799
7848 17383 6824533 1 793
7847 17383 6824543 1 776
7845 17383 6824553 1 731
7843 17383 6824563 1 684
7842 17383 6824573 1 635
7841 17384 6824583 1 587
7840 17384 6824593 1 538
7840 17385 6824603 1 490
7840 17386 6824613 1 442
7840 17388 6824623 1 396
7840 17388 6824633 1 373
7840 17389 6824643 1 367
7841 17389 6824653 1 351
7842 17391 6824663 1 307
7844 17392 6824673 1 266
7845 17394 6824683 1 227
7847 17395 6824693 1 192
7849 17397 6824703 1 159
7851 17398 6824713 1 131
7853 17400 6824723 1 106
7854 17401 6824733 1 85
7856 17402 6824743 1 82
7856 17403 6824753 1 85
7857 17404 6824763 1 88
7858 17405 6824773 1 89
7858 17407 6824783 1 90
7858 17409 6824793 1 92
7858 17410 6824803 1 93
7858 17412 6824813 1 95
7858 17413 6824823 1 96
7857 17415 6824833 1 123
7857 17416 6824843 1 157
7857 17417 6824853 1 175
7857 17418 6824863 1 180
7857 17419 6824873 1 196
7858 17419 6824883 1 240
7859 17420 6824893 1 288
7860 17421 6824903 1 339
7861 17421 6824913 1 392
7863 17421 6824923 1 448
7865 17421 6824933 1 504
7867 17421 6824943 1 561
7868 17420 6824953 1 617
7869 17419 6824963 1 645
7870 17418 6824973 1 651
7870 17418 6824983 1 671
7872 17416 6824993 1 724
7873 17414 6825003 1 774
7874 17412 6825013 1 820
7875 17411 6825023 1 862
7876 17409 6825033 1 900
7876 17407 6825043 1 932
7876 17406 6825053 1 958
7876 17405 6825063 1 978
7876 17403 6825073 1 988
7876 17403 6825083 1 991
7875 17402 6825093 1 991
7874 17401 6825103 1 990
7874 17401 6825113 1 989
7873 17401 6825123 1 989
7872 17401 6825133 1 989
7871 17401 6825143 1 989
7871 17401 6825153 1 988
7871 17401 6825163 1 988
7871 17401 6825173 1 987
7871 17401 6825183 1 984
7872 17401 6825193 1 982
7872 17401 6825203 1 977
7872 17401 6825213 1 968
7873 17402 6825223 1 958
7874 17402 6825233 1 950
7874 17403 6825243 1 941
7874 17403 6825253 1 935
7875 17403 6825263 1 930
7875 17402 6825273 1 926
7875 17402 6825283 1 924
7875 17401 6825293 1 923
7875 17401 6825303 1 923
7875 17401 6825313 1 923
7874 17400 6825323 1 922
7874 17399 6825333 1 922
7873 17397 6825343 1 923
7873 17396 6825353 1 925
7873 17395 6825363 1 927
7872 17393 6825373 1 930
7872 17392 6825383 1 933
7872 17391 6825393 1 936
7872 17390 6825403 1 938
7872 17390 6825413 1 938
7872 17389 6825423 1 939
7872 17388 6825433 1 942
7873 17387 6825443 1 945
7873 17386 6825453 1 948
7874 17385 6825463 1 950
7874 17385 6825473 1 953
7875 17385 6825483 1 955
7875 17385 6825493 1 956
7876 17386 6825503 1 957
7876 17386 6825513 1 958
7877 17386 6825523 1 958
7877 17386 6825533 1 958
7877 17386 6825543 1 958
7878 17387 6825553 1 959
7878 17388 6825563 1 959
7878 17388 6825573 1 959
7879 17389 6825583 1 959
7880 17389 6825593 1 958
7881 17390 6825603 1 958
7882 17391 6825613 1 958
7883 17391 6825623 1 958
7883 17392 6825633 1 958
7883 17392 6825643 1 958
7884 17393 6825653 1 958
7885 17393 6825663 1 958
7881 17394 6825673 1 957
7874 17394 6825683 1 957
7863 17394 6825693 1 958
7849 17395 6825703 1 958
7834 17395 6825713 1 959
7816 17396 6825723 1 959
7807 17396 6825733 1 959
7804 17397 6825743 1 959
7797 17397 6825753 1 959
7778 17398 6825763 1 960
7759 17396 6825773 1 960
7744 17391 6825783 1 960
7733 17384 6825793 1 961
7725 17376 6825803 1 962
7721 17366 6825813 1 963
7720 17354 6825823 1 963
7721 17342 6825833 1 963
7722 17335 6825843 1 964
7722 17333 6825853 1 964
7725 17328 6825863 1 964
7731 17315 6825873 1 964
7739 17305 6825883 1 965
7750 17299 6825893 1 966
7762 17295 6825903 1 966
7775 17293 6825913 1 966
7789 17294 6825923 1 966
7804 17298 6825933 1 965
7819 17303 6825943 1 965
7827 17305 6825953 1 965
7829 17306 6825963 1 965
7835 17309 6825973 1 965
7850 17317 6825983 1 965
7864 17326 6825993 1 964
7877 17336 6826003 1 963
7888 17347 6826013 1 963
7898 17358 6826023 1 963
7906 17370 6826033 1 963
7912 17382 6826043 1 962
7916 17394 6826053 1 962
7917 17405 6826063 1 962
7917 17411 6826073 1 961
7916 17416 6826083 1 961
7912 17427 6826093 1 961
7906 17436 6826103 1 960
7899 17444 6826113 1 960
7889 17451 6826123 1 960
7879 17457 6826133 1 960
7867 17461 6826143 1 960
7856 17463 6826153 1 959
7844 17464 6826163 1 959
7834 17464 6826173 1 958
7824 17461 6826183 1 958
7815 17458 6826193 1 958
7808 17453 6826203 1 957
7803 17448 6826213 1 957
7800 17441 6826223 1 957
7800 17434 6826233 1 957
7801 17426 6826243 1 957
7805 17417 6826253 1 956
7810 17409 6826263 1 955
7816 17402 6826273 1 955
7824 17395 6826283 1 955
7832 17390 6826293 1 955
7841 17386 6826303 1 954
7850 17383 6826313 1 954
7858 17382 6826323 1 954
7866 17382 6826333 1 954
7872 17384 6826343 1 953
7877 17387 6826353 1 953
7880 17391 6826363 1 952
7882 17396 6826373 1 952
7881 17401 6826383 1 952
7878 17407 6826393 1 951
7872 17412 6826403 1 951
7865 17417 6826413 1 951
7856 17421 6826423 1 951
7846 17424 6826433 1 951
7834 17426 6826443 1 950
7822 17426 6826453 1 949
7809 17425 6826463 1 949
7796 17422 6826473 1 949
7783 17419 6826483 1 949
7771 17413 6826493 1 948
7759 17407 6826503 1 948
7749 17400 6826513 1 948
7739 17393 6826523 1 948
7732 17385 6826533 1 947
7726 17376 6826543 1 947
7723 17368 6826553 1 946
7721 17360 6826563 1 946
7723 17352 6826573 1 946
7728 17344 6826583 1 946
7735 17338 6826593 1 945
7747 17332 6826603 1 945
7761 17327 6826613 1 945
7780 17323 6826623 1 945
7803 17320 6826633 1 944
7823 17316 6826643 1 944
7850 17315 6826653 1 943
7883 17315 6826663 1 943
7922 17319 6826673 1 943
