7694 18500 8402337 1 635
7692 18497 8402347 1 638
7692 18494 8402357 1 642
7688 18487 8402367 1 645
7689 18484 8402377 1 648
7691 18474 8402387 1 653
7693 18467 8402397 1 655
7694 18454 8402407 1 659
7695 18449 8402417 1 661
7695 18445 8402427 1 663
7697 18444 8402437 1 665
7697 18450 8402447 1 667
7697 18459 8402457 1 668
7697 18471 8402467 1 669
7698 18502 8402477 1 672
7697 18533 8402487 1 673
7697 18545 8402497 1 674
7699 18553 8402507 1 675
7702 18556 8402517 1 675
7705 18551 8402527 1 676
7710 18540 8402537 1 677
7713 18475 8402547 1 680
7717 18446 8402557 1 681
7721 18415 8402567 1 682
7723 18387 8402577 1 682
7724 18362 8402587 1 683
7718 18332 8402597 1 685
7716 18324 8402607 1 687
7706 18325 8402617 1 690
7701 18332 8402627 1 692
7695 18342 8402637 1 693
7696 18361 8402647 1 695
7694 18370 8402657 1 696
7694 18379 8402667 1 697
7697 18385 8402677 1 697
7708 18395 8402687 1 697
7726 18398 8402697 1 700
7734 18403 8402707 1 708
7743 18409 8402717 1 717
7751 18415 8402727 1 727
7759 18422 8402737 1 738
7765 18430 8402747 1 748
7776 18445 8402757 1 747
7775 18446 8402767 1 734
7773 18445 8402777 1 710
7768 18441 8402787 1 677
7761 18435 8402797 1 633
7748 18424 8402807 1 524
7736 18416 8402817 1 462
7709 18402 8402827 1 332
7696 18396 8402837 1 267
7683 18392 8402847 1 203
7671 18387 8402857 1 90
7664 18384 8402867 1 50
7661 18380 8402877 1 49
7662 18376 8402887 1 48
7677 18370 8402897 1 46
7692 18367 8402907 1 45
7708 18370 8402917 1 45
7724 18376 8402927 1 44
7741 18384 8402937 1 43
7757 18395 8402947 1 42
7770 18408 8402957 1 41
7790 18442 8402967 1 43
7794 18452 8402977 1 71
7793 18457 8402987 1 103
7790 18459 8402997 1 141
7784 18456 8403007 1 182
7776 18441 8403017 1 277
7766 18429 8403027 1 327
7746 18406 8403037 1 433
7736 18396 8403047 1 486
7728 18389 8403057 1 538
7720 18383 8403067 1 639
7715 18384 8403077 1 686
7711 18388 8403087 1 730
7710 18394 8403097 1 769
7712 18406 8403107 1 835
7718 18415 8403117 1 884
7724 18419 8403127 1 904
7731 18420 8403137 1 921
7740 18421 8403147 1 931
7749 18420 8403157 1 934
7760 18419 8403167 1 926
7784 18417 8403177 1 828
7794 18414 8403187 1 765
7803 18412 8403197 1 685
7810 18409 8403207 1 592
7816 18405 8403217 1 491
7821 18397 8403227 1 286
7821 18393 8403237 1 193
7815 18385 8403247 1 50
7809 18382 8403257 1 7
7800 18381 8403267 1 6
7789 18385 8403277 1 5
7778 18390 8403287 1 4
7767 18395 8403297 1 3
7756 18400 8403307 1 2
7738 18411 8403317 0 0
7729 18420 8403327 0 0
7725 18421 8403337 0 0
7723 18420 8403347 0 0
7723 18419 8403357 0 0
7725 18417 8403367 0 0
7728 18415 8403377 0 0
7736 18410 8403387 0 0
7741 18414 8403397 0 0
7746 18419 8403407 0 0
7750 18426 8403417 0 0
7753 18434 8403427 0 0
7755 18446 8403437 0 0
7756 18454 8403447 1 7
7756 18464 8403457 1 25
7755 18465 8403467 1 51
7754 18463 8403477 1 84
7755 18454 8403487 1 123
7756 18447 8403497 1 168
7758 18438 8403507 1 218
7762 18429 8403517 1 271
7774 18410 8403527 1 326
7784 18399 8403537 1 383
7793 18393 8403547 1 440
7801 18388 8403557 1 497
7808 18385 8403567 1 553
7813 18382 8403577 1 606
7816 18380 8403587 1 655
7811 18382 8403597 1 701
7804 18382 8403607 1 741
7793 18384 8403617 1 774
7781 18385 8403627 1 800
7768 18388 8403637 1 818
7755 18390 8403647 1 826
7744 18393 8403657 1 827
7731 18399 8403667 1 828
7731 18403 8403677 1 830
7735 18406 8403687 1 831
7741 18411 8403697 1 832
7753 18415 8403707 1 834
7767 18419 8403717 1 835
7782 18423 8403727 1 835
7811 18431 8403737 1 837
7820 18436 8403747 1 840
7828 18439 8403757 1 840
7831 18442 8403767 1 841
7830 18444 8403777 1 843
7826 18446 8403787 1 843
7818 18448 8403797 1 844
7800 18447 8403807 1 847
7791 18443 8403817 1 848
7783 18436 8403827 1 849
7778 18425 8403837 1 850
7776 18413 8403847 1 851
7783 18384 8403857 1 853
7787 18367 8403867 1 854
7804 18334 8403877 1 855
7805 18322 8403887 1 857
7800 18314 8403897 1 857
7768 18316 8403907 1 860
7747 18319 8403917 1 860
7722 18325 8403927 1 862
7694 18335 8403937 1 862
7631 18365 8403947 1 864
7595 18403 8403957 1 866
7587 18423 8403967 1 867
7587 18444 8403977 1 868
7593 18465 8403987 1 869
7606 18484 8403997 1 869
7625 18501 8404007 1 871
7705 18529 8404017 1 874
7738 18531 8404027 1 874
7773 18528 8404037 1 876
7808 18521 8404047 1 876
7843 18510 8404057 1 877
7899 18481 8404067 1 879
7927 18463 8404077 1 880
7969 18426 8404087 1 882
7982 18408 8404097 1 882
7989 18393 8404107 1 884
7977 18368 8404117 1 885
7967 18361 8404127 1 886
7952 18357 8404137 1 887
7933 18357 8404147 1 888
7884 18366 8404157 1 890
7828 18384 8404167 1 892
7801 18396 8404177 1 893
7776 18409 8404187 1 893
7753 18422 8404197 1 894
7733 18436 8404207 1 895
7715 18449 8404217 1 896
7706 18489 8404227 1 899
7707 18498 8404237 1 900
7712 18506 8404247 1 900
7721 18513 8404257 1 901
7733 18517 8404267 1 902
7776 18515 8404277 1 904
7793 18509 8404287 1 905
7826 18482 8404297 1 907
7840 18469 8404307 1 907
7852 18449 8404317 1 908
7867 18374 8404327 1 910
