8147 17497 5452631 1 612
8142 17491 5452641 1 621
8139 17488 5452651 1 628
8139 17486 5452661 1 633
8139 17484 5452671 1 638
8136 17480 5452681 1 643
8137 17478 5452691 1 647
8139 17473 5452701 1 655
8140 17469 5452711 1 659
8141 17465 5452721 1 663
8142 17461 5452731 1 666
8142 17457 5452741 1 668
8143 17456 5452751 1 669
8143 17454 5452761 1 671
8144 17452 5452771 1 674
8144 17454 5452781 1 677
8145 17458 5452791 1 678
8144 17463 5452801 1 679
8144 17469 5452811 1 682
8144 17476 5452821 1 683
8142 17492 5452831 1 686
8140 17498 5452841 1 687
8138 17502 5452851 1 688
8136 17504 5452861 1 688
8135 17504 5452871 1 688
8134 17503 5452881 1 689
8131 17500 5452891 1 690
8125 17482 5452901 1 693
8122 17472 5452911 1 694
8120 17461 5452921 1 695
8117 17451 5452931 1 696
8115 17441 5452941 1 697
8113 17433 5452951 1 698
8108 17421 5452961 1 701
8108 17421 5452971 1 703
8107 17422 5452981 1 704
8107 17423 5452991 1 705
8107 17425 5453001 1 706
8108 17429 5453011 1 709
8109 17432 5453021 1 710
8115 17440 5453031 1 713
8118 17442 5453041 1 714
8123 17443 5453051 1 715
8128 17443 5453061 1 715
8133 17442 5453071 1 715
8139 17441 5453081 1 714
8151 17440 5453091 1 718
8158 17440 5453101 1 728
8161 17440 5453111 1 733
8164 17441 5453121 1 740
8170 17443 5453131 1 754
8175 17446 5453141 1 768
8180 17449 5453151 1 779
8187 17455 5453161 1 786
8189 17457 5453171 1 778
8190 17457 5453181 1 760
8190 17456 5453191 1 729
8190 17454 5453201 1 685
8188 17451 5453211 1 629
8185 17445 5453221 1 490
8183 17443 5453231 1 435
8182 17441 5453241 1 411
8179 17438 5453251 1 330
8175 17435 5453261 1 247
8172 17433 5453271 1 167
8169 17431 5453281 1 89
8165 17429 5453291 0 0
8163 17428 5453301 0 0
8162 17427 5453311 0 0
8162 17425 5453321 0 0
8162 17423 5453331 0 0
8162 17422 5453341 0 0
8164 17421 5453351 0 0
8165 17421 5453361 0 0
8167 17422 5453371 0 0
8170 17425 5453381 0 0
8173 17429 5453391 0 0
8175 17435 5453401 0 0
8178 17442 5453411 0 0
8183 17455 5453421 0 0
8185 17463 5453431 0 0
8188 17469 5453441 0 0
8190 17474 5453451 1 6
8191 17477 5453461 1 53
8192 17479 5453471 1 63
8192 17478 5453481 1 104
8193 17472 5453491 1 217
8194 17467 5453501 1 276
8194 17462 5453511 1 338
8195 17457 5453521 1 400
8195 17451 5453531 1 462
8195 17446 5453541 1 522
8195 17440 5453551 1 638
8196 17437 5453561 1 691
8196 17435 5453571 1 740
8197 17434 5453581 1 784
8197 17433 5453591 1 807
8197 17433 5453601 1 823
8197 17432 5453611 1 856
8198 17434 5453621 1 909
8198 17434 5453631 1 931
8198 17434 5453641 1 948
8198 17435 5453651 1 958
8198 17436 5453661 1 959
8198 17437 5453671 1 950
8201 17440 5453681 1 893
8201 17442 5453691 1 841
8202 17444 5453701 1 773
8202 17444 5453711 1 736
8203 17445 5453721 1 687
8205 17446 5453731 1 588
8207 17446 5453741 1 482
8210 17443 5453751 1 267
8212 17441 5453761 1 171
8215 17439 5453771 1 89
8217 17438 5453781 1 26
8219 17436 5453791 0 0
8221 17436 5453801 0 0
8222 17438 5453811 0 0
8224 17441 5453821 0 0
8224 17442 5453831 0 0
8224 17445 5453841 0 0
8224 17449 5453851 0 0
8224 17454 5453861 0 0
8223 17459 5453871 0 0
8220 17465 5453881 0 0
8218 17467 5453891 0 0
8215 17468 5453901 1 2
8212 17468 5453911 1 16
8209 17466 5453921 1 40
8206 17464 5453931 1 70
8202 17458 5453941 1 153
8200 17456 5453951 1 186
8199 17456 5453961 1 202
8196 17454 5453971 1 254
8194 17452 5453981 1 309
8192 17451 5453991 1 366
8190 17451 5454001 1 425
8188 17453 5454011 1 540
8188 17453 5454021 1 595
8187 17454 5454031 1 646
8188 17453 5454041 1 694
8188 17453 5454051 1 736
8189 17451 5454061 1 772
8190 17449 5454071 1 800
8191 17447 5454081 1 820
8193 17444 5454091 1 830
8195 17441 5454101 1 830
8197 17438 5454111 1 831
8199 17435 5454121 1 831
8201 17432 5454131 1 832
8204 17428 5454141 1 831
8205 17426 5454151 1 832
8207 17424 5454161 1 832
8208 17422 5454171 1 834
8209 17421 5454181 1 835
8210 17420 5454191 1 835
8210 17420 5454201 1 837
8211 17421 5454211 1 841
8210 17421 5454221 1 843
8210 17422 5454231 1 845
8209 17423 5454241 1 847
8208 17425 5454251 1 849
8206 17428 5454261 1 852
8204 17430 5454271 1 856
8203 17434 5454281 1 857
8201 17437 5454291 1 859
8199 17441 5454301 1 861
8198 17443 5454311 1 862
8198 17444 5454321 1 863
8197 17448 5454331 1 865
8195 17451 5454341 1 868
8194 17453 5454351 1 871
8193 17454 5454361 1 872
8193 17454 5454371 1 874
8194 17453 5454381 1 876
8194 17451 5454391 1 878
8194 17449 5454401 1 882
8196 17444 5454411 1 884
8197 17440 5454421 1 886
8198 17437 5454431 1 887
8198 17434 5454441 1 889
8200 17429 5454451 1 890
8201 17424 5454461 1 892
8203 17420 5454471 1 896
8204 17417 5454481 1 898
8206 17413 5454491 1 901
8207 17410 5454501 1 903
8208 17407 5454511 1 905
8210 17403 5454521 1 907
8215 17392 5454531 1 910
8217 17389 5454541 1 913
8217 17388 5454551 1 915
8219 17386 5454561 1 915
8221 17383 5454571 1 917
8219 17382 5454581 1 920
8213 17382 5454591 1 922
8192 17388 5454601 1 926
8178 17393 5454611 1 928
8163 17399 5454621 1 931
8146 17406 5454631 1 933
8130 17415 5454641 1 935
8113 17425 5454651 1 938
8094 17447 5454661 1 942
8089 17455 5454671 1 944
8091 17459 5454681 1 944
8092 17472 5454691 1 946
8097 17484 5454701 1 949
8104 17496 5454711 1 951
8114 17507 5454721 1 954
8140 17521 5454731 1 957
8155 17525 5454741 1 960
8170 17527 5454751 1 962
8186 17525 5454761 1 965
8202 17519 5454771 1 967
8217 17511 5454781 1 969
8231 17502 5454791 1 971
8244 17492 5454801 1 974
8255 17478 5454811 1 977
8263 17463 5454821 1 979
8269 17448 5454831 1 982
8271 17434 5454841 1 984
8270 17421 5454851 1 988
8258 17403 5454861 1 991
8247 17397 5454871 1 994
8234 17394 5454881 1 996
8220 17393 5454891 1 999
8204 17396 5454901 1 1001
8187 17400 5454911 1 1005
8155 17413 5454921 1 1009
8142 17423 5454931 1 1011
8130 17435 5454941 1 1014
8121 17447 5454951 1 1017
8116 17459 5454961 1 1019
8112 17471 5454971 1 1022
8116 17492 5454981 1 1024
8122 17503 5454991 1 1024
8129 17512 5455001 1 1024
8139 17519 5455011 1 1024
8150 17524 5455021 1 1024
8163 17526 5455031 1 1024
8192 17523 5455041 1 1024
8205 17516 5455051 1 1024
8219 17506 5455061 1 1024
8232 17491 5455071 1 1024
8243 17478 5455081 1 1024
8254 17460 5455091 1 1024
8267 17410 5455101 1 1024
