7809 18547 8636044 1 590
7809 18547 8636054 1 602
7809 18547 8636064 1 608
7809 18548 8636074 1 610
7809 18548 8636084 1 611
7809 18549 8636094 1 612
7809 18550 8636104 1 613
7810 18551 8636114 1 615
7810 18551 8636124 1 616
7809 18552 8636134 1 618
7809 18552 8636144 1 618
7808 18552 8636154 1 618
7808 18552 8636164 1 621
7807 18552 8636174 1 623
7806 18552 8636184 1 623
7806 18552 8636194 1 624
7806 18551 8636204 1 626
7805 18551 8636214 1 627
7805 18551 8636224 1 629
7805 18551 8636234 1 629
7804 18552 8636244 1 629
7804 18552 8636254 1 631
7804 18552 8636264 1 634
7804 18552 8636274 1 635
7803 18552 8636284 1 636
7802 18551 8636294 1 637
7802 18549 8636304 1 639
7801 18548 8636314 1 640
7800 18546 8636324 1 641
7799 18544 8636334 1 641
7799 18543 8636344 1 642
7798 18541 8636354 1 644
7798 18540 8636364 1 646
7798 18539 8636374 1 648
7798 18538 8636384 1 648
7798 18538 8636394 1 650
7799 18538 8636404 1 651
7799 18538 8636414 1 652
7800 18539 8636424 1 653
7801 18541 8636434 1 653
7801 18543 8636444 1 655
7802 18545 8636454 1 656
7803 18547 8636464 1 659
7803 18550 8636474 1 660
7804 18552 8636484 1 661
7804 18555 8636494 1 662
7805 18557 8636504 1 663
7805 18558 8636514 1 664
7805 18559 8636524 1 665
7805 18560 8636534 1 666
7805 18559 8636544 1 667
7806 18557 8636554 1 668
7807 18555 8636564 1 671
7808 18552 8636574 1 673
7809 18549 8636584 1 674
7811 18545 8636594 1 674
7812 18541 8636604 1 674
7814 18538 8636614 1 676
7815 18534 8636624 1 677
7816 18531 8636634 1 679
7817 18527 8636644 1 680
7818 18524 8636654 1 680
7819 18521 8636664 1 683
7820 18518 8636674 1 685
7820 18516 8636684 1 685
7821 18515 8636694 1 686
7822 18513 8636704 1 687
7823 18513 8636714 1 688
7824 18512 8636724 1 689
7825 18513 8636734 1 691
7825 18514 8636744 1 692
7825 18515 8636754 1 693
7825 18516 8636764 1 695
7824 18518 8636774 1 697
7823 18520 8636784 1 697
7821 18523 8636794 1 698
7819 18526 8636804 1 699
7817 18528 8636814 1 701
7814 18531 8636824 1 702
7812 18534 8636834 1 703
7809 18536 8636844 1 704
7805 18537 8636854 1 705
7801 18538 8636864 1 706
7797 18539 8636874 1 708
7793 18538 8636884 1 709
7788 18536 8636894 1 710
7783 18533 8636904 1 711
7777 18530 8636914 1 712
7771 18526 8636924 1 714
7765 18521 8636934 1 715
7759 18516 8636944 1 717
7753 18511 8636954 1 717
7748 18505 8636964 1 717
7745 18503 8636974 1 719
7743 18500 8636984 1 720
7739 18494 8636994 1 721
7735 18489 8637004 1 722
7732 18484 8637014 1 724
7729 18479 8637024 1 725
7727 18474 8637034 1 726
7725 18470 8637044 1 727
7723 18466 8637054 1 728
7721 18462 8637064 1 728
7720 18459 8637074 1 729
7719 18457 8637084 1 732
7718 18456 8637094 1 733
7717 18455 8637104 1 735
7716 18455 8637114 1 735
7715 18456 8637124 1 736
7715 18457 8637134 1 738
7715 18458 8637144 1 739
7715 18459 8637154 1 739
7716 18461 8637164 1 740
7717 18463 8637174 1 742
7718 18465 8637184 1 743
7720 18467 8637194 1 745
7722 18470 8637204 1 746
7725 18472 8637214 1 747
7728 18475 8637224 1 749
7732 18478 8637234 1 750
7737 18480 8637244 1 750
7741 18483 8637254 1 751
7746 18485 8637264 1 752
7751 18487 8637274 1 753
7756 18488 8637284 1 755
7761 18490 8637294 1 757
7765 18491 8637304 1 758
7770 18492 8637314 1 759
7774 18493 8637324 1 760
7777 18494 8637334 1 761
7780 18495 8637344 1 762
7783 18496 8637354 1 762
7785 18496 8637364 1 764
7787 18497 8637374 1 765
7789 18498 8637384 1 767
7790 18500 8637394 1 769
7792 18501 8637404 1 770
7794 18504 8637414 1 770
7796 18506 8637424 1 771
7798 18509 8637434 1 772
7800 18511 8637444 1 773
7801 18513 8637454 1 774
7802 18514 8637464 1 775
7803 18515 8637474 1 777
7804 18516 8637484 1 779
7805 18516 8637494 1 781
7805 18516 8637504 1 781
7806 18515 8637514 1 782
7807 18514 8637524 1 783
7807 18513 8637534 1 783
7808 18511 8637544 1 785
7808 18510 8637554 1 786
7809 18509 8637564 1 787
7809 18507 8637574 1 788
7810 18506 8637584 1 791
7810 18505 8637594 1 792
7811 18504 8637604 1 792
7812 18503 8637614 1 793
7813 18502 8637624 1 795
7814 18502 8637634 1 795
7814 18503 8637644 1 796
7815 18503 8637654 1 797
7815 18504 8637664 1 799
7816 18505 8637674 1 800
7816 18507 8637684 1 801
7816 18509 8637694 1 802
7816 18510 8637704 1 804
7816 18512 8637714 1 805
7816 18514 8637724 1 806
7816 18515 8637734 1 807
7816 18517 8637744 1 807
7816 18519 8637754 1 809
7816 18521 8637764 1 810
7816 18522 8637774 1 810
7816 18524 8637784 1 811
7815 18525 8637794 1 814
7815 18527 8637804 1 815
7815 18529 8637814 1 816
7815 18530 8637824 1 817
7814 18532 8637834 1 818
7814 18533 8637844 1 820
7814 18534 8637854 1 821
7813 18534 8637864 1 821
7813 18535 8637874 1 821
7812 18535 8637884 1 822
7811 18536 8637894 1 825
7811 18536 8637904 1 826
7811 18536 8637914 1 826
7811 18536 8637924 1 827
7810 18536 8637934 1 828
7810 18535 8637944 1 830
7809 18535 8637954 1 831
7809 18535 8637964 1 831
7809 18535 8637974 1 832
7809 18534 8637984 1 833
7809 18534 8637994 1 834
7809 18534 8638004 1 837
7809 18534 8638014 1 837
7809 18534 8638024 1 838
7809 18534 8638034 1 839
7810 18535 8638044 1 840
7810 18535 8638054 1 841
7811 18536 8638064 1 842
7811 18537 8638074 1 843
7812 18538 8638084 1 844
7812 18539 8638094 1 845
7812 18541 8638104 1 847
7812 18542 8638114 1 849
7812 18544 8638124 1 850
7812 18546 8638134 1 851
7811 18547 8638144 1 851
7810 18549 8638154 1 852
7810 18551 8638164 1 853
7809 18552 8638174 1 854
7808 18553 8638184 1 855
7807 18554 8638194 1 856
7806 18555 8638204 1 858
7805 18555 8638214 1 859
7804 18556 8638224 1 860
7803 18556 8638234 1 861
7802 18556 8638244 1 862
7801 18556 8638254 1 863
7800 18555 8638264 1 864
7799 18554 8638274 1 865
7798 18553 8638284 1 866
7797 18552 8638294 1 867
7797 18551 8638304 1 870
7796 18549 8638314 1 871
7796 18547 8638324 1 871
7796 18546 8638334 1 872
7795 18544 8638344 1 873
7795 18541 8638354 1 874
7795 18539 8638364 1 875
7795 18537 8638374 1 876
7795 18534 8638384 1 877
7795 18532 8638394 1 878
7795 18530 8638404 1 880
7796 18528 8638414 1 881
7796 18526 8638424 1 881
7796 18524 8638434 1 882
7796 18523 8638444 1 883
7796 18522 8638454 1 884
7796 18521 8638464 1 885
7796 18521 8638474 1 887
7796 18520 8638484 1 888
7795 18520 8638494 1 889
7795 18520 8638504 1 890
7795 18520 8638514 1 891
7795 18520 8638524 1 892
7795 18520 8638534 1 893
7795 18520 8638544 1 894
7795 18520 8638554 1 895
7795 18520 8638564 1 897
7794 18520 8638574 1 898
7794 18519 8638584 1 899
7794 18518 8638594 1 899
7794 18517 8638604 1 900
7794 18516 8638614 1 902
7793 18515 8638624 1 903
7793 18514 8638634 1 904
7793 18513 8638644 1 905
7794 18512 8638654 1 906
7794 18511 8638664 1 907
7794 18510 8638674 1 908
7794 18510 8638684 1 909
7794 18510 8638694 1 909
7794 18510 8638704 1 910
7794 18510 8638714 1 912
7793 18510 8638724 1 913
7793 18511 8638734 1 914
7793 18512 8638744 1 915
7793 18513 8638754 1 916
7793 18514 8638764 1 917
7793 18515 8638774 1 918
7794 18517 8638784 1 918
7794 18518 8638794 1 919
7794 18519 8638804 1 920
7794 18520 8638814 1 922
7795 18521 8638824 1 923
7795 18522 8638834 1 924
7796 18522 8638844 1 925
7797 18522 8638854 1 926
7798 18522 8638864 1 927
7799 18521 8638874 1 928
7800 18520 8638884 1 928
7801 18518 8638894 1 929
7802 18516 8638904 1 930
7803 18514 8638914 1 931
7803 18513 8638924 1 933
7802 18511 8638934 1 934
7802 18509 8638944 1 935
7802 18508 8638954 1 936
7801 18508 8638964 1 937
7800 18507 8638974 1 937
7799 18507 8638984 1 938
7799 18508 8638994 1 939
7798 18508 8639004 1 940
7798 18509 8639014 1 941
7798 18511 8639024 1 943
7799 18512 8639034 1 944
7800 18515 8639044 1 945
7802 18517 8639054 1 946
7803 18521 8639064 1 946
7806 18524 8639074 1 947
7808 18528 8639084 1 948
7810 18532 8639094 1 949
7812 18536 8639104 1 950
7814 18541 8639114 1 951
7815 18545 8639124 1 953
7817 18549 8639134 1 954
7818 18553 8639144 1 954
7818 18556 8639154 1 955
7819 18559 8639164 1 956
7820 18562 8639174 1 957
7821 18563 8639184 1 958
7821 18565 8639194 1 959
7822 18565 8639204 1 960
7823 18566 8639214 1 961
7823 18566 8639224 1 963
7824 18566 8639234 1 964
7824 18565 8639244 1 964
7824 18565 8639254 1 965
7825 18564 8639264 1 966
7825 18563 8639274 1 967
7825 18562 8639284 1 968
7825 18561 8639294 1 969
7825 18560 8639304 1 970
7824 18558 8639314 1 971
7824 18557 8639324 1 972
7824 18556 8639334 1 973
7823 18554 8639344 1 974
7823 18553 8639354 1 975
7823 18552 8639364 1 976
7822 18551 8639374 1 977
7822 18551 8639384 1 978
7821 18550 8639394 1 979
7821 18550 8639404 1 980
7821 18550 8639414 1 981
7821 18550 8639424 1 981
7821 18550 8639434 1 983
7821 18550 8639444 1 984
7821 18550 8639454 1 984
7820 18551 8639464 1 985
7820 18551 8639474 1 986
7820 18552 8639484 1 988
7820 18553 8639494 1 989
7820 18553 8639504 1 989
7820 18554 8639514 1 990
7820 18554 8639524 1 991
7821 18553 8639534 1 993
7821 18553 8639544 1 994
7822 18552 8639554 1 995
7822 18550 8639564 1 996
7822 18549 8639574 1 997
7822 18547 8639584 1 997
7822 18546 8639594 1 997
7822 18545 8639604 1 998
7822 18544 8639614 1 999
7823 18543 8639624 1 1000
7823 18543 8639634 1 1002
7823 18542 8639644 1 1003
7823 18542 8639654 1 1004
7823 18541 8639664 1 1005
7823 18541 8639674 1 1006
7823 18541 8639684 1 1007
7823 18541 8639694 1 1007
7823 18541 8639704 1 1008
7823 18541 8639714 1 1009
7824 18540 8639724 1 1010
7824 18540 8639734 1 1011
7824 18540 8639744 1 1012
7824 18540 8639754 1 1013
7824 18540 8639764 1 1014
7824 18540 8639774 1 1014
7824 18540 8639784 1 1015
7824 18540 8639794 1 1015
7824 18541 8639804 1 1016
7824 18542 8639814 1 1017
7824 18543 8639824 1 1019
7824 18545 8639834 1 1019
7823 18546 8639844 1 1021
7823 18548 8639854 1 1022
7824 18550 8639864 1 1023
7824 18552 8639874 1 1024
7824 18553 8639884 1 1023
7825 18554 8639894 1 1023
7825 18555 8639904 1 1023
7826 18556 8639914 1 1023
7826 18556 8639924 1 1023
7826 18556 8639934 1 1023
7826 18556 8639944 1 1023
7826 18557 8639954 1 1023
7826 18557 8639964 1 1023
7826 18557 8639974 1 1023
7827 18557 8639984 1 1023
7827 18558 8639994 1 1023
7827 18558 8640004 1 1023
7827 18558 8640014 1 1023
7827 18558 8640024 1 1023
7827 18558 8640034 1 1023
7827 18558 8640044 1 1023
7826 18558 8640054 1 1023
7826 18557 8640064 1 1023
7825 18556 8640074 1 1023
7825 18555 8640084 1 1022
7825 18553 8640094 1 1022
7824 18552 8640104 1 1022
7824 18550 8640114 1 1022
7824 18549 8640124 1 1022
7824 18547 8640134 1 1022
7824 18545 8640144 1 1022
7824 18544 8640154 1 1022
7824 18542 8640164 1 1022
7824 18541 8640174 1 1022
7824 18539 8640184 1 1022
7825 18538 8640194 1 1022
7825 18537 8640204 1 1022
7826 18536 8640214 1 1022
7826 18536 8640224 1 1022
7826 18535 8640234 1 1022
7826 18535 8640244 1 1022
7826 18535 8640254 1 1022
7826 18535 8640264 1 1022
7825 18535 8640274 1 1022
7824 18536 8640284 1 1022
7823 18537 8640294 1 1022
7822 18538 8640304 1 1022
7822 18539 8640314 1 1022
7821 18539 8640324 1 1022
7820 18540 8640334 1 1021
7819 18541 8640344 1 1021
7818 18541 8640354 1 1021
7818 18542 8640364 1 1021
7817 18542 8640374 1 1021
7815 18542 8640384 1 1021
7814 18543 8640394 1 1021
7813 18543 8640404 1 1021
7812 18544 8640414 1 1021
7811 18545 8640424 1 1021
7810 18545 8640434 1 1021
7810 18546 8640444 1 1021
7810 18547 8640454 1 1021
7811 18548 8640464 1 1021
7811 18548 8640474 1 1021
7812 18549 8640484 1 1021
7813 18550 8640494 1 1021
7814 18550 8640504 1 1021
7815 18551 8640514 1 1021
7816 18552 8640524 1 1021
7818 18552 8640534 1 1021
7819 18552 8640544 1 1021
7820 18553 8640554 1 1021
7822 18553 8640564 1 1021
7823 18553 8640574 1 1021
7825 18554 8640584 1 1020
7826 18554 8640594 1 1020
7827 18554 8640604 1 1020
7828 18554 8640614 1 1020
7829 18554 8640624 1 1020
7830 18553 8640634 1 1020
7830 18553 8640644 1 1020
7830 18552 8640654 1 1020
7831 18551 8640664 1 1020
7831 18550 8640674 1 1020
7831 18549 8640684 1 1020
7831 18548 8640694 1 1020
7831 18548 8640704 1 1020
7831 18547 8640714 1 1020
7831 18546 8640724 1 1020
7831 18545 8640734 1 1020
7831 18544 8640744 1 1020
7831 18543 8640754 1 1020
7830 18542 8640764 1 1020
7830 18540 8640774 1 1020
7829 18539 8640784 1 1020
7829 18538 8640794 1 1020
7829 18538 8640804 1 1020
7828 18537 8640814 1 1020
7828 18536 8640824 1 1020
7828 18535 8640834 1 1020
7828 18534 8640844 1 1020
7827 18533 8640854 1 1019
7827 18532 8640864 1 1019
7827 18531 8640874 1 1019
7826 18530 8640884 1 1019
7826 18529 8640894 1 1019
7825 18528 8640904 1 1019
7825 18527 8640914 1 1019
7824 18527 8640924 1 1019
7824 18526 8640934 1 1019
7823 18525 8640944 1 1019
7822 18525 8640954 1 1019
7821 18525 8640964 1 1019
7820 18525 8640974 1 1019
7818 18526 8640984 1 1019
7817 18527 8640994 1 1019
7816 18529 8641004 1 1019
7814 18531 8641014 1 1019
7813 18534 8641024 1 1019
7813 18536 8641034 1 1019
7812 18539 8641044 1 1019
7812 18542 8641054 1 1019
7812 18545 8641064 1 1019
7812 18547 8641074 1 1019
7812 18549 8641084 1 1019
7813 18551 8641094 1 1019
7815 18552 8641104 1 1018
7816 18552 8641114 1 1018
7818 18552 8641124 1 1018
7820 18551 8641134 1 1018
7822 18550 8641144 1 1011
7823 18548 8641154 1 992
7825 18547 8641164 1 942
7826 18545 8641174 1 836
7828 18544 8641184 1 781
7829 18543 8641194 1 726
7830 18543 8641204 1 673
7831 18542 8641214 1 621
7832 18542 8641224 1 571
7832 18542 8641234 1 548
7832 18542 8641244 1 525
7832 18542 8641254 1 482
7832 18543 8641264 1 444
7831 18544 8641274 1 384
7831 18545 8641284 1 363
7830 18546 8641294 1 351
7829 18547 8641304 1 346
7828 18549 8641314 1 350
7826 18549 8641324 1 354
7825 18550 8641334 1 364
7823 18551 8641344 1 388
7822 18551 8641354 1 424
7821 18551 8641364 1 471
7819 18551 8641374 1 604
7819 18552 8641384 1 692
7818 18552 8641394 1 794
7818 18552 8641404 1 913
7817 18552 8641414 1 988
7818 18553 8641424 1 1017
7818 18553 8641434 1 1017
7819 18553 8641444 1 1017
7819 18553 8641454 1 1017
7820 18553 8641464 1 661
7821 18554 8641474 1 38
7821 18554 8641484 1 38
7822 18554 8641494 1 39
7822 18555 8641504 1 29
7822 18556 8641514 1 39
7823 18557 8641524 1 39
7823 18559 8641534 1 39
7823 18560 8641544 1 40
7823 18562 8641554 1 40
7824 18564 8641564 1 40
7824 18565 8641574 1 40
7824 18567 8641584 1 41
7824 18567 8641594 1 41
7823 18568 8641604 1 41
7823 18569 8641614 1 41
7823 18569 8641624 1 42
7823 18569 8641634 1 42
7823 18568 8641644 1 42
7823 18568 8641654 1 42
7823 18567 8641664 1 42
7823 18567 8641674 1 285
7824 18566 8641684 1 938
7824 18565 8641694 1 1024
7824 18564 8641704 1 1016
7825 18562 8641714 1 1016
7825 18561 8641724 1 1016
7825 18560 8641734 1 1016
7826 18560 8641744 1 1016
7826 18559 8641754 1 1016
7827 18559 8641764 1 1016
7828 18559 8641774 1 1016
7829 18560 8641784 1 1016
7829 18560 8641794 1 1016
7830 18560 8641804 1 1016
7831 18561 8641814 1 1016
7832 18561 8641824 1 1016
7832 18561 8641834 1 1016
7832 18562 8641844 1 1016
7832 18561 8641854 1 1016
7832 18561 8641864 1 1016
7832 18561 8641874 1 1015
7832 18560 8641884 1 1015
7831 18559 8641894 1 1015
7831 18558 8641904 1 1015
7830 18557 8641914 1 1015
7829 18556 8641924 1 1015
7828 18555 8641934 1 1015
7827 18554 8641944 1 1015
7826 18553 8641954 1 1015
7825 18552 8641964 1 1015
7824 18552 8641974 1 1015
7822 18552 8641984 1 1015
7821 18552 8641994 1 1015
7819 18553 8642004 1 1015
7818 18553 8642014 1 1015
7817 18554 8642024 1 1015
7815 18554 8642034 1 1015
7814 18555 8642044 1 1015
7814 18555 8642054 1 1015
7813 18556 8642064 1 1015
7813 18556 8642074 1 1015
7813 18557 8642084 1 1015
7813 18557 8642094 1 1015
7814 18557 8642104 1 1015
7814 18557 8642114 1 1015
7815 18557 8642124 1 1014
7815 18558 8642134 1 1014
7815 18558 8642144 1 1014
7816 18558 8642154 1 1014
7816 18558 8642164 1 1014
7816 18558 8642174 1 1014
7816 18557 8642184 1 1014
7816 18556 8642194 1 1014
7816 18555 8642204 1 1014
7816 18553 8642214 1 1014
7816 18552 8642224 1 1014
7816 18550 8642234 1 1014
7816 18548 8642244 1 1014
7817 18547 8642254 1 1014
7817 18546 8642264 1 1014
7818 18545 8642274 1 1014
7819 18545 8642284 1 1014
7819 18545 8642294 1 1014
7819 18545 8642304 1 1014
7819 18546 8642314 1 1014
7819 18548 8642324 1 1014
7819 18550 8642334 1 1014
7819 18552 8642344 1 1014
7819 18555 8642354 1 1014
7818 18557 8642364 1 1014
7817 18560 8642374 1 1013
7815 18563 8642384 1 1013
7814 18565 8642394 1 1013
7812 18566 8642404 1 1013
7810 18568 8642414 1 1013
7809 18569 8642424 1 1013
7808 18570 8642434 1 1013
7807 18570 8642444 1 1013
7806 18570 8642454 1 1013
7805 18569 8642464 1 1013
7802 18569 8642474 1 1013
7797 18569 8642484 1 1013
7788 18570 8642494 1 1013
7776 18571 8642504 1 1013
7760 18571 8642514 1 1013
7742 18570 8642524 1 1013
7724 18568 8642534 1 1013
7708 18565 8642544 1 1013
7700 18564 8642554 1 1013
7695 18562 8642564 1 1013
7684 18557 8642574 1 1013
7678 18553 8642584 1 1013
7675 18549 8642594 1 1013
7675 18544 8642604 1 1013
7679 18540 8642614 1 1013
7686 18536 8642624 1 1013
7697 18534 8642634 1 1013
7709 18533 8642644 1 1012
7724 18535 8642654 1 1012
7738 18540 8642664 1 1012
7752 18548 8642674 1 1012
7764 18558 8642684 1 1012
7775 18568 8642694 1 1012
7785 18578 8642704 1 1012
7792 18590 8642714 1 1012
7798 18602 8642724 1 1012
7802 18613 8642734 1 1012
7803 18623 8642744 1 1012
7802 18631 8642754 1 1012
7797 18636 8642764 1 1012
7793 18637 8642774 1 1012
7790 18637 8642784 1 1012
7789 18637 8642794 1 1012
7789 18637 8642804 1 1012
7789 18636 8642814 1 1012
7789 18636 8642824 1 1012
7790 18635 8642834 1 1012
7790 18634 8642844 1 1012
7790 18633 8642854 1 1012
7791 18632 8642864 1 1012
7791 18630 8642874 1 1012
7791 18629 8642884 1 1012
7792 18628 8642894 1 1011
7792 18627 8642904 1 1011
7792 18627 8642914 1 1011
7792 18626 8642924 1 1011
7793 18626 8642934 1 1011
7793 18626 8642944 1 1011
7793 18626 8642954 1 1011
7793 18627 8642964 1 1011
7793 18627 8642974 1 1011
7794 18627 8642984 1 1011
7794 18627 8642994 1 1011
7794 18627 8643004 1 1011
7795 18627 8643014 1 1011
7795 18626 8643024 1 1011
7795 18625 8643034 1 1011
7795 18624 8643044 1 1011
7795 18623 8643054 1 1011
7795 18622 8643064 1 1011
7794 18621 8643074 1 1011
7794 18620 8643084 1 1011
7793 18620 8643094 1 1011
7792 18621 8643104 1 1011
7791 18622 8643114 1 1011
7791 18623 8643124 1 1011
7790 18625 8643134 1 1011
7790 18627 8643144 1 1010
7789 18629 8643154 1 1010
7788 18630 8643164 1 1010
7788 18631 8643174 1 1010
7787 18632 8643184 1 1010
7786 18633 8643194 1 1010
7786 18633 8643204 1 1010
7785 18633 8643214 1 1010
7785 18632 8643224 1 1010
7785 18631 8643234 1 1010
7785 18630 8643244 1 1010
7785 18628 8643254 1 1010
7786 18626 8643264 1 1010
7786 18624 8643274 1 1010
7787 18622 8643284 1 1010
7788 18620 8643294 1 1010
7788 18617 8643304 1 1010
7789 18615 8643314 1 1010
7789 18612 8643324 1 1010
7788 18609 8643334 1 1010
7788 18607 8643344 1 1010
7788 18605 8643354 1 1010
7787 18604 8643364 1 1010
7786 18603 8643374 1 1010
7786 18602 8643384 1 1010
7785 18602 8643394 1 1009
7784 18602 8643404 1 1009
7784 18602 8643414 1 1009
7783 18603 8643424 1 1009
7783 18603 8643434 1 1009
7784 18604 8643444 1 1009
7784 18605 8643454 1 1009
7785 18607 8643464 1 1009
7786 18608 8643474 1 1009
7787 18609 8643484 1 1009
7789 18610 8643494 1 1009
7791 18611 8643504 1 1009
7792 18613 8643514 1 1009
7794 18615 8643524 1 1009
7795 18616 8643534 1 1009
7797 18618 8643544 1 1009
7798 18620 8643554 1 1009
7799 18622 8643564 1 1009
7799 18625 8643574 1 1009
