7730 18332 5719973 1 651
7730 18332 5719983 1 653
7730 18333 5719993 1 653
7730 18336 5720003 1 654
7731 18339 5720013 1 654
7732 18343 5720023 1 656
7734 18347 5720033 1 657
7736 18350 5720043 1 659
7739 18352 5720053 1 660
7741 18354 5720063 1 662
7743 18355 5720073 1 662
7745 18355 5720083 1 664
7746 18354 5720093 1 665
7748 18353 5720103 1 665
7749 18351 5720113 1 667
7750 18348 5720123 1 668
7752 18345 5720133 1 670
7754 18340 5720143 1 671
7756 18336 5720153 1 673
7758 18331 5720163 1 674
7761 18327 5720173 1 674
7763 18323 5720183 1 675
7766 18320 5720193 1 675
7769 18317 5720203 1 677
7773 18315 5720213 1 678
7776 18313 5720223 1 680
7779 18312 5720233 1 680
7782 18312 5720243 1 681
7784 18312 5720253 1 681
7787 18313 5720263 1 683
7789 18315 5720273 1 683
7790 18319 5720283 1 684
7792 18323 5720293 1 684
7792 18329 5720303 1 686
7792 18337 5720313 1 687
7792 18346 5720323 1 688
7792 18356 5720333 1 688
7791 18368 5720343 1 690
7790 18379 5720353 1 691
7789 18391 5720363 1 692
7788 18402 5720373 1 694
7787 18413 5720383 1 695
7785 18422 5720393 1 696
7784 18429 5720403 1 701
7783 18434 5720413 1 703
7782 18437 5720423 1 705
7782 18437 5720433 1 707
7781 18433 5720443 1 708
7782 18426 5720453 1 711
7782 18417 5720463 1 712
7784 18407 5720473 1 714
7785 18397 5720483 1 715
7787 18388 5720493 1 715
7789 18381 5720503 1 715
7791 18376 5720513 1 713
7792 18373 5720523 1 711
7794 18373 5720533 1 709
7795 18375 5720543 1 707
7797 18379 5720553 1 705
7800 18383 5720563 1 707
7802 18387 5720573 1 709
7804 18390 5720583 1 722
7807 18392 5720593 1 734
7811 18393 5720603 1 748
7818 18390 5720613 1 780
7822 18387 5720623 1 795
7826 18383 5720633 1 810
7829 18379 5720643 1 821
7833 18376 5720653 1 828
7836 18372 5720663 1 828
7837 18369 5720673 1 819
7838 18367 5720683 1 801
7838 18366 5720693 1 773
7837 18366 5720703 1 736
7836 18366 5720713 1 689
7833 18367 5720723 1 632
7830 18368 5720733 1 568
7827 18370 5720743 1 498
7823 18372 5720753 1 352
7820 18375 5720763 1 280
7817 18378 5720773 1 211
7814 18381 5720783 1 147
7812 18384 5720793 1 89
7810 18387 5720803 1 40
7809 18389 5720813 1 3
7809 18391 5720823 0 0
7809 18392 5720833 0 0
7810 18393 5720843 0 0
7811 18392 5720853 0 0
7812 18391 5720863 0 0
7813 18389 5720873 0 0
7814 18386 5720883 0 0
7814 18384 5720893 0 0
7814 18381 5720903 0 0
7813 18378 5720913 0 0
7812 18375 5720923 0 0
7810 18373 5720933 1 33
7809 18372 5720943 1 77
7807 18371 5720953 1 127
7806 18370 5720963 1 182
7804 18370 5720973 1 245
7803 18371 5720983 1 310
7802 18372 5720993 1 378
7801 18373 5721003 1 446
7800 18375 5721013 1 514
7799 18377 5721023 1 646
7799 18379 5721033 1 705
7799 18381 5721043 1 759
7799 18383 5721053 1 808
7799 18386 5721063 1 846
7799 18388 5721073 1 876
7799 18390 5721083 1 894
7799 18392 5721093 1 900
7798 18395 5721103 1 893
7797 18397 5721113 1 856
7795 18399 5721123 1 837
7793 18402 5721133 1 819
7791 18404 5721143 1 803
7788 18407 5721153 1 788
7785 18408 5721163 1 775
7783 18409 5721173 1 765
7781 18408 5721183 1 757
7779 18407 5721193 1 750
7778 18406 5721203 1 742
7778 18404 5721213 1 741
7779 18403 5721223 1 741
7780 18402 5721233 1 742
7782 18400 5721243 1 744
7787 18399 5721253 1 751
7790 18398 5721263 1 755
7793 18397 5721273 1 761
7797 18397 5721283 1 771
7801 18397 5721293 1 778
7806 18397 5721303 1 784
7810 18397 5721313 1 789
7815 18396 5721323 1 794
7819 18396 5721333 1 799
7823 18396 5721343 1 804
7826 18396 5721353 1 808
7829 18395 5721363 1 811
7831 18395 5721373 1 815
7832 18394 5721383 1 815
7833 18394 5721393 1 816
7834 18393 5721403 1 817
7835 18392 5721413 1 816
7835 18392 5721423 1 817
7837 18391 5721433 1 817
7838 18390 5721443 1 817
7841 18388 5721453 1 818
7844 18386 5721463 1 820
7848 18383 5721473 1 821
7852 18380 5721483 1 822
7857 18378 5721493 1 823
7861 18376 5721503 1 824
7864 18375 5721513 1 825
7867 18374 5721523 1 827
7870 18374 5721533 1 828
7871 18374 5721543 1 829
7872 18374 5721553 1 830
7872 18374 5721563 1 828
7871 18374 5721573 1 821
7869 18374 5721583 1 818
7866 18373 5721593 1 813
7863 18372 5721603 1 809
7860 18370 5721613 1 806
7856 18367 5721623 1 804
7852 18364 5721633 1 802
7849 18361 5721643 1 804
7845 18357 5721653 1 808
7841 18355 5721663 1 814
7838 18352 5721673 1 823
7836 18351 5721683 1 834
7833 18350 5721693 1 849
7831 18351 5721703 1 867
7830 18351 5721713 1 888
7829 18353 5721723 1 937
7828 18355 5721733 1 965
7828 18357 5721743 1 994
7828 18359 5721753 1 1024
7828 18362 5721763 1 1024
7829 18364 5721773 1 1024
7830 18366 5721783 1 1024
7831 18368 5721793 1 1024
7832 18370 5721803 1 1024
7833 18371 5721813 1 1024
7835 18373 5721823 1 1024
7836 18374 5721833 1 1024
7837 18376 5721843 1 1024
7839 18377 5721853 1 1024
7840 18378 5721863 1 1024
7841 18380 5721873 1 1024
7842 18381 5721883 1 1024
7844 18384 5721893 1 1024
7845 18386 5721903 1 1024
7846 18388 5721913 1 1024
7847 18390 5721923 1 1024
7848 18391 5721933 1 1024
7849 18393 5721943 1 1024
7850 18394 5721953 1 964
7851 18395 5721963 1 884
7852 18396 5721973 1 795
7853 18396 5721983 1 596
7854 18395 5721993 1 493
7856 18394 5722003 1 390
7857 18393 5722013 1 289
7859 18391 5722023 1 195
7860 18390 5722033 1 109
7860 18388 5722043 1 34
7861 18387 5722053 0 0
7861 18387 5722063 0 0
7860 18386 5722073 0 0
7859 18386 5722083 0 0
7858 18387 5722093 0 0
7856 18388 5722103 0 0
7855 18389 5722113 0 0
7853 18390 5722123 0 0
7852 18392 5722133 1 34
7851 18394 5722143 1 90
7851 18395 5722153 1 152
7852 18397 5722163 1 291
7854 18399 5722173 1 364
7856 18401 5722183 1 439
7859 18402 5722193 1 513
7862 18403 5722203 1 590
7864 18404 5722213 1 662
7867 18405 5722223 1 733
7869 18405 5722233 1 801
7870 18406 5722243 1 863
7871 18406 5722253 1 969
7870 18406 5722263 1 1012
7869 18405 5722273 1 1024
7867 18405 5722283 1 1024
7864 18403 5722293 1 1024
7861 18401 5722303 1 1024
7859 18398 5722313 1 1024
7856 18395 5722323 1 1024
7854 18391 5722333 1 1024
7853 18387 5722343 1 1024
7853 18383 5722353 1 1024
7853 18380 5722363 1 1024
7854 18377 5722373 1 1024
7855 18375 5722383 1 1024
7857 18373 5722393 1 1024
7859 18372 5722403 1 1024
7861 18372 5722413 1 1024
7863 18371 5722423 1 1024
7865 18371 5722433 1 1024
7867 18370 5722443 1 1008
7869 18370 5722453 1 991
7871 18369 5722463 1 975
7872 18368 5722473 1 961
7874 18367 5722483 1 947
7874 18367 5722493 1 935
7874 18367 5722503 1 926
7874 18367 5722513 1 918
7874 18368 5722523 1 909
7872 18372 5722533 1 912
7871 18374 5722543 1 916
7870 18377 5722553 1 922
7870 18379 5722563 1 932
7870 18380 5722573 1 944
7870 18381 5722583 1 959
7871 18382 5722593 1 977
7873 18382 5722603 1 1012
7876 18383 5722613 1 1024
7879 18382 5722623 1 1024
7883 18382 5722633 1 1024
7886 18382 5722643 1 1024
7890 18382 5722653 1 1003
7893 18382 5722663 1 968
7895 18382 5722673 1 917
7896 18381 5722683 1 854
7896 18381 5722693 1 695
7895 18380 5722703 1 605
7892 18379 5722713 1 510
7889 18378 5722723 1 415
7885 18377 5722733 1 319
7881 18376 5722743 1 226
7877 18376 5722753 1 138
7872 18377 5722763 1 59
7869 18378 5722773 0 0
7866 18381 5722783 0 0
7864 18384 5722793 0 0
7863 18388 5722803 0 0
7863 18392 5722813 0 0
7864 18396 5722823 0 0
7866 18399 5722833 0 0
7869 18402 5722843 1 64
7872 18404 5722853 1 177
7875 18405 5722863 1 304
7878 18405 5722873 1 578
7880 18403 5722883 1 708
7882 18402 5722893 1 824
7884 18400 5722903 1 923
7885 18399 5722913 1 994
7885 18398 5722923 1 1024
7885 18397 5722933 1 1024
7886 18396 5722943 1 1024
7885 18395 5722953 1 998
7885 18394 5722963 1 891
7885 18393 5722973 1 825
7885 18392 5722983 1 758
7885 18390 5722993 1 695
7884 18387 5723003 1 641
7884 18384 5723013 1 597
7884 18380 5723023 1 570
7883 18376 5723033 1 564
7882 18372 5723043 1 584
7882 18368 5723053 1 719
7881 18364 5723063 1 842
7880 18362 5723073 1 1009
7878 18360 5723083 1 1024
7877 18359 5723093 1 1024
7875 18358 5723103 1 1024
7873 18359 5723113 1 1024
7871 18359 5723123 1 1024
7869 18360 5723133 1 1024
7868 18361 5723143 1 1024
