7675 17595 3425568 1 726
7671 17592 3425578 1 727
7669 17590 3425588 1 727
7661 17584 3425598 1 727
7660 17583 3425608 1 728
7658 17583 3425618 1 728
7656 17582 3425628 1 729
7654 17582 3425638 1 730
7652 17581 3425648 1 730
7651 17581 3425658 1 730
7647 17580 3425668 1 731
7646 17580 3425678 1 732
7641 17580 3425688 1 733
7639 17580 3425698 1 733
7637 17580 3425708 1 734
7633 17580 3425718 1 735
7631 17581 3425728 1 735
7628 17581 3425738 1 736
7624 17583 3425748 1 737
7622 17584 3425758 1 737
7618 17586 3425768 1 738
7616 17588 3425778 1 739
7614 17590 3425788 1 739
7613 17591 3425798 1 740
7612 17595 3425808 1 741
7611 17598 3425818 1 742
7612 17599 3425828 1 743
7614 17601 3425838 1 743
7616 17602 3425848 1 744
7618 17604 3425858 1 745
7624 17606 3425868 1 746
7627 17607 3425878 1 747
7630 17608 3425888 1 747
7633 17608 3425898 1 748
7636 17608 3425908 1 749
7639 17608 3425918 1 749
7645 17607 3425928 1 751
7648 17606 3425938 1 752
7649 17605 3425948 1 752
7651 17603 3425958 1 753
7652 17602 3425968 1 753
7655 17599 3425978 1 754
7657 17596 3425988 1 755
7657 17595 3425998 1 755
7657 17593 3426008 1 756
7657 17591 3426018 1 757
7658 17589 3426028 1 758
7658 17587 3426038 1 758
7657 17585 3426048 1 760
7657 17584 3426058 1 760
7657 17583 3426068 1 761
7657 17582 3426078 1 762
7658 17582 3426088 1 763
7658 17582 3426098 1 763
7659 17582 3426108 1 764
7659 17583 3426118 1 765
7659 17583 3426128 1 766
7659 17584 3426138 1 766
7659 17584 3426148 1 767
7660 17585 3426158 1 768
7660 17586 3426168 1 769
7661 17586 3426178 1 771
7661 17587 3426188 1 771
7662 17587 3426198 1 772
7663 17587 3426208 1 773
7664 17587 3426218 1 774
7669 17585 3426228 1 777
7672 17585 3426238 1 778
7674 17584 3426248 1 779
7677 17583 3426258 1 780
7680 17582 3426268 1 781
7683 17580 3426278 1 782
7695 17577 3426288 1 785
7698 17576 3426298 1 785
7702 17574 3426308 1 786
7706 17573 3426318 1 786
7710 17572 3426328 1 787
7720 17570 3426338 1 787
7728 17569 3426348 1 787
7732 17568 3426358 1 787
7736 17568 3426368 1 787
7740 17568 3426378 1 786
7748 17569 3426388 1 785
7751 17570 3426398 1 784
7756 17572 3426408 1 781
7758 17573 3426418 1 780
7759 17575 3426428 1 779
7761 17578 3426438 1 776
7761 17580 3426448 1 775
7761 17582 3426458 1 774
7759 17588 3426468 1 771
7758 17590 3426478 1 770
7753 17596 3426488 1 768
7751 17599 3426498 1 767
7749 17602 3426508 1 766
7747 17606 3426518 1 765
7742 17612 3426528 1 764
7735 17619 3426538 1 764
7733 17622 3426548 1 764
7730 17626 3426558 1 764
7727 17629 3426568 1 765
7724 17632 3426578 1 766
7715 17640 3426588 1 771
7713 17642 3426598 1 773
7710 17644 3426608 1 775
7708 17646 3426618 1 778
7706 17648 3426628 1 781
7704 17649 3426638 1 785
7699 17652 3426648 1 797
7697 17652 3426658 1 803
7696 17653 3426668 1 809
7694 17652 3426678 1 815
7693 17652 3426688 1 822
7692 17651 3426698 1 837
7690 17649 3426708 1 854
7689 17648 3426718 1 861
7689 17647 3426728 1 870
7689 17646 3426738 1 879
7690 17643 3426748 1 897
7691 17642 3426758 1 906
7693 17639 3426768 1 924
7695 17637 3426778 1 932
7696 17636 3426788 1 939
7698 17633 3426798 1 954
7699 17632 3426808 1 961
7699 17631 3426818 1 968
7700 17628 3426828 1 978
7700 17627 3426838 1 983
7699 17625 3426848 1 989
7699 17624 3426858 1 990
7698 17624 3426868 1 990
7698 17623 3426878 1 990
7696 17622 3426888 1 988
7696 17621 3426898 1 979
7695 17621 3426908 1 973
7695 17620 3426918 1 965
7694 17620 3426928 1 956
7694 17619 3426938 1 945
7694 17618 3426948 1 904
7695 17618 3426958 1 887
7695 17618 3426968 1 867
7696 17618 3426978 1 847
7697 17618 3426988 1 823
7698 17617 3426998 1 798
7701 17617 3427008 1 715
7702 17617 3427018 1 684
7703 17617 3427028 1 654
7704 17617 3427038 1 622
7705 17617 3427048 1 590
7707 17618 3427058 1 524
7708 17618 3427068 1 459
7709 17618 3427078 1 427
7710 17619 3427088 1 397
7711 17619 3427098 1 366
7711 17620 3427108 1 308
7711 17620 3427118 1 283
7711 17621 3427128 1 234
7711 17622 3427138 1 213
7711 17622 3427148 1 194
7709 17623 3427158 1 165
7709 17623 3427168 1 147
7709 17624 3427178 1 146
7707 17624 3427188 1 145
7706 17624 3427198 1 144
7704 17624 3427208 1 143
7703 17624 3427218 1 142
7702 17624 3427228 1 141
7702 17623 3427238 1 141
7702 17622 3427248 1 139
7701 17620 3427258 1 142
7701 17619 3427268 1 153
7702 17618 3427278 1 169
7702 17617 3427288 1 191
7702 17617 3427298 1 217
7704 17614 3427308 1 316
7705 17613 3427318 1 354
7706 17612 3427328 1 395
7707 17612 3427338 1 436
7709 17611 3427348 1 479
7710 17611 3427358 1 523
7715 17610 3427368 1 646
7717 17609 3427378 1 684
7718 17609 3427388 1 720
7720 17609 3427398 1 752
7721 17609 3427408 1 780
7724 17609 3427418 1 825
7726 17609 3427428 1 859
7727 17609 3427438 1 874
7727 17609 3427448 1 886
7728 17609 3427458 1 895
7729 17609 3427468 1 906
7729 17609 3427478 1 908
7729 17609 3427488 1 908
7729 17609 3427498 1 908
7729 17610 3427508 1 908
7729 17610 3427518 1 910
7729 17610 3427528 1 910
7729 17610 3427538 1 911
7730 17610 3427548 1 910
7731 17610 3427558 1 908
7732 17609 3427568 1 906
7733 17609 3427578 1 904
7734 17609 3427588 1 902
7735 17609 3427598 1 901
7738 17609 3427608 1 899
7740 17608 3427618 1 898
7742 17608 3427628 1 898
7744 17608 3427638 1 899
7746 17608 3427648 1 901
7748 17608 3427658 1 903
7753 17608 3427668 1 916
7755 17608 3427678 1 923
7756 17608 3427688 1 931
7757 17608 3427698 1 940
7758 17608 3427708 1 951
7758 17608 3427718 1 962
7758 17608 3427728 1 995
7758 17608 3427738 1 1006
7758 17608 3427748 1 1006
7757 17608 3427758 1 1006
7757 17608 3427768 1 1007
7756 17608 3427778 1 1007
7756 17607 3427788 1 1007
7755 17607 3427798 1 1007
7755 17606 3427808 1 1007
7756 17606 3427818 1 995
7755 17606 3427828 1 950
7755 17606 3427838 1 919
7756 17605 3427848 1 846
7756 17605 3427858 1 804
7756 17605 3427868 1 759
7756 17605 3427878 1 665
7756 17605 3427888 1 616
7756 17604 3427898 1 567
7756 17604 3427908 1 472
7757 17604 3427918 1 427
7757 17603 3427928 1 345
7758 17603 3427938 1 309
7758 17602 3427948 1 279
7758 17602 3427958 1 254
7759 17602 3427968 1 223
7760 17602 3427978 1 220
7761 17601 3427988 1 231
7761 17601 3427998 1 252
7761 17601 3428008 1 284
7761 17601 3428018 1 326
7762 17600 3428028 1 524
7762 17600 3428038 1 616
7762 17600 3428048 1 723
7762 17599 3428058 1 845
7762 17599 3428068 1 982
7761 17599 3428078 1 1012
7760 17598 3428088 1 1012
7759 17598 3428098 1 1013
7758 17598 3428108 1 1013
7757 17598 3428118 1 1013
7756 17598 3428128 1 1013
7755 17598 3428138 1 1013
7754 17599 3428148 1 1013
7753 17599 3428158 1 1014
7753 17600 3428168 1 1014
7752 17600 3428178 1 1014
7751 17602 3428188 1 1014
7751 17602 3428198 1 1014
7751 17604 3428208 1 1015
7751 17605 3428218 1 1015
7751 17606 3428228 1 1015
7751 17607 3428238 1 1015
7752 17607 3428248 1 1015
7753 17608 3428258 1 1015
7755 17609 3428268 1 1016
7755 17610 3428278 1 1016
7756 17610 3428288 1 1016
7757 17611 3428298 1 1016
7757 17611 3428308 1 1016
7758 17611 3428318 1 1016
7759 17612 3428328 1 1017
7759 17612 3428338 1 1017
7759 17612 3428348 1 1017
7760 17612 3428358 1 1017
7760 17612 3428368 1 1017
7760 17612 3428378 1 1017
7760 17612 3428388 1 25
7760 17612 3428398 1 25
7760 17612 3428408 1 24
7760 17612 3428418 1 23
7760 17613 3428428 1 23
7760 17613 3428438 1 22
7760 17613 3428448 1 20
7760 17614 3428458 1 19
7760 17614 3428468 1 18
7760 17614 3428478 1 18
7760 17613 3428488 1 27
7761 17613 3428498 1 77
7762 17613 3428508 1 165
7763 17612 3428518 1 219
7764 17612 3428528 1 279
7766 17612 3428538 1 344
7768 17612 3428548 1 481
7769 17612 3428558 1 551
7772 17613 3428568 1 688
7773 17613 3428578 1 753
7773 17614 3428588 1 814
7775 17614 3428598 1 917
7775 17615 3428608 1 958
7775 17615 3428618 1 990
7775 17616 3428628 1 1022
7775 17616 3428638 1 1022
7774 17617 3428648 1 1022
7773 17617 3428658 1 1023
7772 17617 3428668 1 1023
7770 17617 3428678 1 1022
7767 17618 3428688 1 1022
7765 17618 3428698 1 1022
7763 17618 3428708 1 1022
7762 17618 3428718 1 1021
7761 17619 3428728 1 1021
7760 17619 3428738 1 1021
7759 17620 3428748 1 1021
7759 17620 3428758 1 1021
7760 17621 3428768 1 1021
7761 17621 3428778 1 1020
7762 17621 3428788 1 1020
7763 17622 3428798 1 1020
7766 17623 3428808 1 1020
7768 17623 3428818 1 1020
7769 17623 3428828 1 1019
7770 17623 3428838 1 1019
7772 17623 3428848 1 1019
7773 17623 3428858 1 1019
7775 17624 3428868 1 1019
7776 17624 3428878 1 1019
7777 17624 3428888 1 1018
7778 17625 3428898 1 1018
7780 17625 3428908 1 1018
7781 17626 3428918 1 1018
7782 17626 3428928 1 1018
7782 17627 3428938 1 1018
7782 17627 3428948 1 1017
7783 17627 3428958 1 1017
7783 17627 3428968 1 1017
7783 17627 3428978 1 1017
7783 17627 3428988 1 1017
7782 17627 3428998 1 1016
7783 17626 3429008 1 1016
7783 17626 3429018 1 1016
7783 17626 3429028 1 1016
7783 17625 3429038 1 1016
7784 17624 3429048 1 1016
7784 17624 3429058 1 1015
7786 17623 3429068 1 1015
7787 17623 3429078 1 1015
7788 17622 3429088 1 1015
7789 17622 3429098 1 1015
7791 17620 3429108 1 1014
7792 17620 3429118 1 1014
7793 17620 3429128 1 1014
7793 17619 3429138 1 1014
7794 17619 3429148 1 1014
7794 17619 3429158 1 1014
7794 17617 3429168 1 1013
7794 17617 3429178 1 1013
7794 17616 3429188 1 1013
7794 17616 3429198 1 1013
7793 17616 3429208 1 1013
7793 17614 3429218 1 1013
7793 17613 3429228 1 1012
7793 17613 3429238 1 1012
7793 17612 3429248 1 1012
7793 17612 3429258 1 1012
7793 17611 3429268 1 1012
7793 17610 3429278 1 1012
7792 17610 3429288 1 1011
7791 17609 3429298 1 1011
7790 17609 3429308 1 1011
7789 17608 3429318 1 1011
7788 17608 3429328 1 1011
7786 17608 3429338 1 1010
7784 17607 3429348 1 1010
7782 17607 3429358 1 1010
7781 17606 3429368 1 1010
7779 17606 3429378 1 1010
7778 17606 3429388 1 1010
7777 17605 3429398 1 1009
7775 17605 3429408 1 1009
7773 17605 3429418 1 1009
7773 17605 3429428 1 1009
7772 17605 3429438 1 1009
7771 17605 3429448 1 1009
7770 17605 3429458 1 1008
7769 17606 3429468 1 1008
7769 17606 3429478 1 1008
7769 17606 3429488 1 1008
7769 17606 3429498 1 1008
7770 17607 3429508 1 1007
7771 17607 3429518 1 1007
7773 17607 3429528 1 1007
7775 17607 3429538 1 1007
7776 17607 3429548 1 1007
7777 17607 3429558 1 1007
7779 17607 3429568 1 1006
7781 17608 3429578 1 1006
7783 17608 3429588 1 1006
7784 17608 3429598 1 1006
7785 17609 3429608 1 1006
7785 17609 3429618 1 1006
7786 17610 3429628 1 1005
7787 17611 3429638 1 1005
7788 17612 3429648 1 1005
7788 17612 3429658 1 1005
7789 17613 3429668 1 1004
7790 17614 3429678 1 1003
7791 17614 3429688 1 1003
7791 17615 3429698 1 1003
7793 17616 3429708 1 1003
7793 17616 3429718 1 1003
7793 17617 3429728 1 1002
7792 17617 3429738 1 1002
7792 17617 3429748 1 1002
7791 17617 3429758 1 1002
7788 17617 3429768 1 1002
7786 17617 3429778 1 1002
7784 17617 3429788 1 1001
7783 17617 3429798 1 1001
7782 17617 3429808 1 1001
7781 17617 3429818 1 1001
7779 17618 3429828 1 1001
7779 17618 3429838 1 1000
7779 17617 3429848 1 1000
7771 17617 3429858 1 1000
7763 17617 3429868 1 1000
7756 17617 3429878 1 1000
7732 17616 3429888 1 1000
7725 17615 3429898 1 999
7718 17615 3429908 1 999
7711 17614 3429918 1 999
7704 17614 3429928 1 999
7689 17613 3429938 1 999
7675 17612 3429948 1 999
7667 17612 3429958 1 998
7668 17612 3429968 1 998
7669 17612 3429978 1 998
7670 17611 3429988 1 998
7671 17610 3429998 1 998
7672 17610 3430008 1 997
7672 17610 3430018 1 997
7672 17609 3430028 1 997
7672 17608 3430038 1 997
7672 17607 3430048 1 997
7671 17607 3430058 1 997
7670 17606 3430068 1 996
7670 17605 3430078 1 996
7670 17604 3430088 1 996
7670 17603 3430098 1 996
7670 17603 3430108 1 996
7670 17602 3430118 1 996
7671 17601 3430128 1 995
7673 17600 3430138 1 995
7674 17600 3430148 1 995
7676 17600 3430158 1 995
7679 17600 3430168 1 995
7681 17600 3430178 1 995
7688 17600 3430188 1 994
7691 17601 3430198 1 994
7694 17601 3430208 1 994
7697 17602 3430218 1 994
7700 17602 3430228 1 994
7703 17603 3430238 1 994
7710 17604 3430248 1 993
7712 17605 3430258 1 993
7713 17605 3430268 1 993
7714 17606 3430278 1 993
7716 17606 3430288 1 993
7718 17607 3430298 1 992
7720 17608 3430308 1 992
7721 17609 3430318 1 992
7722 17609 3430328 1 992
7722 17609 3430338 1 992
7724 17610 3430348 1 991
7724 17611 3430358 1 991
7725 17611 3430368 1 991
7725 17612 3430378 1 991
7725 17612 3430388 1 991
7725 17612 3430398 1 991
7724 17612 3430408 1 990
7724 17612 3430418 1 990
7723 17613 3430428 1 990
7722 17613 3430438 1 990
7721 17613 3430448 1 990
7720 17612 3430458 1 990
7720 17612 3430468 1 989
7720 17612 3430478 1 989
7720 17611 3430488 1 989
7720 17610 3430498 1 989
7720 17609 3430508 1 989
7720 17609 3430518 1 988
7720 17608 3430528 1 988
7720 17608 3430538 1 988
7720 17608 3430548 1 988
7720 17608 3430558 1 988
7720 17608 3430568 1 988
7720 17609 3430578 1 987
7721 17609 3430588 1 987
7721 17610 3430598 1 987
7725 17612 3430608 1 987
7726 17612 3430618 1 987
7727 17613 3430628 1 987
7728 17614 3430638 1 986
7728 17615 3430648 1 986
7730 17615 3430658 1 986
7730 17616 3430668 1 986
7730 17616 3430678 1 986
7730 17616 3430688 1 985
7730 17616 3430698 1 985
7730 17617 3430708 1 985
7729 17617 3430718 1 985
7727 17617 3430728 1 985
7726 17617 3430738 1 985
7726 17617 3430748 1 984
7726 17618 3430758 1 984
7725 17618 3430768 1 984
7725 17618 3430778 1 984
7724 17618 3430788 1 984
7724 17618 3430798 1 984
7724 17618 3430808 1 983
7725 17618 3430818 1 983
7726 17618 3430828 1 983
7727 17618 3430838 1 983
7730 17618 3430848 1 983
7732 17618 3430858 1 982
7734 17619 3430868 1 982
7735 17619 3430878 1 982
7738 17620 3430888 1 982
7740 17620 3430898 1 982
7745 17622 3430908 1 981
7747 17622 3430918 1 981
7748 17623 3430928 1 981
7750 17623 3430938 1 981
7751 17624 3430948 1 981
7752 17624 3430958 1 981
7755 17626 3430968 1 980
7756 17626 3430978 1 980
7756 17627 3430988 1 980
7757 17627 3430998 1 980
7758 17627 3431008 1 980
7760 17628 3431018 1 980
7761 17629 3431028 1 979
7762 17630 3431038 1 979
7763 17630 3431048 1 979
7764 17630 3431058 1 979
7766 17630 3431068 1 979
7766 17630 3431078 1 979
7767 17630 3431088 1 978
7768 17630 3431098 1 978
7769 17629 3431108 1 977
7770 17628 3431118 1 977
7770 17627 3431128 1 977
7769 17626 3431138 1 977
7768 17624 3431148 1 976
7767 17623 3431158 1 976
7767 17620 3431168 1 976
7765 17618 3431178 1 976
7764 17617 3431188 1 976
7764 17615 3431198 1 975
7763 17611 3431208 1 975
7762 17608 3431218 1 975
7762 17606 3431228 1 975
7762 17605 3431238 1 975
7762 17603 3431248 1 975
7762 17601 3431258 1 974
7762 17596 3431268 1 974
7762 17595 3431278 1 974
7763 17593 3431288 1 974
7763 17592 3431298 1 974
7764 17591 3431308 1 974
7764 17590 3431318 1 973
7764 17589 3431328 1 973
7765 17588 3431338 1 973
7765 17588 3431348 1 973
7765 17588 3431358 1 973
7765 17588 3431368 1 972
7764 17588 3431378 1 972
7764 17588 3431388 1 972
7764 17588 3431398 1 972
7764 17588 3431408 1 972
7764 17588 3431418 1 972
7765 17587 3431428 1 971
7765 17587 3431438 1 971
7766 17587 3431448 1 971
7767 17587 3431458 1 971
7768 17587 3431468 1 971
7770 17587 3431478 1 970
7771 17587 3431488 1 970
7772 17587 3431498 1 970
7775 17586 3431508 1 970
7777 17586 3431518 1 970
7780 17586 3431528 1 969
7782 17586 3431538 1 969
7783 17586 3431548 1 969
7785 17586 3431558 1 969
7787 17586 3431568 1 969
7790 17587 3431578 1 969
7791 17587 3431588 1 968
7792 17587 3431598 1 968
7794 17587 3431608 1 968
7795 17587 3431618 1 968
7799 17588 3431628 1 968
7800 17588 3431638 1 968
7801 17588 3431648 1 967
7802 17589 3431658 1 967
7802 17589 3431668 1 967
7803 17589 3431678 1 967
7804 17589 3431688 1 967
7804 17589 3431698 1 966
7805 17589 3431708 1 966
7805 17590 3431718 1 966
7806 17590 3431728 1 966
7807 17590 3431738 1 966
7809 17592 3431748 1 966
7810 17592 3431758 1 965
