8089 17748 5225939 1 651
8089 17748 5225949 1 652
8089 17748 5225959 1 652
8089 17748 5225969 1 653
8090 17749 5225979 1 654
8092 17755 5225989 1 654
8097 17763 5225999 1 655
8102 17766 5226009 1 656
8104 17767 5226019 1 656
8104 17765 5226029 1 656
8101 17757 5226039 1 657
8099 17747 5226049 1 658
8098 17737 5226059 1 659
8100 17728 5226069 1 660
8105 17721 5226079 1 661
8111 17716 5226089 1 661
8124 17708 5226099 1 662
8132 17704 5226109 1 663
8141 17702 5226119 1 663
8152 17702 5226129 1 664
8164 17705 5226139 1 665
8174 17711 5226149 1 666
8182 17720 5226159 1 666
8185 17730 5226169 1 667
8183 17742 5226179 1 667
8176 17753 5226189 1 668
8163 17764 5226199 1 668
8145 17774 5226209 1 669
8123 17783 5226219 1 670
8100 17790 5226229 1 670
8078 17794 5226239 1 671
8058 17795 5226249 1 672
8029 17788 5226259 1 673
8020 17781 5226269 1 674
8014 17772 5226279 1 675
8012 17760 5226289 1 675
8014 17748 5226299 1 676
8020 17736 5226309 1 676
8028 17724 5226319 1 677
8037 17711 5226329 1 678
8046 17698 5226339 1 678
8056 17686 5226349 1 679
8065 17676 5226359 1 680
8073 17666 5226369 1 681
8080 17659 5226379 1 681
8086 17653 5226389 1 682
8092 17649 5226399 1 682
8098 17646 5226409 1 683
8107 17643 5226419 1 684
8110 17642 5226429 1 685
8111 17641 5226439 1 686
8111 17640 5226449 1 687
8109 17640 5226459 1 688
8107 17639 5226469 1 688
8104 17639 5226479 1 689
8101 17639 5226489 1 690
8097 17639 5226499 1 690
8094 17639 5226509 1 692
8091 17640 5226519 1 693
8089 17640 5226529 1 694
8087 17640 5226539 1 695
8086 17640 5226549 1 696
8087 17641 5226559 1 698
8089 17642 5226569 1 699
8096 17646 5226579 1 701
8100 17648 5226589 1 703
8104 17651 5226599 1 705
8107 17654 5226609 1 707
8110 17656 5226619 1 708
8113 17659 5226629 1 710
8115 17661 5226639 1 711
8117 17664 5226649 1 712
8118 17667 5226659 1 713
8118 17669 5226669 1 715
8118 17671 5226679 1 716
8119 17673 5226689 1 718
8120 17676 5226699 1 719
8122 17679 5226709 1 720
8125 17682 5226719 1 721
8129 17686 5226729 1 722
8135 17694 5226739 1 722
8137 17697 5226749 1 723
8137 17700 5226759 1 724
8136 17703 5226769 1 725
8132 17705 5226779 1 726
8126 17707 5226789 1 726
8120 17708 5226799 1 726
8113 17707 5226809 1 725
8106 17706 5226819 1 726
8100 17704 5226829 1 725
8094 17702 5226839 1 724
8090 17698 5226849 1 723
8086 17693 5226859 1 723
8083 17688 5226869 1 721
8080 17682 5226879 1 721
8078 17677 5226889 1 721
8075 17670 5226899 1 720
8074 17668 5226909 1 721
8074 17668 5226919 1 722
8075 17668 5226929 1 724
8077 17669 5226939 1 727
8081 17671 5226949 1 729
8086 17674 5226959 1 732
8091 17677 5226969 1 738
8096 17680 5226979 1 746
8100 17683 5226989 1 750
8103 17686 5226999 1 754
8105 17688 5227009 1 765
8106 17690 5227019 1 776
8105 17692 5227029 1 787
8103 17693 5227039 1 793
8101 17694 5227049 1 800
8097 17693 5227059 1 825
8098 17693 5227069 1 837
8099 17693 5227079 1 849
8102 17692 5227089 1 861
8107 17692 5227099 1 871
8112 17693 5227109 1 877
8119 17693 5227119 1 881
8126 17695 5227129 1 890
8133 17696 5227139 1 897
8140 17698 5227149 1 900
8147 17700 5227159 1 902
8153 17702 5227169 1 902
8158 17704 5227179 1 899
8161 17705 5227189 1 896
8163 17707 5227199 1 893
8163 17708 5227209 1 884
8159 17710 5227219 1 859
8154 17710 5227229 1 841
8149 17710 5227239 1 820
8144 17709 5227249 1 805
8139 17708 5227259 1 795
8134 17707 5227269 1 781
8130 17705 5227279 1 765
8126 17704 5227289 1 732
8124 17702 5227299 1 696
8122 17699 5227309 1 656
8120 17696 5227319 1 614
8120 17693 5227329 1 569
8119 17689 5227339 1 524
8119 17686 5227349 1 502
8120 17682 5227359 1 479
8120 17679 5227369 1 433
8122 17673 5227379 1 343
8123 17670 5227389 1 299
8123 17667 5227399 1 257
8123 17664 5227409 1 218
8121 17661 5227419 1 200
8119 17659 5227429 1 184
8117 17658 5227439 1 151
8116 17657 5227449 1 123
8115 17657 5227459 1 98
8114 17657 5227469 1 79
8114 17658 5227479 1 62
8115 17659 5227489 1 64
8117 17660 5227499 1 66
8120 17662 5227509 1 67
8125 17665 5227519 1 69
8132 17668 5227529 1 71
8151 17675 5227539 1 74
8162 17679 5227549 1 76
8173 17682 5227559 1 78
8183 17685 5227569 1 80
8192 17687 5227579 1 81
8199 17689 5227589 1 83
8204 17691 5227599 1 85
8206 17693 5227609 1 87
8205 17695 5227619 1 88
8203 17697 5227629 1 106
8198 17699 5227639 1 132
8192 17700 5227649 1 165
8185 17701 5227659 1 183
8177 17702 5227669 1 205
8170 17702 5227679 1 248
8164 17701 5227689 1 296
8156 17699 5227699 1 397
8153 17698 5227709 1 450
8152 17696 5227719 1 503
8153 17694 5227729 1 529
8154 17691 5227739 1 554
8156 17689 5227749 1 603
8158 17686 5227759 1 650
8160 17683 5227769 1 693
8161 17681 5227779 1 713
8162 17679 5227789 1 730
8163 17677 5227799 1 762
8163 17677 5227809 1 788
8164 17676 5227819 1 799
8164 17677 5227829 1 806
8165 17678 5227839 1 816
8166 17680 5227849 1 817
8169 17683 5227859 1 803
8171 17685 5227869 1 797
8172 17686 5227879 1 792
8172 17686 5227889 1 789
8173 17686 5227899 1 788
8172 17685 5227909 1 785
8171 17684 5227919 1 783
8170 17682 5227929 1 783
8169 17680 5227939 1 783
8169 17677 5227949 1 785
8168 17674 5227959 1 788
8168 17672 5227969 1 789
8167 17670 5227979 1 790
8166 17669 5227989 1 794
8165 17668 5227999 1 798
8163 17667 5228009 1 803
8159 17666 5228019 1 813
8157 17666 5228029 1 818
8156 17666 5228039 1 819
8155 17666 5228049 1 820
8155 17665 5228059 1 822
8157 17664 5228069 1 827
8161 17662 5228079 1 833
8166 17659 5228089 1 837
8173 17656 5228099 1 842
8180 17653 5228109 1 845
8188 17649 5228119 1 849
8196 17645 5228129 1 852
8203 17641 5228139 1 854
8210 17638 5228149 1 855
8215 17636 5228159 1 856
8220 17634 5228169 1 856
8229 17634 5228179 1 852
8234 17635 5228189 1 849
8239 17639 5228199 1 844
8243 17643 5228209 1 838
8246 17648 5228219 1 831
8249 17653 5228229 1 822
8250 17657 5228239 1 812
8250 17662 5228249 1 800
8249 17667 5228259 1 786
8249 17671 5228269 1 772
8249 17674 5228279 1 754
8249 17676 5228289 1 735
8250 17678 5228299 1 715
8250 17679 5228309 1 693
8251 17679 5228319 1 668
8252 17679 5228329 1 641
8254 17678 5228339 1 581
