8199 17657 3888343 1 645
8199 17657 3888353 1 647
8199 17657 3888363 1 648
8199 17657 3888373 1 650
8200 17659 3888383 1 651
8204 17666 3888393 1 653
8211 17674 3888403 1 654
8217 17678 3888413 1 655
8220 17679 3888423 1 657
8220 17676 3888433 1 657
8217 17667 3888443 1 658
8215 17656 3888453 1 661
8213 17645 3888463 1 662
8220 17629 3888473 1 665
8227 17625 3888483 1 666
8233 17622 3888493 1 666
8241 17619 3888503 1 668
8250 17617 3888513 1 669
8260 17616 3888523 1 670
8273 17617 3888533 1 672
8287 17622 3888543 1 673
8300 17629 3888553 1 674
8310 17638 3888563 1 675
8315 17649 3888573 1 675
8313 17660 3888583 1 677
8304 17671 3888593 1 678
8268 17689 3888603 1 679
8242 17697 3888613 1 680
8215 17703 3888623 1 682
8189 17705 3888633 1 683
8166 17703 3888643 1 684
8147 17699 3888653 1 685
8133 17692 3888663 1 685
8123 17683 3888673 1 687
8118 17672 3888683 1 688
8117 17659 3888693 1 689
8121 17646 3888703 1 690
8129 17633 3888713 1 690
8139 17620 3888723 1 691
8160 17593 3888733 1 692
8170 17580 3888743 1 694
8178 17569 3888753 1 695
8185 17559 3888763 1 696
8190 17552 3888773 1 696
8194 17546 3888783 1 697
8198 17543 3888793 1 698
8201 17541 3888803 1 699
8204 17540 3888813 1 699
8207 17540 3888823 1 700
8209 17539 3888833 1 701
8211 17539 3888843 1 703
8211 17539 3888853 1 704
8207 17538 3888863 1 705
8205 17538 3888873 1 706
8201 17538 3888883 1 707
8198 17539 3888893 1 707
8194 17540 3888903 1 709
8190 17542 3888913 1 710
8187 17543 3888923 1 711
8185 17545 3888933 1 713
8183 17546 3888943 1 714
8184 17549 3888953 1 717
8187 17551 3888963 1 718
8191 17554 3888973 1 719
8196 17557 3888983 1 720
8208 17560 3888993 1 724
8214 17561 3889003 1 726
8219 17562 3889013 1 727
8224 17562 3889023 1 730
8228 17562 3889033 1 731
8231 17561 3889043 1 731
8233 17561 3889053 1 732
8236 17561 3889063 1 735
8237 17562 3889073 1 737
8239 17563 3889083 1 738
8241 17565 3889093 1 738
8244 17569 3889103 1 739
8248 17574 3889113 1 740
8256 17587 3889123 1 741
8258 17594 3889133 1 741
8259 17600 3889143 1 742
8257 17606 3889153 1 743
8253 17612 3889163 1 742
8246 17616 3889173 1 743
8238 17620 3889183 1 743
8230 17622 3889193 1 743
8221 17623 3889203 1 741
8214 17622 3889213 1 741
8209 17621 3889223 1 740
8206 17618 3889233 1 738
8205 17614 3889243 1 737
8206 17603 3889253 1 733
8207 17596 3889263 1 733
8207 17590 3889273 1 732
8207 17584 3889283 1 731
8206 17579 3889293 1 730
8204 17576 3889303 1 731
8201 17573 3889313 1 732
8197 17571 3889323 1 734
8195 17570 3889333 1 737
8193 17571 3889343 1 739
8193 17572 3889353 1 741
8193 17574 3889363 1 748
8194 17577 3889373 1 756
8198 17585 3889383 1 764
8201 17589 3889393 1 775
8204 17594 3889403 1 786
8207 17598 3889413 1 797
8209 17602 3889423 1 803
8212 17606 3889433 1 808
8215 17609 3889443 1 821
8218 17612 3889453 1 833
8222 17614 3889463 1 845
8225 17615 3889473 1 856
8229 17616 3889483 1 867
8232 17617 3889493 1 876
8234 17617 3889503 1 881
8240 17617 3889513 1 891
8243 17617 3889523 1 897
8247 17617 3889533 1 901
8251 17616 3889543 1 905
8255 17616 3889553 1 906
8260 17615 3889563 1 905
8265 17614 3889573 1 903
8269 17612 3889583 1 901
8273 17611 3889593 1 894
8275 17609 3889603 1 884
8275 17607 3889613 1 870
8274 17605 3889623 1 853
8272 17603 3889633 1 831
8266 17599 3889643 1 806
8262 17597 3889653 1 791
8259 17596 3889663 1 775
8256 17596 3889673 1 740
8253 17595 3889683 1 700
8251 17594 3889693 1 655
8249 17593 3889703 1 609
8247 17592 3889713 1 559
8245 17590 3889723 1 507
8244 17588 3889733 1 481
8243 17586 3889743 1 453
8241 17583 3889753 1 399
8240 17581 3889763 1 345
8237 17576 3889773 1 238
8235 17573 3889783 1 186
8232 17569 3889793 1 137
8229 17567 3889803 1 112
8225 17565 3889813 1 89
8222 17564 3889823 1 47
8220 17564 3889833 1 9
8219 17564 3889843 0 0
8218 17565 3889853 0 0
8218 17565 3889863 0 0
8219 17566 3889873 0 0
8221 17567 3889883 0 0
8225 17569 3889893 0 0
8237 17572 3889903 0 0
8246 17574 3889913 0 0
8257 17576 3889923 0 0
8268 17579 3889933 0 0
8279 17581 3889943 0 0
8289 17584 3889953 0 0
8297 17587 3889963 0 0
8303 17590 3889973 0 0
8307 17593 3889983 0 0
8308 17597 3889993 0 0
8306 17601 3890003 0 0
8302 17606 3890013 0 0
8296 17609 3890023 0 0
8283 17613 3890033 1 3
8277 17613 3890043 1 30
8273 17612 3890053 1 86
8271 17610 3890063 1 150
8272 17607 3890073 1 218
8274 17603 3890083 1 288
8278 17599 3890093 1 362
8282 17595 3890103 1 435
8288 17590 3890113 1 472
8293 17585 3890123 1 508
8297 17580 3890133 1 579
8300 17576 3890143 1 647
8302 17572 3890153 1 710
8300 17566 3890163 1 767
8297 17563 3890173 1 816
8293 17562 3890183 1 856
8289 17561 3890193 1 874
8285 17562 3890203 1 886
8282 17563 3890213 1 902
8280 17566 3890223 1 906
8280 17569 3890233 1 896
8280 17572 3890243 1 887
8281 17576 3890253 1 879
8282 17578 3890263 1 872
8283 17580 3890273 1 869
8284 17582 3890283 1 868
8284 17581 3890293 1 864
8283 17579 3890303 1 864
8282 17575 3890313 1 866
8281 17571 3890323 1 871
8280 17566 3890333 1 876
8279 17562 3890343 1 879
8278 17558 3890353 1 883
8276 17554 3890363 1 891
8273 17551 3890373 1 899
8270 17549 3890383 1 909
8267 17548 3890393 1 919
8265 17547 3890403 1 930
8262 17547 3890413 1 940
8261 17547 3890423 1 946
8263 17547 3890433 1 952
8268 17547 3890443 1 964
8275 17546 3890453 1 975
8285 17544 3890463 1 985
8298 17543 3890473 1 995
8311 17540 3890483 1 1004
8325 17538 3890493 1 1013
8339 17536 3890503 1 1021
8351 17534 3890513 1 1024
8362 17533 3890523 1 1024
8371 17533 3890533 1 1024
8378 17533 3890543 1 1024
8388 17535 3890553 1 1024
8393 17538 3890563 1 1024
8396 17542 3890573 1 1024
8399 17545 3890583 1 1015
8400 17549 3890593 1 1002
8401 17553 3890603 1 988
8400 17555 3890613 1 969
8399 17557 3890623 1 946
8396 17559 3890633 1 921
8394 17560 3890643 1 892
8393 17561 3890653 1 858
8393 17561 3890663 1 820
8393 17561 3890673 1 779
8395 17562 3890683 1 681
8396 17563 3890693 1 624
8397 17564 3890703 1 562
8397 17566 3890713 1 495
