7694 18676 2076529 1 648
7694 18676 2076539 1 642
7694 18676 2076549 1 641
7694 18676 2076559 1 642
7695 18675 2076569 1 644
7696 18674 2076579 1 646
7698 18671 2076589 1 647
7702 18668 2076599 1 648
7706 18663 2076609 1 651
7711 18657 2076619 1 652
7716 18651 2076629 1 653
7721 18645 2076639 1 654
7726 18638 2076649 1 656
7728 18636 2076659 1 657
7730 18633 2076669 1 657
7734 18628 2076679 1 659
7737 18623 2076689 1 661
7741 18618 2076699 1 662
7745 18614 2076709 1 663
7748 18610 2076719 1 664
7752 18605 2076729 1 665
7756 18601 2076739 1 666
7758 18596 2076749 1 667
7760 18591 2076759 1 667
7761 18587 2076769 1 668
7761 18582 2076779 1 669
7760 18580 2076789 1 669
7758 18579 2076799 1 670
7755 18575 2076809 1 671
7751 18573 2076819 1 672
7746 18571 2076829 1 672
7740 18571 2076839 1 674
7735 18570 2076849 1 675
7730 18571 2076859 1 676
7725 18572 2076869 1 676
7721 18574 2076879 1 677
7718 18577 2076889 1 678
7716 18580 2076899 1 679
7715 18582 2076909 1 680
7714 18582 2076919 1 680
7714 18582 2076929 1 680
7715 18581 2076939 1 681
7716 18578 2076949 1 682
7717 18572 2076959 1 683
7719 18565 2076969 1 683
7721 18558 2076979 1 684
7725 18549 2076989 1 685
7731 18541 2076999 1 686
7739 18534 2077009 1 687
7747 18530 2077019 1 688
7757 18529 2077029 1 689
7767 18532 2077039 1 690
7772 18535 2077049 1 690
7776 18542 2077059 1 691
7782 18557 2077069 1 692
7787 18577 2077079 1 693
7788 18600 2077089 1 694
7788 18625 2077099 1 695
7785 18649 2077109 1 696
7782 18671 2077119 1 697
7777 18691 2077129 1 699
7772 18707 2077139 1 700
7768 18720 2077149 1 701
7764 18729 2077159 1 702
7761 18736 2077169 1 702
7759 18739 2077179 1 702
7759 18740 2077189 1 702
7759 18741 2077199 1 703
7760 18740 2077209 1 704
7762 18736 2077219 1 704
7766 18730 2077229 1 704
7770 18723 2077239 1 705
7775 18715 2077249 1 705
7780 18707 2077259 1 706
7784 18699 2077269 1 707
7788 18693 2077279 1 708
7791 18689 2077289 1 710
7793 18687 2077299 1 713
7794 18687 2077309 1 714
7795 18688 2077319 1 715
7797 18690 2077329 1 718
7798 18693 2077339 1 720
7800 18696 2077349 1 723
7800 18699 2077359 1 725
7801 18701 2077369 1 726
7800 18701 2077379 1 726
7799 18700 2077389 1 724
7798 18699 2077399 1 723
7797 18696 2077409 1 721
7796 18694 2077419 1 716
7796 18693 2077429 1 707
7796 18692 2077439 1 704
7797 18692 2077449 1 705
7798 18694 2077459 1 706
7800 18697 2077469 1 714
7801 18702 2077479 1 728
7803 18710 2077489 1 749
7804 18718 2077499 1 776
7805 18727 2077509 1 806
7806 18736 2077519 1 838
7806 18744 2077529 1 867
7806 18751 2077539 1 892
7806 18755 2077549 1 911
7806 18757 2077559 1 920
7805 18758 2077569 1 918
7804 18757 2077579 1 901
7803 18754 2077589 1 868
7801 18750 2077599 1 815
7798 18745 2077609 1 740
7796 18740 2077619 1 698
7793 18735 2077629 1 643
7790 18732 2077639 1 531
7788 18729 2077649 1 412
7786 18728 2077659 1 298
7785 18728 2077669 1 196
7785 18729 2077679 1 118
7786 18730 2077689 1 83
7786 18731 2077699 1 78
7787 18732 2077709 1 82
7790 18733 2077719 1 81
7792 18735 2077729 1 80
7796 18736 2077739 1 79
7799 18736 2077749 1 78
7802 18734 2077759 1 77
7805 18730 2077769 1 76
7807 18726 2077779 1 76
7808 18720 2077789 1 75
7809 18714 2077799 1 74
7808 18708 2077809 1 73
7808 18702 2077819 1 90
7807 18700 2077829 1 97
7807 18698 2077839 1 100
7806 18694 2077849 1 119
7806 18692 2077859 1 157
7805 18690 2077869 1 203
7805 18689 2077879 1 315
7804 18688 2077889 1 376
7803 18687 2077899 1 440
7802 18685 2077909 1 507
7800 18683 2077919 1 574
7798 18679 2077929 1 640
7796 18674 2077939 1 704
7793 18668 2077949 1 765
7792 18665 2077959 1 795
7790 18662 2077969 1 822
7787 18656 2077979 1 872
7785 18650 2077989 1 916
7783 18645 2077999 1 952
7781 18642 2078009 1 978
7780 18641 2078019 1 992
7780 18642 2078029 1 993
7781 18644 2078039 1 993
7783 18648 2078049 1 968
7785 18654 2078059 1 899
7788 18660 2078069 1 786
7791 18667 2078079 1 668
7792 18671 2078089 1 608
7794 18674 2078099 1 548
7796 18679 2078109 1 431
7798 18684 2078119 1 320
7800 18687 2078129 1 222
7800 18689 2078139 1 140
7800 18690 2078149 1 78
7799 18690 2078159 1 43
7797 18690 2078169 1 42
7795 18689 2078179 1 41
7791 18689 2078189 1 40
7788 18689 2078199 1 39
7785 18690 2078209 1 38
7784 18690 2078219 1 38
7783 18691 2078229 1 37
7782 18693 2078239 1 36
7782 18694 2078249 1 35
7783 18695 2078259 1 34
7786 18696 2078269 1 33
7789 18696 2078279 1 32
7792 18694 2078289 1 31
7796 18692 2078299 1 33
7801 18687 2078309 1 51
7806 18682 2078319 1 113
7811 18676 2078329 1 151
7815 18669 2078339 1 193
7817 18666 2078349 1 215
7818 18663 2078359 1 237
7821 18658 2078369 1 281
7823 18654 2078379 1 323
7823 18652 2078389 1 363
7823 18651 2078399 1 398
7823 18653 2078409 1 426
7822 18658 2078419 1 446
7821 18664 2078429 1 457
7821 18673 2078439 1 455
7822 18682 2078449 1 440
7823 18691 2078459 1 365
7826 18700 2078469 1 300
7827 18705 2078479 1 280
7829 18708 2078489 1 267
7833 18714 2078499 1 215
7837 18719 2078509 1 108
7841 18722 2078519 1 12
7845 18722 2078529 1 11
7848 18721 2078539 1 10
7850 18719 2078549 1 9
7851 18715 2078559 1 8
7851 18712 2078569 1 7
7849 18708 2078579 1 6
7847 18705 2078589 1 5
7843 18703 2078599 1 4
7841 18702 2078609 1 2
7838 18702 2078619 1 3
7831 18701 2078629 1 2
7824 18701 2078639 1 1
7816 18701 2078649 1 107
7808 18701 2078659 1 227
7800 18702 2078669 1 355
7792 18702 2078679 1 487
7785 18702 2078689 1 617
7779 18702 2078699 1 681
7774 18702 2078709 1 741
7771 18702 2078719 1 855
7768 18703 2078729 1 954
7767 18703 2078739 1 1005
7767 18704 2078749 1 1019
7766 18705 2078759 1 1019
7767 18707 2078769 1 1018
7767 18709 2078779 1 1018
7768 18710 2078789 1 1017
7770 18711 2078799 1 1017
7771 18712 2078809 1 1016
7772 18712 2078819 1 1016
7774 18711 2078829 1 1015
7774 18709 2078839 1 1014
7775 18707 2078849 1 1014
7776 18704 2078859 1 1013
7777 18703 2078869 1 1013
7777 18702 2078879 1 1013
7779 18700 2078889 1 1012
7782 18699 2078899 1 1012
7784 18699 2078909 1 987
7788 18700 2078919 1 964
7791 18702 2078929 1 929
7795 18704 2078939 1 870
7799 18706 2078949 1 809
7802 18708 2078959 1 747
7806 18710 2078969 1 684
7810 18711 2078979 1 622
7813 18710 2078989 1 560
7815 18710 2078999 1 529
7816 18709 2079009 1 499
7819 18707 2079019 1 439
7821 18704 2079029 1 381
7823 18702 2079039 1 326
7824 18699 2079049 1 274
7825 18697 2079059 1 180
7826 18696 2079069 1 139
7826 18696 2079079 1 104
7826 18697 2079089 1 74
7827 18698 2079099 1 50
7827 18699 2079109 1 39
7828 18701 2079119 1 40
7829 18702 2079129 1 41
7829 18703 2079139 1 41
7831 18706 2079149 1 42
7832 18708 2079159 1 43
7833 18710 2079169 1 44
7835 18712 2079179 1 45
7837 18714 2079189 1 45
7839 18715 2079199 1 46
7842 18716 2079209 1 47
7845 18716 2079219 1 48
7848 18714 2079229 1 49
7851 18712 2079239 1 51
7854 18708 2079249 1 73
7855 18706 2079259 1 87
7856 18704 2079269 1 104
7858 18699 2079279 1 145
7860 18693 2079289 1 193
7860 18688 2079299 1 247
7860 18683 2079309 1 306
7859 18680 2079319 1 369
7858 18677 2079329 1 434
7856 18676 2079339 1 500
7854 18676 2079349 1 566
7853 18677 2079359 1 631
7851 18680 2079369 1 694
7851 18684 2079379 1 753
7851 18686 2079389 1 782
7851 18689 2079399 1 807
7853 18694 2079409 1 854
7856 18700 2079419 1 895
7860 18706 2079429 1 927
7865 18712 2079439 1 950
7870 18717 2079449 1 962
7877 18721 2079459 1 962
7883 18725 2079469 1 952
7888 18728 2079479 1 940
7893 18729 2079489 1 928
7896 18730 2079499 1 905
7898 18729 2079509 1 895
7898 18729 2079519 1 890
7897 18728 2079529 1 885
7895 18726 2079539 1 876
7890 18723 2079549 1 869
7884 18719 2079559 1 861
7877 18715 2079569 1 858
7868 18711 2079579 1 855
7859 18706 2079589 1 850
7851 18702 2079599 1 845
7843 18698 2079609 1 842
7836 18695 2079619 1 839
7831 18692 2079629 1 836
7828 18690 2079639 1 835
7826 18689 2079649 1 835
7826 18689 2079659 1 834
7825 18689 2079669 1 834
7826 18689 2079679 1 834
7828 18690 2079689 1 836
7830 18692 2079699 1 837
7832 18694 2079709 1 839
7834 18697 2079719 1 841
7834 18700 2079729 1 844
7833 18704 2079739 1 846
7831 18708 2079749 1 850
7828 18713 2079759 1 853
7824 18717 2079769 1 857
7822 18720 2079779 1 858
7820 18722 2079789 1 858
7815 18727 2079799 1 861
7811 18731 2079809 1 869
7807 18735 2079819 1 873
7805 18739 2079829 1 877
7805 18741 2079839 1 881
7806 18743 2079849 1 886
7809 18745 2079859 1 891
7814 18746 2079869 1 894
7821 18746 2079879 1 899
7829 18746 2079889 1 903
7837 18745 2079899 1 907
7841 18745 2079909 1 908
7846 18745 2079919 1 910
7854 18744 2079929 1 914
7861 18744 2079939 1 917
7867 18744 2079949 1 923
7871 18745 2079959 1 925
7874 18747 2079969 1 928
7875 18750 2079979 1 929
7875 18754 2079989 1 930
7873 18758 2079999 1 931
7870 18762 2080009 1 931
7867 18766 2080019 1 932
7863 18768 2080029 1 932
7861 18769 2080039 1 932
7859 18769 2080049 1 933
7855 18768 2080059 1 933
7852 18766 2080069 1 933
7849 18761 2080079 1 933
7847 18754 2080089 1 933
7846 18746 2080099 1 933
7845 18737 2080109 1 933
7845 18728 2080119 1 933
7845 18718 2080129 1 934
7845 18708 2080139 1 934
7846 18699 2080149 1 934
7847 18691 2080159 1 934
7848 18687 2080169 1 935
7848 18684 2080179 1 936
7849 18678 2080189 1 936
7850 18673 2080199 1 936
7851 18670 2080209 1 936
7851 18667 2080219 1 936
7852 18666 2080229 1 936
7851 18665 2080239 1 937
7851 18665 2080249 1 938
7850 18666 2080259 1 939
7849 18669 2080269 1 939
7848 18672 2080279 1 939
7846 18677 2080289 1 939
7845 18680 2080299 1 940
7843 18684 2080309 1 940
7840 18691 2080319 1 940
7836 18699 2080329 1 940
7832 18708 2080339 1 941
7828 18716 2080349 1 941
7824 18723 2080359 1 940
7821 18729 2080369 1 940
7818 18733 2080379 1 939
7815 18736 2080389 1 939
7813 18738 2080399 1 938
7811 18738 2080409 1 937
7809 18738 2080419 1 937
7808 18737 2080429 1 937
7808 18735 2080439 1 936
7807 18732 2080449 1 936
7806 18728 2080459 1 935
7806 18723 2080469 1 935
7806 18719 2080479 1 934
7807 18714 2080489 1 934
7808 18709 2080499 1 933
7810 18704 2080509 1 933
7812 18699 2080519 1 932
7814 18693 2080529 1 932
7817 18688 2080539 1 931
7820 18682 2080549 1 931
7824 18676 2080559 1 930
7827 18670 2080569 1 930
7831 18665 2080579 1 929
7835 18659 2080589 1 928
7839 18653 2080599 1 928
7842 18648 2080609 1 927
7844 18642 2080619 1 927
7846 18636 2080629 1 926
7847 18630 2080639 1 926
7847 18625 2080649 1 925
7846 18620 2080659 1 925
7843 18617 2080669 1 924
7840 18614 2080679 1 924
7836 18614 2080689 1 923
7830 18615 2080699 1 923
7825 18618 2080709 1 922
7819 18623 2080719 1 922
7814 18629 2080729 1 921
7810 18635 2080739 1 921
7808 18641 2080749 1 920
7807 18648 2080759 1 919
