8112 17567 5602601 1 676
8112 17567 5602611 1 685
8112 17567 5602621 1 689
8112 17567 5602631 1 690
8112 17567 5602641 1 690
8113 17567 5602651 1 691
8113 17567 5602661 1 691
8115 17568 5602671 1 691
8121 17573 5602681 1 692
8129 17578 5602691 1 692
8133 17580 5602701 1 693
8134 17579 5602711 1 693
8132 17574 5602721 1 693
8130 17568 5602731 1 693
8128 17562 5602741 1 693
8128 17559 5602751 1 694
8130 17558 5602761 1 694
8133 17559 5602771 1 694
8135 17559 5602781 1 694
8136 17558 5602791 1 695
8136 17556 5602801 1 696
8134 17553 5602811 1 696
8132 17549 5602821 1 696
8131 17547 5602831 1 696
8130 17546 5602841 1 697
8131 17546 5602851 1 697
8133 17548 5602861 1 698
8135 17549 5602871 1 698
8137 17550 5602881 1 699
8138 17550 5602891 1 699
8139 17551 5602901 1 700
8139 17551 5602911 1 700
8140 17552 5602921 1 701
8140 17554 5602931 1 701
8141 17557 5602941 1 701
8142 17560 5602951 1 702
8142 17563 5602961 1 702
8143 17565 5602971 1 703
8144 17568 5602981 1 703
8144 17570 5602991 1 704
8145 17573 5603001 1 705
8146 17574 5603011 1 705
8146 17576 5603021 1 705
8146 17578 5603031 1 706
8147 17579 5603041 1 707
8146 17581 5603051 1 707
8146 17582 5603061 1 707
8146 17583 5603071 1 707
8146 17583 5603081 1 708
8146 17585 5603091 1 708
8146 17586 5603101 1 709
8147 17587 5603111 1 710
8147 17588 5603121 1 710
8147 17589 5603131 1 710
8147 17590 5603141 1 711
8148 17590 5603151 1 712
8148 17591 5603161 1 713
8148 17592 5603171 1 713
8148 17593 5603181 1 713
8148 17593 5603191 1 714
8148 17594 5603201 1 715
8148 17594 5603211 1 716
8148 17595 5603221 1 716
8148 17595 5603231 1 716
8148 17595 5603241 1 716
8148 17595 5603251 1 717
8148 17595 5603261 1 718
8148 17595 5603271 1 719
8148 17594 5603281 1 719
8148 17593 5603291 1 719
8149 17592 5603301 1 720
8149 17590 5603311 1 721
8150 17588 5603321 1 722
8150 17586 5603331 1 722
8150 17583 5603341 1 723
8150 17579 5603351 1 724
8150 17576 5603361 1 725
8150 17572 5603371 1 725
8149 17568 5603381 1 725
8148 17564 5603391 1 725
8147 17560 5603401 1 725
8145 17557 5603411 1 726
8143 17553 5603421 1 727
8141 17549 5603431 1 728
8139 17544 5603441 1 728
8136 17539 5603451 1 729
8134 17533 5603461 1 730
8131 17528 5603471 1 731
8129 17522 5603481 1 731
8126 17516 5603491 1 732
8124 17511 5603501 1 732
8121 17506 5603511 1 732
8119 17501 5603521 1 732
8117 17497 5603531 1 733
8116 17495 5603541 1 733
8115 17493 5603551 1 734
8113 17490 5603561 1 735
8112 17488 5603571 1 735
8110 17486 5603581 1 736
8108 17484 5603591 1 737
8107 17483 5603601 1 737
8105 17482 5603611 1 737
8103 17481 5603621 1 738
8102 17482 5603631 1 739
8100 17483 5603641 1 739
8100 17485 5603651 1 740
8099 17488 5603661 1 740
8100 17492 5603671 1 741
8101 17496 5603681 1 741
8103 17501 5603691 1 742
8105 17506 5603701 1 743
8107 17512 5603711 1 743
8110 17517 5603721 1 743
8114 17522 5603731 1 743
8117 17528 5603741 1 744
8120 17532 5603751 1 745
8124 17537 5603761 1 746
8127 17541 5603771 1 746
8130 17544 5603781 1 747
8133 17547 5603791 1 747
8136 17549 5603801 1 748
8139 17551 5603811 1 748
8142 17553 5603821 1 749
8144 17555 5603831 1 750
8146 17556 5603841 1 750
8148 17557 5603851 1 750
8149 17558 5603861 1 751
8150 17559 5603871 1 751
8151 17560 5603881 1 752
8150 17561 5603891 1 753
8149 17561 5603901 1 754
8148 17562 5603911 1 755
8147 17563 5603921 1 756
8146 17563 5603931 1 756
8145 17564 5603941 1 757
8144 17564 5603951 1 758
8143 17564 5603961 1 759
8142 17565 5603971 1 760
8141 17565 5603981 1 761
8140 17565 5603991 1 761
8139 17565 5604001 1 762
8139 17565 5604011 1 762
8139 17565 5604021 1 763
8138 17566 5604031 1 765
8138 17566 5604041 1 765
8139 17566 5604051 1 766
8140 17566 5604061 1 767
8141 17566 5604071 1 767
8142 17567 5604081 1 768
8144 17567 5604091 1 769
8146 17567 5604101 1 770
8148 17568 5604111 1 771
8150 17568 5604121 1 771
8152 17568 5604131 1 772
8154 17568 5604141 1 772
8156 17568 5604151 1 772
8158 17568 5604161 1 772
8159 17569 5604171 1 772
8161 17569 5604181 1 772
8163 17569 5604191 1 774
8164 17568 5604201 1 778
8165 17568 5604211 1 785
8165 17568 5604221 1 794
8165 17568 5604231 1 805
8165 17568 5604241 1 818
8165 17568 5604251 1 825
8165 17567 5604261 1 832
8164 17567 5604271 1 845
8163 17567 5604281 1 860
8162 17567 5604291 1 867
8161 17566 5604301 1 874
8159 17566 5604311 1 887
8157 17566 5604321 1 899
8156 17566 5604331 1 910
8154 17566 5604341 1 919
8152 17566 5604351 1 925
8151 17566 5604361 1 927
8150 17566 5604371 1 928
8148 17566 5604381 1 928
8148 17565 5604391 1 924
8147 17565 5604401 1 915
8146 17565 5604411 1 902
8146 17565 5604421 1 883
8146 17565 5604431 1 859
8146 17565 5604441 1 848
8145 17565 5604451 1 829
8145 17565 5604461 1 792
8145 17565 5604471 1 772
8145 17564 5604481 1 767
8145 17564 5604491 1 749
8145 17564 5604501 1 699
8145 17564 5604511 1 646
8145 17564 5604521 1 588
8145 17564 5604531 1 529
8145 17565 5604541 1 470
8145 17565 5604551 1 411
8146 17565 5604561 1 354
8146 17565 5604571 1 301
8147 17565 5604581 1 275
8147 17565 5604591 1 252
8148 17565 5604601 1 232
8148 17565 5604611 1 209
8148 17565 5604621 1 175
8147 17565 5604631 1 134
8147 17565 5604641 1 133
8147 17565 5604651 1 133
8146 17565 5604661 1 132
8145 17565 5604671 1 131
8145 17565 5604681 1 131
8144 17565 5604691 1 129
8143 17565 5604701 1 129
8143 17565 5604711 1 128
8142 17566 5604721 1 128
8141 17566 5604731 1 126
8140 17566 5604741 1 126
8138 17566 5604751 1 126
8137 17566 5604761 1 132
8137 17566 5604771 1 147
8136 17566 5604781 1 170
8135 17566 5604791 1 200
8135 17566 5604801 1 216
8135 17567 5604811 1 235
8135 17567 5604821 1 276
8135 17567 5604831 1 321
8136 17567 5604841 1 369
8136 17567 5604851 1 418
8136 17568 5604861 1 469
8137 17568 5604871 1 519
8137 17568 5604881 1 569
8138 17568 5604891 1 617
8138 17568 5604901 1 636
8139 17568 5604911 1 641
8139 17568 5604921 1 663
8140 17568 5604931 1 705
8141 17568 5604941 1 742
8141 17568 5604951 1 759
8142 17568 5604961 1 773
8142 17567 5604971 1 798
8143 17567 5604981 1 814
8144 17567 5604991 1 823
8144 17567 5605001 1 821
8145 17567 5605011 1 811
8146 17567 5605021 1 806
8146 17566 5605031 1 802
8147 17566 5605041 1 794
8148 17566 5605051 1 786
8148 17565 5605061 1 782
8149 17565 5605071 1 780
8150 17564 5605081 1 774
8151 17563 5605091 1 770
8151 17563 5605101 1 767
8152 17562 5605111 1 764
8152 17562 5605121 1 763
8153 17561 5605131 1 763
8153 17561 5605141 1 764
8153 17561 5605151 1 766
8154 17560 5605161 1 769
8154 17560 5605171 1 774
8154 17560 5605181 1 780
8155 17561 5605191 1 788
8155 17561 5605201 1 797
8155 17561 5605211 1 802
8155 17561 5605221 1 809
8154 17562 5605231 1 822
8154 17562 5605241 1 829
8154 17563 5605251 1 837
8154 17563 5605261 1 853
8153 17563 5605271 1 872
8153 17564 5605281 1 890
8152 17564 5605291 1 908
8152 17564 5605301 1 923
8151 17565 5605311 1 933
8151 17565 5605321 1 938
8151 17565 5605331 1 934
8151 17565 5605341 1 932
8151 17566 5605351 1 923
8151 17566 5605361 1 915
8151 17566 5605371 1 900
8150 17566 5605381 1 864
8149 17566 5605391 1 815
8148 17566 5605401 1 753
8148 17566 5605411 1 684
8147 17566 5605421 1 646
8147 17566 5605431 1 606
8146 17566 5605441 1 524
8146 17566 5605451 1 440
8146 17566 5605461 1 397
8146 17566 5605471 1 356
8146 17566 5605481 1 275
8146 17567 5605491 1 199
8146 17567 5605501 1 130
8147 17567 5605511 1 72
8147 17567 5605521 1 61
8147 17567 5605531 1 71
8148 17567 5605541 1 69
8149 17567 5605551 1 69
8150 17567 5605561 1 68
8151 17567 5605571 1 67
8152 17567 5605581 1 66
8153 17567 5605591 1 66
8154 17567 5605601 1 65
8155 17567 5605611 1 64
8155 17567 5605621 1 63
8155 17567 5605631 1 63
8155 17566 5605641 1 96
8155 17566 5605651 1 142
8154 17566 5605661 1 193
8153 17566 5605671 1 212
8152 17565 5605681 1 218
8151 17565 5605691 1 245
8150 17565 5605701 1 302
8149 17565 5605711 1 360
8148 17565 5605721 1 421
8147 17565 5605731 1 482
8146 17565 5605741 1 542
8146 17565 5605751 1 602
8146 17565 5605761 1 661
8147 17565 5605771 1 717
8148 17565 5605781 1 745
8149 17565 5605791 1 770
8150 17565 5605801 1 819
8151 17565 5605811 1 864
8152 17565 5605821 1 885
8154 17565 5605831 1 904
8156 17564 5605841 1 937
8157 17564 5605851 1 965
8159 17564 5605861 1 988
8161 17564 5605871 1 1006
8163 17564 5605881 1 1007
8163 17564 5605891 1 1006
8164 17564 5605901 1 1006
8165 17564 5605911 1 1007
8166 17564 5605921 1 1008
8167 17564 5605931 1 1008
8167 17564 5605941 1 1008
8167 17564 5605951 1 1008
8166 17564 5605961 1 1009
8165 17564 5605971 1 1009
8164 17564 5605981 1 1009
8163 17564 5605991 1 1005
8161 17564 5606001 1 995
8159 17564 5606011 1 989
8157 17564 5606021 1 983
8156 17564 5606031 1 971
8154 17564 5606041 1 958
8153 17564 5606051 1 947
8152 17564 5606061 1 936
8151 17564 5606071 1 927
8150 17564 5606081 1 918
8149 17564 5606091 1 911
8149 17564 5606101 1 907
8148 17564 5606111 1 904
8147 17564 5606121 1 903
8147 17564 5606131 1 902
8146 17564 5606141 1 900
8146 17564 5606151 1 898
8146 17564 5606161 1 898
8146 17564 5606171 1 899
8146 17564 5606181 1 901
8146 17564 5606191 1 903
8146 17564 5606201 1 906
8146 17564 5606211 1 910
8146 17564 5606221 1 912
8147 17564 5606231 1 914
8148 17564 5606241 1 918
8148 17564 5606251 1 923
8149 17564 5606261 1 929
8150 17564 5606271 1 934
8151 17564 5606281 1 936
8152 17565 5606291 1 939
8153 17565 5606301 1 945
8154 17565 5606311 1 950
8154 17566 5606321 1 956
8155 17566 5606331 1 959
8156 17567 5606341 1 961
8156 17567 5606351 1 966
8157 17567 5606361 1 968
8157 17567 5606371 1 970
8157 17567 5606381 1 974
8158 17567 5606391 1 978
8159 17567 5606401 1 982
8159 17567 5606411 1 986
8160 17567 5606421 1 989
8161 17566 5606431 1 992
8161 17566 5606441 1 993
8162 17566 5606451 1 994
8163 17566 5606461 1 995
8163 17566 5606471 1 998
8164 17565 5606481 1 999
8164 17565 5606491 1 1001
8164 17565 5606501 1 1002
8164 17565 5606511 1 1003
8163 17565 5606521 1 1004
8162 17565 5606531 1 1003
8162 17564 5606541 1 1003
8161 17564 5606551 1 1003
8161 17564 5606561 1 1002
8160 17564 5606571 1 1001
8160 17564 5606581 1 1000
8159 17564 5606591 1 999
8159 17564 5606601 1 997
8158 17564 5606611 1 995
8158 17564 5606621 1 993
8158 17564 5606631 1 990
8159 17564 5606641 1 987
8159 17564 5606651 1 983
8160 17564 5606661 1 981
8160 17564 5606671 1 978
8161 17564 5606681 1 974
8162 17565 5606691 1 969
8163 17565 5606701 1 964
8164 17565 5606711 1 959
8165 17565 5606721 1 954
8166 17566 5606731 1 949
8166 17566 5606741 1 946
8167 17566 5606751 1 944
8167 17566 5606761 1 939
8168 17566 5606771 1 937
8168 17566 5606781 1 935
8168 17566 5606791 1 930
8169 17566 5606801 1 927
8169 17566 5606811 1 924
8169 17565 5606821 1 922
8169 17565 5606831 1 922
8169 17565 5606841 1 921
8168 17565 5606851 1 920
8168 17564 5606861 1 921
8167 17564 5606871 1 922
8165 17564 5606881 1 923
8164 17563 5606891 1 924
8162 17563 5606901 1 926
8160 17563 5606911 1 928
8158 17563 5606921 1 934
8156 17563 5606931 1 940
8154 17563 5606941 1 948
8152 17562 5606951 1 958
8151 17562 5606961 1 969
8150 17562 5606971 1 981
8149 17562 5606981 1 997
8149 17562 5606991 1 1006
8149 17563 5607001 1 1009
8149 17563 5607011 1 1009
8149 17563 5607021 1 1009
8150 17563 5607031 1 1008
8151 17563 5607041 1 1008
8152 17563 5607051 1 1008
8153 17563 5607061 1 1008
8153 17563 5607071 1 1008
8154 17563 5607081 1 1007
8155 17563 5607091 1 1006
8156 17563 5607101 1 1006
8156 17563 5607111 1 1006
8156 17563 5607121 1 1006
8156 17563 5607131 1 1006
8156 17563 5607141 1 1005
8155 17563 5607151 1 1005
8154 17563 5607161 1 1005
8153 17563 5607171 1 958
8151 17563 5607181 1 903
8150 17563 5607191 1 840
8148 17563 5607201 1 816
8146 17564 5607211 1 807
8145 17564 5607221 1 771
8143 17564 5607231 1 698
8142 17565 5607241 1 624
8141 17565 5607251 1 546
8140 17565 5607261 1 468
8139 17565 5607271 1 391
8139 17566 5607281 1 316
8139 17566 5607291 1 244
8139 17566 5607301 1 203
8140 17566 5607311 1 177
8140 17566 5607321 1 147
8142 17567 5607331 1 116
8143 17567 5607341 1 62
8145 17567 5607351 1 63
8148 17567 5607361 1 67
8150 17567 5607371 1 65
8152 17567 5607381 1 65
8155 17567 5607391 1 66
8157 17567 5607401 1 66
8159 17567 5607411 1 68
8161 17567 5607421 1 68
8163 17566 5607431 1 69
8164 17566 5607441 1 69
8165 17566 5607451 1 71
8165 17566 5607461 1 71
8166 17565 5607471 1 72
8165 17565 5607481 1 73
8165 17565 5607491 1 74
8164 17565 5607501 1 74
8163 17565 5607511 1 66
8162 17565 5607521 1 76
8161 17565 5607531 1 118
8160 17565 5607541 1 142
8159 17565 5607551 1 164
8159 17565 5607561 1 212
8158 17566 5607571 1 264
8157 17566 5607581 1 317
8157 17566 5607591 1 372
8156 17566 5607601 1 426
8156 17566 5607611 1 483
8155 17567 5607621 1 538
8155 17567 5607631 1 595
8155 17567 5607641 1 623
8154 17567 5607651 1 649
8154 17567 5607661 1 672
8154 17567 5607671 1 704
8154 17567 5607681 1 755
8155 17567 5607691 1 805
8155 17566 5607701 1 852
8155 17566 5607711 1 896
8154 17566 5607721 1 936
8154 17566 5607731 1 974
8154 17565 5607741 1 990
8154 17565 5607751 1 992
8154 17565 5607761 1 989
8154 17565 5607771 1 988
8154 17565 5607781 1 989
8154 17565 5607791 1 988
8155 17565 5607801 1 988
8155 17565 5607811 1 988
8155 17565 5607821 1 988
8155 17565 5607831 1 988
8155 17565 5607841 1 988
8154 17565 5607851 1 987
8154 17565 5607861 1 987
8154 17565 5607871 1 987
8154 17564 5607881 1 987
8154 17564 5607891 1 986
8154 17564 5607901 1 986
8154 17564 5607911 1 985
8154 17564 5607921 1 985
8154 17564 5607931 1 985
8155 17564 5607941 1 985
8156 17564 5607951 1 985
8156 17564 5607961 1 984
8157 17564 5607971 1 984
8158 17564 5607981 1 984
8158 17564 5607991 1 984
8158 17565 5608001 1 983
8157 17565 5608011 1 983
8157 17565 5608021 1 982
8156 17566 5608031 1 982
8156 17566 5608041 1 982
8155 17566 5608051 1 982
8154 17567 5608061 1 982
8154 17567 5608071 1 982
8153 17567 5608081 1 981
8153 17567 5608091 1 981
8152 17567 5608101 1 980
8152 17567 5608111 1 980
8152 17567 5608121 1 980
8152 17567 5608131 1 980
8151 17567 5608141 1 979
8151 17567 5608151 1 979
8151 17567 5608161 1 979
8150 17567 5608171 1 979
8150 17568 5608181 1 979
8149 17568 5608191 1 979
8148 17568 5608201 1 978
8147 17568 5608211 1 978
8146 17569 5608221 1 977
8145 17569 5608231 1 977
8144 17569 5608241 1 977
8144 17569 5608251 1 977
8143 17569 5608261 1 977
8142 17570 5608271 1 976
8141 17570 5608281 1 976
8141 17570 5608291 1 976
8141 17570 5608301 1 976
8141 17570 5608311 1 976
8142 17570 5608321 1 976
8143 17569 5608331 1 975
8144 17569 5608341 1 974
8146 17568 5608351 1 974
8147 17568 5608361 1 974
8148 17567 5608371 1 974
8150 17567 5608381 1 974
8151 17566 5608391 1 973
8153 17566 5608401 1 973
8154 17565 5608411 1 973
8156 17565 5608421 1 973
8157 17564 5608431 1 973
8158 17564 5608441 1 973
8159 17563 5608451 1 972
8159 17563 5608461 1 971
8159 17563 5608471 1 971
8159 17563 5608481 1 971
8158 17563 5608491 1 971
8157 17563 5608501 1 971
8156 17563 5608511 1 971
8154 17563 5608521 1 970
8153 17563 5608531 1 970
8151 17564 5608541 1 970
8149 17564 5608551 1 969
8148 17565 5608561 1 969
8147 17565 5608571 1 969
8146 17565 5608581 1 968
8145 17565 5608591 1 968
8145 17565 5608601 1 968
8145 17565 5608611 1 968
8145 17565 5608621 1 968
8145 17565 5608631 1 968
8146 17565 5608641 1 967
8146 17565 5608651 1 967
8147 17565 5608661 1 967
8148 17565 5608671 1 966
8149 17565 5608681 1 966
8151 17565 5608691 1 966
8152 17565 5608701 1 965
8153 17564 5608711 1 965
8153 17564 5608721 1 965
8155 17564 5608731 1 965
8156 17564 5608741 1 965
8157 17564 5608751 1 965
8158 17564 5608761 1 965
8159 17564 5608771 1 964
8160 17564 5608781 1 964
8160 17564 5608791 1 963
8160 17565 5608801 1 922
8159 17565 5608811 1 842
8158 17565 5608821 1 758
8157 17565 5608831 1 674
8155 17566 5608841 1 591
8154 17566 5608851 1 549
8152 17566 5608861 1 511
8151 17566 5608871 1 435
8150 17566 5608881 1 365
8149 17566 5608891 1 332
8149 17566 5608901 1 303
8148 17566 5608911 1 251
8148 17565 5608921 1 211
8148 17565 5608931 1 174
8147 17565 5608941 1 175
8147 17565 5608951 1 176
8146 17565 5608961 1 176
8146 17564 5608971 1 177
8146 17564 5608981 1 178
8146 17564 5608991 1 178
8146 17563 5609001 1 179
8147 17563 5609011 1 180
8147 17563 5609021 1 180
8147 17563 5609031 1 182
8148 17563 5609041 1 182
8148 17563 5609051 1 183
8149 17563 5609061 1 183
8150 17563 5609071 1 183
8151 17562 5609081 1 185
8152 17561 5609091 1 193
8153 17560 5609101 1 210
8155 17558 5609111 1 235
8157 17555 5609121 1 266
8158 17551 5609131 1 304
8160 17545 5609141 1 346
8161 17538 5609151 1 392
8161 17529 5609161 1 441
8160 17520 5609171 1 467
8159 17514 5609181 1 480
8156 17509 5609191 1 493
8150 17500 5609201 1 515
8143 17492 5609211 1 547
8134 17486 5609221 1 600
8125 17483 5609231 1 652
8117 17481 5609241 1 704
8110 17482 5609251 1 752
8104 17483 5609261 1 797
8099 17485 5609271 1 838
8095 17486 5609281 1 875
8092 17488 5609291 1 892
8089 17489 5609301 1 904
8088 17490 5609311 1 928
8087 17491 5609321 1 944
8086 17492 5609331 1 951
8086 17492 5609341 1 950
8085 17492 5609351 1 949
8085 17492 5609361 1 950
8086 17491 5609371 1 949
8088 17487 5609381 1 949
8091 17481 5609391 1 949
8094 17475 5609401 1 949
8095 17469 5609411 1 949
8095 17465 5609421 1 949
8091 17462 5609431 1 948
8085 17462 5609441 1 948
8077 17464 5609451 1 948
8067 17469 5609461 1 947
8056 17478 5609471 1 947
8046 17490 5609481 1 947
8039 17505 5609491 1 947
8034 17522 5609501 1 946
8033 17540 5609511 1 946
8034 17559 5609521 1 946
8038 17577 5609531 1 946
8044 17595 5609541 1 946
8052 17611 5609551 1 946
8061 17625 5609561 1 945
8072 17636 5609571 1 944
8084 17645 5609581 1 944
8096 17650 5609591 1 944
8108 17653 5609601 1 944
8119 17652 5609611 1 944
8129 17648 5609621 1 944
8139 17641 5609631 1 943
8146 17632 5609641 1 943
8150 17627 5609651 1 943
8153 17620 5609661 1 943
8158 17607 5609671 1 943
8160 17592 5609681 1 942
8161 17576 5609691 1 942
8158 17560 5609701 1 942
8153 17545 5609711 1 941
8146 17531 5609721 1 941
8137 17520 5609731 1 941
8128 17511 5609741 1 941
8119 17505 5609751 1 941
8112 17501 5609761 1 941
8107 17498 5609771 1 940
8107 17493 5609781 1 940
8114 17491 5609791 1 939
8119 17494 5609801 1 939
8121 17497 5609811 1 939
8121 17499 5609821 1 939
8122 17499 5609831 1 939
8121 17500 5609841 1 939
8121 17500 5609851 1 938
8120 17501 5609861 1 938
8119 17501 5609871 1 938
8117 17501 5609881 1 938
8115 17501 5609891 1 937
8112 17501 5609901 1 937
8110 17501 5609911 1 937
8107 17501 5609921 1 936
8105 17501 5609931 1 936
8103 17501 5609941 1 936
8101 17501 5609951 1 936
8100 17501 5609961 1 936
8099 17501 5609971 1 936
8098 17501 5609981 1 935
8098 17501 5609991 1 934
8097 17501 5610001 1 934
8097 17501 5610011 1 934
8097 17501 5610021 1 934
8097 17502 5610031 1 934
8098 17502 5610041 1 934
8098 17502 5610051 1 933
8099 17502 5610061 1 933
8100 17502 5610071 1 932
8100 17502 5610081 1 932
8101 17502 5610091 1 932
8101 17502 5610101 1 932
8102 17502 5610111 1 932
8102 17502 5610121 1 932
8102 17502 5610131 1 931
8103 17502 5610141 1 931
8103 17502 5610151 1 931
8103 17502 5610161 1 930
8103 17502 5610171 1 930
8102 17502 5610181 1 930
8102 17502 5610191 1 930
8101 17502 5610201 1 930
8100 17502 5610211 1 929
8099 17501 5610221 1 929
8097 17501 5610231 1 929
8095 17501 5610241 1 929
8094 17501 5610251 1 929
8092 17501 5610261 1 928
8091 17501 5610271 1 928
8089 17501 5610281 1 927
8088 17501 5610291 1 927
8087 17501 5610301 1 927
8086 17501 5610311 1 927
