8120 17413 8997409 1 540
8120 17413 8997419 1 550
8120 17413 8997429 1 554
8120 17413 8997439 1 556
8120 17413 8997449 1 557
8120 17414 8997459 1 560
8120 17414 8997469 1 561
8120 17415 8997479 1 562
8121 17415 8997489 1 563
8121 17414 8997499 1 565
8122 17413 8997509 1 566
8123 17411 8997519 1 568
8124 17409 8997529 1 571
8124 17406 8997539 1 571
8124 17402 8997549 1 572
8123 17398 8997559 1 575
8122 17396 8997569 1 576
8122 17394 8997579 1 577
8121 17389 8997589 1 578
8119 17384 8997599 1 580
8118 17379 8997609 1 580
8117 17374 8997619 1 581
8115 17369 8997629 1 583
8114 17364 8997639 1 584
8114 17360 8997649 1 587
8113 17357 8997659 1 590
8112 17355 8997669 1 591
8112 17354 8997679 1 592
8112 17353 8997689 1 593
8111 17353 8997699 1 595
8110 17353 8997709 1 596
8110 17353 8997719 1 598
8109 17354 8997729 1 598
8109 17355 8997739 1 598
8109 17357 8997749 1 599
8109 17360 8997759 1 601
8109 17364 8997769 1 604
8109 17367 8997779 1 606
8109 17371 8997789 1 608
8109 17374 8997799 1 609
8109 17378 8997809 1 609
8109 17381 8997819 1 611
8108 17385 8997829 1 612
8108 17388 8997839 1 614
8107 17391 8997849 1 615
8107 17393 8997859 1 616
8106 17395 8997869 1 617
8105 17397 8997879 1 620
8104 17397 8997889 1 622
8104 17398 8997899 1 623
8103 17399 8997909 1 624
8102 17400 8997919 1 626
8101 17401 8997929 1 626
8100 17402 8997939 1 627
8100 17403 8997949 1 629
8100 17404 8997959 1 630
8100 17405 8997969 1 632
8100 17406 8997979 1 633
8101 17408 8997989 1 634
8102 17410 8997999 1 636
8104 17411 8998009 1 639
8105 17413 8998019 1 640
8106 17415 8998029 1 642
8107 17416 8998039 1 643
8107 17416 8998049 1 644
8107 17417 8998059 1 644
8108 17418 8998069 1 645
8108 17418 8998079 1 646
8108 17418 8998089 1 648
8108 17418 8998099 1 649
8108 17418 8998109 1 652
8109 17417 8998119 1 654
8109 17416 8998129 1 655
8109 17415 8998139 1 656
8109 17413 8998149 1 658
8109 17410 8998159 1 659
8108 17408 8998169 1 660
8107 17405 8998179 1 661
8107 17404 8998189 1 662
8106 17402 8998199 1 663
8106 17402 8998209 1 664
8106 17401 8998219 1 665
8105 17400 8998229 1 668
8106 17399 8998239 1 669
8106 17397 8998249 1 670
8106 17394 8998259 1 672
8107 17391 8998269 1 673
8107 17388 8998279 1 675
8107 17384 8998289 1 676
8107 17380 8998299 1 678
8107 17375 8998309 1 678
8107 17370 8998319 1 679
8107 17364 8998329 1 681
8108 17358 8998339 1 683
8108 17352 8998349 1 685
8109 17346 8998359 1 686
8109 17344 8998369 1 687
8110 17341 8998379 1 688
8110 17337 8998389 1 689
8111 17333 8998399 1 690
8112 17329 8998409 1 692
8114 17325 8998419 1 693
8115 17321 8998429 1 695
8116 17317 8998439 1 695
8118 17313 8998449 1 696
8119 17309 8998459 1 699
8120 17305 8998469 1 700
8121 17302 8998479 1 702
8122 17298 8998489 1 703
8123 17295 8998499 1 704
8124 17291 8998509 1 705
8125 17288 8998519 1 707
8125 17286 8998529 1 708
8126 17284 8998539 1 709
8127 17280 8998549 1 710
8128 17275 8998559 1 712
8129 17271 8998569 1 713
8128 17267 8998579 1 714
8128 17263 8998589 1 716
8126 17259 8998599 1 717
8125 17256 8998609 1 719
8123 17253 8998619 1 720
8122 17251 8998629 1 721
8120 17248 8998639 1 721
8118 17246 8998649 1 723
8117 17243 8998659 1 725
8115 17241 8998669 1 727
8113 17239 8998679 1 730
8113 17238 8998689 1 731
8112 17238 8998699 1 731
8111 17238 8998709 1 731
8110 17239 8998719 1 732
8109 17242 8998729 1 734
8109 17246 8998739 1 735
8109 17251 8998749 1 737
8108 17257 8998759 1 737
8108 17264 8998769 1 738
8107 17272 8998779 1 739
8106 17280 8998789 1 741
8106 17289 8998799 1 745
8106 17297 8998809 1 746
8106 17306 8998819 1 747
8106 17315 8998829 1 747
8107 17323 8998839 1 749
8107 17327 8998849 1 750
8108 17331 8998859 1 750
8108 17337 8998869 1 752
8109 17342 8998879 1 753
8109 17347 8998889 1 754
8110 17350 8998899 1 754
8110 17352 8998909 1 756
8111 17354 8998919 1 758
8113 17355 8998929 1 760
8115 17355 8998939 1 762
8117 17355 8998949 1 763
8119 17355 8998959 1 764
8121 17354 8998969 1 765
8123 17353 8998979 1 767
8125 17351 8998989 1 768
8127 17350 8998999 1 769
8127 17349 8999009 1 770
8128 17348 8999019 1 770
8130 17347 8999029 1 771
8132 17347 8999039 1 773
8134 17348 8999049 1 775
8137 17349 8999059 1 776
8140 17350 8999069 1 777
8143 17353 8999079 1 778
8147 17355 8999089 1 779
8150 17357 8999099 1 781
8154 17360 8999109 1 783
8158 17362 8999119 1 784
8162 17365 8999129 1 785
8166 17367 8999139 1 787
8170 17370 8999149 1 788
8174 17373 8999159 1 789
8176 17375 8999169 1 790
8178 17376 8999179 1 791
8181 17379 8999189 1 792
8184 17382 8999199 1 793
8187 17386 8999209 1 794
8189 17389 8999219 1 795
8191 17391 8999229 1 796
8193 17394 8999239 1 797
8195 17396 8999249 1 799
8196 17397 8999259 1 803
8196 17397 8999269 1 804
8196 17397 8999279 1 804
8196 17396 8999289 1 805
8197 17395 8999299 1 806
8197 17394 8999309 1 808
8198 17392 8999319 1 809
8198 17392 8999329 1 810
8198 17391 8999339 1 810
8199 17390 8999349 1 810
8200 17389 8999359 1 812
8201 17387 8999369 1 813
8203 17386 8999379 1 816
8204 17385 8999389 1 817
8206 17385 8999399 1 818
8208 17384 8999409 1 818
8210 17384 8999419 1 820
8212 17384 8999429 1 822
8214 17385 8999439 1 824
8216 17385 8999449 1 825
8217 17386 8999459 1 826
8218 17387 8999469 1 826
8219 17388 8999479 1 827
8219 17389 8999489 1 829
8219 17390 8999499 1 830
8219 17392 8999509 1 831
8218 17395 8999519 1 833
8218 17398 8999529 1 833
8217 17400 8999539 1 834
8217 17403 8999549 1 835
8216 17404 8999559 1 836
8215 17405 8999569 1 838
8213 17406 8999579 1 839
8212 17406 8999589 1 839
8210 17405 8999599 1 840
8208 17404 8999609 1 844
8205 17403 8999619 1 845
8203 17401 8999629 1 847
8202 17400 8999639 1 848
8201 17399 8999649 1 848
8200 17398 8999659 1 849
8199 17396 8999669 1 849
8198 17394 8999679 1 851
8197 17392 8999689 1 852
8195 17390 8999699 1 853
8194 17388 8999709 1 854
8194 17386 8999719 1 856
8193 17385 8999729 1 857
8192 17383 8999739 1 858
8192 17381 8999749 1 859
8192 17380 8999759 1 861
8193 17379 8999769 1 862
8193 17379 8999779 1 862
8194 17379 8999789 1 863
8195 17380 8999799 1 866
8195 17380 8999809 1 867
8196 17381 8999819 1 867
8197 17382 8999829 1 868
8198 17383 8999839 1 871
8199 17385 8999849 1 872
8200 17386 8999859 1 872
8201 17387 8999869 1 873
8202 17389 8999879 1 875
8203 17390 8999889 1 876
8204 17390 8999899 1 877
8205 17390 8999909 1 878
8206 17390 8999919 1 878
8206 17389 8999929 1 880
8206 17388 8999939 1 881
8205 17387 8999949 1 883
8204 17386 8999959 1 885
8204 17385 8999969 1 885
8203 17385 8999979 1 885
8202 17385 8999989 1 886
8200 17386 8999999 1 887
8198 17386 9000009 1 890
8196 17388 9000019 1 891
8194 17389 9000029 1 892
8192 17391 9000039 1 893
8190 17393 9000049 1 893
8188 17394 9000059 1 894
8186 17396 9000069 1 897
8184 17397 9000079 1 898
8181 17399 9000089 1 899
8179 17400 9000099 1 900
8177 17401 9000109 1 901
8175 17401 9000119 1 902
8174 17402 9000129 1 902
8174 17402 9000139 1 903
8172 17403 9000149 1 904
8171 17403 9000159 1 905
8171 17403 9000169 1 906
8171 17403 9000179 1 907
8171 17403 9000189 1 909
8171 17402 9000199 1 910
8171 17401 9000209 1 912
8171 17400 9000219 1 913
8172 17398 9000229 1 914
8173 17396 9000239 1 915
8174 17395 9000249 1 916
8175 17393 9000259 1 918
8177 17392 9000269 1 919
8179 17391 9000279 1 920
8180 17390 9000289 1 921
8181 17390 9000299 1 921
8184 17390 9000309 1 922
8187 17391 9000319 1 924
8190 17392 9000329 1 925
8193 17393 9000339 1 926
8195 17394 9000349 1 927
8197 17394 9000359 1 928
8199 17394 9000369 1 928
8200 17395 9000379 1 930
8201 17396 9000389 1 931
8202 17397 9000399 1 932
8202 17399 9000409 1 934
8202 17400 9000419 1 935
8202 17402 9000429 1 936
8202 17404 9000439 1 937
8202 17405 9000449 1 937
8202 17406 9000459 1 938
8202 17408 9000469 1 939
8202 17410 9000479 1 940
8203 17412 9000489 1 941
8203 17413 9000499 1 942
8204 17414 9000509 1 944
8204 17414 9000519 1 945
8205 17414 9000529 1 948
8205 17415 9000539 1 949
8205 17415 9000549 1 949
8205 17416 9000559 1 950
8204 17416 9000569 1 951
8204 17416 9000579 1 952
8204 17416 9000589 1 953
8203 17416 9000599 1 955
8202 17415 9000609 1 955
8202 17415 9000619 1 955
8201 17414 9000629 1 956
8201 17413 9000639 1 957
8200 17411 9000649 1 959
8199 17410 9000659 1 960
8199 17408 9000669 1 962
8198 17407 9000679 1 962
8197 17405 9000689 1 963
8196 17404 9000699 1 964
8194 17402 9000709 1 965
8193 17401 9000719 1 966
8192 17400 9000729 1 967
8191 17398 9000739 1 968
8190 17397 9000749 1 968
8189 17395 9000759 1 971
8189 17394 9000769 1 971
8189 17393 9000779 1 972
8189 17390 9000789 1 974
8190 17388 9000799 1 976
8191 17385 9000809 1 976
8192 17383 9000819 1 977
8194 17381 9000829 1 978
8196 17379 9000839 1 979
8198 17377 9000849 1 980
8200 17375 9000859 1 981
8201 17374 9000869 1 982
8203 17374 9000879 1 984
8204 17375 9000889 1 985
8204 17378 9000899 1 986
8204 17381 9000909 1 987
8204 17385 9000919 1 988
8204 17387 9000929 1 988
8204 17390 9000939 1 989
8203 17395 9000949 1 989
8202 17400 9000959 1 990
8201 17405 9000969 1 991
8199 17410 9000979 1 993
8197 17414 9000989 1 995
8195 17418 9000999 1 996
8192 17422 9001009 1 996
8189 17425 9001019 1 997
8186 17428 9001029 1 998
8183 17432 9001039 1 999
8180 17435 9001049 1 1000
8177 17438 9001059 1 1001
8174 17441 9001069 1 1002
8172 17444 9001079 1 1003
8171 17445 9001089 1 1003
8170 17446 9001099 1 1004
8169 17449 9001109 1 1007
8167 17450 9001119 1 1010
8166 17451 9001129 1 1010
8166 17452 9001139 1 1011
8165 17451 9001149 1 1012
8165 17450 9001159 1 1013
8165 17448 9001169 1 1013
8165 17446 9001179 1 1010
8166 17444 9001189 1 1010
8166 17441 9001199 1 1009
8167 17438 9001209 1 1005
8168 17435 9001219 1 998
8168 17431 9001229 1 993
8169 17428 9001239 1 989
8169 17427 9001249 1 988
8169 17425 9001259 1 987
8170 17423 9001269 1 984
8170 17421 9001279 1 980
8171 17420 9001289 1 976
8172 17418 9001299 1 972
8173 17417 9001309 1 970
8174 17415 9001319 1 969
8175 17414 9001329 1 967
8176 17412 9001339 1 966
8176 17411 9001349 1 967
8177 17411 9001359 1 970
8176 17410 9001369 1 974
8176 17410 9001379 1 977
8175 17409 9001389 1 980
8173 17409 9001399 1 987
8173 17409 9001409 1 991
8172 17408 9001419 1 996
8170 17408 9001429 1 1008
8169 17408 9001439 1 1022
8167 17409 9001449 1 1024
8166 17409 9001459 1 1024
8164 17410 9001469 1 989
8163 17411 9001479 1 1024
8162 17412 9001489 1 1024
8161 17413 9001499 1 1024
8161 17414 9001509 1 982
8161 17414 9001519 1 1024
8162 17414 9001529 1 1024
8162 17413 9001539 0 0
8163 17413 9001549 0 0
8164 17411 9001559 0 0
8165 17410 9001569 0 0
8165 17409 9001579 0 0
8166 17407 9001589 0 0
8167 17405 9001599 0 0
8168 17403 9001609 0 0
8169 17401 9001619 0 0
8170 17399 9001629 0 0
8171 17398 9001639 0 0
8171 17396 9001649 0 0
8172 17394 9001659 0 0
8172 17393 9001669 0 0
8172 17392 9001679 0 0
8172 17392 9001689 0 0
8172 17392 9001699 0 0
8172 17393 9001709 0 0
8173 17394 9001719 0 0
8173 17394 9001729 0 0
8174 17394 9001739 0 0
8176 17394 9001749 0 0
8178 17394 9001759 0 0
8180 17393 9001769 0 0
8182 17393 9001779 0 0
8185 17392 9001789 0 0
8187 17392 9001799 0 0
8190 17391 9001809 0 0
8192 17391 9001819 0 0
8194 17392 9001829 0 0
8195 17393 9001839 0 0
8197 17395 9001849 0 0
8198 17397 9001859 0 0
8199 17398 9001869 0 0
8200 17400 9001879 0 0
8200 17401 9001889 0 0
8201 17402 9001899 0 0
8202 17403 9001909 0 0
8204 17404 9001919 0 0
8206 17404 9001929 0 0
8208 17403 9001939 1 102
8211 17403 9001949 1 605
8213 17402 9001959 1 938
8215 17402 9001969 1 1024
8218 17401 9001979 1 1024
8220 17400 9001989 1 1024
8223 17399 9001999 1 1024
8225 17398 9002009 1 1024
8228 17397 9002019 1 1024
8232 17395 9002029 1 1024
8235 17392 9002039 1 1024
8237 17391 9002049 1 1024
8238 17389 9002059 1 1024
8241 17386 9002069 1 1024
8244 17383 9002079 1 1024
8247 17379 9002089 1 1024
8249 17376 9002099 1 1024
8252 17372 9002109 1 1024
8254 17369 9002119 1 1024
8256 17366 9002129 1 1024
8258 17363 9002139 1 1024
8259 17361 9002149 1 1024
8260 17360 9002159 1 1024
8261 17359 9002169 1 1024
8261 17359 9002179 1 1024
8262 17359 9002189 1 1024
8262 17360 9002199 1 1024
8262 17360 9002209 1 1024
8262 17361 9002219 1 1024
8261 17361 9002229 1 1024
8261 17362 9002239 1 1024
8261 17363 9002249 1 1024
8260 17363 9002259 1 1024
8259 17364 9002269 1 1024
8258 17364 9002279 1 1024
8257 17365 9002289 1 1024
8255 17365 9002299 1 1024
8254 17365 9002309 1 1024
8252 17366 9002319 1 1024
8250 17367 9002329 1 1024
8247 17368 9002339 1 1024
8245 17370 9002349 1 1024
8242 17372 9002359 1 1024
8241 17373 9002369 1 1024
8240 17374 9002379 1 1024
8237 17376 9002389 1 1024
8235 17379 9002399 1 1024
8233 17381 9002409 1 1024
8231 17383 9002419 1 1024
8229 17384 9002429 1 1024
8227 17385 9002439 1 1024
8226 17385 9002449 1 1024
8225 17385 9002459 1 1024
8225 17384 9002469 1 1024
8225 17383 9002479 1 1024
8224 17381 9002489 1 1024
8224 17379 9002499 1 1024
8224 17377 9002509 1 1024
8224 17375 9002519 1 1024
8224 17375 9002529 1 1024
8224 17374 9002539 1 1024
8224 17374 9002549 1 1024
8224 17374 9002559 1 1024
8224 17375 9002569 1 1024
8223 17376 9002579 1 1024
8223 17378 9002589 1 1024
8223 17381 9002599 1 1024
8222 17383 9002609 1 1024
8221 17385 9002619 1 1024
8220 17387 9002629 1 1024
8219 17389 9002639 1 1024
8217 17391 9002649 1 1024
8216 17393 9002659 1 1024
8214 17394 9002669 1 1024
8213 17396 9002679 1 1024
8212 17397 9002689 1 1024
8212 17398 9002699 1 1017
8211 17399 9002709 1 892
8211 17401 9002719 1 658
8211 17402 9002729 1 576
8211 17403 9002739 1 551
8212 17405 9002749 1 448
8213 17406 9002759 1 351
8213 17407 9002769 1 259
8214 17407 9002779 1 171
8215 17407 9002789 1 128
8216 17407 9002799 1 90
8216 17407 9002809 1 14
8217 17406 9002819 0 0
8218 17404 9002829 0 0
8219 17402 9002839 0 0
8220 17401 9002849 0 0
8220 17399 9002859 0 0
8222 17396 9002869 0 0
8223 17393 9002879 0 0
8224 17391 9002889 0 0
8226 17389 9002899 0 0
8227 17387 9002909 0 0
8228 17386 9002919 0 0
8230 17385 9002929 0 0
8231 17386 9002939 0 0
8231 17386 9002949 0 0
8232 17388 9002959 0 0
8232 17389 9002969 0 0
8232 17392 9002979 0 0
8232 17394 9002989 0 0
8232 17396 9002999 0 0
8231 17397 9003009 0 0
8231 17398 9003019 0 0
8230 17400 9003029 0 0
8229 17402 9003039 0 0
8228 17404 9003049 0 0
8227 17405 9003059 0 0
8226 17407 9003069 0 0
8225 17409 9003079 0 0
8225 17411 9003089 0 0
8224 17413 9003099 0 0
8224 17415 9003109 0 0
8224 17417 9003119 0 0
8224 17417 9003129 0 0
8225 17418 9003139 0 0
8225 17419 9003149 0 0
8226 17419 9003159 0 0
8227 17420 9003169 0 0
8227 17420 9003179 0 0
8229 17421 9003189 0 0
8231 17422 9003199 0 0
8233 17423 9003209 0 0
8236 17424 9003219 0 0
8238 17425 9003229 0 0
8240 17426 9003239 0 0
8242 17426 9003249 0 0
8244 17427 9003259 0 0
8246 17427 9003269 0 0
8247 17427 9003279 0 0
8249 17427 9003289 0 0
8250 17427 9003299 0 0
8252 17427 9003309 0 0
8253 17427 9003319 1 35
8254 17426 9003329 1 57
8255 17426 9003339 1 78
8256 17425 9003349 1 123
8258 17424 9003359 1 166
8260 17423 9003369 1 188
8262 17421 9003379 1 211
8264 17419 9003389 1 255
8266 17417 9003399 1 299
8268 17415 9003409 1 388
8269 17413 9003419 1 433
8270 17412 9003429 1 452
8271 17412 9003439 1 476
8272 17411 9003449 1 519
8272 17411 9003459 1 563
8272 17411 9003469 1 605
8272 17410 9003479 1 647
8272 17410 9003489 1 664
8271 17410 9003499 1 670
8270 17409 9003509 1 688
8269 17408 9003519 1 727
8267 17407 9003529 1 805
8266 17406 9003539 1 842
8265 17404 9003549 1 879
8264 17402 9003559 1 897
8262 17400 9003569 1 913
8261 17397 9003579 1 946
8259 17395 9003589 1 978
8257 17393 9003599 1 1009
8255 17392 9003609 1 1024
8253 17390 9003619 1 1024
8252 17389 9003629 1 1024
8250 17387 9003639 1 1024
8249 17386 9003649 1 1024
8248 17384 9003659 1 1024
8247 17382 9003669 1 1024
8246 17380 9003679 1 1024
8246 17378 9003689 1 1024
8245 17376 9003699 1 1024
8245 17374 9003709 1 1024
8245 17372 9003719 1 1024
8246 17369 9003729 1 1024
8247 17367 9003739 1 1024
8248 17365 9003749 1 1024
8249 17363 9003759 1 1024
8250 17362 9003769 1 1024
8252 17361 9003779 1 1024
8253 17361 9003789 1 1024
8254 17362 9003799 1 1024
8255 17362 9003809 1 1024
8256 17363 9003819 1 1024
8257 17364 9003829 1 1024
8258 17366 9003839 1 1024
8259 17367 9003849 1 1024
8260 17369 9003859 1 1024
8261 17370 9003869 1 1024
8262 17372 9003879 1 1024
8263 17373 9003889 1 1024
8263 17374 9003899 1 1024
8264 17375 9003909 1 1024
8264 17376 9003919 1 1024
8265 17378 9003929 1 1024
8265 17380 9003939 1 1024
8265 17383 9003949 1 1024
8266 17385 9003959 1 1024
8266 17386 9003969 1 1024
8266 17388 9003979 1 1024
8266 17391 9003989 1 1024
8266 17393 9003999 1 1024
8265 17396 9004009 1 1024
8265 17398 9004019 1 1024
8265 17400 9004029 1 1024
8264 17401 9004039 1 1024
8263 17402 9004049 1 1024
8262 17402 9004059 1 1024
8261 17403 9004069 1 1024
8259 17404 9004079 1 1024
8257 17405 9004089 1 1024
8254 17406 9004099 1 1024
8251 17407 9004109 1 1024
8248 17408 9004119 1 1024
8247 17408 9004129 1 1024
8245 17409 9004139 1 1024
8242 17410 9004149 1 1024
8238 17411 9004159 1 1024
8235 17413 9004169 1 1024
8232 17414 9004179 1 1024
8229 17415 9004189 1 1024
8226 17416 9004199 1 1024
8224 17416 9004209 1 1024
8222 17417 9004219 1 1024
8220 17417 9004229 1 1024
8219 17418 9004239 1 1024
8218 17418 9004249 1 1024
8216 17418 9004259 0 0
8216 17418 9004269 0 0
8215 17418 9004279 0 0
8215 17418 9004289 0 0
8214 17417 9004299 0 0
8214 17417 9004309 0 0
8213 17416 9004319 0 0
8213 17416 9004329 0 0
8212 17416 9004339 0 0
8212 17416 9004349 0 0
8212 17416 9004359 0 0
8212 17416 9004369 0 0
8212 17416 9004379 1 7
8213 17416 9004389 1 25
8214 17417 9004399 1 50
8215 17418 9004409 1 83
8216 17419 9004419 1 123
8217 17420 9004429 1 169
8218 17422 9004439 1 219
8219 17422 9004449 1 273
8220 17423 9004459 1 331
8221 17425 9004469 1 390
8222 17426 9004479 1 451
8224 17427 9004489 1 513
8225 17427 9004499 1 574
8226 17427 9004509 1 634
8228 17427 9004519 1 691
8229 17426 9004529 1 745
8230 17424 9004539 1 796
8231 17422 9004549 1 841
8232 17420 9004559 1 881
8232 17417 9004569 1 914
8232 17414 9004579 1 940
8232 17411 9004589 1 962
8232 17407 9004599 1 995
8232 17406 9004609 1 1010
8232 17404 9004619 1 1017
8232 17401 9004629 1 1024
8231 17399 9004639 1 1024
8231 17397 9004649 1 1024
8230 17396 9004659 1 1024
8230 17395 9004669 1 1024
8229 17394 9004679 1 1024
8229 17394 9004689 1 1024
8229 17394 9004699 1 1024
8230 17395 9004709 1 1024
8231 17395 9004719 1 1024
8231 17396 9004729 1 1024
8232 17397 9004739 1 1024
8233 17398 9004749 1 1024
8234 17398 9004759 1 1024
8235 17399 9004769 1 1024
8235 17399 9004779 1 1024
8236 17399 9004789 1 1024
8237 17400 9004799 1 1024
8238 17400 9004809 1 1024
8239 17400 9004819 1 1024
8240 17400 9004829 1 1024
8241 17400 9004839 1 1024
8243 17400 9004849 1 1024
8244 17400 9004859 1 1024
8245 17400 9004869 1 1024
8246 17400 9004879 1 1024
8247 17400 9004889 1 1024
8248 17400 9004899 1 1024
8248 17400 9004909 1 1024
8249 17400 9004919 1 1024
8249 17401 9004929 1 1024
8249 17401 9004939 1 1024
8249 17402 9004949 1 1024
8249 17404 9004959 1 1024
8249 17406 9004969 1 1024
8248 17408 9004979 1 1024
8248 17410 9004989 1 1024
8247 17412 9004999 1 1024
8247 17414 9005009 1 1024
8247 17416 9005019 1 1024
8246 17417 9005029 1 1024
8246 17418 9005039 1 1024
8245 17418 9005049 1 1024
8245 17418 9005059 1 1024
8244 17418 9005069 1 1024
8243 17418 9005079 1 1024
8242 17418 9005089 1 1024
8241 17417 9005099 1 1024
8240 17417 9005109 1 1024
8239 17416 9005119 1 1024
8238 17416 9005129 1 1024
8237 17416 9005139 1 1024
8236 17415 9005149 1 1024
8235 17415 9005159 1 1024
8235 17414 9005169 1 1024
8235 17413 9005179 1 1024
8235 17412 9005189 1 1024
8235 17411 9005199 1 1024
8235 17410 9005209 1 1024
8235 17409 9005219 1 1024
8236 17408 9005229 1 1024
8236 17408 9005239 1 1024
8236 17408 9005249 1 1024
8237 17408 9005259 1 1024
8237 17408 9005269 1 1024
8238 17408 9005279 1 1024
8239 17408 9005289 1 1024
8239 17408 9005299 1 1024
8240 17408 9005309 1 1024
8241 17409 9005319 1 1024
8241 17410 9005329 1 1024
8242 17412 9005339 1 1024
8243 17413 9005349 1 1024
8244 17414 9005359 1 1024
8244 17414 9005369 1 1024
8244 17413 9005379 1 1024
8244 17412 9005389 1 1024
8243 17411 9005399 1 1024
8243 17410 9005409 1 1024
8243 17409 9005419 1 1024
8242 17407 9005429 1 1024
8241 17406 9005439 1 1024
8241 17404 9005449 1 1024
8240 17402 9005459 1 1024
8239 17400 9005469 1 1024
8239 17398 9005479 1 1024
8238 17396 9005489 1 1024
8237 17395 9005499 1 1024
8235 17394 9005509 1 1024
8234 17393 9005519 1 1024
8234 17393 9005529 1 1024
8233 17393 9005539 1 1024
8234 17393 9005549 1 1024
8234 17393 9005559 1 1024
8235 17393 9005569 1 1024
8236 17393 9005579 1 1024
8238 17392 9005589 1 1024
8240 17392 9005599 1 1024
8242 17391 9005609 1 1024
8244 17390 9005619 1 1024
8246 17390 9005629 1 1024
8247 17389 9005639 1 1024
8248 17388 9005649 1 1024
8249 17388 9005659 1 1024
8250 17387 9005669 1 1024
8250 17387 9005679 1 1024
8251 17387 9005689 1 1024
8251 17387 9005699 1 1024
8251 17388 9005709 1 1024
8250 17389 9005719 1 1024
8250 17390 9005729 1 1024
8250 17391 9005739 1 1024
8249 17392 9005749 1 1024
8248 17394 9005759 1 1024
8246 17395 9005769 1 1024
8245 17395 9005779 1 1024
8244 17394 9005789 1 1024
8243 17393 9005799 1 1024
8243 17392 9005809 1 1024
8244 17391 9005819 1 1024
8244 17390 9005829 1 1024
8246 17390 9005839 1 1024
8247 17390 9005849 1 1024
8249 17392 9005859 1 1024
8252 17393 9005869 1 1024
8254 17395 9005879 1 1024
8255 17396 9005889 1 1024
8256 17398 9005899 1 1024
8258 17401 9005909 1 1024
8261 17404 9005919 1 1024
8263 17407 9005929 1 1024
8264 17410 9005939 1 1024
8266 17413 9005949 1 1024
8267 17416 9005959 1 1024
8268 17418 9005969 1 1024
8268 17420 9005979 1 1024
8268 17422 9005989 1 1024
8268 17424 9005999 1 1024
8267 17425 9006009 1 1024
8267 17427 9006019 1 1024
8266 17428 9006029 1 1024
8265 17429 9006039 1 1024
8265 17429 9006049 1 1024
8265 17430 9006059 1 1024
8264 17430 9006069 1 1024
8264 17430 9006079 1 1024
8265 17431 9006089 1 1024
8265 17431 9006099 1 1024
8265 17432 9006109 1 1024
8266 17433 9006119 1 1024
8265 17434 9006129 1 1024
8265 17435 9006139 1 1024
8264 17436 9006149 1 1024
8262 17437 9006159 1 1024
8261 17437 9006169 1 1024
8259 17437 9006179 1 1024
8257 17437 9006189 1 1024
8255 17436 9006199 1 1024
8255 17436 9006209 1 1024
8254 17436 9006219 1 1024
8254 17435 9006229 1 1024
8253 17433 9006239 1 1024
8254 17432 9006249 1 1024
8254 17431 9006259 1 1024
8255 17429 9006269 1 1024
8257 17427 9006279 1 1024
8258 17424 9006289 1 1024
8261 17422 9006299 1 1024
8263 17419 9006309 1 1024
8265 17417 9006319 1 1024
8267 17413 9006329 1 1024
8269 17410 9006339 1 1024
8270 17407 9006349 1 1024
8272 17404 9006359 1 1024
8272 17403 9006369 1 1024
8273 17402 9006379 1 1024
8274 17399 9006389 1 1024
8274 17398 9006399 1 1024
8274 17396 9006409 1 1024
8274 17396 9006419 1 1024
8273 17396 9006429 1 1024
8272 17396 9006439 1 1024
8270 17397 9006449 1 1024
8269 17398 9006459 1 1024
8267 17400 9006469 1 1024
8265 17403 9006479 1 1024
8263 17405 9006489 1 1024
8262 17408 9006499 1 1024
8260 17410 9006509 1 1024
8260 17412 9006519 1 1024
8259 17413 9006529 1 1024
8259 17414 9006539 1 1024
8259 17416 9006549 1 1024
8259 17417 9006559 1 1024
8259 17419 9006569 1 1024
8260 17421 9006579 1 1024
8261 17423 9006589 1 1024
8262 17424 9006599 1 1024
8264 17426 9006609 1 1024
8265 17428 9006619 1 1024
8267 17429 9006629 1 1024
8268 17431 9006639 1 1024
8269 17432 9006649 1 1024
8270 17434 9006659 1 1024
8270 17435 9006669 1 1024
8271 17437 9006679 1 1024
8271 17438 9006689 1 1024
8271 17439 9006699 1 1024
8272 17440 9006709 1 1024
8272 17441 9006719 1 1024
8273 17442 9006729 1 1024
8274 17443 9006739 1 1024
8275 17443 9006749 1 1024
8276 17444 9006759 1 1024
8277 17443 9006769 1 1024
8279 17442 9006779 1 1024
8280 17441 9006789 1 1024
8281 17440 9006799 1 1024
8283 17438 9006809 1 1024
8285 17435 9006819 1 1024
8287 17433 9006829 1 1024
8289 17431 9006839 1 1024
8290 17429 9006849 1 1024
8292 17428 9006859 1 1024
8294 17426 9006869 1 1024
8296 17423 9006879 1 1024
8298 17421 9006889 1 1024
8300 17418 9006899 1 1024
8302 17415 9006909 1 1024
8303 17412 9006919 1 1024
8304 17409 9006929 1 1024
8305 17405 9006939 1 1024
8305 17402 9006949 1 1024
8306 17398 9006959 1 1024
8306 17395 9006969 1 1024
8306 17392 9006979 1 1024
8306 17389 9006989 1 1024
8306 17386 9006999 1 1024
8305 17385 9007009 1 1024
8305 17384 9007019 1 1024
8305 17382 9007029 1 1024
8305 17381 9007039 1 1024
8305 17381 9007049 1 1024
8306 17382 9007059 1 1024
8306 17383 9007069 1 1024
8306 17384 9007079 1 1024
8306 17385 9007089 1 1024
8306 17387 9007099 1 1024
8305 17389 9007109 1 1024
8305 17391 9007119 1 1024
8305 17393 9007129 1 1024
8304 17395 9007139 1 1024
8304 17398 9007149 1 1024
8303 17400 9007159 1 1024
8303 17401 9007169 1 1024
8302 17402 9007179 1 1024
8301 17404 9007189 1 1024
8299 17405 9007199 1 1024
8298 17406 9007209 1 1024
8296 17406 9007219 1 1024
8294 17406 9007229 1 1024
8292 17405 9007239 1 1024
8290 17404 9007249 1 1024
8289 17403 9007259 1 1024
8288 17403 9007269 1 1024
8287 17402 9007279 1 1024
8286 17401 9007289 1 1024
8286 17401 9007299 1 1024
8285 17400 9007309 1 1024
8286 17400 9007319 1 1024
8286 17400 9007329 1 1024
8286 17400 9007339 1 1024
8287 17400 9007349 1 1024
8288 17401 9007359 1 1024
8288 17402 9007369 1 1024
8289 17403 9007379 1 1024
8291 17404 9007389 1 1024
8292 17406 9007399 1 1024
8293 17408 9007409 1 1024
8294 17410 9007419 1 1024
8295 17412 9007429 1 1024
8295 17414 9007439 1 1024
8296 17416 9007449 1 1024
8296 17417 9007459 1 1024
8296 17418 9007469 1 1024
8297 17419 9007479 1 1024
8297 17419 9007489 1 1024
8297 17419 9007499 1 1024
8298 17418 9007509 1 1024
8299 17418 9007519 1 1024
8299 17417 9007529 1 1024
8300 17417 9007539 1 1024
8301 17417 9007549 1 1024
8302 17416 9007559 1 1024
8304 17416 9007569 1 1024
8305 17416 9007579 0 0
8306 17415 9007589 0 0
8307 17413 9007599 0 0
8308 17411 9007609 0 0
8308 17408 9007619 0 0
8309 17404 9007629 0 0
8309 17401 9007639 0 0
8309 17399 9007649 0 0
8309 17397 9007659 0 0
8309 17393 9007669 0 0
8309 17389 9007679 0 0
8310 17385 9007689 0 0
8310 17382 9007699 0 0
8310 17379 9007709 0 0
8310 17376 9007719 0 0
8308 17374 9007729 0 0
8307 17371 9007739 0 0
8305 17369 9007749 1 69
8303 17367 9007759 1 214
8301 17366 9007769 1 382
8299 17365 9007779 1 563
8298 17365 9007789 1 763
8297 17365 9007799 1 963
8296 17365 9007809 1 1024
8296 17365 9007819 1 1024
8296 17366 9007829 1 1024
8296 17367 9007839 1 1024
8297 17369 9007849 1 1024
8297 17370 9007859 1 1024
8297 17371 9007869 1 1024
8297 17372 9007879 1 1024
8296 17372 9007889 1 1024
8296 17372 9007899 1 1024
8295 17372 9007909 1 1024
8295 17372 9007919 1 1024
8294 17372 9007929 1 1024
8294 17373 9007939 1 1024
8294 17374 9007949 1 1024
8294 17376 9007959 1 652
8294 17377 9007969 1 457
8294 17378 9007979 1 398
8295 17381 9007989 1 182
8296 17384 9007999 0 0
8297 17387 9008009 0 0
8298 17390 9008019 0 0
8299 17393 9008029 0 0
8300 17396 9008039 0 0
8302 17398 9008049 0 0
8303 17400 9008059 0 0
8304 17402 9008069 0 0
8305 17404 9008079 0 0
8306 17406 9008089 0 0
8307 17408 9008099 0 0
8307 17410 9008109 0 0
8308 17411 9008119 0 0
8308 17412 9008129 0 0
8307 17413 9008139 0 0
8307 17415 9008149 0 0
8306 17416 9008159 0 0
8305 17418 9008169 0 0
8304 17420 9008179 0 0
8303 17422 9008189 0 0
8303 17424 9008199 0 0
8302 17425 9008209 0 0
8301 17427 9008219 0 0
8301 17428 9008229 0 0
8301 17429 9008239 0 0
8301 17430 9008249 0 0
8301 17430 9008259 0 0
8302 17430 9008269 0 0
8302 17430 9008279 0 0
8302 17430 9008289 0 0
8302 17430 9008299 0 0
8303 17429 9008309 0 0
8302 17427 9008319 0 0
8301 17425 9008329 0 0
8300 17423 9008339 0 0
8299 17420 9008349 0 0
8297 17416 9008359 0 0
8296 17413 9008369 0 0
8294 17409 9008379 1 192
8293 17406 9008389 1 409
8291 17403 9008399 1 626
8290 17401 9008409 1 837
8288 17399 9008419 1 978
8287 17397 9008429 1 1024
8286 17397 9008439 1 1024
8285 17396 9008449 1 1024
8284 17396 9008459 1 1024
8283 17396 9008469 1 1024
8282 17396 9008479 1 1024
8281 17396 9008489 1 1024
8279 17396 9008499 1 1024
8278 17396 9008509 1 1024
8277 17397 9008519 1 1024
8276 17398 9008529 1 1024
8275 17399 9008539 1 1024
8274 17401 9008549 1 1024
8274 17403 9008559 1 1024
8274 17406 9008569 1 1024
8275 17408 9008579 1 1024
8276 17411 9008589 1 1024
8277 17414 9008599 1 1024
8278 17415 9008609 1 1024
8278 17416 9008619 1 1024
8280 17418 9008629 1 1024
8283 17420 9008639 1 1024
8285 17421 9008649 1 1024
8288 17422 9008659 1 1024
8291 17423 9008669 1 1024
8294 17423 9008679 1 1024
8297 17422 9008689 1 1024
8299 17422 9008699 1 1024
8302 17421 9008709 1 1024
8304 17420 9008719 1 1024
8306 17419 9008729 1 1024
8308 17417 9008739 1 1024
8309 17415 9008749 1 1024
8310 17413 9008759 1 1024
8310 17412 9008769 1 1024
8311 17411 9008779 1 1024
8311 17409 9008789 1 1024
8310 17407 9008799 1 1024
8310 17406 9008809 1 1024
8309 17405 9008819 1 1024
8308 17404 9008829 1 1024
8307 17403 9008839 1 1024
8305 17403 9008849 1 1024
8304 17403 9008859 1 1024
8302 17403 9008869 1 1024
8301 17403 9008879 1 1024
8300 17403 9008889 1 1024
8299 17402 9008899 1 1024
8298 17401 9008909 1 1024
8297 17401 9008919 1 1024
8297 17400 9008929 1 1024
8296 17400 9008939 1 1024
8296 17399 9008949 1 1024
8295 17399 9008959 1 1024
8294 17398 9008969 1 1024
8294 17399 9008979 1 1024
8294 17399 9008989 1 1024
8293 17400 9008999 1 1024
8294 17400 9009009 1 1024
8294 17400 9009019 1 1024
8294 17400 9009029 1 1024
8295 17401 9009039 1 1024
8296 17401 9009049 1 1024
8298 17401 9009059 1 1024
8299 17401 9009069 1 1024
8301 17401 9009079 1 1024
8302 17401 9009089 1 1024
8303 17401 9009099 1 1024
8304 17400 9009109 1 1024
8306 17400 9009119 1 1024
8307 17400 9009129 1 1024
8309 17400 9009139 1 1024
8310 17399 9009149 1 1024
8312 17399 9009159 1 1024
8313 17399 9009169 1 1024
8314 17399 9009179 1 1024
8315 17400 9009189 1 1024
8316 17400 9009199 1 1024
8317 17400 9009209 1 1024
8318 17401 9009219 1 1024
8319 17402 9009229 1 1024
8320 17403 9009239 1 1024
8320 17403 9009249 1 1024
8321 17403 9009259 1 1024
8322 17404 9009269 1 1024
8323 17404 9009279 1 1024
8325 17405 9009289 1 1024
8326 17405 9009299 1 1024
8327 17406 9009309 1 1024
8329 17407 9009319 1 1024
8330 17407 9009329 1 1024
8331 17407 9009339 1 1024
8331 17407 9009349 1 1024
8331 17407 9009359 1 1024
8331 17406 9009369 1 1024
8331 17405 9009379 1 1024
8330 17404 9009389 1 1024
8329 17403 9009399 1 1024
8328 17402 9009409 1 1024
8327 17402 9009419 1 1024
8326 17401 9009429 1 1024
8325 17401 9009439 1 1024
8324 17401 9009449 1 1024
8322 17400 9009459 1 1024
8321 17400 9009469 1 1024
8320 17399 9009479 1 1024
8320 17398 9009489 1 1024
8319 17396 9009499 1 1024
8319 17394 9009509 1 1024
8319 17392 9009519 1 1024
8318 17390 9009529 1 1024
8318 17389 9009539 1 1024
8318 17388 9009549 1 1024
8318 17387 9009559 1 1024
8318 17387 9009569 1 1024
8318 17387 9009579 1 1024
8318 17388 9009589 1 1024
8318 17390 9009599 1 1024
8318 17392 9009609 1 1024
8317 17395 9009619 1 1024
8317 17397 9009629 1 1024
8316 17400 9009639 1 1024
8316 17402 9009649 1 1024
8316 17403 9009659 1 1024
8316 17404 9009669 1 1024
8316 17404 9009679 1 1024
8316 17405 9009689 1 1024
8317 17406 9009699 1 1024
8318 17407 9009709 1 1024
8319 17408 9009719 1 1024
8319 17409 9009729 1 1024
8320 17409 9009739 1 1024
8321 17410 9009749 1 1024
8322 17411 9009759 1 1024
8323 17411 9009769 1 1024
8323 17411 9009779 1 1024
8323 17412 9009789 1 1024
8323 17413 9009799 1 1024
8323 17415 9009809 1 1024
8322 17416 9009819 1 1024
8322 17417 9009829 1 1024
8321 17418 9009839 1 1024
8320 17419 9009849 1 1024
8319 17420 9009859 1 1024
8317 17420 9009869 1 1024
8316 17421 9009879 1 1024
8315 17421 9009889 1 1024
8314 17421 9009899 1 1024
8313 17421 9009909 1 1024
8312 17421 9009919 1 1024
8312 17419 9009929 1 1024
8312 17417 9009939 1 1024
8313 17415 9009949 1 1024
8315 17413 9009959 1 1024
8317 17411 9009969 1 1024
8319 17409 9009979 1 1024
8322 17407 9009989 1 1024
8325 17405 9009999 1 1024
8328 17403 9010009 1 1024
8331 17401 9010019 1 1024
8334 17399 9010029 1 1024
8336 17397 9010039 1 1024
8338 17396 9010049 1 1024
8339 17395 9010059 1 1024
8341 17394 9010069 1 1024
8342 17393 9010079 1 1024
8343 17393 9010089 1 1024
8344 17394 9010099 1 1024
8344 17396 9010109 1 1024
8344 17398 9010119 1 1024
8344 17401 9010129 1 1024
8343 17404 9010139 1 1024
8342 17408 9010149 1 1024
8341 17413 9010159 1 1024
8341 17418 9010169 1 1024
8340 17423 9010179 1 1024
8338 17427 9010189 1 1024
8337 17432 9010199 1 1024
8336 17434 9010209 1 1024
8334 17436 9010219 1 1024
8332 17439 9010229 1 1024
8329 17442 9010239 1 1024
8326 17443 9010249 1 1024
8323 17443 9010259 1 1024
8321 17442 9010269 1 1024
8318 17439 9010279 1 1024
8316 17435 9010289 1 1024
8314 17431 9010299 1 1024
8313 17426 9010309 1 1024
8312 17422 9010319 1 1024
8311 17417 9010329 1 1024
8311 17413 9010339 1 1024
8311 17411 9010349 1 1024
8311 17410 9010359 1 1024
8312 17409 9010369 1 1024
8312 17409 9010379 1 1024
8312 17409 9010389 1 1024
8312 17410 9010399 1 1024
8312 17411 9010409 1 1024
8311 17413 9010419 1 1024
8311 17414 9010429 1 1024
8310 17416 9010439 1 1024
8310 17418 9010449 1 1024
8310 17419 9010459 1 1024
8310 17420 9010469 1 1024
8310 17421 9010479 1 1024
8311 17422 9010489 1 1024
8311 17424 9010499 1 1024
8312 17426 9010509 1 1024
8313 17427 9010519 1 1024
8314 17428 9010529 1 1024
8314 17428 9010539 1 1024
8316 17429 9010549 1 1024
8317 17429 9010559 1 1024
8319 17430 9010569 1 1024
8320 17430 9010579 1 1024
8322 17430 9010589 1 1024
8324 17430 9010599 1 1024
8326 17430 9010609 1 1024
8328 17429 9010619 1 1024
8331 17429 9010629 1 1024
8332 17429 9010639 1 1024
8334 17428 9010649 1 1024
8335 17427 9010659 1 1024
8336 17425 9010669 1 1024
8337 17423 9010679 1 1024
8337 17422 9010689 1 1024
8337 17420 9010699 1 1024
8337 17417 9010709 1 1024
8336 17413 9010719 1 1024
8336 17409 9010729 1 1024
8335 17405 9010739 1 1024
8334 17402 9010749 1 1024
8333 17399 9010759 1 1024
8332 17396 9010769 1 1024
8332 17394 9010779 1 1024
8331 17392 9010789 1 1024
8330 17390 9010799 1 1024
8330 17388 9010809 1 1024
8329 17388 9010819 1 1024
8328 17388 9010829 1 1024
8328 17389 9010839 1 1024
8327 17390 9010849 1 1024
8327 17391 9010859 1 1024
8325 17394 9010869 1 1024
8324 17397 9010879 1 1024
8322 17400 9010889 1 1024
8320 17403 9010899 1 1024
8318 17406 9010909 1 1024
8316 17410 9010919 1 1024
8313 17413 9010929 1 1024
8310 17417 9010939 1 1024
8307 17421 9010949 1 1024
8305 17425 9010959 1 1024
8302 17429 9010969 1 1024
8300 17434 9010979 1 1024
8298 17438 9010989 1 1024
8296 17442 9010999 1 1024
8296 17444 9011009 1 1024
8295 17446 9011019 1 1024
8294 17449 9011029 1 1024
8294 17451 9011039 1 1024
8294 17452 9011049 1 1024
8295 17453 9011059 1 1024
8295 17454 9011069 1 1024
8295 17453 9011079 1 1024
8296 17453 9011089 1 1024
8296 17452 9011099 1 1024
8297 17450 9011109 1 1024
8298 17448 9011119 1 1024
8298 17446 9011129 1 1024
8299 17443 9011139 1 1024
8300 17441 9011149 1 1024
8301 17438 9011159 1 1024
8302 17437 9011169 1 1024
8303 17436 9011179 1 1024
8304 17433 9011189 1 1024
8306 17431 9011199 1 1024
8308 17428 9011209 1 1024
8310 17425 9011219 1 1024
8312 17422 9011229 1 1024
8313 17418 9011239 1 1024
8315 17415 9011249 1 1024
8316 17411 9011259 1 1024
8317 17407 9011269 1 1024
8318 17404 9011279 1 1024
8319 17401 9011289 1 1024
8320 17399 9011299 1 1024
8320 17398 9011309 1 1024
8321 17398 9011319 1 1024
8321 17398 9011329 1 1024
8321 17399 9011339 1 1024
8320 17399 9011349 1 1024
8320 17400 9011359 1 1024
8320 17401 9011369 1 1024
8320 17402 9011379 1 1024
8319 17403 9011389 1 1024
8318 17405 9011399 1 1024
8317 17407 9011409 1 1024
8316 17409 9011419 1 1024
8316 17412 9011429 1 1024
8316 17415 9011439 1 1024
8315 17418 9011449 1 1024
8315 17421 9011459 1 1024
8316 17423 9011469 1 1024
8316 17426 9011479 1 1024
8316 17427 9011489 1 1024
8316 17428 9011499 1 1024
8317 17431 9011509 1 1024
8317 17433 9011519 1 1024
8318 17435 9011529 1 1024
8319 17436 9011539 1 1024
8320 17437 9011549 1 1024
8321 17438 9011559 1 1024
8323 17439 9011569 1 1024
8324 17440 9011579 1 1024
8325 17441 9011589 1 1024
8327 17441 9011599 1 1024
8328 17442 9011609 1 1024
8329 17442 9011619 1 1024
8330 17443 9011629 1 1024
8331 17444 9011639 1 1024
8332 17444 9011649 1 1024
8333 17445 9011659 1 1024
8333 17445 9011669 1 1024
8333 17445 9011679 1 1024
8333 17444 9011689 1 1024
8333 17444 9011699 1 1024
8333 17442 9011709 1 1024
8333 17440 9011719 1 1024
8333 17438 9011729 1 1024
8333 17435 9011739 1 1024
8334 17432 9011749 1 1024
8334 17428 9011759 1 1024
8334 17425 9011769 1 1024
8334 17422 9011779 1 1024
8335 17419 9011789 1 1024
8335 17416 9011799 1 1024
8334 17413 9011809 1 1024
8335 17410 9011819 1 1024
8335 17407 9011829 1 1024
8336 17403 9011839 1 1024
8336 17399 9011849 1 1024
8336 17395 9011859 1 1024
8337 17393 9011869 1 1024
8337 17390 9011879 1 1024
8337 17389 9011889 1 1024
8336 17388 9011899 1 1024
8336 17389 9011909 1 1024
8335 17390 9011919 1 1024
8334 17393 9011929 1 1024
8333 17397 9011939 1 1024
8332 17401 9011949 1 1024
8331 17406 9011959 1 1024
8330 17411 9011969 1 1024
8330 17416 9011979 1 1024
8329 17422 9011989 1 1024
8328 17428 9011999 1 1024
8327 17433 9012009 1 1024
8326 17437 9012019 1 1024
8324 17441 9012029 1 1024
8323 17444 9012039 1 1024
8321 17446 9012049 1 1024
8320 17448 9012059 1 1024
8319 17450 9012069 1 1024
8319 17451 9012079 1 1024
8318 17451 9012089 1 1024
8318 17451 9012099 1 1024
8318 17451 9012109 1 1024
8318 17450 9012119 1 1024
8318 17449 9012129 1 1024
8318 17448 9012139 1 1024
8319 17447 9012149 1 1024
8319 17445 9012159 1 1024
8318 17444 9012169 1 1024
8318 17442 9012179 1 1024
8318 17441 9012189 1 1024
8317 17440 9012199 1 1024
8316 17440 9012209 1 1024
