7964 18794 4727574 1 642
7861 18609 4727584 1 643
7796 18538 4727594 1 644
7757 18538 4727604 1 645
7729 18564 4727614 1 646
7705 18581 4727624 1 647
7685 18589 4727634 1 648
7664 18595 4727644 1 649
7647 18600 4727654 1 650
7633 18601 4727664 1 651
7627 18601 4727674 1 652
7624 18600 4727684 1 652
7622 18596 4727694 1 653
7628 18588 4727704 1 654
7640 18570 4727714 1 655
7658 18545 4727724 1 656
7678 18517 4727734 1 657
7699 18496 4727744 1 658
7716 18487 4727754 1 659
7726 18487 4727764 1 660
7733 18492 4727774 1 660
7738 18501 4727784 1 661
7736 18511 4727794 1 663
7729 18524 4727804 1 664
7717 18543 4727814 1 665
7703 18568 4727824 1 666
7696 18582 4727834 1 666
7691 18596 4727844 1 667
7681 18618 4727854 1 668
7675 18622 4727864 1 668
7672 18618 4727874 1 669
7673 18615 4727884 1 670
7679 18605 4727894 1 671
7691 18596 4727904 1 672
7707 18592 4727914 1 673
7725 18598 4727924 1 675
7746 18613 4727934 1 677
7768 18632 4727944 1 679
7783 18648 4727954 1 680
7797 18663 4727964 1 680
7818 18679 4727974 1 681
7836 18688 4727984 1 680
7849 18689 4727994 1 678
7856 18682 4728004 1 674
7856 18667 4728014 1 671
7851 18643 4728024 1 668
7841 18613 4728034 1 666
7829 18594 4728044 1 665
7816 18575 4728054 1 665
7802 18547 4728064 1 666
7791 18525 4728074 1 671
7783 18512 4728084 1 679
7780 18508 4728094 1 683
7779 18508 4728104 1 691
7778 18509 4728114 1 708
7780 18515 4728124 1 728
7784 18525 4728134 1 750
7789 18529 4728144 1 761
7793 18534 4728154 1 771
7793 18546 4728164 1 790
7790 18558 4728174 1 805
7785 18569 4728184 1 814
7777 18581 4728194 1 815
7768 18594 4728204 1 807
7759 18607 4728214 1 788
7750 18617 4728224 1 754
7744 18623 4728234 1 735
7739 18624 4728244 1 706
7735 18619 4728254 1 641
7732 18608 4728264 1 562
7730 18594 4728274 1 475
7729 18580 4728284 1 384
7728 18568 4728294 1 293
7728 18557 4728304 1 206
7729 18548 4728314 1 128
7730 18544 4728324 1 53
7731 18544 4728334 1 9
7735 18546 4728344 1 10
7737 18548 4728354 1 13
7740 18554 4728364 1 12
7745 18565 4728374 1 14
7751 18578 4728384 1 15
7756 18590 4728394 1 17
7761 18603 4728404 1 19
7763 18616 4728414 1 20
7766 18628 4728424 1 21
7767 18639 4728434 1 22
7765 18651 4728444 1 24
7761 18660 4728454 1 25
7756 18663 4728464 1 27
7750 18662 4728474 1 38
7745 18658 4728484 1 60
7741 18653 4728494 1 92
7738 18643 4728504 1 132
7737 18632 4728514 1 154
7734 18619 4728524 1 179
7731 18605 4728534 1 233
7726 18595 4728544 1 291
7721 18589 4728554 1 353
7716 18585 4728564 1 417
7711 18584 4728574 1 483
7703 18585 4728584 1 549
7691 18587 4728594 1 615
7684 18594 4728604 1 647
7682 18599 4728614 1 655
7676 18602 4728624 1 678
7662 18607 4728634 1 738
7648 18611 4728644 1 794
7635 18613 4728654 1 844
7622 18608 4728664 1 888
7611 18597 4728674 1 925
7602 18580 4728684 1 953
7599 18559 4728694 1 972
7601 18543 4728704 1 980
7606 18525 4728714 1 981
7616 18499 4728724 1 980
7629 18474 4728734 1 978
7645 18451 4728744 1 977
7662 18435 4728754 1 910
7679 18429 4728764 1 735
7695 18434 4728774 1 534
7709 18446 4728784 1 422
7722 18464 4728794 1 512
7734 18486 4728804 1 914
7745 18510 4728814 1 969
7755 18534 4728824 1 968
7764 18556 4728834 1 967
7771 18576 4728844 1 966
7775 18594 4728854 1 965
7773 18608 4728864 1 964
7764 18619 4728874 1 963
7759 18634 4728884 1 961
7741 18647 4728894 1 960
7710 18656 4728904 1 959
7663 18659 4728914 1 958
