8440 17594 2488124 1 655
8367 17443 2488134 1 656
8321 17386 2488144 1 657
8293 17386 2488154 1 658
8274 17407 2488164 1 659
8257 17421 2488174 1 661
8243 17428 2488184 1 662
8235 17430 2488194 1 662
8228 17432 2488204 1 663
8217 17436 2488214 1 664
8207 17436 2488224 1 665
8203 17436 2488234 1 666
8201 17435 2488244 1 666
8200 17430 2488254 1 667
8200 17428 2488264 1 667
8203 17422 2488274 1 668
8212 17407 2488284 1 669
8223 17384 2488294 1 670
8237 17360 2488304 1 671
8250 17342 2488314 1 671
8261 17334 2488324 1 672
8264 17332 2488334 1 673
8265 17333 2488344 1 673
8267 17337 2488354 1 673
8269 17344 2488364 1 674
8264 17354 2488374 1 676
8256 17367 2488384 1 677
8246 17385 2488394 1 678
8240 17395 2488404 1 678
8235 17409 2488414 1 679
8227 17436 2488424 1 680
8222 17458 2488434 1 681
8222 17467 2488444 1 680
8224 17469 2488454 1 681
8230 17471 2488464 1 682
8234 17471 2488474 1 682
8240 17467 2488484 1 683
8253 17462 2488494 1 684
8267 17460 2488504 1 684
8281 17464 2488514 1 686
8294 17473 2488524 1 688
8305 17484 2488534 1 690
8309 17489 2488544 1 691
8309 17492 2488554 1 691
8313 17498 2488564 1 691
8321 17505 2488574 1 691
8328 17507 2488584 1 690
8334 17504 2488594 1 687
8338 17496 2488604 1 682
8340 17491 2488614 1 680
8341 17482 2488624 1 679
8341 17463 2488634 1 675
8341 17440 2488644 1 672
8340 17426 2488654 1 671
8338 17412 2488664 1 671
8334 17389 2488674 1 671
8332 17378 2488684 1 673
8330 17372 2488694 1 676
8325 17361 2488704 1 685
8319 17358 2488714 1 697
8314 17360 2488724 1 715
8309 17368 2488734 1 736
8304 17380 2488744 1 758
8303 17385 2488754 1 767
8302 17389 2488764 1 769
8301 17399 2488774 1 779
8301 17414 2488784 1 798
8302 17428 2488794 1 813
8304 17438 2488804 1 821
8307 17446 2488814 1 821
8309 17449 2488824 1 819
8310 17451 2488834 1 812
8313 17455 2488844 1 791
8314 17455 2488854 1 756
8314 17453 2488864 1 736
8312 17448 2488874 1 706
8307 17442 2488884 1 641
8304 17439 2488894 1 604
8301 17435 2488904 1 562
8294 17429 2488914 1 474
8288 17425 2488924 1 381
8283 17423 2488934 1 287
8280 17423 2488944 1 197
8279 17422 2488954 1 114
8279 17422 2488964 1 70
8280 17423 2488974 1 34
8283 17423 2488984 0 0
8286 17422 2488994 0 0
8290 17422 2489004 0 0
8292 17423 2489014 0 0
8292 17424 2489024 0 0
8292 17424 2489034 0 0
8291 17423 2489044 0 0
8287 17423 2489054 0 0
8283 17425 2489064 0 0
8279 17427 2489074 0 0
8276 17429 2489084 0 0
8272 17436 2489094 0 0
8271 17439 2489104 0 0
8271 17442 2489114 0 0
8270 17447 2489124 0 0
8270 17451 2489134 0 0
8272 17455 2489144 1 1
8275 17458 2489154 1 34
8278 17459 2489164 1 76
8279 17459 2489174 1 92
8281 17458 2489184 1 98
8282 17454 2489194 1 124
8281 17448 2489204 1 184
8279 17442 2489214 1 248
8275 17437 2489224 1 317
8271 17432 2489234 1 390
8270 17429 2489244 1 427
8268 17427 2489254 1 465
8261 17421 2489264 1 541
8254 17417 2489274 1 617
8250 17415 2489284 1 654
8246 17413 2489294 1 691
8240 17409 2489304 1 762
8236 17407 2489314 1 799
8234 17406 2489324 1 829
8228 17401 2489334 1 890
8223 17393 2489344 1 944
8218 17382 2489354 1 990
8212 17370 2489364 1 1024
8210 17357 2489374 1 1024
8209 17352 2489384 1 1024
8208 17351 2489394 1 1024
8207 17345 2489404 1 1024
8209 17333 2489414 1 1024
8213 17321 2489424 1 1024
8220 17310 2489434 1 1024
8230 17302 2489444 1 984
8242 17299 2489454 1 767
8256 17302 2489464 1 518
8271 17309 2489474 1 377
8285 17319 2489484 1 489
8298 17333 2489494 1 997
8310 17349 2489504 1 1024
8317 17367 2489514 1 1024
8321 17385 2489524 1 1024
8320 17403 2489534 1 1024
8314 17421 2489544 1 1024
8304 17436 2489554 1 1024
8289 17449 2489564 1 1024
8278 17463 2489574 1 1024
8261 17474 2489584 1 1024
8236 17480 2489594 1 1024
8203 17481 2489604 1 1024
