7995 17835 6726590 1 630
7909 17655 6726600 1 631
7856 17586 6726610 1 631
7822 17586 6726620 1 632
7800 17612 6726630 1 633
7779 17628 6726640 1 634
7763 17636 6726650 1 635
7746 17642 6726660 1 636
7732 17647 6726670 1 637
7721 17648 6726680 1 638
7717 17648 6726690 1 639
7716 17648 6726700 1 639
7716 17644 6726710 1 640
7721 17636 6726720 1 641
7732 17620 6726730 1 642
7747 17595 6726740 1 643
7763 17568 6726750 1 644
7778 17547 6726760 1 645
7790 17538 6726770 1 646
7794 17535 6726780 1 647
7795 17537 6726790 1 648
7795 17541 6726800 1 649
7790 17547 6726810 1 651
7780 17556 6726820 1 652
7767 17571 6726830 1 653
7755 17595 6726840 1 654
7744 17624 6726850 1 655
7738 17651 6726860 1 656
7736 17664 6726870 1 656
7737 17672 6726880 1 657
7743 17683 6726890 1 659
7753 17687 6726900 1 660
7768 17690 6726910 1 661
7785 17695 6726920 1 662
7803 17704 6726930 1 664
7822 17715 6726940 1 666
7839 17726 6726950 1 668
7848 17729 6726960 1 669
7856 17728 6726970 1 670
7869 17727 6726980 1 671
7878 17722 6726990 1 671
7884 17713 6727000 1 669
7886 17702 6727010 1 666
7887 17696 6727020 1 664
7885 17689 6727030 1 663
7881 17674 6727040 1 661
7875 17657 6727050 1 660
7869 17653 6727060 1 659
7863 17649 6727070 1 659
7857 17633 6727080 1 660
7852 17620 6727090 1 665
7848 17611 6727100 1 673
7846 17605 6727110 1 685
7846 17602 6727120 1 701
7846 17602 6727130 1 720
7846 17604 6727140 1 742
7847 17602 6727150 1 753
7846 17602 6727160 1 763
7844 17611 6727170 1 782
7840 17620 6727180 1 797
7836 17631 6727190 1 807
7833 17643 6727200 1 809
7829 17657 6727210 1 802
7827 17671 6727220 1 784
7826 17682 6727230 1 751
7826 17690 6727240 1 733
7828 17693 6727250 1 705
7829 17690 6727260 1 641
7829 17681 6727270 1 563
7828 17670 6727280 1 477
7827 17657 6727290 1 387
7824 17645 6727300 1 299
7820 17634 6727310 1 215
7817 17624 6727320 1 141
7814 17617 6727330 1 70
7812 17615 6727340 1 30
7812 17614 6727350 1 34
7814 17618 6727360 1 38
7817 17626 6727370 1 43
7821 17634 6727380 1 46
7825 17641 6727390 1 51
7828 17648 6727400 1 55
7829 17655 6727410 1 59
7829 17659 6727420 1 62
7827 17661 6727430 1 66
7821 17665 6727440 1 70
7818 17667 6727450 1 72
7814 17667 6727460 1 73
7806 17665 6727470 1 78
7798 17662 6727480 1 90
7792 17658 6727490 1 113
7787 17655 6727500 1 144
7786 17651 6727510 1 182
7787 17648 6727520 1 203
7788 17644 6727530 1 228
7790 17640 6727540 1 277
7791 17639 6727550 1 330
7793 17641 6727560 1 385
7793 17643 6727570 1 442
7793 17646 6727580 1 499
7788 17647 6727590 1 557
7780 17647 6727600 1 613
7774 17648 6727610 1 640
7767 17646 6727620 1 666
7754 17638 6727630 1 716
7741 17630 6727640 1 762
7729 17620 6727650 1 803
7717 17604 6727660 1 838
7707 17587 6727670 1 868
7697 17570 6727680 1 889
7694 17554 6727690 1 903
7693 17547 6727700 1 908
7694 17543 6727710 1 907
7700 17532 6727720 1 905
7709 17521 6727730 1 901
7722 17510 6727740 1 899
7737 17501 6727750 1 844
7754 17498 6727760 1 706
7772 17499 6727770 1 549
7791 17504 6727780 1 462
7809 17514 6727790 1 533
7826 17526 6727800 1 841
7841 17543 6727810 1 881
7852 17562 6727820 1 879
7859 17584 6727830 1 877
7861 17608 6727840 1 874
7856 17633 6727850 1 872
7846 17657 6727860 1 870
7829 17679 6727870 1 867
7815 17702 6727880 1 864
7793 17720 6727890 1 862
7761 17731 6727900 1 860
7719 17731 6727910 1 857
