8233 18077 2485375 1 1024
8239 18063 2485385 1 836
8254 18056 2485395 1 579
8267 18063 2485405 1 409
8266 18078 2485415 1 312
8249 18084 2485425 1 278
8235 18072 2485435 1 277
8245 18050 2485445 1 289
8302 18010 2485455 1 337
8404 17961 2485465 1 406
8539 17928 2485475 1 488
8690 17928 2485485 1 530
8838 17964 2485495 1 568
8967 18032 2485505 1 636
9060 18118 2485515 1 682
9112 18207 2485525 1 710
9121 18282 2485535 1 725
9098 18335 2485545 1 732
9054 18364 2485555 1 726
9001 18377 2485565 1 706
8946 18385 2485575 1 690
8893 18398 2485585 1 673
8842 18418 2485595 1 661
8796 18443 2485605 1 654
8753 18467 2485615 1 652
8714 18474 2485625 1 654
8678 18451 2485635 1 663
8647 18390 2485645 1 672
8627 18297 2485655 1 662
8618 18189 2485665 1 651
8619 18083 2485675 1 625
8628 17997 2485685 1 569
8643 17944 2485695 1 499
8662 17927 2485705 1 418
8678 17937 2485715 1 330
8685 17959 2485725 1 280
8683 17981 2485735 1 242
8675 17996 2485745 1 155
8668 18003 2485755 1 6
8667 18004 2485765 1 6
8677 18002 2485775 1 6
8695 17998 2485785 1 4
8719 17999 2485795 1 7
8742 18009 2485805 1 7
8763 18031 2485815 1 7
8779 18064 2485825 1 6
8783 18106 2485835 1 6
8765 18152 2485845 1 21
8719 18197 2485855 1 62
8651 18233 2485865 1 128
8571 18259 2485875 1 199
8485 18276 2485885 1 274
8397 18275 2485895 1 351
8319 18252 2485905 1 389
8259 18208 2485915 1 427
8216 18137 2485925 1 499
8188 18034 2485935 1 565
8179 17905 2485945 1 670
8191 17759 2485955 1 702
8220 17605 2485965 1 712
8261 17454 2485975 1 721
8311 17314 2485985 1 729
8367 17195 2485995 1 729
8427 17113 2486005 1 724
8488 17075 2486015 1 713
8549 17087 2486025 1 710
8609 17148 2486035 1 706
8671 17250 2486045 1 693
8732 17383 2486055 1 690
8793 17533 2486065 1 689
8852 17685 2486075 1 689
8905 17823 2486085 1 689
8950 17936 2486095 1 690
8984 18016 2486105 1 692
9007 18061 2486115 1 696
9018 18076 2486125 1 700
9016 18072 2486135 1 709
9000 18063 2486145 1 713
8970 18066 2486155 1 716
8928 18089 2486165 1 723
8880 18133 2486175 1 729
8830 18191 2486185 1 736
8780 18256 2486195 1 743
8727 18319 2486205 1 747
8671 18374 2486215 1 750
8610 18413 2486225 1 756
8543 18428 2486235 1 766
8471 18418 2486245 1 771
8396 18383 2486255 1 776
8321 18329 2486265 1 779
8255 18258 2486275 1 781
8205 18172 2486285 1 783
8169 18072 2486295 1 784
8147 17964 2486305 1 784
8136 17855 2486315 1 783
8135 17747 2486325 1 780
8144 17638 2486335 1 776
8162 17528 2486345 1 769
8187 17414 2486355 1 762
8215 17295 2486365 1 752
8222 17177 2486375 1 740
8205 17077 2486385 1 727
8196 17002 2486395 1 712
8204 16942 2486405 1 694
8222 16897 2486415 1 650
8246 16870 2486425 1 625
8270 16864 2486435 1 597
8293 16876 2486445 1 566
8313 16901 2486455 1 534
8328 16933 2486465 1 497
8338 16964 2486475 1 459
8344 16989 2486485 1 416
8345 17002 2486495 1 329
8344 17003 2486505 1 288
8341 16990 2486515 1 253
8338 16969 2486525 1 230
8337 16942 2486535 1 222
8337 16915 2486545 1 232
8340 16892 2486555 1 261
8345 16875 2486565 1 316
8351 16866 2486575 1 511
8360 16865 2486585 1 655
