8185 18647 2069352 1 926
8191 18636 2069362 1 719
8204 18631 2069372 1 567
8215 18638 2069382 1 465
8214 18652 2069392 1 406
8199 18656 2069402 1 384
8185 18645 2069412 1 382
8191 18623 2069422 1 388
8236 18584 2069432 1 416
8320 18537 2069442 1 459
8552 18498 2069452 1 537
8671 18530 2069462 1 561
8772 18594 2069472 1 606
8846 18682 2069482 1 637
8887 18778 2069492 1 657
8897 18868 2069502 1 668
8885 18939 2069512 1 673
8859 18987 2069522 1 670
8830 19015 2069532 1 658
8800 19030 2069542 1 648
8735 19047 2069552 1 628
8696 19053 2069562 1 624
8651 19056 2069572 1 624
8599 19046 2069582 1 626
8543 19016 2069592 1 633
8489 18961 2069602 1 640
8444 18889 2069612 1 634
8414 18811 2069622 1 626
8400 18741 2069632 1 607
8403 18693 2069642 1 565
8449 18687 2069652 1 447
8482 18722 2069662 1 377
8510 18766 2069672 1 336
8530 18808 2069682 1 303
8543 18843 2069692 1 231
8553 18868 2069702 1 106
8563 18881 2069712 1 102
8577 18883 2069722 1 97
8593 18874 2069732 1 92
8610 18856 2069742 1 91
8633 18811 2069752 1 82
8639 18790 2069762 1 77
8635 18773 2069772 1 73
8614 18761 2069782 1 82
8571 18753 2069792 1 113
8512 18747 2069802 1 169
8447 18744 2069812 1 230
8379 18744 2069822 1 296
8313 18741 2069832 1 366
8257 18730 2069842 1 399
8191 18672 2069852 1 501
8175 18614 2069862 1 564
8172 18539 2069872 1 666
8181 18455 2069882 1 700
8200 18368 2069892 1 710
8226 18283 2069902 1 721
8257 18202 2069912 1 727
8292 18131 2069922 1 725
8333 18073 2069932 1 719
8377 18032 2069942 1 707
8480 18006 2069952 1 698
8538 18020 2069962 1 684
8597 18050 2069972 1 680
8656 18095 2069982 1 678
8710 18152 2069992 1 676
8756 18218 2070002 1 676
8792 18291 2070012 1 675
8818 18365 2070022 1 676
8833 18438 2070032 1 678
8838 18507 2070042 1 681
8822 18638 2070052 1 689
8800 18706 2070062 1 691
8768 18778 2070072 1 695
8731 18849 2070082 1 699
8689 18914 2070092 1 703
8645 18967 2070102 1 707
8596 19009 2070112 1 709
8541 19037 2070122 1 711
8481 19051 2070132 1 714
8417 19049 2070142 1 721
8285 19001 2070152 1 725
8226 18956 2070162 1 725
8182 18897 2070172 1 725
8156 18819 2070182 1 726
8147 18722 2070192 1 725
8150 18610 2070202 1 723
8160 18491 2070212 1 721
8173 18371 2070222 1 717
8188 18259 2070232 1 713
8201 18157 2070242 1 707
8218 17996 2070252 1 692
8203 17938 2070262 1 682
8166 17905 2070272 1 672
8138 17893 2070282 1 661
8129 17884 2070292 1 647
8136 17872 2070302 1 617
8153 17854 2070312 1 600
8177 17832 2070322 1 581
8207 17805 2070332 1 561
8239 17777 2070342 1 539
8307 17723 2070352 1 492
8341 17701 2070362 1 466
8374 17684 2070372 1 411
8403 17672 2070382 1 387
8429 17666 2070392 1 367
8449 17664 2070402 1 355
8461 17664 2070412 1 351
8463 17667 2070422 1 359
8455 17671 2070432 1 378
8438 17675 2070442 1 412
8379 17683 2070452 1 611
