8051 17736 4245421 1 630
8051 17736 4245431 1 631
8051 17736 4245441 1 633
8052 17736 4245451 1 634
8053 17737 4245461 1 637
8060 17741 4245471 1 639
8067 17745 4245481 1 640
8074 17750 4245491 1 642
8080 17755 4245501 1 643
8085 17760 4245511 1 645
8089 17764 4245521 1 648
8093 17769 4245531 1 649
8097 17774 4245541 1 651
8100 17778 4245551 1 651
8103 17782 4245561 1 652
8105 17785 4245571 1 654
8107 17787 4245581 1 655
8108 17788 4245591 1 657
8108 17787 4245601 1 659
8108 17784 4245611 1 661
8108 17779 4245621 1 662
8107 17772 4245631 1 664
8106 17765 4245641 1 665
8106 17756 4245651 1 667
8106 17748 4245661 1 668
8106 17741 4245671 1 671
8106 17734 4245681 1 672
8107 17730 4245691 1 673
8107 17727 4245701 1 674
8106 17725 4245711 1 675
8106 17726 4245721 1 677
8105 17727 4245731 1 678
8103 17728 4245741 1 679
8102 17730 4245751 1 682
8101 17730 4245761 1 683
8101 17730 4245771 1 685
8101 17730 4245781 1 686
8102 17727 4245791 1 688
8104 17724 4245801 1 689
8105 17719 4245811 1 690
8108 17713 4245821 1 692
8110 17706 4245831 1 693
8112 17699 4245841 1 694
8113 17691 4245851 1 696
8111 17684 4245861 1 697
8108 17678 4245871 1 698
8102 17672 4245881 1 700
8093 17668 4245891 1 701
8073 17661 4245901 1 704
8061 17659 4245911 1 705
8050 17658 4245921 1 706
8040 17657 4245931 1 709
8031 17656 4245941 1 710
8024 17655 4245951 1 712
8020 17653 4245961 1 712
8018 17650 4245971 1 713
8019 17647 4245981 1 714
8022 17644 4245991 1 715
8026 17640 4246001 1 717
8032 17638 4246011 1 718
8038 17636 4246021 1 719
8044 17635 4246031 1 720
8051 17635 4246041 1 723
8057 17637 4246051 1 724
8062 17641 4246061 1 726
8067 17647 4246071 1 727
8071 17655 4246081 1 728
8075 17664 4246091 1 729
8078 17675 4246101 1 730
8082 17686 4246111 1 730
8086 17698 4246121 1 732
8091 17710 4246131 1 734
8096 17722 4246141 1 735
8102 17733 4246151 1 737
8109 17742 4246161 1 738
8117 17750 4246171 1 739
8125 17756 4246181 1 740
8134 17760 4246191 1 741
8142 17762 4246201 1 743
8150 17762 4246211 1 745
8156 17761 4246221 1 746
8161 17758 4246231 1 747
8164 17754 4246241 1 748
8165 17750 4246251 1 749
8165 17746 4246261 1 750
8164 17744 4246271 1 751
8162 17742 4246281 1 752
8159 17742 4246291 1 753
8157 17742 4246301 1 754
8156 17744 4246311 1 755
8154 17746 4246321 1 757
8153 17747 4246331 1 758
8152 17748 4246341 1 758
8151 17748 4246351 1 759
8151 17747 4246361 1 760
8149 17745 4246371 1 761
8146 17735 4246381 1 762
8143 17728 4246391 1 763
8139 17721 4246401 1 763
8135 17712 4246411 1 764
8130 17704 4246421 1 765
8124 17696 4246431 1 766
8117 17688 4246441 1 767
8110 17682 4246451 1 767
8103 17678 4246461 1 768
8096 17676 4246471 1 769
8088 17675 4246481 1 770
8082 17676 4246491 1 772
8076 17679 4246501 1 773
8072 17683 4246511 1 773
8070 17688 4246521 1 773
8070 17693 4246531 1 776
8073 17698 4246541 1 777
8079 17702 4246551 1 778
8088 17706 4246561 1 779
8099 17709 4246571 1 781
8113 17711 4246581 1 782
8128 17713 4246591 1 784
8143 17714 4246601 1 787
8157 17715 4246611 1 789
8170 17716 4246621 1 790
8180 17718 4246631 1 792
8187 17719 4246641 1 794
8190 17721 4246651 1 796
8190 17724 4246661 1 796
8186 17727 4246671 1 797
8181 17730 4246681 1 798
8173 17734 4246691 1 799
8164 17738 4246701 1 800
8155 17741 4246711 1 800
8147 17744 4246721 1 800
8140 17746 4246731 1 800
8134 17747 4246741 1 798
8130 17747 4246751 1 797
8128 17746 4246761 1 794
8127 17745 4246771 1 793
8127 17743 4246781 1 792
8129 17741 4246791 1 791
8130 17739 4246801 1 791
8132 17736 4246811 1 792
8133 17734 4246821 1 795
8133 17732 4246831 1 800
8132 17729 4246841 1 806
8130 17726 4246851 1 810
8119 17716 4246861 1 826
8112 17709 4246871 1 838
8105 17701 4246881 1 849
8097 17691 4246891 1 859
8090 17681 4246901 1 868
8085 17671 4246911 1 872
8082 17660 4246921 1 873
8080 17651 4246931 1 872
8082 17643 4246941 1 868
8085 17637 4246951 1 858
8090 17634 4246961 1 841
8097 17634 4246971 1 817
8105 17638 4246981 1 784
8113 17644 4246991 1 743
8121 17652 4247001 1 696
8128 17663 4247011 1 644
8134 17676 4247021 1 587
8139 17689 4247031 1 527
8143 17703 4247041 1 465
8145 17716 4247051 1 401
8146 17728 4247061 1 369
8146 17739 4247071 1 337
8145 17747 4247081 1 273
8143 17754 4247091 1 211
8141 17757 4247101 1 150
8140 17758 4247111 1 93
8139 17757 4247121 1 40
8139 17754 4247131 0 0
8140 17749 4247141 0 0
8142 17742 4247151 0 0
8146 17734 4247161 0 0
8150 17725 4247171 0 0
8156 17716 4247181 0 0
8162 17706 4247191 0 0
8169 17697 4247201 0 0
8175 17688 4247211 0 0
8181 17680 4247221 0 0
8184 17674 4247231 0 0
8187 17668 4247241 0 0
8187 17664 4247251 0 0
8184 17662 4247261 0 0
8180 17661 4247271 0 0
8173 17662 4247281 0 0
8165 17664 4247291 1 29
8156 17666 4247301 1 69
8147 17669 4247311 1 110
8137 17672 4247321 1 154
8128 17676 4247331 1 200
8112 17681 4247341 1 247
8106 17682 4247351 1 295
8101 17682 4247361 1 345
8098 17682 4247371 1 395
8096 17680 4247381 1 444
8095 17679 4247391 1 493
8095 17676 4247401 1 543
8097 17674 4247411 1 591
8098 17673 4247421 1 638
8100 17672 4247431 1 685
8103 17672 4247441 1 729
8105 17673 4247451 1 771
8106 17675 4247461 1 811
8108 17678 4247471 1 831
8109 17681 4247481 1 848
8110 17685 4247491 1 882
8111 17689 4247501 1 914
8113 17693 4247511 1 942
8116 17696 4247521 1 968
8119 17699 4247531 1 990
8124 17700 4247541 1 1009
8129 17702 4247551 1 1024
8135 17702 4247561 1 1024
8141 17702 4247571 1 1024
8147 17701 4247581 1 1024
8151 17701 4247591 1 1024
8155 17700 4247601 1 1024
8157 17700 4247611 1 1024
8158 17700 4247621 1 1024
8158 17701 4247631 1 1024
8157 17702 4247641 1 1021
8156 17705 4247651 1 1001
8154 17708 4247661 1 977
8153 17712 4247671 1 947
8152 17716 4247681 1 911
8152 17721 4247691 1 871
8152 17725 4247701 1 825
8153 17728 4247711 1 773
8154 17731 4247721 1 718
8155 17733 4247731 1 659
8155 17733 4247741 1 598
8153 17733 4247751 1 566
8151 17731 4247761 1 535
8146 17729 4247771 1 471
8140 17726 4247781 1 406
8134 17722 4247791 1 343
8126 17718 4247801 1 280
8119 17715 4247811 1 221
8107 17708 4247821 1 112
8103 17705 4247831 1 64
8101 17702 4247841 1 23
8100 17701 4247851 0 0
8102 17699 4247861 0 0
8104 17698 4247871 0 0
8108 17698 4247881 0 0
8113 17697 4247891 0 0
8118 17697 4247901 0 0
8122 17697 4247911 0 0
8126 17697 4247921 0 0
8129 17696 4247931 0 0
8131 17695 4247941 0 0
8132 17695 4247951 0 0
8132 17694 4247961 0 0
8131 17692 4247971 0 0
8131 17691 4247981 0 0
8130 17690 4247991 0 0
8130 17689 4248001 0 0
8131 17688 4248011 0 0
8133 17688 4248021 0 0
8136 17689 4248031 0 0
8140 17690 4248041 1 19
8144 17692 4248051 1 71
8149 17695 4248061 1 128
8155 17698 4248071 1 190
8159 17701 4248081 1 256
8163 17704 4248091 1 323
8166 17706 4248101 1 391
8167 17707 4248111 1 456
8166 17707 4248121 1 518
8163 17707 4248131 1 575
8157 17705 4248141 1 626
8150 17703 4248151 1 667
8141 17701 4248161 1 686
8132 17699 4248171 1 698
8123 17698 4248181 1 716
8114 17697 4248191 1 720
8107 17698 4248201 1 709
8102 17700 4248211 1 679
8099 17703 4248221 1 630
8100 17707 4248231 1 564
8103 17712 4248241 1 495
8110 17716 4248251 1 424
8120 17721 4248261 1 352
8133 17725 4248271 1 280
8147 17729 4248281 1 244
8161 17732 4248291 1 208
8189 17736 4248301 1 138
8201 17736 4248311 1 72
8210 17735 4248321 1 12
8217 17733 4248331 0 0
8220 17729 4248341 0 0
8221 17725 4248351 0 0
8220 17719 4248361 0 0
8217 17713 4248371 0 0
8212 17706 4248381 0 0
8207 17700 4248391 0 0
8201 17694 4248401 0 0
8195 17688 4248411 0 0
8189 17684 4248421 0 0
8183 17681 4248431 0 0
8178 17680 4248441 0 0
8174 17681 4248451 0 0
8171 17685 4248461 1 60
8169 17690 4248471 1 145
8169 17698 4248481 1 235
8170 17707 4248491 1 331
8173 17716 4248501 1 427
8178 17726 4248511 1 527
8183 17734 4248521 1 624
8188 17740 4248531 1 718
8193 17743 4248541 1 808
8198 17743 4248551 1 890
8201 17741 4248561 1 965
8203 17735 4248571 1 1000
8205 17727 4248581 1 1024
8205 17717 4248591 1 1024
8205 17707 4248601 1 1024
8204 17697 4248611 1 1024
8204 17687 4248621 1 1024
8203 17680 4248631 1 1024
8202 17675 4248641 1 1024
8202 17672 4248651 1 1024
8201 17671 4248661 1 1024
8201 17673 4248671 1 1024
8200 17676 4248681 1 1024
8200 17680 4248691 1 1024
8199 17686 4248701 1 1024
8197 17692 4248711 1 1024
8195 17699 4248721 1 1024
8192 17705 4248731 1 1024
8188 17712 4248741 1 1024
8183 17718 4248751 1 1024
8177 17724 4248761 1 1024
8171 17729 4248771 1 1024
8159 17736 4248781 1 1024
8154 17738 4248791 1 1024
8150 17739 4248801 1 1024
8148 17739 4248811 1 1024
8148 17739 4248821 1 1024
8150 17738 4248831 1 1024
8154 17737 4248841 1 1024
8160 17735 4248851 1 1024
8168 17733 4248861 1 1024
8176 17732 4248871 1 1024
8185 17730 4248881 1 1024
8193 17727 4248891 1 1024
8201 17725 4248901 1 1024
8206 17723 4248911 1 1024
8210 17721 4248921 1 1024
8211 17719 4248931 1 1024
8210 17717 4248941 1 1024
8206 17715 4248951 1 1024
8200 17715 4248961 1 1024
8192 17715 4248971 1 1024
8182 17717 4248981 1 1024
8172 17719 4248991 1 1024
8162 17723 4249001 1 1024
8153 17728 4249011 1 1024
8145 17734 4249021 1 1024
8138 17740 4249031 1 1024
8134 17746 4249041 1 1024
8131 17752 4249051 1 1024
8132 17757 4249061 1 1024
8135 17762 4249071 1 1024
8141 17766 4249081 1 1024
8148 17768 4249091 1 1024
8158 17769 4249101 1 1024
8168 17768 4249111 1 1024
8179 17766 4249121 1 1024
8189 17762 4249131 1 1024
8197 17756 4249141 1 1024
8204 17750 4249151 1 1024
8208 17744 4249161 1 1024
8209 17737 4249171 1 1024
8208 17731 4249181 1 1024
8204 17725 4249191 1 1024
8199 17720 4249201 1 1024
8193 17716 4249211 1 1024
8186 17713 4249221 1 1024
8180 17712 4249231 1 1024
8174 17711 4249241 1 1024
8170 17712 4249251 1 1024
8166 17715 4249261 1 1024
8167 17718 4249271 1 1024
8170 17722 4249281 1 1024
8173 17725 4249291 1 1024
8177 17728 4249301 1 1024
8182 17731 4249311 1 1024
8187 17734 4249321 1 1024
8191 17736 4249331 1 1024
8196 17737 4249341 1 1024
8201 17737 4249351 1 1024
8206 17736 4249361 1 1024
8211 17735 4249371 1 1024
8217 17732 4249381 1 1024
8222 17729 4249391 1 1024
8228 17725 4249401 1 1024
8234 17720 4249411 1 1024
8238 17716 4249421 1 1024
8241 17712 4249431 1 1024
8243 17708 4249441 1 1024
8242 17704 4249451 1 1024
8240 17701 4249461 1 1024
8235 17700 4249471 1 1024
8229 17699 4249481 1 1024
8222 17700 4249491 1 1024
8214 17701 4249501 1 1024
8206 17703 4249511 1 1024
8198 17706 4249521 1 1024
8191 17709 4249531 1 1024
8186 17711 4249541 1 1024
8182 17713 4249551 1 1024
8179 17714 4249561 1 1024
8179 17715 4249571 1 1024
8180 17713 4249581 1 1024
8182 17711 4249591 1 1024
8185 17708 4249601 1 1024
8189 17704 4249611 1 1024
8193 17699 4249621 1 1024
8197 17694 4249631 1 1024
8199 17689 4249641 1 1024
8201 17684 4249651 1 1024
8201 17681 4249661 1 1024
8199 17679 4249671 1 1024
8196 17679 4249681 1 1024
8193 17682 4249691 1 1024
8188 17686 4249701 1 1024
