8279 17685 5538747 1 1024
8166 17577 5538757 1 1024
8108 17521 5538767 1 1024
8086 17500 5538777 1 1024
8079 17495 5538787 1 1024
8073 17491 5538797 1 1024
8067 17488 5538807 1 1024
8059 17483 5538817 1 1024
8054 17480 5538827 1 1024
8049 17478 5538837 1 1024
8043 17475 5538847 1 1024
8036 17472 5538857 1 1024
8030 17469 5538867 1 1024
8024 17467 5538877 1 1024
8018 17464 5538887 1 1024
8013 17462 5538897 1 1024
8009 17461 5538907 1 1024
8006 17460 5538917 1 996
8005 17459 5538927 1 924
8001 17458 5538937 1 771
7999 17457 5538947 1 627
7998 17457 5538957 1 494
7997 17458 5538967 1 372
7997 17458 5538977 1 258
7998 17459 5538987 1 154
8000 17461 5538997 1 58
8003 17463 5539007 0 0
8007 17465 5539017 0 0
8011 17467 5539027 0 0
8016 17469 5539037 0 0
8022 17472 5539047 0 0
8028 17474 5539057 0 0
8035 17477 5539067 0 0
8041 17478 5539077 0 0
8047 17480 5539087 0 0
8052 17482 5539097 0 0
8056 17484 5539107 0 0
8059 17485 5539117 0 0
8060 17486 5539127 0 0
8059 17487 5539137 0 0
8057 17486 5539147 0 0
8054 17486 5539157 0 0
8050 17484 5539167 0 0
8045 17483 5539177 0 0
8040 17480 5539187 0 0
8035 17477 5539197 0 0
8030 17474 5539207 0 0
8026 17471 5539217 0 0
8023 17467 5539227 0 0
8021 17465 5539237 0 0
8019 17462 5539247 0 0
8018 17458 5539257 0 0
8019 17454 5539267 0 0
8020 17449 5539277 0 0
8021 17445 5539287 0 0
8023 17441 5539297 0 0
8026 17437 5539307 0 0
8029 17434 5539317 0 0
8032 17430 5539327 0 0
8037 17427 5539337 1 5
8041 17425 5539347 1 49
8047 17423 5539357 1 95
8053 17422 5539367 1 138
8060 17421 5539377 1 183
8067 17420 5539387 1 228
8072 17421 5539397 1 249
8078 17421 5539407 1 272
8087 17421 5539417 1 315
8096 17421 5539427 1 357
8104 17421 5539437 1 398
8113 17421 5539447 1 439
8120 17421 5539457 1 478
8127 17420 5539467 1 515
8133 17419 5539477 1 551
8138 17418 5539487 1 585
8142 17417 5539497 1 618
8145 17416 5539507 1 648
8147 17415 5539517 1 676
8148 17414 5539527 1 702
8147 17414 5539537 1 726
8146 17413 5539547 1 747
8144 17413 5539557 1 758
8142 17412 5539567 1 766
8139 17413 5539577 1 783
8136 17414 5539587 1 797
8132 17415 5539597 1 809
8128 17416 5539607 1 819
8124 17418 5539617 1 828
8120 17421 5539627 1 835
8115 17424 5539637 1 839
8111 17427 5539647 1 844
8107 17430 5539657 1 846
8102 17434 5539667 1 848
8098 17438 5539677 1 847
8094 17442 5539687 1 847
8090 17446 5539697 1 844
8086 17449 5539707 1 841
8084 17451 5539717 1 840
8083 17453 5539727 1 838
8080 17456 5539737 1 833
8078 17460 5539747 1 828
8076 17463 5539757 1 824
8075 17466 5539767 1 819
8075 17469 5539777 1 813
8075 17472 5539787 1 807
8076 17475 5539797 1 800
8077 17477 5539807 1 794
8078 17479 5539817 1 788
8080 17481 5539827 1 782
8082 17482 5539837 1 777
8085 17482 5539847 1 771
8087 17483 5539857 1 765
8090 17483 5539867 1 761
8091 17482 5539877 1 758
8093 17482 5539887 1 757
8096 17481 5539897 1 753
8099 17480 5539907 1 749
8101 17480 5539917 1 747
8104 17479 5539927 1 744
8105 17478 5539937 1 742
8107 17477 5539947 1 740
8108 17477 5539957 1 739
8108 17476 5539967 1 738
8108 17475 5539977 1 737
8107 17475 5539987 1 737
8107 17474 5539997 1 737
8106 17473 5540007 1 736
8105 17473 5540017 1 737
8104 17472 5540027 1 737
8104 17471 5540037 1 738
8104 17470 5540047 1 738
8103 17469 5540057 1 739
8103 17468 5540067 1 740
8103 17467 5540077 1 742
8103 17466 5540087 1 743
8102 17465 5540097 1 745
8102 17464 5540107 1 747
8102 17463 5540117 1 749
8101 17462 5540127 1 751
8101 17462 5540137 1 752
8101 17462 5540147 1 753
8100 17461 5540157 1 755
8099 17460 5540167 1 757
8098 17459 5540177 1 760
8098 17457 5540187 1 762
8098 17456 5540197 1 765
8098 17455 5540207 1 766
8098 17454 5540217 1 769
8100 17452 5540227 1 771
8103 17450 5540237 1 774
8106 17448 5540247 1 777
8109 17446 5540257 1 781
8113 17444 5540267 1 783
8116 17442 5540277 1 786
8118 17441 5540287 1 790
8120 17440 5540297 1 792
8122 17439 5540307 1 796
8122 17438 5540317 1 799
8121 17437 5540327 1 801
8119 17437 5540337 1 804
8116 17437 5540347 1 806
8113 17437 5540357 1 809
8110 17437 5540367 1 810
8106 17436 5540377 1 811
8103 17436 5540387 1 814
8099 17436 5540397 1 816
8097 17436 5540407 1 818
8095 17436 5540417 1 820
8095 17437 5540427 1 822
8095 17437 5540437 1 823
8096 17437 5540447 1 825
8097 17438 5540457 1 827
8099 17438 5540467 1 829
8102 17439 5540477 1 830
8104 17439 5540487 1 832
8107 17440 5540497 1 833
8110 17441 5540507 1 835
8112 17441 5540517 1 836
8114 17442 5540527 1 838
8116 17443 5540537 1 838
8118 17443 5540547 1 839
8120 17443 5540557 1 842
8121 17443 5540567 1 844
8122 17443 5540577 1 845
8124 17442 5540587 1 847
8125 17441 5540597 1 849
8126 17440 5540607 1 851
8127 17439 5540617 1 854
8128 17437 5540627 1 855
8130 17435 5540637 1 857
8132 17433 5540647 1 860
8134 17432 5540657 1 861
8136 17430 5540667 1 864
8138 17428 5540677 1 866
8139 17427 5540687 1 867
8140 17426 5540697 1 869
8140 17425 5540707 1 871
8140 17425 5540717 1 874
8139 17425 5540727 1 875
8138 17425 5540737 1 878
8136 17426 5540747 1 880
8134 17427 5540757 1 883
8131 17428 5540767 1 884
8129 17430 5540777 1 887
8126 17432 5540787 1 889
8124 17434 5540797 1 892
8122 17436 5540807 1 894
8120 17438 5540817 1 897
8117 17440 5540827 1 898
8115 17442 5540837 1 900
8114 17444 5540847 1 902
8113 17445 5540857 1 904
8111 17446 5540867 1 905
8110 17447 5540877 1 909
8105 17448 5540887 1 910
8098 17448 5540897 1 913
8089 17447 5540907 1 915
8079 17447 5540917 1 918
8068 17445 5540927 1 920
8058 17442 5540937 1 923
8048 17437 5540947 1 925
8039 17431 5540957 1 928
8031 17425 5540967 1 931
8027 17419 5540977 1 933
8028 17413 5540987 1 936
8033 17408 5540997 1 938
8036 17407 5541007 1 940
8040 17406 5541017 1 942
8049 17403 5541027 1 944
8061 17405 5541037 1 947
8073 17409 5541047 1 951
8086 17416 5541057 1 953
8100 17424 5541067 1 956
8112 17433 5541077 1 958
8123 17443 5541087 1 961
8131 17453 5541097 1 964
8137 17462 5541107 1 966
8138 17471 5541117 1 970
8136 17477 5541127 1 972
8129 17482 5541137 1 975
8118 17485 5541147 1 978
8103 17485 5541157 1 980
8093 17484 5541167 1 983
8082 17481 5541177 1 985
8063 17477 5541187 1 988
8045 17471 5541197 1 990
8029 17462 5541207 1 994
8018 17453 5541217 1 997
8012 17444 5541227 1 999
8011 17435 5541237 1 1003
8017 17427 5541247 1 1006
8028 17421 5541257 1 1008
8045 17419 5541267 1 1012
8064 17419 5541277 1 1015
8086 17423 5541287 1 1017
8108 17430 5541297 1 1021
8127 17440 5541307 1 1024
8143 17452 5541317 1 1024
8155 17466 5541327 1 1024
8160 17480 5541337 1 1024
8159 17493 5541347 1 1024
8152 17505 5541357 1 1024
8138 17513 5541367 1 1024
8120 17519 5541377 1 1024
8096 17520 5541387 1 1024
8070 17518 5541397 1 1024
8042 17511 5541407 1 1024
8015 17501 5541417 1 1024
7989 17488 5541427 1 1024
7966 17473 5541437 1 1024
7948 17456 5541447 1 1024
7936 17439 5541457 1 1024
7932 17422 5541467 1 1024
7937 17406 5541477 1 1024
7953 17393 5541487 1 1024
7981 17382 5541497 1 1024
8004 17369 5541507 1 1024
8043 17361 5541517 1 1024
8100 17358 5541527 1 1024
8178 17363 5541537 1 1024
