8468 18713 7216201 1 921
8346 18584 7216211 1 922
8283 18518 7216221 1 922
8259 18493 7216231 1 923
8252 18486 7216241 1 924
8246 18482 7216251 1 924
8239 18478 7216261 1 925
8231 18472 7216271 1 926
8225 18469 7216281 1 927
8220 18466 7216291 1 927
8214 18463 7216301 1 928
8208 18459 7216311 1 929
8203 18456 7216321 1 930
8198 18453 7216331 1 930
8194 18451 7216341 1 931
8191 18449 7216351 1 932
8188 18447 7216361 1 899
8188 18447 7216371 1 854
8188 18447 7216381 1 819
8186 18448 7216391 1 743
8185 18448 7216401 1 703
8185 18448 7216411 1 671
8184 18450 7216421 1 604
8184 18452 7216431 1 541
8184 18455 7216441 1 482
8185 18457 7216451 1 427
8186 18460 7216461 1 376
8188 18462 7216471 1 329
8191 18464 7216481 1 286
8194 18466 7216491 1 246
8197 18467 7216501 1 210
8200 18468 7216511 1 187
8202 18469 7216521 1 185
8205 18470 7216531 1 184
8206 18469 7216541 1 182
8207 18469 7216551 1 180
8207 18470 7216561 1 178
8206 18470 7216571 1 177
8204 18471 7216581 1 175
8201 18472 7216591 1 173
8200 18472 7216601 1 172
8198 18472 7216611 1 172
8194 18472 7216621 1 170
8190 18472 7216631 1 168
8186 18472 7216641 1 167
8183 18472 7216651 1 165
8180 18471 7216661 1 163
8178 18470 7216671 1 161
8177 18469 7216681 1 160
8177 18466 7216691 1 158
8178 18464 7216701 1 156
8179 18463 7216711 1 155
8181 18461 7216721 1 153
8183 18457 7216731 1 151
8186 18452 7216741 1 149
8190 18447 7216751 1 148
8194 18442 7216761 1 154
8198 18437 7216771 1 175
8203 18432 7216781 1 198
8208 18427 7216791 1 221
8211 18424 7216801 1 233
8213 18422 7216811 1 245
8219 18417 7216821 1 269
8224 18412 7216831 1 295
8230 18407 7216841 1 321
8236 18403 7216851 1 347
8242 18398 7216861 1 373
8248 18394 7216871 1 400
8252 18391 7216881 1 412
8256 18389 7216891 1 425
8263 18387 7216901 1 452
8270 18385 7216911 1 479
8276 18385 7216921 1 504
8282 18385 7216931 1 530
8288 18386 7216941 1 556
8293 18388 7216951 1 580
8296 18390 7216961 1 604
8300 18392 7216971 1 626
8302 18393 7216981 1 649
8304 18395 7216991 1 669
8304 18395 7217001 1 679
8304 18395 7217011 1 688
8304 18396 7217021 1 706
8304 18395 7217031 1 723
8302 18394 7217041 1 738
8300 18393 7217051 1 746
8299 18392 7217061 1 752
8297 18391 7217071 1 764
8296 18390 7217081 1 774
8294 18389 7217091 1 783
8292 18389 7217101 1 791
8291 18390 7217111 1 798
8289 18391 7217121 1 804
8287 18393 7217131 1 808
8285 18397 7217141 1 812
8283 18400 7217151 1 814
8281 18405 7217161 1 816
8278 18410 7217171 1 816
8275 18416 7217181 1 816
8272 18421 7217191 1 815
8271 18425 7217201 1 814
8269 18427 7217211 1 813
8268 18431 7217221 1 812
8266 18435 7217231 1 812
8263 18440 7217241 1 808
8259 18445 7217251 1 805
8255 18449 7217261 1 802
8251 18453 7217271 1 798
8247 18456 7217281 1 794
8244 18458 7217291 1 790
8242 18460 7217301 1 784
8241 18462 7217311 1 780
8240 18463 7217321 1 775
8241 18465 7217331 1 771
8242 18466 7217341 1 766
8245 18468 7217351 1 762
8248 18471 7217361 1 757
8251 18473 7217371 1 754
8254 18475 7217381 1 752
8257 18478 7217391 1 751
8258 18479 7217401 1 750
8260 18479 7217411 1 747
8264 18480 7217421 1 745
8267 18480 7217431 1 743
8270 18479 7217441 1 740
8273 18478 7217451 1 739
8274 18475 7217461 1 737
8275 18472 7217471 1 736
8276 18469 7217481 1 736
8276 18466 7217491 1 735
8276 18462 7217501 1 735
8276 18459 7217511 1 735
8275 18456 7217521 1 735
8275 18453 7217531 1 736
8274 18452 7217541 1 736
8274 18451 7217551 1 737
8275 18451 7217561 1 737
8274 18452 7217571 1 738
8274 18453 7217581 1 739
8274 18454 7217591 1 741
8274 18455 7217601 1 742
8273 18455 7217611 1 742
8272 18456 7217621 1 744
8271 18457 7217631 1 746
8270 18458 7217641 1 748
8269 18457 7217651 1 750
8268 18455 7217661 1 752
8267 18453 7217671 1 755
8266 18450 7217681 1 756
8265 18447 7217691 1 759
8265 18443 7217701 1 761
8265 18439 7217711 1 764
8266 18435 7217721 1 765
8266 18433 7217731 1 767
8267 18429 7217741 1 769
8269 18427 7217751 1 771
8270 18425 7217761 1 774
8271 18423 7217771 1 777
8273 18422 7217781 1 779
8274 18422 7217791 1 782
8274 18422 7217801 1 783
8274 18422 7217811 1 784
8275 18423 7217821 1 786
8275 18424 7217831 1 789
8275 18425 7217841 1 791
8275 18426 7217851 1 793
8274 18427 7217861 1 795
8274 18428 7217871 1 797
8273 18429 7217881 1 798
8274 18429 7217891 1 799
8274 18430 7217901 1 800
8274 18430 7217911 1 802
8274 18429 7217921 1 803
8274 18429 7217931 1 804
8274 18428 7217941 1 806
8274 18427 7217951 1 806
8275 18426 7217961 1 807
8275 18425 7217971 1 808
8276 18425 7217981 1 809
8276 18424 7217991 1 810
8276 18424 7218001 1 810
8276 18424 7218011 1 811
8276 18425 7218021 1 811
8276 18426 7218031 1 812
8276 18428 7218041 1 813
8276 18431 7218051 1 813
8275 18434 7218061 1 814
8274 18437 7218071 1 814
8274 18440 7218081 1 814
8275 18444 7218091 1 816
8275 18448 7218101 1 817
8277 18450 7218111 1 817
8279 18453 7218121 1 818
8281 18454 7218131 1 819
8283 18455 7218141 1 820
8285 18455 7218151 1 821
8288 18453 7218161 1 822
8290 18451 7218171 1 823
8292 18448 7218181 1 824
8293 18444 7218191 1 825
8294 18442 7218201 1 825
8294 18440 7218211 1 826
8294 18435 7218221 1 827
8293 18431 7218231 1 827
8292 18427 7218241 1 828
8292 18423 7218251 1 828
8292 18420 7218261 1 830
8292 18417 7218271 1 830
8293 18416 7218281 1 832
8294 18415 7218291 1 832
8296 18415 7218301 1 834
8299 18417 7218311 1 834
8302 18419 7218321 1 836
8305 18422 7218331 1 836
8308 18425 7218341 1 838
8311 18428 7218351 1 838
8313 18431 7218361 1 839
8314 18433 7218371 1 840
8315 18435 7218381 1 840
8315 18435 7218391 1 841
8316 18435 7218401 1 841
8315 18435 7218411 1 841
8314 18434 7218421 1 842
8311 18433 7218431 1 843
8304 18431 7218441 1 844
8293 18430 7218451 1 845
8280 18428 7218461 1 845
8265 18426 7218471 1 847
8249 18424 7218481 1 847
8233 18420 7218491 1 848
8218 18415 7218501 1 849
8205 18409 7218511 1 850
8193 18402 7218521 1 851
8188 18396 7218531 1 851
8188 18390 7218541 1 853
8193 18385 7218551 1 853
8197 18383 7218561 1 853
8203 18381 7218571 1 854
8214 18379 7218581 1 854
8227 18380 7218591 1 855
8234 18381 7218601 1 856
8240 18384 7218611 1 857
8254 18391 7218621 1 857
8266 18399 7218631 1 858
8277 18409 7218641 1 858
8286 18420 7218651 1 859
8291 18430 7218661 1 861
8294 18440 7218671 1 861
8293 18449 7218681 1 862
8288 18457 7218691 1 862
8281 18462 7218701 1 863
8271 18466 7218711 1 864
8259 18467 7218721 1 865
8253 18468 7218731 1 865
8247 18467 7218741 1 865
8234 18465 7218751 1 866
8221 18460 7218761 1 867
8211 18454 7218771 1 868
8205 18447 7218781 1 869
8203 18439 7218791 1 869
8203 18434 7218801 1 869
8205 18430 7218811 1 870
8213 18423 7218821 1 871
8225 18417 7218831 1 871
8240 18414 7218841 1 872
8259 18415 7218851 1 873
8280 18418 7218861 1 873
8299 18426 7218871 1 874
8317 18436 7218881 1 875
8332 18450 7218891 1 876
8341 18466 7218901 1 876
8345 18483 7218911 1 877
8343 18500 7218921 1 878
8334 18515 7218931 1 878
8320 18527 7218941 1 879
8300 18534 7218951 1 880
8276 18538 7218961 1 881
8249 18536 7218971 1 881
8222 18529 7218981 1 882
8194 18517 7218991 1 883
8168 18501 7219001 1 884
8146 18481 7219011 1 884
8128 18459 7219021 1 885
8118 18435 7219031 1 885
8115 18413 7219041 1 886
8121 18392 7219051 1 887
8139 18374 7219061 1 888
8169 18360 7219071 1 888
8192 18343 7219081 1 888
8232 18333 7219091 1 889
8291 18330 7219101 1 890
8372 18337 7219111 1 891
