8207 18680 4130853 1 732
8207 18680 4130863 1 718
8207 18680 4130873 1 712
8207 18680 4130883 1 712
8207 18679 4130893 1 714
8207 18680 4130903 1 714
8207 18680 4130913 1 715
8207 18680 4130923 1 715
8207 18680 4130933 1 715
8207 18679 4130943 1 715
8207 18678 4130953 1 717
8208 18676 4130963 1 717
8208 18674 4130973 1 718
8209 18671 4130983 1 718
8209 18667 4130993 1 719
8209 18662 4131003 1 720
8209 18657 4131013 1 719
8208 18651 4131023 1 719
8207 18646 4131033 1 721
8205 18640 4131043 1 721
8204 18635 4131053 1 722
8201 18630 4131063 1 723
8199 18625 4131073 1 724
8196 18620 4131083 1 723
8193 18616 4131093 1 723
8189 18612 4131103 1 725
8185 18609 4131113 1 725
8181 18606 4131123 1 726
8177 18603 4131133 1 726
8172 18600 4131143 1 727
8168 18598 4131153 1 727
8163 18595 4131163 1 728
8159 18592 4131173 1 729
8156 18590 4131183 1 729
8154 18589 4131193 1 729
8152 18588 4131203 1 730
8149 18587 4131213 1 730
8146 18587 4131223 1 731
8143 18588 4131233 1 731
8141 18589 4131243 1 732
8138 18591 4131253 1 733
8136 18592 4131263 1 733
8135 18594 4131273 1 734
8133 18595 4131283 1 734
8131 18596 4131293 1 735
8130 18596 4131303 1 735
8128 18597 4131313 1 736
8127 18599 4131323 1 737
8125 18600 4131333 1 737
8124 18602 4131343 1 738
8122 18604 4131353 1 738
8120 18606 4131363 1 739
8118 18608 4131373 1 739
8116 18609 4131383 1 740
8114 18611 4131393 1 741
8113 18613 4131403 1 741
8112 18614 4131413 1 742
8111 18615 4131423 1 742
8110 18615 4131433 1 742
8111 18615 4131443 1 743
8111 18614 4131453 1 745
8112 18614 4131463 1 745
8114 18614 4131473 1 746
8116 18615 4131483 1 746
8119 18617 4131493 1 747
8123 18618 4131503 1 747
8128 18621 4131513 1 747
8133 18623 4131523 1 749
8135 18624 4131533 1 750
8138 18624 4131543 1 750
8144 18627 4131553 1 750
8151 18629 4131563 1 751
8158 18631 4131573 1 751
8165 18633 4131583 1 752
8172 18635 4131593 1 752
8180 18637 4131603 1 752
8187 18639 4131613 1 754
8195 18642 4131623 1 754
8202 18644 4131633 1 755
8209 18645 4131643 1 756
8216 18647 4131653 1 756
8222 18648 4131663 1 756
8229 18648 4131673 1 758
8235 18647 4131683 1 758
8240 18645 4131693 1 759
8246 18641 4131703 1 760
8251 18637 4131713 1 760
8255 18632 4131723 1 760
8258 18628 4131733 1 761
8260 18623 4131743 1 763
8261 18619 4131753 1 763
8261 18614 4131763 1 764
8261 18609 4131773 1 764
8259 18604 4131783 1 765
8257 18600 4131793 1 765
8254 18596 4131803 1 765
8251 18592 4131813 1 766
8248 18589 4131823 1 768
8244 18587 4131833 1 769
8241 18585 4131843 1 769
8237 18584 4131853 1 770
8233 18584 4131863 1 770
8231 18584 4131873 1 770
8229 18584 4131883 1 770
8226 18585 4131893 1 771
8222 18586 4131903 1 771
8219 18588 4131913 1 773
8216 18591 4131923 1 774
8213 18595 4131933 1 775
8210 18599 4131943 1 775
8208 18603 4131953 1 775
8205 18608 4131963 1 776
8203 18613 4131973 1 777
8200 18618 4131983 1 778
8198 18624 4131993 1 779
8196 18630 4132003 1 779
8193 18636 4132013 1 779
8191 18643 4132023 1 780
8189 18649 4132033 1 781
8186 18655 4132043 1 782
8184 18660 4132053 1 782
8182 18665 4132063 1 784
8179 18670 4132073 1 784
8177 18675 4132083 1 784
8175 18680 4132093 1 785
8174 18685 4132103 1 786
8172 18689 4132113 1 787
8171 18692 4132123 1 788
8170 18696 4132133 1 788
8170 18699 4132143 1 790
8169 18702 4132153 1 790
8168 18705 4132163 1 790
8167 18707 4132173 1 791
8165 18710 4132183 1 792
8163 18712 4132193 1 792
8161 18714 4132203 1 794
8160 18715 4132213 1 795
8159 18715 4132223 1 794
8157 18716 4132233 1 795
8155 18715 4132243 1 796
8153 18714 4132253 1 796
8151 18713 4132263 1 797
8149 18711 4132273 1 798
8147 18709 4132283 1 798
8145 18707 4132293 1 799
8142 18705 4132303 1 800
8140 18704 4132313 1 800
8138 18702 4132323 1 802
8136 18701 4132333 1 803
8134 18699 4132343 1 803
8133 18698 4132353 1 804
8131 18696 4132363 1 805
8130 18694 4132373 1 805
8130 18693 4132383 1 805
8129 18693 4132393 1 806
8129 18692 4132403 1 808
8129 18692 4132413 1 809
8129 18691 4132423 1 810
8129 18691 4132433 1 810
8129 18690 4132443 1 810
8130 18689 4132453 1 811
8130 18689 4132463 1 812
8131 18688 4132473 1 812
8132 18687 4132483 1 813
8133 18687 4132493 1 815
8134 18686 4132503 1 816
8134 18686 4132513 1 817
8134 18686 4132523 1 817
8133 18686 4132533 1 817
8132 18687 4132543 1 818
8131 18688 4132553 1 819
8130 18688 4132563 1 819
8128 18690 4132573 1 820
8126 18691 4132583 1 820
8123 18693 4132593 1 822
8120 18695 4132603 1 823
8117 18697 4132613 1 823
8114 18698 4132623 1 824
8111 18698 4132633 1 825
8108 18699 4132643 1 826
8105 18699 4132653 1 826
8103 18699 4132663 1 826
8101 18698 4132673 1 827
8099 18697 4132683 1 828
8097 18696 4132693 1 830
8095 18695 4132703 1 831
8094 18693 4132713 1 832
8093 18692 4132723 1 832
8092 18691 4132733 1 832
8091 18690 4132743 1 833
8090 18689 4132753 1 834
8090 18687 4132763 1 835
8090 18686 4132773 1 835
8090 18684 4132783 1 837
8091 18682 4132793 1 839
8091 18680 4132803 1 839
8092 18676 4132813 1 839
8093 18672 4132823 1 840
8094 18668 4132833 1 841
8096 18664 4132843 1 842
8098 18659 4132853 1 842
8100 18655 4132863 1 843
8103 18651 4132873 1 845
8106 18646 4132883 1 845
8107 18644 4132893 1 845
8109 18642 4132903 1 845
8113 18639 4132913 1 846
8116 18636 4132923 1 848
8120 18633 4132933 1 849
8124 18632 4132943 1 849
8128 18631 4132953 1 849
8131 18632 4132963 1 850
8135 18633 4132973 1 851
8138 18635 4132983 1 852
8141 18637 4132993 1 853
8145 18639 4133003 1 854
8149 18641 4133013 1 855
8153 18643 4133023 1 856
8156 18645 4133033 1 856
8160 18647 4133043 1 857
8164 18649 4133053 1 858
8167 18651 4133063 1 859
8170 18654 4133073 1 861
8173 18656 4133083 1 861
8176 18658 4133093 1 861
8179 18660 4133103 1 862
8181 18662 4133113 1 863
8183 18664 4133123 1 864
8185 18665 4133133 1 865
8186 18667 4133143 1 865
8187 18668 4133153 1 866
8188 18670 4133163 1 868
8189 18672 4133173 1 869
8189 18675 4133183 1 870
8189 18679 4133193 1 871
8189 18683 4133203 1 871
8189 18687 4133213 1 872
8190 18691 4133223 1 873
8190 18694 4133233 1 873
8190 18696 4133243 1 873
8190 18699 4133253 1 874
8189 18702 4133263 1 875
8189 18705 4133273 1 876
8189 18706 4133283 1 877
8189 18706 4133293 1 878
8189 18705 4133303 1 879
8189 18703 4133313 1 880
8189 18700 4133323 1 880
8189 18696 4133333 1 882
8189 18691 4133343 1 882
8189 18687 4133353 1 883
8190 18682 4133363 1 885
8190 18678 4133373 1 886
8191 18675 4133383 1 886
8191 18672 4133393 1 887
8191 18669 4133403 1 888
8191 18667 4133413 1 888
8190 18666 4133423 1 889
8190 18664 4133433 1 890
8190 18663 4133443 1 891
8189 18663 4133453 1 892
8189 18663 4133463 1 893
8189 18663 4133473 1 894
8189 18664 4133483 1 894
8189 18664 4133493 1 895
8189 18664 4133503 1 896
8190 18665 4133513 1 897
8191 18665 4133523 1 898
8191 18665 4133533 1 899
8192 18664 4133543 1 900
8193 18663 4133553 1 902
8194 18661 4133563 1 903
8195 18660 4133573 1 903
8195 18658 4133583 1 903
8196 18654 4133593 1 904
8197 18650 4133603 1 904
8198 18646 4133613 1 905
8199 18643 4133623 1 906
8199 18640 4133633 1 907
8200 18637 4133643 1 908
8201 18636 4133653 1 910
8201 18634 4133663 1 911
8202 18633 4133673 1 911
8202 18633 4133683 1 912
8203 18633 4133693 1 913
8203 18633 4133703 1 913
8203 18635 4133713 1 914
8202 18637 4133723 1 915
8202 18639 4133733 1 916
8201 18642 4133743 1 917
8200 18645 4133753 1 918
8199 18650 4133763 1 919
8197 18654 4133773 1 920
8196 18660 4133783 1 921
8194 18665 4133793 1 922
8193 18670 4133803 1 923
8192 18676 4133813 1 924
8191 18681 4133823 1 924
8190 18685 4133833 1 925
8190 18689 4133843 1 928
8190 18692 4133853 1 928
8190 18693 4133863 1 929
8190 18694 4133873 1 930
8189 18694 4133883 1 930
8189 18693 4133893 1 931
8189 18691 4133903 1 932
8189 18690 4133913 1 932
8189 18688 4133923 1 933
8188 18684 4133933 1 934
8188 18679 4133943 1 936
8189 18674 4133953 1 937
8189 18669 4133963 1 937
8189 18663 4133973 1 938
8189 18657 4133983 1 939
8190 18652 4133993 1 940
8190 18646 4134003 1 941
8191 18641 4134013 1 942
8191 18636 4134023 1 943
8192 18632 4134033 1 944
8193 18628 4134043 1 945
8194 18625 4134053 1 946
8195 18622 4134063 1 947
8197 18620 4134073 1 948
8198 18618 4134083 1 949
8199 18618 4134093 1 950
8201 18619 4134103 1 950
8202 18620 4134113 1 951
8203 18622 4134123 1 952
8203 18625 4134133 1 955
8204 18628 4134143 1 959
8204 18631 4134153 1 963
8204 18634 4134163 1 969
8204 18637 4134173 1 973
8203 18640 4134183 1 976
8203 18642 4134193 1 983
8202 18644 4134203 1 992
8201 18645 4134213 1 1001
8199 18645 4134223 1 1017
8198 18646 4134233 1 1017
8196 18646 4134243 1 1016
8195 18646 4134253 1 1017
8194 18646 4134263 1 1017
8191 18647 4134273 1 1017
8189 18648 4134283 1 1017
8187 18649 4134293 1 1018
8185 18650 4134303 1 1018
8183 18652 4134313 1 1018
8182 18654 4134323 1 1018
8181 18655 4134333 1 1018
8180 18657 4134343 1 1018
8180 18658 4134353 1 1019
8180 18660 4134363 1 1018
8180 18661 4134373 1 1018
8181 18662 4134383 1 1018
8181 18663 4134393 1 1018
8182 18665 4134403 1 1018
8182 18667 4134413 1 1018
8183 18670 4134423 1 1019
8183 18672 4134433 1 1005
8183 18674 4134443 1 983
8182 18676 4134453 1 957
8182 18677 4134463 1 944
8182 18679 4134473 1 930
8181 18680 4134483 1 898
8181 18680 4134493 1 865
8181 18680 4134503 1 830
8181 18679 4134513 1 752
8181 18678 4134523 1 712
8181 18677 4134533 1 694
8181 18676 4134543 1 669
8180 18674 4134553 1 626
8180 18672 4134563 1 582
8179 18670 4134573 1 538
8179 18668 4134583 1 493
8178 18667 4134593 1 471
8178 18665 4134603 1 449
8177 18662 4134613 1 404
8177 18659 4134623 1 361
8176 18657 4134633 1 319
8175 18655 4134643 1 276
8175 18653 4134653 1 236
8174 18652 4134663 1 197
8174 18651 4134673 1 161
8173 18651 4134683 1 142
8173 18651 4134693 1 127
8172 18652 4134703 1 94
8171 18652 4134713 1 38
8170 18653 4134723 1 14
8170 18653 4134733 1 13
8169 18654 4134743 1 13
8168 18654 4134753 1 13
8167 18654 4134763 1 13
8167 18655 4134773 1 12
8167 18656 4134783 1 13
8167 18656 4134793 1 12
8168 18656 4134803 1 11
8168 18656 4134813 1 10
8169 18655 4134823 1 10
8169 18653 4134833 1 10
8170 18651 4134843 1 10
8171 18649 4134853 1 9
8172 18646 4134863 1 9
8173 18644 4134873 1 7
8174 18641 4134883 1 18
8175 18638 4134893 1 36
8176 18635 4134903 1 57
8177 18633 4134913 1 78
8178 18633 4134923 1 102
8178 18632 4134933 1 115
8179 18633 4134943 1 128
8180 18633 4134953 1 154
8181 18634 4134963 1 182
8183 18635 4134973 1 199
8184 18636 4134983 1 212
8186 18637 4134993 1 241
8187 18637 4135003 1 308
8189 18637 4135013 1 342
8190 18637 4135023 1 377
8192 18637 4135033 1 411
8194 18638 4135043 1 428
8195 18639 4135053 1 446
8197 18641 4135063 1 482
8198 18643 4135073 1 517
8200 18646 4135083 1 552
8202 18648 4135093 1 623
8204 18651 4135103 1 658
8206 18655 4135113 1 673
8208 18658 4135123 1 692
8209 18661 4135133 1 726
8210 18664 4135143 1 759
8211 18666 4135153 1 791
8212 18667 4135163 1 822
8212 18668 4135173 1 852
8212 18669 4135183 1 881
8211 18669 4135193 1 909
8211 18669 4135203 1 937
8210 18667 4135213 1 961
8209 18666 4135223 1 985
8208 18664 4135233 1 1007
8206 18662 4135243 1 1023
8204 18660 4135253 1 1024
8202 18658 4135263 1 1023
8202 18657 4135273 1 1022
8201 18656 4135283 1 1022
8199 18654 4135293 1 1022
8197 18652 4135303 1 1022
8195 18651 4135313 1 1022
8193 18650 4135323 1 1022
8191 18650 4135333 1 1022
8189 18650 4135343 1 1021
8187 18651 4135353 1 1021
8185 18652 4135363 1 1021
8183 18653 4135373 1 1022
8182 18655 4135383 1 1022
8180 18658 4135393 1 1022
8179 18660 4135403 1 1021
8178 18662 4135413 1 1021
8177 18663 4135423 1 1021
8176 18664 4135433 1 1021
8175 18664 4135443 1 1021
8175 18663 4135453 1 1021
8174 18662 4135463 1 1021
8173 18660 4135473 1 1021
8173 18658 4135483 1 1020
8172 18655 4135493 1 1020
8172 18652 4135503 1 1020
8171 18650 4135513 1 1021
8171 18648 4135523 1 1021
8171 18646 4135533 1 1021
8171 18644 4135543 1 1020
8171 18642 4135553 1 1020
8171 18641 4135563 1 1020
8172 18639 4135573 1 1020
8172 18638 4135583 1 1020
8172 18637 4135593 1 1020
8172 18636 4135603 1 1020
8172 18636 4135613 1 1020
8172 18636 4135623 1 1020
8172 18637 4135633 1 1019
8173 18639 4135643 1 1019
8174 18642 4135653 1 1020
8174 18645 4135663 1 1020
8175 18648 4135673 1 1020
8176 18651 4135683 1 1019
8176 18654 4135693 1 1019
8177 18657 4135703 1 1019
8177 18660 4135713 1 1019
8178 18662 4135723 1 1019
8179 18664 4135733 1 1019
8179 18666 4135743 1 1019
8180 18668 4135753 1 1019
8181 18671 4135763 1 1019
8182 18673 4135773 1 1018
8183 18676 4135783 1 1018
8184 18679 4135793 1 1019
8186 18682 4135803 1 1019
8187 18686 4135813 1 1019
8188 18689 4135823 1 1018
8190 18693 4135833 1 1018
8191 18695 4135843 1 1018
8191 18697 4135853 1 1018
8192 18699 4135863 1 1018
8192 18700 4135873 1 1018
8193 18701 4135883 1 1018
8193 18702 4135893 1 1017
8194 18702 4135903 1 1017
8195 18703 4135913 1 1017
8196 18703 4135923 1 1017
8198 18704 4135933 1 1018
8200 18704 4135943 1 1018
8201 18704 4135953 1 1018
8203 18704 4135963 1 1018
8205 18705 4135973 1 1017
8208 18705 4135983 1 1017
8211 18706 4135993 1 1017
8213 18706 4136003 1 1017
8216 18707 4136013 1 1017
8218 18707 4136023 1 1017
8220 18708 4136033 1 1017
8222 18708 4136043 1 1016
8223 18709 4136053 1 1016
8225 18711 4136063 1 1016
8227 18712 4136073 1 1016
8228 18714 4136083 1 1016
8230 18715 4136093 1 1017
8232 18716 4136103 1 1017
8233 18717 4136113 1 1016
8234 18717 4136123 1 1015
8236 18718 4136133 1 1016
8237 18718 4136143 1 1016
8237 18719 4136153 1 1016
8238 18720 4136163 1 1016
8238 18722 4136173 1 1015
8239 18723 4136183 1 1015
8239 18724 4136193 1 1015
8240 18725 4136203 1 1015
8241 18726 4136213 1 1015
8241 18727 4136223 1 1015
8242 18727 4136233 1 1015
8243 18728 4136243 1 1014
8244 18727 4136253 1 1015
8244 18727 4136263 1 1015
8245 18726 4136273 1 1015
8245 18726 4136283 1 1015
8246 18726 4136293 1 1015
8246 18726 4136303 1 1015
8247 18725 4136313 1 1015
8248 18725 4136323 1 1015
8249 18725 4136333 1 1014
8250 18724 4136343 1 1014
8251 18724 4136353 1 1014
8252 18723 4136363 1 1014
8254 18723 4136373 1 1014
8256 18722 4136383 1 1014
8258 18721 4136393 1 1013
8259 18720 4136403 1 1013
8261 18719 4136413 1 1014
8262 18718 4136423 1 1014
8263 18716 4136433 1 1014
8264 18714 4136443 1 1014
8265 18712 4136453 1 1014
8265 18710 4136463 1 1013
8266 18708 4136473 1 1013
8266 18706 4136483 1 1013
8265 18704 4136493 1 1013
8265 18701 4136503 1 1013
8264 18699 4136513 1 1013
8264 18697 4136523 1 1013
8263 18694 4136533 1 1012
8262 18691 4136543 1 1012
8261 18688 4136553 1 1012
8260 18685 4136563 1 1012
8259 18682 4136573 1 1013
8258 18680 4136583 1 1013
8257 18679 4136593 1 1013
8256 18678 4136603 1 1012
8255 18678 4136613 1 1012
8255 18678 4136623 1 1012
8255 18679 4136633 1 1012
8255 18679 4136643 1 1012
8255 18681 4136653 1 1012
8255 18682 4136663 1 1012
8254 18684 4136673 1 1011
8253 18685 4136683 1 1011
8252 18687 4136693 1 1011
8251 18688 4136703 1 1011
8249 18689 4136713 1 1011
8248 18691 4136723 1 1011
8246 18692 4136733 1 1011
8244 18694 4136743 1 1010
8243 18695 4136753 1 1010
8242 18697 4136763 1 1011
8241 18699 4136773 1 1011
8240 18701 4136783 1 1011
8240 18703 4136793 1 1011
8239 18704 4136803 1 1011
8239 18704 4136813 1 1011
8239 18703 4136823 1 1010
8240 18702 4136833 1 1010
8241 18700 4136843 1 1010
8242 18698 4136853 1 1010
8244 18696 4136863 1 1010
8246 18693 4136873 1 1010
8248 18690 4136883 1 1009
8250 18688 4136893 1 1009
8252 18685 4136903 1 1009
8254 18682 4136913 1 1009
8256 18679 4136923 1 1009
8259 18677 4136933 1 1010
8261 18675 4136943 1 1010
8263 18674 4136953 1 1009
8266 18673 4136963 1 1009
8267 18672 4136973 1 1009
8268 18672 4136983 1 1009
8270 18671 4136993 1 1009
8272 18671 4137003 1 1009
8273 18670 4137013 1 1009
8274 18670 4137023 1 1008
8274 18670 4137033 1 1008
8274 18670 4137043 1 1008
8273 18670 4137053 1 1008
8271 18670 4137063 1 1008
8270 18670 4137073 1 1008
8267 18671 4137083 1 1008
8265 18672 4137093 1 1008
8262 18673 4137103 1 1007
8259 18674 4137113 1 1007
8256 18675 4137123 1 1007
8253 18676 4137133 1 1007
8251 18677 4137143 1 1008
8248 18678 4137153 1 1008
8246 18680 4137163 1 1008
8245 18681 4137173 1 1007
8244 18682 4137183 1 1007
8243 18683 4137193 1 1007
8243 18681 4137203 1 1007
8244 18677 4137213 1 1007
8245 18670 4137223 1 1007
8247 18659 4137233 1 1006
8248 18644 4137243 1 1006
8250 18627 4137253 1 1006
8250 18609 4137263 1 1006
8250 18590 4137273 1 1006
8250 18573 4137283 1 1006
8248 18558 4137293 1 1006
8243 18546 4137303 1 1005
8241 18540 4137313 1 1005
8235 18537 4137323 1 1005
8221 18532 4137333 1 1005
8200 18531 4137343 1 1005
8175 18536 4137353 1 1005
8147 18546 4137363 1 1006
8120 18560 4137373 1 1006
8097 18577 4137383 1 1005
8078 18594 4137393 1 1005
8064 18611 4137403 1 1005
8056 18628 4137413 1 1005
8054 18644 4137423 1 1005
8058 18659 4137433 1 1005
8067 18675 4137443 1 1005
8080 18690 4137453 1 1004
8095 18704 4137463 1 1004
8110 18714 4137473 1 1004
8127 18720 4137483 1 1004
8145 18723 4137493 1 1004
8163 18722 4137503 1 1003
8183 18719 4137513 1 1003
8203 18713 4137523 1 1003
8222 18705 4137533 1 1003
8240 18696 4137543 1 1003
8255 18685 4137553 1 1003
8266 18674 4137563 1 1003
8274 18663 4137573 1 1002
8277 18652 4137583 1 1002
8276 18643 4137593 1 1003
8272 18634 4137603 1 1003
8262 18626 4137613 1 1003
8249 18619 4137623 1 1003
8233 18615 4137633 1 1002
8214 18612 4137643 1 1002
8204 18612 4137653 1 1002
8194 18614 4137663 1 1002
8173 18619 4137673 1 1002
8151 18628 4137683 1 1002
8130 18642 4137693 1 1001
8110 18658 4137703 1 1001
8093 18675 4137713 1 1001
8079 18692 4137723 1 1001
8071 18709 4137733 1 1001
8068 18727 4137743 1 1001
8070 18746 4137753 1 1000
8078 18765 4137763 1 1000
8091 18784 4137773 1 1000
8107 18801 4137783 1 1000
8125 18816 4137793 1 1000
8144 18827 4137803 1 1000
8163 18834 4137813 1 999
8184 18832 4137823 1 999
8194 18817 4137833 1 999
8184 18816 4137843 1 999
8191 18825 4137853 1 999
8202 18821 4137863 1 1000
8206 18812 4137873 1 998
8207 18801 4137883 1 999
8203 18791 4137893 1 999
8197 18782 4137903 1 999
8190 18776 4137913 1 999
8181 18772 4137923 1 999
8173 18770 4137933 1 998
8164 18769 4137943 1 998
8156 18768 4137953 1 998
8149 18768 4137963 1 998
8143 18769 4137973 1 998
8137 18770 4137983 1 997
8135 18770 4137993 1 997
8132 18772 4138003 1 997
8129 18774 4138013 1 997
8125 18777 4138023 1 997
8123 18780 4138033 1 997
8121 18784 4138043 1 997
8120 18787 4138053 1 997
8119 18791 4138063 1 996
8118 18793 4138073 1 996
8118 18795 4138083 1 996
8118 18797 4138093 1 996
8118 18799 4138103 1 996
8118 18801 4138113 1 995
8117 18802 4138123 1 995
8117 18803 4138133 1 995
8116 18803 4138143 1 995
8116 18803 4138153 1 995
8115 18802 4138163 1 995
8114 18801 4138173 1 994
8113 18800 4138183 1 994
8113 18799 4138193 1 994
8112 18799 4138203 1 995
8112 18798 4138213 1 995
8111 18798 4138223 1 995
8111 18798 4138233 1 994
8111 18798 4138243 1 994
8112 18799 4138253 1 994
8112 18800 4138263 1 994
8113 18802 4138273 1 994
8113 18804 4138283 1 994
8113 18805 4138293 1 993
8114 18807 4138303 1 993
8113 18809 4138313 1 993
8113 18812 4138323 1 993
8113 18813 4138333 1 993
8113 18814 4138343 1 993
8112 18816 4138353 1 993
8111 18818 4138363 1 992
8111 18819 4138373 1 992
8110 18820 4138383 1 992
8109 18821 4138393 1 992
8108 18821 4138403 1 992
8107 18821 4138413 1 991
8106 18822 4138423 1 991
8105 18822 4138433 1 991
8104 18823 4138443 1 991
8103 18824 4138453 1 991
8101 18825 4138463 1 991
8100 18826 4138473 1 991
8099 18827 4138483 1 990
8098 18829 4138493 1 990
8098 18830 4138503 1 990
8098 18832 4138513 1 990
8098 18833 4138523 1 990
8099 18835 4138533 1 989
8099 18835 4138543 1 989
8100 18836 4138553 1 989
8101 18836 4138563 1 989
8102 18836 4138573 1 989
8103 18835 4138583 1 990
8103 18833 4138593 1 988
8104 18832 4138603 1 988
8104 18830 4138613 1 988
8104 18828 4138623 1 989
8104 18827 4138633 1 989
8104 18825 4138643 1 989
8103 18824 4138653 1 988
8101 18823 4138663 1 988
8100 18822 4138673 1 988
8098 18822 4138683 1 988
8097 18823 4138693 1 988
8096 18825 4138703 1 988
8095 18826 4138713 1 987
8095 18828 4138723 1 987
8096 18830 4138733 1 987
8097 18832 4138743 1 987
8099 18833 4138753 1 987
8101 18835 4138763 1 987
8103 18836 4138773 1 986
8105 18838 4138783 1 986
8107 18839 4138793 1 986
8109 18840 4138803 1 986
8111 18841 4138813 1 986
8113 18841 4138823 1 985
8114 18841 4138833 1 985
8115 18841 4138843 1 985
8115 18841 4138853 1 985
8115 18841 4138863 1 985
