7712 17623 3962554 1 722
7712 17623 3962564 1 722
7712 17623 3962574 1 723
7711 17623 3962584 1 723
7711 17623 3962594 1 724
7710 17623 3962604 1 724
7709 17623 3962614 1 725
7708 17622 3962624 1 726
7708 17622 3962634 1 726
7707 17622 3962644 1 727
7706 17622 3962654 1 727
7705 17622 3962664 1 728
7701 17622 3962674 1 728
7699 17622 3962684 1 728
7696 17621 3962694 1 729
7693 17619 3962704 1 730
7690 17617 3962714 1 731
7687 17615 3962724 1 732
7681 17608 3962734 1 732
7677 17603 3962744 1 732
7674 17599 3962754 1 733
7670 17595 3962764 1 733
7667 17591 3962774 1 734
7663 17586 3962784 1 734
7656 17577 3962794 1 736
7653 17573 3962804 1 736
7650 17569 3962814 1 737
7647 17566 3962824 1 737
7644 17563 3962834 1 738
7641 17561 3962844 1 738
7636 17559 3962854 1 739
7634 17558 3962864 1 739
7632 17558 3962874 1 740
7631 17559 3962884 1 741
7630 17559 3962894 1 742
7629 17559 3962904 1 742
7628 17561 3962914 1 743
7628 17561 3962924 1 743
7628 17561 3962934 1 744
7628 17561 3962944 1 744
7628 17560 3962954 1 745
7628 17558 3962964 1 745
7627 17554 3962974 1 747
7626 17551 3962984 1 747
7626 17547 3962994 1 748
7625 17543 3963004 1 748
7624 17538 3963014 1 749
7624 17534 3963024 1 749
7624 17527 3963034 1 750
7625 17524 3963044 1 751
7627 17523 3963054 1 751
7629 17524 3963064 1 753
7631 17525 3963074 1 753
7634 17527 3963084 1 754
7642 17533 3963094 1 754
7646 17537 3963104 1 755
7651 17541 3963114 1 756
7656 17546 3963124 1 756
7661 17550 3963134 1 757
7666 17554 3963144 1 757
7675 17564 3963154 1 758
7680 17568 3963164 1 759
7684 17571 3963174 1 760
7689 17573 3963184 1 760
7694 17574 3963194 1 761
7698 17574 3963204 1 762
7708 17572 3963214 1 762
7713 17570 3963224 1 763
7718 17567 3963234 1 763
7724 17565 3963244 1 764
7729 17562 3963254 1 766
7734 17558 3963264 1 766
7743 17547 3963274 1 767
7747 17540 3963284 1 768
7750 17533 3963294 1 768
7753 17525 3963304 1 769
7755 17518 3963314 1 769
7756 17511 3963324 1 770
7756 17500 3963334 1 770
7755 17497 3963344 1 771
7754 17494 3963354 1 773
7752 17493 3963364 1 774
7750 17493 3963374 1 774
7747 17494 3963384 1 775
7742 17498 3963394 1 775
7739 17500 3963404 1 776
7736 17503 3963414 1 776
7734 17506 3963424 1 777
7732 17510 3963434 1 778
7729 17513 3963444 1 779
7725 17521 3963454 1 779
7722 17526 3963464 1 781
7720 17531 3963474 1 782
7717 17537 3963484 1 782
7714 17543 3963494 1 783
7711 17551 3963504 1 783
7704 17567 3963514 1 784
7700 17575 3963524 1 785
7696 17582 3963534 1 786
7692 17590 3963544 1 786
7688 17596 3963554 1 787
7684 17602 3963564 1 787
7676 17613 3963574 1 789
7672 17617 3963584 1 790
7668 17621 3963594 1 791
7665 17624 3963604 1 792
7662 17627 3963614 1 792
7660 17629 3963624 1 793
7655 17630 3963634 1 793
7653 17629 3963644 1 794
7650 17630 3963654 1 795
7648 17630 3963664 1 795
7646 17631 3963674 1 798
7644 17632 3963684 1 798
7643 17635 3963694 1 799
7643 17636 3963704 1 799
7644 17637 3963714 1 800
7645 17639 3963724 1 801
7646 17640 3963734 1 801
7647 17642 3963744 1 802
7649 17644 3963754 1 803
7650 17644 3963764 1 804
7651 17644 3963774 1 806
7652 17643 3963784 1 806
7653 17642 3963794 1 807
7654 17641 3963804 1 808
7657 17639 3963814 1 808
7658 17638 3963824 1 809
7658 17638 3963834 1 810
7658 17638 3963844 1 811
7659 17638 3963854 1 812
7658 17638 3963864 1 812
7658 17639 3963874 1 813
7658 17640 3963884 1 814
7658 17640 3963894 1 814
7658 17641 3963904 1 816
7657 17642 3963914 1 817
7657 17643 3963924 1 818
7655 17645 3963934 1 819
7654 17646 3963944 1 819
7653 17647 3963954 1 820
7651 17648 3963964 1 821
7649 17648 3963974 1 822
7647 17647 3963984 1 822
7641 17646 3963994 1 824
7638 17646 3964004 1 824
7636 17645 3964014 1 825
7633 17645 3964024 1 827
7630 17645 3964034 1 828
7628 17645 3964044 1 828
7623 17645 3964054 1 829
7620 17646 3964064 1 830
7618 17646 3964074 1 831
7616 17646 3964084 1 832
7614 17645 3964094 1 833
7611 17644 3964104 1 833
7607 17640 3964114 1 834
7605 17638 3964124 1 835
7603 17636 3964134 1 836
7602 17634 3964144 1 836
7600 17632 3964154 1 839
7599 17631 3964164 1 840
7599 17627 3964174 1 840
7599 17625 3964184 1 841
7600 17623 3964194 1 842
7602 17620 3964204 1 843
7603 17617 3964214 1 843
7605 17615 3964224 1 844
7610 17609 3964234 1 846
7613 17607 3964244 1 846
7616 17604 3964254 1 847
7619 17602 3964264 1 848
7623 17600 3964274 1 849
7626 17598 3964284 1 849
7632 17597 3964294 1 850
7636 17597 3964304 1 852
7638 17598 3964314 1 853
7641 17599 3964324 1 854
7643 17601 3964334 1 855
7646 17603 3964344 1 856
7650 17609 3964354 1 857
7653 17612 3964364 1 857
7655 17616 3964374 1 858
7658 17620 3964384 1 859
7660 17624 3964394 1 861
7662 17629 3964404 1 861
7667 17638 3964414 1 862
7669 17643 3964424 1 863
7670 17647 3964434 1 864
7672 17652 3964444 1 865
7673 17656 3964454 1 865
7674 17659 3964464 1 866
7677 17666 3964474 1 869
7678 17668 3964484 1 870
7679 17670 3964494 1 871
7680 17671 3964504 1 871
7681 17671 3964514 1 872
7682 17671 3964524 1 873
7683 17668 3964534 1 874
7684 17665 3964544 1 875
7684 17661 3964554 1 876
7685 17656 3964564 1 877
7685 17651 3964574 1 878
7685 17644 3964584 1 879
7686 17631 3964594 1 880
7686 17624 3964604 1 881
7687 17617 3964614 1 881
7688 17611 3964624 1 882
7689 17606 3964634 1 884
7690 17601 3964644 1 885
7691 17596 3964654 1 886
7692 17595 3964664 1 887
7692 17595 3964674 1 887
7693 17595 3964684 1 888
7693 17596 3964694 1 890
7694 17598 3964704 1 891
7694 17601 3964714 1 893
7694 17604 3964724 1 894
7693 17606 3964734 1 894
7693 17609 3964744 1 895
7692 17611 3964754 1 896
7691 17613 3964764 1 897
7690 17616 3964774 1 898
7689 17616 3964784 1 899
7688 17615 3964794 1 901
7687 17614 3964804 1 902
7686 17612 3964814 1 902
7685 17610 3964824 1 903
7684 17605 3964834 1 904
7684 17602 3964844 1 905
7684 17599 3964854 1 906
7684 17597 3964864 1 907
7684 17594 3964874 1 909
7685 17592 3964884 1 910
7685 17588 3964894 1 911
7686 17586 3964904 1 912
7686 17585 3964914 1 912
7687 17584 3964924 1 913
7687 17584 3964934 1 914
7688 17585 3964944 1 915
7689 17587 3964954 1 917
7689 17588 3964964 1 918
7689 17589 3964974 1 919
7689 17591 3964984 1 920
7689 17592 3964994 1 921
7689 17593 3965004 1 922
7689 17596 3965014 1 923
7689 17597 3965024 1 924
7689 17598 3965034 1 926
7690 17599 3965044 1 926
7690 17601 3965054 1 927
7690 17603 3965064 1 928
7691 17606 3965074 1 929
7691 17608 3965084 1 930
7691 17609 3965094 1 931
7691 17610 3965104 1 933
7691 17612 3965114 1 935
7691 17613 3965124 1 936
7691 17613 3965134 1 937
7690 17612 3965144 1 938
7690 17611 3965154 1 939
7690 17609 3965164 1 940
7690 17607 3965174 1 941
7691 17605 3965184 1 942
7692 17600 3965194 1 944
7692 17598 3965204 1 945
7692 17596 3965214 1 946
7692 17593 3965224 1 947
7693 17590 3965234 1 948
7693 17586 3965244 1 949
7693 17581 3965254 1 950
7693 17578 3965264 1 951
7693 17576 3965274 1 954
7693 17575 3965284 1 958
7692 17574 3965294 1 962
7692 17574 3965304 1 968
7691 17575 3965314 1 975
7690 17575 3965324 1 982
7690 17576 3965334 1 990
7689 17578 3965344 1 999
7689 17579 3965354 1 1016
7689 17580 3965364 1 1016
7689 17583 3965374 1 1016
7689 17585 3965384 1 1015
7689 17587 3965394 1 1015
7689 17588 3965404 1 1016
7688 17590 3965414 1 1016
7687 17591 3965424 1 1016
7686 17594 3965434 1 1016
7685 17596 3965444 1 1016
7685 17597 3965454 1 1017
7684 17598 3965464 1 1017
7684 17600 3965474 1 1017
7684 17602 3965484 1 1017
7684 17607 3965494 1 1017
7684 17609 3965504 1 1017
7683 17611 3965514 1 1018
7683 17611 3965524 1 1003
7683 17612 3965534 1 982
7683 17611 3965544 1 957
7684 17609 3965554 1 929
7685 17608 3965564 1 898
7686 17607 3965574 1 865
7686 17607 3965584 1 830
7687 17606 3965594 1 753
7686 17606 3965604 1 713
7686 17607 3965614 1 670
7685 17607 3965624 1 627
7685 17607 3965634 1 584
7685 17606 3965644 1 539
7685 17606 3965654 1 495
7686 17605 3965664 1 451
7687 17602 3965674 1 363
7687 17601 3965684 1 321
7688 17599 3965694 1 279
7689 17597 3965704 1 239
7689 17595 3965714 1 200
7689 17594 3965724 1 164
7689 17591 3965734 1 129
7689 17590 3965744 1 96
7688 17588 3965754 1 40
7688 17587 3965764 1 16
7688 17586 3965774 1 16
7687 17586 3965784 1 15
7687 17585 3965794 1 15
7687 17586 3965804 1 14
7687 17586 3965814 1 14
7687 17585 3965824 1 13
7687 17585 3965834 1 12
7687 17585 3965844 1 11
7688 17584 3965854 1 11
7689 17584 3965864 1 10
7690 17583 3965874 1 9
7691 17583 3965884 1 9
7692 17583 3965894 1 7
7693 17584 3965904 1 18
7695 17587 3965914 1 57
7696 17588 3965924 1 79
7697 17590 3965934 1 103
7697 17592 3965944 1 129
7697 17593 3965954 1 155
7697 17595 3965964 1 183
7697 17599 3965974 1 213
7696 17601 3965984 1 243
7696 17602 3965994 1 309
7695 17603 3966004 1 343
7695 17604 3966014 1 378
7694 17604 3966024 1 412
7693 17603 3966034 1 448
7693 17602 3966044 1 483
7692 17601 3966054 1 518
7692 17599 3966064 1 553
7691 17598 3966074 1 624
7691 17596 3966084 1 659
7690 17591 3966094 1 693
7690 17588 3966104 1 726
7690 17586 3966114 1 759
7690 17583 3966124 1 792
7690 17580 3966134 1 822
7690 17578 3966144 1 852
7690 17575 3966154 1 909
7690 17573 3966164 1 936
7691 17572 3966174 1 961
7691 17571 3966184 1 984
7691 17570 3966194 1 1006
7691 17570 3966204 1 1021
7692 17572 3966214 1 1022
7692 17573 3966224 1 1021
7692 17574 3966234 1 1021
7693 17576 3966244 1 1021
7693 17577 3966254 1 1021
7693 17578 3966264 1 1021
7694 17579 3966274 1 1020
7694 17579 3966284 1 1020
7694 17580 3966294 1 1020
7694 17580 3966304 1 1020
7694 17581 3966314 1 1020
7694 17582 3966324 1 1020
7694 17585 3966334 1 1019
7693 17587 3966344 1 1019
7693 17589 3966354 1 1019
7692 17590 3966364 1 1019
7691 17590 3966374 1 1019
7690 17590 3966384 1 1020
7687 17589 3966394 1 1019
7686 17588 3966404 1 1019
7684 17588 3966414 1 1019
7683 17588 3966424 1 1019
7681 17589 3966434 1 1019
7680 17590 3966444 1 1019
7677 17594 3966454 1 1018
7675 17597 3966464 1 1018
7674 17600 3966474 1 1018
7672 17603 3966484 1 1018
7671 17605 3966494 1 1018
7670 17608 3966504 1 1018
7669 17614 3966514 1 1017
7668 17616 3966524 1 1017
7668 17619 3966534 1 1017
7668 17622 3966544 1 1017
7668 17625 3966554 1 1018
7669 17627 3966564 1 1017
7671 17631 3966574 1 1017
7672 17633 3966584 1 1017
7674 17634 3966594 1 1017
7676 17636 3966604 1 1017
7678 17637 3966614 1 1017
7680 17638 3966624 1 1017
7684 17637 3966634 1 1016
7686 17637 3966644 1 1016
7688 17636 3966654 1 1016
7690 17636 3966664 1 1016
7691 17636 3966674 1 1016
7693 17637 3966684 1 1015
7696 17638 3966694 1 1015
7697 17640 3966704 1 1015
7699 17641 3966714 1 1015
7700 17643 3966724 1 1015
7701 17646 3966734 1 1015
7702 17648 3966744 1 1014
7705 17652 3966754 1 1015
7706 17654 3966764 1 1015
7708 17656 3966774 1 1015
7709 17657 3966784 1 1015
7711 17658 3966794 1 1015
7714 17659 3966804 1 1014
7718 17661 3966814 1 1014
7720 17661 3966824 1 1014
7722 17662 3966834 1 1014
7725 17662 3966844 1 1014
7727 17662 3966854 1 1014
7729 17662 3966864 1 1013
7733 17661 3966874 1 1013
7735 17661 3966884 1 1013
7737 17660 3966894 1 1013
7739 17659 3966904 1 1013
7741 17658 3966914 1 1013
7743 17655 3966924 1 1012
7746 17651 3966934 1 1013
7747 17648 3966944 1 1013
7748 17646 3966954 1 1013
7749 17644 3966964 1 1013
7750 17642 3966974 1 1012
7751 17640 3966984 1 1012
7752 17639 3966994 1 1012
7752 17639 3967004 1 1012
7752 17639 3967014 1 1012
7752 17640 3967024 1 1012
7752 17641 3967034 1 1011
7752 17643 3967044 1 1011
7753 17645 3967054 1 1011
7753 17645 3967064 1 1011
7754 17645 3967074 1 1011
7755 17645 3967084 1 1011
7755 17644 3967094 1 1011
7756 17642 3967104 1 1010
7757 17639 3967114 1 1010
7758 17637 3967124 1 1010
7759 17635 3967134 1 1010
7760 17633 3967144 1 1011
7761 17632 3967154 1 1010
7761 17631 3967164 1 1010
7763 17629 3967174 1 1010
7763 17628 3967184 1 1010
7763 17628 3967194 1 1010
7763 17628 3967204 1 1010
7762 17628 3967214 1 1009
7762 17628 3967224 1 1009
7761 17631 3967234 1 1009
7760 17632 3967244 1 1009
7760 17633 3967254 1 1009
7759 17634 3967264 1 1009
7759 17635 3967274 1 1008
7759 17636 3967284 1 1008
7758 17637 3967294 1 1008
7758 17638 3967304 1 1008
7757 17638 3967314 1 1008
7757 17638 3967324 1 1008
7756 17638 3967334 1 1007
7756 17638 3967344 1 1007
7757 17636 3967354 1 1007
7757 17634 3967364 1 1008
7757 17633 3967374 1 1008
7758 17631 3967384 1 1007
7759 17630 3967394 1 1007
7759 17628 3967404 1 1007
7761 17626 3967414 1 1007
7761 17625 3967424 1 1007
7762 17624 3967434 1 1007
7763 17623 3967444 1 1006
7763 17622 3967454 1 1006
7764 17621 3967464 1 1006
7764 17620 3967474 1 1006
7764 17619 3967484 1 1006
7764 17618 3967494 1 1006
7764 17617 3967504 1 1006
7764 17615 3967514 1 1005
7764 17613 3967524 1 1005
7763 17607 3967534 1 1005
7762 17604 3967544 1 1005
7762 17601 3967554 1 1005
7761 17599 3967564 1 1004
7760 17596 3967574 1 1004
7759 17594 3967584 1 1004
7757 17591 3967594 1 1004
7755 17590 3967604 1 1005
7754 17590 3967614 1 1005
7753 17590 3967624 1 1004
7752 17591 3967634 1 1004
7752 17592 3967644 1 1004
7751 17594 3967654 1 1004
7751 17595 3967664 1 1004
7751 17595 3967674 1 1003
7751 17596 3967684 1 1003
7751 17598 3967694 1 1003
7751 17600 3967704 1 1003
7751 17605 3967714 1 1003
7752 17607 3967724 1 1003
7752 17610 3967734 1 1003
7753 17614 3967744 1 1002
7754 17617 3967754 1 1002
7755 17620 3967764 1 1002
7757 17627 3967774 1 1002
7758 17629 3967784 1 1002
7759 17632 3967794 1 1002
7761 17633 3967804 1 1001
7762 17634 3967814 1 1001
7763 17635 3967824 1 1001
7767 17631 3967834 1 1001
7768 17625 3967844 1 1001
7770 17615 3967854 1 1000
7770 17602 3967864 1 1000
7770 17586 3967874 1 1001
7769 17569 3967884 1 1001
7765 17534 3967894 1 1001
7761 17520 3967904 1 1001
7755 17508 3967914 1 1000
7746 17500 3967924 1 1000
7730 17496 3967934 1 1000
7709 17497 3967944 1 1000
7655 17515 3967954 1 1000
7629 17530 3967964 1 1000
7605 17546 3967974 1 999
7587 17563 3967984 1 999
7573 17580 3967994 1 999
7566 17595 3968004 1 999
7569 17625 3968014 1 999
7578 17639 3968024 1 999
7590 17653 3968034 1 998
7603 17666 3968044 1 998
7618 17675 3968054 1 998
7633 17681 3968064 1 998
7666 17681 3968074 1 997
7684 17676 3968084 1 997
7703 17668 3968094 1 997
7721 17658 3968104 1 997
7737 17646 3968114 1 997
7751 17633 3968124 1 997
7768 17607 3968134 1 996
7770 17595 3968144 1 996
7769 17584 3968154 1 996
7764 17574 3968164 1 997
7755 17567 3968174 1 997
7743 17561 3968184 1 997
7712 17559 3968194 1 996
7694 17563 3968204 1 996
7676 17571 3968214 1 996
7658 17583 3968224 1 996
7639 17599 3968234 1 995
7622 17617 3968244 1 995
7595 17654 3968254 1 995
7589 17672 3968264 1 995
7587 17690 3968274 1 995
7590 17709 3968284 1 994
7598 17727 3968294 1 994
7611 17745 3968304 1 994
7645 17774 3968314 1 994
7662 17783 3968324 1 994
7681 17788 3968334 1 993
7700 17785 3968344 1 993
7709 17769 3968354 1 993
7700 17769 3968364 1 993
7715 17773 3968374 1 993
7719 17764 3968384 1 992
7719 17753 3968394 1 992
7715 17743 3968404 1 992
7709 17734 3968414 1 992
7701 17727 3968424 1 992
7684 17718 3968434 1 991
7676 17716 3968444 1 991
7669 17715 3968454 1 991
7662 17715 3968464 1 991
7655 17715 3968474 1 991
7650 17716 3968484 1 990
7641 17717 3968494 1 990
7637 17717 3968504 1 990
7633 17717 3968514 1 990
7630 17717 3968524 1 991
7627 17717 3968534 1 991
7624 17718 3968544 1 989
7620 17721 3968554 1 990
7619 17724 3968564 1 990
7618 17727 3968574 1 990
7618 17730 3968584 1 989
7618 17733 3968594 1 989
7618 17737 3968604 1 989
7619 17745 3968614 1 989
7619 17749 3968624 1 989
7620 17753 3968634 1 988
7620 17757 3968644 1 988
7621 17759 3968654 1 988
7622 17761 3968664 1 988
7623 17763 3968674 1 988
7623 17764 3968684 1 987
7623 17763 3968694 1 987
7623 17762 3968704 1 987
7624 17760 3968714 1 987
7624 17757 3968724 1 987
7625 17750 3968734 1 986
7625 17748 3968744 1 986
7626 17745 3968754 1 986
7627 17744 3968764 1 986
7627 17744 3968774 1 986
7628 17745 3968784 1 986
7628 17749 3968794 1 985
7628 17752 3968804 1 985
7628 17755 3968814 1 985
7627 17757 3968824 1 985
7626 17760 3968834 1 984
7625 17761 3968844 1 984
7621 17763 3968854 1 984
7619 17763 3968864 1 984
7617 17762 3968874 1 984
7614 17761 3968884 1 984
7613 17758 3968894 1 983
7611 17755 3968904 1 983
7610 17748 3968914 1 983
7609 17743 3968924 1 983
7610 17739 3968934 1 982
7611 17735 3968944 1 982
7612 17731 3968954 1 982
7613 17728 3968964 1 982
7615 17722 3968974 1 982
7616 17720 3968984 1 981
7617 17720 3968994 1 981
7617 17721 3969004 1 981
7618 17723 3969014 1 981
7618 17725 3969024 1 981
7617 17732 3969034 1 980
7617 17736 3969044 1 980
7617 17741 3969054 1 980
7617 17745 3969064 1 981
7618 17750 3969074 1 981
7618 17754 3969084 1 981
7619 17760 3969094 1 980
7619 17763 3969104 1 980
7620 17765 3969114 1 980
7620 17767 3969124 1 980
7621 17767 3969134 1 980
7621 17768 3969144 1 979
7622 17766 3969154 1 979
7622 17765 3969164 1 979
7621 17764 3969174 1 979
7621 17762 3969184 1 978
7620 17760 3969194 1 978
7619 17758 3969204 1 978
7616 17755 3969214 1 978
