8389 18114 4155935 1 536
7979 17733 4155945 1 547
7769 17537 4155955 1 557
7691 17462 4155965 1 566
7675 17445 4155975 1 575
7669 17435 4155985 1 583
7667 17428 4155995 1 591
7660 17419 4156005 1 596
7654 17412 4156015 1 600
7655 17408 4156025 1 608
7656 17403 4156035 1 615
7657 17398 4156045 1 623
7658 17393 4156055 1 630
7658 17389 4156065 1 637
7658 17387 4156075 1 640
7658 17385 4156085 1 643
7657 17383 4156095 1 650
7657 17380 4156105 1 656
7656 17378 4156115 1 662
7655 17376 4156125 1 667
7655 17372 4156135 1 673
7654 17370 4156145 1 676
7654 17367 4156155 1 678
7655 17361 4156165 1 683
7656 17353 4156175 1 687
7658 17344 4156185 1 692
7660 17334 4156195 1 696
7664 17323 4156205 1 700
7666 17318 4156215 1 702
7669 17313 4156225 1 704
7676 17304 4156235 1 707
7684 17296 4156245 1 710
7693 17289 4156255 1 713
7703 17285 4156265 1 716
7715 17284 4156275 1 719
7722 17283 4156285 1 720
7728 17284 4156295 1 721
7743 17287 4156305 1 723
7759 17292 4156315 1 725
7775 17299 4156325 1 726
7792 17308 4156335 1 727
7809 17319 4156345 1 729
7818 17324 4156355 1 729
7827 17330 4156365 1 730
7845 17342 4156375 1 731
7862 17355 4156385 1 732
7878 17368 4156395 1 732
7892 17381 4156405 1 732
7905 17393 4156415 1 732
7911 17399 4156425 1 732
7916 17405 4156435 1 732
7924 17415 4156445 1 732
7929 17426 4156455 1 732
7931 17435 4156465 1 732
7930 17443 4156475 1 731
7926 17449 4156485 1 730
7924 17452 4156495 1 730
7920 17455 4156505 1 729
7911 17458 4156515 1 729
7904 17458 4156525 1 728
7897 17457 4156535 1 727
7884 17458 4156545 1 726
7869 17457 4156555 1 725
7861 17456 4156565 1 724
7853 17455 4156575 1 723
7835 17453 4156585 1 722
7816 17450 4156595 1 721
7796 17448 4156605 1 719
7775 17446 4156615 1 717
7755 17445 4156625 1 715
7744 17445 4156635 1 715
7734 17445 4156645 1 714
7715 17447 4156655 1 712
7697 17450 4156665 1 711
7682 17453 4156675 1 709
7668 17457 4156685 1 707
7659 17461 4156695 1 705
7654 17462 4156705 1 704
7652 17463 4156715 1 704
7649 17464 4156725 1 702
7649 17462 4156735 1 700
7653 17458 4156745 1 699
7660 17450 4156755 1 698
7668 17440 4156765 1 696
7673 17435 4156775 1 696
7679 17428 4156785 1 695
7691 17414 4156795 1 694
7705 17398 4156805 1 693
7718 17382 4156815 1 692
7732 17365 4156825 1 691
7746 17349 4156835 1 690
7753 17341 4156845 1 690
7760 17333 4156855 1 690
7773 17319 4156865 1 690
7785 17307 4156875 1 690
7796 17297 4156885 1 690
7806 17288 4156895 1 690
7816 17282 4156905 1 691
7820 17279 4156915 1 691
7824 17278 4156925 1 692
7831 17277 4156935 1 692
7837 17277 4156945 1 694
7842 17279 4156955 1 695
7846 17281 4156965 1 698
7848 17285 4156975 1 700
7849 17286 4156985 1 701
7850 17288 4156995 1 702
7851 17291 4157005 1 705
7851 17293 4157015 1 709
7849 17293 4157025 1 713
7847 17293 4157035 1 717
7843 17289 4157045 1 722
7841 17287 4157055 1 724
7838 17284 4157065 1 727
7833 17277 4157075 1 732
7827 17269 4157085 1 739
7820 17260 4157095 1 745
7815 17249 4157105 1 748
7809 17239 4157115 1 752
7806 17234 4157125 1 756
7803 17230 4157135 1 760
7797 17222 4157145 1 768
7793 17216 4157155 1 776
7791 17212 4157165 1 785
7790 17210 4157175 1 793
7792 17210 4157185 1 802
7793 17211 4157195 1 806
7794 17212 4157205 1 811
7799 17216 4157215 1 819
7804 17221 4157225 1 827
7811 17229 4157235 1 835
7817 17238 4157245 1 843
7824 17248 4157255 1 850
7827 17253 4157265 1 854
7830 17260 4157275 1 858
7835 17272 4157285 1 864
7840 17285 4157295 1 869
7844 17298 4157305 1 873
7847 17311 4157315 1 877
7848 17323 4157325 1 880
7849 17329 4157335 1 881
7849 17334 4157345 1 881
7848 17342 4157355 1 882
7845 17349 4157365 1 880
7842 17353 4157375 1 878
7837 17356 4157385 1 874
7831 17356 4157395 1 868
7828 17356 4157405 1 865
7824 17355 4157415 1 861
7816 17352 4157425 1 852
7808 17349 4157435 1 840
7800 17346 4157445 1 826
7792 17343 4157455 1 811
7784 17341 4157465 1 792
7781 17340 4157475 1 782
7778 17340 4157485 1 772
7773 17339 4157495 1 749
7769 17339 4157505 1 723
7766 17340 4157515 1 696
7764 17341 4157525 1 666
7763 17343 4157535 1 634
7763 17344 4157545 1 619
7764 17344 4157555 1 602
7764 17344 4157565 1 568
7766 17343 4157575 1 533
7767 17341 4157585 1 497
7769 17337 4157595 1 462
7772 17333 4157605 1 425
7773 17330 4157615 1 407
7774 17327 4157625 1 389
7777 17321 4157635 1 353
7779 17315 4157645 1 319
7783 17311 4157655 1 284
7786 17307 4157665 1 251
7789 17305 4157675 1 220
7790 17304 4157685 1 209
7790 17306 4157695 1 204
7790 17309 4157705 1 189
7794 17311 4157715 1 162
7797 17316 4157725 1 138
7799 17321 4157735 1 115
7802 17327 4157745 1 96
7803 17331 4157755 1 81
7803 17334 4157765 1 72
7804 17340 4157775 1 68
7804 17346 4157785 1 65
7804 17351 4157795 1 63
7802 17354 4157805 1 59
7801 17356 4157815 1 57
7800 17357 4157825 1 56
7799 17357 4157835 1 54
7796 17356 4157845 1 50
7794 17355 4157855 1 48
7792 17352 4157865 1 44
7791 17350 4157875 1 42
7789 17348 4157885 1 44
7789 17347 4157895 1 47
7788 17347 4157905 1 54
7788 17347 4157915 1 70
7787 17348 4157925 1 92
7787 17351 4157935 1 119
7786 17355 4157945 1 150
7785 17361 4157955 1 186
7784 17364 4157965 1 205
7783 17368 4157975 1 226
7781 17376 4157985 1 268
7778 17384 4157995 1 313
7776 17392 4158005 1 360
7773 17400 4158015 1 408
7771 17406 4158025 1 457
7770 17409 4158035 1 481
7769 17411 4158045 1 506
7769 17415 4158055 1 555
7769 17417 4158065 1 603
7771 17418 4158075 1 647
7773 17418 4158085 1 689
7777 17417 4158095 1 727
7779 17416 4158105 1 744
7782 17415 4158115 1 759
7786 17413 4158125 1 788
7791 17411 4158135 1 811
7796 17409 4158145 1 832
7801 17406 4158155 1 849
7804 17404 4158165 1 865
7806 17403 4158175 1 872
7808 17402 4158185 1 877
7810 17401 4158195 1 886
7813 17400 4158205 1 895
7816 17399 4158215 1 900
7819 17398 4158225 1 905
7822 17398 4158235 1 907
7824 17398 4158245 1 908
7827 17398 4158255 1 908
7832 17398 4158265 1 908
7836 17398 4158275 1 907
7841 17397 4158285 1 906
7850 17394 4158295 1 904
7859 17390 4158305 1 899
7864 17387 4158315 1 897
7870 17384 4158325 1 895
7880 17378 4158335 1 891
7890 17370 4158345 1 885
7899 17362 4158355 1 880
7908 17354 4158365 1 874
7914 17346 4158375 1 869
7917 17342 4158385 1 866
7920 17340 4158395 1 863
7923 17335 4158405 1 858
7925 17333 4158415 1 854
7926 17333 4158425 1 849
7925 17336 4158435 1 846
7923 17342 4158445 1 843
7922 17345 4158455 1 842
7921 17350 4158465 1 842
7918 17360 4158475 1 841
7915 17371 4158485 1 841
7912 17382 4158495 1 841
7909 17392 4158505 1 841
7906 17401 4158515 1 843
7904 17405 4158525 1 844
7903 17408 4158535 1 844
7901 17412 4158545 1 845
7898 17414 4158555 1 847
7897 17413 4158565 1 848
7895 17409 4158575 1 850
7893 17403 4158585 1 851
7892 17399 4158595 1 852
7890 17395 4158605 1 852
7888 17386 4158615 1 853
7886 17376 4158625 1 854
7883 17367 4158635 1 856
7880 17359 4158645 1 856
7877 17352 4158655 1 857
7875 17349 4158665 1 857
7874 17347 4158675 1 858
7871 17344 4158685 1 859
7868 17342 4158695 1 860
7866 17343 4158705 1 860
7866 17344 4158715 1 861
7866 17348 4158725 1 861
7866 17349 4158735 1 861
7868 17351 4158745 1 861
7871 17355 4158755 1 862
7875 17360 4158765 1 862
7879 17363 4158775 1 863
7885 17367 4158785 1 863
7891 17370 4158795 1 863
7893 17371 4158805 1 863
7896 17372 4158815 1 863
7901 17374 4158825 1 863
7905 17375 4158835 1 864
7908 17377 4158845 1 864
7909 17378 4158855 1 863
7909 17380 4158865 1 863
7909 17381 4158875 1 863
7910 17382 4158885 1 864
7910 17385 4158895 1 863
7910 17388 4158905 1 864
7910 17390 4158915 1 864
7910 17393 4158925 1 863
7911 17395 4158935 1 863
7911 17396 4158945 1 863
7912 17396 4158955 1 863
7914 17397 4158965 1 863
7917 17397 4158975 1 863
7921 17397 4158985 1 863
7925 17396 4158995 1 862
7930 17394 4159005 1 863
7933 17394 4159015 1 863
7936 17393 4159025 1 862
7942 17392 4159035 1 862
7948 17391 4159045 1 862
7955 17390 4159055 1 862
7962 17388 4159065 1 861
7969 17386 4159075 1 861
7972 17384 4159085 1 861
7976 17382 4159095 1 861
7982 17377 4159105 1 860
7990 17370 4159115 1 860
7996 17362 4159125 1 860
8003 17352 4159135 1 860
8010 17341 4159145 1 860
8013 17336 4159155 1 860
8016 17331 4159165 1 860
8022 17321 4159175 1 859
8027 17314 4159185 1 859
8032 17309 4159195 1 859
8036 17307 4159205 1 858
8039 17306 4159215 1 858
8041 17307 4159225 1 858
8042 17309 4159235 1 858
8042 17313 4159245 1 857
8043 17319 4159255 1 858
8042 17325 4159265 1 857
8040 17331 4159275 1 857
8038 17336 4159285 1 857
8037 17339 4159295 1 857
8035 17341 4159305 1 857
8031 17343 4159315 1 857
8028 17344 4159325 1 857
8025 17343 4159335 1 856
8021 17339 4159345 1 856
8018 17334 4159355 1 857
8016 17327 4159365 1 856
8002 17320 4159375 1 856
7981 17312 4159385 1 856
7952 17304 4159395 1 856
7919 17296 4159405 1 856
7882 17291 4159415 1 856
7862 17286 4159425 1 856
7841 17281 4159435 1 855
7799 17272 4159445 1 855
7758 17260 4159455 1 856
7718 17247 4159465 1 855
7691 17232 4159475 1 855
7676 17217 4159485 1 855
7671 17202 4159495 1 855
7676 17188 4159505 1 855
7689 17175 4159515 1 855
7709 17164 4159525 1 855
7734 17161 4159535 1 854
7763 17164 4159545 1 855
7795 17173 4159555 1 855
7829 17186 4159565 1 854
7863 17203 4159575 1 854
7896 17222 4159585 1 854
7927 17244 4159595 1 854
7955 17268 4159605 1 854
7979 17293 4159615 1 853
7998 17319 4159625 1 854
8010 17346 4159635 1 853
8015 17373 4159645 1 853
8013 17399 4159655 1 853
8004 17424 4159665 1 853
7987 17446 4159675 1 853
7964 17465 4159685 1 852
7936 17479 4159695 1 852
7904 17488 4159705 1 852
7870 17491 4159715 1 852
7835 17488 4159725 1 852
7803 17478 4159735 1 851
7774 17462 4159745 1 851
7752 17441 4159755 1 851
7736 17415 4159765 1 851
7729 17387 4159775 1 851
7730 17358 4159785 1 850
7740 17330 4159795 1 850
7759 17305 4159805 1 850
7786 17284 4159815 1 850
7820 17270 4159825 1 850
7859 17262 4159835 1 849
7903 17262 4159845 1 849
7949 17269 4159855 1 849
7995 17284 4159865 1 848
8041 17305 4159875 1 849
8084 17331 4159885 1 848
8122 17362 4159895 1 848
8154 17395 4159905 1 848
8177 17429 4159915 1 847
8190 17464 4159925 1 847
8191 17496 4159935 1 846
8178 17526 4159945 1 847
8149 17552 4159955 1 846
8103 17573 4159965 1 846
8036 17588 4159975 1 846
7979 17608 4159985 1 845
7896 17620 4159995 1 845
7782 17619 4160005 1 845
7635 17605 4160015 1 844
