7984 18611 8684247 1 680
7984 18611 8684257 1 684
7984 18611 8684267 1 686
7985 18611 8684277 1 687
7985 18611 8684287 1 686
7985 18611 8684297 1 686
7986 18611 8684307 1 687
7986 18611 8684317 1 687
7987 18611 8684327 1 688
7989 18610 8684337 1 688
7992 18609 8684347 1 688
7995 18608 8684357 1 689
7999 18609 8684367 1 689
8002 18610 8684377 1 689
8004 18612 8684387 1 689
8006 18614 8684397 1 690
8007 18617 8684407 1 690
8008 18620 8684417 1 691
8010 18623 8684427 1 691
8013 18626 8684437 1 691
8016 18629 8684447 1 691
8020 18632 8684457 1 691
8024 18634 8684467 1 692
8029 18635 8684477 1 693
8033 18635 8684487 1 693
8036 18635 8684497 1 694
8037 18633 8684507 1 694
8037 18631 8684517 1 694
8035 18628 8684527 1 694
8031 18624 8684537 1 695
8026 18620 8684547 1 695
8021 18615 8684557 1 696
8017 18609 8684567 1 696
8014 18604 8684577 1 697
8014 18599 8684587 1 697
8016 18595 8684597 1 697
8022 18591 8684607 1 698
8030 18587 8684617 1 698
8041 18584 8684627 1 698
8053 18581 8684637 1 699
8066 18578 8684647 1 699
8077 18575 8684657 1 700
8087 18573 8684667 1 700
8094 18571 8684677 1 701
8097 18568 8684687 1 701
8097 18566 8684697 1 701
8094 18562 8684707 1 702
8088 18557 8684717 1 703
8081 18550 8684727 1 703
8074 18541 8684737 1 704
8068 18532 8684747 1 705
8065 18523 8684757 1 705
8064 18515 8684767 1 705
8065 18508 8684777 1 706
8069 18503 8684787 1 707
8074 18499 8684797 1 708
8077 18498 8684807 1 708
8081 18498 8684817 1 708
8087 18499 8684827 1 709
8094 18501 8684837 1 710
8100 18506 8684847 1 710
8106 18512 8684857 1 710
8111 18519 8684867 1 711
8115 18527 8684877 1 712
8119 18534 8684887 1 713
8121 18542 8684897 1 714
8123 18549 8684907 1 714
8122 18555 8684917 1 715
8121 18561 8684927 1 716
8118 18567 8684937 1 717
8114 18573 8684947 1 717
8109 18578 8684957 1 717
8104 18583 8684967 1 718
8098 18587 8684977 1 718
8093 18591 8684987 1 719
8088 18594 8684997 1 719
8083 18596 8685007 1 720
8080 18598 8685017 1 720
8077 18597 8685027 1 721
8076 18596 8685037 1 721
8076 18593 8685047 1 722
8077 18589 8685057 1 722
8079 18584 8685067 1 723
8083 18580 8685077 1 724
8087 18576 8685087 1 725
8092 18572 8685097 1 726
8097 18570 8685107 1 727
8101 18569 8685117 1 728
8104 18569 8685127 1 729
8106 18571 8685137 1 730
8106 18574 8685147 1 731
8104 18577 8685157 1 733
8100 18581 8685167 1 734
8095 18585 8685177 1 736
8089 18589 8685187 1 737
8083 18593 8685197 1 738
8077 18596 8685207 1 737
8073 18598 8685217 1 736
8070 18600 8685227 1 735
8069 18600 8685237 1 733
8071 18600 8685247 1 730
8075 18599 8685257 1 729
8080 18598 8685267 1 726
8085 18596 8685277 1 724
8091 18594 8685287 1 723
8096 18592 8685297 1 723
8101 18589 8685307 1 724
8103 18587 8685317 1 726
8104 18585 8685327 1 730
8104 18582 8685337 1 735
8101 18580 8685347 1 739
8098 18578 8685357 1 743
8096 18577 8685367 1 746
8094 18576 8685377 1 752
8089 18575 8685387 1 764
8085 18573 8685397 1 776
8081 18572 8685407 1 791
8077 18570 8685417 1 823
8075 18570 8685427 1 839
8074 18569 8685437 1 854
8075 18570 8685447 1 868
8076 18571 8685457 1 881
8079 18573 8685467 1 893
8083 18575 8685477 1 901
8087 18578 8685487 1 906
8091 18581 8685497 1 908
8096 18585 8685507 1 906
8100 18588 8685517 1 886
8103 18592 8685527 1 868
8105 18595 8685537 1 843
8107 18597 8685547 1 812
8108 18598 8685557 1 773
8107 18599 8685567 1 725
8106 18599 8685577 1 671
8104 18598 8685587 1 612
8101 18596 8685597 1 549
8098 18594 8685607 1 484
8096 18593 8685617 1 354
8093 18591 8685627 1 293
8091 18590 8685637 1 236
8091 18589 8685647 1 185
8091 18589 8685657 1 142
8092 18589 8685667 1 92
8095 18591 8685677 1 89
8098 18592 8685687 1 86
8102 18595 8685697 1 83
8106 18597 8685707 1 80
8110 18600 8685717 1 77
8114 18602 8685727 1 74
8117 18604 8685737 1 71
8119 18606 8685747 1 68
8119 18607 8685757 1 65
8118 18607 8685767 1 61
8116 18607 8685777 1 58
8113 18606 8685787 1 56
8110 18606 8685797 1 61
8106 18605 8685807 1 75
8102 18605 8685817 1 99
8099 18604 8685827 1 166
8097 18603 8685837 1 207
8097 18603 8685847 1 252
8098 18602 8685857 1 301
8100 18601 8685867 1 349
8103 18601 8685877 1 399
8108 18601 8685887 1 447
8112 18600 8685897 1 493
8117 18600 8685907 1 535
8122 18600 8685917 1 572
8124 18600 8685927 1 603
8126 18600 8685937 1 626
8129 18600 8685947 1 640
8132 18600 8685957 1 643
8134 18601 8685967 1 634
8136 18602 8685977 1 613
8139 18603 8685987 1 577
8141 18604 8685997 1 528
8144 18606 8686007 1 480
8146 18608 8686017 1 431
8149 18611 8686027 1 383
8152 18613 8686037 1 291
8155 18614 8686047 1 247
8158 18615 8686057 1 206
8160 18615 8686067 1 168
8161 18614 8686077 1 135
8160 18612 8686087 1 119
8159 18609 8686097 1 105
8156 18605 8686107 1 80
8153 18601 8686117 1 59
8149 18597 8686127 1 49
8144 18593 8686137 1 52
8139 18589 8686147 1 57
8135 18585 8686157 1 60
8131 18582 8686167 1 63
8127 18580 8686177 1 89
8125 18580 8686187 1 122
8123 18580 8686197 1 161
8121 18580 8686207 1 205
8121 18582 8686217 1 254
8121 18584 8686227 1 306
8121 18586 8686237 1 361
8122 18589 8686247 1 475
8122 18591 8686257 1 532
8123 18594 8686267 1 589
8123 18596 8686277 1 646
8123 18597 8686287 1 700
8121 18598 8686297 1 751
8120 18599 8686307 1 799
8117 18599 8686317 1 842
8115 18599 8686327 1 881
8112 18598 8686337 1 915
8109 18597 8686347 1 969
8107 18596 8686357 1 968
8105 18595 8686367 1 967
8105 18594 8686377 1 965
8105 18593 8686387 1 964
8107 18591 8686397 1 962
8110 18589 8686407 1 961
8114 18587 8686417 1 960
8119 18585 8686427 1 959
8124 18583 8686437 1 958
8128 18581 8686447 1 956
8133 18578 8686457 1 955
8137 18576 8686467 1 953
8139 18574 8686477 1 953
8140 18573 8686487 1 952
8141 18573 8686497 1 951
8141 18571 8686507 1 950
8139 18570 8686517 1 949
8137 18570 8686527 1 947
8133 18569 8686537 1 947
8128 18569 8686547 1 945
8123 18569 8686557 1 935
8118 18569 8686567 1 908
8113 18569 8686577 1 894
8108 18570 8686587 1 881
8103 18570 8686597 1 868
8100 18571 8686607 1 856
8098 18572 8686617 1 845
8097 18573 8686627 1 835
8097 18575 8686637 1 826
8100 18577 8686647 1 819
8104 18579 8686657 1 811
8109 18581 8686667 1 800
8116 18583 8686677 1 795
8125 18586 8686687 1 791
8135 18589 8686697 1 788
8145 18592 8686707 1 786
8154 18595 8686717 1 783
8163 18598 8686727 1 782
8169 18601 8686737 1 781
8174 18603 8686747 1 781
8177 18604 8686757 1 781
8178 18605 8686767 1 782
8178 18606 8686777 1 784
8176 18606 8686787 1 785
8174 18605 8686797 1 788
8171 18604 8686807 1 789
8168 18604 8686817 1 790
8165 18603 8686827 1 791
8163 18602 8686837 1 794
8162 18602 8686847 1 797
8161 18601 8686857 1 800
8161 18601 8686867 1 803
8161 18600 8686877 1 810
8162 18599 8686887 1 813
8163 18599 8686897 1 816
8165 18598 8686907 1 819
8167 18597 8686917 1 822
8169 18597 8686927 1 825
8171 18597 8686937 1 828
8173 18597 8686947 1 831
8175 18596 8686957 1 834
8177 18596 8686967 1 836
8178 18595 8686977 1 842
8179 18595 8686987 1 843
8179 18593 8686997 1 845
8179 18592 8687007 1 846
8178 18589 8687017 1 848
8177 18587 8687027 1 849
8175 18584 8687037 1 850
8175 18582 8687047 1 851
8174 18581 8687057 1 851
8171 18578 8687067 1 851
8169 18575 8687077 1 852
8167 18573 8687087 1 853
8165 18571 8687097 1 853
8163 18570 8687107 1 852
8161 18569 8687117 1 852
8160 18569 8687127 1 852
8159 18570 8687137 1 851
8158 18571 8687147 1 851
8157 18573 8687157 1 851
8156 18574 8687167 1 849
8155 18575 8687177 1 849
8154 18576 8687187 1 849
8152 18576 8687197 1 848
8151 18576 8687207 1 846
8149 18575 8687217 1 845
8147 18574 8687227 1 844
8145 18573 8687237 1 843
8144 18572 8687247 1 842
8142 18571 8687257 1 841
8141 18571 8687267 1 840
8141 18571 8687277 1 839
8142 18573 8687287 1 838
8143 18574 8687297 1 836
8145 18577 8687307 1 834
8147 18580 8687317 1 833
8150 18584 8687327 1 832
8152 18588 8687337 1 831
8155 18593 8687347 1 829
8157 18597 8687357 1 828
8158 18601 8687367 1 827
8159 18605 8687377 1 826
8159 18608 8687387 1 825
8158 18611 8687397 1 824
8156 18613 8687407 1 823
8154 18614 8687417 1 822
8152 18614 8687427 1 822
8150 18612 8687437 1 821
8148 18610 8687447 1 820
8146 18607 8687457 1 819
8145 18603 8687467 1 819
8143 18600 8687477 1 819
8142 18597 8687487 1 818
8141 18595 8687497 1 818
8140 18594 8687507 1 818
8140 18594 8687517 1 818
8141 18596 8687527 1 818
8143 18598 8687537 1 818
8146 18602 8687547 1 819
8151 18605 8687557 1 819
8156 18609 8687567 1 820
8162 18613 8687577 1 820
8169 18616 8687587 1 820
8175 18618 8687597 1 822
8182 18619 8687607 1 823
8188 18619 8687617 1 825
8193 18618 8687627 1 823
8197 18617 8687637 1 823
8200 18614 8687647 1 822
8201 18612 8687657 1 821
