7995 18016 3005590 1 878
7807 17860 3005600 1 967
7712 17780 3005610 1 1023
7677 17751 3005620 1 1024
7671 17746 3005630 1 1024
7669 17746 3005640 1 1024
7668 17747 3005650 1 1024
7663 17744 3005660 1 1024
7664 17746 3005670 1 1024
7666 17749 3005680 1 1024
7666 17751 3005690 1 1024
7667 17753 3005700 1 1024
7668 17756 3005710 1 1024
7669 17760 3005720 1 1024
7671 17764 3005730 1 1024
7673 17768 3005740 1 1024
7674 17772 3005750 1 1024
7676 17776 3005760 1 1024
7677 17780 3005770 1 1024
7678 17782 3005780 1 1024
7679 17785 3005790 1 1024
7681 17788 3005800 1 1024
7682 17792 3005810 1 1024
7683 17795 3005820 1 1024
7684 17798 3005830 1 1024
7685 17800 3005840 1 1024
7686 17803 3005850 1 1024
7687 17805 3005860 1 1024
7687 17806 3005870 1 1024
7688 17806 3005880 1 1024
7688 17808 3005890 1 1024
7689 17810 3005900 1 1024
7689 17811 3005910 1 1024
7690 17812 3005920 1 1024
7691 17814 3005930 1 1024
7693 17815 3005940 1 1024
7695 17817 3005950 1 1024
7696 17817 3005960 1 1024
7696 17817 3005970 1 1024
7697 17818 3005980 1 1024
7699 17819 3005990 1 1024
7702 17821 3006000 1 1024
7704 17822 3006010 1 1024
7706 17823 3006020 1 1024
7709 17824 3006030 1 1024
7711 17824 3006040 1 1024
7713 17825 3006050 1 1024
7714 17825 3006060 1 949
7714 17825 3006070 1 712
7716 17825 3006080 1 360
7718 17824 3006090 1 33
7720 17824 3006100 0 0
7722 17823 3006110 0 0
7723 17821 3006120 0 0
7724 17819 3006130 0 0
7725 17817 3006140 0 0
7726 17816 3006150 0 0
7726 17815 3006160 0 0
7725 17812 3006170 0 0
7725 17809 3006180 0 0
7724 17805 3006190 0 0
7722 17801 3006200 0 0
7720 17797 3006210 0 0
7718 17793 3006220 0 0
7715 17789 3006230 0 0
7714 17787 3006240 0 0
7712 17785 3006250 0 0
7708 17780 3006260 0 0
7705 17776 3006270 0 0
7701 17772 3006280 0 0
7697 17768 3006290 0 0
7693 17765 3006300 0 0
7690 17761 3006310 0 0
7687 17758 3006320 0 0
7686 17757 3006330 0 0
7686 17755 3006340 0 0
7685 17754 3006350 0 0
7684 17752 3006360 0 0
7683 17750 3006370 0 0
7683 17747 3006380 0 0
7683 17745 3006390 0 0
7683 17743 3006400 0 0
7685 17742 3006410 0 0
7686 17740 3006420 0 0
7687 17740 3006430 0 0
7689 17739 3006440 0 0
7691 17738 3006450 0 0
7694 17736 3006460 0 0
7697 17735 3006470 0 0
7701 17734 3006480 0 0
7705 17732 3006490 0 0
7710 17731 3006500 0 0
7715 17729 3006510 0 0
7718 17728 3006520 0 0
7721 17727 3006530 0 0
7727 17725 3006540 0 0
7733 17724 3006550 0 0
7739 17722 3006560 1 81
7745 17720 3006570 1 196
7751 17719 3006580 1 306
7756 17717 3006590 1 412
7762 17716 3006600 1 512
7765 17716 3006610 1 561
7767 17715 3006620 1 605
7772 17714 3006630 1 693
7776 17714 3006640 1 772
7780 17714 3006650 1 845
7783 17715 3006660 1 909
7786 17716 3006670 1 966
7789 17717 3006680 1 1016
7791 17719 3006690 1 1024
7792 17721 3006700 1 1024
7792 17722 3006710 1 1024
7794 17725 3006720 1 1024
7794 17726 3006730 1 1024
7795 17728 3006740 1 1024
7796 17731 3006750 1 1024
7797 17735 3006760 1 1024
7798 17739 3006770 1 1024
7798 17744 3006780 1 1024
7799 17748 3006790 1 1024
7799 17751 3006800 1 1024
7799 17753 3006810 1 1024
7799 17758 3006820 1 1024
7799 17762 3006830 1 1024
7800 17766 3006840 1 1024
7800 17770 3006850 1 1024
7801 17774 3006860 1 1024
7801 17777 3006870 1 1019
7802 17780 3006880 1 981
7802 17782 3006890 1 962
7803 17783 3006900 1 940
7803 17785 3006910 1 895
7804 17786 3006920 1 849
7804 17787 3006930 1 799
7805 17787 3006940 1 747
7804 17786 3006950 1 693
7804 17785 3006960 1 638
7804 17783 3006970 1 582
7804 17782 3006980 1 553
7803 17781 3006990 1 524
7803 17779 3007000 1 467
7802 17776 3007010 1 411
7802 17772 3007020 1 354
7802 17769 3007030 1 298
7802 17766 3007040 1 245
7802 17762 3007050 1 192
7801 17759 3007060 1 143
7801 17757 3007070 1 118
7802 17756 3007080 1 95
7801 17753 3007090 1 51
7801 17750 3007100 1 11
7800 17749 3007110 0 0
7800 17748 3007120 0 0
7800 17746 3007130 0 0
7800 17744 3007140 0 0
7799 17743 3007150 0 0
7799 17742 3007160 0 0
7799 17742 3007170 0 0
7799 17742 3007180 0 0
7798 17742 3007190 0 0
7797 17742 3007200 0 0
7797 17743 3007210 0 0
7796 17744 3007220 0 0
7795 17745 3007230 0 0
7795 17747 3007240 0 0
7794 17749 3007250 0 0
7793 17750 3007260 0 0
7792 17751 3007270 0 0
7791 17753 3007280 0 0
7789 17755 3007290 0 0
7788 17757 3007300 0 0
7786 17759 3007310 0 0
7785 17761 3007320 0 0
7783 17763 3007330 0 0
7782 17765 3007340 0 0
7781 17766 3007350 0 0
7779 17767 3007360 0 0
7778 17768 3007370 1 31
7776 17770 3007380 1 90
7774 17771 3007390 1 152
7772 17772 3007400 1 221
7771 17773 3007410 1 294
7769 17773 3007420 1 368
7768 17774 3007430 1 444
7767 17774 3007440 1 483
7766 17774 3007450 1 521
7765 17774 3007460 1 598
7764 17774 3007470 1 672
7763 17774 3007480 1 744
7763 17774 3007490 1 779
7762 17774 3007500 1 812
7762 17774 3007510 1 876
7762 17773 3007520 1 934
7762 17773 3007530 1 984
7762 17773 3007540 1 1008
7762 17772 3007550 1 1024
7762 17771 3007560 1 1024
7762 17771 3007570 1 1024
7762 17770 3007580 1 1024
7761 17768 3007590 1 1024
7761 17767 3007600 1 1024
7761 17766 3007610 1 1024
7761 17765 3007620 1 1024
7760 17764 3007630 1 1024
7760 17763 3007640 1 1024
7760 17762 3007650 1 1024
7760 17760 3007660 1 1024
7761 17759 3007670 1 1024
7761 17757 3007680 1 1024
7761 17755 3007690 1 1024
7762 17754 3007700 1 1024
7762 17752 3007710 1 1024
7762 17751 3007720 1 1024
7762 17750 3007730 1 1024
7763 17749 3007740 1 1024
7763 17747 3007750 1 1024
7763 17746 3007760 1 1024
7764 17744 3007770 1 1024
7765 17743 3007780 1 1024
7765 17742 3007790 1 1024
7766 17741 3007800 1 1024
7766 17740 3007810 1 1024
7767 17740 3007820 1 1024
7767 17739 3007830 1 1024
7768 17738 3007840 1 1024
7768 17738 3007850 1 1024
7769 17737 3007860 1 1024
7769 17737 3007870 1 1024
7770 17737 3007880 1 1024
7770 17736 3007890 1 1024
7771 17736 3007900 1 1024
7771 17735 3007910 1 1024
7772 17735 3007920 1 1020
7773 17735 3007930 1 1007
7774 17734 3007940 1 995
7774 17734 3007950 1 982
7775 17734 3007960 1 969
7776 17733 3007970 1 958
7777 17733 3007980 1 946
7778 17732 3007990 1 935
7779 17732 3008000 1 930
7780 17732 3008010 1 925
7781 17732 3008020 1 914
7783 17731 3008030 1 905
7785 17731 3008040 1 896
7786 17731 3008050 1 888
7788 17731 3008060 1 881
7790 17731 3008070 1 874
7791 17731 3008080 1 869
7792 17731 3008090 1 866
7793 17731 3008100 1 864
7794 17731 3008110 1 859
7794 17732 3008120 1 856
7795 17733 3008130 1 854
7795 17733 3008140 1 852
7796 17734 3008150 1 850
7796 17735 3008160 1 849
7796 17736 3008170 1 849
7796 17737 3008180 1 849
7796 17737 3008190 1 849
7796 17739 3008200 1 850
7795 17740 3008210 1 851
7795 17741 3008220 1 852
7795 17743 3008230 1 854
7795 17745 3008240 1 856
7795 17746 3008250 1 856
7795 17747 3008260 1 858
7795 17749 3008270 1 861
7796 17750 3008280 1 862
7796 17751 3008290 1 864
7797 17752 3008300 1 867
7797 17754 3008310 1 870
7798 17756 3008320 1 872
7799 17757 3008330 1 875
7799 17759 3008340 1 878
7800 17760 3008350 1 881
7801 17761 3008360 1 884
7801 17762 3008370 1 886
7802 17762 3008380 1 887
7802 17763 3008390 1 890
7803 17763 3008400 1 893
7805 17763 3008410 1 896
7806 17763 3008420 1 898
7807 17763 3008430 1 900
7808 17763 3008440 1 902
7809 17763 3008450 1 903
7810 17763 3008460 1 904
7810 17763 3008470 1 905
7811 17763 3008480 1 906
7812 17762 3008490 1 907
7813 17762 3008500 1 907
7814 17762 3008510 1 908
7815 17761 3008520 1 909
7815 17761 3008530 1 909
7816 17761 3008540 1 909
7816 17760 3008550 1 909
7816 17760 3008560 1 909
7817 17760 3008570 1 910
7817 17760 3008580 1 911
7818 17760 3008590 1 912
7818 17760 3008600 1 913
7819 17760 3008610 1 914
7819 17760 3008620 1 915
7819 17760 3008630 1 916
7820 17760 3008640 1 917
7820 17760 3008650 1 917
7820 17760 3008660 1 918
7821 17760 3008670 1 919
7820 17760 3008680 1 922
7820 17760 3008690 1 923
7820 17760 3008700 1 925
7819 17760 3008710 1 926
7818 17760 3008720 1 928
7817 17760 3008730 1 929
7817 17760 3008740 1 930
7817 17760 3008750 1 931
7816 17759 3008760 1 932
7814 17759 3008770 1 934
7813 17759 3008780 1 935
7811 17759 3008790 1 936
7810 17758 3008800 1 937
7808 17758 3008810 1 936
7807 17758 3008820 1 936
7805 17757 3008830 1 937
7804 17757 3008840 1 936
7802 17757 3008850 1 935
7801 17756 3008860 1 933
7800 17756 3008870 1 932
7799 17756 3008880 1 930
7799 17756 3008890 1 928
7798 17755 3008900 1 926
7798 17755 3008910 1 925
7798 17755 3008920 1 924
7799 17755 3008930 1 923
7800 17755 3008940 1 922
7800 17755 3008950 1 921
7802 17755 3008960 1 920
7803 17755 3008970 1 920
7804 17754 3008980 1 920
7806 17754 3008990 1 921
7807 17754 3009000 1 924
7808 17754 3009010 1 924
7809 17754 3009020 1 925
7810 17754 3009030 1 927
7812 17754 3009040 1 930
7813 17754 3009050 1 934
7815 17754 3009060 1 939
7817 17754 3009070 1 945
7818 17754 3009080 1 952
7819 17753 3009090 1 962
7821 17753 3009100 1 971
7821 17753 3009110 1 977
7821 17753 3009120 1 982
7821 17753 3009130 1 995
7822 17753 3009140 1 1008
7822 17754 3009150 1 1023
7822 17754 3009160 1 1024
7821 17754 3009170 1 1024
7821 17754 3009180 1 1024
7820 17755 3009190 1 1024
7820 17755 3009200 1 1024
7820 17755 3009210 1 1024
7819 17755 3009220 1 1024
7819 17755 3009230 1 1024
7819 17756 3009240 1 1024
7818 17756 3009250 1 1024
7818 17756 3009260 1 1024
7818 17757 3009270 1 1024
7817 17757 3009280 1 1024
7817 17757 3009290 1 1024
7817 17756 3009300 1 1024
7817 17756 3009310 1 1012
7816 17756 3009320 1 976
7816 17756 3009330 1 936
7816 17755 3009340 1 889
7816 17755 3009350 1 838
7816 17754 3009360 1 782
7816 17754 3009370 1 724
7817 17753 3009380 1 694
7817 17753 3009390 1 685
7817 17753 3009400 1 662
7817 17752 3009410 1 599
7817 17752 3009420 1 534
7817 17751 3009430 1 468
7817 17750 3009440 1 403
7817 17748 3009450 1 339
7817 17747 3009460 1 275
7817 17746 3009470 1 214
7817 17746 3009480 1 184
7817 17745 3009490 1 156
7817 17744 3009500 1 101
7817 17743 3009510 1 50
7818 17742 3009520 1 5
7818 17741 3009530 0 0
7819 17740 3009540 0 0
7820 17739 3009550 0 0
7820 17739 3009560 0 0
7821 17738 3009570 0 0
7821 17738 3009580 0 0
7820 17738 3009590 0 0
7820 17738 3009600 0 0
7820 17738 3009610 0 0
7819 17738 3009620 0 0
7818 17739 3009630 0 0
7817 17740 3009640 0 0
7816 17740 3009650 0 0
7815 17741 3009660 0 0
7814 17742 3009670 0 0
7813 17743 3009680 0 0
7812 17744 3009690 0 0
7811 17745 3009700 0 0
7810 17746 3009710 0 0
7809 17747 3009720 1 3
7808 17748 3009730 1 61
7808 17749 3009740 1 126
7808 17750 3009750 1 161
7808 17750 3009760 1 199
7808 17750 3009770 1 230
7808 17751 3009780 1 277
7808 17751 3009790 1 359
7809 17751 3009800 1 443
7809 17751 3009810 1 529
7810 17751 3009820 1 613
7810 17751 3009830 1 696
7811 17750 3009840 1 775
7811 17750 3009850 1 815
7811 17749 3009860 1 851
7812 17749 3009870 1 919
7813 17747 3009880 1 978
7814 17746 3009890 1 1024
7816 17745 3009900 1 1024
7817 17743 3009910 1 1024
7818 17741 3009920 1 1024
7819 17740 3009930 1 1024
7820 17739 3009940 1 1024
7820 17738 3009950 1 1024
7821 17735 3009960 1 1024
7822 17733 3009970 1 1024
7822 17731 3009980 1 1024
7823 17729 3009990 1 1024
7824 17727 3010000 1 1024
7824 17725 3010010 1 1024
7825 17723 3010020 1 1024
7825 17722 3010030 1 1024
7826 17721 3010040 1 1024
7827 17719 3010050 1 1024
7828 17718 3010060 1 1024
7829 17717 3010070 1 1024
7830 17716 3010080 1 1024
7830 17716 3010090 1 1024
7831 17716 3010100 1 1024
7831 17716 3010110 1 1024
7830 17716 3010120 1 1024
7830 17716 3010130 1 1024
7829 17717 3010140 1 978
7829 17717 3010150 1 947
7829 17717 3010160 1 919
7828 17719 3010170 1 858
7828 17720 3010180 1 796
7827 17722 3010190 1 733
7827 17723 3010200 1 669
7826 17725 3010210 1 604
7825 17727 3010220 1 572
7824 17728 3010230 1 540
7824 17730 3010240 1 476
7823 17733 3010250 1 412
7823 17735 3010260 1 349
7822 17738 3010270 1 288
7822 17741 3010280 1 229
7823 17743 3010290 1 170
7823 17746 3010300 1 115
7823 17747 3010310 1 88
7823 17749 3010320 1 63
7824 17751 3010330 1 14
7825 17754 3010340 0 0
7825 17756 3010350 0 0
7826 17758 3010360 0 0
7827 17760 3010370 0 0
7828 17761 3010380 0 0
7829 17763 3010390 0 0
7830 17764 3010400 0 0
7831 17764 3010410 0 0
7833 17765 3010420 0 0
7834 17766 3010430 0 0
7835 17767 3010440 0 0
7836 17767 3010450 0 0
7837 17767 3010460 0 0
7837 17767 3010470 0 0
7838 17767 3010480 0 0
7838 17766 3010490 0 0
7838 17766 3010500 0 0
7838 17765 3010510 0 0
7838 17765 3010520 0 0
7838 17764 3010530 1 16
7838 17764 3010540 1 50
7838 17763 3010550 1 112
7838 17762 3010560 1 177
7838 17761 3010570 1 246
7838 17760 3010580 1 318
7838 17760 3010590 1 355
7837 17759 3010600 1 392
7838 17758 3010610 1 468
7839 17757 3010620 1 547
7840 17757 3010630 1 624
7841 17756 3010640 1 703
7842 17755 3010650 1 780
7844 17754 3010660 1 856
7845 17754 3010670 1 932
7846 17753 3010680 1 1004
7847 17753 3010690 1 1024
7848 17753 3010700 1 1024
7848 17752 3010710 1 1024
7849 17752 3010720 1 1024
7849 17752 3010730 1 1024
7849 17752 3010740 1 1024
7848 17753 3010750 1 1024
7848 17753 3010760 1 1024
7847 17753 3010770 1 1024
7845 17753 3010780 1 1024
7844 17754 3010790 1 1024
7842 17754 3010800 1 1024
7840 17754 3010810 1 1024
7838 17755 3010820 1 1024
7836 17755 3010830 1 1024
7834 17755 3010840 1 1024
7832 17755 3010850 1 1024
7830 17755 3010860 1 1024
7828 17755 3010870 1 1024
7826 17755 3010880 1 1024
7825 17755 3010890 1 1024
7824 17754 3010900 1 956
7823 17754 3010910 1 905
7823 17754 3010920 1 855
7822 17753 3010930 1 750
7822 17753 3010940 1 642
7822 17752 3010950 1 534
7823 17751 3010960 1 425
7824 17751 3010970 1 319
7824 17750 3010980 1 215
7825 17749 3010990 1 117
7827 17748 3011000 1 27
7828 17748 3011010 0 0
7830 17747 3011020 0 0
7832 17747 3011030 0 0
7833 17746 3011040 0 0
7835 17746 3011050 0 0
7837 17746 3011060 0 0
7838 17746 3011070 0 0
7840 17746 3011080 0 0
7842 17746 3011090 0 0
7843 17746 3011100 0 0
7845 17747 3011110 0 0
7846 17747 3011120 0 0
7848 17748 3011130 0 0
7849 17749 3011140 0 0
7850 17749 3011150 0 0
7851 17750 3011160 0 0
7852 17750 3011170 0 0
7853 17750 3011180 0 0
7854 17751 3011190 0 0
7854 17751 3011200 0 0
7854 17751 3011210 0 0
7854 17751 3011220 1 15
7854 17751 3011230 1 104
7854 17751 3011240 1 199
7854 17750 3011250 1 299
7854 17750 3011260 1 402
7854 17749 3011270 1 505
7855 17749 3011280 1 608
7855 17748 3011290 1 709
7856 17747 3011300 1 806
7856 17747 3011310 1 896
7857 17746 3011320 1 979
7858 17745 3011330 1 1024
7858 17744 3011340 1 1024
7859 17744 3011350 1 1024
7860 17743 3011360 1 1024
7861 17742 3011370 1 1024
7862 17742 3011380 1 1024
7863 17742 3011390 1 1024
7864 17741 3011400 1 1024
7865 17740 3011410 1 1024
