8155 17676 7991028 1 658
8132 17654 7991038 1 657
8118 17641 7991048 1 658
8113 17635 7991058 1 660
8109 17632 7991068 1 660
8098 17620 7991078 1 661
8098 17620 7991088 1 662
8099 17621 7991098 1 662
8098 17620 7991108 1 662
8098 17620 7991118 1 663
8098 17620 7991128 1 665
8098 17620 7991138 1 666
8097 17619 7991148 1 666
8097 17619 7991158 1 667
8097 17619 7991168 1 668
8097 17619 7991178 1 668
8097 17618 7991188 1 668
8097 17618 7991198 1 670
8096 17618 7991208 1 671
8096 17617 7991218 1 671
8095 17617 7991228 1 672
8095 17617 7991238 1 673
8095 17617 7991248 1 673
8095 17616 7991258 1 673
8094 17615 7991268 1 674
8094 17615 7991278 1 676
8093 17614 7991288 1 677
8093 17613 7991298 1 677
8093 17613 7991308 1 677
8092 17612 7991318 1 678
8092 17611 7991328 1 679
8092 17610 7991338 1 679
8093 17609 7991348 1 681
8093 17607 7991358 1 682
8093 17606 7991368 1 683
8094 17605 7991378 1 683
8094 17605 7991388 1 683
8095 17603 7991398 1 684
8095 17602 7991408 1 686
8096 17601 7991418 1 686
8097 17600 7991428 1 687
8098 17600 7991438 1 688
8099 17599 7991448 1 689
8099 17599 7991458 1 689
8100 17599 7991468 1 689
8101 17599 7991478 1 690
8101 17599 7991488 1 692
8102 17598 7991498 1 692
8103 17598 7991508 1 693
8103 17598 7991518 1 694
8103 17598 7991528 1 694
8104 17598 7991538 1 695
8104 17598 7991548 1 695
8104 17598 7991558 1 697
8104 17597 7991568 1 698
8104 17597 7991578 1 698
8104 17597 7991588 1 698
8104 17598 7991598 1 699
8104 17598 7991608 1 699
8104 17598 7991618 1 700
8104 17599 7991628 1 701
8103 17600 7991638 1 701
8103 17600 7991648 1 703
8103 17601 7991658 1 704
8103 17601 7991668 1 704
8103 17602 7991678 1 704
8102 17603 7991688 1 705
8102 17604 7991698 1 706
8102 17604 7991708 1 708
8102 17605 7991718 1 708
8102 17605 7991728 1 708
8102 17605 7991738 1 709
8103 17606 7991748 1 710
8103 17606 7991758 1 711
8103 17607 7991768 1 711
8103 17608 7991778 1 712
8103 17608 7991788 1 714
8103 17608 7991798 1 714
8103 17609 7991808 1 715
8103 17609 7991818 1 715
8104 17610 7991828 1 716
8104 17611 7991838 1 717
8105 17611 7991848 1 717
8105 17612 7991858 1 718
8106 17612 7991868 1 719
8106 17612 7991878 1 720
8106 17612 7991888 1 721
8107 17613 7991898 1 721
8108 17613 7991908 1 722
8108 17614 7991918 1 723
8109 17614 7991928 1 724
8109 17614 7991938 1 724
8109 17614 7991948 1 724
8110 17615 7991958 1 726
8110 17615 7991968 1 727
8111 17615 7991978 1 728
8111 17616 7991988 1 728
8112 17616 7991998 1 729
8112 17616 7992008 1 730
8112 17616 7992018 1 730
8112 17617 7992028 1 732
8113 17617 7992038 1 732
8113 17618 7992048 1 733
8113 17619 7992058 1 734
8113 17620 7992068 1 735
8113 17620 7992078 1 735
8112 17621 7992088 1 735
8112 17622 7992098 1 736
8111 17623 7992108 1 738
8110 17624 7992118 1 739
8109 17625 7992128 1 739
8108 17626 7992138 1 740
8108 17626 7992148 1 741
8108 17627 7992158 1 741
8107 17628 7992168 1 742
8106 17628 7992178 1 742
8106 17629 7992188 1 743
8105 17630 7992198 1 743
8105 17630 7992208 1 745
8105 17630 7992218 1 745
8105 17630 7992228 1 746
8105 17630 7992238 1 747
8106 17629 7992248 1 747
8107 17629 7992258 1 748
8107 17628 7992268 1 749
8108 17627 7992278 1 751
8109 17626 7992288 1 751
8109 17626 7992298 1 752
8111 17625 7992308 1 752
8112 17623 7992318 1 753
8114 17622 7992328 1 754
8115 17621 7992338 1 755
8117 17620 7992348 1 755
8117 17619 7992358 1 756
8118 17619 7992368 1 756
8119 17618 7992378 1 758
8121 17617 7992388 1 759
8122 17616 7992398 1 759
8123 17615 7992408 1 760
8124 17614 7992418 1 761
8124 17614 7992428 1 761
8124 17614 7992438 1 761
8125 17613 7992448 1 761
8126 17613 7992458 1 760
8126 17613 7992468 1 759
8126 17613 7992478 1 756
8126 17614 7992488 1 753
8126 17614 7992498 1 751
8126 17615 7992508 1 750
8125 17616 7992518 1 747
8125 17617 7992528 1 743
8124 17618 7992538 1 738
8124 17619 7992548 1 735
8124 17621 7992558 1 730
8123 17621 7992568 1 727
8123 17622 7992578 1 725
8123 17623 7992588 1 721
8123 17624 7992598 1 716
8123 17626 7992608 1 712
8123 17627 7992618 1 708
8123 17627 7992628 1 703
8123 17628 7992638 1 701
8123 17628 7992648 1 700
8123 17629 7992658 1 697
8123 17629 7992668 1 694
8122 17629 7992678 1 691
8122 17630 7992688 1 690
8122 17630 7992698 1 689
8121 17630 7992708 1 688
8121 17630 7992718 1 688
8121 17630 7992728 1 688
8121 17631 7992738 1 689
8121 17631 7992748 1 690
8120 17630 7992758 1 691
8120 17630 7992768 1 692
8120 17630 7992778 1 694
8120 17631 7992788 1 696
8121 17631 7992798 1 701
8121 17631 7992808 1 707
8122 17632 7992818 1 714
8123 17632 7992828 1 721
8123 17633 7992838 1 731
8124 17633 7992848 1 736
8124 17634 7992858 1 741
8125 17635 7992868 1 753
8125 17635 7992878 1 766
8126 17636 7992888 1 782
8126 17636 7992898 1 798
8126 17637 7992908 1 816
8127 17637 7992918 1 825
8127 17637 7992928 1 835
8127 17637 7992938 1 857
8127 17636 7992948 1 879
8127 17636 7992958 1 902
8127 17635 7992968 1 925
8126 17634 7992978 1 950
8126 17633 7992988 1 963
8126 17633 7992998 1 975
8126 17632 7993008 1 994
8126 17631 7993018 1 994
8126 17630 7993028 1 994
8126 17629 7993038 1 994
8127 17628 7993048 1 994
8127 17627 7993058 1 994
8128 17627 7993068 1 994
8128 17626 7993078 1 994
8129 17625 7993088 1 995
8130 17624 7993098 1 995
8131 17624 7993108 1 995
8131 17623 7993118 1 995
8132 17622 7993128 1 994
8132 17622 7993138 1 994
8133 17622 7993148 1 994
8134 17621 7993158 1 994
8134 17620 7993168 1 995
8135 17619 7993178 1 995
8136 17618 7993188 1 995
8136 17618 7993198 1 995
8136 17617 7993208 1 995
8136 17616 7993218 1 995
8136 17615 7993228 1 995
8136 17614 7993238 1 995
8136 17613 7993248 1 995
8136 17611 7993258 1 996
8136 17611 7993268 1 996
8136 17610 7993278 1 996
8135 17609 7993288 1 996
8135 17608 7993298 1 996
8134 17607 7993308 1 996
8134 17606 7993318 1 995
8133 17605 7993328 1 995
8132 17605 7993338 1 996
8132 17605 7993348 1 996
8131 17604 7993358 1 996
8130 17604 7993368 1 996
8129 17604 7993378 1 996
8129 17604 7993388 1 963
8128 17604 7993398 1 903
8128 17604 7993408 1 871
8128 17604 7993418 1 838
8128 17605 7993428 1 769
8128 17605 7993438 1 692
8128 17606 7993448 1 612
8129 17607 7993458 1 526
8129 17608 7993468 1 437
8129 17609 7993478 1 391
8129 17609 7993488 1 343
8128 17611 7993498 1 246
8128 17612 7993508 1 145
8128 17613 7993518 1 57
8128 17614 7993528 1 56
8127 17616 7993538 1 56
8127 17616 7993548 1 55
8127 17616 7993558 1 56
8126 17617 7993568 1 56
8126 17618 7993578 1 55
8126 17619 7993588 1 55
8126 17620 7993598 1 55
8126 17621 7993608 1 56
8126 17621 7993618 1 55
8126 17622 7993628 1 55
8126 17623 7993638 1 55
8127 17624 7993648 1 55
8127 17625 7993658 1 54
8128 17626 7993668 1 54
8129 17627 7993678 1 54
8129 17628 7993688 1 55
8130 17629 7993698 1 54
8131 17630 7993708 1 53
8132 17632 7993718 1 54
8133 17634 7993728 1 54
8134 17635 7993738 1 53
8134 17637 7993748 1 53
8135 17638 7993758 1 53
8135 17639 7993768 1 53
8135 17640 7993778 1 53
8136 17642 7993788 1 52
8136 17644 7993798 1 52
8136 17645 7993808 1 53
8136 17647 7993818 1 53
8136 17648 7993828 1 52
8136 17649 7993838 1 52
8136 17651 7993848 1 52
8136 17653 7993858 1 52
8136 17655 7993868 1 51
8136 17657 7993878 1 51
8136 17659 7993888 1 51
8136 17660 7993898 1 52
8136 17661 7993908 1 52
8137 17663 7993918 1 51
8137 17663 7993928 1 51
8137 17664 7993938 1 51
8137 17665 7993948 1 51
8137 17667 7993958 1 51
8137 17667 7993968 1 51
8137 17668 7993978 1 50
8136 17669 7993988 1 51
8135 17670 7993998 1 51
8135 17670 7994008 1 50
8134 17671 7994018 1 50
8133 17672 7994028 1 50
8133 17672 7994038 1 50
8132 17673 7994048 1 50
8132 17673 7994058 1 49
8131 17674 7994068 1 49
8130 17674 7994078 1 50
8129 17675 7994088 1 49
8128 17676 7994098 1 49
8128 17676 7994108 1 49
8127 17676 7994118 1 49
8126 17677 7994128 1 49
8125 17677 7994138 1 48
8124 17677 7994148 1 48
8124 17677 7994158 1 48
8123 17677 7994168 1 49
8123 17677 7994178 1 49
8122 17677 7994188 1 48
8122 17678 7994198 1 48
8121 17678 7994208 1 48
8121 17678 7994218 1 47
8121 17679 7994228 1 256
8120 17679 7994238 1 573
8120 17680 7994248 1 781
8120 17680 7994258 1 907
8120 17681 7994268 1 1001
8120 17681 7994278 1 1001
8120 17682 7994288 1 1001
8119 17682 7994298 1 1002
8119 17683 7994308 1 1002
8119 17683 7994318 1 1002
8119 17684 7994328 1 1002
8119 17685 7994338 1 1002
8119 17685 7994348 1 1002
8118 17686 7994358 1 1002
8118 17687 7994368 1 1002
8117 17687 7994378 1 1001
8117 17688 7994388 1 1002
8117 17688 7994398 1 1002
8116 17688 7994408 1 1002
8116 17688 7994418 1 1002
8116 17687 7994428 1 1002
8116 17687 7994438 1 1002
8116 17686 7994448 1 1002
8116 17686 7994458 1 1002
8116 17686 7994468 1 1002
8116 17685 7994478 1 1003
8116 17684 7994488 1 1003
8116 17683 7994498 1 1003
8116 17683 7994508 1 1003
8117 17682 7994518 1 1003
8117 17682 7994528 1 1003
8116 17681 7994538 1 1003
8116 17680 7994548 1 1002
8115 17680 7994558 1 1002
8114 17679 7994568 1 1003
8113 17678 7994578 1 1003
8112 17677 7994588 1 1003
8111 17676 7994598 1 1003
8110 17676 7994608 1 1003
8109 17675 7994618 1 1003
8107 17674 7994628 1 1003
8106 17673 7994638 1 1003
8104 17672 7994648 1 1003
8102 17671 7994658 1 1004
8101 17671 7994668 1 1004
8101 17671 7994678 1 1004
8099 17670 7994688 1 1004
8098 17669 7994698 1 1004
8096 17669 7994708 1 1003
8095 17668 7994718 1 1003
8094 17667 7994728 1 1003
8094 17667 7994738 1 1004
8094 17666 7994748 1 1004
8093 17665 7994758 1 1004
8093 17664 7994768 1 1004
8092 17663 7994778 1 1004
8092 17662 7994788 1 1004
8092 17661 7994798 1 1004
8092 17660 7994808 1 1004
8092 17660 7994818 1 1004
8093 17659 7994828 1 1005
8093 17659 7994838 1 1005
8094 17658 7994848 1 1005
8094 17658 7994858 1 1005
8095 17657 7994868 1 1004
8095 17657 7994878 1 1005
8096 17657 7994888 1 1004
8096 17657 7994898 1 1004
8097 17656 7994908 1 1005
8098 17656 7994918 1 1005
8098 17656 7994928 1 1005
8099 17656 7994938 1 1005
8099 17655 7994948 1 1005
8099 17655 7994958 1 1005
8100 17655 7994968 1 1005
8100 17655 7994978 1 1005
8100 17655 7994988 1 1005
8100 17655 7994998 1 1006
8099 17655 7995008 1 1006
8099 17655 7995018 1 1006
8099 17655 7995028 1 1006
8098 17656 7995038 1 1005
8098 17656 7995048 1 1005
8098 17657 7995058 1 1005
8097 17657 7995068 1 1005
8097 17658 7995078 1 1006
8097 17658 7995088 1 1006
8097 17658 7995098 1 1006
8097 17658 7995108 1 1006
8097 17659 7995118 1 1006
8097 17659 7995128 1 1006
8097 17659 7995138 1 1006
8097 17658 7995148 1 1006
8097 17658 7995158 1 1005
8097 17658 7995168 1 1006
8097 17658 7995178 1 1007
8098 17658 7995188 1 1007
8098 17657 7995198 1 1006
8099 17657 7995208 1 1006
8100 17656 7995218 1 1006
8100 17656 7995228 1 1006
8101 17656 7995238 1 1006
8101 17655 7995248 1 1006
8102 17655 7995258 1 1006
8103 17654 7995268 1 1007
8103 17653 7995278 1 1007
8103 17652 7995288 1 1007
8103 17652 7995298 1 1007
8103 17652 7995308 1 1007
8103 17651 7995318 1 1007
8103 17650 7995328 1 1007
8102 17649 7995338 1 1006
8102 17649 7995348 1 1007
8102 17648 7995358 1 1007
8102 17648 7995368 1 1024
8102 17648 7995378 1 1007
8101 17648 7995388 1 34
8101 17648 7995398 1 34
8100 17648 7995408 1 34
8100 17648 7995418 1 34
8100 17649 7995428 1 33
8100 17649 7995438 1 32
8099 17649 7995448 1 34
8099 17650 7995458 1 34
8099 17650 7995468 1 33
8099 17651 7995478 1 33
8099 17651 7995488 1 33
8099 17651 7995498 1 33
8099 17651 7995508 1 32
8100 17652 7995518 1 32
8100 17652 7995528 1 42
8101 17652 7995538 1 60
8102 17651 7995548 1 87
8103 17651 7995558 1 120
8105 17650 7995568 1 159
8105 17650 7995578 1 179
8106 17650 7995588 1 201
8107 17649 7995598 1 245
8109 17648 7995608 1 289
8110 17647 7995618 1 331
8111 17646 7995628 1 371
8112 17645 7995638 1 405
8113 17644 7995648 1 422
8113 17643 7995658 1 433
8113 17642 7995668 1 452
8114 17641 7995678 1 461
8114 17640 7995688 1 464
8114 17639 7995698 1 463
8114 17638 7995708 1 448
8115 17638 7995718 1 438
8115 17637 7995728 1 419
8115 17637 7995738 1 375
8115 17636 7995748 1 312
8115 17636 7995758 1 230
8116 17635 7995768 1 126
8116 17635 7995778 1 30
8116 17635 7995788 1 12
8116 17635 7995798 1 30
8117 17634 7995808 1 30
8117 17634 7995818 1 29
8118 17633 7995828 1 30
8118 17633 7995838 1 30
8119 17632 7995848 1 30
8119 17632 7995858 1 29
8120 17632 7995868 1 29
8120 17631 7995878 1 29
8121 17630 7995888 1 29
8121 17630 7995898 1 30
8122 17629 7995908 1 29
8122 17628 7995918 1 29
8123 17628 7995928 1 29
8123 17628 7995938 1 29
8124 17627 7995948 1 28
8125 17627 7995958 1 28
8126 17626 7995968 1 28
8127 17626 7995978 1 29
8128 17626 7995988 1 28
8128 17626 7995998 1 28
8129 17626 7996008 1 28
8130 17626 7996018 1 28
8131 17626 7996028 1 28
8132 17626 7996038 1 27
8134 17626 7996048 1 28
8135 17626 7996058 1 28
8135 17626 7996068 1 27
8136 17626 7996078 1 27
8136 17626 7996088 1 27
8137 17627 7996098 1 27
8138 17627 7996108 1 27
8139 17627 7996118 1 26
8140 17627 7996128 1 109
8140 17627 7996138 1 164
8141 17627 7996148 1 218
8142 17627 7996158 1 321
8143 17627 7996168 1 420
8144 17627 7996178 1 514
8145 17627 7996188 1 602
8146 17627 7996198 1 683
8146 17627 7996208 1 723
8147 17627 7996218 1 759
8148 17626 7996228 1 828
8149 17625 7996238 1 889
8149 17624 7996248 1 942
8150 17623 7996258 1 969
8151 17622 7996268 1 988
8151 17622 7996278 1 1003
8151 17621 7996288 1 1011
8152 17620 7996298 1 1011
8153 17620 7996308 1 1012
8153 17619 7996318 1 1012
8154 17618 7996328 1 1012
8154 17618 7996338 1 1012
8155 17618 7996348 1 1012
8155 17618 7996358 1 1011
8155 17618 7996368 1 1011
8155 17617 7996378 1 1011
8156 17617 7996388 1 1011
8156 17617 7996398 1 1012
8156 17617 7996408 1 1012
8156 17617 7996418 1 1012
8155 17617 7996428 1 1012
8155 17617 7996438 1 1012
8155 17617 7996448 1 1012
8155 17618 7996458 1 1012
8154 17619 7996468 1 1012
8154 17619 7996478 1 1013
8154 17620 7996488 1 1013
8153 17620 7996498 1 1013
8153 17621 7996508 1 1012
8152 17622 7996518 1 1012
8151 17623 7996528 1 1012
8151 17624 7996538 1 1012
8151 17624 7996548 1 1012
8150 17624 7996558 1 1013
8150 17624 7996568 1 1013
8150 17624 7996578 1 1013
8151 17624 7996588 1 1013
8151 17625 7996598 1 1013
8151 17625 7996608 1 1013
8152 17625 7996618 1 1013
8152 17625 7996628 1 1013
8152 17625 7996638 1 1012
8152 17626 7996648 1 1012
8153 17626 7996658 1 1013
8153 17627 7996668 1 1013
8153 17627 7996678 1 1013
8153 17628 7996688 1 1013
8153 17628 7996698 1 1013
8153 17628 7996708 1 1013
8152 17629 7996718 1 1013
8152 17629 7996728 1 1013
8151 17630 7996738 1 1014
8151 17631 7996748 1 1014
8150 17631 7996758 1 1014
8150 17631 7996768 1 1005
8149 17632 7996778 1 1013
8148 17633 7996788 1 1013
8147 17633 7996798 1 706
8146 17634 7996808 1 20
8145 17635 7996818 1 20
8144 17635 7996828 1 20
8144 17635 7996838 1 2
8144 17636 7996848 1 10
8143 17636 7996858 1 20
8142 17636 7996868 1 20
8142 17636 7996878 1 20
8141 17635 7996888 1 20
8141 17635 7996898 1 19
8141 17635 7996908 1 19
8141 17634 7996918 1 20
8140 17634 7996928 1 20
8140 17633 7996938 1 20
8140 17632 7996948 1 19
8140 17631 7996958 1 19
8140 17630 7996968 1 19
8140 17629 7996978 1 19
8140 17629 7996988 1 19
8140 17628 7996998 1 19
8141 17626 7997008 1 19
8141 17625 7997018 1 19
8142 17624 7997028 1 18
8142 17623 7997038 1 18
8142 17623 7997048 1 17
8142 17623 7997058 1 19
8142 17622 7997068 1 27
8142 17621 7997078 1 46
8142 17621 7997088 1 74
8142 17620 7997098 1 108
8142 17620 7997108 1 148
8142 17620 7997118 1 168
8142 17620 7997128 1 190
8142 17620 7997138 1 235
8142 17620 7997148 1 280
8141 17620 7997158 1 324
8141 17621 7997168 1 364
8141 17621 7997178 1 398
8141 17621 7997188 1 415
8141 17621 7997198 1 427
8141 17621 7997208 1 448
8141 17621 7997218 1 459
8141 17622 7997228 1 458
8142 17622 7997238 1 443
8142 17623 7997248 1 414
8142 17623 7997258 1 396
8142 17623 7997268 1 368
8142 17624 7997278 1 303
8143 17625 7997288 1 220
8144 17626 7997298 1 114
8144 17627 7997308 1 16
8145 17628 7997318 1 16
8145 17628 7997328 1 20
8145 17629 7997338 1 16
8146 17630 7997348 1 16
8146 17630 7997358 1 16
8147 17631 7997368 1 15
8147 17631 7997378 1 15
8147 17632 7997388 1 16
8147 17632 7997398 1 16
8147 17632 7997408 1 16
8147 17632 7997418 1 15
8147 17631 7997428 1 15
8147 17631 7997438 1 15
8147 17631 7997448 1 16
8147 17631 7997458 1 15
8147 17631 7997468 1 15
8147 17631 7997478 1 15
8147 17631 7997488 1 15
8147 17631 7997498 1 15
8147 17632 7997508 1 14
8147 17632 7997518 1 15
8148 17632 7997528 1 15
8148 17632 7997538 1 14
8148 17632 7997548 1 14
8148 17632 7997558 1 14
8149 17632 7997568 1 14
8149 17632 7997578 1 14
8149 17633 7997588 1 14
8149 17633 7997598 1 14
8149 17633 7997608 1 14
8148 17633 7997618 1 14
8148 17634 7997628 1 14
8148 17634 7997638 1 13
8147 17634 7997648 1 14
8147 17635 7997658 1 14
8147 17635 7997668 1 13
8147 17635 7997678 1 13
8147 17636 7997688 1 13
8148 17636 7997698 1 13
8148 17637 7997708 1 13
8148 17638 7997718 1 13
8149 17638 7997728 1 13
8149 17639 7997738 1 13
8150 17639 7997748 1 13
8150 17640 7997758 1 13
8151 17640 7997768 1 12
8151 17641 7997778 1 13
8152 17642 7997788 1 13
8152 17642 7997798 1 12
8153 17642 7997808 1 12
8153 17642 7997818 1 12
8153 17643 7997828 1 12
8154 17643 7997838 1 12
8154 17643 7997848 1 12
8154 17643 7997858 1 12
8155 17642 7997868 1 12
8156 17642 7997878 1 11
8156 17642 7997888 1 11
8156 17642 7997898 1 11
8157 17642 7997908 1 12
8157 17642 7997918 1 12
8158 17642 7997928 1 11
8159 17642 7997938 1 11
8159 17643 7997948 1 11
8159 17643 7997958 1 12
8160 17643 7997968 1 11
8160 17644 7997978 1 11
8161 17645 7997988 1 11
8162 17646 7997998 1 11
8162 17646 7998008 1 13
8162 17647 7998018 1 32
8162 17648 7998028 1 47
8162 17648 7998038 1 77
8163 17649 7998048 1 140
8163 17650 7998058 1 216
8163 17650 7998068 1 299
8164 17651 7998078 1 384
8165 17652 7998088 1 468
8165 17652 7998098 1 508
8165 17652 7998108 1 541
8166 17652 7998118 1 602
8166 17653 7998128 1 644
8167 17653 7998138 1 664
8167 17654 7998148 1 665
8168 17654 7998158 1 651
8168 17654 7998168 1 642
8168 17654 7998178 1 630
8168 17655 7998188 1 606
8169 17655 7998198 1 584
8169 17655 7998208 1 569
8170 17656 7998218 1 567
8170 17656 7998228 1 582
8170 17656 7998238 1 593
8170 17656 7998248 1 620
8171 17656 7998258 1 684
8171 17657 7998268 1 764
8172 17657 7998278 1 850
8172 17657 7998288 1 930
8172 17656 7998298 1 991
8172 17656 7998308 1 1015
8172 17656 7998318 1 1019
8171 17656 7998328 1 1016
8171 17655 7998338 1 955
8171 17655 7998348 1 831
8171 17654 7998358 1 632
8171 17653 7998368 1 357
8171 17653 7998378 1 160
8171 17653 7998388 1 53
8172 17653 7998398 1 8
8172 17652 7998408 1 8
8173 17652 7998418 1 8
8173 17651 7998428 1 8
8174 17651 7998438 1 108
8174 17651 7998448 1 362
8174 17651 7998458 1 691
8175 17650 7998468 1 1019
8176 17650 7998478 1 1020
8176 17650 7998488 1 7
8177 17649 7998498 1 7
8177 17649 7998508 0 0
8178 17649 7998518 0 0
8178 17649 7998528 0 0
8178 17649 7998538 0 0
8179 17649 7998548 0 0
8179 17649 7998558 0 0
8179 17649 7998568 0 0
8179 17649 7998578 0 0
8179 17649 7998588 0 0
8179 17649 7998598 0 0
8179 17649 7998608 0 0
8178 17649 7998618 0 0
8178 17649 7998628 1 6
8178 17649 7998638 1 19
8177 17650 7998648 1 38
8177 17650 7998658 1 62
8177 17650 7998668 1 91
8176 17650 7998678 1 123
8176 17651 7998688 1 158
8175 17651 7998698 1 195
8175 17652 7998708 1 233
8174 17652 7998718 1 270
8174 17652 7998728 1 307
8174 17652 7998738 1 342
8174 17652 7998748 1 375
8174 17653 7998758 1 404
8174 17653 7998768 1 429
8174 17653 7998778 1 448
8175 17653 7998788 1 462
8175 17652 7998798 1 469
8175 17652 7998808 1 468
8176 17652 7998818 1 458
8176 17652 7998828 1 438
8177 17651 7998838 1 409
8177 17651 7998848 1 362
8177 17650 7998858 1 297
8178 17650 7998868 1 260
8177 17649 7998878 1 211
8178 17649 7998888 1 104
8177 17649 7998898 1 5
8177 17648 7998908 1 5
8176 17648 7998918 1 4
8176 17648 7998928 1 4
8175 17648 7998938 1 5
8175 17648 7998948 1 5
8174 17647 7998958 1 5
8174 17647 7998968 1 4
8173 17647 7998978 1 4
8172 17647 7998988 1 4
8172 17646 7998998 1 5
8172 17646 7999008 1 4
8171 17646 7999018 1 4
8171 17646 7999028 1 4
8171 17645 7999038 1 4
8172 17644 7999048 1 3
8172 17644 7999058 1 4
8173 17643 7999068 1 4
8173 17643 7999078 1 4
8173 17643 7999088 1 4
8174 17642 7999098 1 3
8175 17641 7999108 1 3
8175 17640 7999118 1 4
8176 17640 7999128 1 4
8176 17639 7999138 1 3
8177 17638 7999148 1 3
8177 17638 7999158 1 3
8177 17637 7999168 1 3
8178 17636 7999178 1 4
8178 17635 7999188 1 3
8178 17635 7999198 1 3
8178 17634 7999208 1 3
8178 17634 7999218 1 4
8177 17634 7999228 1 3
8177 17634 7999238 1 3
8176 17633 7999248 1 3
8176 17633 7999258 1 3
8175 17633 7999268 1 2
8175 17633 7999278 0 0
8175 17633 7999288 0 0
8175 17633 7999298 0 0
8174 17634 7999308 0 0
8174 17634 7999318 0 0
8174 17633 7999328 0 0
8174 17633 7999338 0 0
8174 17633 7999348 0 0
8175 17634 7999358 0 0
8175 17634 7999368 0 0
8176 17634 7999378 0 0
8176 17634 7999388 0 0
8177 17634 7999398 0 0
8178 17634 7999408 1 9
8179 17635 7999418 1 31
8179 17635 7999428 1 63
8179 17635 7999438 1 104
8180 17635 7999448 1 153
8181 17635 7999458 1 209
8182 17635 7999468 1 271
8182 17635 7999478 1 336
8183 17635 7999488 1 405
8183 17634 7999498 1 476
8183 17634 7999508 1 547
8184 17634 7999518 1 618
8184 17634 7999528 1 686
8184 17633 7999538 1 752
8184 17633 7999548 1 813
8184 17632 7999558 1 869
8184 17632 7999568 1 918
8184 17632 7999578 1 959
8185 17631 7999588 1 991
8185 17630 7999598 1 1013
8185 17630 7999608 1 1023
8185 17629 7999618 1 1023
8185 17629 7999628 1 1023
8185 17628 7999638 1 1023
8185 17628 7999648 1 1022
8185 17627 7999658 1 1022
8185 17627 7999668 1 1022
8185 17626 7999678 1 1022
8184 17625 7999688 1 1022
8184 17624 7999698 1 1023
8184 17624 7999708 1 1023
8184 17624 7999718 1 1023
8183 17623 7999728 1 1023
8183 17622 7999738 1 1023
8183 17622 7999748 1 1022
8182 17621 7999758 1 1022
8182 17621 7999768 1 1022
8182 17621 7999778 1 1022
8182 17621 7999788 1 1022
8182 17621 7999798 1 1023
8182 17621 7999808 1 1023
8183 17621 7999818 1 1023
8183 17621 7999828 1 1023
8183 17622 7999838 1 1023
8184 17622 7999848 1 1023
8184 17622 7999858 1 1022
8184 17623 7999868 1 1022
8185 17624 7999878 1 1023
8185 17625 7999888 1 1023
8186 17626 7999898 1 1023
8187 17626 7999908 1 1023
8187 17627 7999918 1 1023
8187 17627 7999928 1 1023
8188 17628 7999938 1 1023
8189 17628 7999948 1 1023
8189 17629 7999958 1 1024
8190 17629 7999968 1 1023
8190 17630 7999978 1 1023
8190 17630 7999988 1 1023
8190 17630 7999998 1 1023
8190 17630 8000008 1 1023
8190 17629 8000018 1 1023
8190 17629 8000028 1 1023
8189 17629 8000038 1 1023
8189 17629 8000048 1 1022
8189 17628 8000058 1 1022
8189 17628 8000068 1 1022
8188 17628 8000078 1 1023
8188 17628 8000088 1 1014
8187 17627 8000098 1 975
8186 17627 8000108 1 935
8186 17627 8000118 1 894
8185 17627 8000128 1 874
8185 17627 8000138 1 853
8184 17627 8000148 1 812
8184 17628 8000158 1 770
8184 17628 8000168 1 728
8184 17629 8000178 1 686
8183 17629 8000188 1 643
8183 17630 8000198 1 622
8183 17630 8000208 1 601
8183 17631 8000218 1 559
8183 17632 8000228 1 517
8183 17633 8000238 1 477
8183 17634 8000248 1 437
8183 17635 8000258 1 397
8183 17636 8000268 1 377
8183 17636 8000278 1 359
8183 17637 8000288 1 322
8183 17638 8000298 1 286
8183 17639 8000308 1 252
8183 17640 8000318 1 219
8183 17640 8000328 1 188
8183 17640 8000338 1 176
8183 17640 8000348 1 172
8183 17640 8000358 1 158
8183 17640 8000368 1 131
8183 17640 8000378 1 106
8183 17640 8000388 1 83
8182 17639 8000398 1 62
8182 17639 8000408 1 52
8182 17638 8000418 1 44
8181 17638 8000428 1 28
8181 17637 8000438 1 15
8181 17636 8000448 1 2
8180 17635 8000458 1 1
8180 17635 8000468 1 1
8180 17635 8000478 1 1
8179 17635 8000488 1 2
8179 17634 8000498 1 2
8179 17634 8000508 1 2
8179 17635 8000518 1 1
8179 17635 8000528 1 2
8179 17635 8000538 1 2
8179 17636 8000548 1 4
8179 17636 8000558 1 2
8179 17637 8000568 1 3
8179 17638 8000578 1 60
8180 17639 8000588 1 185
8180 17640 8000598 1 365
8180 17640 8000608 1 589
8180 17640 8000618 1 721
8180 17641 8000628 1 849
8180 17641 8000638 1 1022
8180 17641 8000648 1 1022
8180 17641 8000658 1 1021
8180 17641 8000668 1 1021
8180 17641 8000678 1 1021
8180 17641 8000688 1 1021
8179 17641 8000698 1 1021
8179 17640 8000708 1 1021
8178 17639 8000718 1 1021
8178 17639 8000728 1 1022
8177 17638 8000738 1 1021
8177 17638 8000748 1 1021
8176 17638 8000758 1 1022
8176 17637 8000768 1 1021
8175 17637 8000778 1 1021
8175 17636 8000788 1 1021
8174 17636 8000798 1 1021
8174 17635 8000808 1 1021
8174 17634 8000818 1 345
8173 17634 8000828 1 8
8173 17633 8000838 1 4
8173 17632 8000848 1 4
8174 17631 8000858 1 4
8174 17631 8000868 1 4
8174 17630 8000878 1 4
8174 17630 8000888 1 4
8174 17630 8000898 1 511
8174 17630 8000908 1 1021
8174 17630 8000918 1 1020
8174 17631 8000928 1 1006
8174 17631 8000938 1 1020
8174 17631 8000948 1 741
8174 17632 8000958 1 414
8173 17632 8000968 1 227
8173 17633 8000978 1 111
8173 17634 8000988 1 4
8173 17635 8000998 1 4
8172 17636 8001008 1 5
8172 17636 8001018 1 5
8172 17637 8001028 1 5
8172 17637 8001038 1 5
8172 17637 8001048 1 5
8172 17638 8001058 1 5
8171 17638 8001068 1 5
8171 17638 8001078 1 5
8171 17638 8001088 1 6
8171 17638 8001098 1 5
8171 17638 8001108 1 5
8171 17637 8001118 1 5
8171 17637 8001128 1 6
8171 17636 8001138 1 6
8172 17636 8001148 1 6
8172 17635 8001158 1 5
8172 17635 8001168 1 6
8172 17635 8001178 1 6
8171 17635 8001188 1 6
8171 17634 8001198 1 6
8171 17634 8001208 1 6
8171 17634 8001218 1 6
8170 17633 8001228 1 6
8170 17633 8001238 1 6
8170 17633 8001248 1 6
8170 17633 8001258 1 7
8169 17633 8001268 1 7
8169 17633 8001278 1 6
8169 17633 8001288 1 6
8169 17633 8001298 1 7
8169 17634 8001308 1 7
8169 17634 8001318 1 7
8169 17634 8001328 1 7
8170 17634 8001338 1 6
8170 17634 8001348 1 7
8170 17634 8001358 1 7
8170 17634 8001368 1 7
8171 17634 8001378 1 95
8171 17634 8001388 1 160
8171 17634 8001398 1 238
8172 17633 8001408 1 381
8173 17633 8001418 1 523
8173 17633 8001428 1 663
8174 17632 8001438 1 799
8175 17632 8001448 1 933
8175 17632 8001458 1 1002
8175 17632 8001468 1 1019
8176 17632 8001478 1 1019
8177 17632 8001488 1 1019
8177 17632 8001498 1 1019
8177 17632 8001508 1 1018
8178 17632 8001518 1 1020
8178 17632 8001528 1 1019
8178 17632 8001538 1 1019
8178 17633 8001548 1 1019
8178 17633 8001558 1 1019
8178 17633 8001568 1 1019
8178 17633 8001578 1 1019
8178 17633 8001588 1 1019
8178 17632 8001598 1 1019
8178 17632 8001608 1 1019
8178 17632 8001618 1 1018
8178 17632 8001628 1 1018
8178 17632 8001638 1 1018
8178 17632 8001648 1 1019
8178 17632 8001658 1 1019
8178 17633 8001668 1 1019
8178 17633 8001678 1 1019
8178 17633 8001688 1 1019
8178 17633 8001698 1 1019
8178 17634 8001708 1 1018
8178 17634 8001718 1 1018
8179 17635 8001728 1 1018
8179 17635 8001738 1 1018
8179 17635 8001748 1 1018
8179 17635 8001758 1 1018
8180 17636 8001768 1 1019
8180 17636 8001778 1 1019
8181 17636 8001788 1 1018
8181 17636 8001798 1 1018
8182 17637 8001808 1 1018
8182 17637 8001818 1 1018
8182 17637 8001828 1 1018
8183 17637 8001838 1 1018
8183 17637 8001848 1 1018
8184 17637 8001858 1 1018
8184 17637 8001868 1 1017
8185 17637 8001878 1 1017
8185 17637 8001888 1 1018
8185 17637 8001898 1 1018
8185 17637 8001908 1 1018
8185 17638 8001918 1 1018
8185 17638 8001928 1 1018
8185 17639 8001938 1 1018
8185 17639 8001948 1 1018
8184 17639 8001958 1 1018
8184 17640 8001968 1 1017
8183 17640 8001978 1 1017
8183 17641 8001988 1 1017
8181 17641 8001998 1 1017
8180 17641 8002008 1 1018
8180 17641 8002018 1 1018
8179 17641 8002028 1 1018
8178 17641 8002038 1 1018
8177 17641 8002048 1 1017
8176 17641 8002058 1 1017
8175 17641 8002068 1 1017
8174 17641 8002078 1 1017
8173 17640 8002088 1 1017
8173 17640 8002098 1 1017
8172 17640 8002108 1 1017
8172 17640 8002118 1 1017
8172 17640 8002128 1 1018
8173 17640 8002138 1 1017
8174 17640 8002148 1 1017
8175 17640 8002158 1 1017
8175 17640 8002168 1 1017
8177 17641 8002178 1 1017
8179 17641 8002188 1 1017
8181 17641 8002198 1 1017
8183 17642 8002208 1 1017
8185 17642 8002218 1 1017
8186 17642 8002228 1 1017
8187 17643 8002238 1 1016
8189 17643 8002248 1 1016
8191 17644 8002258 1 1017
8192 17644 8002268 1 1017
8193 17645 8002278 1 1017
8194 17645 8002288 1 1017
8195 17646 8002298 1 1017
8195 17646 8002308 1 1017
8195 17646 8002318 1 1016
8195 17646 8002328 1 1016
8195 17646 8002338 1 1016
8195 17646 8002348 1 1016
8195 17645 8002358 1 1016
8195 17645 8002368 1 1016
8195 17645 8002378 1 1017
8194 17644 8002388 1 1017
8194 17643 8002398 1 1016
8194 17643 8002408 1 1016
8193 17642 8002418 1 1016
8193 17640 8002428 1 1016
8193 17640 8002438 1 1016
8193 17639 8002448 1 1016
8193 17638 8002458 1 1016
8193 17637 8002468 1 1016
8193 17635 8002478 1 1016
8193 17634 8002488 1 1015
8193 17633 8002498 1 1015
8193 17633 8002508 1 1016
8193 17632 8002518 1 1016
8193 17631 8002528 1 1016
8193 17630 8002538 1 1016
8193 17629 8002548 1 1016
8193 17629 8002558 1 1016
8193 17628 8002568 1 1015
8193 17628 8002578 1 1015
8193 17627 8002588 1 1015
8193 17627 8002598 1 1015
8192 17626 8002608 1 1015
8192 17625 8002618 1 1015
8192 17625 8002628 1 1016
8191 17624 8002638 1 1016
8191 17624 8002648 1 1015
8191 17623 8002658 1 1015
8190 17623 8002668 1 1015
8190 17623 8002678 1 1015
8189 17622 8002688 1 1015
8189 17621 8002698 1 1015
8189 17621 8002708 1 1015
8189 17621 8002718 1 1015
8189 17620 8002728 1 1015
8189 17620 8002738 1 1015
8189 17620 8002748 1 1014
8190 17619 8002758 1 1014
8190 17619 8002768 1 1015
8190 17619 8002778 1 1015
8190 17619 8002788 1 1015
8190 17619 8002798 1 1015
8190 17619 8002808 1 1015
8190 17619 8002818 1 1015
8191 17619 8002828 1 1015
8191 17619 8002838 1 1014
8191 17619 8002848 1 1014
8191 17619 8002858 1 1014
8191 17619 8002868 1 1014
8191 17619 8002878 1 1014
8191 17619 8002888 1 1015
8191 17619 8002898 1 1015
8191 17619 8002908 1 1015
8191 17620 8002918 1 1014
8191 17620 8002928 1 1014
8191 17620 8002938 1 1014
8190 17620 8002948 1 1014
8190 17621 8002958 1 1014
8189 17622 8002968 1 1014
8189 17622 8002978 1 1014
8189 17623 8002988 1 1014
8189 17623 8002998 1 1014
8189 17623 8003008 1 1013
8189 17624 8003018 1 1013
8188 17624 8003028 1 1014
8188 17625 8003038 1 1014
8189 17625 8003048 1 1014
8189 17626 8003058 1 1014
8189 17626 8003068 1 1014
8189 17627 8003078 1 1014
8189 17627 8003088 1 1014
8190 17628 8003098 1 1013
8190 17629 8003108 1 1013
8190 17630 8003118 1 1013
8190 17631 8003128 1 1013
8190 17631 8003138 1 1013
8190 17632 8003148 1 1013
8190 17633 8003158 1 1014
8190 17634 8003168 1 1014
8190 17634 8003178 1 1013
8191 17635 8003188 1 1013
8191 17636 8003198 1 1013
8191 17637 8003208 1 1013
8191 17637 8003218 1 1013
8191 17638 8003228 1 1013
8192 17638 8003238 1 1013
8192 17639 8003248 1 1013
8192 17639 8003258 1 1013
8192 17640 8003268 1 1012
8192 17640 8003278 1 1012
8192 17640 8003288 1 1012
8193 17641 8003298 1 1013
8193 17641 8003308 1 1013
8193 17642 8003318 1 1013
8194 17642 8003328 1 1013
8195 17642 8003338 1 1013
8195 17643 8003348 1 1013
8195 17643 8003358 1 1013
8196 17643 8003368 1 1012
8197 17643 8003378 1 1012
8198 17643 8003388 1 1012
8200 17643 8003398 1 1012
8201 17643 8003408 1 1012
8201 17643 8003418 1 1012
8202 17643 8003428 1 1013
8203 17643 8003438 1 1013
8204 17643 8003448 1 1012
8205 17643 8003458 1 1012
8196 17643 8003468 1 1012
8187 17643 8003478 1 1012
8183 17643 8003488 1 1012
8178 17643 8003498 1 1012
8168 17644 8003508 1 1012
8159 17644 8003518 1 1012
8150 17645 8003528 1 1011
8141 17646 8003538 1 1011
8132 17647 8003548 1 1011
8128 17647 8003558 1 1011
8124 17648 8003568 1 1011
8115 17649 8003578 1 1012
8106 17650 8003588 1 1012
8097 17651 8003598 1 1012
8088 17652 8003608 1 1012
8079 17653 8003618 1 1011
8073 17653 8003628 1 1011
8070 17654 8003638 1 1011
8070 17654 8003648 1 1011
8070 17655 8003658 1 1011
8071 17656 8003668 1 1011
8071 17656 8003678 1 1011
8071 17657 8003688 1 1011
8071 17657 8003698 1 1011
8071 17657 8003708 1 1010
8071 17657 8003718 1 1011
8072 17657 8003728 1 1011
8072 17657 8003738 1 1011
8073 17657 8003748 1 1011
8073 17657 8003758 1 1011
8073 17657 8003768 1 1011
8073 17657 8003778 1 1011
8073 17656 8003788 1 1010
8074 17656 8003798 1 1010
8074 17656 8003808 1 1010
8074 17656 8003818 1 1010
8075 17655 8003828 1 1010
8075 17655 8003838 1 1010
8075 17655 8003848 1 1011
8075 17655 8003858 1 1011
8076 17654 8003868 1 1011
8077 17654 8003878 1 1010
8077 17654 8003888 1 1010
8078 17654 8003898 1 1010
8078 17654 8003908 1 1010
8078 17653 8003918 1 1010
8079 17653 8003928 1 1010
8079 17653 8003938 1 1010
8080 17653 8003948 1 1010
8081 17653 8003958 1 1010
8081 17653 8003968 1 1009
8081 17653 8003978 1 1009
8082 17653 8003988 1 1009
8082 17653 8003998 1 1010
8083 17654 8004008 1 1010
8083 17654 8004018 1 1010
8083 17654 8004028 1 1010
8084 17655 8004038 1 1010
8084 17655 8004048 1 1009
8084 17655 8004058 1 1009
8084 17656 8004068 1 1009
8084 17656 8004078 1 1009
8084 17656 8004088 1 1009
8084 17656 8004098 1 1009
8084 17655 8004108 1 1009
8084 17655 8004118 1 1010
8084 17655 8004128 1 1009
8084 17655 8004138 1 1008
8084 17654 8004148 1 1009
8084 17654 8004158 1 1009
8084 17654 8004168 1 1009
8084 17653 8004178 1 1009
8085 17653 8004188 1 1009
8085 17653 8004198 1 1009
8085 17652 8004208 1 1009
8085 17652 8004218 1 1009
8086 17651 8004228 1 1008
8086 17650 8004238 1 1008
8086 17649 8004248 1 1008
8086 17649 8004258 1 1008
8087 17648 8004268 1 1008
8087 17647 8004278 1 1008
8087 17646 8004288 1 1009
8088 17645 8004298 1 1009
8088 17644 8004308 1 1008
8089 17643 8004318 1 1008
8089 17643 8004328 1 1008
8090 17642 8004338 1 1008
8090 17642 8004348 1 1008
8091 17641 8004358 1 1008
8092 17640 8004368 1 1008
8093 17640 8004378 1 1008
8094 17639 8004388 1 1007
8094 17639 8004398 1 1007
8095 17638 8004408 1 1007
8096 17638 8004418 1 1007
8096 17638 8004428 1 1007
8097 17638 8004438 1 1008
8098 17638 8004448 1 1008
8099 17638 8004458 1 1008
8100 17638 8004468 1 1008
8100 17638 8004478 1 1008
8101 17638 8004488 1 1008
8101 17639 8004498 1 1007
8102 17639 8004508 1 1007
8102 17639 8004518 1 1007
8102 17639 8004528 1 1007
8102 17639 8004538 1 1007
8102 17639 8004548 1 1007
8103 17640 8004558 1 1007
8103 17640 8004568 1 1007
8103 17640 8004578 1 1006
8103 17639 8004588 1 1007
8103 17639 8004598 1 1007
8103 17639 8004608 1 1007
8102 17639 8004618 1 1007
8102 17638 8004628 1 1007
8101 17638 8004638 1 1007
8100 17637 8004648 1 1007
8100 17636 8004658 1 1006
8099 17635 8004668 1 1006
8099 17635 8004678 1 1006
8098 17634 8004688 1 1006
8098 17633 8004698 1 1006
8097 17633 8004708 1 1006
8096 17632 8004718 1 1006
8095 17630 8004728 1 1007
8095 17629 8004738 1 1007
8095 17629 8004748 1 1006
8095 17628 8004758 1 1006
8094 17628 8004768 1 1006
8094 17627 8004778 1 1006
8095 17626 8004788 1 1006
8095 17626 8004798 1 1006
8096 17625 8004808 1 1006
8096 17625 8004818 1 1006
8096 17625 8004828 1 1006
8097 17625 8004838 1 1005
8098 17624 8004848 1 1005
8098 17624 8004858 1 1005
8098 17625 8004868 1 1005
8098 17625 8004878 1 1005
8098 17625 8004888 1 1005
8098 17625 8004898 1 1006
8099 17626 8004908 1 1006
8099 17627 8004918 1 1005
8099 17627 8004928 1 1005
8099 17628 8004938 1 1005
8099 17629 8004948 1 1005
8100 17630 8004958 1 1005
8100 17631 8004968 1 1005
8100 17632 8004978 1 1005
8101 17632 8004988 1 1005
8102 17633 8004998 1 1005
8103 17634 8005008 1 1003
8104 17635 8005018 1 1004
8104 17635 8005028 1 1011
8105 17635 8005038 1 1004
8105 17635 8005048 1 1004
8106 17636 8005058 1 904
8106 17636 8005068 1 164
8107 17636 8005078 1 40
8107 17636 8005088 1 40
8107 17636 8005098 1 36
8107 17636 8005108 1 41
8107 17636 8005118 1 41
8107 17635 8005128 1 41
8107 17635 8005138 1 40
8106 17634 8005148 1 41
8106 17634 8005158 1 41
8106 17633 8005168 1 524
8105 17633 8005178 1 1004
8105 17632 8005188 1 1003
8104 17631 8005198 1 1003
8103 17630 8005208 1 1003
8103 17629 8005218 1 1004
8102 17628 8005228 0 0
8101 17627 8005238 0 0
8101 17627 8005248 0 0
8100 17626 8005258 0 0
8100 17625 8005268 0 0
8100 17624 8005278 0 0
8101 17624 8005288 0 0
8101 17623 8005298 0 0
8101 17622 8005308 0 0
8102 17622 8005318 0 0
8103 17621 8005328 0 0
8104 17621 8005338 0 0
8105 17621 8005348 1 6
8107 17620 8005358 1 19
8108 17620 8005368 1 40
8109 17620 8005378 1 66
8109 17620 8005388 1 99
8111 17621 8005398 1 136
8112 17621 8005408 1 178
8113 17621 8005418 1 224
8114 17622 8005428 1 273
8115 17622 8005438 1 325
8115 17623 8005448 1 379
8116 17623 8005458 1 434
8116 17624 8005468 1 490
8117 17624 8005478 1 547
8118 17625 8005488 1 603
8118 17626 8005498 1 659
8118 17627 8005508 1 713
8119 17627 8005518 1 765
8119 17628 8005528 1 815
8120 17628 8005538 1 861
8120 17628 8005548 1 904
8120 17629 8005558 1 942
8120 17629 8005568 1 972
8119 17629 8005578 1 986
8119 17629 8005588 1 993
8119 17630 8005598 1 1002
8118 17630 8005608 1 1001
8118 17630 8005618 1 1001
8118 17631 8005628 1 1001
8118 17631 8005638 1 1001
8118 17630 8005648 1 1001
8119 17630 8005658 1 1001
8119 17630 8005668 1 1002
8120 17629 8005678 1 1000
8120 17629 8005688 1 1001
8120 17629 8005698 1 1001
8121 17628 8005708 1 1001
8121 17628 8005718 1 1001
8122 17627 8005728 1 1001
8122 17627 8005738 1 1001
8122 17627 8005748 1 1000
8123 17626 8005758 1 1000
8123 17626 8005768 1 1000
8124 17626 8005778 1 1000
8124 17626 8005788 1 1000
8124 17626 8005798 1 1000
8125 17626 8005808 1 1000
8126 17625 8005818 1 1001
8127 17625 8005828 1 999
8128 17625 8005838 1 1000
8129 17624 8005848 1 1000
8130 17623 8005858 1 1000
8131 17622 8005868 1 1000
8132 17621 8005878 1 1000
8133 17620 8005888 1 1000
8134 17619 8005898 1 999
8135 17618 8005908 1 999
8136 17618 8005918 1 999
8138 17617 8005928 1 999
8139 17617 8005938 1 999
8140 17617 8005948 1 999
8142 17617 8005958 1 999
8143 17617 8005968 1 998
8144 17617 8005978 1 998
8146 17618 8005988 1 999
8147 17619 8005998 1 999
8148 17620 8006008 1 999
8149 17621 8006018 1 999
8150 17622 8006028 1 999
8151 17623 8006038 1 999
8152 17624 8006048 1 998
8152 17625 8006058 1 998
8153 17626 8006068 1 998
8153 17627 8006078 1 998
8153 17628 8006088 1 998
8153 17629 8006098 1 998
8153 17630 8006108 1 998
8153 17630 8006118 1 999
8152 17631 8006128 1 997
8152 17632 8006138 1 998
8152 17633 8006148 1 998
8152 17633 8006158 1 998
8152 17634 8006168 1 998
8152 17635 8006178 1 998
8152 17635 8006188 1 998
8152 17636 8006198 1 997
8153 17637 8006208 1 997
8153 17638 8006218 1 997
8153 17638 8006228 1 997
8153 17639 8006238 1 997
8153 17639 8006248 1 997
8153 17640 8006258 1 997
8153 17640 8006268 1 996
8154 17640 8006278 1 996
8154 17640 8006288 1 996
8155 17641 8006298 1 997
8155 17641 8006308 1 997
8156 17641 8006318 1 997
8157 17641 8006328 1 997
8159 17640 8006338 1 997
8160 17640 8006348 1 996
8161 17639 8006358 1 996
8162 17639 8006368 1 996
8163 17638 8006378 1 996
8165 17637 8006388 1 996
8166 17637 8006398 1 996
8167 17636 8006408 1 996
8168 17636 8006418 1 954
8169 17635 8006428 1 703
8170 17635 8006438 1 470
8170 17635 8006448 1 274
8171 17635 8006458 1 59
8172 17635 8006468 1 59
8173 17635 8006478 1 60
8174 17635 8006488 1 60
8174 17635 8006498 1 60
8175 17636 8006508 1 60
8175 17636 8006518 1 61
8176 17636 8006528 1 61
8176 17636 8006538 1 60
8176 17635 8006548 1 60
8176 17635 8006558 1 61
8176 17635 8006568 1 61
8176 17635 8006578 1 61
8176 17634 8006588 1 61
8176 17634 8006598 1 67
8177 17635 8006608 1 78
8177 17635 8006618 1 95
8177 17635 8006628 1 117
8178 17636 8006638 1 143
8178 17636 8006648 1 174
8179 17636 8006658 1 208
8179 17636 8006668 1 245
8180 17636 8006678 1 285
8180 17636 8006688 1 326
8181 17636 8006698 1 369
8181 17635 8006708 1 413
8182 17635 8006718 1 458
8183 17635 8006728 1 503
8183 17635 8006738 1 547
8184 17635 8006748 1 590
8185 17635 8006758 1 632
8186 17635 8006768 1 672
8187 17635 8006778 1 709
8188 17635 8006788 1 744
8189 17636 8006798 1 773
8190 17636 8006808 1 801
8190 17637 8006818 1 829
8191 17638 8006828 1 857
8191 17640 8006838 1 884
8192 17641 8006848 1 913
8193 17643 8006858 1 941
8193 17645 8006868 1 968
8194 17647 8006878 1 992
8194 17649 8006888 1 992
8194 17651 8006898 1 992
8195 17652 8006908 1 992
8194 17654 8006918 1 992
8194 17656 8006928 1 992
8194 17657 8006938 1 991
8194 17658 8006948 1 991
8194 17659 8006958 1 992
8194 17660 8006968 1 992
8194 17661 8006978 1 992
8194 17661 8006988 1 992
8194 17662 8006998 1 992
8194 17662 8007008 1 992
8195 17663 8007018 1 991
8195 17663 8007028 1 991
8196 17663 8007038 1 991
8197 17662 8007048 1 991
8197 17662 8007058 1 991
8198 17661 8007068 1 991
8199 17661 8007078 1 991
8199 17660 8007088 1 991
8200 17659 8007098 1 990
8201 17658 8007108 1 990
8203 17657 8007118 1 990
8204 17656 8007128 1 991
8205 17655 8007138 1 991
8207 17655 8007148 1 991
8208 17654 8007158 1 991
8210 17654 8007168 1 990
8211 17654 8007178 1 990
8213 17654 8007188 1 990
8214 17654 8007198 1 990
8215 17654 8007208 1 990
8216 17655 8007218 1 990
8217 17655 8007228 1 990
8218 17656 8007238 1 990
8218 17656 8007248 1 989
8219 17656 8007258 1 989
8219 17657 8007268 1 989
8220 17658 8007278 1 989
8220 17658 8007288 1 989
8221 17659 8007298 1 990
8221 17660 8007308 1 990
8222 17660 8007318 1 989
8222 17661 8007328 1 989
8222 17662 8007338 1 989
8222 17663 8007348 1 989
8222 17663 8007358 1 989
8222 17664 8007368 1 989
8223 17664 8007378 1 989
8223 17665 8007388 1 988
8223 17665 8007398 1 988
8223 17666 8007408 1 988
8223 17666 8007418 1 988
8223 17667 8007428 1 988
8223 17667 8007438 1 988
8223 17667 8007448 1 988
8223 17667 8007458 1 987
8223 17667 8007468 1 987
8223 17667 8007478 1 987
8223 17667 8007488 1 987
8223 17666 8007498 1 988
8223 17666 8007508 1 988
8223 17666 8007518 1 988
8223 17666 8007528 1 988
8223 17666 8007538 1 987
8223 17666 8007548 1 987
8223 17666 8007558 1 987
8223 17666 8007568 1 987
8223 17666 8007578 1 987
8223 17666 8007588 1 987
8223 17666 8007598 1 987
8224 17666 8007608 1 987
8224 17666 8007618 1 986
8224 17666 8007628 1 986
8225 17666 8007638 1 986
8225 17666 8007648 1 986
8226 17665 8007658 1 986
8227 17665 8007668 1 987
8227 17664 8007678 1 987
8228 17664 8007688 1 985
8229 17663 8007698 1 986
8229 17663 8007708 1 986
8230 17662 8007718 1 986
8231 17662 8007728 1 986
8231 17661 8007738 1 986
8231 17661 8007748 1 986
8232 17660 8007758 1 986
8232 17660 8007768 1 985
8233 17660 8007778 1 985
8233 17659 8007788 1 985
8233 17659 8007798 1 985
8234 17659 8007808 1 985
8234 17658 8007818 1 985
8235 17658 8007828 1 985
8235 17657 8007838 1 984
8236 17657 8007848 1 984
8237 17656 8007858 1 984
8238 17655 8007868 1 984
8239 17655 8007878 1 985
8240 17655 8007888 1 985
8240 17654 8007898 1 985
8241 17654 8007908 1 984
8241 17653 8007918 1 984
8241 17653 8007928 1 984
8241 17652 8007938 1 984
8241 17651 8007948 1 984
8241 17651 8007958 1 984
8242 17650 8007968 1 984
8242 17649 8007978 1 984
8242 17648 8007988 1 983
8243 17647 8007998 1 983
8243 17647 8008008 1 983
8244 17646 8008018 1 983
8244 17646 8008028 1 983
8245 17645 8008038 1 983
8245 17645 8008048 1 983
8246 17645 8008058 1 982
8247 17645 8008068 1 982
8247 17645 8008078 1 982
8248 17645 8008088 1 983
8249 17645 8008098 1 983
8250 17645 8008108 1 983
8251 17645 8008118 1 983
8252 17644 8008128 1 982
8253 17644 8008138 1 982
8254 17644 8008148 1 982
8255 17643 8008158 1 982
8256 17643 8008168 1 982
8257 17643 8008178 1 982
8257 17642 8008188 1 982
8258 17641 8008198 1 982
8259 17641 8008208 1 981
8259 17640 8008218 1 981
8259 17640 8008228 1 981
8259 17639 8008238 1 981
8259 17638 8008248 1 981
8259 17638 8008258 1 981
8259 17637 8008268 1 981
8259 17636 8008278 1 980
8259 17636 8008288 1 980
8259 17635 8008298 1 980
8258 17634 8008308 1 981
8258 17634 8008318 1 981
8258 17633 8008328 1 981
8258 17633 8008338 1 981
8258 17632 8008348 1 980
8258 17632 8008358 1 980
8258 17631 8008368 1 980
8258 17631 8008378 1 980
8258 17631 8008388 1 980
8257 17631 8008398 1 980
