8523 17064 3227399 1 823
8494 17017 3227409 1 788
8447 16976 3227419 1 712
8382 16953 3227429 1 653
8306 16957 3227439 1 610
8234 16996 3227449 1 580
8182 17065 3227459 1 563
8162 17153 3227469 1 557
8180 17241 3227479 1 559
8231 17316 3227489 1 568
8303 17372 3227499 1 582
8378 17414 3227509 1 600
8438 17451 3227519 1 618
8461 17485 3227529 1 634
8438 17509 3227539 1 647
8375 17520 3227549 1 655
8298 17522 3227559 1 658
8232 17518 3227569 1 658
8186 17505 3227579 1 648
8162 17486 3227589 1 650
8161 17468 3227599 1 739
8176 17459 3227609 1 798
8196 17460 3227619 1 658
8215 17471 3227629 1 24
8231 17486 3227639 1 21
8244 17501 3227649 1 18
8255 17514 3227659 1 16
8266 17521 3227669 1 13
8277 17521 3227679 1 10
8287 17514 3227689 1 8
8292 17501 3227699 1 5
8292 17486 3227709 1 4
8287 17472 3227719 1 6
8281 17463 3227729 1 13
8276 17458 3227739 1 27
8277 17457 3227749 1 50
8286 17461 3227759 1 82
8299 17468 3227769 1 126
8313 17479 3227779 1 183
8323 17491 3227789 1 256
8327 17502 3227799 1 344
8323 17510 3227809 1 452
8313 17513 3227819 1 579
8295 17511 3227829 1 728
8274 17503 3227839 1 900
8252 17490 3227849 1 1024
8230 17475 3227859 1 1024
8213 17461 3227869 1 1024
8199 17452 3227879 1 1024
8190 17450 3227889 1 1024
8184 17455 3227899 1 1024
8181 17465 3227909 1 1024
8182 17478 3227919 1 1024
8189 17489 3227929 1 1024
8206 17493 3227939 1 1024
8239 17482 3227949 1 1024
8287 17456 3227959 1 1024
8343 17415 3227969 1 1024
8396 17367 3227979 1 1024
8439 17321 3227989 1 1024
8464 17287 3227999 1 1024
8465 17270 3228009 1 1024
8461 17261 3228019 1 1024
8461 17258 3228029 1 1024
8462 17262 3228039 1 1024
