8006 17044 5263515 1 1024
7963 17006 5263525 1 998
7902 16984 5263535 1 886
7832 16987 5263545 1 804
7765 17019 5263555 1 747
7716 17080 5263565 1 712
7697 17157 5263575 1 695
7714 17235 5263585 1 691
7762 17302 5263595 1 698
7830 17352 5263605 1 712
7903 17389 5263615 1 730
7960 17421 5263625 1 748
7984 17450 5263635 1 763
7963 17470 5263645 1 773
7904 17478 5263655 1 775
7767 17471 5263665 1 763
7722 17457 5263675 1 742
7699 17437 5263685 1 738
7697 17419 5263695 1 839
7709 17409 5263705 1 902
7728 17410 5263715 1 724
7746 17419 5263725 0 0
7761 17432 5263735 0 0
7773 17447 5263745 0 0
7784 17461 5263755 0 0
7794 17470 5263765 0 0
7804 17474 5263775 0 0
7811 17470 5263785 0 0
7814 17460 5263795 0 0
7812 17446 5263805 0 0
7797 17417 5263815 0 0
7790 17405 5263825 0 0
7791 17395 5263835 0 0
7799 17387 5263845 0 0
7813 17385 5263855 0 0
7827 17388 5263865 0 0
7839 17397 5263875 0 0
7845 17411 5263885 0 0
7844 17427 5263895 0 0
7836 17443 5263905 0 0
7821 17458 5263915 0 0
7802 17467 5263925 0 0
7781 17471 5263935 0 0
7762 17469 5263945 0 0
7745 17464 5263955 0 0
7723 17450 5263965 0 0
7717 17446 5263975 0 0
7714 17445 5263985 0 0
7714 17446 5263995 0 0
7719 17446 5264005 1 1
7735 17443 5264015 1 7
7766 17431 5264025 1 19
7810 17407 5264035 1 40
7861 17373 5264045 1 71
7910 17333 5264055 1 115
7949 17296 5264065 1 174
7971 17268 5264075 1 251
7972 17254 5264085 1 348
7968 17246 5264095 1 466
7969 17240 5264105 1 609
