8119 17355 3566949 1 935
8109 17315 3566959 1 1024
8080 17270 3566969 1 980
8031 17230 3566979 1 867
7965 17207 3566989 1 779
7888 17211 3566999 1 714
7814 17247 3567009 1 670
7761 17313 3567019 1 644
7741 17397 3567029 1 631
7738 17442 3567039 1 628
7759 17482 3567049 1 630
7811 17555 3567059 1 638
7885 17609 3567069 1 652
7963 17649 3567079 1 670
8025 17684 3567089 1 688
8051 17715 3567099 1 704
8030 17737 3567109 1 715
7970 17745 3567119 1 720
7933 17746 3567129 1 721
7896 17745 3567139 1 719
7832 17739 3567149 1 715
7788 17724 3567159 1 699
7766 17705 3567169 1 698
7764 17688 3567179 1 793
7776 17679 3567189 1 854
7792 17681 3567199 1 694
7805 17692 3567209 0 0
7811 17699 3567219 0 0
7814 17708 3567229 0 0
7821 17724 3567239 0 0
7827 17737 3567249 0 0
7836 17745 3567259 0 0
7846 17747 3567269 0 0
7856 17740 3567279 0 0
7864 17727 3567289 0 0
7867 17710 3567299 0 0
7867 17701 3567309 0 0
7865 17694 3567319 0 0
7860 17680 3567329 0 0
7855 17670 3567339 0 0
7854 17663 3567349 0 0
7859 17661 3567359 0 0
7868 17663 3567369 0 0
7878 17671 3567379 0 0
7885 17683 3567389 0 0
7888 17690 3567399 0 0
7888 17697 3567409 0 0
7887 17712 3567419 0 0
7881 17725 3567429 0 0
7870 17735 3567439 0 0
7857 17742 3567449 0 0
7842 17743 3567459 0 0
7828 17740 3567469 0 0
7816 17735 3567479 0 0
7810 17733 3567489 0 0
7805 17731 3567499 0 0
7796 17728 3567509 0 0
7789 17728 3567519 0 0
7782 17729 3567529 0 0
7777 17732 3567539 0 0
7777 17733 3567549 0 0
7788 17728 3567559 1 1
7814 17713 3567569 1 8
7856 17686 3567579 1 21
7907 17649 3567589 1 43
7958 17607 3567599 1 77
7999 17568 3567609 1 126
8023 17540 3567619 1 191
8026 17526 3567629 1 275
8025 17516 3567639 1 380
8030 17507 3567649 1 509
8037 17501 3567659 1 665
