8190 18652 5475380 1 686
8190 18652 5475390 1 691
8190 18652 5475400 1 694
8190 18652 5475410 1 695
8190 18651 5475420 1 695
8190 18651 5475430 1 696
8190 18651 5475440 1 696
8189 18651 5475450 1 697
8189 18650 5475460 1 698
8189 18650 5475470 1 699
8189 18649 5475480 1 699
8189 18648 5475490 1 700
8190 18646 5475500 1 700
8190 18645 5475510 1 701
8191 18643 5475520 1 701
8192 18640 5475530 1 702
8194 18638 5475540 1 702
8195 18635 5475550 1 703
8197 18632 5475560 1 703
8199 18628 5475570 1 703
8202 18624 5475580 1 703
8204 18619 5475590 1 705
8207 18615 5475600 1 705
8211 18610 5475610 1 706
8214 18606 5475620 1 706
8217 18602 5475630 1 707
8219 18599 5475640 1 707
8221 18597 5475650 1 708
8222 18596 5475660 1 709
8224 18594 5475670 1 710
8226 18593 5475680 1 710
8227 18592 5475690 1 711
8227 18592 5475700 1 712
8228 18593 5475710 1 713
8227 18595 5475720 1 714
8226 18597 5475730 1 715
8224 18600 5475740 1 715
8222 18604 5475750 1 716
8219 18608 5475760 1 717
8215 18612 5475770 1 718
8211 18616 5475780 1 718
8206 18620 5475790 1 720
8202 18624 5475800 1 721
8197 18629 5475810 1 722
8192 18632 5475820 1 723
8187 18636 5475830 1 724
8182 18639 5475840 1 725
8178 18642 5475850 1 727
8174 18644 5475860 1 728
8170 18647 5475870 1 729
8167 18650 5475880 1 730
8165 18653 5475890 1 731
8164 18655 5475900 1 732
8163 18658 5475910 1 733
8163 18659 5475920 1 733
8163 18660 5475930 1 733
8164 18663 5475940 1 735
8165 18666 5475950 1 735
8167 18669 5475960 1 736
8170 18673 5475970 1 736
8173 18677 5475980 1 737
8177 18681 5475990 1 739
8182 18686 5476000 1 739
8187 18690 5476010 1 740
8193 18695 5476020 1 740
8200 18698 5476030 1 740
8207 18702 5476040 1 741
8213 18705 5476050 1 742
8220 18707 5476060 1 742
8226 18709 5476070 1 742
8232 18710 5476080 1 742
8237 18710 5476090 1 742
8242 18710 5476100 1 742
8246 18708 5476110 1 742
8250 18706 5476120 1 741
8253 18701 5476130 1 741
8255 18696 5476140 1 741
8257 18690 5476150 1 740
8257 18683 5476160 1 739
8257 18675 5476170 1 739
8256 18667 5476180 1 739
8255 18663 5476190 1 738
8253 18659 5476200 1 738
8250 18651 5476210 1 738
8246 18643 5476220 1 737
8242 18635 5476230 1 737
8236 18627 5476240 1 737
8231 18620 5476250 1 737
8225 18614 5476260 1 737
8218 18610 5476270 1 737
8211 18606 5476280 1 737
8204 18604 5476290 1 738
8197 18603 5476300 1 739
8191 18603 5476310 1 740
8184 18605 5476320 1 743
8177 18607 5476330 1 745
8170 18610 5476340 1 747
8163 18615 5476350 1 750
8157 18620 5476360 1 753
8152 18625 5476370 1 756
8146 18631 5476380 1 765
8142 18636 5476390 1 769
8138 18642 5476400 1 774
8134 18647 5476410 1 779
8131 18651 5476420 1 783
8128 18655 5476430 1 788
8125 18658 5476440 1 793
8123 18661 5476450 1 797
8122 18662 5476460 1 799
8121 18662 5476470 1 801
8119 18663 5476480 1 803
8118 18664 5476490 1 806
8117 18663 5476500 1 807
8116 18662 5476510 1 808
8115 18661 5476520 1 806
8115 18659 5476530 1 803
8115 18656 5476540 1 799
8115 18654 5476550 1 793
8116 18651 5476560 1 785
8116 18649 5476570 1 775
8116 18646 5476580 1 751
8116 18644 5476590 1 737
8117 18642 5476600 1 720
8117 18641 5476610 1 702
8117 18639 5476620 1 692
8117 18637 5476630 1 683
8117 18635 5476640 1 663
8118 18634 5476650 1 619
8119 18632 5476660 1 596
8120 18630 5476670 1 571
8122 18629 5476680 1 547
8123 18627 5476690 1 522
8125 18625 5476700 1 497
8127 18623 5476710 1 446
8130 18621 5476720 1 420
8131 18620 5476730 1 408
8132 18619 5476740 1 394
8134 18617 5476750 1 369
8136 18615 5476760 1 344
8139 18613 5476770 1 320
8142 18611 5476780 1 274
8145 18609 5476790 1 251
8149 18608 5476800 1 241
8153 18606 5476810 1 229
8157 18605 5476820 1 210
8161 18604 5476830 1 191
8165 18603 5476840 1 174
8169 18603 5476850 1 146
8173 18603 5476860 1 135
8176 18604 5476870 1 126
8179 18605 5476880 1 118
8182 18607 5476890 1 116
8185 18609 5476900 1 115
8188 18611 5476910 1 114
8191 18614 5476920 1 113
8193 18616 5476930 1 111
8196 18619 5476940 1 110
8198 18622 5476950 1 109
8201 18624 5476960 1 108
8203 18627 5476970 1 107
8205 18630 5476980 1 106
8207 18632 5476990 1 106
8208 18634 5477000 1 108
8209 18635 5477010 1 115
8210 18637 5477020 1 130
8211 18639 5477030 1 150
8212 18640 5477040 1 174
8212 18641 5477050 1 234
8212 18642 5477060 1 269
8212 18642 5477070 1 305
8211 18641 5477080 1 343
8210 18641 5477090 1 384
8209 18640 5477100 1 425
8208 18639 5477110 1 508
8207 18638 5477120 1 549
8206 18637 5477130 1 589
8204 18636 5477140 1 627
8203 18634 5477150 1 647
8202 18633 5477160 1 662
8201 18631 5477170 1 696
8200 18629 5477180 1 754
8200 18627 5477190 1 777
8199 18624 5477200 1 798
8198 18621 5477210 1 819
8198 18617 5477220 1 838
8198 18612 5477230 1 854
8198 18607 5477240 1 883
8198 18601 5477250 1 894
8198 18596 5477260 1 904
8199 18593 5477270 1 909
8199 18590 5477280 1 913
8200 18585 5477290 1 919
8200 18579 5477300 1 925
8201 18575 5477310 1 933
8203 18570 5477320 1 936
8204 18566 5477330 1 936
8205 18563 5477340 1 937
8206 18560 5477350 1 937
8208 18558 5477360 1 936
8209 18556 5477370 1 935
8210 18555 5477380 1 931
8212 18555 5477390 1 927
8213 18555 5477400 1 924
8215 18556 5477410 1 919
8216 18557 5477420 1 915
8218 18558 5477430 1 910
8220 18560 5477440 1 900
8221 18562 5477450 1 895
8223 18564 5477460 1 891
8225 18565 5477470 1 886
8227 18567 5477480 1 882
8229 18568 5477490 1 878
8230 18568 5477500 1 875
8231 18569 5477510 1 872
8232 18569 5477520 1 870
8233 18568 5477530 1 868
8233 18568 5477540 1 868
8234 18567 5477550 1 868
8235 18566 5477560 1 868
8236 18565 5477570 1 868
8236 18565 5477580 1 869
8237 18564 5477590 1 871
8238 18563 5477600 1 873
8238 18563 5477610 1 874
8239 18563 5477620 1 877
8240 18563 5477630 1 879
8240 18564 5477640 1 883
8241 18565 5477650 1 885
8242 18566 5477660 1 886
8243 18568 5477670 1 888
8244 18570 5477680 1 889
8245 18572 5477690 1 889
8246 18575 5477700 1 892
8248 18578 5477710 1 894
8249 18582 5477720 1 894
8251 18586 5477730 1 895
8252 18591 5477740 1 896
8254 18595 5477750 1 896
8255 18599 5477760 1 897
8256 18603 5477770 1 898
8258 18606 5477780 1 900
8259 18609 5477790 1 901
8259 18612 5477800 1 901
8260 18614 5477810 1 901
8260 18615 5477820 1 902
8261 18617 5477830 1 903
8261 18619 5477840 1 904
8261 18620 5477850 1 906
8262 18621 5477860 1 906
8262 18621 5477870 1 907
8262 18621 5477880 1 908
8262 18621 5477890 1 908
8261 18620 5477900 1 909
8260 18619 5477910 1 911
8259 18618 5477920 1 913
8258 18617 5477930 1 915
8256 18617 5477940 1 916
8254 18616 5477950 1 917
8252 18616 5477960 1 918
8250 18616 5477970 1 922
8248 18617 5477980 1 923
8245 18618 5477990 1 925
8243 18619 5478000 1 927
8240 18621 5478010 1 928
8237 18623 5478020 1 931
8234 18625 5478030 1 932
8232 18626 5478040 1 933
8229 18628 5478050 1 935
8226 18630 5478060 1 936
8224 18633 5478070 1 937
8223 18634 5478080 1 938
8222 18635 5478090 1 938
8220 18637 5478100 1 938
8218 18639 5478110 1 939
8217 18640 5478120 1 939
8215 18641 5478130 1 938
8215 18641 5478140 1 937
8214 18641 5478150 1 935
8214 18640 5478160 1 934
8214 18639 5478170 1 930
8214 18637 5478180 1 928
8214 18635 5478190 1 926
8215 18632 5478200 1 924
8215 18629 5478210 1 923
8216 18625 5478220 1 923
8218 18622 5478230 1 922
8219 18618 5478240 1 922
8220 18614 5478250 1 923
8222 18611 5478260 1 924
8224 18608 5478270 1 927
8226 18606 5478280 1 929
8227 18604 5478290 1 934
8229 18603 5478300 1 946
8230 18602 5478310 1 954
8231 18601 5478320 1 962
8232 18601 5478330 1 972
8232 18602 5478340 1 983
8232 18602 5478350 1 985
8232 18603 5478360 1 994
8232 18605 5478370 1 1012
8232 18608 5478380 1 1012
8232 18611 5478390 1 1011
8231 18614 5478400 1 1011
8230 18618 5478410 1 1011
8230 18622 5478420 1 1011
8229 18626 5478430 1 1010
8228 18629 5478440 1 1010
8227 18633 5478450 1 1010
8226 18636 5478460 1 1009
8225 18640 5478470 1 1009
8224 18643 5478480 1 1009
8223 18646 5478490 1 1008
8222 18648 5478500 1 968
8221 18649 5478510 1 939
8221 18651 5478520 1 905
8221 18651 5478530 1 867
8222 18652 5478540 1 826
8223 18652 5478550 1 782
8224 18651 5478560 1 736
8226 18651 5478570 1 689
8228 18650 5478580 1 640
8230 18649 5478590 1 589
8233 18648 5478600 1 538
8235 18647 5478610 1 489
8237 18647 5478620 1 476
8238 18646 5478630 1 439
8241 18645 5478640 1 343
8244 18643 5478650 1 298
8247 18642 5478660 1 254
8250 18641 5478670 1 215
8252 18641 5478680 1 178
8254 18640 5478690 1 145
8256 18640 5478700 1 92
8258 18641 5478710 1 70
8260 18641 5478720 1 71
8261 18642 5478730 1 72
8262 18643 5478740 1 73
8262 18644 5478750 1 74
8262 18645 5478760 1 75
8262 18647 5478770 1 76
8262 18648 5478780 1 77
8262 18650 5478790 1 78
8261 18651 5478800 1 79
8260 18652 5478810 1 81
8259 18654 5478820 1 82
8258 18655 5478830 1 88
8257 18656 5478840 1 109
8256 18657 5478850 1 138
8255 18658 5478860 1 176
8254 18659 5478870 1 221
8253 18659 5478880 1 272
8253 18660 5478890 1 324
8252 18660 5478900 1 385
8252 18660 5478910 1 447
8251 18660 5478920 1 475
8251 18660 5478930 1 510
8250 18660 5478940 1 574
8251 18660 5478950 1 636
8251 18660 5478960 1 697
8252 18660 5478970 1 809
8254 18660 5478980 1 858
8256 18659 5478990 1 901
8258 18658 5479000 1 937
8260 18657 5479010 1 965
8263 18656 5479020 1 984
8266 18654 5479030 1 991
8269 18653 5479040 1 991
8272 18651 5479050 1 990
8274 18649 5479060 1 990
8277 18648 5479070 1 990
8280 18646 5479080 1 989
8283 18645 5479090 1 989
8285 18643 5479100 1 989
8288 18641 5479110 1 988
8290 18640 5479120 1 988
8292 18638 5479130 1 988
8294 18637 5479140 1 987
8296 18636 5479150 1 987
8297 18635 5479160 1 987
8297 18635 5479170 1 987
8299 18634 5479180 1 986
8300 18633 5479190 1 986
8301 18632 5479200 1 979
8302 18631 5479210 1 970
8303 18630 5479220 1 962
8303 18628 5479230 1 949
8303 18627 5479240 1 944
8303 18626 5479250 1 940
8303 18625 5479260 1 936
8302 18623 5479270 1 934
8301 18622 5479280 1 932
8300 18621 5479290 1 929
8299 18621 5479300 1 927
8298 18620 5479310 1 926
8298 18619 5479320 1 925
8297 18619 5479330 1 926
8296 18618 5479340 1 927
8295 18618 5479350 1 928
8294 18618 5479360 1 932
8293 18618 5479370 1 934
8292 18618 5479380 1 937
8292 18618 5479390 1 940
8291 18619 5479400 1 943
8291 18619 5479410 1 947
8290 18620 5479420 1 955
8290 18621 5479430 1 958
8290 18621 5479440 1 959
8290 18623 5479450 1 962
8291 18624 5479460 1 964
8291 18625 5479470 1 967
8291 18626 5479480 1 972
8292 18628 5479490 1 976
8293 18629 5479500 1 976
8294 18629 5479510 1 976
8295 18630 5479520 1 975
8295 18631 5479530 1 975
8296 18632 5479540 1 975
8297 18632 5479550 1 974
8297 18632 5479560 1 974
8297 18633 5479570 1 974
8298 18633 5479580 1 973
8298 18633 5479590 1 973
8299 18633 5479600 1 973
8299 18634 5479610 1 972
8299 18634 5479620 1 972
8299 18635 5479630 1 972
8299 18635 5479640 1 971
8299 18636 5479650 1 971
8298 18637 5479660 1 971
8297 18638 5479670 1 970
8296 18639 5479680 1 970
8296 18640 5479690 1 970
8295 18641 5479700 1 970
8295 18642 5479710 1 969
8294 18643 5479720 1 969
8293 18645 5479730 1 969
8292 18646 5479740 1 968
8291 18647 5479750 1 968
8290 18647 5479760 1 968
8289 18647 5479770 1 967
8289 18647 5479780 1 967
8288 18646 5479790 1 967
8287 18645 5479800 1 966
8286 18643 5479810 1 966
8285 18641 5479820 1 966
8284 18639 5479830 1 965
8284 18637 5479840 1 965
8284 18634 5479850 1 965
8284 18631 5479860 1 964
8284 18628 5479870 1 964
8285 18625 5479880 1 964
8286 18622 5479890 1 963
8287 18619 5479900 1 963
8289 18616 5479910 1 963
8290 18612 5479920 1 962
8291 18610 5479930 1 962
8292 18607 5479940 1 962
8293 18605 5479950 1 961
8295 18604 5479960 1 961
8295 18603 5479970 1 961
8296 18603 5479980 1 961
8298 18603 5479990 1 960
8299 18604 5480000 1 960
8301 18606 5480010 1 960
8303 18608 5480020 1 959
8305 18611 5480030 1 959
8307 18615 5480040 1 959
8309 18619 5480050 1 958
8311 18622 5480060 1 958
8314 18626 5480070 1 958
8316 18629 5480080 1 957
8318 18632 5480090 1 957
8320 18635 5480100 1 957
8322 18637 5480110 1 956
8325 18638 5480120 1 956
8327 18639 5480130 1 956
8329 18640 5480140 1 955
8330 18640 5480150 1 955
8332 18639 5480160 1 955
8334 18638 5480170 1 954
8335 18637 5480180 1 954
8336 18635 5480190 1 954
8336 18633 5480200 1 953
8337 18630 5480210 1 953
8337 18627 5480220 1 953
8336 18625 5480230 1 952
8336 18623 5480240 1 952
8336 18622 5480250 1 952
8335 18619 5480260 1 952
8335 18617 5480270 1 951
8335 18616 5480280 1 951
8335 18614 5480290 1 951
8335 18613 5480300 1 950
8335 18612 5480310 1 950
8336 18611 5480320 1 950
8336 18611 5480330 1 949
8337 18610 5480340 1 949
8337 18610 5480350 1 949
8338 18610 5480360 1 948
8338 18610 5480370 1 948
8338 18610 5480380 1 948
8339 18610 5480390 1 947
8339 18611 5480400 1 947
8340 18611 5480410 1 947
8340 18611 5480420 1 946
8340 18611 5480430 1 946
8341 18611 5480440 1 946
8341 18611 5480450 1 945
8341 18611 5480460 1 945
8341 18611 5480470 1 945
8340 18610 5480480 1 944
8340 18610 5480490 1 944
8340 18609 5480500 1 944
8339 18608 5480510 1 943
8339 18606 5480520 1 943
8338 18604 5480530 1 943
8338 18602 5480540 1 942
8337 18601 5480550 1 942
8337 18599 5480560 1 942
8336 18597 5480570 1 941
8336 18596 5480580 1 941
8335 18595 5480590 1 941
8335 18594 5480600 1 940
8334 18593 5480610 1 940
8334 18593 5480620 1 940
8334 18592 5480630 1 939
8335 18592 5480640 1 939
8335 18591 5480650 1 939
