7772 18769 8005623 1 629
7772 18769 8005633 1 637
7772 18769 8005643 1 642
7772 18768 8005653 1 644
7773 18768 8005663 1 645
7773 18768 8005673 1 646
7773 18768 8005683 1 647
7774 18769 8005693 1 648
7774 18769 8005703 1 650
7775 18769 8005713 1 651
7775 18768 8005723 1 653
7776 18768 8005733 1 654
7777 18766 8005743 1 655
7778 18765 8005753 1 656
7780 18762 8005763 1 657
7780 18761 8005773 1 657
7781 18759 8005783 1 658
7783 18755 8005793 1 659
7786 18751 8005803 1 660
7788 18747 8005813 1 661
7791 18742 8005823 1 661
7794 18737 8005833 1 662
7797 18733 8005843 1 664
7800 18729 8005853 1 665
7803 18725 8005863 1 666
7806 18721 8005873 1 668
7809 18717 8005883 1 669
7811 18714 8005893 1 670
7813 18712 8005903 1 672
7815 18710 8005913 1 674
7816 18709 8005923 1 675
7816 18709 8005933 1 675
7816 18708 8005943 1 676
7816 18709 8005953 1 677
7815 18710 8005963 1 679
7814 18711 8005973 1 681
7812 18713 8005983 1 683
7809 18716 8005993 1 684
7805 18719 8006003 1 685
7802 18722 8006013 1 687
7797 18725 8006023 1 688
7793 18728 8006033 1 689
7788 18732 8006043 1 692
7782 18735 8006053 1 694
7777 18738 8006063 1 695
7774 18740 8006073 1 696
7771 18741 8006083 1 697
7766 18743 8006093 1 698
7761 18746 8006103 1 700
7756 18749 8006113 1 703
7751 18751 8006123 1 705
7747 18755 8006133 1 707
7744 18758 8006143 1 708
7741 18761 8006153 1 709
7740 18765 8006163 1 711
7739 18769 8006173 1 712
7739 18774 8006183 1 713
7739 18779 8006193 1 715
7741 18784 8006203 1 716
7743 18790 8006213 1 717
7745 18793 8006223 1 718
7746 18796 8006233 1 718
7751 18803 8006243 1 719
7756 18810 8006253 1 721
7762 18817 8006263 1 722
7769 18823 8006273 1 723
7777 18830 8006283 1 724
7785 18835 8006293 1 724
7794 18840 8006303 1 726
7802 18844 8006313 1 727
7810 18848 8006323 1 727
7817 18850 8006333 1 727
7824 18852 8006343 1 728
7830 18853 8006353 1 728
7834 18853 8006363 1 728
7837 18853 8006373 1 728
7839 18852 8006383 1 728
7842 18848 8006393 1 727
7845 18843 8006403 1 727
7846 18836 8006413 1 727
7847 18827 8006423 1 726
7847 18818 8006433 1 725
7847 18808 8006443 1 725
7845 18798 8006453 1 724
7842 18788 8006463 1 723
7838 18778 8006473 1 723
7833 18769 8006483 1 722
7828 18760 8006493 1 722
7822 18752 8006503 1 722
7816 18745 8006513 1 722
7813 18741 8006523 1 722
7809 18739 8006533 1 722
7801 18734 8006543 1 722
7794 18731 8006553 1 723
7786 18729 8006563 1 724
7778 18727 8006573 1 725
7770 18727 8006583 1 727
7763 18728 8006593 1 731
7755 18729 8006603 1 733
7748 18732 8006613 1 736
7741 18735 8006623 1 740
7734 18739 8006633 1 744
7728 18742 8006643 1 749
7723 18746 8006653 1 760
7718 18750 8006663 1 766
7716 18752 8006673 1 769
7714 18753 8006683 1 772
7710 18756 8006693 1 778
7707 18759 8006703 1 785
7703 18762 8006713 1 791
7701 18764 8006723 1 797
7698 18765 8006733 1 802
7697 18767 8006743 1 807
7695 18767 8006753 1 810
7694 18767 8006763 1 813
7693 18767 8006773 1 816
7692 18766 8006783 1 817
7691 18764 8006793 1 813
7691 18763 8006803 1 809
7691 18761 8006813 1 804
7691 18760 8006823 1 802
7692 18759 8006833 1 797
7692 18757 8006843 1 787
7693 18754 8006853 1 774
7694 18751 8006863 1 744
7695 18749 8006873 1 725
7696 18746 8006883 1 704
7697 18743 8006893 1 682
7697 18740 8006903 1 669
7698 18737 8006913 1 658
7699 18734 8006923 1 633
7700 18731 8006933 1 578
7701 18728 8006943 1 550
7703 18725 8006953 1 520
7704 18722 8006963 1 490
7705 18721 8006973 1 473
7706 18720 8006983 1 460
7707 18717 8006993 1 429
7709 18715 8007003 1 366
7710 18713 8007013 1 335
7712 18712 8007023 1 304
7714 18711 8007033 1 273
7716 18710 8007043 1 244
7718 18709 8007053 1 215
7721 18709 8007063 1 160
7725 18708 8007073 1 133
7729 18708 8007083 1 122
7733 18708 8007093 1 109
7738 18709 8007103 1 87
7743 18709 8007113 1 65
7746 18709 8007123 1 59
7748 18709 8007133 1 46
7753 18709 8007143 1 14
7758 18710 8007153 1 1
7763 18710 8007163 0 0
7768 18710 8007173 0 0
7772 18711 8007183 0 0
7776 18712 8007193 0 0
7780 18713 8007203 0 0
7784 18714 8007213 0 0
7788 18715 8007223 0 0
7791 18716 8007233 0 0
7794 18718 8007243 0 0
7796 18720 8007253 0 0
7798 18723 8007263 0 0
7799 18724 8007273 0 0
7799 18725 8007283 0 0
7800 18727 8007293 0 0
7800 18730 8007303 0 0
7800 18732 8007313 1 16
7800 18734 8007323 1 41
7799 18736 8007333 1 70
7798 18738 8007343 1 142
7796 18740 8007353 1 184
7795 18741 8007363 1 226
7793 18742 8007373 1 272
7792 18743 8007383 1 320
7790 18743 8007393 1 368
7789 18744 8007403 1 465
7788 18744 8007413 1 513
7787 18744 8007423 1 533
7787 18743 8007433 1 560
7786 18743 8007443 1 604
7786 18742 8007453 1 627
7786 18740 8007463 1 645
7786 18738 8007473 1 684
7786 18735 8007483 1 750
7786 18732 8007493 1 776
7786 18728 8007503 1 801
7787 18724 8007513 1 824
7787 18719 8007523 1 846
7787 18714 8007533 1 864
7788 18709 8007543 1 896
7788 18704 8007553 1 908
7789 18698 8007563 1 920
7789 18696 8007573 1 926
7789 18693 8007583 1 930
7790 18689 8007593 1 937
7790 18684 8007603 1 943
7790 18680 8007613 1 952
7791 18677 8007623 1 954
7791 18674 8007633 1 954
7791 18671 8007643 1 955
7791 18669 8007653 1 955
7792 18667 8007663 1 954
7792 18666 8007673 1 952
7792 18665 8007683 1 947
7793 18664 8007693 1 942
7793 18664 8007703 1 938
7794 18664 8007713 1 933
7795 18664 8007723 1 930
7795 18664 8007733 1 928
7797 18664 8007743 1 923
7799 18665 8007753 1 912
7800 18665 8007763 1 906
7803 18666 8007773 1 901
7805 18667 8007783 1 896
7807 18668 8007793 1 891
7809 18669 8007803 1 887
7811 18669 8007813 1 883
7813 18670 8007823 1 879
7815 18671 8007833 1 877
7817 18671 8007843 1 875
7820 18671 8007853 1 874
7822 18671 8007863 1 874
7823 18671 8007873 1 874
7824 18671 8007883 1 874
7826 18671 8007893 1 875
7827 18671 8007903 1 877
7829 18670 8007913 1 879
7831 18670 8007923 1 880
7832 18671 8007933 1 883
7834 18671 8007943 1 885
7835 18672 8007953 1 889
7836 18674 8007963 1 891
7838 18675 8007973 1 892
7839 18677 8007983 1 894
7840 18680 8007993 1 895
7841 18683 8008003 1 895
7842 18686 8008013 1 897
7842 18688 8008023 1 899
7843 18690 8008033 1 899
7844 18694 8008043 1 899
7844 18699 8008053 1 900
7845 18703 8008063 1 901
7845 18707 8008073 1 901
7845 18711 8008083 1 902
7845 18715 8008093 1 903
7845 18718 8008103 1 904
7845 18721 8008113 1 905
7845 18723 8008123 1 905
7845 18725 8008133 1 906
7845 18726 8008143 1 907
7845 18726 8008153 1 908
7845 18726 8008163 1 909
7845 18726 8008173 1 909
7845 18726 8008183 1 909
7845 18725 8008193 1 910
7845 18724 8008203 1 911
7845 18722 8008213 1 911
7844 18721 8008223 1 912
7844 18719 8008233 1 914
7843 18718 8008243 1 915
7841 18716 8008253 1 917
7840 18715 8008263 1 918
7838 18714 8008273 1 919
7837 18713 8008283 1 920
7835 18712 8008293 1 923
7833 18712 8008303 1 924
7830 18712 8008313 1 926
7829 18713 8008323 1 927
7828 18713 8008333 1 928
7825 18714 8008343 1 929
7823 18716 8008353 1 931
7820 18718 8008363 1 932
7817 18720 8008373 1 934
7815 18723 8008383 1 936
7812 18725 8008393 1 937
7809 18728 8008403 1 939
7806 18731 8008413 1 940
7803 18733 8008423 1 940
7801 18735 8008433 1 941
7799 18736 8008443 1 941
7797 18737 8008453 1 941
7796 18738 8008463 1 940
7796 18738 8008473 1 939
7796 18738 8008483 1 938
7795 18738 8008493 1 937
7796 18737 8008503 1 933
7796 18736 8008513 1 932
7797 18735 8008523 1 930
7798 18733 8008533 1 928
7800 18731 8008543 1 927
7801 18728 8008553 1 927
7803 18726 8008563 1 927
7805 18723 8008573 1 927
7807 18720 8008583 1 928
7810 18717 8008593 1 929
7812 18715 8008603 1 932
7815 18713 8008613 1 935
7816 18712 8008623 1 936
7817 18712 8008633 1 940
7820 18710 8008643 1 953
7822 18710 8008653 1 962
7823 18710 8008663 1 971
7825 18711 8008673 1 982
7826 18712 8008683 1 993
7828 18713 8008693 1 1005
7829 18715 8008703 1 1024
7829 18717 8008713 1 1024
7830 18720 8008723 1 1024
7830 18722 8008733 1 1024
7830 18725 8008743 1 1024
7830 18728 8008753 1 1024
7830 18732 8008763 1 1024
7830 18733 8008773 1 1024
7829 18735 8008783 1 1024
7829 18738 8008793 1 1024
7828 18741 8008803 1 1024
7827 18744 8008813 1 1024
7826 18747 8008823 1 1024
7825 18750 8008833 1 1024
7824 18752 8008843 1 982
7823 18754 8008853 1 951
7822 18756 8008863 1 915
7822 18757 8008873 1 874
7821 18758 8008883 1 830
7821 18759 8008893 1 783
7821 18759 8008903 1 732
7821 18758 8008913 1 680
7821 18758 8008923 1 654
7822 18758 8008933 1 627
7822 18757 8008943 1 571
7823 18756 8008953 1 516
7825 18755 8008963 1 461
7826 18753 8008973 1 405
7828 18752 8008983 1 299
7830 18750 8008993 1 248
7832 18749 8009003 1 199
7833 18747 8009013 1 155
7835 18746 8009023 1 113
7837 18745 8009033 1 76
7838 18745 8009043 1 15
7840 18745 8009053 0 0
7841 18745 8009063 0 0
7842 18745 8009073 0 0
7842 18745 8009083 0 0
7844 18746 8009093 0 0
7845 18747 8009103 0 0
7846 18748 8009113 0 0
7847 18750 8009123 0 0
7848 18752 8009133 0 0
7849 18755 8009143 0 0
7849 18757 8009153 0 0
7850 18760 8009163 0 0
7850 18762 8009173 0 0
7850 18765 8009183 0 0
7850 18768 8009193 1 16
7850 18770 8009203 1 48
7850 18772 8009213 1 89
7850 18773 8009223 1 117
7849 18774 8009233 1 140
7849 18776 8009243 1 197
7848 18777 8009253 1 326
7848 18779 8009263 1 397
7847 18780 8009273 1 428
7847 18781 8009283 1 468
7847 18782 8009293 1 541
7847 18782 8009303 1 614
7847 18782 8009313 1 684
7847 18782 8009323 1 814
7848 18781 8009333 1 871
7849 18780 8009343 1 921
7850 18779 8009353 1 964
7852 18778 8009363 1 997
7853 18777 8009373 1 1011
7854 18776 8009383 1 1019
7856 18774 8009393 1 1024
7859 18772 8009403 1 1024
7861 18770 8009413 1 1024
7863 18768 8009423 1 1024
7866 18766 8009433 1 1024
7868 18764 8009443 1 1024
7870 18763 8009453 1 1024
7872 18761 8009463 1 1024
7874 18759 8009473 1 1024
7876 18758 8009483 1 1024
7878 18757 8009493 1 1024
7879 18756 8009503 1 1024
7881 18755 8009513 1 1024
7881 18755 8009523 1 1024
7882 18754 8009533 1 1024
7883 18754 8009543 1 1024
7885 18753 8009553 1 1024
7886 18752 8009563 1 1021
7887 18751 8009573 1 1011
7888 18749 8009583 1 1001
7889 18748 8009593 1 986
7890 18746 8009603 1 980
7891 18744 8009613 1 975
7891 18741 8009623 1 971
7891 18739 8009633 1 969
7891 18736 8009643 1 967
7891 18734 8009653 1 964
7890 18731 8009663 1 961
7890 18730 8009673 1 960
7889 18729 8009683 1 960
7889 18726 8009693 1 960
7888 18725 8009703 1 961
7887 18723 8009713 1 962
7886 18722 8009723 1 964
7885 18721 8009733 1 969
7884 18721 8009743 1 972
7883 18721 8009753 1 977
7882 18722 8009763 1 981
7881 18723 8009773 1 985
7880 18724 8009783 1 990
7880 18725 8009793 1 1000
7879 18726 8009803 1 1007
7879 18728 8009813 1 1010
7878 18729 8009823 1 1011
7878 18730 8009833 1 1013
7878 18731 8009843 1 1018
7878 18733 8009853 1 1024
7879 18735 8009863 1 1024
7879 18736 8009873 1 1024
7880 18738 8009883 1 1024
7881 18739 8009893 1 1024
7882 18741 8009903 1 1024
7883 18742 8009913 1 1024
7884 18743 8009923 1 1024
7885 18743 8009933 1 1024
7886 18744 8009943 1 1024
7886 18745 8009953 1 1024
7887 18746 8009963 1 1024
7888 18746 8009973 1 1024
7888 18746 8009983 1 1024
7889 18747 8009993 1 1024
7890 18748 8010003 1 1024
7890 18748 8010013 1 1024
7891 18749 8010023 1 1024
7891 18749 8010033 1 1024
7892 18749 8010043 1 1024
7892 18749 8010053 1 1024
7892 18749 8010063 1 1024
7892 18749 8010073 1 1024
7892 18748 8010083 1 1024
7892 18748 8010093 1 1024
7892 18747 8010103 1 1024
7891 18746 8010113 1 1024
7891 18746 8010123 1 1024
7891 18745 8010133 1 1024
7890 18743 8010143 1 1024
7890 18742 8010153 1 1024
7889 18740 8010163 1 1024
7888 18737 8010173 1 1024
7887 18735 8010183 1 1024
7886 18732 8010193 1 1024
7885 18729 8010203 1 1024
7884 18725 8010213 1 1024
7883 18722 8010223 1 1024
7883 18718 8010233 1 1024
7883 18715 8010243 1 1024
7883 18712 8010253 1 1024
7883 18709 8010263 1 1024
7884 18708 8010273 1 1024
7884 18706 8010283 1 1024
7885 18704 8010293 1 1024
7886 18703 8010303 1 1024
7887 18702 8010313 1 1024
7889 18702 8010323 1 1024
7890 18702 8010333 1 1024
7892 18702 8010343 1 1024
7893 18704 8010353 1 1024
7895 18706 8010363 1 1024
7896 18709 8010373 1 1024
7898 18713 8010383 1 1024
7900 18717 8010393 1 1024
7902 18721 8010403 1 1024
7904 18726 8010413 1 1024
7905 18729 8010423 1 1024
7906 18731 8010433 1 1024
7909 18737 8010443 1 1024
7911 18742 8010453 1 1024
7913 18746 8010463 1 1024
7915 18750 8010473 1 1024
7916 18754 8010483 1 1024
7918 18757 8010493 1 1024
7919 18760 8010503 1 1024
7921 18761 8010513 1 1024
7923 18762 8010523 1 1024
7924 18763 8010533 1 1024
7926 18762 8010543 1 1024
7928 18761 8010553 1 1024
7929 18759 8010563 1 1024
7930 18758 8010573 1 1024
7931 18756 8010583 1 1024
7933 18753 8010593 1 1024
7934 18750 8010603 1 1024
7935 18746 8010613 1 1024
7936 18742 8010623 1 1024
7937 18738 8010633 1 1024
7937 18734 8010643 1 1024
7938 18730 8010653 1 1024
7938 18727 8010663 1 1024
7938 18724 8010673 1 1024
7937 18722 8010683 1 1024
7937 18719 8010693 1 1024
7936 18717 8010703 1 1024
7936 18715 8010713 1 1024
7935 18713 8010723 1 1024
7935 18711 8010733 1 1024
7934 18709 8010743 1 1024
7933 18707 8010753 1 1024
7933 18705 8010763 1 1024
7932 18703 8010773 1 1024
7932 18702 8010783 1 1024
7931 18700 8010793 1 1024
7931 18699 8010803 1 1024
7931 18697 8010813 1 1024
7931 18696 8010823 1 1024
7931 18696 8010833 1 1024
7931 18695 8010843 1 1024
7931 18694 8010853 1 1024
7931 18694 8010863 1 1024
7931 18693 8010873 1 1024
7932 18693 8010883 1 1024
7933 18693 8010893 1 1024
7934 18693 8010903 1 1024
7935 18693 8010913 1 1024
7936 18693 8010923 1 1024
7937 18693 8010933 1 1024
7937 18693 8010943 1 1024
7938 18694 8010953 1 1024
7938 18694 8010963 1 1024
7939 18695 8010973 1 1024
7939 18696 8010983 1 1024
7938 18697 8010993 1 1024
7938 18698 8011003 1 1024
7938 18698 8011013 1 1024
7937 18699 8011023 1 1024
7937 18699 8011033 1 1024
7936 18700 8011043 1 1024
