8209 17818 4072487 1 706
8209 17818 4072497 1 710
8209 17818 4072507 1 712
8209 17817 4072517 1 713
8209 17817 4072527 1 713
8209 17818 4072537 1 713
8209 17818 4072547 1 714
8209 17817 4072557 1 714
8209 17817 4072567 1 715
8210 17817 4072577 1 715
8211 17816 4072587 1 715
8213 17815 4072597 1 716
8214 17815 4072607 1 716
8215 17814 4072617 1 716
8217 17813 4072627 1 716
8219 17811 4072637 1 716
8221 17808 4072647 1 717
8223 17805 4072657 1 717
8226 17802 4072667 1 717
8229 17798 4072677 1 717
8231 17795 4072687 1 718
8234 17791 4072697 1 718
8237 17787 4072707 1 719
8240 17784 4072717 1 719
8241 17782 4072727 1 719
8243 17781 4072737 1 719
8245 17778 4072747 1 720
8247 17775 4072757 1 720
8249 17773 4072767 1 721
8251 17772 4072777 1 721
8252 17771 4072787 1 722
8252 17771 4072797 1 723
8252 17771 4072807 1 723
8251 17772 4072817 1 723
8250 17774 4072827 1 724
8248 17776 4072837 1 725
8247 17777 4072847 1 726
8246 17778 4072857 1 726
8244 17781 4072867 1 726
8241 17785 4072877 1 727
8238 17788 4072887 1 728
8235 17792 4072897 1 728
8231 17795 4072907 1 728
8227 17799 4072917 1 730
8222 17802 4072927 1 731
8217 17805 4072937 1 732
8212 17808 4072947 1 733
8208 17810 4072957 1 733
8205 17811 4072967 1 733
8203 17812 4072977 1 734
8199 17814 4072987 1 736
8195 17816 4072997 1 736
8191 17817 4073007 1 737
8188 17819 4073017 1 738
8186 17821 4073027 1 738
8184 17823 4073037 1 739
8183 17825 4073047 1 740
8183 17827 4073057 1 740
8183 17830 4073067 1 741
8184 17833 4073077 1 742
8184 17835 4073087 1 742
8185 17837 4073097 1 742
8187 17841 4073107 1 743
8190 17846 4073117 1 743
8193 17851 4073127 1 745
8197 17856 4073137 1 745
8202 17861 4073147 1 746
8207 17865 4073157 1 746
8213 17869 4073167 1 746
8219 17873 4073177 1 747
8226 17876 4073187 1 747
8232 17879 4073197 1 747
8235 17880 4073207 1 747
8238 17881 4073217 1 747
8243 17882 4073227 1 747
8248 17883 4073237 1 747
8252 17883 4073247 1 747
8256 17883 4073257 1 747
8260 17881 4073267 1 746
8263 17877 4073277 1 746
8266 17872 4073287 1 746
8268 17866 4073297 1 745
8269 17859 4073307 1 745
8268 17852 4073317 1 745
8268 17848 4073327 1 744
8267 17844 4073337 1 744
8265 17836 4073347 1 743
8261 17828 4073357 1 743
8257 17821 4073367 1 742
8252 17813 4073377 1 742
8246 17806 4073387 1 742
8240 17800 4073397 1 742
8234 17795 4073407 1 742
8228 17790 4073417 1 742
8221 17787 4073427 1 742
8214 17784 4073437 1 743
8211 17783 4073447 1 743
8208 17782 4073457 1 743
8201 17781 4073467 1 745
8195 17780 4073477 1 747
8189 17781 4073487 1 749
8183 17782 4073497 1 751
8178 17785 4073507 1 753
8173 17788 4073517 1 756
8169 17791 4073527 1 759
8165 17795 4073537 1 766
8162 17799 4073547 1 770
8159 17803 4073557 1 775
8157 17805 4073567 1 777
8156 17807 4073577 1 779
8153 17811 4073587 1 783
8151 17814 4073597 1 787
8150 17817 4073607 1 791
8149 17820 4073617 1 795
8148 17822 4073627 1 799
8148 17823 4073637 1 801
8148 17824 4073647 1 803
8148 17823 4073657 1 805
8149 17823 4073667 1 805
8150 17821 4073677 1 803
8150 17821 4073687 1 802
8150 17820 4073697 1 801
8150 17818 4073707 1 797
8151 17815 4073717 1 792
8151 17813 4073727 1 785
8151 17810 4073737 1 776
8151 17807 4073747 1 754
8151 17804 4073757 1 740
8151 17801 4073767 1 726
8151 17798 4073777 1 709
8150 17796 4073787 1 700
8150 17793 4073797 1 692
8150 17791 4073807 1 690
8149 17790 4073817 1 673
8149 17787 4073827 1 633
8148 17785 4073837 1 612
8148 17782 4073847 1 589
8148 17780 4073857 1 567
8148 17778 4073867 1 544
8149 17777 4073877 1 521
8150 17775 4073887 1 474
8151 17774 4073897 1 449
8153 17773 4073907 1 426
8154 17772 4073917 1 402
8155 17771 4073927 1 389
8156 17771 4073937 1 379
8159 17770 4073947 1 356
8161 17769 4073957 1 313
8165 17769 4073967 1 292
8168 17768 4073977 1 282
8172 17768 4073987 1 271
8176 17768 4073997 1 253
8180 17768 4074007 1 235
8184 17768 4074017 1 219
8188 17769 4074027 1 192
8191 17769 4074037 1 182
8193 17770 4074047 1 178
8194 17770 4074057 1 172
8197 17771 4074067 1 164
8200 17773 4074077 1 162
8203 17774 4074087 1 161
8206 17776 4074097 1 159
8208 17777 4074107 1 158
8211 17779 4074117 1 156
8213 17781 4074127 1 155
8215 17784 4074137 1 153
8216 17786 4074147 1 152
8218 17788 4074157 1 150
8218 17789 4074167 1 150
8218 17790 4074177 1 149
8219 17792 4074187 1 148
8218 17794 4074197 1 156
8218 17796 4074207 1 169
8217 17798 4074217 1 188
8216 17799 4074227 1 210
8215 17800 4074237 1 266
8214 17801 4074247 1 299
8213 17802 4074257 1 332
8212 17802 4074267 1 368
8212 17802 4074277 1 406
8212 17802 4074287 1 415
8212 17802 4074297 1 444
8212 17802 4074307 1 523
8213 17801 4074317 1 561
8213 17800 4074327 1 599
8214 17799 4074337 1 635
8215 17798 4074347 1 654
8215 17796 4074357 1 668
8216 17794 4074367 1 700
8217 17792 4074377 1 755
8217 17789 4074387 1 777
8218 17785 4074397 1 797
8218 17784 4074407 1 808
8219 17782 4074417 1 817
8219 17777 4074427 1 835
8220 17773 4074437 1 850
8221 17768 4074447 1 878
8222 17763 4074457 1 889
8223 17758 4074467 1 898
8223 17753 4074477 1 907
8224 17749 4074487 1 913
8224 17744 4074497 1 919
8225 17740 4074507 1 927
8225 17737 4074517 1 929
8226 17735 4074527 1 929
8226 17733 4074537 1 930
8227 17731 4074547 1 931
8228 17729 4074557 1 931
8229 17727 4074567 1 930
8230 17725 4074577 1 929
8231 17725 4074587 1 925
8233 17724 4074597 1 922
8234 17724 4074607 1 918
8235 17724 4074617 1 914
8237 17725 4074627 1 910
8238 17726 4074637 1 906
8239 17726 4074647 1 901
8240 17727 4074657 1 896
8241 17728 4074667 1 891
8243 17729 4074677 1 887
8245 17730 4074687 1 883
8247 17731 4074697 1 879
8248 17732 4074707 1 875
8250 17733 4074717 1 872
8251 17734 4074727 1 869
8252 17734 4074737 1 868
8253 17734 4074747 1 866
8254 17733 4074757 1 865
8255 17733 4074767 1 865
8255 17733 4074777 1 865
8256 17732 4074787 1 866
8257 17731 4074797 1 867
8257 17731 4074807 1 869
8258 17730 4074817 1 871
8259 17730 4074827 1 872
8259 17730 4074837 1 875
8259 17731 4074847 1 877
8259 17731 4074857 1 881
8260 17732 4074867 1 883
8260 17733 4074877 1 884
8261 17734 4074887 1 885
8261 17735 4074897 1 886
8262 17737 4074907 1 887
8263 17740 4074917 1 887
8264 17743 4074927 1 890
8265 17746 4074937 1 892
8265 17750 4074947 1 892
8266 17754 4074957 1 893
8267 17758 4074967 1 894
8267 17762 4074977 1 894
8267 17765 4074987 1 896
8268 17769 4074997 1 897
8268 17770 4075007 1 897
8268 17772 4075017 1 898
8268 17774 4075027 1 899
8267 17777 4075037 1 899
8267 17778 4075047 1 901
8267 17780 4075057 1 902
8267 17781 4075067 1 903
8267 17782 4075077 1 904
8268 17782 4075087 1 905
8268 17782 4075097 1 906
8269 17781 4075107 1 907
8269 17780 4075117 1 907
8269 17780 4075127 1 907
8269 17779 4075137 1 908
8269 17778 4075147 1 911
8269 17776 4075157 1 912
8268 17775 4075167 1 914
8268 17773 4075177 1 915
8266 17772 4075187 1 917
8265 17772 4075197 1 918
8264 17771 4075207 1 921
8262 17771 4075217 1 922
8261 17772 4075227 1 925
8259 17773 4075237 1 927
8258 17774 4075247 1 927
8257 17774 4075257 1 928
8255 17776 4075267 1 931
8253 17779 4075277 1 932
8251 17781 4075287 1 933
8249 17784 4075297 1 935
8246 17787 4075307 1 935
8244 17790 4075317 1 937
8242 17792 4075327 1 938
8241 17795 4075337 1 937
8239 17797 4075347 1 938
8238 17799 4075357 1 938
8237 17799 4075367 1 938
8237 17800 4075377 1 937
8236 17801 4075387 1 936
8236 17801 4075397 1 934
8235 17801 4075407 1 933
8235 17801 4075417 1 928
8234 17800 4075427 1 927
8234 17799 4075437 1 925
8234 17797 4075447 1 923
8234 17795 4075457 1 922
8234 17792 4075467 1 921
8235 17789 4075477 1 921
8235 17788 4075487 1 921
8236 17787 4075497 1 921
8237 17784 4075507 1 921
8237 17781 4075517 1 922
8238 17779 4075527 1 925
8239 17776 4075537 1 927
8239 17775 4075547 1 932
8240 17773 4075557 1 944
8241 17773 4075567 1 951
8241 17772 4075577 1 959
8242 17772 4075587 1 969
8242 17773 4075597 1 979
8242 17773 4075607 1 982
8242 17774 4075617 1 990
8243 17775 4075627 1 1008
8244 17777 4075637 1 1008
8244 17780 4075647 1 1006
8244 17783 4075657 1 1007
8244 17786 4075667 1 1006
8245 17789 4075677 1 1006
8244 17792 4075687 1 1005
8244 17796 4075697 1 1005
8244 17799 4075707 1 1004
8244 17802 4075717 1 1004
8244 17803 4075727 1 1004
8243 17805 4075737 1 1003
8243 17807 4075747 1 1003
8243 17809 4075757 1 1002
8242 17811 4075767 1 963
8242 17813 4075777 1 934
8242 17814 4075787 1 901
8242 17815 4075797 1 865
8243 17816 4075807 1 825
8243 17816 4075817 1 782
8244 17816 4075827 1 738
8245 17816 4075837 1 691
8246 17816 4075847 1 668
8246 17816 4075857 1 644
8247 17815 4075867 1 595
8248 17814 4075877 1 546
8249 17813 4075887 1 499
8251 17812 4075897 1 451
8252 17811 4075907 1 358
8253 17810 4075917 1 315
8255 17809 4075927 1 273
8257 17808 4075937 1 236
8258 17806 4075947 1 201
8260 17806 4075957 1 170
8261 17805 4075967 1 143
8262 17805 4075977 1 118
8264 17804 4075987 1 98
8267 17804 4075997 1 99
8269 17804 4076007 1 101
8271 17804 4076017 1 102
8273 17804 4076027 1 104
8274 17805 4076037 1 105
8276 17807 4076047 1 107
8277 17809 4076057 1 108
8278 17811 4076067 1 110
8279 17813 4076077 1 111
8279 17815 4076087 1 112
8279 17816 4076097 1 113
8280 17819 4076107 1 114
8280 17822 4076117 1 121
8280 17825 4076127 1 141
8280 17828 4076137 1 170
8280 17830 4076147 1 206
8279 17833 4076157 1 249
8279 17835 4076167 1 297
8278 17836 4076177 1 405
8277 17838 4076187 1 465
8277 17839 4076197 1 491
8277 17839 4076207 1 501
8277 17840 4076217 1 524
8277 17840 4076227 1 585
8277 17840 4076237 1 644
8278 17840 4076247 1 702
8279 17839 4076257 1 808
8280 17838 4076267 1 854
8281 17837 4076277 1 894
8283 17836 4076287 1 928
8284 17834 4076297 1 954
8286 17832 4076307 1 971
8288 17831 4076317 1 978
8289 17830 4076327 1 979
8291 17829 4076337 1 978
8294 17827 4076347 1 977
8297 17824 4076357 1 977
8300 17822 4076367 1 976
8304 17820 4076377 1 976
8307 17818 4076387 1 975
8310 17815 4076397 1 975
8313 17813 4076407 1 974
8315 17811 4076417 1 974
8318 17809 4076427 1 974
8320 17808 4076437 1 973
8321 17807 4076447 1 973
8322 17806 4076457 1 973
8323 17804 4076467 1 972
8324 17803 4076477 1 972
8325 17801 4076487 1 971
8326 17799 4076497 1 964
8326 17798 4076507 1 956
8326 17796 4076517 1 949
8325 17794 4076527 1 937
8324 17793 4076537 1 932
8323 17791 4076547 1 927
8322 17789 4076557 1 924
8321 17788 4076567 1 923
8321 17787 4076577 1 922
8319 17785 4076587 1 920
8318 17783 4076597 1 917
8317 17781 4076607 1 915
8316 17780 4076617 1 914
8315 17778 4076627 1 913
8315 17777 4076637 1 914
8314 17777 4076647 1 914
8314 17776 4076657 1 915
8314 17776 4076667 1 919
8313 17776 4076677 1 921
8313 17776 4076687 1 922
8313 17777 4076697 1 923
8313 17777 4076707 1 926
8313 17778 4076717 1 929
8312 17780 4076727 1 932
8312 17781 4076737 1 939
8311 17783 4076747 1 943
8311 17785 4076757 1 945
8310 17787 4076767 1 947
8310 17789 4076777 1 950
8310 17791 4076787 1 954
8310 17793 4076797 1 958
8310 17794 4076807 1 958
8310 17795 4076817 1 957
8310 17796 4076827 1 957
8310 17798 4076837 1 956
8310 17799 4076847 1 956
8309 17800 4076857 1 955
8309 17801 4076867 1 955
8309 17802 4076877 1 954
8308 17802 4076887 1 954
8308 17803 4076897 1 953
8308 17803 4076907 1 953
8308 17803 4076917 1 953
8308 17803 4076927 1 952
8309 17804 4076937 1 952
8309 17804 4076947 1 952
8309 17804 4076957 1 951
8310 17804 4076967 1 951
8310 17803 4076977 1 950
8310 17803 4076987 1 950
8311 17803 4076997 1 949
8311 17803 4077007 1 949
8312 17803 4077017 1 948
8312 17803 4077027 1 948
8313 17803 4077037 1 947
8313 17803 4077047 1 947
8313 17803 4077057 1 947
8313 17802 4077067 1 946
8314 17802 4077077 1 946
8314 17801 4077087 1 946
8313 17800 4077097 1 945
8313 17799 4077107 1 945
8312 17797 4077117 1 944
8311 17795 4077127 1 944
8309 17793 4077137 1 943
8308 17791 4077147 1 943
8307 17788 4077157 1 942
8307 17787 4077167 1 942
8307 17785 4077177 1 942
8306 17782 4077187 1 941
8306 17779 4077197 1 941
8305 17776 4077207 1 940
8306 17774 4077217 1 940
8306 17771 4077227 1 939
8306 17768 4077237 1 939
8307 17766 4077247 1 939
8307 17764 4077257 1 938
8307 17763 4077267 1 938
8308 17762 4077277 1 937
8308 17762 4077287 1 937
8308 17762 4077297 1 937
8309 17763 4077307 1 936
8309 17764 4077317 1 936
8310 17765 4077327 1 935
8312 17767 4077337 1 935
8313 17770 4077347 1 934
8314 17773 4077357 1 934
8316 17777 4077367 1 933
8317 17781 4077377 1 933
8319 17785 4077387 1 932
8321 17788 4077397 1 932
8322 17790 4077407 1 932
8323 17792 4077417 1 932
8324 17796 4077427 1 931
8326 17799 4077437 1 931
8327 17802 4077447 1 930
8329 17804 4077457 1 930
8331 17806 4077467 1 929
8332 17807 4077477 1 929
8334 17808 4077487 1 928
8336 17808 4077497 1 928
8337 17807 4077507 1 927
8339 17806 4077517 1 927
8340 17805 4077527 1 927
8340 17804 4077537 1 926
8342 17801 4077547 1 926
8343 17799 4077557 1 925
8345 17796 4077567 1 925
8346 17793 4077577 1 925
8347 17790 4077587 1 924
8348 17787 4077597 1 924
8348 17785 4077607 1 923
8349 17782 4077617 1 923
8349 17780 4077627 1 922
8350 17778 4077637 1 922
8350 17776 4077647 1 921
8351 17774 4077657 1 921
8351 17773 4077667 1 920
8352 17772 4077677 1 920
8352 17770 4077687 1 919
8353 17769 4077697 1 919
8354 17769 4077707 1 918
8354 17768 4077717 1 918
8355 17767 4077727 1 918
8355 17767 4077737 1 917
8356 17766 4077747 1 917
8357 17766 4077757 1 916
8358 17765 4077767 1 916
8359 17765 4077777 1 915
8359 17764 4077787 1 915
8360 17764 4077797 1 914
8361 17763 4077807 1 914
8361 17763 4077817 1 913
8361 17763 4077827 1 913
8362 17762 4077837 1 912
8362 17762 4077847 1 912
8361 17762 4077857 1 911
8361 17762 4077867 1 911
8360 17762 4077877 1 911
8359 17761 4077887 1 910
8359 17761 4077897 1 910
8357 17761 4077907 1 909
8356 17761 4077917 1 909
8355 17761 4077927 1 908
8353 17761 4077937 1 908
8351 17761 4077947 1 907
8350 17762 4077957 1 907
8348 17762 4077967 1 906
8347 17762 4077977 1 906
8346 17762 4077987 1 905
8345 17762 4077997 1 905
