7793 17622 4659180 1 678
7793 17622 4659190 1 674
7794 17622 4659200 1 672
7794 17622 4659210 1 672
7794 17622 4659220 1 673
7794 17622 4659230 1 674
7794 17622 4659240 1 674
7794 17622 4659250 1 675
7795 17623 4659260 1 676
7797 17624 4659270 1 676
7799 17627 4659280 1 677
7800 17628 4659290 1 677
7800 17628 4659300 1 678
7798 17628 4659310 1 678
7798 17628 4659320 1 679
7797 17628 4659330 1 679
7795 17628 4659340 1 679
7794 17629 4659350 1 681
7793 17631 4659360 1 681
7793 17634 4659370 1 682
7792 17637 4659380 1 683
7791 17639 4659390 1 683
7790 17641 4659400 1 683
7789 17644 4659410 1 684
7787 17647 4659420 1 685
7785 17651 4659430 1 686
7783 17654 4659440 1 686
7781 17656 4659450 1 687
7780 17658 4659460 1 688
7779 17659 4659470 1 688
7777 17661 4659480 1 688
7775 17663 4659490 1 689
7773 17665 4659500 1 690
7771 17665 4659510 1 691
7769 17666 4659520 1 692
7767 17666 4659530 1 692
7766 17666 4659540 1 692
7764 17666 4659550 1 693
7763 17666 4659560 1 693
7762 17667 4659570 1 694
7761 17668 4659580 1 696
7762 17670 4659590 1 696
7763 17671 4659600 1 696
7764 17672 4659610 1 696
7767 17672 4659620 1 697
7772 17672 4659630 1 698
7779 17671 4659640 1 698
7787 17668 4659650 1 699
7797 17664 4659660 1 699
7803 17661 4659670 1 700
7809 17657 4659680 1 701
7822 17648 4659690 1 702
7836 17637 4659700 1 702
7850 17623 4659710 1 703
7864 17609 4659720 1 703
7878 17594 4659730 1 704
7884 17586 4659740 1 704
7890 17580 4659750 1 704
7900 17568 4659760 1 705
7908 17558 4659770 1 705
7914 17551 4659780 1 707
7919 17547 4659790 1 708
7921 17544 4659800 1 708
7921 17543 4659810 1 708
7920 17543 4659820 1 709
7918 17544 4659830 1 710
7913 17545 4659840 1 711
7908 17545 4659850 1 712
7901 17545 4659860 1 714
7894 17544 4659870 1 715
7891 17543 4659880 1 716
7888 17541 4659890 1 717
7882 17537 4659900 1 718
7878 17532 4659910 1 720
7874 17526 4659920 1 722
7871 17521 4659930 1 724
7869 17517 4659940 1 725
7868 17515 4659950 1 725
7868 17515 4659960 1 726
7866 17515 4659970 1 727
7865 17519 4659980 1 727
7864 17526 4659990 1 728
7862 17536 4660000 1 730
7860 17548 4660010 1 731
7859 17554 4660020 1 731
7858 17561 4660030 1 731
7855 17574 4660040 1 731
7853 17588 4660050 1 731
7851 17600 4660060 1 731
7849 17610 4660070 1 731
7848 17618 4660080 1 730
7847 17621 4660090 1 729
7848 17623 4660100 1 729
7850 17626 4660110 1 726
7853 17626 4660120 1 724
7857 17625 4660130 1 723
7863 17622 4660140 1 722
7869 17619 4660150 1 723
7872 17617 4660160 1 724
7874 17615 4660170 1 725
7880 17612 4660180 1 729
7884 17609 4660190 1 735
7887 17607 4660200 1 744
7889 17607 4660210 1 755
7889 17607 4660220 1 767
7890 17608 4660230 1 774
7889 17609 4660240 1 781
7887 17612 4660250 1 794
7885 17615 4660260 1 806
7882 17618 4660270 1 818
7878 17620 4660280 1 827
7875 17622 4660290 1 833
7873 17623 4660300 1 837
7872 17623 4660310 1 838
7869 17624 4660320 1 836
7868 17623 4660330 1 831
7867 17622 4660340 1 821
7867 17620 4660350 1 803
7868 17618 4660360 1 780
7868 17617 4660370 1 768
7869 17615 4660380 1 750
7871 17613 4660390 1 710
7873 17611 4660400 1 665
7875 17610 4660410 1 612
7876 17609 4660420 1 556
7877 17608 4660430 1 497
7878 17608 4660440 1 475
7877 17608 4660450 1 466
7876 17608 4660460 1 435
7874 17607 4660470 1 373
7872 17607 4660480 1 310
7868 17606 4660490 1 250
7864 17604 4660500 1 192
7862 17604 4660510 1 164
7859 17603 4660520 1 138
7854 17601 4660530 1 89
7849 17599 4660540 1 53
7845 17598 4660550 1 52
7840 17597 4660560 1 51
7837 17597 4660570 1 50
7836 17597 4660580 1 50
7835 17598 4660590 1 50
7835 17599 4660600 1 49
7836 17600 4660610 1 49
7838 17600 4660620 1 47
7842 17600 4660630 1 104
7846 17599 4660640 1 174
7849 17599 4660650 1 211
7851 17597 4660660 1 254
7856 17594 4660670 1 339
7861 17590 4660680 1 427
7865 17585 4660690 1 513
7868 17579 4660700 1 596
7871 17573 4660710 1 670
7873 17571 4660720 1 705
7874 17568 4660730 1 732
7877 17564 4660740 1 777
7880 17561 4660750 1 805
7884 17559 4660760 1 815
7889 17559 4660770 1 817
7894 17561 4660780 1 817
7897 17562 4660790 1 815
7901 17564 4660800 1 808
7907 17569 4660810 1 795
7914 17574 4660820 1 784
7921 17579 4660830 1 773
7927 17585 4660840 1 767
7933 17589 4660850 1 764
7935 17591 4660860 1 764
7937 17593 4660870 1 764
7941 17595 4660880 1 764
7943 17596 4660890 1 766
7943 17595 4660900 1 773
7942 17593 4660910 1 780
7940 17591 4660920 1 791
7939 17589 4660930 1 797
7937 17588 4660940 1 803
7932 17586 4660950 1 816
7928 17584 4660960 1 828
7923 17583 4660970 1 838
7919 17583 4660980 1 844
7915 17584 4660990 1 844
7913 17585 4661000 1 843
7912 17586 4661010 1 838
7909 17589 4661020 1 824
7907 17592 4661030 1 800
7906 17596 4661040 1 765
7905 17600 4661050 1 720
7904 17604 4661060 1 668
7904 17605 4661070 1 641
7903 17607 4661080 1 609
7902 17608 4661090 1 546
7901 17609 4661100 1 480
7900 17607 4661110 1 412
7898 17604 4661120 1 344
7897 17600 4661130 1 278
7896 17598 4661140 1 245
7895 17594 4661150 1 215
7894 17588 4661160 1 158
7892 17581 4661170 1 107
7890 17574 4661180 1 65
7889 17568 4661190 1 17
7887 17562 4661200 1 16
7887 17559 4661210 1 18
7886 17557 4661220 1 16
7885 17554 4661230 1 15
7884 17552 4661240 1 15
7883 17552 4661250 1 14
7882 17554 4661260 1 13
7882 17558 4661270 1 13
7882 17560 4661280 1 13
7882 17563 4661290 1 13
7881 17569 4661300 1 13
7881 17576 4661310 1 13
7882 17582 4661320 1 11
7882 17588 4661330 1 11
7883 17592 4661340 1 19
7883 17594 4661350 1 24
7884 17595 4661360 1 35
7885 17597 4661370 1 60
7886 17596 4661380 1 93
7887 17593 4661390 1 132
7888 17588 4661400 1 176
7890 17582 4661410 1 225
7890 17578 4661420 1 251
7891 17575 4661430 1 278
7893 17567 4661440 1 333
7894 17560 4661450 1 390
7896 17554 4661460 1 448
7897 17550 4661470 1 505
7899 17547 4661480 1 561
7899 17545 4661490 1 589
7900 17545 4661500 1 615
7901 17545 4661510 1 665
7903 17546 4661520 1 712
7904 17549 4661530 1 754
7907 17553 4661540 1 789
7910 17557 4661550 1 805
7912 17559 4661560 1 809
7914 17561 4661570 1 817
7918 17565 4661580 1 837
7923 17569 4661590 1 848
7928 17572 4661600 1 850
7934 17575 4661610 1 852
7940 17578 4661620 1 853
7943 17579 4661630 1 853
7946 17580 4661640 1 854
7952 17583 4661650 1 855
7958 17585 4661660 1 855
7964 17587 4661670 1 855
7968 17589 4661680 1 855
7971 17591 4661690 1 856
7972 17592 4661700 1 857
7973 17594 4661710 1 857
7974 17596 4661720 1 857
7974 17599 4661730 1 857
7973 17602 4661740 1 858
7972 17605 4661750 1 859
7970 17607 4661760 1 860
7969 17607 4661770 1 861
7968 17608 4661780 1 861
7966 17609 4661790 1 862
7964 17609 4661800 1 862
7961 17608 4661810 1 864
7959 17608 4661820 1 865
7957 17607 4661830 1 866
7956 17607 4661840 1 866
7956 17607 4661850 1 867
7955 17607 4661860 1 868
7954 17607 4661870 1 869
7954 17608 4661880 1 870
7955 17608 4661890 1 870
7956 17609 4661900 1 872
7956 17609 4661910 1 872
7957 17609 4661920 1 873
7959 17609 4661930 1 874
7961 17608 4661940 1 874
7963 17606 4661950 1 875
7965 17604 4661960 1 876
7966 17601 4661970 1 876
7967 17599 4661980 1 877
7968 17597 4661990 1 877
7968 17593 4662000 1 879
7968 17589 4662010 1 879
7967 17586 4662020 1 880
7965 17583 4662030 1 881
7962 17581 4662040 1 881
7961 17580 4662050 1 882
7960 17581 4662060 1 882
7958 17581 4662070 1 883
7955 17584 4662080 1 885
7954 17587 4662090 1 885
7953 17591 4662100 1 886
7954 17596 4662110 1 887
7954 17598 4662120 1 887
7955 17600 4662130 1 887
7956 17604 4662140 1 887
7959 17606 4662150 1 888
7961 17608 4662160 1 890
7965 17608 4662170 1 891
7968 17606 4662180 1 891
7969 17605 4662190 1 891
7971 17603 4662200 1 892
7973 17599 4662210 1 893
7974 17596 4662220 1 893
7974 17592 4662230 1 895
7973 17589 4662240 1 896
7972 17587 4662250 1 896
7971 17586 4662260 1 896
7970 17586 4662270 1 897
7967 17587 4662280 1 898
7965 17588 4662290 1 898
7962 17591 4662300 1 900
7960 17594 4662310 1 901
7957 17598 4662320 1 901
7956 17599 4662330 1 902
7955 17601 4662340 1 902
7953 17603 4662350 1 902
7951 17605 4662360 1 903
7948 17606 4662370 1 904
7946 17606 4662380 1 905
7943 17604 4662390 1 906
7942 17603 4662400 1 906
7941 17601 4662410 1 906
7939 17597 4662420 1 907
7937 17593 4662430 1 907
7936 17587 4662440 1 909
7935 17582 4662450 1 910
7935 17577 4662460 1 910
7935 17575 4662470 1 910
7936 17573 4662480 1 911
7937 17570 4662490 1 912
7938 17568 4662500 1 913
7940 17568 4662510 1 914
7942 17568 4662520 1 914
7944 17571 4662530 1 915
7945 17572 4662540 1 916
7946 17574 4662550 1 916
7948 17579 4662560 1 916
7950 17584 4662570 1 917
7952 17590 4662580 1 918
7955 17596 4662590 1 918
7957 17602 4662600 1 919
7959 17604 4662610 1 919
7960 17607 4662620 1 919
7964 17611 4662630 1 921
7967 17615 4662640 1 922
7971 17617 4662650 1 922
7975 17619 4662660 1 923
7979 17619 4662670 1 923
7981 17619 4662680 1 924
7983 17618 4662690 1 925
7987 17617 4662700 1 925
7990 17614 4662710 1 926
7992 17611 4662720 1 927
7994 17608 4662730 1 927
7994 17605 4662740 1 929
7994 17603 4662750 1 929
7994 17602 4662760 1 929
7992 17599 4662770 1 930
7989 17597 4662780 1 930
7986 17596 4662790 1 931
7982 17595 4662800 1 931
7977 17595 4662810 1 933
7975 17595 4662820 1 933
7973 17595 4662830 1 933
7968 17596 4662840 1 934
7963 17597 4662850 1 934
7959 17598 4662860 1 936
7955 17598 4662870 1 936
7951 17599 4662880 1 937
7950 17599 4662890 1 937
7949 17599 4662900 1 937
7948 17600 4662910 1 938
7947 17600 4662920 1 939
7948 17599 4662930 1 940
7949 17599 4662940 1 940
7951 17598 4662950 1 941
7952 17598 4662960 1 942
7953 17597 4662970 1 941
7955 17597 4662980 1 942
7956 17596 4662990 1 943
7958 17596 4663000 1 943
7959 17596 4663010 1 944
7959 17596 4663020 1 944
7960 17596 4663030 1 946
7960 17595 4663040 1 946
7960 17594 4663050 1 947
7960 17592 4663060 1 947
7961 17590 4663070 1 949
7962 17586 4663080 1 949
7963 17581 4663090 1 949
7965 17577 4663100 1 950
7967 17572 4663110 1 950
7969 17569 4663120 1 952
7971 17567 4663130 1 952
7974 17566 4663140 1 952
7977 17568 4663150 1 953
7979 17571 4663160 1 953
7982 17575 4663170 1 955
7984 17580 4663180 1 955
7986 17586 4663190 1 955
7987 17592 4663200 1 956
7987 17597 4663210 1 956
7986 17601 4663220 1 958
7985 17604 4663230 1 958
7984 17605 4663240 1 958
7982 17604 4663250 1 959
7980 17601 4663260 1 960
7978 17597 4663270 1 961
7976 17591 4663280 1 961
7975 17584 4663290 1 961
7975 17578 4663300 1 963
7976 17572 4663310 1 963
7977 17567 4663320 1 963
7980 17563 4663330 1 964
7984 17562 4663340 1 964
7988 17562 4663350 1 965
7992 17563 4663360 1 966
7995 17566 4663370 1 966
7998 17570 4663380 1 966
8001 17575 4663390 1 968
8002 17580 4663400 1 968
8003 17584 4663410 1 968
8003 17588 4663420 1 969
8003 17591 4663430 1 969
8003 17593 4663440 1 970
8003 17594 4663450 1 971
8004 17595 4663460 1 971
8005 17596 4663470 1 971
8007 17596 4663480 1 973
8009 17597 4663490 1 973
8012 17598 4663500 1 973
8014 17600 4663510 1 974
8016 17602 4663520 1 974
8018 17605 4663530 1 975
8018 17608 4663540 1 976
8018 17611 4663550 1 976
8016 17613 4663560 1 976
8014 17615 4663570 1 978
8010 17616 4663580 1 978
8006 17615 4663590 1 978
8002 17613 4663600 1 978
7998 17610 4663610 1 979
7994 17606 4663620 1 980
7992 17601 4663630 1 980
7990 17596 4663640 1 979
7989 17590 4663650 1 979
7990 17584 4663660 1 978
7991 17580 4663670 1 978
7994 17576 4663680 1 977
7997 17573 4663690 1 977
8000 17571 4663700 1 976
8004 17571 4663710 1 977
8007 17573 4663720 1 977
8010 17575 4663730 1 976
8012 17578 4663740 1 976
8014 17581 4663750 1 975
8016 17584 4663760 1 975
8017 17586 4663770 1 974
8018 17588 4663780 1 974
8019 17589 4663790 1 974
8019 17588 4663800 1 973
8020 17587 4663810 1 974
8020 17586 4663820 1 973
8020 17584 4663830 1 973
