7663 18594 3672197 1 673
7664 18594 3672207 1 673
7664 18594 3672217 1 675
7664 18594 3672227 1 676
7664 18594 3672237 1 676
7666 18595 3672247 1 677
7669 18598 3672257 1 677
7673 18601 3672267 1 678
7676 18603 3672277 1 678
7678 18602 3672287 1 680
7679 18601 3672297 1 680
7680 18598 3672307 1 681
7681 18596 3672317 1 681
7682 18594 3672327 1 682
7683 18593 3672337 1 682
7683 18592 3672347 1 683
7683 18592 3672357 1 684
7683 18592 3672367 1 685
7682 18593 3672377 1 686
7681 18596 3672387 1 686
7680 18598 3672397 1 687
7679 18602 3672407 1 687
7679 18606 3672417 1 688
7681 18615 3672427 1 689
7681 18619 3672437 1 691
7681 18621 3672447 1 691
7680 18622 3672457 1 692
7677 18621 3672467 1 693
7671 18618 3672477 1 693
7664 18615 3672487 1 694
7654 18612 3672497 1 694
7643 18610 3672507 1 695
7631 18609 3672517 1 697
7621 18609 3672527 1 697
7612 18610 3672537 1 697
7607 18611 3672547 1 698
7606 18612 3672557 1 699
7611 18613 3672567 1 699
7621 18613 3672577 1 700
7636 18612 3672587 1 700
7655 18609 3672597 1 701
7679 18602 3672607 1 702
7704 18592 3672617 1 703
7730 18578 3672627 1 704
7756 18562 3672637 1 704
7781 18543 3672647 1 705
7819 18507 3672657 1 706
7831 18491 3672667 1 706
7838 18477 3672677 1 707
7841 18465 3672687 1 708
7839 18457 3672697 1 708
7832 18451 3672707 1 710
7822 18449 3672717 1 711
7810 18449 3672727 1 712
7795 18452 3672737 1 713
7781 18456 3672747 1 714
7767 18461 3672757 1 715
7754 18467 3672767 1 717
7744 18473 3672777 1 719
7735 18479 3672787 1 721
7729 18486 3672797 1 722
7723 18492 3672807 1 724
7720 18499 3672817 1 725
7717 18506 3672827 1 726
7715 18514 3672837 1 728
7714 18522 3672847 1 728
7714 18531 3672857 1 729
7714 18539 3672867 1 730
7715 18547 3672877 1 731
7718 18558 3672887 1 731
7720 18561 3672897 1 731
7721 18562 3672907 1 731
7723 18562 3672917 1 731
7724 18559 3672927 1 730
7725 18555 3672937 1 729
7725 18551 3672947 1 727
7725 18545 3672957 1 724
7726 18540 3672967 1 723
7726 18535 3672977 1 722
7727 18532 3672987 1 723
7727 18530 3672997 1 726
7728 18530 3673007 1 729
7730 18532 3673017 1 736
7732 18535 3673027 1 744
7735 18540 3673037 1 755
7739 18546 3673047 1 767
7742 18553 3673057 1 780
7746 18560 3673067 1 793
7749 18568 3673077 1 805
7752 18575 3673087 1 817
7753 18581 3673097 1 826
7753 18586 3673107 1 832
7749 18593 3673117 1 835
7746 18595 3673127 1 830
7741 18596 3673137 1 820
7737 18597 3673147 1 803
7733 18596 3673157 1 780
7729 18595 3673167 1 750
7727 18594 3673177 1 711
7726 18592 3673187 1 666
7726 18590 3673197 1 614
7727 18588 3673207 1 558
7730 18586 3673217 1 500
7733 18584 3673227 1 469
7737 18582 3673237 1 438
7740 18580 3673247 1 377
7744 18578 3673257 1 315
7746 18575 3673267 1 255
7747 18572 3673277 1 198
7746 18569 3673287 1 145
7745 18565 3673297 1 96
7742 18560 3673307 1 60
7738 18555 3673317 1 59
7733 18550 3673327 1 58
7729 18545 3673337 1 57
7722 18539 3673347 1 56
7720 18538 3673357 1 55
7720 18537 3673367 1 54
7721 18538 3673377 1 110
7724 18539 3673387 1 179
7728 18540 3673397 1 258
7732 18542 3673407 1 342
7737 18543 3673417 1 429
7742 18544 3673427 1 516
7747 18545 3673437 1 597
7751 18545 3673447 1 670
7755 18544 3673457 1 732
7758 18543 3673467 1 777
7761 18542 3673477 1 805
7764 18539 3673487 1 814
7767 18537 3673497 1 816
7771 18535 3673507 1 816
7776 18532 3673517 1 807
7783 18530 3673527 1 795
7791 18528 3673537 1 783
7799 18527 3673547 1 773
7809 18525 3673557 1 766
7818 18524 3673567 1 764
7835 18521 3673577 1 764
7840 18520 3673587 1 766
7844 18518 3673597 1 773
7844 18517 3673607 1 780
7841 18517 3673617 1 790
7835 18517 3673627 1 803
7827 18518 3673637 1 815
7817 18520 3673647 1 828
7807 18523 3673657 1 837
7796 18526 3673667 1 843
7786 18529 3673677 1 843
7778 18532 3673687 1 838
7771 18534 3673697 1 823
7767 18537 3673707 1 799
7766 18541 3673717 1 765
7766 18544 3673727 1 721
7769 18548 3673737 1 669
7773 18551 3673747 1 610
7777 18555 3673757 1 547
7782 18559 3673767 1 481
7787 18563 3673777 1 413
7792 18567 3673787 1 346
7796 18571 3673797 1 280
7802 18578 3673807 1 160
7803 18581 3673817 1 110
7803 18583 3673827 1 68
7802 18585 3673837 1 20
7800 18586 3673847 1 19
7797 18586 3673857 1 18
7794 18584 3673867 1 18
7790 18582 3673877 1 17
7787 18580 3673887 1 17
7784 18577 3673897 1 15
7782 18574 3673907 1 15
7780 18571 3673917 1 15
7778 18568 3673927 1 15
7778 18565 3673937 1 15
7777 18563 3673947 1 13
7777 18561 3673957 1 13
7777 18559 3673967 1 20
7777 18557 3673977 1 37
7776 18556 3673987 1 62
7774 18554 3673997 1 94
7771 18552 3674007 1 133
7767 18549 3674017 1 177
7762 18546 3674027 1 226
7752 18537 3674037 1 334
7747 18532 3674047 1 390
7742 18528 3674057 1 448
7737 18524 3674067 1 505
7733 18522 3674077 1 561
7731 18520 3674087 1 615
7729 18520 3674097 1 665
7729 18522 3674107 1 712
7731 18526 3674117 1 754
7734 18531 3674127 1 789
7738 18538 3674137 1 805
7744 18546 3674147 1 817
7749 18554 3674157 1 837
7754 18562 3674167 1 848
7759 18570 3674177 1 850
7763 18577 3674187 1 852
7767 18582 3674197 1 853
7770 18586 3674207 1 854
7773 18588 3674217 1 855
7776 18588 3674227 1 855
7779 18586 3674237 1 855
7783 18583 3674247 1 855
7786 18578 3674257 1 856
7794 18569 3674267 1 857
7800 18565 3674277 1 857
7807 18562 3674287 1 858
7815 18560 3674297 1 859
7823 18558 3674307 1 860
7832 18558 3674317 1 861
7840 18558 3674327 1 862
7849 18559 3674337 1 862
7856 18560 3674347 1 863
7863 18562 3674357 1 864
7869 18563 3674367 1 865
7874 18565 3674377 1 867
7878 18566 3674387 1 868
7881 18567 3674397 1 869
7883 18568 3674407 1 870
7883 18568 3674417 1 870
7883 18567 3674427 1 871
7882 18566 3674437 1 872
7879 18565 3674447 1 873
7876 18563 3674457 1 873
7873 18561 3674467 1 875
7869 18559 3674477 1 876
7866 18557 3674487 1 876
7863 18552 3674497 1 878
7863 18548 3674507 1 878
7863 18545 3674517 1 879
7864 18542 3674527 1 880
7866 18539 3674537 1 881
7867 18537 3674547 1 882
7869 18536 3674557 1 883
7871 18535 3674567 1 884
7872 18536 3674577 1 884
7874 18538 3674587 1 885
7875 18541 3674597 1 886
7875 18544 3674607 1 886
7874 18549 3674617 1 887
7873 18555 3674627 1 888
7872 18560 3674637 1 889
7869 18566 3674647 1 890
7867 18571 3674657 1 890
7864 18575 3674667 1 891
7862 18579 3674677 1 892
7859 18582 3674687 1 892
7857 18583 3674697 1 894
7856 18584 3674707 1 895
7856 18584 3674717 1 895
7860 18581 3674727 1 897
7863 18578 3674737 1 897
7867 18575 3674747 1 898
7872 18572 3674757 1 900
7876 18569 3674767 1 900
7880 18565 3674777 1 901
7883 18562 3674787 1 901
7884 18560 3674797 1 902
7883 18557 3674807 1 902
7880 18555 3674817 1 903
7875 18553 3674827 1 905
7868 18551 3674837 1 905
7859 18550 3674847 1 906
7849 18549 3674857 1 906
7840 18549 3674867 1 907
7831 18549 3674877 1 908
7824 18550 3674887 1 909
7819 18552 3674897 1 910
7817 18555 3674907 1 911
7818 18558 3674917 1 911
7822 18561 3674927 1 912
7827 18563 3674937 1 912
7834 18565 3674947 1 914
7850 18565 3674957 1 915
7856 18563 3674967 1 915
7860 18560 3674977 1 916
7861 18556 3674987 1 916
7860 18551 3674997 1 917
7858 18546 3675007 1 918
7853 18541 3675017 1 919
7848 18536 3675027 1 920
7842 18531 3675037 1 920
7838 18528 3675047 1 921
7835 18525 3675057 1 921
7834 18523 3675067 1 923
7835 18522 3675077 1 923
7839 18523 3675087 1 924
7845 18524 3675097 1 925
7854 18525 3675107 1 925
7863 18527 3675117 1 926
7874 18529 3675127 1 927
7884 18531 3675137 1 928
7893 18532 3675147 1 928
7902 18533 3675157 1 929
7908 18534 3675167 1 929
7912 18535 3675177 1 931
7912 18536 3675187 1 932
7908 18538 3675197 1 932
7901 18539 3675207 1 933
7892 18541 3675217 1 933
7882 18544 3675227 1 935
7871 18547 3675237 1 935
7860 18551 3675247 1 936
7850 18554 3675257 1 936
7842 18557 3675267 1 937
7835 18561 3675277 1 937
7832 18564 3675287 1 939
7831 18567 3675297 1 939
7833 18569 3675307 1 939
7838 18571 3675317 1 940
7844 18574 3675327 1 940
7852 18576 3675337 1 942
7861 18579 3675347 1 942
7870 18581 3675357 1 943
7877 18583 3675367 1 943
7884 18585 3675377 1 944
7889 18586 3675387 1 944
7891 18586 3675397 1 946
7892 18585 3675407 1 946
7889 18579 3675417 1 947
7886 18575 3675427 1 947
7883 18570 3675437 1 949
7880 18565 3675447 1 949
7878 18559 3675457 1 949
7877 18554 3675467 1 950
7876 18549 3675477 1 950
7877 18544 3675487 1 952
7878 18540 3675497 1 952
7879 18536 3675507 1 952
7880 18532 3675517 1 953
7882 18530 3675527 1 953
7883 18529 3675537 1 954
7884 18528 3675547 1 955
7885 18529 3675557 1 955
7887 18532 3675567 1 956
7888 18535 3675577 1 956
7890 18539 3675587 1 957
7893 18543 3675597 1 958
7895 18549 3675607 1 958
7899 18554 3675617 1 959
7902 18559 3675627 1 959
7906 18565 3675637 1 959
7914 18575 3675647 1 961
7918 18579 3675657 1 961
7923 18582 3675667 1 962
7928 18584 3675677 1 962
7933 18586 3675687 1 962
7938 18586 3675697 1 964
7943 18586 3675707 1 964
7948 18585 3675717 1 964
7953 18584 3675727 1 965
7956 18582 3675737 1 965
7958 18581 3675747 1 966
7957 18579 3675757 1 967
7954 18577 3675767 1 967
7948 18575 3675777 1 967
7940 18574 3675787 1 968
7929 18572 3675797 1 969
7916 18570 3675807 1 969
7901 18569 3675817 1 970
7886 18567 3675827 1 970
7872 18565 3675837 1 970
7859 18563 3675847 1 972
7849 18562 3675857 1 972
7842 18560 3675867 1 972
7837 18558 3675877 1 973
7840 18557 3675887 1 974
7847 18557 3675897 1 974
7856 18557 3675907 1 975
7867 18558 3675917 1 975
7879 18557 3675927 1 975
7892 18557 3675937 1 974
7904 18556 3675947 1 974
7915 18555 3675957 1 973
7924 18552 3675967 1 974
7932 18550 3675977 1 973
7937 18547 3675987 1 973
7939 18544 3675997 1 972
7939 18540 3676007 1 972
7937 18537 3676017 1 972
7932 18534 3676027 1 971
7925 18532 3676037 1 971
7917 18529 3676047 1 970
7908 18527 3676057 1 970
7899 18526 3676067 1 969
7891 18524 3676077 1 970
7884 18523 3676087 1 970
7879 18522 3676097 1 969
7875 18519 3676107 1 968
7876 18517 3676117 1 968
