7790 18568 7132785 1 713
7790 18568 7132795 1 711
7790 18568 7132805 1 710
7790 18568 7132815 1 710
7790 18568 7132825 1 710
7790 18568 7132835 1 710
7791 18568 7132845 1 710
7791 18569 7132855 1 711
7791 18569 7132865 1 711
7793 18572 7132875 1 711
7795 18574 7132885 1 711
7795 18576 7132895 1 711
7794 18577 7132905 1 712
7791 18576 7132915 1 711
7789 18575 7132925 1 712
7788 18575 7132935 1 712
7785 18574 7132945 1 712
7782 18573 7132955 1 712
7779 18572 7132965 1 712
7778 18571 7132975 1 713
7776 18571 7132985 1 713
7776 18571 7132995 1 713
7775 18571 7133005 1 713
7775 18572 7133015 1 714
7775 18573 7133025 1 714
7774 18574 7133035 1 714
7774 18577 7133045 1 714
7773 18580 7133055 1 714
7772 18581 7133065 1 715
7771 18583 7133075 1 715
7769 18587 7133085 1 715
7766 18590 7133095 1 715
7763 18593 7133105 1 715
7759 18594 7133115 1 716
7755 18593 7133125 1 716
7752 18592 7133135 1 716
7750 18591 7133145 1 716
7746 18588 7133155 1 717
7743 18584 7133165 1 717
7741 18580 7133175 1 717
7741 18577 7133185 1 718
7743 18574 7133195 1 718
7744 18572 7133205 1 718
7747 18571 7133215 1 718
7753 18569 7133225 1 718
7761 18567 7133235 1 719
7771 18566 7133245 1 719
7784 18565 7133255 1 719
7799 18565 7133265 1 719
7806 18565 7133275 1 719
7815 18564 7133285 1 720
7831 18562 7133295 1 720
7848 18558 7133305 1 720
7865 18552 7133315 1 721
7881 18544 7133325 1 721
7895 18534 7133335 1 722
7902 18529 7133345 1 721
7907 18524 7133355 1 721
7917 18514 7133365 1 722
7923 18504 7133375 1 722
7927 18495 7133385 1 723
7929 18487 7133395 1 723
7927 18480 7133405 1 723
7925 18477 7133415 1 723
7922 18475 7133425 1 724
7915 18473 7133435 1 724
7906 18473 7133445 1 725
7896 18474 7133455 1 726
7886 18477 7133465 1 726
7877 18481 7133475 1 727
7872 18484 7133485 1 728
7869 18486 7133495 1 728
7863 18491 7133505 1 729
7859 18495 7133515 1 730
7856 18499 7133525 1 731
7855 18503 7133535 1 732
7855 18505 7133545 1 733
7855 18507 7133555 1 733
7855 18508 7133565 1 734
7856 18509 7133575 1 734
7856 18512 7133585 1 734
7856 18514 7133595 1 735
7856 18517 7133605 1 736
7855 18521 7133615 1 736
7855 18522 7133625 1 737
7854 18524 7133635 1 737
7852 18527 7133645 1 736
7850 18530 7133655 1 736
7849 18533 7133665 1 736
7847 18536 7133675 1 736
7846 18539 7133685 1 736
7846 18540 7133695 1 735
7846 18541 7133705 1 735
7847 18543 7133715 1 733
7849 18545 7133725 1 732
7853 18545 7133735 1 731
7857 18546 7133745 1 730
7861 18547 7133755 1 731
7863 18548 7133765 1 731
7865 18548 7133775 1 732
7869 18549 7133785 1 735
7872 18551 7133795 1 739
7875 18552 7133805 1 745
7876 18554 7133815 1 753
7877 18556 7133825 1 761
7877 18558 7133835 1 766
7876 18559 7133845 1 770
7875 18562 7133855 1 780
7872 18564 7133865 1 788
7868 18567 7133875 1 797
7864 18569 7133885 1 803
7859 18570 7133895 1 808
7857 18571 7133905 1 811
7854 18572 7133915 1 811
7850 18572 7133925 1 811
7847 18573 7133935 1 807
7846 18573 7133945 1 800
7846 18572 7133955 1 788
7848 18571 7133965 1 771
7849 18571 7133975 1 762
7851 18570 7133985 1 749
7856 18568 7133995 1 720
7862 18566 7134005 1 687
7869 18563 7134015 1 648
7876 18560 7134025 1 607
7883 18556 7134035 1 563
7886 18554 7134045 1 546
7889 18552 7134055 1 539
7894 18548 7134065 1 515
7898 18543 7134075 1 469
7900 18538 7134085 1 421
7900 18534 7134095 1 375
7899 18529 7134105 1 330
7898 18527 7134115 1 308
7896 18525 7134125 1 288
7891 18522 7134135 1 249
7886 18519 7134145 1 220
7881 18517 7134155 1 218
7875 18515 7134165 1 215
7870 18514 7134175 1 213
7868 18514 7134185 1 212
7866 18514 7134195 1 210
7863 18515 7134205 1 208
7862 18516 7134215 1 206
7861 18517 7134225 1 203
7862 18518 7134235 1 245
7864 18518 7134245 1 299
7866 18519 7134255 1 327
7867 18518 7134265 1 360
7871 18518 7134275 1 426
7874 18517 7134285 1 494
7878 18515 7134295 1 562
7882 18514 7134305 1 627
7887 18512 7134315 1 685
7889 18512 7134325 1 713
7891 18511 7134335 1 735
7895 18511 7134345 1 771
7900 18511 7134355 1 794
7905 18512 7134365 1 802
7910 18514 7134375 1 803
7915 18516 7134385 1 804
7918 18517 7134395 1 802
7920 18519 7134405 1 797
7925 18522 7134415 1 786
7929 18525 7134425 1 777
7932 18527 7134435 1 768
7935 18530 7134445 1 763
7937 18531 7134455 1 761
7938 18532 7134465 1 761
7939 18532 7134475 1 761
7941 18532 7134485 1 762
7942 18531 7134495 1 763
7943 18529 7134505 1 769
7942 18527 7134515 1 775
7941 18525 7134525 1 784
7940 18524 7134535 1 789
7939 18523 7134545 1 795
7936 18521 7134555 1 805
7931 18520 7134565 1 816
7927 18520 7134575 1 824
7922 18519 7134585 1 830
7916 18520 7134595 1 830
7914 18520 7134605 1 830
7911 18520 7134615 1 826
7906 18520 7134625 1 813
7902 18521 7134635 1 793
7898 18523 7134645 1 763
7895 18525 7134655 1 724
7892 18527 7134665 1 678
7891 18529 7134675 1 654
7891 18530 7134685 1 626
7890 18534 7134695 1 570
7890 18537 7134705 1 511
7891 18540 7134715 1 450
7892 18543 7134725 1 388
7894 18546 7134735 1 328
7895 18547 7134745 1 298
7896 18548 7134755 1 271
7899 18548 7134765 1 218
7901 18548 7134775 1 170
7904 18547 7134785 1 131
7905 18545 7134795 1 86
7907 18542 7134805 1 82
7907 18540 7134815 1 83
7908 18538 7134825 1 80
7908 18533 7134835 1 78
7909 18529 7134845 1 75
7910 18525 7134855 1 73
7910 18522 7134865 1 70
7910 18519 7134875 1 67
7910 18518 7134885 1 66
7910 18517 7134895 1 65
7910 18517 7134905 1 63
7910 18516 7134915 1 61
7909 18517 7134925 1 58
7909 18518 7134935 1 55
7909 18520 7134945 1 60
7908 18520 7134955 1 65
7908 18521 7134965 1 74
7907 18523 7134975 1 96
7907 18525 7134985 1 125
7906 18526 7134995 1 160
7905 18526 7135005 1 201
7904 18525 7135015 1 246
7904 18525 7135025 1 270
7903 18524 7135035 1 296
7902 18522 7135045 1 347
7902 18519 7135055 1 401
7901 18516 7135065 1 456
7901 18513 7135075 1 511
7901 18510 7135085 1 565
7901 18509 7135095 1 592
7901 18508 7135105 1 617
7901 18506 7135115 1 666
7902 18505 7135125 1 713
7904 18506 7135135 1 753
7907 18508 7135145 1 788
7910 18511 7135155 1 804
7912 18513 7135165 1 808
7914 18516 7135175 1 816
7918 18521 7135185 1 837
7923 18526 7135195 1 847
7927 18532 7135205 1 849
7932 18538 7135215 1 851
7937 18543 7135225 1 852
7939 18546 7135235 1 852
7942 18548 7135245 1 852
7947 18551 7135255 1 853
7952 18553 7135265 1 853
7957 18554 7135275 1 853
7961 18554 7135285 1 853
7964 18553 7135295 1 853
7966 18553 7135305 1 854
7967 18552 7135315 1 853
7969 18550 7135325 1 853
7970 18548 7135335 1 853
7970 18546 7135345 1 853
7970 18544 7135355 1 854
7969 18543 7135365 1 855
7969 18542 7135375 1 855
7969 18541 7135385 1 856
7968 18541 7135395 1 856
7967 18541 7135405 1 856
7966 18542 7135415 1 857
7966 18544 7135425 1 858
7966 18546 7135435 1 858
7966 18547 7135445 1 859
7966 18548 7135455 1 859
7966 18551 7135465 1 860
7966 18553 7135475 1 860
7966 18555 7135485 1 861
7967 18556 7135495 1 861
7967 18556 7135505 1 862
7967 18556 7135515 1 862
7967 18555 7135525 1 862
7967 18553 7135535 1 863
7967 18550 7135545 1 863
7967 18547 7135555 1 863
7967 18543 7135565 1 864
7966 18539 7135575 1 864
7965 18537 7135585 1 864
7965 18534 7135595 1 865
7963 18530 7135605 1 865
7962 18525 7135615 1 865
7959 18521 7135625 1 866
7957 18517 7135635 1 866
7954 18514 7135645 1 866
7953 18513 7135655 1 866
7952 18512 7135665 1 867
7949 18511 7135675 1 867
7947 18511 7135685 1 868
7946 18511 7135695 1 868
7945 18513 7135705 1 868
7944 18515 7135715 1 869
7944 18517 7135725 1 869
7945 18519 7135735 1 869
7946 18522 7135745 1 869
7947 18526 7135755 1 869
7949 18530 7135765 1 870
7952 18534 7135775 1 870
7955 18538 7135785 1 870
7956 18539 7135795 1 870
7958 18541 7135805 1 871
7961 18543 7135815 1 871
7963 18545 7135825 1 871
7965 18546 7135835 1 872
7967 18548 7135845 1 872
7969 18549 7135855 1 872
7969 18550 7135865 1 872
7970 18550 7135875 1 873
7971 18552 7135885 1 873
7972 18554 7135895 1 873
7974 18556 7135905 1 873
7975 18559 7135915 1 874
7976 18561 7135925 1 874
7977 18562 7135935 1 874
7978 18563 7135945 1 874
7978 18565 7135955 1 874
7979 18566 7135965 1 875
7979 18566 7135975 1 874
7978 18566 7135985 1 875
7978 18564 7135995 1 875
7977 18563 7136005 1 875
7977 18561 7136015 1 875
7975 18557 7136025 1 876
7974 18553 7136035 1 875
7974 18548 7136045 1 876
7973 18543 7136055 1 876
7973 18538 7136065 1 876
7973 18535 7136075 1 876
7974 18533 7136085 1 877
7974 18528 7136095 1 877
7975 18524 7136105 1 877
7975 18520 7136115 1 877
7976 18516 7136125 1 877
7976 18513 7136135 1 878
7976 18512 7136145 1 878
7976 18511 7136155 1 878
7976 18509 7136165 1 878
7975 18508 7136175 1 878
7974 18508 7136185 1 878
7972 18508 7136195 1 878
7970 18509 7136205 1 878
7970 18509 7136215 1 878
7969 18509 7136225 1 878
7968 18510 7136235 1 878
7967 18511 7136245 1 879
7967 18511 7136255 1 879
7969 18510 7136265 1 879
7971 18509 7136275 1 879
7973 18508 7136285 1 879
7975 18507 7136295 1 879
7980 18504 7136305 1 879
7986 18502 7136315 1 879
7993 18500 7136325 1 880
8001 18498 7136335 1 880
8009 18497 7136345 1 880
8013 18497 7136355 1 880
8017 18497 7136365 1 880
8024 18497 7136375 1 880
8031 18498 7136385 1 880
8035 18500 7136395 1 880
8038 18503 7136405 1 880
8039 18506 7136415 1 880
8038 18508 7136425 1 880
8037 18510 7136435 1 880
8033 18513 7136445 1 880
8026 18517 7136455 1 880
8018 18521 7136465 1 881
8009 18524 7136475 1 880
7999 18527 7136485 1 881
7994 18529 7136495 1 880
7989 18530 7136505 1 880
7979 18533 7136515 1 881
7971 18535 7136525 1 880
7964 18537 7136535 1 881
7959 18539 7136545 1 880
7956 18541 7136555 1 881
7955 18541 7136565 1 881
7955 18542 7136575 1 880
7956 18543 7136585 1 880
7959 18544 7136595 1 880
7962 18545 7136605 1 880
7967 18546 7136615 1 881
7972 18547 7136625 1 880
7974 18547 7136635 1 880
7977 18548 7136645 1 881
7981 18548 7136655 1 880
7986 18549 7136665 1 881
7990 18549 7136675 1 880
7993 18549 7136685 1 881
7996 18549 7136695 1 880
7998 18549 7136705 1 880
7999 18548 7136715 1 880
8001 18548 7136725 1 880
8003 18547 7136735 1 880
8005 18546 7136745 1 880
8007 18545 7136755 1 880
8008 18544 7136765 1 880
8009 18543 7136775 1 880
8009 18543 7136785 1 880
8010 18542 7136795 1 879
8010 18540 7136805 1 880
8010 18539 7136815 1 879
8009 18537 7136825 1 879
8007 18535 7136835 1 879
8007 18534 7136845 1 879
8006 18533 7136855 1 879
8005 18532 7136865 1 879
8004 18531 7136875 1 879
8004 18530 7136885 1 879
8004 18530 7136895 1 879
8005 18531 7136905 1 879
8006 18531 7136915 1 879
8007 18532 7136925 1 879
8009 18533 7136935 1 879
8010 18534 7136945 1 878
8012 18535 7136955 1 878
8014 18537 7136965 1 878
8015 18538 7136975 1 878
8015 18539 7136985 1 878
8015 18539 7136995 1 878
8015 18540 7137005 1 878
8015 18541 7137015 1 877
8015 18541 7137025 1 878
8014 18542 7137035 1 877
8013 18542 7137045 1 877
8012 18543 7137055 1 877
8011 18543 7137065 1 877
8011 18544 7137075 1 876
8010 18545 7137085 1 877
8010 18546 7137095 1 876
8010 18548 7137105 1 876
8010 18549 7137115 1 876
8011 18550 7137125 1 876
8012 18551 7137135 1 875
8013 18552 7137145 1 876
8013 18553 7137155 1 875
8014 18552 7137165 1 875
8014 18552 7137175 1 875
8013 18551 7137185 1 875
8013 18550 7137195 1 874
8012 18548 7137205 1 874
8011 18547 7137215 1 874
8010 18546 7137225 1 874
8009 18546 7137235 1 874
8009 18546 7137245 1 874
8009 18546 7137255 1 873
8009 18547 7137265 1 873
8009 18548 7137275 1 873
8011 18548 7137285 1 873
8012 18548 7137295 1 872
8014 18547 7137305 1 871
8017 18546 7137315 1 871
8020 18543 7137325 1 870
8024 18540 7137335 1 869
8028 18536 7137345 1 868
8031 18532 7137355 1 868
8035 18527 7137365 1 867
8037 18523 7137375 1 866
8039 18520 7137385 1 866
8040 18517 7137395 1 865
8040 18515 7137405 1 865
8039 18514 7137415 1 864
8037 18514 7137425 1 863
8035 18515 7137435 1 862
8032 18515 7137445 1 862
8029 18516 7137455 1 862
8026 18517 7137465 1 861
8023 18518 7137475 1 860
8021 18518 7137485 1 859
8021 18518 7137495 1 859
