8191 18569 8866442 1 756
8149 18522 8866452 1 736
8133 18504 8866462 1 718
8129 18500 8866472 1 701
8127 18499 8866482 1 686
8125 18499 8866492 1 673
8122 18496 8866502 1 663
8121 18496 8866512 1 657
8121 18497 8866522 1 652
8120 18497 8866532 1 644
8119 18498 8866542 1 637
8119 18499 8866552 1 631
8119 18499 8866562 1 628
8120 18500 8866572 1 624
8120 18500 8866582 1 623
8121 18501 8866592 1 622
8123 18501 8866602 1 622
8125 18502 8866612 1 622
8128 18503 8866622 1 623
8130 18504 8866632 1 625
8133 18505 8866642 1 629
8134 18506 8866652 1 631
8136 18506 8866662 1 633
8138 18507 8866672 1 638
8140 18508 8866682 1 643
8142 18508 8866692 1 649
8143 18509 8866702 1 655
8143 18509 8866712 1 663
8143 18509 8866722 1 667
8143 18510 8866732 1 670
8142 18510 8866742 1 678
8141 18510 8866752 1 687
8139 18510 8866762 1 695
8137 18510 8866772 1 704
8134 18509 8866782 1 713
8133 18508 8866792 1 718
8132 18508 8866802 1 722
8130 18507 8866812 1 731
8128 18505 8866822 1 741
8126 18504 8866832 1 750
8125 18502 8866842 1 759
8125 18500 8866852 1 767
8125 18499 8866862 1 771
8125 18498 8866872 1 775
8127 18496 8866882 1 783
8130 18494 8866892 1 791
8134 18492 8866902 1 798
8140 18490 8866912 1 806
8146 18487 8866922 1 811
8150 18486 8866932 1 814
8153 18485 8866942 1 817
8162 18483 8866952 1 822
8170 18481 8866962 1 827
8179 18479 8866972 1 831
8188 18477 8866982 1 833
8196 18475 8866992 1 835
8200 18474 8867002 1 836
8204 18473 8867012 1 836
8210 18471 8867022 1 836
8215 18469 8867032 1 836
8219 18467 8867042 1 833
8222 18465 8867052 1 831
8223 18463 8867062 1 826
8223 18462 8867072 1 824
8223 18461 8867082 1 821
8221 18460 8867092 1 814
8218 18458 8867102 1 806
8215 18457 8867112 1 797
8210 18455 8867122 1 785
8205 18454 8867132 1 773
8202 18454 8867142 1 766
8199 18453 8867152 1 759
8194 18452 8867162 1 744
8188 18452 8867172 1 727
8183 18451 8867182 1 708
8179 18451 8867192 1 688
8175 18451 8867202 1 665
8173 18451 8867212 1 654
8172 18451 8867222 1 642
8169 18451 8867232 1 618
8168 18452 8867242 1 592
8167 18453 8867252 1 564
8167 18454 8867262 1 537
8168 18455 8867272 1 508
8168 18455 8867282 1 494
8169 18455 8867292 1 478
8171 18457 8867302 1 449
8173 18458 8867312 1 418
8176 18460 8867322 1 386
8178 18462 8867332 1 354
8181 18464 8867342 1 322
8182 18465 8867352 1 306
8183 18466 8867362 1 290
8185 18468 8867372 1 257
8186 18470 8867382 1 224
8187 18471 8867392 1 191
8187 18473 8867402 1 159
8186 18474 8867412 1 127
8186 18474 8867422 1 111
8185 18475 8867432 1 95
8184 18476 8867442 1 64
8182 18477 8867452 1 32
8181 18477 8867462 1 2
8179 18478 8867472 0 0
8178 18478 8867482 0 0
8178 18479 8867492 0 0
8177 18479 8867502 0 0
8177 18479 8867512 0 0
8176 18479 8867522 0 0
8175 18478 8867532 0 0
8175 18478 8867542 0 0
8175 18478 8867552 0 0
8175 18477 8867562 0 0
8176 18477 8867572 0 0
8176 18476 8867582 0 0
8177 18476 8867592 0 0
8178 18475 8867602 0 0
8179 18474 8867612 0 0
8180 18473 8867622 0 0
8181 18473 8867632 0 0
8182 18472 8867642 0 0
8183 18471 8867652 0 0
8184 18470 8867662 0 0
8185 18469 8867672 0 0
8186 18468 8867682 0 0
8187 18467 8867692 0 0
8187 18466 8867702 0 0
8187 18466 8867712 0 0
8187 18465 8867722 0 0
8187 18464 8867732 0 0
8187 18464 8867742 0 0
8188 18464 8867752 0 0
8188 18463 8867762 0 0
8188 18463 8867772 0 0
8188 18463 8867782 0 0
8188 18464 8867792 0 0
8189 18464 8867802 0 0
8189 18464 8867812 0 0
8190 18464 8867822 0 0
8190 18464 8867832 0 0
8191 18465 8867842 0 0
8191 18465 8867852 0 0
8192 18465 8867862 0 0
8193 18465 8867872 0 0
8194 18465 8867882 0 0
8194 18465 8867892 0 0
8195 18465 8867902 0 0
8196 18465 8867912 0 0
8197 18465 8867922 0 0
8198 18465 8867932 0 0
8199 18465 8867942 0 0
8199 18465 8867952 0 0
8200 18465 8867962 0 0
8201 18464 8867972 0 0
8202 18464 8867982 0 0
8203 18464 8867992 0 0
8204 18463 8868002 0 0
8205 18463 8868012 0 0
8206 18462 8868022 0 0
8208 18462 8868032 0 0
8209 18461 8868042 0 0
8210 18461 8868052 0 0
8211 18461 8868062 0 0
8212 18460 8868072 0 0
8213 18460 8868082 0 0
8214 18459 8868092 0 0
8215 18459 8868102 0 0
8215 18458 8868112 0 0
8216 18458 8868122 0 0
8216 18458 8868132 0 0
8216 18457 8868142 0 0
8216 18457 8868152 0 0
8215 18457 8868162 0 0
8214 18457 8868172 0 0
8213 18457 8868182 1 24
8212 18457 8868192 1 40
8211 18457 8868202 1 58
8209 18457 8868212 1 92
8207 18458 8868222 1 126
8205 18458 8868232 1 161
8202 18459 8868242 1 197
8200 18460 8868252 1 233
8198 18460 8868262 1 251
8197 18461 8868272 1 269
8194 18462 8868282 1 305
8192 18463 8868292 1 341
8190 18464 8868302 1 377
8187 18465 8868312 1 412
8185 18466 8868322 1 447
8184 18466 8868332 1 464
8184 18467 8868342 1 481
8182 18467 8868352 1 515
8181 18468 8868362 1 548
8180 18469 8868372 1 580
8179 18469 8868382 1 612
8178 18469 8868392 1 642
8178 18469 8868402 1 656
8178 18469 8868412 1 671
8178 18469 8868422 1 698
8178 18469 8868432 1 725
8178 18469 8868442 1 749
8179 18469 8868452 1 772
8179 18469 8868462 1 794
8179 18469 8868472 1 804
8179 18469 8868482 1 813
8180 18469 8868492 1 830
8181 18469 8868502 1 846
8182 18469 8868512 1 859
8183 18469 8868522 1 871
8184 18469 8868532 1 881
8184 18468 8868542 1 885
8185 18468 8868552 1 889
8186 18468 8868562 1 896
8188 18468 8868572 1 901
8190 18467 8868582 1 905
8191 18467 8868592 1 907
8193 18466 8868602 1 908
8194 18466 8868612 1 909
8195 18466 8868622 1 909
8198 18465 8868632 1 909
8200 18464 8868642 1 906
8201 18464 8868652 1 904
8203 18463 8868662 1 902
8204 18462 8868672 1 899
8205 18462 8868682 1 896
8205 18462 8868692 1 894
8206 18462 8868702 1 890
8206 18461 8868712 1 886
8206 18461 8868722 1 881
8206 18461 8868732 1 877
8205 18461 8868742 1 872
8205 18460 8868752 1 870
8205 18460 8868762 1 867
8204 18460 8868772 1 863
8204 18460 8868782 1 859
8203 18459 8868792 1 857
8201 18459 8868802 1 854
8200 18459 8868812 1 851
8200 18459 8868822 1 850
8199 18459 8868832 1 849
8198 18459 8868842 1 848
8196 18459 8868852 1 847
8195 18460 8868862 1 847
8193 18460 8868872 1 847
8192 18461 8868882 1 847
8191 18461 8868892 1 847
8191 18462 8868902 1 848
8190 18462 8868912 1 849
8189 18463 8868922 1 851
8189 18464 8868932 1 852
8189 18464 8868942 1 854
8189 18465 8868952 1 856
8189 18466 8868962 1 857
8189 18466 8868972 1 859
8190 18467 8868982 1 861
8191 18467 8868992 1 863
8192 18468 8869002 1 866
8193 18468 8869012 1 868
8194 18469 8869022 1 872
8194 18469 8869032 1 873
8194 18469 8869042 1 874
8195 18469 8869052 1 876
8196 18469 8869062 1 880
8197 18469 8869072 1 882
8198 18469 8869082 1 884
8199 18468 8869092 1 886
8199 18468 8869102 1 887
8200 18468 8869112 1 889
8201 18467 8869122 1 890
8202 18467 8869132 1 892
8202 18467 8869142 1 893
8203 18466 8869152 1 895
8204 18466 8869162 1 896
8204 18465 8869172 1 897
8205 18465 8869182 1 897
8205 18464 8869192 1 898
8206 18464 8869202 1 900
8206 18463 8869212 1 901
8207 18463 8869222 1 902
8207 18463 8869232 1 902
8207 18462 8869242 1 904
8207 18462 8869252 1 904
8207 18462 8869262 1 905
8207 18461 8869272 1 906
8207 18461 8869282 1 906
8207 18461 8869292 1 908
8207 18461 8869302 1 909
8207 18461 8869312 1 910
8208 18461 8869322 1 910
8208 18461 8869332 1 912
8208 18462 8869342 1 913
8208 18462 8869352 1 914
8208 18462 8869362 1 915
8208 18462 8869372 1 917
8208 18462 8869382 1 917
8208 18463 8869392 1 918
8208 18464 8869402 1 919
8207 18465 8869412 1 921
8207 18466 8869422 1 922
8207 18467 8869432 1 923
8207 18468 8869442 1 924
8207 18469 8869452 1 925
8207 18470 8869462 1 926
8208 18471 8869472 1 927
8208 18473 8869482 1 928
8209 18474 8869492 1 930
8210 18475 8869502 1 932
8212 18476 8869512 1 933
8212 18477 8869522 1 934
8213 18477 8869532 1 935
8215 18478 8869542 1 937
8217 18479 8869552 1 938
8219 18480 8869562 1 940
8221 18480 8869572 1 942
8223 18481 8869582 1 943
8224 18482 8869592 1 944
8225 18482 8869602 1 945
8227 18482 8869612 1 947
8229 18483 8869622 1 948
8230 18483 8869632 1 951
8232 18484 8869642 1 953
8234 18484 8869652 1 954
8235 18484 8869662 1 956
8235 18485 8869672 1 957
8237 18485 8869682 1 958
8238 18486 8869692 1 961
8239 18486 8869702 1 963
8240 18486 8869712 1 965
8241 18485 8869722 1 967
8242 18486 8869732 1 968
8242 18486 8869742 1 969
8242 18485 8869752 1 972
8242 18484 8869762 1 973
8242 18483 8869772 1 975
8242 18481 8869782 1 978
8241 18480 8869792 1 979
8241 18479 8869802 1 980
8240 18478 8869812 1 982
8239 18476 8869822 1 984
8237 18474 8869832 1 985
8236 18472 8869842 1 988
8234 18470 8869852 1 989
8232 18468 8869862 1 990
8231 18466 8869872 1 992
8229 18465 8869882 1 993
8227 18463 8869892 1 994
8224 18461 8869902 1 996
8222 18459 8869912 1 997
8219 18458 8869922 1 998
8217 18456 8869932 1 1000
8215 18455 8869942 1 1001
8214 18454 8869952 1 1001
8212 18452 8869962 1 1003
8210 18451 8869972 1 1004
8209 18450 8869982 1 1004
8208 18449 8869992 1 1006
8207 18448 8870002 1 1006
8207 18447 8870012 1 1006
8206 18447 8870022 1 1006
8206 18446 8870032 1 1007
8206 18446 8870042 1 1007
8205 18446 8870052 1 1007
8203 18446 8870062 1 1007
8198 18446 8870072 1 1007
8195 18447 8870082 1 1007
8190 18447 8870092 1 1007
8181 18448 8870102 1 1009
8170 18448 8870112 1 1010
8158 18449 8870122 1 1012
8146 18449 8870132 1 1017
8132 18449 8870142 1 1023
8124 18449 8870152 1 1024
8118 18448 8870162 1 1024
8106 18446 8870172 1 1024
8097 18443 8870182 1 1024
8091 18440 8870192 1 1024
8086 18437 8870202 1 1024
8084 18433 8870212 1 1024
8083 18432 8870222 1 1024
8084 18430 8870232 1 1024
8085 18427 8870242 1 1024
8088 18424 8870252 1 1024
8092 18422 8870262 1 1024
8097 18422 8870272 1 1024
8103 18422 8870282 1 1014
8107 18422 8870292 1 1003
8111 18422 8870302 1 989
8119 18424 8870312 1 958
8127 18426 8870322 1 924
8136 18429 8870332 1 887
8145 18432 8870342 1 849
8154 18437 8870352 1 811
8159 18439 8870362 1 791
8163 18441 8870372 1 772
8173 18446 8870382 1 735
8182 18451 8870392 1 701
8191 18456 8870402 1 668
8199 18462 8870412 1 641
8206 18467 8870422 1 617
8210 18470 8870432 1 607
8213 18472 8870442 1 601
8218 18477 8870452 1 590
8222 18482 8870462 1 588
8225 18487 8870472 1 595
8226 18491 8870482 1 611
8226 18496 8870492 1 638
8226 18497 8870502 1 654
8225 18499 8870512 1 676
8222 18502 8870522 1 727
8218 18504 8870532 1 792
8213 18506 8870542 1 871
8207 18507 8870552 1 966
8200 18507 8870562 1 1024
8193 18506 8870572 1 1024
8185 18505 8870582 1 1024
8177 18503 8870592 1 1024
8169 18500 8870602 1 1024
8162 18497 8870612 1 1024
8154 18493 8870622 1 1024
8148 18489 8870632 1 1024
8142 18485 8870642 1 1024
8138 18481 8870652 1 1024
8134 18476 8870662 1 1024
8132 18472 8870672 1 1024
8132 18469 8870682 1 1024
8133 18465 8870692 1 1024
8135 18462 8870702 1 1024
8139 18459 8870712 1 1024
8144 18457 8870722 1 1024
8150 18456 8870732 1 1024
8157 18455 8870742 1 1024
8165 18455 8870752 1 1024
8174 18456 8870762 1 668
8183 18458 8870772 1 168
8192 18461 8870782 0 0
8202 18464 8870792 0 0
8211 18467 8870802 0 0
8220 18472 8870812 0 0
8229 18476 8870822 0 0
8238 18481 8870832 0 0
8245 18486 8870842 0 0
8252 18492 8870852 0 0
8257 18497 8870862 0 0
8262 18502 8870872 0 0
8265 18507 8870882 0 0
8267 18511 8870892 0 0
8267 18515 8870902 0 0
8265 18518 8870912 1 2
8261 18521 8870922 1 8
8256 18523 8870932 1 22
8248 18525 8870942 1 46
8237 18526 8870952 1 82
8224 18526 8870962 1 134
8208 18526 8870972 1 203
8194 18525 8870982 1 292
8175 18524 8870992 1 404
8153 18522 8871002 1 542
8126 18518 8871012 1 707
