7832 18281 6661827 1 501
7832 18281 6661837 1 547
7832 18281 6661847 1 588
7832 18281 6661857 1 621
7832 18281 6661867 1 649
7832 18281 6661877 1 673
7831 18282 6661887 1 684
7830 18284 6661897 1 691
7828 18285 6661907 1 699
7825 18285 6661917 1 704
7822 18285 6661927 1 713
7818 18284 6661937 1 717
7815 18284 6661947 1 717
7813 18285 6661957 1 716
7811 18285 6661967 1 713
7809 18285 6661977 1 705
7808 18286 6661987 1 693
7806 18285 6661997 1 688
7804 18285 6662007 1 679
7802 18283 6662017 1 662
7800 18281 6662027 1 652
7799 18279 6662037 1 642
7799 18277 6662047 1 620
7798 18275 6662057 1 596
7799 18272 6662067 1 569
7799 18269 6662077 1 541
7800 18265 6662087 1 526
7800 18261 6662097 1 523
7801 18257 6662107 1 511
7801 18253 6662117 1 480
7801 18249 6662127 1 449
7801 18246 6662137 1 417
7801 18243 6662147 1 385
7800 18240 6662157 1 351
7798 18238 6662167 1 332
7797 18236 6662177 1 319
7794 18234 6662187 1 302
7792 18232 6662197 1 286
7789 18231 6662207 1 255
7786 18231 6662217 1 225
7784 18231 6662227 1 195
7781 18232 6662237 1 180
7779 18234 6662247 1 167
7777 18236 6662257 1 141
7775 18239 6662267 1 117
7773 18242 6662277 1 101
7772 18244 6662287 1 95
7770 18247 6662297 1 94
7768 18250 6662307 1 94
7767 18253 6662317 1 94
7765 18257 6662327 1 93
7764 18260 6662337 1 92
7762 18263 6662347 1 92
7761 18266 6662357 1 91
7760 18267 6662367 1 90
7760 18267 6662377 1 90
7760 18267 6662387 1 90
7761 18266 6662397 1 89
7762 18264 6662407 1 88
7762 18262 6662417 1 88
7763 18259 6662427 1 87
7764 18255 6662437 1 86
7765 18250 6662447 1 87
7766 18245 6662457 1 86
7767 18239 6662467 1 81
7769 18233 6662477 1 86
7771 18226 6662487 1 108
7773 18220 6662497 1 134
7776 18215 6662507 1 162
7778 18209 6662517 1 178
7780 18205 6662527 1 194
7782 18201 6662537 1 226
7784 18198 6662547 1 262
7786 18195 6662557 1 280
7789 18194 6662567 1 298
7792 18192 6662577 1 336
7794 18191 6662587 1 356
7796 18191 6662597 1 374
7799 18192 6662607 1 412
7801 18194 6662617 1 452
7804 18197 6662627 1 490
7807 18200 6662637 1 528
7809 18204 6662647 1 547
7812 18209 6662657 1 552
7814 18213 6662667 1 565
7817 18218 6662677 1 601
7819 18223 6662687 1 635
7820 18227 6662697 1 666
7822 18231 6662707 1 696
7824 18236 6662717 1 723
7826 18241 6662727 1 737
7828 18245 6662737 1 747
7830 18249 6662747 1 759
7832 18252 6662757 1 768
7834 18255 6662767 1 787
7836 18257 6662777 1 803
7837 18259 6662787 1 816
7838 18261 6662797 1 822
7840 18262 6662807 1 826
7841 18264 6662817 1 835
7842 18265 6662827 1 840
7843 18266 6662837 1 843
7844 18266 6662847 1 845
7845 18267 6662857 1 847
7845 18267 6662867 1 847
7846 18267 6662877 1 847
7847 18266 6662887 1 845
7847 18266 6662897 1 843
7847 18265 6662907 1 839
7848 18264 6662917 1 833
7848 18263 6662927 1 830
7848 18262 6662937 1 829
7848 18261 6662947 1 826
7847 18259 6662957 1 819
7847 18257 6662967 1 810
7847 18255 6662977 1 800
7846 18253 6662987 1 790
7846 18250 6662997 1 779
7845 18248 6663007 1 773
7844 18245 6663017 1 768
7844 18243 6663027 1 761
7843 18240 6663037 1 756
7843 18238 6663047 1 744
7843 18236 6663057 1 733
7842 18234 6663067 1 721
7843 18232 6663077 1 715
7843 18230 6663087 1 710
7843 18227 6663097 1 688
7843 18226 6663107 1 683
7844 18225 6663117 1 677
7844 18223 6663127 1 668
7843 18223 6663137 1 663
7843 18222 6663147 1 659
7843 18222 6663157 1 652
7843 18222 6663167 1 644
7843 18222 6663177 1 638
7843 18223 6663187 1 633
7843 18224 6663197 1 631
7844 18225 6663207 1 631
7844 18226 6663217 1 629
7845 18227 6663227 1 627
7846 18228 6663237 1 626
7847 18229 6663247 1 626
7848 18230 6663257 1 630
7849 18231 6663267 1 633
7850 18231 6663277 1 636
7852 18232 6663287 1 640
7853 18232 6663297 1 643
7855 18233 6663307 1 647
7856 18233 6663317 1 658
7858 18233 6663327 1 670
7861 18234 6663337 1 685
7863 18234 6663347 1 693
7866 18235 6663357 1 702
7869 18236 6663367 1 722
7871 18236 6663377 1 744
7873 18237 6663387 1 756
7876 18237 6663397 1 769
7878 18237 6663407 1 797
7879 18237 6663417 1 812
7881 18237 6663427 1 828
7882 18237 6663437 1 859
7883 18237 6663447 1 894
7884 18237 6663457 1 928
7884 18237 6663467 1 963
7885 18237 6663477 1 984
7885 18237 6663487 1 990
7885 18237 6663497 1 997
7885 18237 6663507 1 1011
7885 18237 6663517 1 1011
7886 18237 6663527 1 1012
7886 18236 6663537 1 1011
7886 18236 6663547 1 1011
7886 18236 6663557 1 1012
7886 18235 6663567 1 1012
7886 18235 6663577 1 1012
7886 18235 6663587 1 1012
7887 18235 6663597 1 1011
7887 18235 6663607 1 1012
7887 18235 6663617 1 1012
7888 18236 6663627 1 1012
7888 18236 6663637 1 1013
7888 18237 6663647 1 1013
7889 18238 6663657 1 1013
7889 18239 6663667 1 1012
7889 18240 6663677 1 1013
7889 18241 6663687 1 1013
7889 18242 6663697 1 1013
7889 18244 6663707 1 1013
7889 18245 6663717 1 1014
7889 18246 6663727 1 1013
7890 18248 6663737 1 958
7890 18249 6663747 1 883
7890 18250 6663757 1 843
7891 18251 6663767 1 832
7891 18252 6663777 1 796
7891 18252 6663787 1 699
7891 18253 6663797 1 594
7891 18253 6663807 1 486
7891 18254 6663817 1 377
7891 18254 6663827 1 273
7891 18254 6663837 1 214
7890 18253 6663847 1 177
7890 18253 6663857 1 133
7889 18253 6663867 1 92
7889 18252 6663877 1 24
7889 18251 6663887 1 22
7889 18250 6663897 1 21
7889 18249 6663907 1 20
7889 18248 6663917 1 21
7889 18247 6663927 1 21
7888 18247 6663937 1 20
7888 18246 6663947 1 22
7888 18245 6663957 1 20
7888 18245 6663967 1 20
7887 18245 6663977 1 25
7887 18245 6663987 1 51
7887 18245 6663997 1 106
7887 18245 6664007 1 168
7887 18246 6664017 1 235
7887 18246 6664027 1 305
7886 18246 6664037 1 341
7886 18246 6664047 1 351
7886 18247 6664057 1 378
7886 18247 6664067 1 451
7886 18247 6664077 1 524
7886 18247 6664087 1 594
7886 18247 6664097 1 661
7886 18247 6664107 1 723
7886 18247 6664117 1 757
7886 18246 6664127 1 778
7886 18246 6664137 1 803
7886 18245 6664147 1 823
7885 18244 6664157 1 861
7885 18243 6664167 1 889
7885 18242 6664177 1 909
7885 18241 6664187 1 919
7885 18240 6664197 1 923
7885 18239 6664207 1 929
7885 18238 6664217 1 931
7885 18238 6664227 1 931
7885 18237 6664237 1 928
7886 18237 6664247 1 921
7886 18236 6664257 1 916
7887 18236 6664267 1 911
7887 18236 6664277 1 899
7887 18236 6664287 1 886
7888 18236 6664297 1 873
7888 18237 6664307 1 860
7889 18237 6664317 1 854
7889 18238 6664327 1 852
7890 18239 6664337 1 849
7890 18239 6664347 1 840
7891 18240 6664357 1 834
7892 18241 6664367 1 829
7892 18242 6664377 1 830
7893 18242 6664387 1 831
7894 18242 6664397 1 833
7894 18242 6664407 1 834
7895 18242 6664417 1 836
7896 18242 6664427 1 841
7897 18242 6664437 1 845
7897 18241 6664447 1 850
7898 18241 6664457 1 852
7898 18240 6664467 1 853
7898 18239 6664477 1 856
7898 18239 6664487 1 858
7897 18238 6664497 1 860
7897 18237 6664507 1 861
7897 18236 6664517 1 863
7896 18236 6664527 1 863
7896 18235 6664537 1 864
7895 18234 6664547 1 865
7894 18234 6664557 1 865
7894 18233 6664567 1 866
7894 18233 6664577 1 866
7894 18233 6664587 1 866
7894 18233 6664597 1 866
7894 18233 6664607 1 866
7895 18233 6664617 1 866
7895 18233 6664627 1 865
7896 18233 6664637 1 866
7896 18233 6664647 1 866
7897 18233 6664657 1 866
7898 18233 6664667 1 866
7899 18234 6664677 1 866
7899 18234 6664687 1 866
7900 18233 6664697 1 866
7901 18233 6664707 1 867
7901 18233 6664717 1 867
7902 18232 6664727 1 868
7902 18232 6664737 1 869
7903 18231 6664747 1 869
7904 18230 6664757 1 870
7905 18229 6664767 1 871
7906 18227 6664777 1 872
7906 18226 6664787 1 872
7907 18225 6664797 1 873
7908 18223 6664807 1 874
7909 18221 6664817 1 875
7909 18220 6664827 1 876
7909 18219 6664837 1 877
7910 18217 6664847 1 878
7910 18216 6664857 1 880
7910 18216 6664867 1 880
7910 18215 6664877 1 880
7910 18215 6664887 1 881
7910 18215 6664897 1 881
7910 18215 6664907 1 882
7910 18216 6664917 1 883
7910 18217 6664927 1 884
7911 18219 6664937 1 885
7911 18221 6664947 1 885
7911 18222 6664957 1 886
7912 18224 6664967 1 887
7912 18226 6664977 1 887
7912 18228 6664987 1 888
7913 18229 6664997 1 888
7913 18231 6665007 1 889
7912 18232 6665017 1 890
7912 18233 6665027 1 890
7912 18234 6665037 1 891
7911 18235 6665047 1 892
7911 18236 6665057 1 893
7910 18237 6665067 1 893
7909 18238 6665077 1 894
7908 18238 6665087 1 894
7908 18239 6665097 1 894
7907 18240 6665107 1 895
7906 18241 6665117 1 896
7906 18241 6665127 1 897
7905 18242 6665137 1 898
7904 18242 6665147 1 899
7904 18242 6665157 1 899
7903 18242 6665167 1 899
7902 18242 6665177 1 900
7902 18242 6665187 1 901
7901 18241 6665197 1 901
7901 18241 6665207 1 902
7901 18240 6665217 1 904
7901 18240 6665227 1 904
7901 18239 6665237 1 904
7902 18238 6665247 1 905
7903 18237 6665257 1 905
7904 18236 6665267 1 906
7905 18235 6665277 1 907
7907 18234 6665287 1 907
7909 18233 6665297 1 908
7911 18232 6665307 1 909
7913 18232 6665317 1 910
7915 18231 6665327 1 910
7917 18231 6665337 1 911
7919 18230 6665347 1 911
7921 18230 6665357 1 912
7923 18230 6665367 1 913
7925 18231 6665377 1 913
7927 18231 6665387 1 914
7929 18232 6665397 1 915
7931 18233 6665407 1 915
7932 18233 6665417 1 916
7934 18234 6665427 1 916
7935 18234 6665437 1 917
7936 18234 6665447 1 918
7936 18234 6665457 1 918
7937 18234 6665467 1 919
7937 18234 6665477 1 920
7938 18234 6665487 1 920
7938 18233 6665497 1 921
7938 18233 6665507 1 922
7939 18232 6665517 1 923
7939 18232 6665527 1 923
7939 18232 6665537 1 923
7940 18231 6665547 1 924
7940 18230 6665557 1 925
7940 18230 6665567 1 925
7940 18229 6665577 1 926
7940 18229 6665587 1 927
7941 18228 6665597 1 928
7941 18227 6665607 1 928
7941 18227 6665617 1 929
7942 18226 6665627 1 929
7942 18226 6665637 1 930
7942 18225 6665647 1 931
7941 18225 6665657 1 932
7941 18225 6665667 1 932
7940 18225 6665677 1 933
7940 18225 6665687 1 934
7939 18225 6665697 1 935
7939 18225 6665707 1 934
7938 18224 6665717 1 935
7938 18224 6665727 1 936
7937 18224 6665737 1 936
7937 18223 6665747 1 937
7937 18223 6665757 1 939
7937 18222 6665767 1 939
7938 18221 6665777 1 939
7939 18220 6665787 1 940
7940 18218 6665797 1 940
7941 18217 6665807 1 940
7942 18215 6665817 1 941
7944 18213 6665827 1 942
7945 18212 6665837 1 943
7947 18210 6665847 1 944
7949 18209 6665857 1 944
7951 18207 6665867 1 944
7953 18207 6665877 1 945
7955 18206 6665887 1 946
7957 18206 6665897 1 946
7959 18206 6665907 1 947
7960 18206 6665917 1 947
7962 18207 6665927 1 947
7964 18208 6665937 1 948
7965 18210 6665947 1 950
7966 18212 6665957 1 950
7967 18215 6665967 1 951
7968 18218 6665977 1 951
7968 18221 6665987 1 951
7968 18224 6665997 1 951
7968 18228 6666007 1 953
7968 18231 6666017 1 953
7968 18235 6666027 1 954
7968 18238 6666037 1 954
7968 18242 6666047 1 955
7967 18245 6666057 1 955
7967 18247 6666067 1 956
7967 18250 6666077 1 957
7967 18252 6666087 1 957
7967 18254 6666097 1 957
7967 18255 6666107 1 958
7967 18256 6666117 1 960
7967 18257 6666127 1 960
7968 18257 6666137 1 960
7969 18257 6666147 1 961
7970 18257 6666157 1 961
7971 18256 6666167 1 961
7972 18256 6666177 1 963
7973 18255 6666187 1 963
7973 18254 6666197 1 964
7974 18253 6666207 1 964
7975 18253 6666217 1 965
7976 18252 6666227 1 965
7977 18252 6666237 1 967
7978 18251 6666247 1 967
7979 18250 6666257 1 967
7980 18250 6666267 1 968
7982 18249 6666277 1 968
7983 18249 6666287 1 968
7984 18248 6666297 1 970
7985 18248 6666307 1 970
7987 18247 6666317 1 971
7988 18246 6666327 1 971
7989 18246 6666337 1 971
7991 18246 6666347 1 973
7992 18245 6666357 1 973
7992 18245 6666367 1 974
7993 18245 6666377 1 974
7993 18245 6666387 1 975
7992 18245 6666397 1 976
7992 18244 6666407 1 976
7991 18244 6666417 1 977
7990 18244 6666427 1 977
7989 18244 6666437 1 977
7989 18244 6666447 1 979
7988 18244 6666457 1 979
7988 18244 6666467 1 980
7988 18244 6666477 1 980
7988 18244 6666487 1 980
7988 18244 6666497 1 982
7987 18244 6666507 1 982
7987 18244 6666517 1 982
7987 18244 6666527 1 983
7987 18244 6666537 1 983
7986 18244 6666547 1 985
7986 18244 6666557 1 985
7986 18244 6666567 1 985
7986 18244 6666577 1 986
7986 18245 6666587 1 986
7986 18245 6666597 1 988
7986 18245 6666607 1 988
7987 18245 6666617 1 988
7987 18245 6666627 1 989
7988 18246 6666637 1 989
7988 18246 6666647 1 991
7989 18246 6666657 1 991
7989 18247 6666667 1 991
7990 18247 6666677 1 990
7990 18247 6666687 1 990
7990 18248 6666697 1 989
7990 18248 6666707 1 989
7990 18248 6666717 1 989
7990 18248 6666727 1 988
7989 18248 6666737 1 988
7988 18247 6666747 1 988
7988 18247 6666757 1 987
7987 18247 6666767 1 988
7986 18247 6666777 1 988
7985 18247 6666787 1 987
7984 18246 6666797 1 987
7983 18246 6666807 1 986
7982 18246 6666817 1 986
7982 18246 6666827 1 986
7981 18246 6666837 1 985
7981 18245 6666847 1 985
7980 18245 6666857 1 985
7979 18245 6666867 1 984
7979 18245 6666877 1 984
7978 18244 6666887 1 983
7977 18244 6666897 1 983
