7717 18428 2344696 1 539
7717 18428 2344706 1 571
7717 18428 2344716 1 601
7717 18428 2344726 1 629
7718 18428 2344736 1 654
7718 18428 2344746 1 675
7719 18428 2344756 1 692
7719 18428 2344766 1 701
7720 18428 2344776 1 707
7720 18429 2344786 1 714
7720 18430 2344796 1 718
7719 18430 2344806 1 723
7717 18430 2344816 1 726
7714 18430 2344826 1 732
7712 18430 2344836 1 734
7710 18429 2344846 1 734
7707 18429 2344856 1 734
7704 18429 2344866 1 733
7702 18429 2344876 1 731
7701 18430 2344886 1 726
7699 18430 2344896 1 719
7699 18430 2344906 1 716
7698 18429 2344916 1 715
7696 18429 2344926 1 709
7694 18428 2344936 1 698
7693 18427 2344946 1 692
7691 18425 2344956 1 685
7691 18424 2344966 1 671
7690 18423 2344976 1 663
7691 18422 2344986 1 655
7691 18420 2344996 1 637
7692 18418 2345006 1 619
7693 18415 2345016 1 609
7694 18412 2345026 1 606
7695 18409 2345036 1 598
7695 18407 2345046 1 590
7695 18406 2345056 1 578
7696 18403 2345066 1 557
7697 18400 2345076 1 535
7698 18397 2345086 1 513
7700 18395 2345096 1 491
7701 18392 2345106 1 478
7702 18391 2345116 1 474
7703 18390 2345126 1 469
7705 18388 2345136 1 457
7706 18386 2345146 1 445
7707 18385 2345156 1 424
7706 18384 2345166 1 403
7705 18385 2345176 1 382
7705 18385 2345186 1 374
7704 18385 2345196 1 372
7701 18387 2345206 1 362
7698 18389 2345216 1 344
7694 18391 2345226 1 327
7690 18394 2345236 1 315
7685 18396 2345246 1 310
7682 18398 2345256 1 309
7680 18399 2345266 1 308
7674 18402 2345276 1 308
7669 18405 2345286 1 306
7663 18408 2345296 1 305
7658 18411 2345306 1 304
7653 18414 2345316 1 302
7651 18415 2345326 1 302
7649 18416 2345336 1 301
7645 18417 2345346 1 299
7642 18418 2345356 1 298
7639 18417 2345366 1 297
7637 18416 2345376 1 296
7636 18415 2345386 1 295
7635 18414 2345396 1 294
7635 18413 2345406 1 293
7634 18410 2345416 1 292
7634 18406 2345426 1 290
7634 18402 2345436 1 290
7634 18397 2345446 1 288
7635 18392 2345456 1 284
7636 18389 2345466 1 281
7637 18387 2345476 1 286
7639 18381 2345486 1 301
7642 18376 2345496 1 319
7645 18370 2345506 1 337
7648 18366 2345516 1 348
7651 18362 2345526 1 359
7652 18360 2345536 1 367
7654 18358 2345546 1 381
7658 18355 2345556 1 405
7662 18353 2345566 1 418
7667 18351 2345576 1 430
7673 18350 2345586 1 456
7679 18349 2345596 1 470
7682 18348 2345606 1 473
7685 18349 2345616 1 482
7691 18349 2345626 1 510
7697 18351 2345636 1 538
7702 18354 2345646 1 565
7706 18357 2345656 1 592
7710 18360 2345666 1 606
7712 18362 2345676 1 608
7714 18364 2345686 1 609
7717 18369 2345696 1 618
7719 18373 2345706 1 644
7721 18377 2345716 1 669
7723 18381 2345726 1 692
7724 18386 2345736 1 714
7725 18388 2345746 1 726
7725 18390 2345756 1 734
7726 18394 2345766 1 744
7727 18398 2345776 1 751
7727 18402 2345786 1 760
7728 18405 2345796 1 767
7728 18408 2345806 1 781
7728 18409 2345816 1 788
7728 18410 2345826 1 793
7728 18412 2345836 1 803
7727 18414 2345846 1 807
7725 18416 2345856 1 810
7724 18417 2345866 1 817
7722 18418 2345876 1 821
7721 18418 2345886 1 823
7719 18419 2345896 1 824
7717 18419 2345906 1 825
7715 18419 2345916 1 826
7713 18419 2345926 1 827
7711 18419 2345936 1 827
7709 18418 2345946 1 826
7708 18418 2345956 1 825
7707 18418 2345966 1 824
7705 18417 2345976 1 821
7704 18416 2345986 1 817
7702 18415 2345996 1 814
7701 18414 2346006 1 814
7699 18412 2346016 1 812
7699 18412 2346026 1 810
7698 18411 2346036 1 806
7697 18409 2346046 1 799
7696 18407 2346056 1 792
7695 18405 2346066 1 784
7695 18403 2346076 1 775
7694 18401 2346086 1 771
7695 18400 2346096 1 769
7695 18399 2346106 1 767
7696 18397 2346116 1 762
7697 18395 2346126 1 757
7699 18393 2346136 1 748
7701 18392 2346146 1 739
7703 18390 2346156 1 730
7704 18390 2346166 1 726
7705 18389 2346176 1 725
7707 18388 2346186 1 721
7708 18387 2346196 1 712
7710 18386 2346206 1 704
7711 18385 2346216 1 699
7712 18384 2346226 1 695
7713 18383 2346236 1 691
7713 18383 2346246 1 687
7713 18383 2346256 1 683
7713 18382 2346266 1 680
7713 18382 2346276 1 674
7713 18382 2346286 1 667
7712 18382 2346296 1 662
7712 18383 2346306 1 660
7712 18383 2346316 1 658
7712 18384 2346326 1 657
7712 18385 2346336 1 656
7712 18385 2346346 1 655
7712 18386 2346356 1 653
7712 18387 2346366 1 652
7712 18387 2346376 1 651
7712 18388 2346386 1 651
7712 18389 2346396 1 654
7713 18389 2346406 1 657
7713 18390 2346416 1 659
7714 18390 2346426 1 662
7715 18390 2346436 1 664
7716 18390 2346446 1 665
7716 18390 2346456 1 668
7718 18391 2346466 1 676
7719 18390 2346476 1 686
7720 18390 2346486 1 698
7722 18390 2346496 1 705
7724 18390 2346506 1 713
7725 18390 2346516 1 718
7726 18390 2346526 1 729
7728 18390 2346536 1 747
7729 18390 2346546 1 757
7730 18390 2346556 1 768
7732 18390 2346566 1 791
7733 18390 2346576 1 804
7734 18390 2346586 1 808
7735 18390 2346596 1 817
7737 18390 2346606 1 845
7738 18390 2346616 1 874
7740 18390 2346626 1 903
7742 18390 2346636 1 933
7744 18390 2346646 1 951
7745 18389 2346656 1 956
7746 18389 2346666 1 957
7749 18389 2346676 1 963
7751 18389 2346686 1 975
7754 18389 2346696 1 976
7757 18389 2346706 1 977
7760 18389 2346716 1 977
7761 18389 2346726 1 977
7762 18389 2346736 1 977
7764 18390 2346746 1 978
7766 18390 2346756 1 979
7767 18390 2346766 1 979
7768 18391 2346776 1 979
7768 18391 2346786 1 979
7768 18392 2346796 1 980
7768 18392 2346806 1 981
7768 18393 2346816 1 981
7768 18394 2346826 1 981
7767 18395 2346836 1 982
7766 18396 2346846 1 982
7766 18398 2346856 1 983
7765 18399 2346866 1 983
7765 18399 2346876 1 983
7764 18401 2346886 1 984
7763 18402 2346896 1 984
7762 18403 2346906 1 985
7761 18405 2346916 1 985
7761 18406 2346926 1 986
7761 18406 2346936 1 995
7760 18407 2346946 1 986
7760 18407 2346956 1 937
7760 18408 2346966 1 870
7759 18408 2346976 1 835
7759 18409 2346986 1 825
7759 18409 2346996 1 793
7759 18409 2347006 1 759
7759 18409 2347016 1 705
7760 18409 2347026 1 610
7760 18409 2347036 1 512
7760 18409 2347046 1 413
7761 18409 2347056 1 318
7761 18408 2347066 1 264
7762 18408 2347076 1 246
7762 18408 2347086 1 229
7762 18407 2347096 1 188
7763 18407 2347106 1 150
7763 18406 2347116 1 85
7764 18405 2347126 1 83
7764 18404 2347136 1 81
7764 18404 2347146 1 79
7764 18404 2347156 1 79
7764 18403 2347166 1 79
7764 18403 2347176 1 77
7764 18402 2347186 1 75
7765 18402 2347196 1 75
7765 18402 2347206 1 73
7765 18402 2347216 1 71
7765 18402 2347226 1 71
7765 18402 2347236 1 75
7765 18402 2347246 1 97
7765 18403 2347256 1 148
7765 18403 2347266 1 205
7765 18403 2347276 1 267
7765 18404 2347286 1 304
7765 18404 2347296 1 332
7764 18404 2347306 1 365
7763 18404 2347316 1 373
7762 18404 2347326 1 399
7761 18404 2347336 1 467
7760 18403 2347346 1 536
7760 18403 2347356 1 570
7760 18403 2347366 1 602
7760 18403 2347376 1 665
7760 18402 2347386 1 725
7760 18402 2347396 1 757
7760 18401 2347406 1 777
7760 18400 2347416 1 802
7760 18400 2347426 1 809
7760 18399 2347436 1 821
7761 18398 2347446 1 857
7762 18397 2347456 1 885
7764 18396 2347466 1 905
7766 18395 2347476 1 914
7767 18394 2347486 1 919
7768 18394 2347496 1 922
7769 18393 2347506 1 925
7771 18392 2347516 1 927
7772 18391 2347526 1 927
7773 18391 2347536 1 924
7775 18390 2347546 1 918
7776 18390 2347556 1 913
7776 18390 2347566 1 912
7777 18390 2347576 1 908
7778 18390 2347586 1 897
7778 18390 2347596 1 884
7779 18390 2347606 1 872
7780 18390 2347616 1 859
7781 18391 2347626 1 853
7781 18391 2347636 1 852
7782 18392 2347646 1 852
7783 18392 2347656 1 848
7784 18393 2347666 1 839
7785 18394 2347676 1 833
7786 18394 2347686 1 830
7786 18395 2347696 1 828
7786 18395 2347706 1 829
7785 18396 2347716 1 829
7784 18396 2347726 1 831
7783 18397 2347736 1 832
7782 18397 2347746 1 833
7780 18397 2347756 1 835
7778 18398 2347766 1 840
7777 18398 2347776 1 842
7776 18398 2347786 1 844
7774 18397 2347796 1 849
7772 18397 2347806 1 850
7769 18397 2347816 1 851
7767 18396 2347826 1 854
7765 18396 2347836 1 856
7764 18395 2347846 1 858
7763 18395 2347856 1 858
7761 18394 2347866 1 858
7759 18393 2347876 1 860
7758 18393 2347886 1 860
7756 18392 2347896 1 861
7755 18391 2347906 1 861
7755 18391 2347916 1 861
7754 18391 2347926 1 861
7753 18390 2347936 1 862
7753 18390 2347946 1 862
7753 18390 2347956 1 862
7753 18390 2347966 1 862
7753 18390 2347976 1 862
7753 18390 2347986 1 862
7754 18390 2347996 1 862
7755 18390 2348006 1 861
7756 18390 2348016 1 861
7758 18390 2348026 1 860
7760 18390 2348036 1 860
7762 18391 2348046 1 860
7763 18391 2348056 1 860
7764 18391 2348066 1 860
7766 18391 2348076 1 860
7768 18391 2348086 1 860
7769 18391 2348096 1 861
7770 18390 2348106 1 861
7770 18390 2348116 1 861
7770 18390 2348126 1 862
7770 18389 2348136 1 862
7770 18389 2348146 1 862
7770 18388 2348156 1 863
7769 18386 2348166 1 863
7769 18385 2348176 1 864
7768 18383 2348186 1 864
7768 18383 2348196 1 864
7769 18382 2348206 1 865
7769 18380 2348216 1 865
7770 18378 2348226 1 866
7771 18376 2348236 1 867
7773 18375 2348246 1 868
7775 18373 2348256 1 869
7776 18373 2348266 1 869
7777 18372 2348276 1 870
7778 18371 2348286 1 869
7780 18371 2348296 1 870
7781 18371 2348306 1 870
7781 18371 2348316 1 870
7781 18371 2348326 1 871
7781 18372 2348336 1 871
7781 18372 2348346 1 872
7780 18374 2348356 1 872
7780 18375 2348366 1 873
7780 18377 2348376 1 873
7780 18379 2348386 1 873
7780 18381 2348396 1 874
7780 18382 2348406 1 874
7780 18383 2348416 1 874
7779 18385 2348426 1 875
7779 18387 2348436 1 874
7780 18389 2348446 1 875
7780 18390 2348456 1 876
7780 18392 2348466 1 876
7781 18392 2348476 1 876
7781 18393 2348486 1 877
7782 18394 2348496 1 877
7784 18395 2348506 1 877
7785 18395 2348516 1 877
7787 18396 2348526 1 878
7789 18396 2348536 1 878
7790 18396 2348546 1 878
7790 18397 2348556 1 878
7792 18397 2348566 1 879
7793 18397 2348576 1 879
7795 18397 2348586 1 880
7795 18397 2348596 1 880
7796 18397 2348606 1 881
7796 18397 2348616 1 881
7796 18397 2348626 1 881
7795 18397 2348636 1 881
7794 18397 2348646 1 881
7793 18397 2348656 1 882
7791 18396 2348666 1 882
7789 18396 2348676 1 883
7787 18396 2348686 1 883
7786 18395 2348696 1 883
7784 18394 2348706 1 883
7781 18393 2348716 1 883
7778 18392 2348726 1 884
7776 18391 2348736 1 884
7773 18389 2348746 1 885
7772 18389 2348756 1 885
7771 18388 2348766 1 885
7770 18387 2348776 1 885
7768 18386 2348786 1 885
7766 18386 2348796 1 886
7765 18385 2348806 1 887
7765 18384 2348816 1 886
7765 18384 2348826 1 887
7765 18384 2348836 1 887
7765 18384 2348846 1 887
7765 18383 2348856 1 888
7765 18384 2348866 1 888
7766 18384 2348876 1 887
7767 18384 2348886 1 888
7767 18385 2348896 1 889
7768 18385 2348906 1 889
7769 18386 2348916 1 889
7770 18386 2348926 1 890
7772 18387 2348936 1 889
7774 18387 2348946 1 890
7776 18388 2348956 1 890
7778 18388 2348966 1 890
7779 18388 2348976 1 890
7781 18388 2348986 1 891
7784 18388 2348996 1 891
7787 18388 2349006 1 891
7790 18388 2349016 1 892
7793 18388 2349026 1 892
7794 18388 2349036 1 892
7796 18388 2349046 1 892
7799 18388 2349056 1 892
7802 18387 2349066 1 892
7805 18387 2349076 1 893
7808 18387 2349086 1 894
7810 18386 2349096 1 893
7812 18386 2349106 1 893
7813 18386 2349116 1 893
7816 18386 2349126 1 894
7818 18385 2349136 1 895
7820 18385 2349146 1 895
7822 18384 2349156 1 895
7824 18384 2349166 1 895
7825 18384 2349176 1 895
7826 18384 2349186 1 895
7827 18384 2349196 1 895
7829 18384 2349206 1 895
7829 18384 2349216 1 896
7830 18383 2349226 1 896
7829 18383 2349236 1 897
7829 18383 2349246 1 897
7828 18383 2349256 1 897
7827 18383 2349266 1 897
7825 18383 2349276 1 897
7823 18383 2349286 1 897
7821 18383 2349296 1 898
7819 18382 2349306 1 897
7818 18382 2349316 1 897
7817 18382 2349326 1 898
7816 18382 2349336 1 899
7815 18381 2349346 1 899
7814 18380 2349356 1 899
7815 18380 2349366 1 899
7815 18379 2349376 1 899
7816 18378 2349386 1 899
7817 18378 2349396 1 899
7819 18377 2349406 1 899
7821 18375 2349416 1 899
7824 18374 2349426 1 900
7828 18373 2349436 1 900
7831 18372 2349446 1 900
7832 18371 2349456 1 900
7833 18371 2349466 1 900
7835 18370 2349476 1 901
7836 18370 2349486 1 901
7837 18370 2349496 1 901
7837 18370 2349506 1 901
7837 18371 2349516 1 901
7837 18371 2349526 1 901
7836 18371 2349536 1 901
7835 18373 2349546 1 902
7833 18374 2349556 1 902
7831 18376 2349566 1 902
7828 18378 2349576 1 903
7825 18381 2349586 1 902
7822 18384 2349596 1 902
7819 18387 2349606 1 902
7816 18389 2349616 1 903
7813 18392 2349626 1 903
7810 18395 2349636 1 903
7807 18398 2349646 1 903
7805 18400 2349656 1 904
7803 18402 2349666 1 904
7802 18404 2349676 1 903
7802 18406 2349686 1 904
7803 18408 2349696 1 904
7804 18409 2349706 1 904
7805 18410 2349716 1 904
7807 18410 2349726 1 905
7810 18411 2349736 1 905
7813 18411 2349746 1 905
7816 18411 2349756 1 905
7819 18410 2349766 1 905
7823 18410 2349776 1 905
7826 18409 2349786 1 905
7829 18409 2349796 1 905
7832 18408 2349806 1 906
7835 18407 2349816 1 906
7837 18406 2349826 1 906
7839 18406 2349836 1 906
7840 18405 2349846 1 907
7842 18404 2349856 1 906
7843 18403 2349866 1 906
7844 18403 2349876 1 907
7845 18402 2349886 1 907
7847 18402 2349896 1 907
7848 18401 2349906 1 907
7850 18401 2349916 1 907
7852 18400 2349926 1 908
7854 18400 2349936 1 907
7856 18400 2349946 1 907
7858 18400 2349956 1 908
7858 18400 2349966 1 908
7858 18400 2349976 1 908
7858 18400 2349986 1 908
7858 18400 2349996 1 909
7857 18400 2350006 1 908
7856 18400 2350016 1 908
7856 18400 2350026 1 909
7855 18400 2350036 1 909
7854 18400 2350046 1 908
7853 18400 2350056 1 909
7852 18400 2350066 1 909
7851 18400 2350076 1 909
7851 18401 2350086 1 909
7850 18401 2350096 1 909
7850 18401 2350106 1 909
7850 18401 2350116 1 909
7850 18401 2350126 1 909
7849 18401 2350136 1 910
7849 18401 2350146 1 909
7848 18401 2350156 1 910
7848 18401 2350166 1 910
7847 18401 2350176 1 910
7846 18401 2350186 1 910
7846 18401 2350196 1 910
7846 18401 2350206 1 911
7846 18401 2350216 1 910
7846 18401 2350226 1 910
7847 18401 2350236 1 911
7847 18401 2350246 1 910
7848 18401 2350256 1 911
7849 18401 2350266 1 911
7849 18401 2350276 1 911
7850 18402 2350286 1 910
7851 18402 2350296 1 909
7852 18402 2350306 1 908
7853 18402 2350316 1 908
7854 18402 2350326 1 908
7854 18402 2350336 1 907
7855 18402 2350346 1 907
7856 18402 2350356 1 907
7856 18402 2350366 1 906
7857 18402 2350376 1 906
7857 18401 2350386 1 905
7858 18401 2350396 1 904
7858 18401 2350406 1 904
7859 18401 2350416 1 903
7859 18400 2350426 1 903
7860 18400 2350436 1 903
7860 18400 2350446 1 902
7860 18400 2350456 1 902
7860 18400 2350466 1 902
7860 18400 2350476 1 901
7858 18400 2350486 1 900
7857 18401 2350496 1 899
7855 18401 2350506 1 899
7853 18401 2350516 1 899
