7753 18744 2566378 1 348
7753 18744 2566388 1 407
7753 18744 2566398 1 464
7753 18744 2566408 1 517
7753 18744 2566418 1 563
7753 18744 2566428 1 601
7753 18744 2566438 1 633
7752 18744 2566448 1 660
7751 18745 2566458 1 673
7750 18746 2566468 1 681
7748 18747 2566478 1 690
7745 18747 2566488 1 696
7741 18746 2566498 1 706
7737 18746 2566508 1 710
7733 18745 2566518 1 710
7730 18745 2566528 1 710
7727 18746 2566538 1 707
7725 18746 2566548 1 697
7723 18746 2566558 1 684
7720 18745 2566568 1 678
7717 18744 2566578 1 668
7714 18743 2566588 1 649
7711 18741 2566598 1 638
7709 18740 2566608 1 626
7707 18738 2566618 1 602
7706 18737 2566628 1 574
7705 18735 2566638 1 544
7705 18732 2566648 1 513
7704 18729 2566658 1 496
7704 18725 2566668 1 492
7704 18722 2566678 1 479
7705 18718 2566688 1 444
7706 18715 2566698 1 409
7707 18712 2566708 1 373
7708 18709 2566718 1 337
7709 18706 2566728 1 300
7710 18704 2566738 1 279
7712 18702 2566748 1 264
7713 18700 2566758 1 245
7714 18699 2566768 1 228
7714 18698 2566778 1 193
7714 18698 2566788 1 159
7714 18699 2566798 1 126
7714 18701 2566808 1 110
7713 18703 2566818 1 95
7713 18705 2566828 1 66
7711 18708 2566838 1 40
7710 18711 2566848 1 23
7709 18714 2566858 1 16
7707 18717 2566868 1 15
7705 18720 2566878 1 15
7703 18724 2566888 1 15
7700 18727 2566898 1 15
7698 18731 2566908 1 14
7695 18734 2566918 1 14
7692 18736 2566928 1 14
7689 18737 2566938 1 13
7686 18738 2566948 1 13
7683 18737 2566958 1 13
7681 18736 2566968 1 13
7678 18734 2566978 1 12
7676 18731 2566988 1 12
7673 18728 2566998 1 12
7672 18723 2567008 1 11
7670 18719 2567018 1 13
7669 18714 2567028 1 11
7668 18708 2567038 1 6
7669 18703 2567048 1 12
7670 18697 2567058 1 37
7671 18691 2567068 1 66
7674 18686 2567078 1 97
7677 18681 2567088 1 115
7680 18677 2567098 1 134
7684 18672 2567108 1 169
7689 18669 2567118 1 209
7694 18666 2567128 1 229
7699 18664 2567138 1 250
7705 18662 2567148 1 292
7711 18661 2567158 1 313
7716 18660 2567168 1 334
7721 18660 2567178 1 376
7727 18661 2567188 1 420
7731 18663 2567198 1 463
7736 18666 2567208 1 504
7740 18669 2567218 1 525
7744 18672 2567228 1 530
7747 18675 2567238 1 545
7750 18679 2567248 1 585
7752 18683 2567258 1 622
7754 18687 2567268 1 657
7755 18692 2567278 1 690
7756 18697 2567288 1 719
7757 18702 2567298 1 735
7757 18707 2567308 1 745
7758 18712 2567318 1 759
7758 18716 2567328 1 768
7757 18720 2567338 1 789
7757 18724 2567348 1 806
7755 18727 2567358 1 821
7754 18729 2567368 1 827
7753 18731 2567378 1 832
7752 18733 2567388 1 841
7751 18735 2567398 1 847
7751 18736 2567408 1 851
7750 18736 2567418 1 852
7750 18736 2567428 1 854
7749 18736 2567438 1 855
7749 18736 2567448 1 854
7749 18735 2567458 1 853
7749 18734 2567468 1 850
7749 18733 2567478 1 845
7749 18732 2567488 1 839
7748 18730 2567498 1 835
7748 18729 2567508 1 835
7747 18727 2567518 1 832
7747 18726 2567528 1 823
7747 18724 2567538 1 814
7747 18723 2567548 1 803
7747 18721 2567558 1 792
7747 18719 2567568 1 780
7748 18718 2567578 1 773
7749 18716 2567588 1 768
7750 18715 2567598 1 761
7752 18713 2567608 1 755
7753 18712 2567618 1 742
7754 18710 2567628 1 731
7755 18709 2567638 1 718
7756 18708 2567648 1 712
7756 18707 2567658 1 706
7757 18707 2567668 1 693
7757 18706 2567678 1 683
7757 18705 2567688 1 677
7757 18704 2567698 1 671
7757 18703 2567708 1 661
7757 18702 2567718 1 655
7757 18701 2567728 1 652
7757 18700 2567738 1 644
7757 18700 2567748 1 636
7758 18700 2567758 1 629
7758 18699 2567768 1 624
7759 18699 2567778 1 622
7760 18699 2567788 1 621
7761 18699 2567798 1 620
7762 18699 2567808 1 618
7763 18699 2567818 1 617
7764 18699 2567828 1 617
7766 18699 2567838 1 621
7768 18699 2567848 1 624
7770 18699 2567858 1 628
7772 18699 2567868 1 632
7774 18699 2567878 1 635
7776 18699 2567888 1 640
7778 18699 2567898 1 652
7780 18699 2567908 1 664
7782 18700 2567918 1 680
7784 18700 2567928 1 689
7787 18701 2567938 1 699
7790 18702 2567948 1 719
7792 18703 2567958 1 743
7795 18705 2567968 1 756
7797 18706 2567978 1 769
7799 18707 2567988 1 799
7801 18708 2567998 1 815
7803 18709 2568008 1 831
7804 18710 2568018 1 865
7806 18710 2568028 1 901
7807 18711 2568038 1 937
7808 18711 2568048 1 974
7808 18712 2568058 1 996
7808 18712 2568068 1 1003
7808 18712 2568078 1 1010
7808 18712 2568088 1 1024
7808 18712 2568098 1 1024
7807 18712 2568108 1 1024
7806 18711 2568118 1 1024
7806 18711 2568128 1 1024
7805 18710 2568138 1 1024
7805 18710 2568148 1 1024
7805 18709 2568158 1 1024
7805 18709 2568168 1 1024
7805 18709 2568178 1 1023
7806 18709 2568188 1 1024
7806 18710 2568198 1 1024
7806 18710 2568208 1 1024
7807 18711 2568218 1 1024
7807 18712 2568228 1 1024
7807 18713 2568238 1 1024
7808 18714 2568248 1 1023
7808 18716 2568258 1 1024
7808 18717 2568268 1 1024
7808 18718 2568278 1 1024
7808 18720 2568288 1 1023
7808 18720 2568298 1 1024
7807 18721 2568308 1 1023
7807 18722 2568318 1 966
7806 18722 2568328 1 887
7806 18722 2568338 1 846
7805 18722 2568348 1 835
7804 18722 2568358 1 797
7804 18722 2568368 1 697
7803 18723 2568378 1 588
7802 18723 2568388 1 476
7802 18723 2568398 1 364
7802 18722 2568408 1 257
7802 18722 2568418 1 196
7802 18722 2568428 1 157
7803 18721 2568438 1 113
7803 18720 2568448 1 71
7804 18719 2568458 1 1
7805 18718 2568468 0 0
7806 18717 2568478 0 0
7807 18716 2568488 0 0
7808 18715 2568498 0 0
7809 18714 2568508 0 0
7810 18713 2568518 0 0
7811 18713 2568528 0 0
7812 18713 2568538 0 0
7812 18712 2568548 0 0
7813 18713 2568558 0 0
7813 18713 2568568 0 0
7813 18713 2568578 1 8
7814 18714 2568588 1 27
7813 18714 2568598 1 54
7813 18715 2568608 1 90
7813 18715 2568618 1 132
7812 18715 2568628 1 181
7811 18715 2568638 1 234
7811 18715 2568648 1 291
7809 18715 2568658 1 351
7808 18715 2568668 1 413
7807 18714 2568678 1 476
7806 18713 2568688 1 539
7806 18713 2568698 1 600
7805 18712 2568708 1 659
7804 18711 2568718 1 715
7803 18710 2568728 1 767
7803 18708 2568738 1 813
7802 18707 2568748 1 853
7802 18706 2568758 1 886
7802 18705 2568768 1 910
7802 18704 2568778 1 925
7802 18703 2568788 1 931
7803 18702 2568798 1 933
7804 18701 2568808 1 933
7805 18701 2568818 1 929
7805 18700 2568828 1 922
7806 18700 2568838 1 917
7807 18700 2568848 1 911
7808 18700 2568858 1 900
7809 18701 2568868 1 887
7810 18701 2568878 1 874
7812 18702 2568888 1 860
7813 18703 2568898 1 854
7814 18705 2568908 1 853
7815 18706 2568918 1 849
7816 18708 2568928 1 840
7817 18709 2568938 1 834
7817 18710 2568948 1 830
7817 18712 2568958 1 829
7817 18713 2568968 1 830
7817 18715 2568978 1 831
7816 18716 2568988 1 833
7816 18717 2568998 1 834
7815 18717 2569008 1 836
7815 18718 2569018 1 841
7815 18718 2569028 1 845
7815 18718 2569038 1 851
7815 18717 2569048 1 853
7815 18717 2569058 1 854
7816 18716 2569068 1 857
7816 18715 2569078 1 859
7817 18713 2569088 1 861
7818 18712 2569098 1 861
7819 18711 2569108 1 864
7820 18710 2569118 1 865
7820 18709 2569128 1 865
7821 18708 2569138 1 866
7821 18707 2569148 1 866
7821 18706 2569158 1 867
7821 18705 2569168 1 868
7820 18705 2569178 1 868
7820 18705 2569188 1 868
7820 18705 2569198 1 868
7819 18705 2569208 1 868
7819 18705 2569218 1 867
7818 18705 2569228 1 867
7817 18705 2569238 1 867
7817 18705 2569248 1 868
7816 18705 2569258 1 868
7815 18705 2569268 1 868
7814 18705 2569278 1 868
7813 18705 2569288 1 868
7812 18705 2569298 1 869
7812 18705 2569308 1 869
7811 18704 2569318 1 871
7810 18704 2569328 1 871
7809 18703 2569338 1 872
7809 18702 2569348 1 873
7809 18701 2569358 1 873
7809 18699 2569368 1 875
7809 18697 2569378 1 875
7809 18696 2569388 1 876
7809 18694 2569398 1 877
7809 18692 2569408 1 878
7810 18690 2569418 1 880
7810 18688 2569428 1 881
7810 18686 2569438 1 882
7810 18685 2569448 1 883
7811 18684 2569458 1 883
7811 18683 2569468 1 884
7812 18683 2569478 1 885
7813 18683 2569488 1 885
7814 18684 2569498 1 886
7815 18685 2569508 1 887
7817 18687 2569518 1 889
7818 18689 2569528 1 890
7820 18691 2569538 1 890
7822 18693 2569548 1 890
7824 18696 2569558 1 891
7826 18698 2569568 1 892
7828 18700 2569578 1 893
7831 18702 2569588 1 893
7833 18704 2569598 1 894
7835 18705 2569608 1 895
7837 18706 2569618 1 896
7839 18707 2569628 1 897
7841 18707 2569638 1 897
7843 18708 2569648 1 898
7844 18708 2569658 1 898
7845 18709 2569668 1 900
7846 18710 2569678 1 900
7847 18710 2569688 1 900
7848 18711 2569698 1 901
7848 18712 2569708 1 903
7848 18713 2569718 1 904
7849 18713 2569728 1 904
7849 18714 2569738 1 905
7849 18714 2569748 1 906
7849 18714 2569758 1 906
7848 18714 2569768 1 907
7848 18714 2569778 1 908
7848 18713 2569788 1 908
7848 18712 2569798 1 910
7847 18711 2569808 1 911
7847 18709 2569818 1 911
7848 18707 2569828 1 911
7848 18705 2569838 1 913
7848 18703 2569848 1 913
7849 18700 2569858 1 914
7850 18698 2569868 1 916
7850 18696 2569878 1 916
7851 18695 2569888 1 916
7851 18693 2569898 1 917
7851 18692 2569908 1 919
7851 18690 2569918 1 919
7851 18689 2569928 1 920
7851 18689 2569938 1 920
7852 18688 2569948 1 922
7852 18688 2569958 1 922
7853 18689 2569968 1 922
7853 18689 2569978 1 923
7854 18690 2569988 1 925
7854 18691 2569998 1 925
7855 18693 2570008 1 926
7856 18694 2570018 1 926
7857 18695 2570028 1 927
7857 18696 2570038 1 928
7858 18697 2570048 1 928
7858 18698 2570058 1 929
7859 18699 2570068 1 931
7859 18700 2570078 1 931
7860 18701 2570088 1 932
7860 18701 2570098 1 933
7860 18702 2570108 1 934
7861 18702 2570118 1 934
7861 18702 2570128 1 934
7861 18702 2570138 1 936
7862 18702 2570148 1 937
7862 18702 2570158 1 937
7862 18702 2570168 1 938
7862 18702 2570178 1 939
7863 18701 2570188 1 940
7863 18701 2570198 1 940
7863 18700 2570208 1 942
7864 18699 2570218 1 942
7864 18698 2570228 1 942
7864 18697 2570238 1 943
7864 18696 2570248 1 944
7865 18696 2570258 1 945
7865 18695 2570268 1 945
7865 18694 2570278 1 947
7866 18693 2570288 1 948
7866 18692 2570298 1 948
7866 18691 2570308 1 948
7865 18690 2570318 1 949
7865 18690 2570328 1 950
7864 18689 2570338 1 950
7863 18688 2570348 1 952
7863 18688 2570358 1 953
7862 18687 2570368 1 953
7862 18687 2570378 1 954
7861 18686 2570388 1 955
7861 18686 2570398 1 955
7861 18685 2570408 1 955
7861 18685 2570418 1 957
7861 18684 2570428 1 957
7862 18684 2570438 1 959
7862 18684 2570448 1 960
7863 18684 2570458 1 960
7864 18683 2570468 1 960
7865 18684 2570478 1 962
7866 18684 2570488 1 962
7867 18685 2570498 1 962
7868 18685 2570508 1 964
7870 18687 2570518 1 964
7871 18688 2570528 1 964
7874 18690 2570538 1 966
7876 18692 2570548 1 967
7878 18694 2570558 1 967
7880 18697 2570568 1 969
7882 18700 2570578 1 969
7884 18704 2570588 1 969
7885 18707 2570598 1 969
7886 18710 2570608 1 971
7887 18714 2570618 1 971
7888 18717 2570628 1 973
7889 18720 2570638 1 973
7890 18723 2570648 1 974
7890 18725 2570658 1 975
7890 18727 2570668 1 975
7890 18728 2570678 1 976
7890 18730 2570688 1 976
7890 18730 2570698 1 977
7890 18730 2570708 1 978
7890 18730 2570718 1 980
7890 18730 2570728 1 980
7890 18729 2570738 1 980
7890 18728 2570748 1 982
7890 18727 2570758 1 982
7890 18725 2570768 1 982
7890 18724 2570778 1 984
7890 18722 2570788 1 984
7890 18721 2570798 1 985
7891 18719 2570808 1 986
7891 18718 2570818 1 987
7892 18717 2570828 1 987
7892 18716 2570838 1 989
7893 18715 2570848 1 989
7893 18715 2570858 1 989
7894 18714 2570868 1 991
7895 18714 2570878 1 991
7895 18713 2570888 1 991
7896 18713 2570898 1 993
7896 18712 2570908 1 993
7897 18712 2570918 1 995
7897 18712 2570928 1 995
7898 18712 2570938 1 995
7898 18712 2570948 1 997
7899 18712 2570958 1 997
7899 18712 2570968 1 998
7900 18713 2570978 1 999
7900 18714 2570988 1 1000
7901 18714 2570998 1 1000
7901 18715 2571008 1 1001
7901 18716 2571018 1 1002
7901 18716 2571028 1 1002
7901 18717 2571038 1 1003
7901 18718 2571048 1 1004
7901 18718 2571058 1 1004
7902 18719 2571068 1 1006
7903 18720 2571078 1 1006
7903 18721 2571088 1 1007
7904 18721 2571098 1 1008
7905 18722 2571108 1 1008
7906 18722 2571118 1 1009
7906 18722 2571128 1 1010
7906 18723 2571138 1 1010
7906 18723 2571148 1 1012
7906 18723 2571158 1 1012
7906 18723 2571168 1 1013
7906 18724 2571178 1 1014
7906 18724 2571188 1 1014
7905 18724 2571198 1 1016
7905 18724 2571208 1 1016
7905 18724 2571218 1 1016
7905 18724 2571228 1 1018
7905 18724 2571238 1 1018
7904 18723 2571248 1 1020
7904 18723 2571258 1 1020
7904 18722 2571268 1 1020
7904 18721 2571278 1 1019
7904 18720 2571288 1 1020
7904 18719 2571298 1 1019
7905 18718 2571308 1 1019
7906 18717 2571318 1 1019
7907 18715 2571328 1 1018
7908 18714 2571338 1 1018
7909 18712 2571348 1 1019
7911 18710 2571358 1 1017
7912 18709 2571368 1 1018
7913 18708 2571378 1 1018
7915 18707 2571388 1 1017
7916 18706 2571398 1 1017
7916 18705 2571408 1 1016
7917 18705 2571418 1 1016
7917 18705 2571428 1 1017
7917 18705 2571438 1 1016
7918 18706 2571448 1 1016
7918 18706 2571458 1 1016
7918 18707 2571468 1 1015
7918 18708 2571478 1 1015
7919 18709 2571488 1 1014
7919 18710 2571498 1 1014
7920 18711 2571508 1 1015
