8259 17363 6554150 1 518
8259 17363 6554160 1 553
8259 17363 6554170 1 586
8259 17363 6554180 1 617
8259 17363 6554190 1 644
8259 17363 6554200 1 666
8259 17363 6554210 1 686
8259 17363 6554220 1 702
8258 17363 6554230 1 709
8257 17365 6554240 1 714
8255 17365 6554250 1 719
8252 17365 6554260 1 722
8249 17365 6554270 1 729
8247 17364 6554280 1 731
8245 17364 6554290 1 731
8242 17364 6554300 1 731
8239 17364 6554310 1 731
8237 17364 6554320 1 729
8235 17364 6554330 1 723
8233 17364 6554340 1 715
8231 17364 6554350 1 711
8229 17364 6554360 1 705
8227 17363 6554370 1 693
8226 17361 6554380 1 686
8225 17360 6554390 1 679
8224 17359 6554400 1 663
8224 17358 6554410 1 654
8224 17357 6554420 1 646
8225 17354 6554430 1 627
8225 17352 6554440 1 607
8225 17348 6554450 1 596
8226 17344 6554460 1 593
8226 17341 6554470 1 585
8226 17337 6554480 1 563
8226 17333 6554490 1 540
8227 17329 6554500 1 517
8227 17326 6554510 1 494
8227 17323 6554520 1 470
8227 17320 6554530 1 456
8227 17319 6554540 1 451
8227 17317 6554550 1 446
8227 17315 6554560 1 433
8226 17313 6554570 1 421
8225 17311 6554580 1 399
8223 17310 6554590 1 376
8222 17310 6554600 1 354
8220 17311 6554610 1 343
8219 17312 6554620 1 332
8217 17314 6554630 1 313
8215 17316 6554640 1 295
8213 17319 6554650 1 283
8210 17322 6554660 1 277
8209 17323 6554670 1 276
8208 17325 6554680 1 276
8205 17328 6554690 1 275
8203 17331 6554700 1 274
8200 17334 6554710 1 273
8198 17338 6554720 1 272
8195 17341 6554730 1 270
8193 17344 6554740 1 269
8191 17346 6554750 1 268
8189 17348 6554760 1 267
8188 17348 6554770 1 266
8187 17348 6554780 1 265
8186 17348 6554790 1 263
8186 17347 6554800 1 263
8186 17347 6554810 1 262
8187 17345 6554820 1 261
8187 17342 6554830 1 259
8188 17338 6554840 1 259
8190 17334 6554850 1 258
8192 17329 6554860 1 253
8195 17324 6554870 1 256
8197 17319 6554880 1 272
8200 17314 6554890 1 291
8203 17308 6554900 1 311
8207 17303 6554910 1 322
8210 17299 6554920 1 334
8211 17297 6554930 1 342
8213 17295 6554940 1 357
8216 17291 6554950 1 384
8219 17288 6554960 1 397
8223 17286 6554970 1 410
8226 17284 6554980 1 438
8229 17283 6554990 1 453
8232 17282 6555000 1 466
8234 17282 6555010 1 495
8237 17284 6555020 1 525
8239 17286 6555030 1 554
8242 17289 6555040 1 582
8244 17292 6555050 1 597
8245 17294 6555060 1 600
8246 17296 6555070 1 600
8248 17300 6555080 1 610
8249 17304 6555090 1 638
8250 17308 6555100 1 664
8251 17312 6555110 1 688
8252 17316 6555120 1 711
8253 17320 6555130 1 732
8254 17325 6555140 1 743
8255 17329 6555150 1 750
8256 17332 6555160 1 760
8257 17336 6555170 1 767
8259 17339 6555180 1 782
8259 17340 6555190 1 789
8260 17341 6555200 1 794
8261 17344 6555210 1 805
8262 17346 6555220 1 809
8264 17348 6555230 1 813
8265 17350 6555240 1 820
8265 17352 6555250 1 824
8266 17353 6555260 1 827
8266 17354 6555270 1 828
8267 17354 6555280 1 829
8267 17354 6555290 1 830
8267 17354 6555300 1 830
8267 17354 6555310 1 829
8267 17354 6555320 1 828
8267 17353 6555330 1 827
8267 17353 6555340 1 824
8267 17352 6555350 1 819
8266 17351 6555360 1 817
8266 17349 6555370 1 816
8265 17348 6555380 1 814
8264 17346 6555390 1 808
8263 17344 6555400 1 801
8263 17341 6555410 1 793
8262 17339 6555420 1 785
8260 17336 6555430 1 776
8259 17333 6555440 1 771
8259 17332 6555450 1 769
8258 17331 6555460 1 767
8257 17328 6555470 1 762
8256 17326 6555480 1 757
8255 17324 6555490 1 747
8254 17322 6555500 1 738
8253 17320 6555510 1 728
8252 17319 6555520 1 724
8251 17317 6555530 1 719
8250 17316 6555540 1 710
8249 17315 6555550 1 701
8249 17314 6555560 1 697
8248 17313 6555570 1 692
8248 17312 6555580 1 688
8248 17312 6555590 1 684
8247 17311 6555600 1 680
8247 17311 6555610 1 677
8248 17310 6555620 1 670
8249 17310 6555630 1 664
8250 17311 6555640 1 658
8251 17311 6555650 1 655
8253 17312 6555660 1 653
8254 17312 6555670 1 652
8256 17313 6555680 1 651
8257 17314 6555690 1 649
8259 17315 6555700 1 648
8260 17315 6555710 1 647
8261 17316 6555720 1 648
8264 17316 6555730 1 650
8266 17317 6555740 1 653
8269 17318 6555750 1 656
8271 17319 6555760 1 658
8273 17319 6555770 1 661
8275 17320 6555780 1 664
8277 17320 6555790 1 674
8279 17321 6555800 1 684
8281 17322 6555810 1 696
8283 17322 6555820 1 703
8285 17323 6555830 1 711
8286 17323 6555840 1 717
8287 17324 6555850 1 728
8289 17324 6555860 1 747
8291 17325 6555870 1 757
8293 17325 6555880 1 768
8295 17326 6555890 1 792
8296 17326 6555900 1 806
8298 17326 6555910 1 819
8299 17326 6555920 1 847
8300 17326 6555930 1 877
8301 17327 6555940 1 906
8302 17327 6555950 1 937
8303 17327 6555960 1 956
8304 17327 6555970 1 961
8304 17327 6555980 1 962
8305 17327 6555990 1 968
8306 17327 6556000 1 981
8307 17327 6556010 1 981
8308 17327 6556020 1 982
8309 17327 6556030 1 982
8309 17327 6556040 1 982
8310 17327 6556050 1 983
8310 17327 6556060 1 984
8310 17327 6556070 1 984
8309 17327 6556080 1 984
8309 17327 6556090 1 984
8309 17328 6556100 1 985
8309 17328 6556110 1 985
8308 17329 6556120 1 986
8308 17329 6556130 1 986
8307 17330 6556140 1 987
8306 17331 6556150 1 987
8306 17332 6556160 1 987
8305 17334 6556170 1 987
8304 17335 6556180 1 989
8303 17336 6556190 1 989
8303 17337 6556200 1 989
8303 17339 6556210 1 989
8302 17340 6556220 1 990
8302 17340 6556230 1 999
8302 17341 6556240 1 990
8302 17342 6556250 1 940
8302 17343 6556260 1 872
8302 17344 6556270 1 836
8303 17344 6556280 1 826
8303 17345 6556290 1 793
8303 17345 6556300 1 704
8303 17345 6556310 1 608
8303 17345 6556320 1 508
8303 17345 6556330 1 408
8303 17345 6556340 1 312
8303 17345 6556350 1 256
8303 17345 6556360 1 238
8303 17344 6556370 1 221
8304 17344 6556380 1 180
8304 17343 6556390 1 141
8304 17342 6556400 1 76
8304 17340 6556410 1 74
8304 17339 6556420 1 72
8304 17337 6556430 1 70
8303 17336 6556440 1 70
8303 17335 6556450 1 68
8303 17334 6556460 1 67
8303 17333 6556470 1 67
8303 17332 6556480 1 65
8303 17332 6556490 1 63
8303 17332 6556500 1 63
8303 17332 6556510 1 67
8303 17332 6556520 1 90
8303 17332 6556530 1 141
8303 17332 6556540 1 199
8303 17332 6556550 1 262
8303 17332 6556560 1 327
8303 17332 6556570 1 361
8302 17332 6556580 1 370
8301 17332 6556590 1 396
8301 17332 6556600 1 465
8300 17332 6556610 1 534
8299 17331 6556620 1 568
8299 17331 6556630 1 601
8299 17330 6556640 1 665
8298 17330 6556650 1 724
8298 17329 6556660 1 757
8298 17328 6556670 1 777
8297 17327 6556680 1 802
8297 17326 6556690 1 821
8296 17325 6556700 1 858
8296 17324 6556710 1 886
8296 17323 6556720 1 905
8296 17322 6556730 1 915
8296 17321 6556740 1 919
8296 17321 6556750 1 923
8296 17320 6556760 1 925
8297 17320 6556770 1 928
8297 17319 6556780 1 928
8298 17319 6556790 1 925
8299 17319 6556800 1 918
8300 17319 6556810 1 914
8301 17319 6556820 1 908
8302 17319 6556830 1 898
8303 17320 6556840 1 885
8305 17320 6556850 1 872
8306 17321 6556860 1 859
8308 17322 6556870 1 853
8309 17322 6556880 1 852
8309 17322 6556890 1 852
8311 17323 6556900 1 848
8312 17324 6556910 1 839
8313 17325 6556920 1 833
8314 17326 6556930 1 830
8315 17326 6556940 1 828
8316 17327 6556950 1 829
8316 17328 6556960 1 831
8316 17329 6556970 1 832
8316 17329 6556980 1 833
8316 17329 6556990 1 835
8316 17330 6557000 1 840
8316 17330 6557010 1 842
8316 17330 6557020 1 844
8316 17330 6557030 1 849
8316 17330 6557040 1 851
8316 17329 6557050 1 852
8316 17329 6557060 1 855
8316 17328 6557070 1 857
8316 17328 6557080 1 858
8316 17327 6557090 1 858
8315 17327 6557100 1 860
8315 17326 6557110 1 861
8315 17326 6557120 1 861
8315 17326 6557130 1 862
8315 17326 6557140 1 862
8315 17325 6557150 1 862
8315 17325 6557160 1 863
8314 17325 6557170 1 863
8314 17325 6557180 1 863
8314 17325 6557190 1 863
8314 17325 6557200 1 863
8313 17325 6557210 1 862
8313 17325 6557220 1 861
8313 17325 6557230 1 861
8313 17326 6557240 1 861
8313 17326 6557250 1 861
8314 17326 6557260 1 861
8314 17326 6557270 1 861
8314 17326 6557280 1 861
8314 17326 6557290 1 861
8315 17326 6557300 1 861
8315 17326 6557310 1 862
8315 17325 6557320 1 862
8316 17325 6557330 1 863
8317 17325 6557340 1 863
8318 17324 6557350 1 863
8319 17323 6557360 1 864
8320 17322 6557370 1 864
8321 17320 6557380 1 865
8322 17319 6557390 1 865
8322 17318 6557400 1 865
8323 17317 6557410 1 866
8324 17315 6557420 1 867
8325 17314 6557430 1 868
8326 17312 6557440 1 868
8327 17310 6557450 1 869
8327 17309 6557460 1 870
8328 17308 6557470 1 871
8328 17307 6557480 1 871
8329 17307 6557490 1 871
8329 17307 6557500 1 872
8329 17307 6557510 1 872
8329 17307 6557520 1 873
8329 17307 6557530 1 873
8329 17308 6557540 1 873
8329 17309 6557550 1 874
8329 17310 6557560 1 875
8328 17311 6557570 1 875
8328 17313 6557580 1 875
8328 17314 6557590 1 876
8328 17316 6557600 1 876
8329 17318 6557610 1 877
8329 17319 6557620 1 876
8329 17321 6557630 1 877
8330 17323 6557640 1 878
8330 17324 6557650 1 878
8331 17325 6557660 1 879
8331 17326 6557670 1 879
8331 17327 6557680 1 879
8332 17329 6557690 1 880
8332 17330 6557700 1 880
8332 17331 6557710 1 880
8332 17332 6557720 1 880
8332 17333 6557730 1 880
8332 17334 6557740 1 881
8332 17334 6557750 1 882
8331 17335 6557760 1 883
8331 17335 6557770 1 883
8331 17335 6557780 1 883
8330 17336 6557790 1 884
8330 17336 6557800 1 883
8330 17336 6557810 1 883
8329 17336 6557820 1 884
8328 17336 6557830 1 885
8328 17336 6557840 1 885
8327 17336 6557850 1 886
8326 17336 6557860 1 887
8326 17335 6557870 1 886
8325 17334 6557880 1 886
8325 17333 6557890 1 887
8325 17332 6557900 1 887
8325 17330 6557910 1 888
8325 17330 6557920 1 889
8325 17329 6557930 1 889
8325 17328 6557940 1 889
8325 17327 6557950 1 889
8325 17326 6557960 1 889
8325 17325 6557970 1 890
8325 17324 6557980 1 890
8325 17324 6557990 1 891
8325 17323 6558000 1 891
8325 17323 6558010 1 892
8325 17323 6558020 1 891
8325 17323 6558030 1 891
8326 17323 6558040 1 892
8327 17323 6558050 1 893
8327 17323 6558060 1 893
8328 17323 6558070 1 893
8330 17323 6558080 1 894
8332 17323 6558090 1 893
8334 17323 6558100 1 894
8336 17323 6558110 1 894
8338 17322 6558120 1 894
8340 17322 6558130 1 895
8342 17322 6558140 1 896
8344 17321 6558150 1 896
8345 17321 6558160 1 896
8347 17321 6558170 1 897
8348 17320 6558180 1 897
8348 17320 6558190 1 897
8349 17320 6558200 1 897
8350 17319 6558210 1 897
8351 17319 6558220 1 898
8352 17318 6558230 1 898
8353 17318 6558240 1 898
8353 17318 6558250 1 898
8354 17317 6558260 1 899
8355 17317 6558270 1 900
8355 17317 6558280 1 900
8356 17316 6558290 1 900
8356 17316 6558300 1 900
8356 17316 6558310 1 900
8357 17316 6558320 1 900
8357 17315 6558330 1 900
8358 17314 6558340 1 901
8358 17314 6558350 1 902
8359 17313 6558360 1 901
8359 17312 6558370 1 902
8359 17311 6558380 1 903
8360 17311 6558390 1 903
8360 17310 6558400 1 902
8361 17309 6558410 1 903
8362 17309 6558420 1 903
8362 17308 6558430 1 903
8363 17308 6558440 1 903
8363 17308 6558450 1 904
8364 17307 6558460 1 905
8364 17307 6558470 1 905
8365 17306 6558480 1 905
8365 17305 6558490 1 905
8366 17304 6558500 1 905
8367 17303 6558510 1 905
8368 17303 6558520 1 906
8368 17302 6558530 1 906
8369 17301 6558540 1 906
8369 17300 6558550 1 907
8370 17299 6558560 1 907
8370 17299 6558570 1 907
8370 17299 6558580 1 907
8370 17299 6558590 1 908
8370 17299 6558600 1 908
8370 17299 6558610 1 907
8370 17300 6558620 1 908
8370 17301 6558630 1 908
8370 17302 6558640 1 908
8370 17303 6558650 1 909
8370 17305 6558660 1 909
8370 17308 6558670 1 909
8369 17310 6558680 1 910
8369 17313 6558690 1 910
8369 17314 6558700 1 910
8369 17316 6558710 1 909
8369 17319 6558720 1 910
8369 17322 6558730 1 910
8368 17325 6558740 1 910
8368 17329 6558750 1 911
8368 17332 6558760 1 911
8368 17334 6558770 1 912
8367 17337 6558780 1 911
8367 17339 6558790 1 911
8367 17341 6558800 1 912
8367 17342 6558810 1 912
8366 17343 6558820 1 912
8366 17343 6558830 1 912
8366 17343 6558840 1 912
8366 17344 6558850 1 913
8366 17344 6558860 1 913
8367 17343 6558870 1 913
8367 17343 6558880 1 914
8368 17342 6558890 1 913
8369 17341 6558900 1 913
8370 17341 6558910 1 914
8372 17340 6558920 1 914
8373 17339 6558930 1 915
8375 17338 6558940 1 914
8376 17337 6558950 1 915
8377 17337 6558960 1 915
8377 17337 6558970 1 915
8379 17336 6558980 1 916
8380 17336 6558990 1 916
8380 17335 6559000 1 915
8381 17335 6559010 1 916
8381 17335 6559020 1 916
8381 17334 6559030 1 916
8381 17334 6559040 1 917
8381 17334 6559050 1 916
8381 17334 6559060 1 917
8381 17334 6559070 1 917
8381 17334 6559080 1 917
8381 17334 6559090 1 917
8381 17334 6559100 1 918
8381 17334 6559110 1 917
8382 17334 6559120 1 918
8382 17334 6559130 1 918
8382 17333 6559140 1 919
8382 17333 6559150 1 919
8382 17333 6559160 1 918
8383 17333 6559170 1 919
8383 17333 6559180 1 919
8383 17332 6559190 1 919
8383 17332 6559200 1 919
8383 17332 6559210 1 919
8382 17332 6559220 1 920
8382 17332 6559230 1 920
8382 17331 6559240 1 920
8382 17331 6559250 1 920
8381 17331 6559260 1 920
8381 17331 6559270 1 920
8380 17331 6559280 1 920
8380 17331 6559290 1 921
8379 17331 6559300 1 921
8378 17331 6559310 1 921
8378 17331 6559320 1 921
8378 17331 6559330 1 921
8377 17331 6559340 1 922
8377 17331 6559350 1 922
8377 17331 6559360 1 922
8377 17332 6559370 1 922
8377 17332 6559380 1 922
8377 17332 6559390 1 923
8377 17332 6559400 1 922
8377 17331 6559410 1 923
8377 17331 6559420 1 923
8377 17331 6559430 1 923
8376 17331 6559440 1 922
8376 17331 6559450 1 922
8375 17331 6559460 1 921
8375 17331 6559470 1 921
8374 17331 6559480 1 920
8374 17331 6559490 1 919
8374 17331 6559500 1 919
8374 17331 6559510 1 919
8373 17332 6559520 1 918
8374 17332 6559530 1 918
8374 17332 6559540 1 918
8374 17332 6559550 1 917
8375 17333 6559560 1 917
8376 17333 6559570 1 916
8377 17333 6559580 1 916
8378 17333 6559590 1 915
8379 17333 6559600 1 915
8380 17333 6559610 1 914
8381 17333 6559620 1 914
8382 17333 6559630 1 913
8383 17333 6559640 1 913
8383 17333 6559650 1 912
8384 17333 6559660 1 912
8384 17333 6559670 1 912
