7696 17369 4365988 1 941
7696 17369 4365998 1 941
7696 17369 4366008 1 941
7695 17368 4366018 1 941
7694 17368 4366028 1 942
7694 17367 4366038 1 942
7693 17366 4366048 1 942
7691 17365 4366058 1 942
7690 17365 4366068 1 942
7689 17365 4366078 1 942
7687 17365 4366088 1 942
7685 17364 4366098 1 943
7682 17364 4366108 1 943
7678 17362 4366118 1 943
7674 17361 4366128 1 943
7670 17359 4366138 1 943
7665 17358 4366148 1 943
7663 17357 4366158 1 943
7661 17357 4366168 1 944
7658 17357 4366178 1 944
7655 17356 4366188 1 944
7653 17356 4366198 1 944
7652 17356 4366208 1 944
7652 17356 4366218 1 944
7653 17356 4366228 1 944
7655 17356 4366238 1 945
7658 17357 4366248 1 945
7662 17359 4366258 1 945
7665 17361 4366268 1 945
7669 17363 4366278 1 945
7672 17366 4366288 1 945
7675 17369 4366298 1 946
7678 17371 4366308 1 946
7681 17372 4366318 1 946
7682 17373 4366328 1 946
7683 17374 4366338 1 946
7685 17375 4366348 1 946
7686 17375 4366358 1 946
7687 17375 4366368 1 946
7688 17374 4366378 1 947
7688 17373 4366388 1 947
7688 17371 4366398 1 947
7688 17370 4366408 1 947
7689 17368 4366418 1 947
7689 17366 4366428 1 947
7691 17364 4366438 1 947
7692 17362 4366448 1 948
7692 17359 4366458 1 703
7693 17356 4366468 1 210
7692 17353 4366478 1 210
7692 17350 4366488 1 209
7691 17349 4366498 1 201
7691 17348 4366508 1 209
7690 17346 4366518 1 208
7689 17345 4366528 1 208
7689 17344 4366538 1 207
7688 17343 4366548 1 207
7687 17343 4366558 1 207
7687 17342 4366568 1 206
7687 17340 4366578 1 206
7686 17339 4366588 1 205
7686 17338 4366598 1 205
7686 17337 4366608 1 204
7686 17337 4366618 1 204
7685 17337 4366628 1 204
7685 17338 4366638 1 203
7685 17338 4366648 1 203
7685 17340 4366658 1 202
7686 17340 4366668 1 202
7687 17341 4366678 1 202
7688 17343 4366688 1 202
7690 17344 4366698 1 201
7691 17345 4366708 1 201
7692 17347 4366718 1 200
7694 17347 4366728 1 200
7695 17348 4366738 1 199
7696 17349 4366748 1 199
7697 17350 4366758 1 199
7698 17351 4366768 1 198
7698 17352 4366778 1 198
7698 17354 4366788 1 197
7697 17356 4366798 1 197
7696 17358 4366808 1 196
7694 17360 4366818 1 597
7692 17362 4366828 1 733
7692 17363 4366838 1 472
7691 17364 4366848 1 195
7689 17365 4366858 1 195
7687 17367 4366868 1 194
7685 17368 4366878 1 194
7683 17369 4366888 1 193
7681 17370 4366898 1 193
7678 17370 4366908 1 193
7676 17371 4366918 1 192
7674 17371 4366928 1 192
7672 17371 4366938 1 191
7670 17371 4366948 1 191
7669 17370 4366958 1 190
7668 17369 4366968 1 190
7668 17368 4366978 1 190
7667 17367 4366988 1 189
7668 17365 4366998 1 189
7668 17364 4367008 1 189
7668 17363 4367018 1 188
7669 17361 4367028 1 188
7670 17360 4367038 1 188
7672 17358 4367048 1 187
7673 17356 4367058 1 187
7674 17355 4367068 1 186
7676 17354 4367078 1 186
7677 17353 4367088 1 185
7678 17352 4367098 1 181
7679 17352 4367108 1 185
7680 17352 4367118 1 184
7681 17352 4367128 1 184
7681 17352 4367138 1 460
7681 17353 4367148 1 761
7681 17354 4367158 1 958
7681 17355 4367168 1 958
7681 17356 4367178 1 949
7681 17357 4367188 1 958
7681 17359 4367198 1 958
7682 17362 4367208 1 958
7683 17365 4367218 1 959
7685 17369 4367228 1 959
7687 17373 4367238 1 959
7689 17377 4367248 1 959
7691 17381 4367258 1 959
7692 17384 4367268 1 959
7694 17388 4367278 1 959
7694 17392 4367288 1 960
7694 17396 4367298 1 960
7694 17400 4367308 1 960
7692 17404 4367318 1 960
7691 17408 4367328 1 960
7690 17412 4367338 1 960
7689 17413 4367348 1 960
7689 17415 4367358 1 961
7688 17418 4367368 1 961
7687 17421 4367378 1 961
7688 17424 4367388 1 961
7688 17426 4367398 1 961
7689 17428 4367408 1 961
7689 17431 4367418 1 961
7688 17433 4367428 1 962
7688 17435 4367438 1 962
7688 17437 4367448 1 962
7688 17438 4367458 1 962
7688 17440 4367468 1 962
7688 17441 4367478 1 962
7688 17442 4367488 1 963
7688 17443 4367498 1 963
7688 17444 4367508 1 963
7687 17445 4367518 1 963
7687 17446 4367528 1 963
7687 17448 4367538 1 963
7687 17449 4367548 1 963
7686 17450 4367558 1 963
7686 17451 4367568 1 964
7685 17453 4367578 1 964
7683 17454 4367588 1 964
7682 17456 4367598 1 964
7680 17458 4367608 1 964
7679 17461 4367618 1 964
7677 17464 4367628 1 965
7676 17467 4367638 1 965
7675 17470 4367648 1 965
7675 17473 4367658 1 965
7675 17475 4367668 1 965
7675 17478 4367678 1 965
7675 17479 4367688 1 965
7675 17479 4367698 1 965
7674 17481 4367708 1 966
7674 17482 4367718 1 966
7674 17482 4367728 1 966
7674 17482 4367738 1 966
7674 17482 4367748 1 966
7675 17482 4367758 1 966
7676 17481 4367768 1 966
7677 17479 4367778 1 967
7679 17478 4367788 1 968
7680 17475 4367798 1 967
7682 17473 4367808 1 967
7684 17471 4367818 1 967
7686 17468 4367828 1 893
7687 17466 4367838 1 821
7687 17464 4367848 1 754
7688 17462 4367858 1 692
7688 17461 4367868 1 633
7687 17460 4367878 1 579
7686 17458 4367888 1 530
7685 17457 4367898 1 485
7683 17456 4367908 1 444
7681 17456 4367918 1 407
7679 17456 4367928 1 389
7676 17456 4367938 1 373
7674 17456 4367948 1 343
7670 17456 4367958 1 317
7667 17456 4367968 1 275
7664 17455 4367978 1 260
7661 17454 4367988 1 246
7657 17453 4367998 1 236
7654 17451 4368008 1 229
7651 17449 4368018 1 224
7649 17448 4368028 1 223
7648 17447 4368038 1 223
7645 17444 4368048 1 224
7643 17441 4368058 1 227
7642 17438 4368068 1 232
7641 17434 4368078 1 239
7640 17431 4368088 1 249
7640 17428 4368098 1 260
7640 17425 4368108 1 273
7640 17423 4368118 1 288
7640 17421 4368128 1 304
7640 17419 4368138 1 321
7641 17418 4368148 1 341
7641 17417 4368158 1 361
7642 17417 4368168 1 404
7643 17417 4368178 1 427
7644 17418 4368188 1 450
7644 17418 4368198 1 459
7645 17419 4368208 1 462
7646 17420 4368218 1 474
7648 17421 4368228 1 498
7650 17422 4368238 1 522
7651 17423 4368248 1 547
7653 17423 4368258 1 572
7654 17423 4368268 1 596
7655 17423 4368278 1 645
7655 17423 4368288 1 668
7655 17423 4368298 1 691
7655 17422 4368308 1 713
7654 17421 4368318 1 735
7653 17421 4368328 1 755
7652 17421 4368338 1 765
7650 17420 4368348 1 775
7649 17420 4368358 1 792
7648 17420 4368368 1 798
7647 17420 4368378 1 809
7646 17420 4368388 1 837
7646 17420 4368398 1 850
7645 17420 4368408 1 860
7644 17420 4368418 1 867
7644 17420 4368428 1 873
7644 17420 4368438 1 876
7644 17420 4368448 1 878
7645 17420 4368458 1 878
7647 17420 4368468 1 879
7648 17420 4368478 1 880
7651 17421 4368488 1 882
7653 17421 4368498 1 883
7655 17421 4368508 1 884
7658 17421 4368518 1 884
7661 17421 4368528 1 885
7663 17421 4368538 1 886
7664 17421 4368548 1 887
7668 17422 4368558 1 888
7672 17423 4368568 1 889
7676 17423 4368578 1 890
7679 17424 4368588 1 892
7682 17425 4368598 1 893
7685 17426 4368608 1 893
7688 17426 4368618 1 894
7690 17427 4368628 1 895
7693 17427 4368638 1 896
7695 17428 4368648 1 897
7696 17429 4368658 1 898
7697 17430 4368668 1 899
7696 17431 4368678 1 900
7695 17432 4368688 1 902
7693 17433 4368698 1 903
7691 17434 4368708 1 903
7689 17434 4368718 1 904
7685 17436 4368728 1 905
7681 17437 4368738 1 906
7677 17439 4368748 1 906
7673 17441 4368758 1 907
7670 17442 4368768 1 908
7667 17444 4368778 1 908
7665 17445 4368788 1 909
7664 17446 4368798 1 911
7663 17445 4368808 1 912
7663 17445 4368818 1 913
7664 17444 4368828 1 914
7666 17442 4368838 1 915
7668 17440 4368848 1 916
7671 17439 4368858 1 917
7674 17437 4368868 1 918
7676 17436 4368878 1 918
7678 17435 4368888 1 919
7681 17434 4368898 1 920
7685 17433 4368908 1 921
7688 17431 4368918 1 922
7691 17430 4368928 1 923
7694 17429 4368938 1 924
7697 17428 4368948 1 925
7699 17427 4368958 1 926
7702 17426 4368968 1 927
7703 17425 4368978 1 928
7705 17424 4368988 1 928
7706 17423 4368998 1 930
7706 17422 4369008 1 931
7707 17422 4369018 1 932
7707 17421 4369028 1 933
7707 17421 4369038 1 933
7707 17420 4369048 1 934
7707 17420 4369058 1 934
7707 17419 4369068 1 935
7707 17418 4369078 1 936
7707 17416 4369088 1 937
7706 17415 4369098 1 938
7706 17414 4369108 1 940
7705 17412 4369118 1 941
7705 17411 4369128 1 942
7705 17409 4369138 1 943
7705 17407 4369148 1 944
7706 17406 4369158 1 945
7707 17404 4369168 1 946
7708 17403 4369178 1 946
7709 17401 4369188 1 947
7710 17400 4369198 1 948
7711 17399 4369208 1 950
7712 17398 4369218 1 951
7712 17398 4369228 1 951
7713 17397 4369238 1 952
7714 17396 4369248 1 953
7714 17396 4369258 1 954
7714 17396 4369268 1 955
7714 17396 4369278 1 956
7714 17396 4369288 1 957
7713 17397 4369298 1 958
7713 17397 4369308 1 959
7713 17398 4369318 1 960
7713 17399 4369328 1 961
7714 17399 4369338 1 962
7714 17400 4369348 1 963
7713 17400 4369358 1 964
7712 17400 4369368 1 965
7711 17400 4369378 1 966
7711 17400 4369388 1 967
7710 17400 4369398 1 967
7708 17399 4369408 1 968
7707 17399 4369418 1 970
7705 17398 4369428 1 971
7704 17397 4369438 1 972
7703 17396 4369448 1 973
7702 17395 4369458 1 973
7702 17395 4369468 1 974
7702 17394 4369478 1 975
7702 17394 4369488 1 976
7703 17394 4369498 1 977
7705 17394 4369508 1 978
7707 17395 4369518 1 980
7709 17395 4369528 1 981
7712 17396 4369538 1 982
7716 17396 4369548 1 983
7717 17396 4369558 1 984
7719 17397 4369568 1 984
7723 17397 4369578 1 985
7726 17397 4369588 1 986
7730 17397 4369598 1 986
7733 17397 4369608 1 987
7736 17397 4369618 1 989
7739 17397 4369628 1 990
7741 17398 4369638 1 991
7742 17398 4369648 1 993
7742 17399 4369658 1 994
7742 17399 4369668 1 994
7742 17399 4369678 1 994
7741 17400 4369688 1 994
7740 17401 4369698 1 994
7740 17401 4369708 1 994
7739 17402 4369718 1 994
7738 17403 4369728 1 995
7738 17403 4369738 1 995
7737 17404 4369748 1 995
7737 17405 4369758 1 995
7737 17406 4369768 1 995
7737 17408 4369778 1 995
7737 17409 4369788 1 995
7737 17410 4369798 1 996
7737 17412 4369808 1 996
7737 17413 4369818 1 996
7737 17414 4369828 1 996
7736 17415 4369838 1 996
7736 17415 4369848 1 996
7736 17416 4369858 1 996
7736 17416 4369868 1 997
7736 17415 4369878 1 997
7736 17415 4369888 1 997
7736 17415 4369898 1 997
7736 17414 4369908 1 997
7736 17414 4369918 1 997
7735 17413 4369928 1 997
7735 17412 4369938 1 998
7734 17411 4369948 1 998
7733 17411 4369958 1 998
7733 17410 4369968 1 998
7732 17410 4369978 1 998
7732 17409 4369988 1 998
7732 17408 4369998 1 998
7733 17408 4370008 1 999
7734 17407 4370018 1 999
7735 17406 4370028 1 999
7737 17405 4370038 1 999
7738 17404 4370048 1 999
7739 17403 4370058 1 999
7739 17403 4370068 1 999
7739 17403 4370078 1 999
7739 17402 4370088 1 1000
7739 17402 4370098 1 1000
7738 17402 4370108 1 1000
7737 17402 4370118 1 1000
7737 17402 4370128 1 1000
7736 17402 4370138 1 1000
7736 17402 4370148 1 1001
7736 17402 4370158 1 1001
7737 17402 4370168 1 1001
7737 17402 4370178 1 1001
7738 17403 4370188 1 1001
7738 17403 4370198 1 1001
7737 17403 4370208 1 1001
7737 17404 4370218 1 1002
7736 17405 4370228 1 1002
7736 17405 4370238 1 1002
7736 17405 4370248 1 1002
7735 17406 4370258 1 1002
7734 17407 4370268 1 1002
7733 17408 4370278 1 1002
7732 17409 4370288 1 1003
7732 17410 4370298 1 1003
7731 17411 4370308 1 1003
7731 17412 4370318 1 1003
7730 17413 4370328 1 1003
7729 17415 4370338 1 1003
7729 17417 4370348 1 1003
7728 17419 4370358 1 1004
7728 17421 4370368 1 1004
7728 17423 4370378 1 1004
7728 17425 4370388 1 1004
7727 17428 4370398 1 1004
7727 17429 4370408 1 1004
7727 17430 4370418 1 1004
7727 17432 4370428 1 1004
7726 17435 4370438 1 1005
7724 17437 4370448 1 1005
7723 17439 4370458 1 1005
7722 17441 4370468 1 1005
7721 17444 4370478 1 1005
7720 17446 4370488 1 1005
7719 17448 4370498 1 1006
7719 17449 4370508 1 1006
7719 17451 4370518 1 1006
7719 17452 4370528 1 1006
7719 17453 4370538 1 1006
7719 17454 4370548 1 1006
7719 17454 4370558 1 1006
7719 17454 4370568 1 1007
7719 17453 4370578 1 1007
7718 17453 4370588 1 1007
7717 17452 4370598 1 1007
7716 17450 4370608 1 1007
7714 17448 4370618 1 1007
7712 17446 4370628 1 1007
7711 17444 4370638 1 1008
7709 17442 4370648 1 1008
7708 17440 4370658 1 1008
7705 17438 4370668 1 1008
7703 17436 4370678 1 1008
7701 17434 4370688 1 1008
7698 17433 4370698 1 1008
7696 17431 4370708 1 1009
7693 17430 4370718 1 1009
7691 17429 4370728 1 1009
7690 17427 4370738 1 1009
7689 17427 4370748 1 1009
7689 17426 4370758 1 1009
7688 17424 4370768 1 1009
7686 17423 4370778 1 1010
7685 17421 4370788 1 1010
7685 17419 4370798 1 1010
7685 17418 4370808 1 1010
7685 17416 4370818 1 1010
7686 17415 4370828 1 1010
7688 17413 4370838 1 1010
7690 17412 4370848 1 1011
7692 17411 4370858 1 1011
7695 17410 4370868 1 1011
7698 17408 4370878 1 1011
7702 17408 4370888 1 1011
7705 17407 4370898 1 1011
7709 17406 4370908 1 1011
7710 17406 4370918 1 1012
7712 17406 4370928 1 1012
7714 17405 4370938 1 1012
7717 17405 4370948 1 1012
7718 17404 4370958 1 1012
7720 17403 4370968 1 1012
7721 17402 4370978 1 1012
7721 17401 4370988 1 1013
7722 17400 4370998 1 1013
7722 17400 4371008 1 1013
7723 17400 4371018 1 1013
7724 17400 4371028 1 1013
7725 17400 4371038 1 1013
7726 17401 4371048 1 1013
7728 17403 4371058 1 1014
7730 17404 4371068 1 1014
7733 17406 4371078 1 1014
7734 17407 4371088 1 1014
7735 17408 4371098 1 1014
7738 17410 4371108 1 1014
7740 17411 4371118 1 1014
7742 17413 4371128 1 1015
7744 17415 4371138 1 1015
7745 17416 4371148 1 1015
7746 17417 4371158 1 1015
7746 17418 4371168 1 1015
7747 17418 4371178 1 1015
7747 17418 4371188 1 1015
7748 17418 4371198 1 1016
7749 17417 4371208 1 1016
7750 17416 4371218 1 1016
7751 17415 4371228 1 1016
7752 17414 4371238 1 1016
7753 17414 4371248 1 1016
7754 17413 4371258 1 1016
7754 17413 4371268 1 1017
7755 17412 4371278 1 1017
7757 17411 4371288 1 1017
7758 17411 4371298 1 1017
7759 17410 4371308 1 1017
7760 17411 4371318 1 1017
7762 17411 4371328 1 1017
7763 17412 4371338 1 1018
7764 17414 4371348 1 1018
7765 17416 4371358 1 1018
7766 17418 4371368 1 1018
7767 17420 4371378 1 1018
7768 17422 4371388 1 1018
7769 17425 4371398 1 1018
7769 17427 4371408 1 1019
7770 17430 4371418 1 1019
7770 17431 4371428 1 1019
7770 17433 4371438 1 1019
7770 17435 4371448 1 1019
7770 17438 4371458 1 1019
7771 17440 4371468 1 1019
7771 17442 4371478 1 1020
7771 17444 4371488 1 1020
7770 17445 4371498 1 1020
7770 17446 4371508 1 1020
7770 17446 4371518 1 1020
7769 17445 4371528 1 1020
7769 17444 4371538 1 1020
7768 17444 4371548 1 1021
7767 17442 4371558 1 1021
7766 17441 4371568 1 1021
7765 17439 4371578 1 1021
7763 17436 4371588 1 1021
7762 17435 4371598 1 1021
7761 17433 4371608 1 1021
7760 17430 4371618 1 1022
7758 17427 4371628 1 1022
7757 17423 4371638 1 1022
7757 17419 4371648 1 1022
7756 17416 4371658 1 1022
7756 17413 4371668 1 1022
7756 17410 4371678 1 1022
7757 17408 4371688 1 1023
7758 17406 4371698 1 1023
7760 17404 4371708 1 1023
7762 17402 4371718 1 1023
7763 17401 4371728 1 1023
7764 17399 4371738 1 1023
7765 17398 4371748 1 1024
7766 17397 4371758 1 1023
7766 17397 4371768 1 1023
7766 17396 4371778 1 1023
7766 17396 4371788 1 1023
7766 17395 4371798 1 1023
7766 17395 4371808 1 1023
7766 17395 4371818 1 1023
7765 17395 4371828 1 1022
7765 17396 4371838 1 1022
7765 17397 4371848 1 1022
7765 17398 4371858 1 1022
7765 17400 4371868 1 1022
7765 17402 4371878 1 1022
7764 17403 4371888 1 1022
7764 17405 4371898 1 1021
7763 17406 4371908 1 1021
7762 17407 4371918 1 1021
7760 17408 4371928 1 1021
7760 17409 4371938 1 1021
7759 17409 4371948 1 1021
7758 17410 4371958 1 1021
7756 17411 4371968 1 1020
7754 17411 4371978 1 1020
7752 17411 4371988 1 1020
7749 17411 4371998 1 1020
7746 17411 4372008 1 1020
7743 17411 4372018 1 1020
7741 17411 4372028 1 1020
7739 17410 4372038 1 1019
7737 17409 4372048 1 1019
7736 17408 4372058 1 1019
7736 17406 4372068 1 1019
7735 17404 4372078 1 1019
7735 17403 4372088 1 1019
7735 17402 4372098 1 1018
7735 17401 4372108 1 1018
7735 17401 4372118 1 1018
7736 17400 4372128 1 1018
7736 17400 4372138 1 1018
7737 17400 4372148 1 1018
7738 17400 4372158 1 1018
7739 17400 4372168 1 1018
7741 17401 4372178 1 1017
7743 17401 4372188 1 1017
7744 17402 4372198 1 1017
7745 17404 4372208 1 1017
7746 17405 4372218 1 1017
7747 17406 4372228 1 1017
7748 17408 4372238 1 1017
7748 17409 4372248 1 1016
7748 17410 4372258 1 1016
7748 17411 4372268 1 1016
7748 17412 4372278 1 1016
7748 17413 4372288 1 1016
7749 17414 4372298 1 1016
7750 17416 4372308 1 1016
7751 17418 4372318 1 1015
7752 17419 4372328 1 1015
7754 17421 4372338 1 1015
7755 17422 4372348 1 1015
7757 17424 4372358 1 1015
7759 17424 4372368 1 1015
7760 17425 4372378 1 1015
7763 17426 4372388 1 1014
7765 17427 4372398 1 1014
7767 17427 4372408 1 1014
7770 17428 4372418 1 1014
7772 17428 4372428 1 1014
7775 17428 4372438 1 1014
7776 17428 4372448 1 1014
7778 17428 4372458 1 1013
7780 17428 4372468 1 1013
7782 17427 4372478 1 1013
7784 17427 4372488 1 1013
7785 17426 4372498 1 1013
7787 17425 4372508 1 1013
7788 17425 4372518 1 1013
7789 17424 4372528 1 1012
7789 17423 4372538 1 1012
7790 17422 4372548 1 1012
7790 17421 4372558 1 1012
7791 17420 4372568 1 1012
7792 17418 4372578 1 1012
7792 17417 4372588 1 1011
7793 17416 4372598 1 1011
7793 17416 4372608 1 1011
7793 17415 4372618 1 1011
7793 17415 4372628 1 1011
7793 17415 4372638 1 1011
7793 17416 4372648 1 1011
7792 17416 4372658 1 1011
7791 17417 4372668 1 1010
7790 17417 4372678 1 1010
7788 17418 4372688 1 1010
7787 17418 4372698 1 1010
7785 17419 4372708 1 1010
7785 17420 4372718 1 1010
7784 17421 4372728 1 1010
7783 17422 4372738 1 1009
7783 17423 4372748 1 1009
7783 17424 4372758 1 1009
7783 17425 4372768 1 1009
7783 17426 4372778 1 1009
7783 17427 4372788 1 1009
7783 17427 4372798 1 1009
7782 17426 4372808 1 1008
7782 17426 4372818 1 1008
7782 17425 4372828 1 1008
7782 17424 4372838 1 1008
7782 17423 4372848 1 1008
7783 17422 4372858 1 1008
7784 17421 4372868 1 1008
7785 17421 4372878 1 1007
7786 17420 4372888 1 1007
7787 17419 4372898 1 1007
7788 17419 4372908 1 1007
7789 17419 4372918 1 1007
7789 17419 4372928 1 1007
7789 17419 4372938 1 1006
7788 17419 4372948 1 1006
7788 17419 4372958 1 1024
7787 17420 4372968 1 1006
7784 17420 4372978 1 874
7782 17420 4372988 1 678
7779 17419 4372998 1 460
7775 17419 4373008 1 227
7771 17419 4373018 1 50
7767 17419 4373028 1 50
7763 17419 4373038 1 59
7758 17419 4373048 1 51
7754 17420 4373058 1 52
7750 17420 4373068 1 52
7746 17419 4373078 1 52
7742 17419 4373088 1 53
7740 17419 4373098 1 53
7737 17418 4373108 1 54
7736 17418 4373118 1 54
7736 17418 4373128 1 54
7735 17417 4373138 1 55
7735 17417 4373148 1 55
7735 17417 4373158 1 55
7736 17417 4373168 0 0
7737 17417 4373178 0 0
7738 17417 4373188 0 0
7740 17417 4373198 0 0
7742 17416 4373208 0 0
7744 17415 4373218 0 0
7747 17414 4373228 0 0
7749 17413 4373238 0 0
7752 17412 4373248 0 0
7756 17411 4373258 0 0
7760 17409 4373268 0 0
7764 17408 4373278 0 0
7768 17408 4373288 1 4
7770 17408 4373298 1 13
7772 17408 4373308 1 26
7776 17409 4373318 1 43
7780 17410 4373328 1 63
7784 17412 4373338 1 86
7787 17413 4373348 1 109
7791 17416 4373358 1 134
7793 17418 4373368 1 160
7796 17420 4373378 1 185
7797 17423 4373388 1 209
7798 17425 4373398 1 232
7799 17428 4373408 1 252
7799 17430 4373418 1 270
7799 17433 4373428 1 284
7799 17435 4373438 1 294
7799 17437 4373448 1 299
7798 17439 4373458 1 299
7798 17439 4373468 1 293
7797 17440 4373478 1 280
7796 17441 4373488 1 259
7794 17442 4373498 1 233
7793 17443 4373508 1 209
7791 17444 4373518 1 186
7789 17445 4373528 1 164
7788 17446 4373538 1 144
7788 17446 4373548 1 124
7787 17447 4373558 1 90
7787 17448 4373568 1 75
7787 17449 4373578 1 72
7787 17449 4373588 1 73
7788 17450 4373598 1 73
7788 17450 4373608 1 74
7789 17451 4373618 1 74
7790 17451 4373628 1 74
7790 17451 4373638 1 75
7790 17451 4373648 1 75
7790 17451 4373658 1 75
7791 17451 4373668 1 76
7791 17450 4373678 1 76
7791 17450 4373688 1 77
7791 17450 4373698 1 77
7791 17449 4373708 1 77
7791 17448 4373718 1 78
7792 17447 4373728 1 78
7792 17446 4373738 1 79
7792 17444 4373748 1 79
7792 17442 4373758 1 80
7792 17440 4373768 1 80
7792 17438 4373778 1 80
7792 17436 4373788 1 81
7792 17433 4373798 1 81
7792 17432 4373808 1 79
7791 17431 4373818 1 82
7791 17429 4373828 1 95
7792 17428 4373838 1 112
7792 17426 4373848 1 129
7793 17425 4373858 1 148
7794 17424 4373868 1 168
7795 17423 4373878 1 188
7796 17423 4373888 1 209
7797 17422 4373898 1 231
7799 17422 4373908 1 254
7799 17421 4373918 1 278
7800 17420 4373928 1 302
7800 17419 4373938 1 327
7801 17418 4373948 1 352
7802 17417 4373958 1 379
7802 17416 4373968 1 432
7803 17415 4373978 1 452
7803 17415 4373988 1 461
7804 17414 4373998 1 488
7805 17413 4374008 1 502
7805 17413 4374018 1 517
7806 17412 4374028 1 546
7806 17410 4374038 1 575
7806 17409 4374048 1 604
7805 17407 4374058 1 634
7805 17405 4374068 1 664
7804 17402 4374078 1 724
7803 17400 4374088 1 753
7802 17397 4374098 1 783
7802 17395 4374108 1 814
7802 17393 4374118 1 844
7803 17390 4374128 1 873
7805 17389 4374138 1 888
7806 17388 4374148 1 892
7807 17387 4374158 1 903
7809 17386 4374168 1 932
7812 17385 4374178 1 962
7815 17385 4374188 1 989
7818 17385 4374198 1 989
7821 17386 4374208 1 988
7823 17386 4374218 1 988
7826 17388 4374228 1 988
7828 17389 4374238 1 988
7830 17391 4374248 1 988
7831 17393 4374258 1 988
7832 17395 4374268 1 987
7833 17398 4374278 1 987
7833 17402 4374288 1 987
7833 17406 4374298 1 987
7834 17409 4374308 1 987
7834 17411 4374318 1 987
7834 17413 4374328 1 987
7834 17417 4374338 1 987
7834 17420 4374348 1 986
7833 17423 4374358 1 986
7832 17426 4374368 1 986
7831 17429 4374378 1 986
7830 17431 4374388 1 986
7829 17433 4374398 1 986
7827 17434 4374408 1 985
7825 17436 4374418 1 985
7824 17437 4374428 1 985
7822 17437 4374438 1 985
7821 17438 4374448 1 985
7819 17438 4374458 1 985
7818 17438 4374468 1 985
7816 17437 4374478 1 984
7815 17437 4374488 1 984
7815 17437 4374498 1 984
7813 17436 4374508 1 984
7812 17435 4374518 1 984
7810 17434 4374528 1 984
7808 17433 4374538 1 984
7806 17431 4374548 1 984
7804 17430 4374558 1 983
7802 17427 4374568 1 983
7799 17425 4374578 1 983
7797 17423 4374588 1 983
7796 17421 4374598 1 983
7795 17418 4374608 1 983
7794 17417 4374618 1 982
7794 17415 4374628 1 982
7794 17413 4374638 1 982
7793 17412 4374648 1 982
7793 17411 4374658 1 982
7793 17410 4374668 1 982
7793 17409 4374678 1 982
7793 17407 4374688 1 982
7793 17406 4374698 1 981
7792 17405 4374708 1 981
7791 17404 4374718 1 981
7789 17403 4374728 1 981
7788 17402 4374738 1 981
7787 17402 4374748 1 981
7785 17402 4374758 1 980
7785 17401 4374768 1 980
7784 17401 4374778 1 980
7784 17402 4374788 1 980
7784 17402 4374798 1 980
7785 17403 4374808 1 980
7786 17404 4374818 1 980
7786 17405 4374828 1 979
7787 17405 4374838 1 979
7789 17407 4374848 1 979
7792 17409 4374858 1 979
7794 17411 4374868 1 979
7797 17414 4374878 1 979
7800 17416 4374888 1 979
7803 17419 4374898 1 979
7805 17421 4374908 1 978
7808 17423 4374918 1 978
7810 17426 4374928 1 978
7812 17428 4374938 1 978
7814 17430 4374948 1 978
7815 17433 4374958 1 978
7816 17435 4374968 1 977
7817 17438 4374978 1 977
7818 17440 4374988 1 977
7818 17441 4374998 1 977
7818 17442 4375008 1 977
7819 17443 4375018 1 977
7819 17444 4375028 1 977
7819 17445 4375038 1 977
7820 17445 4375048 1 976
7821 17446 4375058 1 976
7823 17446 4375068 1 976
7825 17446 4375078 1 976
7827 17447 4375088 1 976
7828 17447 4375098 1 976
7830 17447 4375108 1 975
7831 17446 4375118 1 975
7833 17446 4375128 1 975
7834 17445 4375138 1 975
7836 17445 4375148 1 975
7837 17444 4375158 1 975
7837 17443 4375168 1 975
7837 17442 4375178 1 975
7837 17441 4375188 1 974
7837 17440 4375198 1 974
7837 17439 4375208 1 974
7836 17439 4375218 1 974
7835 17438 4375228 1 974
7834 17438 4375238 1 974
7833 17438 4375248 1 973
7832 17438 4375258 1 973
7831 17438 4375268 1 973
7830 17438 4375278 1 973
7829 17437 4375288 1 973
7829 17437 4375298 1 973
7828 17436 4375308 1 973
7828 17436 4375318 1 972
7829 17435 4375328 1 972
7829 17434 4375338 1 972
7829 17434 4375348 1 972
7830 17434 4375358 1 972
7830 17433 4375368 1 972
7830 17433 4375378 1 972
7830 17433 4375388 1 972
7829 17433 4375398 1 971
7829 17433 4375408 1 971
7828 17433 4375418 1 971
7828 17433 4375428 1 971
7827 17432 4375438 1 971
7827 17432 4375448 1 971
7827 17432 4375458 1 970
7826 17432 4375468 1 970
7826 17433 4375478 1 970
7825 17433 4375488 1 970
7825 17433 4375498 1 970
7824 17433 4375508 1 970
7824 17433 4375518 1 970
7824 17433 4375528 1 970
7825 17433 4375538 1 969
7826 17433 4375548 1 969
7827 17432 4375558 1 969
7828 17432 4375568 1 969
7830 17432 4375578 1 969
7832 17432 4375588 1 969
7835 17431 4375598 1 968
7836 17430 4375608 1 968
7838 17429 4375618 1 968
7839 17428 4375628 1 968
7839 17427 4375638 1 968
7838 17425 4375648 1 968
7837 17424 4375658 1 968
7835 17422 4375668 1 967
7834 17421 4375678 1 967
7833 17420 4375688 1 967
7831 17418 4375698 1 967
7828 17416 4375708 1 967
7826 17414 4375718 1 967
7824 17413 4375728 1 967
7821 17413 4375738 1 966
7819 17413 4375748 1 966
7816 17413 4375758 1 966
7814 17414 4375768 1 966
7813 17415 4375778 1 966
7812 17416 4375788 1 966
7811 17417 4375798 1 966
7811 17418 4375808 1 965
7811 17418 4375818 1 965
7812 17419 4375828 1 965
7812 17420 4375838 1 965
7812 17420 4375848 1 965
7813 17421 4375858 1 965
7813 17422 4375868 1 965
7814 17423 4375878 1 965
7814 17424 4375888 1 964
7814 17424 4375898 1 964
7814 17425 4375908 1 964
7815 17425 4375918 1 964
7816 17425 4375928 1 964
7818 17425 4375938 1 972
7819 17424 4375948 1 872
7821 17424 4375958 1 554
7823 17424 4375968 1 185
7824 17424 4375978 1 168
7825 17424 4375988 1 168
7825 17423 4375998 1 169
7825 17423 4376008 1 169
7825 17423 4376018 1 169
7825 17423 4376028 1 170
7825 17422 4376038 1 170
7825 17422 4376048 1 171
7824 17422 4376058 1 171
7824 17422 4376068 1 171
7824 17422 4376078 1 172
7824 17422 4376088 1 172
7824 17422 4376098 1 173
7824 17422 4376108 1 173
7825 17422 4376118 1 174
7826 17422 4376128 1 174
7827 17422 4376138 1 174
7829 17421 4376148 1 175
7831 17421 4376158 1 175
7834 17420 4376168 1 176
7837 17420 4376178 1 176
7839 17419 4376188 1 176
7841 17419 4376198 1 177
7845 17418 4376208 1 177
7848 17417 4376218 1 177
7851 17416 4376228 1 178
7854 17415 4376238 1 178
7857 17414 4376248 1 179
7859 17414 4376258 1 179
7860 17413 4376268 1 179
7862 17413 4376278 1 180
7863 17414 4376288 1 180
7863 17414 4376298 1 181
7863 17415 4376308 1 181
7862 17415 4376318 1 182
7861 17416 4376328 1 182
7860 17416 4376338 1 182
7858 17417 4376348 1 183
7857 17417 4376358 1 184
7856 17417 4376368 1 183
7855 17418 4376378 1 184
7853 17418 4376388 1 184
7851 17419 4376398 1 185
7849 17419 4376408 1 185
7848 17420 4376418 1 185
7847 17421 4376428 1 957
7846 17422 4376438 1 956
7845 17424 4376448 1 956
7844 17425 4376458 1 952
7844 17426 4376468 1 907
7843 17428 4376478 1 919
7842 17429 4376488 1 956
7842 17430 4376498 1 956
7842 17430 4376508 1 955
7843 17430 4376518 1 955
7844 17431 4376528 1 955
7846 17431 4376538 1 955
7848 17431 4376548 1 955
7850 17431 4376558 1 955
7851 17432 4376568 1 954
7853 17432 4376578 1 954
7855 17433 4376588 1 954
7857 17434 4376598 1 954
7858 17435 4376608 1 954
7860 17437 4376618 1 954
7861 17438 4376628 1 954
7862 17440 4376638 1 953
7863 17441 4376648 1 953
7864 17443 4376658 1 953
7864 17446 4376668 1 953
7865 17448 4376678 1 953
7866 17451 4376688 1 953
7866 17454 4376698 1 953
7866 17457 4376708 1 952
7866 17459 4376718 1 926
7865 17461 4376728 1 687
7864 17462 4376738 1 564
7862 17463 4376748 1 439
7860 17464 4376758 1 316
7858 17464 4376768 1 200
7856 17464 4376778 1 201
7855 17464 4376788 1 201
7853 17463 4376798 1 202
7852 17462 4376808 1 202
7851 17461 4376818 1 202
7851 17460 4376828 1 203
7851 17459 4376838 1 203
7852 17459 4376848 1 204
7853 17459 4376858 1 204
7853 17459 4376868 1 204
7854 17460 4376878 1 205
7855 17460 4376888 1 205
7855 17462 4376898 1 206
7856 17463 4376908 1 206
7856 17463 4376918 1 207
7857 17464 4376928 1 207
7858 17464 4376938 1 386
7859 17464 4376948 1 633
7860 17464 4376958 1 914
7861 17463 4376968 1 948
7862 17463 4376978 1 948
7863 17462 4376988 1 948
7863 17461 4376998 1 210
7863 17460 4377008 1 210
7862 17458 4377018 1 211
7861 17457 4377028 1 211
7859 17456 4377038 1 212
7858 17455 4377048 1 212
7857 17454 4377058 1 213
7856 17453 4377068 1 213
7855 17452 4377078 1 213
7855 17450 4377088 1 214
7855 17448 4377098 1 214
7855 17446 4377108 1 215
7855 17444 4377118 1 215
7855 17442 4377128 1 215
7854 17440 4377138 1 216
7853 17439 4377148 1 216
7852 17438 4377158 1 217
7851 17438 4377168 1 217
7851 17437 4377178 1 218
7850 17437 4377188 1 218
7851 17437 4377198 1 218
7852 17437 4377208 1 219
7853 17438 4377218 1 219
7853 17438 4377228 1 220
7854 17438 4377238 1 220
7855 17439 4377248 1 221
7856 17440 4377258 1 221
7858 17441 4377268 1 221
7859 17442 4377278 1 222
7860 17443 4377288 1 222
7861 17443 4377298 1 223
7862 17444 4377308 1 223
7863 17445 4377318 1 224
7865 17445 4377328 1 224
7867 17445 4377338 1 225
7870 17446 4377348 1 230
7872 17445 4377358 1 238
7874 17445 4377368 1 252
7875 17445 4377378 1 272
7876 17445 4377388 1 301
7877 17445 4377398 1 341
7877 17446 4377408 1 391
7878 17446 4377418 1 454
7878 17448 4377428 1 531
7878 17449 4377438 1 624
