8220 18252 8111306 1 810
8216 18249 8111316 1 798
8213 18247 8111326 1 786
8207 18242 8111336 1 774
8207 18241 8111346 1 763
8207 18240 8111356 1 753
8207 18240 8111366 1 745
8211 18238 8111376 1 730
8214 18238 8111386 1 723
8218 18236 8111396 1 717
8222 18235 8111406 1 712
8225 18233 8111416 1 707
8230 18230 8111426 1 703
8234 18227 8111436 1 700
8242 18220 8111446 1 694
8246 18217 8111456 1 693
8251 18215 8111466 1 690
8255 18214 8111476 1 690
8259 18214 8111486 1 689
8262 18217 8111496 1 689
8265 18221 8111506 1 688
8270 18235 8111516 1 690
8271 18243 8111526 1 691
8271 18252 8111536 1 691
8271 18261 8111546 1 692
8270 18268 8111556 1 694
8269 18274 8111566 1 695
8268 18278 8111576 1 696
8267 18278 8111586 1 699
8266 18275 8111596 1 700
8266 18270 8111606 1 701
8266 18263 8111616 1 703
8265 18256 8111626 1 703
8263 18250 8111636 1 704
8260 18244 8111646 1 704
8246 18238 8111656 1 704
8235 18239 8111666 1 703
8208 18248 8111676 1 701
8192 18255 8111686 1 700
8174 18263 8111696 1 699
8156 18273 8111706 1 699
8138 18282 8111716 1 698
8109 18301 8111726 1 698
8099 18308 8111736 1 698
8092 18315 8111746 1 700
8089 18320 8111756 1 703
8090 18323 8111766 1 705
8094 18326 8111776 1 710
8101 18327 8111786 1 716
8120 18327 8111796 1 730
8132 18326 8111806 1 738
8144 18324 8111816 1 748
8155 18323 8111826 1 757
8166 18321 8111836 1 768
8176 18318 8111846 1 779
8185 18316 8111856 1 789
8200 18309 8111866 1 811
8205 18305 8111876 1 820
8210 18300 8111886 1 829
8212 18294 8111896 1 838
8214 18288 8111906 1 846
8215 18282 8111916 1 851
8214 18275 8111926 1 857
8213 18262 8111936 1 861
8213 18256 8111946 1 861
8214 18251 8111956 1 858
8217 18246 8111966 1 853
8220 18241 8111976 1 846
8225 18238 8111986 1 836
8231 18235 8111996 1 823
8245 18231 8112006 1 787
8251 18230 8112016 1 765
8257 18230 8112026 1 738
8262 18231 8112036 1 707
8265 18232 8112046 1 674
8265 18236 8112056 1 598
8266 18239 8112066 1 556
8262 18247 8112076 1 470
8259 18252 8112086 1 425
8254 18256 8112096 1 380
8250 18261 8112106 1 335
8245 18265 8112116 1 291
8240 18268 8112126 1 248
8235 18271 8112136 1 206
8229 18277 8112146 1 130
8227 18279 8112156 1 96
8226 18281 8112166 1 67
8227 18283 8112176 1 42
8229 18286 8112186 1 42
8233 18288 8112196 1 41
8237 18291 8112206 1 39
8249 18297 8112216 1 37
8255 18300 8112226 1 36
8262 18303 8112236 1 35
8269 18305 8112246 1 34
8275 18307 8112256 1 66
8281 18307 8112266 1 106
8286 18307 8112276 1 151
8292 18305 8112286 1 258
8293 18304 8112296 1 317
8293 18301 8112306 1 378
8291 18299 8112316 1 440
8287 18297 8112326 1 502
8282 18294 8112336 1 564
8276 18292 8112346 1 622
8262 18289 8112356 1 729
8254 18288 8112366 1 775
8246 18288 8112376 1 815
8239 18287 8112386 1 848
8233 18287 8112396 1 876
8228 18287 8112406 1 899
8225 18286 8112416 1 916
8220 18286 8112426 1 942
8221 18286 8112436 1 943
8223 18287 8112446 1 941
8226 18287 8112456 1 936
8229 18289 8112466 1 928
8233 18290 8112476 1 920
8237 18293 8112486 1 908
8244 18298 8112496 1 884
8246 18302 8112506 1 871
8248 18305 8112516 1 857
8248 18308 8112526 1 844
8248 18311 8112536 1 832
8248 18313 8112546 1 821
8247 18315 8112556 1 811
8245 18316 8112566 1 799
8245 18317 8112576 1 797
8245 18317 8112586 1 796
8246 18317 8112596 1 798
8248 18317 8112606 1 800
8250 18317 8112616 1 803
8252 18318 8112626 1 806
8256 18320 8112636 1 809
8257 18321 8112646 1 810
8257 18321 8112656 1 810
8256 18322 8112666 1 810
8254 18321 8112676 1 811
8251 18320 8112686 1 811
8248 18317 8112696 1 812
8240 18309 8112706 1 813
8237 18304 8112716 1 814
8234 18298 8112726 1 816
8232 18291 8112736 1 817
8232 18284 8112746 1 818
8233 18278 8112756 1 819
8235 18272 8112766 1 820
8243 18263 8112776 1 821
8248 18261 8112786 1 822
8253 18260 8112796 1 824
8263 18262 8112806 1 826
8269 18265 8112816 1 827
8275 18268 8112826 1 828
8280 18273 8112836 1 829
8289 18281 8112846 1 830
8292 18284 8112856 1 832
8294 18287 8112866 1 833
8295 18289 8112876 1 834
8294 18290 8112886 1 834
8293 18291 8112896 1 835
8290 18291 8112906 1 836
8283 18290 8112916 1 838
8279 18289 8112926 1 839
8275 18289 8112936 1 839
8272 18288 8112946 1 840
8270 18288 8112956 1 841
8270 18288 8112966 1 842
8271 18288 8112976 1 843
8277 18289 8112986 1 845
8283 18290 8112996 1 845
8289 18290 8113006 1 846
8295 18291 8113016 1 847
8302 18291 8113026 1 848
8307 18291 8113036 1 849
8312 18291 8113046 1 850
8317 18291 8113056 1 851
8317 18291 8113066 1 853
8315 18290 8113076 1 853
8312 18290 8113086 1 854
8308 18289 8113096 1 855
8303 18289 8113106 1 855
8298 18288 8113116 1 857
8288 18287 8113126 1 858
8284 18287 8113136 1 859
8281 18286 8113146 1 859
8279 18286 8113156 1 861
8278 18286 8113166 1 862
8277 18286 8113176 1 862
8274 18287 8113186 1 863
8274 18290 8113196 1 865
8275 18292 8113206 1 866
8276 18294 8113216 1 867
8276 18296 8113226 1 867
8277 18298 8113236 1 869
8277 18300 8113246 1 869
8277 18302 8113256 1 870
8275 18304 8113266 1 872
8273 18304 8113276 1 872
8272 18304 8113286 1 873
8270 18303 8113296 1 873
8269 18302 8113306 1 874
8268 18300 8113316 1 875
8267 18298 8113326 1 876
8268 18294 8113336 1 877
8269 18292 8113346 1 878
8272 18289 8113356 1 879
8277 18287 8113366 1 879
8283 18284 8113376 1 880
8291 18282 8113386 1 880
8300 18280 8113396 1 882
8321 18275 8113406 1 883
8332 18273 8113416 1 883
8343 18272 8113426 1 885
8353 18271 8113436 1 885
8361 18271 8113446 1 885
8367 18271 8113456 1 886
8370 18273 8113466 1 887
8369 18280 8113476 1 888
8365 18284 8113486 1 890
8361 18289 8113496 1 890
8356 18293 8113506 1 890
8352 18298 8113516 1 891
8349 18303 8113526 1 891
8348 18307 8113536 1 892
8350 18313 8113546 1 893
8355 18317 8113556 1 894
8360 18318 8113566 1 895
8367 18318 8113576 1 896
8372 18317 8113586 1 896
8377 18316 8113596 1 896
8380 18315 8113606 1 898
8381 18310 8113616 1 898
8379 18307 8113626 1 900
8376 18305 8113636 1 900
8371 18301 8113646 1 900
8365 18298 8113656 1 901
8360 18295 8113666 1 902
8354 18292 8113676 1 902
8346 18285 8113686 1 903
8343 18282 8113696 1 903
8341 18280 8113706 1 904
8340 18278 8113716 1 905
8340 18277 8113726 1 905
8339 18276 8113736 1 905
8339 18276 8113746 1 906
8339 18279 8113756 1 907
8338 18282 8113766 1 907
8337 18284 8113776 1 908
8337 18287 8113786 1 909
8336 18289 8113796 1 909
8336 18291 8113806 1 909
8336 18292 8113816 1 910
8338 18292 8113826 1 911
8340 18290 8113836 1 911
8343 18286 8113846 1 912
8346 18282 8113856 1 912
8349 18278 8113866 1 913
8352 18272 8113876 1 914
8356 18267 8113886 1 914
8364 18258 8113896 1 914
8367 18254 8113906 1 914
8371 18251 8113916 1 916
8375 18249 8113926 1 916
8382 18247 8113936 1 916
8383 18247 8113946 1 916
