7664 17301 5274669 1 657
7664 17301 5274679 1 659
7665 17301 5274689 1 659
7665 17301 5274699 1 660
7665 17302 5274709 1 660
7665 17302 5274719 1 660
7665 17302 5274729 1 662
7665 17302 5274739 1 662
7664 17302 5274749 1 663
7663 17303 5274759 1 663
7664 17303 5274769 1 663
7668 17303 5274779 1 665
7673 17303 5274789 1 665
7680 17304 5274799 1 666
7689 17305 5274809 1 666
7698 17306 5274819 1 666
7706 17306 5274829 1 666
7713 17306 5274839 1 668
7723 17306 5274849 1 669
7726 17306 5274859 1 669
7728 17306 5274869 1 670
7730 17307 5274879 1 670
7732 17308 5274889 1 672
7733 17310 5274899 1 672
7734 17313 5274909 1 672
7735 17316 5274919 1 673
7736 17319 5274929 1 673
7737 17322 5274939 1 674
7738 17325 5274949 1 674
7738 17328 5274959 1 675
7738 17331 5274969 1 676
7737 17333 5274979 1 676
7736 17335 5274989 1 677
7735 17336 5274999 1 678
7733 17337 5275009 1 678
7731 17337 5275019 1 679
7726 17336 5275029 1 681
7724 17336 5275039 1 681
7723 17336 5275049 1 681
7723 17336 5275059 1 681
7724 17336 5275069 1 682
7726 17337 5275079 1 683
7729 17339 5275089 1 683
7733 17341 5275099 1 684
7738 17344 5275109 1 685
7743 17347 5275119 1 685
7749 17350 5275129 1 686
7755 17353 5275139 1 687
7760 17355 5275149 1 688
7765 17356 5275159 1 689
7770 17356 5275169 1 689
7773 17356 5275179 1 690
7776 17354 5275189 1 690
7777 17352 5275199 1 690
7777 17347 5275209 1 691
7775 17345 5275219 1 693
7772 17343 5275229 1 693
7769 17342 5275239 1 694
7765 17341 5275249 1 695
7761 17342 5275259 1 695
7758 17343 5275269 1 696
7755 17344 5275279 1 697
7752 17346 5275289 1 697
7751 17347 5275299 1 699
7751 17349 5275309 1 699
7751 17350 5275319 1 700
7753 17351 5275329 1 700
7755 17352 5275339 1 700
7758 17352 5275349 1 701
7760 17353 5275359 1 702
7763 17353 5275369 1 702
7764 17352 5275379 1 703
7766 17352 5275389 1 705
7765 17352 5275399 1 706
7764 17351 5275409 1 707
7762 17351 5275419 1 707
7759 17351 5275429 1 707
7756 17351 5275439 1 708
7753 17350 5275449 1 709
7750 17350 5275459 1 709
7748 17349 5275469 1 709
7747 17348 5275479 1 710
7746 17348 5275489 1 711
7747 17348 5275499 1 713
7748 17347 5275509 1 714
7751 17347 5275519 1 714
7754 17347 5275529 1 714
7757 17346 5275539 1 715
7761 17346 5275549 1 716
7765 17345 5275559 1 717
7772 17344 5275569 1 718
7776 17343 5275579 1 718
7778 17343 5275589 1 719
7780 17342 5275599 1 720
7781 17341 5275609 1 721
7782 17339 5275619 1 721
7783 17338 5275629 1 722
7785 17335 5275639 1 722
7786 17333 5275649 1 724
7787 17330 5275659 1 724
7789 17327 5275669 1 725
7791 17323 5275679 1 726
7792 17320 5275689 1 727
7794 17317 5275699 1 728
7795 17315 5275709 1 729
7796 17314 5275719 1 729
7797 17313 5275729 1 729
7798 17313 5275739 1 730
7796 17316 5275749 1 731
7795 17318 5275759 1 732
7792 17320 5275769 1 733
7790 17323 5275779 1 734
7787 17325 5275789 1 735
7784 17326 5275799 1 736
7781 17327 5275809 1 736
7779 17327 5275819 1 737
7777 17327 5275829 1 738
7776 17327 5275839 1 738
7775 17327 5275849 1 738
7775 17328 5275859 1 739
7776 17328 5275869 1 740
7777 17330 5275879 1 741
7778 17331 5275889 1 742
7780 17333 5275899 1 742
7782 17336 5275909 1 743
7784 17338 5275919 1 744
7789 17341 5275929 1 746
7792 17342 5275939 1 746
7795 17343 5275949 1 747
7797 17342 5275959 1 748
7800 17341 5275969 1 749
7803 17340 5275979 1 749
7805 17338 5275989 1 749
7807 17335 5275999 1 750
7809 17333 5276009 1 751
7810 17330 5276019 1 753
7810 17328 5276029 1 754
7810 17326 5276039 1 754
7809 17325 5276049 1 755
7808 17325 5276059 1 756
7807 17325 5276069 1 757
7805 17325 5276079 1 758
7803 17326 5276089 1 758
7801 17326 5276099 1 759
7797 17325 5276109 1 760
7795 17323 5276119 1 761
7794 17321 5276129 1 762
7793 17318 5276139 1 762
7794 17315 5276149 1 763
7794 17311 5276159 1 764
7795 17307 5276169 1 766
7797 17304 5276179 1 766
7798 17301 5276189 1 767
7800 17299 5276199 1 768
7802 17298 5276209 1 768
7804 17299 5276219 1 769
7805 17300 5276229 1 770
7807 17303 5276239 1 770
7808 17306 5276249 1 770
7809 17310 5276259 1 771
7810 17314 5276269 1 773
7811 17317 5276279 1 773
7811 17322 5276289 1 774
7811 17324 5276299 1 775
7811 17325 5276309 1 776
7809 17325 5276319 1 776
7808 17324 5276329 1 776
7806 17323 5276339 1 777
7803 17322 5276349 1 779
7801 17321 5276359 1 779
7799 17321 5276369 1 778
7796 17320 5276379 1 779
7795 17320 5276389 1 780
7793 17320 5276399 1 780
7792 17320 5276409 1 781
7791 17321 5276419 1 782
7791 17322 5276429 1 783
7790 17323 5276439 1 784
7790 17324 5276449 1 785
7790 17326 5276459 1 786
7792 17328 5276469 1 787
7793 17329 5276479 1 789
7795 17329 5276489 1 790
7796 17330 5276499 1 790
7798 17330 5276509 1 790
7800 17329 5276519 1 791
7802 17329 5276529 1 791
7804 17328 5276539 1 791
7806 17328 5276549 1 790
7807 17327 5276559 1 790
7808 17326 5276569 1 789
7808 17326 5276579 1 788
7808 17326 5276589 1 787
7808 17326 5276599 1 788
7807 17326 5276609 1 788
7806 17326 5276619 1 788
7805 17327 5276629 1 788
7804 17327 5276639 1 790
7801 17328 5276649 1 796
7800 17328 5276659 1 799
7800 17328 5276669 1 807
7799 17328 5276679 1 816
7799 17327 5276689 1 828
7799 17326 5276699 1 834
7800 17325 5276709 1 840
7800 17323 5276719 1 854
7800 17322 5276729 1 869
7800 17321 5276739 1 884
7800 17321 5276749 1 889
7799 17321 5276759 1 891
7799 17322 5276769 1 899
7798 17323 5276779 1 915
7797 17324 5276789 1 928
7796 17326 5276799 1 935
7795 17327 5276809 1 942
7795 17329 5276819 1 955
7797 17331 5276829 1 975
7799 17330 5276839 1 980
7803 17329 5276849 1 984
7807 17328 5276859 1 989
7813 17325 5276869 1 991
7819 17322 5276879 1 992
7826 17318 5276889 1 991
7833 17314 5276899 1 988
7839 17310 5276909 1 981
7844 17307 5276919 1 971
7848 17303 5276929 1 958
7851 17300 5276939 1 939
7853 17298 5276949 1 917
7848 17292 5276959 1 890
7835 17279 5276969 1 857
7820 17262 5276979 1 820
7807 17245 5276989 1 800
7797 17229 5276999 1 778
7786 17207 5277009 1 679
7783 17200 5277019 1 625
7782 17195 5277029 1 570
7782 17192 5277039 1 513
7784 17189 5277049 1 457
7786 17187 5277059 1 400
7788 17185 5277069 1 346
7791 17184 5277079 1 294
7793 17183 5277089 1 269
7794 17182 5277099 1 245
7795 17181 5277109 1 200
7795 17180 5277119 1 161
7793 17179 5277129 1 128
7791 17180 5277139 1 101
7787 17180 5277149 1 81
7783 17182 5277159 1 70
7779 17184 5277169 1 71
7774 17186 5277179 1 73
7766 17192 5277189 1 118
7763 17195 5277199 1 159
7761 17197 5277209 1 213
7759 17199 5277219 1 279
7759 17200 5277229 1 360
7759 17201 5277239 1 455
7760 17200 5277249 1 566
7761 17199 5277259 1 693
7762 17197 5277269 1 838
7763 17194 5277279 1 980
7765 17191 5277289 1 979
7766 17188 5277299 1 979
7767 17185 5277309 1 978
7768 17182 5277319 1 977
7768 17179 5277329 1 976
7769 17177 5277339 1 975
7769 17175 5277349 1 974
7770 17175 5277359 1 973
7770 17177 5277369 1 973
7771 17179 5277379 1 972
7771 17181 5277389 1 971
