7752 17632 5512839 1 687
7752 17632 5512849 1 688
7752 17633 5512859 1 688
7753 17633 5512869 1 688
7753 17633 5512879 1 688
7753 17634 5512889 1 688
7753 17635 5512899 1 688
7753 17637 5512909 1 688
7752 17639 5512919 1 689
7752 17641 5512929 1 689
7754 17644 5512939 1 689
7759 17646 5512949 1 689
7768 17648 5512959 1 689
7780 17651 5512969 1 690
7793 17652 5512979 1 690
7805 17652 5512989 1 690
7817 17651 5512999 1 690
7825 17648 5513009 1 690
7831 17645 5513019 1 691
7834 17642 5513029 1 691
7833 17640 5513039 1 691
7830 17639 5513049 1 691
7826 17639 5513059 1 691
7816 17646 5513069 1 692
7812 17652 5513079 1 692
7810 17659 5513089 1 692
7809 17667 5513099 1 692
7810 17675 5513109 1 693
7813 17683 5513119 1 693
7818 17690 5513129 1 693
7824 17695 5513139 1 693
7830 17697 5513149 1 693
7836 17698 5513159 1 694
7841 17696 5513169 1 694
7845 17692 5513179 1 694
7848 17687 5513189 1 694
7849 17680 5513199 1 695
7849 17673 5513209 1 696
7848 17665 5513219 1 696
7847 17658 5513229 1 696
7847 17652 5513239 1 696
7847 17646 5513249 1 696
7848 17642 5513259 1 696
7850 17639 5513269 1 696
7852 17637 5513279 1 697
7854 17638 5513289 1 697
7859 17645 5513299 1 698
7861 17651 5513309 1 698
7863 17658 5513319 1 699
7864 17667 5513329 1 700
7866 17677 5513339 1 699
7867 17687 5513349 1 700
7869 17697 5513359 1 700
7870 17707 5513369 1 700
7873 17716 5513379 1 701
7875 17723 5513389 1 701
7878 17728 5513399 1 701
7880 17732 5513409 1 702
7883 17733 5513419 1 702
7885 17733 5513429 1 703
7888 17731 5513439 1 703
7890 17727 5513449 1 704
7891 17722 5513459 1 704
7892 17717 5513469 1 704
7892 17710 5513479 1 705
7892 17704 5513489 1 705
7892 17698 5513499 1 706
7891 17692 5513509 1 706
7890 17687 5513519 1 706
7888 17680 5513529 1 707
7887 17679 5513539 1 707
7886 17678 5513549 1 708
7884 17679 5513559 1 708
7881 17681 5513569 1 709
7879 17684 5513579 1 710
7877 17687 5513589 1 711
7875 17692 5513599 1 711
7873 17698 5513609 1 711
7872 17703 5513619 1 711
7872 17707 5513629 1 712
7873 17710 5513639 1 712
7875 17713 5513649 1 712
7879 17714 5513659 1 713
7883 17713 5513669 1 714
7887 17710 5513679 1 715
7891 17705 5513689 1 716
7895 17698 5513699 1 716
7898 17690 5513709 1 716
7900 17682 5513719 1 716
7901 17673 5513729 1 717
7901 17665 5513739 1 718
7900 17658 5513749 1 719
7897 17650 5513759 1 719
7895 17648 5513769 1 720
7893 17648 5513779 1 721
7892 17648 5513789 1 721
7892 17649 5513799 1 722
7893 17649 5513809 1 723
7895 17647 5513819 1 723
7898 17645 5513829 1 723
7901 17642 5513839 1 724
7904 17637 5513849 1 724
7907 17632 5513859 1 725
7910 17626 5513869 1 726
7911 17622 5513879 1 727
7912 17618 5513889 1 728
7911 17616 5513899 1 728
7911 17615 5513909 1 728
7909 17615 5513919 1 729
7907 17617 5513929 1 730
7906 17620 5513939 1 730
7904 17623 5513949 1 731
7903 17627 5513959 1 732
7902 17631 5513969 1 733
7902 17635 5513979 1 734
7905 17643 5513989 1 735
7907 17648 5513999 1 736
7910 17652 5514009 1 737
7915 17657 5514019 1 737
7919 17662 5514029 1 737
7924 17667 5514039 1 738
7929 17670 5514049 1 739
7934 17673 5514059 1 740
7938 17674 5514069 1 741
7942 17673 5514079 1 741
7944 17671 5514089 1 742
7946 17668 5514099 1 743
7946 17663 5514109 1 744
7944 17657 5514119 1 745
7942 17650 5514129 1 746
7938 17644 5514139 1 746
7933 17638 5514149 1 747
7928 17634 5514159 1 748
7922 17633 5514169 1 748
7917 17633 5514179 1 749
7912 17636 5514189 1 749
7907 17641 5514199 1 750
7904 17647 5514209 1 752
7901 17663 5514219 1 754
7901 17671 5514229 1 754
7903 17679 5514239 1 755
7905 17686 5514249 1 756
7908 17692 5514259 1 757
7910 17695 5514269 1 757
7913 17697 5514279 1 758
7916 17698 5514289 1 759
7918 17696 5514299 1 759
7919 17694 5514309 1 760
7921 17690 5514319 1 760
7922 17685 5514329 1 760
7922 17680 5514339 1 761
7922 17674 5514349 1 762
7922 17667 5514359 1 763
7921 17660 5514369 1 763
7920 17653 5514379 1 764
7919 17647 5514389 1 765
7918 17640 5514399 1 765
7918 17635 5514409 1 766
7917 17631 5514419 1 766
7918 17627 5514429 1 766
7918 17625 5514439 1 766
7920 17623 5514449 1 768
7921 17622 5514459 1 768
7922 17622 5514469 1 769
7923 17623 5514479 1 769
7924 17624 5514489 1 769
7925 17625 5514499 1 770
7925 17627 5514509 1 770
7924 17631 5514519 1 770
7923 17635 5514529 1 771
7921 17640 5514539 1 772
7917 17648 5514549 1 771
7914 17657 5514559 1 771
7909 17667 5514569 1 771
7905 17678 5514579 1 772
7900 17689 5514589 1 772
7896 17700 5514599 1 773
7893 17710 5514609 1 773
7891 17718 5514619 1 773
7891 17724 5514629 1 774
7892 17728 5514639 1 775
7895 17729 5514649 1 776
7899 17729 5514659 1 776
7904 17727 5514669 1 776
7915 17720 5514679 1 778
7920 17716 5514689 1 778
7923 17712 5514699 1 778
7925 17709 5514709 1 778
7925 17706 5514719 1 778
7923 17704 5514729 1 778
7919 17703 5514739 1 777
7914 17703 5514749 1 776
7908 17702 5514759 1 776
7902 17702 5514769 1 775
7896 17701 5514779 1 774
7891 17699 5514789 1 774
7887 17696 5514799 1 774
7886 17692 5514809 1 774
7887 17686 5514819 1 773
7890 17678 5514829 1 775
7896 17669 5514839 1 777
7904 17661 5514849 1 779
7913 17652 5514859 1 781
7923 17645 5514869 1 787
7934 17641 5514879 1 794
7943 17639 5514889 1 802
7950 17641 5514899 1 806
7957 17654 5514909 1 821
7956 17665 5514919 1 831
7951 17678 5514929 1 842
7944 17692 5514939 1 845
7934 17705 5514949 1 846
7922 17718 5514959 1 852
7911 17729 5514969 1 862
7899 17736 5514979 1 872
7889 17740 5514989 1 876
7882 17740 5514999 1 880
7877 17736 5515009 1 888
7875 17729 5515019 1 895
7878 17718 5515029 1 901
7884 17705 5515039 1 904
7893 17691 5515049 1 906
7906 17676 5515059 1 909
7922 17661 5515069 1 910
7939 17647 5515079 1 909
7957 17635 5515089 1 908
7976 17626 5515099 1 905
7992 17619 5515109 1 900
8007 17616 5515119 1 892
8020 17616 5515129 1 882
8034 17627 5515139 1 854
8030 17631 5515149 1 835
8013 17628 5515159 1 813
7991 17619 5515169 1 787
7970 17608 5515179 1 774
7953 17600 5515189 1 759
7939 17593 5515199 1 727
7926 17588 5515209 1 694
7916 17584 5515219 1 660
7907 17579 5515229 1 624
7900 17574 5515239 1 587
7895 17567 5515249 1 552
7892 17560 5515259 1 517
7890 17551 5515269 1 483
7890 17541 5515279 1 452
7890 17530 5515289 1 436
7891 17520 5515299 1 423
7893 17511 5515309 1 396
7895 17503 5515319 1 373
7896 17496 5515329 1 354
7898 17491 5515339 1 339
7898 17488 5515349 1 328
7899 17487 5515359 1 324
7900 17488 5515369 1 329
7901 17489 5515379 1 341
7901 17491 5515389 1 360
7901 17492 5515399 1 386
7902 17493 5515409 1 419
7902 17494 5515419 1 460
7902 17495 5515429 1 509
7901 17495 5515439 1 565
7900 17495 5515449 1 631
7898 17495 5515459 1 706
7896 17495 5515469 1 790
7892 17495 5515479 1 872
7888 17495 5515489 1 870
7883 17495 5515499 1 869
7877 17495 5515509 1 868
7872 17494 5515519 1 867
7867 17493 5515529 1 866
7864 17492 5515539 1 865
7861 17491 5515549 1 863
7860 17489 5515559 1 862
7861 17486 5515569 1 861
7864 17482 5515579 1 861
7867 17478 5515589 1 860
