7758 17748 8472424 1 690
7758 17749 8472434 1 691
7758 17749 8472444 1 692
7759 17749 8472454 1 693
7760 17750 8472464 1 694
7762 17750 8472474 1 694
7764 17750 8472484 1 695
7766 17751 8472494 1 696
7768 17752 8472504 1 697
7769 17753 8472514 1 697
7768 17753 8472524 1 698
7766 17752 8472534 1 699
7764 17752 8472544 1 700
7762 17752 8472554 1 701
7760 17753 8472564 1 702
7758 17754 8472574 1 702
7755 17754 8472584 1 703
7753 17755 8472594 1 704
7749 17756 8472604 1 705
7745 17757 8472614 1 706
7740 17759 8472624 1 706
7735 17760 8472634 1 707
7729 17762 8472644 1 709
7723 17763 8472654 1 710
7717 17766 8472664 1 711
7712 17768 8472674 1 711
7706 17770 8472684 1 712
7701 17773 8472694 1 712
7696 17775 8472704 1 713
7691 17777 8472714 1 715
7686 17780 8472724 1 715
7682 17782 8472734 1 715
7679 17784 8472744 1 716
7677 17785 8472754 1 717
7675 17787 8472764 1 718
7674 17789 8472774 1 719
7674 17790 8472784 1 719
7674 17792 8472794 1 721
7675 17792 8472804 1 722
7677 17792 8472814 1 723
7680 17792 8472824 1 724
7683 17791 8472834 1 724
7686 17790 8472844 1 725
7689 17788 8472854 1 726
7692 17786 8472864 1 727
7695 17784 8472874 1 728
7697 17781 8472884 1 729
7700 17778 8472894 1 729
7702 17775 8472904 1 729
7705 17772 8472914 1 730
7709 17769 8472924 1 731
7713 17767 8472934 1 732
7717 17764 8472944 1 733
7721 17763 8472954 1 734
7724 17761 8472964 1 735
7728 17760 8472974 1 736
7731 17760 8472984 1 737
7733 17760 8472994 1 738
7736 17761 8473004 1 738
7737 17762 8473014 1 739
7739 17763 8473024 1 740
7740 17764 8473034 1 741
7741 17766 8473044 1 742
7742 17767 8473054 1 743
7742 17768 8473064 1 743
7741 17769 8473074 1 744
7740 17769 8473084 1 745
7740 17769 8473094 1 747
7739 17770 8473104 1 748
7738 17770 8473114 1 748
7737 17770 8473124 1 748
7736 17770 8473134 1 749
7734 17770 8473144 1 750
7733 17770 8473154 1 751
7732 17771 8473164 1 753
7731 17773 8473174 1 753
7731 17774 8473184 1 753
7731 17776 8473194 1 754
7732 17778 8473204 1 755
7733 17780 8473214 1 756
7734 17782 8473224 1 757
7735 17784 8473234 1 758
7736 17787 8473244 1 759
7738 17789 8473254 1 760
7740 17790 8473264 1 761
7743 17791 8473274 1 762
7746 17792 8473284 1 763
7749 17792 8473294 1 764
7752 17791 8473304 1 764
7755 17790 8473314 1 764
7757 17789 8473324 1 766
7759 17787 8473334 1 767
7760 17786 8473344 1 768
7761 17784 8473354 1 768
7761 17781 8473364 1 769
7762 17779 8473374 1 769
7763 17776 8473384 1 770
7764 17774 8473394 1 772
7765 17772 8473404 1 773
7765 17770 8473414 1 774
7765 17769 8473424 1 775
7764 17768 8473434 1 775
7763 17768 8473444 1 776
7761 17768 8473454 1 777
7760 17768 8473464 1 778
7758 17768 8473474 1 779
7756 17769 8473484 1 780
7755 17770 8473494 1 781
7754 17772 8473504 1 781
7754 17773 8473514 1 782
7754 17774 8473524 1 783
7756 17774 8473534 1 784
7757 17775 8473544 1 786
7759 17775 8473554 1 787
7760 17774 8473564 1 787
7762 17773 8473574 1 788
7762 17773 8473584 1 789
7762 17772 8473594 1 789
7762 17771 8473604 1 790
7761 17770 8473614 1 792
7760 17770 8473624 1 792
7759 17770 8473634 1 792
7757 17770 8473644 1 793
7756 17769 8473654 1 794
7755 17769 8473664 1 795
7755 17769 8473674 1 796
7755 17769 8473684 1 797
7756 17770 8473694 1 798
7758 17770 8473704 1 799
7760 17771 8473714 1 800
7762 17772 8473724 1 801
7765 17773 8473734 1 802
7767 17773 8473744 1 803
7769 17773 8473754 1 804
7770 17772 8473764 1 804
7770 17771 8473774 1 805
7770 17770 8473784 1 806
7769 17768 8473794 1 807
7769 17766 8473804 1 808
7768 17764 8473814 1 809
7767 17763 8473824 1 810
7765 17762 8473834 1 811
7764 17761 8473844 1 812
7762 17760 8473854 1 812
7759 17759 8473864 1 813
7756 17758 8473874 1 814
7753 17758 8473884 1 815
7749 17758 8473894 1 816
7745 17759 8473904 1 817
7741 17760 8473914 1 818
7737 17761 8473924 1 818
7732 17762 8473934 1 819
7728 17764 8473944 1 820
7724 17766 8473954 1 821
7722 17768 8473964 1 822
7720 17770 8473974 1 823
7720 17772 8473984 1 824
7720 17775 8473994 1 825
7722 17777 8474004 1 826
7725 17780 8474014 1 827
7729 17781 8474024 1 828
7733 17783 8474034 1 829
7738 17784 8474044 1 830
7743 17784 8474054 1 831
7750 17784 8474064 1 831
7756 17783 8474074 1 832
7762 17782 8474084 1 833
7769 17781 8474094 1 834
7775 17781 8474104 1 835
7780 17780 8474114 1 836
7785 17780 8474124 1 836
7790 17780 8474134 1 837
7794 17781 8474144 1 838
7799 17781 8474154 1 839
7803 17782 8474164 1 840
7806 17783 8474174 1 841
7809 17784 8474184 1 842
7813 17784 8474194 1 843
7816 17785 8474204 1 844
7819 17785 8474214 1 845
7822 17786 8474224 1 846
7824 17788 8474234 1 846
7826 17789 8474244 1 847
7827 17792 8474254 1 848
7827 17794 8474264 1 849
7827 17797 8474274 1 850
7826 17800 8474284 1 851
7824 17803 8474294 1 853
7823 17807 8474304 1 854
7822 17810 8474314 1 854
7821 17814 8474324 1 855
7820 17817 8474334 1 856
7821 17821 8474344 1 857
7822 17824 8474354 1 858
7823 17828 8474364 1 859
7826 17831 8474374 1 860
7828 17834 8474384 1 861
7831 17838 8474394 1 862
7834 17841 8474404 1 862
7837 17844 8474414 1 863
7841 17846 8474424 1 864
7846 17849 8474434 1 864
7852 17851 8474444 1 866
7859 17853 8474454 1 867
7874 17858 8474464 1 869
7882 17860 8474474 1 870
7890 17862 8474484 1 870
7898 17864 8474494 1 871
7905 17866 8474504 1 872
7911 17868 8474514 1 873
7917 17869 8474524 1 874
7921 17869 8474534 1 875
7925 17869 8474544 1 876
7929 17868 8474554 1 877
7932 17867 8474564 1 878
7934 17866 8474574 1 879
7935 17865 8474584 1 880
7935 17865 8474594 1 881
7934 17865 8474604 1 882
7932 17865 8474614 1 883
7929 17865 8474624 1 884
7925 17866 8474634 1 885
7921 17867 8474644 1 886
7917 17868 8474654 1 887
7913 17870 8474664 1 888
7909 17871 8474674 1 888
7905 17874 8474684 1 889
7902 17876 8474694 1 890
7900 17878 8474704 1 891
7897 17880 8474714 1 892
7895 17881 8474724 1 893
7892 17882 8474734 1 895
7890 17883 8474744 1 896
7888 17883 8474754 1 896
7886 17883 8474764 1 897
7884 17883 8474774 1 897
7882 17883 8474784 1 898
7880 17882 8474794 1 899
7879 17882 8474804 1 900
7877 17881 8474814 1 901
7875 17880 8474824 1 902
7875 17880 8474834 1 903
7874 17879 8474844 1 904
7874 17879 8474854 1 905
7874 17878 8474864 1 906
7874 17878 8474874 1 907
7873 17877 8474884 1 908
7873 17877 8474894 1 909
7872 17876 8474904 1 910
7870 17875 8474914 1 911
7869 17875 8474924 1 912
7867 17874 8474934 1 913
7864 17874 8474944 1 914
7862 17874 8474954 1 915
7859 17874 8474964 1 916
7855 17875 8474974 1 917
7852 17875 8474984 1 918
7848 17875 8474994 1 918
7844 17875 8475004 1 919
7840 17874 8475014 1 920
7837 17874 8475024 1 921
7834 17874 8475034 1 923
7832 17874 8475044 1 924
7830 17874 8475054 1 925
7829 17874 8475064 1 926
7829 17875 8475074 1 927
7829 17875 8475084 1 928
7829 17876 8475094 1 929
7830 17876 8475104 1 929
7831 17875 8475114 1 930
7833 17875 8475124 1 931
7834 17874 8475134 1 932
7835 17872 8475144 1 933
7836 17871 8475154 1 933
7836 17869 8475164 1 934
7836 17867 8475174 1 935
7835 17865 8475184 1 937
7833 17863 8475194 1 938
7832 17861 8475204 1 939
7830 17859 8475214 1 940
7827 17857 8475224 1 941
7825 17855 8475234 1 941
7823 17853 8475244 1 942
7821 17851 8475254 1 943
7820 17848 8475264 1 944
7819 17845 8475274 1 945
7820 17842 8475284 1 946
7820 17838 8475294 1 947
7820 17835 8475304 1 948
7821 17831 8475314 1 949
7821 17827 8475324 1 950
7820 17824 8475334 1 952
7820 17820 8475344 1 953
7819 17817 8475354 1 954
7819 17814 8475364 1 955
7817 17812 8475374 1 955
7816 17809 8475384 1 956
7814 17807 8475394 1 957
7812 17805 8475404 1 958
7811 17803 8475414 1 959
7809 17801 8475424 1 960
7807 17799 8475434 1 961
7806 17797 8475444 1 962
7804 17796 8475454 1 963
7802 17795 8475464 1 964
7801 17794 8475474 1 965
7799 17793 8475484 1 967
7797 17792 8475494 1 968
7794 17791 8475504 1 969
7790 17791 8475514 1 970
7787 17791 8475524 1 970
7783 17791 8475534 1 971
7781 17791 8475544 1 972
7778 17791 8475554 1 973
7777 17791 8475564 1 974
7776 17790 8475574 1 975
7776 17789 8475584 1 976
7776 17788 8475594 1 977
7776 17787 8475604 1 978
7777 17786 8475614 1 979
7777 17784 8475624 1 980
7777 17782 8475634 1 981
7777 17780 8475644 1 982
7779 17779 8475654 1 983
7781 17777 8475664 1 984
7783 17776 8475674 1 985
7786 17774 8475684 1 985
7788 17773 8475694 1 986
7791 17771 8475704 1 987
7793 17770 8475714 1 988
7795 17769 8475724 1 989
7798 17768 8475734 1 990
7800 17767 8475744 1 991
7802 17767 8475754 1 992
7805 17766 8475764 1 993
7807 17766 8475774 1 994
7809 17766 8475784 1 996
7810 17766 8475794 1 997
7811 17767 8475804 1 998
7812 17767 8475814 1 999
7812 17768 8475824 1 1000
7812 17769 8475834 1 1001
7812 17770 8475844 1 1002
7812 17771 8475854 1 1003
7811 17771 8475864 1 1004
7809 17772 8475874 1 1004
7807 17772 8475884 1 1005
7804 17772 8475894 1 1006
7801 17772 8475904 1 1007
7798 17773 8475914 1 1007
7795 17774 8475924 1 1007
7792 17775 8475934 1 1007
7790 17777 8475944 1 1008
7788 17778 8475954 1 1008
7787 17780 8475964 1 1008
7786 17782 8475974 1 1008
7786 17784 8475984 1 1008
7787 17786 8475994 1 1008
7788 17787 8476004 1 1008
7789 17789 8476014 1 1008
7790 17791 8476024 1 1008
7791 17792 8476034 1 1008
7792 17794 8476044 1 1008
7792 17795 8476054 1 1008
7793 17796 8476064 1 1008
7793 17796 8476074 1 1008
7795 17797 8476084 1 1008
7797 17797 8476094 1 1008
7799 17797 8476104 1 1008
7802 17796 8476114 1 1008
7805 17795 8476124 1 1008
7809 17795 8476134 1 1008
7812 17794 8476144 1 1008
7815 17793 8476154 1 1008
7818 17792 8476164 1 1008
7821 17791 8476174 1 1008
7823 17791 8476184 1 1008
7825 17790 8476194 1 1008
7828 17789 8476204 1 1008
7831 17789 8476214 1 1008
7834 17788 8476224 1 1008
7837 17788 8476234 1 1008
7839 17788 8476244 1 1008
7842 17787 8476254 1 1009
7844 17787 8476264 1 1009
7846 17786 8476274 1 1009
7848 17786 8476284 1 1009
7849 17785 8476294 1 1009
7850 17785 8476304 1 1009
7850 17785 8476314 1 1009
7851 17786 8476324 1 1009
7850 17786 8476334 1 1009
7849 17787 8476344 1 1009
7848 17787 8476354 1 1009
7846 17788 8476364 1 1009
7844 17788 8476374 1 1009
7842 17789 8476384 1 1009
7840 17790 8476394 1 1009
7838 17792 8476404 1 1010
7837 17793 8476414 1 1010
7835 17794 8476424 1 1010
7834 17795 8476434 1 1010
7833 17796 8476444 1 1010
7833 17797 8476454 1 1010
7832 17798 8476464 1 1010
7832 17798 8476474 1 1010
7832 17798 8476484 1 1010
7831 17797 8476494 1 1010
7828 17796 8476504 1 1010
7826 17795 8476514 1 1010
7823 17794 8476524 1 1010
7820 17793 8476534 1 1010
7817 17793 8476544 1 1010
7813 17792 8476554 1 1011
7808 17792 8476564 1 1011
7804 17792 8476574 1 1011
7801 17792 8476584 1 1011
7798 17793 8476594 1 1011
7796 17794 8476604 1 1011
7795 17795 8476614 1 1011
7795 17796 8476624 1 1011
7796 17797 8476634 1 1011
7797 17798 8476644 1 1011
7800 17798 8476654 1 1011
7802 17799 8476664 1 1011
7805 17799 8476674 1 1011
7808 17799 8476684 1 1011
7812 17798 8476694 1 1011
7814 17798 8476704 1 1011
7817 17797 8476714 1 1011
7820 17797 8476724 1 1011
7822 17796 8476734 1 1011
7824 17795 8476744 1 1011
7827 17795 8476754 1 1011
7829 17794 8476764 1 1011
7833 17794 8476774 1 1011
7836 17794 8476784 1 1011
7841 17793 8476794 1 1011
7845 17793 8476804 1 1011
7849 17793 8476814 1 1011
7853 17792 8476824 1 1011
7856 17791 8476834 1 1011
7858 17790 8476844 1 1011
7861 17790 8476854 1 1012
7863 17789 8476864 1 1012
7865 17789 8476874 1 1012
7867 17788 8476884 1 1012
7868 17788 8476894 1 1012
7870 17787 8476904 1 1012
7872 17787 8476914 1 1012
7873 17786 8476924 1 1012
7875 17786 8476934 1 1012
7876 17786 8476944 1 1012
7876 17786 8476954 1 1012
7876 17786 8476964 1 1012
7876 17786 8476974 1 1012
7875 17787 8476984 1 1012
7874 17788 8476994 1 1012
7873 17789 8477004 1 1012
7872 17789 8477014 1 1012
7871 17790 8477024 1 1012
7870 17791 8477034 1 1012
7869 17791 8477044 1 1012
7869 17792 8477054 1 1012
7868 17793 8477064 1 1012
7869 17793 8477074 1 1012
7870 17794 8477084 1 1012
7871 17795 8477094 1 1012
7873 17795 8477104 1 1012
7875 17796 8477114 1 1012
7877 17796 8477124 1 1012
7879 17797 8477134 1 1012
7882 17797 8477144 1 1012
7884 17798 8477154 1 1012
7886 17799 8477164 1 1013
7888 17800 8477174 1 1013
7889 17801 8477184 1 1013
7890 17803 8477194 1 1013
7891 17804 8477204 1 1013
7891 17806 8477214 1 1013
7890 17808 8477224 1 1013
7889 17809 8477234 1 1013
7886 17811 8477244 1 1013
7884 17812 8477254 1 1013
7881 17812 8477264 1 1013
7877 17812 8477274 1 1013
7873 17812 8477284 1 1013
7869 17812 8477294 1 1013
7865 17811 8477304 1 1013
7861 17810 8477314 1 1013
7858 17809 8477324 1 1013
7855 17808 8477334 1 1013
7853 17808 8477344 1 1013
7851 17807 8477354 1 1013
7849 17807 8477364 1 1013
7849 17807 8477374 1 1013
7848 17807 8477384 1 1013
7849 17807 8477394 1 1013
7850 17808 8477404 1 1013
7851 17810 8477414 1 1013
7852 17811 8477424 1 1013
7853 17813 8477434 1 1013
7855 17815 8477444 1 1013
7856 17816 8477454 1 1013
7857 17818 8477464 1 1014
7859 17819 8477474 1 1014
7861 17820 8477484 1 1014
7863 17820 8477494 1 1015
7864 17821 8477504 1 1014
7866 17822 8477514 1 1015
7867 17822 8477524 1 1015
7868 17823 8477534 1 1015
7868 17823 8477544 1 1015
7868 17823 8477554 1 1015
7868 17822 8477564 1 1015
7868 17821 8477574 1 1015
7867 17821 8477584 1 1015
7868 17820 8477594 1 1015
7868 17818 8477604 1 1015
7868 17817 8477614 1 1015
7869 17816 8477624 1 1015
7869 17814 8477634 1 1015
7869 17813 8477644 1 1015
7869 17812 8477654 1 1015
7869 17811 8477664 1 1015
7869 17811 8477674 1 1015
7869 17810 8477684 1 1015
7868 17811 8477694 1 1015
7868 17811 8477704 1 1015
7868 17812 8477714 1 1015
7868 17813 8477724 1 1015
7870 17814 8477734 1 1015
7872 17815 8477744 1 1015
7875 17816 8477754 1 1015
7879 17816 8477764 1 1015
7882 17817 8477774 1 1016
7886 17818 8477784 1 1016
7890 17819 8477794 1 1016
7894 17820 8477804 1 1016
7897 17821 8477814 1 1016
7901 17822 8477824 1 1016
7903 17823 8477834 1 1016
7906 17824 8477844 1 1016
7908 17825 8477854 1 1016
7910 17825 8477864 1 1016
7911 17826 8477874 1 1016
7912 17826 8477884 1 1016
7912 17827 8477894 1 1016
7912 17827 8477904 1 1016
7911 17827 8477914 1 1016
7910 17827 8477924 1 1016
7908 17827 8477934 1 1016
7906 17827 8477944 1 1016
7904 17827 8477954 1 1016
7903 17826 8477964 1 1016
7902 17826 8477974 1 1016
7901 17825 8477984 1 1016
7900 17825 8477994 1 1016
7900 17824 8478004 1 1016
7900 17823 8478014 1 1016
7900 17822 8478024 1 1016
7900 17820 8478034 1 1016
7900 17819 8478044 1 1016
7900 17817 8478054 1 1016
7901 17816 8478064 1 1016
7902 17814 8478074 1 1016
7904 17813 8478084 1 1017
7907 17812 8478094 1 1017
7910 17811 8478104 1 1017
7913 17810 8478114 1 1017
7916 17809 8478124 1 1017
7920 17808 8478134 1 1017
7923 17807 8478144 1 1017
7926 17807 8478154 1 1017
7929 17806 8478164 1 1017
7931 17806 8478174 1 1017
7934 17807 8478184 1 1017
7936 17808 8478194 1 1017
7938 17809 8478204 1 1017
7939 17811 8478214 1 1017
7941 17813 8478224 1 1017
7941 17815 8478234 1 1017
7942 17817 8478244 1 1017
7941 17818 8478254 1 1017
7940 17820 8478264 1 1017
7938 17820 8478274 1 1017
7935 17821 8478284 1 1017
7932 17821 8478294 1 1017
7928 17822 8478304 1 1017
7924 17822 8478314 1 1017
7920 17821 8478324 1 1017
7916 17820 8478334 1 1017
7912 17819 8478344 1 1017
7909 17818 8478354 1 1017
7905 17817 8478364 1 1017
7902 17816 8478374 1 1017
7899 17815 8478384 1 1018
7897 17814 8478394 1 1019
7895 17813 8478404 1 1018
7894 17811 8478414 1 1018
7893 17810 8478424 1 1018
7893 17808 8478434 1 1018
7893 17807 8478444 1 1018
7893 17806 8478454 1 1018
7894 17805 8478464 1 1018
7894 17805 8478474 1 1018
7895 17805 8478484 1 1018
7896 17805 8478494 1 1018
7897 17805 8478504 1 1018
7898 17805 8478514 1 1018
7898 17806 8478524 1 1018
7899 17806 8478534 1 1018
7902 17807 8478544 1 1018
7903 17808 8478554 1 1019
7905 17808 8478564 1 1019
7907 17808 8478574 1 1019
7909 17808 8478584 1 1019
7910 17808 8478594 1 1019
7911 17808 8478604 1 1019
7911 17807 8478614 1 1019
7911 17807 8478624 1 1019
7911 17806 8478634 1 1019
7910 17805 8478644 1 1019
7911 17804 8478654 1 1019
7911 17803 8478664 1 1019
7912 17803 8478674 1 1019
7912 17802 8478684 1 1019
7913 17802 8478694 1 1020
7912 17801 8478704 1 1020
7912 17801 8478714 1 1020
7911 17800 8478724 1 1020
7910 17800 8478734 1 1020
7909 17799 8478744 1 1020
7908 17799 8478754 1 1020
7908 17799 8478764 1 1020
7906 17800 8478774 1 1020
7905 17800 8478784 1 1020
7904 17800 8478794 1 1020
7902 17801 8478804 1 1020
7900 17802 8478814 1 1020
7897 17802 8478824 1 1020
7894 17803 8478834 1 1020
7891 17803 8478844 1 1020
7888 17804 8478854 1 1020
7886 17804 8478864 1 1020
7883 17805 8478874 1 1020
7881 17805 8478884 1 1020
7880 17805 8478894 1 1020
7879 17806 8478904 1 1020
7879 17806 8478914 1 1020
7879 17806 8478924 1 1020
7880 17806 8478934 1 1020
7881 17806 8478944 1 1020
7882 17806 8478954 1 1020
7883 17806 8478964 1 1020
7883 17807 8478974 1 1020
7884 17807 8478984 1 1020
7884 17808 8478994 1 1021
7884 17809 8479004 1 1021
7885 17809 8479014 1 1021
7885 17810 8479024 1 1021
7885 17810 8479034 1 1021
7885 17810 8479044 1 1021
7884 17809 8479054 1 1021
7884 17809 8479064 1 1021
7883 17808 8479074 1 1021
7883 17807 8479084 1 1021
7882 17806 8479094 1 1021
7881 17806 8479104 1 1021
7881 17806 8479114 1 1021
7880 17805 8479124 1 1021
7879 17806 8479134 1 954
7878 17806 8479144 1 1021
7878 17806 8479154 1 1021
7877 17807 8479164 1 9
7877 17808 8479174 1 9
7877 17808 8479184 1 9
7877 17808 8479194 1 8
7877 17809 8479204 1 7
7877 17809 8479214 1 7
7877 17809 8479224 1 7
7876 17809 8479234 1 7
7876 17809 8479244 1 7
7875 17809 8479254 1 6
7874 17809 8479264 1 6
7873 17809 8479274 1 6
7872 17809 8479284 1 6
7871 17809 8479294 1 6
7870 17809 8479304 1 6
7869 17809 8479314 1 5
7868 17808 8479324 1 5
7867 17808 8479334 1 5
7867 17808 8479344 1 5
7867 17807 8479354 1 5
7868 17807 8479364 1 4
7868 17806 8479374 1 3
7869 17805 8479384 1 3
7870 17804 8479394 1 3
7871 17802 8479404 1 3
7871 17801 8479414 1 3
7872 17800 8479424 1 2
7873 17798 8479434 1 2
7873 17797 8479444 1 2
7874 17797 8479454 1 2
7875 17796 8479464 1 2
7876 17796 8479474 1 2
7876 17795 8479484 1 1
7876 17796 8479494 1 1
7875 17796 8479504 1 1
7875 17796 8479514 1 1
7875 17797 8479524 1 1
7875 17797 8479534 0 0
7875 17798 8479544 0 0
7875 17799 8479554 0 0
7875 17800 8479564 0 0
7875 17801 8479574 0 0
7875 17802 8479584 0 0
7875 17803 8479594 0 0
7875 17804 8479604 0 0
7874 17804 8479614 0 0
7873 17805 8479624 0 0
7873 17805 8479634 0 0
7872 17805 8479644 0 0
7872 17805 8479654 0 0
7872 17805 8479664 1 4
7872 17806 8479674 1 15
7873 17806 8479684 1 31
7874 17806 8479694 1 53
7874 17806 8479704 1 79
7875 17806 8479714 1 109
7876 17807 8479724 1 144
7876 17807 8479734 1 183
7876 17807 8479744 1 225
7877 17807 8479754 1 270
7876 17808 8479764 1 317
7876 17808 8479774 1 367
7875 17809 8479784 1 420
7874 17810 8479794 1 473
7874 17811 8479804 1 529
7873 17813 8479814 1 585
7871 17815 8479824 1 642
7870 17816 8479834 1 699
7868 17818 8479844 1 756
7867 17819 8479854 1 813
7865 17820 8479864 1 868
7863 17821 8479874 1 917
7861 17821 8479884 1 940
7859 17821 8479894 1 958
7858 17822 8479904 1 990
7857 17822 8479914 1 1012
7856 17821 8479924 1 1021
7855 17821 8479934 1 1021
7855 17820 8479944 1 1021
7855 17819 8479954 1 1021
7855 17818 8479964 1 1021
7855 17817 8479974 1 1021
7855 17816 8479984 1 1021
7856 17815 8479994 1 1021
7857 17814 8480004 1 1021
7859 17814 8480014 1 1021
7860 17813 8480024 1 1021
7861 17812 8480034 1 1021
7863 17812 8480044 1 1021
7864 17811 8480054 1 1021
7866 17811 8480064 1 1021
7868 17811 8480074 1 1021
7870 17811 8480084 1 1021
7873 17812 8480094 1 1021
7876 17814 8480104 1 1021
7879 17815 8480114 1 1021
7883 17817 8480124 1 1021
7886 17818 8480134 1 1021
7889 17820 8480144 1 1021
7891 17821 8480154 1 1021
7893 17822 8480164 1 1021
7894 17823 8480174 1 1021
7895 17825 8480184 1 1021
7895 17826 8480194 1 1021
7895 17827 8480204 1 1021
7894 17828 8480214 1 1020
7893 17829 8480224 1 1020
7891 17829 8480234 1 1020
7888 17831 8480244 1 1020
7885 17832 8480254 1 1020
7882 17833 8480264 1 1020
7879 17835 8480274 1 1020
7876 17836 8480284 1 1020
7874 17838 8480294 1 1020
7872 17839 8480304 1 1020
7870 17840 8480314 1 1020
7869 17840 8480324 1 1020
7869 17841 8480334 1 1020
7869 17841 8480344 1 1020
7870 17841 8480354 1 1020
7872 17840 8480364 1 1020
7874 17840 8480374 1 1020
7876 17839 8480384 1 1020
7878 17838 8480394 1 1020
7880 17837 8480404 1 1020
7881 17835 8480414 1 1020
7883 17834 8480424 1 1020
7885 17832 8480434 1 1020
7886 17831 8480444 1 1020
7887 17829 8480454 1 1020
7887 17829 8480464 1 1020
7887 17828 8480474 1 1020
7887 17828 8480484 1 1020
7886 17828 8480494 1 1020
7886 17828 8480504 1 1020
7885 17828 8480514 1 1019
7884 17829 8480524 1 1019
7883 17829 8480534 1 1019
7881 17830 8480544 1 1019
7880 17831 8480554 1 1019
7880 17832 8480564 1 1018
7880 17832 8480574 1 1018
7883 17833 8480584 1 1018
7884 17833 8480594 1 1018
7887 17833 8480604 1 1018
7889 17832 8480614 1 1018
7892 17832 8480624 1 1018
7896 17831 8480634 1 1018
7899 17831 8480644 1 1018
7903 17830 8480654 1 1018
7907 17830 8480664 1 1018
7911 17830 8480674 1 1018
7915 17830 8480684 1 1018
7919 17831 8480694 1 1018
7923 17831 8480704 1 1018
7927 17832 8480714 1 1018
7930 17832 8480724 1 1018
7932 17832 8480734 1 1018
7934 17832 8480744 1 1018
7934 17832 8480754 1 1018
7934 17831 8480764 1 1018
7933 17830 8480774 1 1018
7931 17829 8480784 1 1018
7928 17828 8480794 1 1018
7924 17827 8480804 1 1018
7920 17826 8480814 1 1017
7916 17824 8480824 1 1017
7911 17823 8480834 1 1017
7907 17822 8480844 1 1017
7902 17821 8480854 1 1017
7898 17821 8480864 1 1017
7895 17820 8480874 1 1017
7892 17819 8480884 1 1017
7890 17819 8480894 1 1017
7888 17818 8480904 1 1017
7886 17818 8480914 1 1017
7884 17817 8480924 1 1017
7883 17817 8480934 1 1017
7883 17816 8480944 1 1017
7882 17815 8480954 1 1017
7883 17815 8480964 1 1017
7883 17815 8480974 1 1017
7883 17814 8480984 1 1017
7882 17814 8480994 1 1017
7882 17813 8481004 1 1017
7882 17813 8481014 1 1017
7882 17812 8481024 1 1017
7881 17811 8481034 1 1017
7881 17810 8481044 1 1017
7880 17809 8481054 1 1017
7879 17808 8481064 1 1017
7878 17807 8481074 1 1017
7877 17806 8481084 1 1017
7877 17806 8481094 1 1017
7877 17806 8481104 1 1017
7877 17806 8481114 1 1016
7878 17806 8481124 1 1016
7879 17807 8481134 1 1016
7880 17807 8481144 1 1016
7881 17808 8481154 1 1016
7882 17809 8481164 1 1016
7883 17809 8481174 1 1016
7885 17810 8481184 1 1016
7886 17811 8481194 1 1016
7887 17812 8481204 1 1016
7888 17812 8481214 1 1016
7890 17813 8481224 1 1016
7891 17813 8481234 1 1016
7893 17812 8481244 1 1016
7896 17812 8481254 1 1016
7898 17811 8481264 1 1016
7901 17810 8481274 1 1016
7904 17809 8481284 1 1016
7907 17808 8481294 1 1016
7910 17807 8481304 1 1016
7912 17806 8481314 1 1016
7914 17805 8481324 1 1016
7916 17803 8481334 1 1016
7916 17802 8481344 1 1016
7917 17801 8481354 1 1016
7917 17800 8481364 1 1016
7917 17799 8481374 1 1016
7916 17798 8481384 1 1016
7915 17798 8481394 1 1016
7914 17798 8481404 1 1016
7913 17798 8481414 1 1016
7911 17799 8481424 1 1015
7910 17799 8481434 1 1015
7909 17800 8481444 1 1015
7907 17802 8481454 1 1015
7905 17803 8481464 1 1015
7903 17804 8481474 1 1015
7901 17805 8481484 1 1015
7899 17806 8481494 1 1015
7896 17807 8481504 1 1015
7894 17807 8481514 1 1015
7892 17807 8481524 1 1015
7891 17807 8481534 1 1015
7890 17807 8481544 1 1015
7890 17806 8481554 1 1015
7891 17806 8481564 1 1015
7893 17806 8481574 1 1015
7894 17806 8481584 1 1015
7896 17806 8481594 1 1015
7898 17806 8481604 1 1014
7900 17806 8481614 1 1014
7903 17806 8481624 1 1014
7906 17806 8481634 1 1014
7909 17806 8481644 1 1014
7913 17806 8481654 1 1014
7916 17806 8481664 1 1014
7920 17806 8481674 1 1014
7923 17805 8481684 1 1014
7925 17805 8481694 1 1014
7926 17805 8481704 1 1014
7927 17804 8481714 1 1014
7927 17804 8481724 1 1014
7927 17803 8481734 1 1013
7926 17802 8481744 1 1013
7926 17802 8481754 1 1013
7925 17801 8481764 1 1013
7924 17801 8481774 1 1013
7924 17800 8481784 1 1013
7924 17800 8481794 1 1013
7925 17800 8481804 1 1013
7925 17799 8481814 1 1013
7926 17799 8481824 1 1013
7927 17798 8481834 1 1013
7928 17798 8481844 1 1013
7930 17798 8481854 1 1013
7931 17798 8481864 1 1013
7933 17798 8481874 1 1013
7934 17799 8481884 1 1013
7934 17799 8481894 1 1013
7934 17800 8481904 1 1013
7933 17801 8481914 1 1013
7932 17801 8481924 1 1013
7930 17802 8481934 1 1013
7927 17802 8481944 1 1013
7925 17802 8481954 1 1013
7924 17803 8481964 1 1013
7923 17803 8481974 1 1013
7923 17803 8481984 1 1013
7924 17803 8481994 1 1013
7925 17803 8482004 1 1013
7926 17803 8482014 1 1013
7928 17803 8482024 1 1013
7930 17804 8482034 1 1012
7932 17804 8482044 1 1012
7933 17805 8482054 1 1012
7934 17806 8482064 1 1012
7935 17806 8482074 1 1012
7936 17807 8482084 1 1012
7937 17808 8482094 1 1012
7938 17809 8482104 1 1012
7939 17809 8482114 1 1012
7940 17810 8482124 1 1012
7941 17811 8482134 1 1012
7942 17812 8482144 1 1012
7942 17813 8482154 1 1012
7941 17814 8482164 1 1012
7940 17814 8482174 1 1012
7938 17815 8482184 1 1012
7936 17815 8482194 1 1012
7935 17815 8482204 1 1012
7935 17816 8482214 1 1012
7935 17817 8482224 1 1012
7936 17818 8482234 1 1012
7937 17819 8482244 1 1012
7938 17821 8482254 1 1012
7938 17822 8482264 1 1012
7938 17823 8482274 1 1012
7938 17824 8482284 1 1012
7937 17824 8482294 1 1012
7936 17823 8482304 1 1012
7934 17823 8482314 1 1012
7932 17821 8482324 1 1012
7929 17820 8482334 1 1012
7927 17818 8482344 1 1011
7924 17817 8482354 1 1011
7921 17815 8482364 1 1011
7919 17813 8482374 1 1011
7917 17812 8482384 1 1011
7916 17810 8482394 1 1011
7914 17809 8482404 1 1011
7914 17808 8482414 1 1011
7915 17807 8482424 1 1011
7916 17806 8482434 1 1011
7918 17806 8482444 1 1011
7921 17805 8482454 1 1011
7924 17805 8482464 1 1011
7928 17804 8482474 1 1011
7932 17804 8482484 1 1011
7935 17804 8482494 1 1011
7938 17804 8482504 1 1011
7941 17804 8482514 1 1011
7942 17804 8482524 1 1011
7944 17804 8482534 1 1011
7945 17804 8482544 1 1011
7946 17804 8482554 1 1011
7947 17804 8482564 1 1011
7949 17803 8482574 1 1011
7950 17803 8482584 1 1011
7951 17803 8482594 1 1011
7952 17802 8482604 1 1011
7952 17801 8482614 1 1011
7952 17799 8482624 1 1011
7951 17797 8482634 1 1010
7950 17796 8482644 1 1010
7948 17795 8482654 1 1010
7946 17794 8482664 1 1010
7943 17793 8482674 1 1010
7940 17792 8482684 1 1010
7938 17791 8482694 1 1010
7936 17791 8482704 1 1010
7934 17791 8482714 1 1009
7933 17791 8482724 1 1009
7932 17792 8482734 1 1009
7932 17793 8482744 1 1009
7933 17794 8482754 1 1009
7934 17796 8482764 1 1009
7935 17798 8482774 1 1009
7936 17799 8482784 1 1009
7937 17801 8482794 1 1009
7939 17803 8482804 1 1009
7940 17804 8482814 1 1009
7941 17806 8482824 1 1009
7943 17808 8482834 1 1009
7944 17809 8482844 1 1009
7944 17811 8482854 1 1009
7944 17812 8482864 1 1008
7944 17813 8482874 1 1009
7943 17814 8482884 1 1009
7942 17814 8482894 1 940
7941 17814 8482904 1 719
7941 17814 8482914 1 473
7940 17814 8482924 1 206
7939 17813 8482934 1 75
7938 17812 8482944 1 76
7937 17811 8482954 1 76
7936 17810 8482964 1 76
7936 17809 8482974 1 76
7935 17807 8482984 1 76
7934 17806 8482994 1 76
7934 17805 8483004 1 77
7935 17804 8483014 1 78
7936 17803 8483024 1 77
7938 17802 8483034 1 77
7940 17802 8483044 1 78
7942 17802 8483054 1 78
7944 17802 8483064 1 79
7946 17803 8483074 1 79
7948 17804 8483084 1 79
7950 17804 8483094 1 79
7950 17806 8483104 1 79
7950 17807 8483114 1 79
7950 17809 8483124 1 80
7949 17811 8483134 1 80
7947 17812 8483144 1 80
7946 17814 8483154 1 80
7944 17815 8483164 1 80
7941 17816 8483174 1 80
7938 17816 8483184 1 81
7935 17816 8483194 1 81
7931 17816 8483204 1 81
7926 17816 8483214 1 81
7922 17815 8483224 1 81
7918 17814 8483234 1 81
7914 17814 8483244 1 82
7911 17813 8483254 1 82
7908 17812 8483264 1 83
7905 17812 8483274 1 83
7903 17811 8483284 1 83
7902 17810 8483294 1 84
7901 17809 8483304 1 84
7899 17809 8483314 1 84
7898 17809 8483324 1 84
7898 17809 8483334 1 84
7897 17809 8483344 1 84
7898 17810 8483354 1 85
7899 17811 8483364 1 85
7902 17811 8483374 1 85
7904 17813 8483384 1 85
7908 17814 8483394 1 85
7911 17816 8483404 1 86
7914 17818 8483414 1 86
7918 17820 8483424 1 86
7921 17822 8483434 1 1007
7924 17824 8483444 1 1007
7927 17827 8483454 1 1007
7930 17829 8483464 1 1024
7932 17831 8483474 1 1007
7935 17833 8483484 1 1007
7939 17835 8483494 1 1007
7942 17836 8483504 1 88
7946 17837 8483514 1 88
7950 17838 8483524 1 89
7953 17838 8483534 1 89
7956 17838 8483544 1 89
7959 17837 8483554 1 89
7961 17836 8483564 1 89
7962 17836 8483574 1 90
7963 17835 8483584 1 90
7964 17835 8483594 1 90
7965 17834 8483604 1 90
7966 17834 8483614 1 99
7967 17834 8483624 1 118
7968 17834 8483634 1 148
7969 17835 8483644 1 185
7969 17834 8483654 1 229
7969 17834 8483664 1 278
7969 17834 8483674 1 334
7968 17833 8483684 1 392
7967 17833 8483694 1 517
7965 17832 8483704 1 581
7963 17832 8483714 1 644
7960 17832 8483724 1 705
7958 17831 8483734 1 764
7956 17831 8483744 1 819
7955 17831 8483754 1 868
7954 17831 8483764 1 912
7954 17832 8483774 1 949
7953 17833 8483784 1 977
7954 17834 8483794 1 997
7954 17836 8483804 1 1006
7955 17838 8483814 1 1006
7956 17840 8483824 1 1006
7957 17842 8483834 1 1006
7958 17844 8483844 1 1006
7960 17845 8483854 1 1005
7961 17846 8483864 1 1005
7963 17847 8483874 1 1005
7964 17847 8483884 1 1004
7965 17846 8483894 1 1004
7965 17845 8483904 1 1004
7966 17844 8483914 1 1004
7966 17842 8483924 1 1004
7966 17839 8483934 1 1004
7967 17837 8483944 1 1004
7969 17835 8483954 1 1004
7970 17833 8483964 1 1004
7972 17831 8483974 1 1004
7974 17829 8483984 1 1004
7977 17828 8483994 1 1004
7980 17826 8484004 1 1004
7984 17825 8484014 1 1004
7987 17824 8484024 1 1004
7990 17822 8484034 1 1004
7993 17821 8484044 1 1004
7996 17820 8484054 1 1004
7998 17820 8484064 1 1004
7999 17819 8484074 1 1004
8001 17819 8484084 1 1004
8001 17819 8484094 1 1004
8001 17819 8484104 1 1004
8001 17820 8484114 1 1004
8001 17820 8484124 1 1004
8000 17820 8484134 1 1004
7999 17820 8484144 1 1004
7998 17821 8484154 1 1003
7997 17821 8484164 1 1003
7996 17822 8484174 1 1003
7995 17823 8484184 1 1003
7994 17823 8484194 1 1003
7993 17824 8484204 1 1003
7991 17824 8484214 1 1003
7990 17825 8484224 1 1003
7988 17826 8484234 1 1003
7986 17826 8484244 1 1003
7984 17827 8484254 1 1003
7983 17828 8484264 1 1003
7983 17829 8484274 1 1003
7982 17830 8484284 1 1003
7981 17830 8484294 1 1003
7981 17830 8484304 1 1003
7980 17830 8484314 1 1003
7978 17830 8484324 1 1003
7977 17829 8484334 1 1003
7975 17829 8484344 1 1003
7974 17828 8484354 1 1003
7972 17828 8484364 1 1003
7971 17827 8484374 1 1003
7970 17828 8484384 1 1003
7969 17828 8484394 1 1003
7968 17829 8484404 1 1003
7968 17830 8484414 1 1003
7969 17831 8484424 1 1003
7969 17833 8484434 1 1003
7971 17835 8484444 1 1003
7972 17837 8484454 1 1003
7975 17839 8484464 1 1002
7977 17841 8484474 1 1002
7981 17843 8484484 1 1002
7984 17844 8484494 1 1002
7989 17845 8484504 1 1002
7993 17846 8484514 1 1002
7997 17846 8484524 1 1002
8000 17846 8484534 1 1002
8003 17847 8484544 1 1002
8005 17846 8484554 1 1002
8007 17846 8484564 1 1002
8009 17846 8484574 1 1002
8010 17845 8484584 1 1002
8012 17843 8484594 1 1002
8013 17842 8484604 1 1002
8013 17841 8484614 1 1002
8013 17839 8484624 1 1002
8012 17839 8484634 1 1002
8010 17838 8484644 1 1002
8008 17838 8484654 1 1002
8001 17839 8484664 1 1002
7997 17840 8484674 1 1002
7993 17841 8484684 1 114
7989 17841 8484694 1 114
7984 17841 8484704 1 114
7981 17841 8484714 1 115
7977 17841 8484724 1 115
7974 17841 8484734 1 115
7972 17841 8484744 1 115
7969 17840 8484754 1 115
7968 17840 8484764 1 116
7967 17840 8484774 1 116
7967 17840 8484784 1 116
7967 17840 8484794 1 125
7967 17841 8484804 1 144
7967 17841 8484814 1 172
7967 17841 8484824 1 207
7967 17841 8484834 1 250
7967 17842 8484844 1 298
7966 17842 8484854 1 352
7966 17843 8484864 1 409
7967 17844 8484874 1 468
7968 17844 8484884 1 590
7970 17845 8484894 1 651
7971 17846 8484904 1 711
7972 17846 8484914 1 767
7973 17846 8484924 1 820
7973 17846 8484934 1 868
7973 17846 8484944 1 911
7973 17845 8484954 1 946
7973 17844 8484964 1 974
7972 17844 8484974 1 992
7972 17844 8484984 1 1001
7973 17843 8484994 1 1001
7974 17843 8485004 1 1001
7976 17842 8485014 1 1001
7978 17842 8485024 1 1001
7980 17840 8485034 1 1001
7983 17839 8485044 1 1001
7985 17838 8485054 1 1001
7988 17837 8485064 1 1000
7990 17835 8485074 1 1000
7991 17834 8485084 1 1000
7993 17832 8485094 1 1000
7994 17830 8485104 1 1000
7995 17828 8485114 1 999
7995 17827 8485124 1 999
7995 17825 8485134 1 999
7994 17824 8485144 1 999
7994 17823 8485154 1 999
7994 17821 8485164 1 999
7994 17820 8485174 1 999
7994 17818 8485184 1 999
7995 17816 8485194 1 999
7995 17814 8485204 1 999
7995 17812 8485214 1 999
7995 17809 8485224 1 999
7994 17807 8485234 1 999
7994 17805 8485244 1 999
7993 17803 8485254 1 999
7993 17801 8485264 1 999
7993 17800 8485274 1 999
7993 17799 8485284 1 999
7994 17799 8485294 1 999
7994 17799 8485304 1 999
7995 17800 8485314 1 999
7995 17800 8485324 1 999
7995 17801 8485334 1 999
7994 17801 8485344 1 999
7992 17802 8485354 1 999
7990 17802 8485364 1 999
7989 17802 8485374 1 998
7987 17803 8485384 1 998
7986 17803 8485394 1 998
7987 17803 8485404 1 998
7988 17803 8485414 1 998
7990 17803 8485424 1 998
7992 17803 8485434 1 998
7995 17803 8485444 1 998
7999 17804 8485454 1 998
8002 17804 8485464 1 998
8004 17805 8485474 1 998
8006 17805 8485484 1 998
8008 17805 8485494 1 998
8009 17805 8485504 1 998
8010 17805 8485514 1 998
8012 17805 8485524 1 998
8013 17805 8485534 1 998
8014 17806 8485544 1 998
8015 17806 8485554 1 998
8015 17806 8485564 1 998
8015 17807 8485574 1 998
8016 17807 8485584 1 998
8016 17807 8485594 1 998
8016 17807 8485604 1 998
8015 17807 8485614 1 998
8015 17806 8485624 1 998
8015 17805 8485634 1 998
8015 17805 8485644 1 998
8014 17804 8485654 1 998
8014 17803 8485664 1 997
8014 17803 8485674 1 997
8012 17802 8485684 1 997
8011 17802 8485694 1 997
8008 17802 8485704 1 997
8005 17803 8485714 1 997
8002 17804 8485724 1 997
7999 17805 8485734 1 997
7996 17806 8485744 1 997
7993 17808 8485754 1 997
7990 17809 8485764 1 997
7988 17810 8485774 1 997
7986 17812 8485784 1 997
7986 17813 8485794 1 997
7985 17814 8485804 1 997
7986 17814 8485814 1 997
7986 17815 8485824 1 997
7988 17815 8485834 1 997
7989 17816 8485844 1 997
7992 17816 8485854 1 997
7994 17817 8485864 1 997
7997 17817 8485874 1 997
8000 17816 8485884 1 997
8003 17816 8485894 1 997
8006 17815 8485904 1 997
8009 17814 8485914 1 997
8011 17813 8485924 1 997
8013 17812 8485934 1 997
8014 17811 8485944 1 997
8015 17809 8485954 1 996
8015 17808 8485964 1 996
8015 17807 8485974 1 996
8013 17805 8485984 1 996
8011 17804 8485994 1 996
8008 17802 8486004 1 996
8005 17800 8486014 1 996
8001 17799 8486024 1 996
7998 17798 8486034 1 996
7995 17796 8486044 1 996
7993 17795 8486054 1 996
7992 17794 8486064 1 996
7990 17793 8486074 1 996
7989 17792 8486084 1 996
7987 17792 8486094 1 996
7986 17791 8486104 1 996
7986 17792 8486114 1 996
7986 17792 8486124 1 996
7986 17793 8486134 1 996
7987 17794 8486144 1 996
7988 17796 8486154 1 996
7989 17797 8486164 1 996
7990 17798 8486174 1 996
7992 17798 8486184 1 996
7994 17799 8486194 1 996
7998 17800 8486204 1 996
8001 17800 8486214 1 996
8005 17801 8486224 1 996
8009 17801 8486234 1 996
8012 17802 8486244 1 995
8014 17802 8486254 1 995
8016 17801 8486264 1 995
8016 17801 8486274 1 995
8016 17800 8486284 1 995
8016 17800 8486294 1 995
8015 17799 8486304 1 995
8014 17798 8486314 1 995
8013 17798 8486324 1 995
8012 17797 8486334 1 995
8010 17797 8486344 1 995
8008 17797 8486354 1 995
8005 17797 8486364 1 995
8003 17797 8486374 1 995
8001 17797 8486384 1 995
7999 17797 8486394 1 995
7997 17797 8486404 1 995
7996 17797 8486414 1 995
7996 17797 8486424 1 995
7996 17796 8486434 1 994
7997 17795 8486444 1 994
7998 17794 8486454 1 994
8000 17793 8486464 1 994
8003 17792 8486474 1 994
8006 17792 8486484 1 994
8010 17791 8486494 1 994
8014 17790 8486504 1 994
8018 17789 8486514 1 994
8023 17788 8486524 1 993
8027 17788 8486534 1 993
8031 17787 8486544 1 993
8035 17787 8486554 1 993
8038 17787 8486564 1 993
8040 17787 8486574 1 993
8041 17788 8486584 1 993
8041 17789 8486594 1 993
8040 17790 8486604 1 993
8038 17792 8486614 1 993
8036 17793 8486624 1 993
8034 17794 8486634 1 993
8031 17796 8486644 1 993
8028 17797 8486654 1 993
8024 17798 8486664 1 993
8020 17800 8486674 1 993
8016 17801 8486684 1 993
