8134 18634 6266435 1 673
7835 18360 6266445 1 637
7682 18220 6266455 1 604
7625 18167 6266465 1 573
7614 18157 6266475 1 544
7610 18153 6266485 1 519
7608 18151 6266495 1 497
7599 18143 6266505 1 476
7597 18141 6266515 1 467
7600 18144 6266525 1 459
7601 18145 6266535 1 443
7602 18146 6266545 1 431
7603 18146 6266555 1 426
7604 18147 6266565 1 421
7605 18148 6266575 1 412
7607 18149 6266585 1 406
7608 18150 6266595 1 403
7608 18151 6266605 1 401
7610 18152 6266615 1 397
7611 18154 6266625 1 396
7612 18155 6266635 1 398
7613 18157 6266645 1 400
7614 18159 6266655 1 404
7614 18159 6266665 1 405
7615 18160 6266675 1 406
7615 18160 6266685 1 409
7616 18162 6266695 1 416
7617 18164 6266705 1 423
7618 18166 6266715 1 432
7620 18168 6266725 1 442
7621 18170 6266735 1 453
7621 18172 6266745 1 464
7622 18172 6266755 1 470
7622 18173 6266765 1 477
7623 18174 6266775 1 490
7623 18175 6266785 1 498
7622 18175 6266795 1 505
7622 18176 6266805 1 520
7623 18176 6266815 1 534
7623 18176 6266825 1 551
7623 18176 6266835 1 559
7623 18175 6266845 1 566
7623 18174 6266855 1 583
7624 18173 6266865 1 600
7624 18172 6266875 1 616
7624 18171 6266885 1 633
7624 18170 6266895 1 641
7624 18169 6266905 1 650
7625 18168 6266915 1 657
7625 18167 6266925 1 666
7625 18166 6266935 1 683
7626 18164 6266945 1 698
7626 18163 6266955 1 714
7627 18161 6266965 1 730
7627 18160 6266975 1 745
7628 18160 6266985 1 759
7628 18159 6266995 1 767
7628 18159 6267005 1 773
7628 18159 6267015 1 779
7629 18159 6267025 1 785
7629 18159 6267035 1 798
7629 18158 6267045 1 809
7629 18158 6267055 1 819
7629 18157 6267065 1 829
7629 18157 6267075 1 834
7629 18157 6267085 1 838
7628 18156 6267095 1 846
7628 18154 6267105 1 852
7627 18153 6267115 1 857
7627 18152 6267125 1 859
7626 18151 6267135 1 861
7625 18149 6267145 1 863
7624 18148 6267155 1 864
7623 18147 6267165 1 864
7621 18144 6267175 1 863
7620 18141 6267185 1 861
7618 18137 6267195 1 857
7615 18133 6267205 1 852
7613 18129 6267215 1 844
7610 18125 6267225 1 836
7609 18123 6267235 1 832
7609 18123 6267245 1 831
7607 18121 6267255 1 824
7604 18117 6267265 1 811
7602 18113 6267275 1 796
7599 18109 6267285 1 780
7597 18105 6267295 1 760
7594 18102 6267305 1 739
7593 18100 6267315 1 728
7592 18099 6267325 1 716
7589 18097 6267335 1 689
7587 18095 6267345 1 660
7586 18095 6267355 1 647
7585 18095 6267365 1 630
7583 18095 6267375 1 596
7581 18096 6267385 1 561
7580 18097 6267395 1 544
7579 18098 6267405 1 524
7577 18101 6267415 1 484
7575 18105 6267425 1 443
7573 18110 6267435 1 401
7571 18116 6267445 1 357
7570 18123 6267455 1 311
7569 18127 6267465 1 288
7569 18128 6267475 1 283
7569 18131 6267485 1 266
7568 18139 6267495 1 218
7567 18148 6267505 1 172
7566 18158 6267515 1 123
7565 18168 6267525 1 76
7565 18178 6267535 1 28
7565 18188 6267545 0 0
7565 18192 6267555 0 0
7565 18197 6267565 0 0
7565 18207 6267575 0 0
7566 18212 6267585 0 0
7567 18216 6267595 0 0
7567 18225 6267605 0 0
7567 18233 6267615 0 0
7568 18241 6267625 0 0
7568 18245 6267635 0 0
7568 18248 6267645 0 0
7569 18254 6267655 0 0
7570 18259 6267665 0 0
7571 18263 6267675 0 0
7572 18266 6267685 0 0
7573 18267 6267695 0 0
7574 18268 6267705 0 0
7574 18268 6267715 0 0
7575 18268 6267725 0 0
7576 18268 6267735 0 0
7577 18267 6267745 0 0
7578 18265 6267755 0 0
7579 18262 6267765 0 0
7579 18258 6267775 0 0
7580 18254 6267785 0 0
7581 18252 6267795 0 0
7581 18250 6267805 0 0
7582 18247 6267815 0 0
7582 18244 6267825 0 0
7583 18240 6267835 0 0
7584 18235 6267845 0 0
7586 18231 6267855 0 0
7587 18226 6267865 0 0
7588 18224 6267875 0 0
7589 18223 6267885 0 0
7591 18219 6267895 0 0
7593 18216 6267905 0 0
7595 18214 6267915 0 0
7595 18213 6267925 0 0
7596 18212 6267935 0 0
7597 18210 6267945 0 0
7598 18210 6267955 0 0
7599 18209 6267965 0 0
7601 18208 6267975 0 0
7603 18207 6267985 0 0
7605 18207 6267995 0 0
7607 18207 6268005 0 0
7609 18207 6268015 0 0
7611 18207 6268025 0 0
7612 18207 6268035 0 0
7612 18207 6268045 0 0
7613 18207 6268055 0 0
7615 18208 6268065 0 0
7617 18208 6268075 0 0
7619 18208 6268085 0 0
7621 18208 6268095 0 0
7624 18208 6268105 0 0
7625 18208 6268115 0 0
7626 18208 6268125 0 0
7628 18207 6268135 0 0
7630 18207 6268145 0 0
7631 18207 6268155 0 0
7632 18206 6268165 0 0
7634 18205 6268175 0 0
7636 18204 6268185 0 0
7637 18203 6268195 0 0
7638 18203 6268205 0 0
7640 18201 6268215 0 0
7642 18200 6268225 0 0
7644 18198 6268235 0 0
7646 18196 6268245 0 0
7648 18195 6268255 0 0
7649 18194 6268265 0 0
7650 18194 6268275 0 0
7651 18193 6268285 0 0
7653 18192 6268295 1 13
7654 18190 6268305 1 46
7656 18189 6268315 1 77
7658 18188 6268325 1 109
7660 18187 6268335 1 141
7661 18186 6268345 1 173
7662 18185 6268355 1 188
7663 18185 6268365 1 205
7664 18184 6268375 1 235
7665 18183 6268385 1 251
7665 18183 6268395 1 266
7666 18182 6268405 1 298
7667 18181 6268415 1 328
7667 18179 6268425 1 358
7667 18179 6268435 1 373
7668 18178 6268445 1 388
7668 18177 6268455 1 417
7669 18175 6268465 1 445
7670 18173 6268475 1 473
7670 18172 6268485 1 500
7670 18170 6268495 1 514
7670 18169 6268505 1 527
7670 18169 6268515 1 538
7670 18168 6268525 1 554
7671 18166 6268535 1 578
7671 18164 6268545 1 603
7671 18163 6268555 1 626
7671 18161 6268565 1 649
7671 18160 6268575 1 670
7670 18158 6268585 1 691
7670 18157 6268595 1 702
7670 18157 6268605 1 711
7669 18156 6268615 1 721
7669 18156 6268625 1 729
7668 18155 6268635 1 748
7667 18154 6268645 1 764
7666 18153 6268655 1 779
7665 18153 6268665 1 792
7665 18153 6268675 1 799
7664 18153 6268685 1 805
7663 18152 6268695 1 817
7662 18152 6268705 1 827
7661 18153 6268715 1 836
7661 18153 6268725 1 839
7660 18153 6268735 1 843
7659 18154 6268745 1 850
7658 18155 6268755 1 853
7658 18155 6268765 1 855
7657 18157 6268775 1 860
7656 18158 6268785 1 863
7655 18160 6268795 1 866
7654 18162 6268805 1 868
7654 18164 6268815 1 869
7653 18166 6268825 1 870
7653 18167 6268835 1 870
7653 18167 6268845 1 870
7653 18168 6268855 1 870
7652 18170 6268865 1 870
7652 18173 6268875 1 869
7652 18175 6268885 1 868
7652 18177 6268895 1 867
7652 18178 6268905 1 865
7652 18179 6268915 1 864
7652 18179 6268925 1 863
7652 18180 6268935 1 862
7652 18181 6268945 1 860
7652 18181 6268955 1 860
7653 18181 6268965 1 859
7653 18182 6268975 1 856
7653 18182 6268985 1 855
7653 18182 6268995 1 854
7653 18182 6269005 1 854
7653 18182 6269015 1 854
7653 18181 6269025 1 853
7653 18181 6269035 1 854
7653 18181 6269045 1 854
7653 18181 6269055 1 855
7653 18180 6269065 1 855
7653 18180 6269075 1 855
7653 18180 6269085 1 856
7653 18180 6269095 1 857
7653 18180 6269105 1 858
7653 18180 6269115 1 861
7652 18180 6269125 1 863
7652 18180 6269135 1 864
7652 18181 6269145 1 866
7652 18181 6269155 1 868
7652 18181 6269165 1 868
7652 18181 6269175 1 869
7652 18182 6269185 1 871
7652 18182 6269195 1 872
7652 18183 6269205 1 873
7652 18183 6269215 1 875
7652 18184 6269225 1 876
7652 18184 6269235 1 877
7652 18185 6269245 1 877
7652 18186 6269255 1 878
7652 18187 6269265 1 880
7651 18188 6269275 1 881
7651 18189 6269285 1 883
7651 18189 6269295 1 883
7650 18189 6269305 1 884
7650 18190 6269315 1 884
7650 18190 6269325 1 885
7650 18191 6269335 1 886
7650 18192 6269345 1 887
7650 18192 6269355 1 888
7650 18193 6269365 1 889
7651 18193 6269375 1 890
7651 18194 6269385 1 891
7651 18194 6269395 1 892
7651 18194 6269405 1 892
7651 18194 6269415 1 892
7652 18194 6269425 1 893
7652 18194 6269435 1 894
7652 18194 6269445 1 895
7653 18193 6269455 1 896
7653 18193 6269465 1 897
7654 18193 6269475 1 898
7654 18192 6269485 1 898
7654 18192 6269495 1 899
7655 18191 6269505 1 900
7655 18190 6269515 1 902
7655 18190 6269525 1 903
7656 18189 6269535 1 903
7656 18188 6269545 1 904
7656 18188 6269555 1 905
7656 18188 6269565 1 906
7657 18187 6269575 1 907
7658 18186 6269585 1 908
7658 18186 6269595 1 909
7659 18186 6269605 1 910
7659 18185 6269615 1 911
7659 18185 6269625 1 912
7660 18186 6269635 1 913
7660 18186 6269645 1 913
7660 18186 6269655 1 913
7661 18186 6269665 1 915
7661 18187 6269675 1 916
7662 18187 6269685 1 917
7662 18188 6269695 1 918
7663 18189 6269705 1 919
7663 18190 6269715 1 920
7664 18190 6269725 1 920
7664 18191 6269735 1 921
7665 18192 6269745 1 922
7665 18193 6269755 1 923
7666 18193 6269765 1 923
7666 18195 6269775 1 924
7667 18196 6269785 1 925
7667 18196 6269795 1 926
7668 18197 6269805 1 926
7669 18198 6269815 1 927
7670 18199 6269825 1 928
7671 18200 6269835 1 929
7672 18201 6269845 1 930
7673 18202 6269855 1 932
7674 18203 6269865 1 932
7674 18203 6269875 1 932
7674 18203 6269885 1 933
7676 18204 6269895 1 934
7676 18204 6269905 1 935
7677 18205 6269915 1 936
7678 18206 6269925 1 937
7679 18207 6269935 1 938
7679 18207 6269945 1 939
7679 18208 6269955 1 940
7680 18208 6269965 1 940
7680 18209 6269975 1 941
7680 18209 6269985 1 941
7680 18209 6269995 1 942
7680 18210 6270005 1 943
7681 18211 6270015 1 944
7681 18211 6270025 1 945
7681 18211 6270035 1 945
7681 18212 6270045 1 945
7682 18212 6270055 1 946
7683 18213 6270065 1 947
7683 18213 6270075 1 948
7684 18214 6270085 1 949
7684 18214 6270095 1 950
7685 18214 6270105 1 950
7685 18215 6270115 1 950
7685 18215 6270125 1 951
7686 18215 6270135 1 952
7687 18215 6270145 1 953
7688 18214 6270155 1 954
7689 18214 6270165 1 954
7689 18214 6270175 1 955
7690 18213 6270185 1 956
7691 18213 6270195 1 957
7691 18212 6270205 1 957
7692 18212 6270215 1 958
7692 18212 6270225 1 958
7693 18211 6270235 1 959
7694 18210 6270245 1 960
7695 18208 6270255 1 961
7695 18207 6270265 1 962
7696 18206 6270275 1 962
7696 18206 6270285 1 963
7696 18204 6270295 1 964
7696 18203 6270305 1 965
7697 18201 6270315 1 966
7696 18200 6270325 1 966
7696 18200 6270335 1 967
7696 18199 6270345 1 967
7697 18198 6270355 1 967
7697 18197 6270365 1 967
7697 18196 6270375 1 968
7697 18196 6270385 1 969
7698 18195 6270395 1 970
7699 18195 6270405 1 971
7699 18195 6270415 1 972
7700 18195 6270425 1 973
7700 18195 6270435 1 973
7701 18195 6270445 1 973
7701 18196 6270455 1 974
7702 18197 6270465 1 975
7702 18197 6270475 1 976
7702 18199 6270485 1 976
7702 18200 6270495 1 977
7702 18201 6270505 1 978
7701 18201 6270515 1 978
7701 18202 6270525 1 978
7701 18204 6270535 1 979
7700 18205 6270545 1 980
7699 18206 6270555 1 980
7698 18206 6270565 1 981
7698 18207 6270575 1 982
7697 18208 6270585 1 983
7696 18208 6270595 1 983
7696 18209 6270605 1 983
7695 18209 6270615 1 984
7695 18209 6270625 1 985
7694 18209 6270635 1 985
7694 18208 6270645 1 986
7693 18207 6270655 1 987
7693 18207 6270665 1 987
7693 18207 6270675 1 988
7693 18206 6270685 1 988
7693 18204 6270695 1 988
7694 18202 6270705 1 989
7694 18200 6270715 1 990
7695 18198 6270725 1 991
7695 18195 6270735 1 992
7695 18192 6270745 1 992
7695 18191 6270755 1 992
7695 18189 6270765 1 992
7695 18186 6270775 1 993
7695 18184 6270785 1 994
7695 18182 6270795 1 994
7695 18179 6270805 1 995
7695 18177 6270815 1 996
7695 18174 6270825 1 997
7695 18173 6270835 1 997
7694 18172 6270845 1 997
7694 18170 6270855 1 998
7693 18169 6270865 1 999
7693 18168 6270875 1 1000
7692 18167 6270885 1 1001
7692 18167 6270895 1 1001
7691 18167 6270905 1 1002
7691 18167 6270915 1 1003
7690 18167 6270925 1 1003
7690 18168 6270935 1 1005
7689 18169 6270945 1 1006
7688 18170 6270955 1 1007
7687 18172 6270965 1 1009
7686 18174 6270975 1 1010
7686 18176 6270985 1 1011
7686 18177 6270995 1 1012
7685 18178 6271005 1 1012
7685 18179 6271015 1 1013
7685 18180 6271025 1 1014
7684 18182 6271035 1 1016
7684 18184 6271045 1 1017
7684 18185 6271055 1 1018
7684 18187 6271065 1 1019
7684 18188 6271075 1 1020
7684 18188 6271085 1 1021
7683 18190 6271095 1 1023
7683 18191 6271105 1 1024
7682 18192 6271115 1 1024
7682 18192 6271125 1 1024
7681 18192 6271135 1 1024
7681 18193 6271145 1 1024
7681 18193 6271155 1 1024
7680 18193 6271165 1 1024
7680 18193 6271175 1 1024
7680 18192 6271185 1 1024
7679 18192 6271195 1 1024
7679 18191 6271205 1 1024
7679 18190 6271215 1 1024
7679 18189 6271225 1 1024
7679 18188 6271235 1 1024
7679 18188 6271245 1 1024
7679 18188 6271255 1 1024
7679 18186 6271265 1 1024
7679 18185 6271275 1 1024
7679 18184 6271285 1 1024
7679 18183 6271295 1 1024
7679 18181 6271305 1 1024
7679 18181 6271315 1 1024
7679 18181 6271325 1 1024
7680 18180 6271335 1 1024
7680 18179 6271345 1 1024
7680 18178 6271355 1 1024
7680 18178 6271365 1 1024
7680 18178 6271375 1 1024
7681 18178 6271385 1 1024
7681 18178 6271395 1 1024
7681 18178 6271405 1 1024
7681 18178 6271415 1 1024
7682 18178 6271425 1 1024
7682 18178 6271435 1 1024
7682 18179 6271445 1 1024
7682 18179 6271455 1 1024
7683 18179 6271465 1 1024
7683 18179 6271475 1 1024
7683 18180 6271485 1 1024
7683 18180 6271495 1 1024
7683 18181 6271505 1 1024
7683 18181 6271515 1 1024
7684 18182 6271525 1 1024
7684 18182 6271535 1 1024
7684 18182 6271545 1 1024
7685 18183 6271555 1 1024
7685 18182 6271565 1 1024
7685 18182 6271575 1 1024
7685 18182 6271585 1 1024
7685 18182 6271595 1 1024
7685 18182 6271605 1 1024
7686 18181 6271615 1 1024
7685 18181 6271625 1 1024
7685 18181 6271635 1 1024
7685 18180 6271645 1 1024
7685 18180 6271655 1 1024
7685 18179 6271665 1 1024
7685 18179 6271675 1 1024
7685 18179 6271685 1 1024
7684 18178 6271695 1 1024
7684 18178 6271705 1 1024
7684 18178 6271715 1 1024
7684 18178 6271725 1 1024
7684 18178 6271735 1 1024
7685 18178 6271745 1 1024
7685 18179 6271755 1 1024
7685 18179 6271765 1 1024
7685 18180 6271775 1 1024
7685 18181 6271785 1 1024
7685 18181 6271795 1 1024
7686 18181 6271805 1 1024
7686 18182 6271815 1 1024
7686 18182 6271825 1 1024
7686 18182 6271835 1 1024
7686 18183 6271845 1 1024
7685 18183 6271855 1 1024
7685 18184 6271865 1 1024
7685 18184 6271875 1 1024
7685 18184 6271885 1 1024
7685 18185 6271895 1 1024
7685 18186 6271905 1 1024
7685 18186 6271915 1 1024
7685 18187 6271925 1 1024
7685 18187 6271935 1 1024
7685 18187 6271945 1 1024
7685 18187 6271955 1 1024
7685 18188 6271965 1 1024
7686 18188 6271975 1 1024
7686 18188 6271985 1 1024
7687 18189 6271995 1 1024
7687 18189 6272005 1 1024
7688 18189 6272015 1 1024
7688 18190 6272025 1 1024
7688 18190 6272035 1 1024
7688 18190 6272045 1 1024
7689 18190 6272055 1 1024
7689 18191 6272065 1 1024
7689 18191 6272075 1 1024
7690 18191 6272085 1 1024
7690 18192 6272095 1 1024
7690 18191 6272105 1 1024
7690 18191 6272115 1 1024
7690 18191 6272125 1 1024
7689 18191 6272135 1 1024
7689 18190 6272145 1 1024
7688 18190 6272155 1 1024
7688 18190 6272165 1 1024
7688 18189 6272175 1 1024
7687 18189 6272185 1 1024
7687 18188 6272195 1 1024
7687 18188 6272205 1 1024
7687 18188 6272215 1 1024
7687 18187 6272225 1 1024
7687 18187 6272235 1 1024
7687 18187 6272245 1 1024
7687 18186 6272255 1 1024
7687 18186 6272265 1 1024
7687 18186 6272275 1 1024
7688 18186 6272285 1 1024
7688 18185 6272295 1 1024
7688 18185 6272305 1 1024
7688 18184 6272315 1 1024
7689 18184 6272325 1 1024
7689 18184 6272335 1 1024
7689 18184 6272345 1 1024
7689 18183 6272355 1 1024
7689 18183 6272365 1 1024
7689 18183 6272375 1 1024
7689 18183 6272385 1 1024
7689 18183 6272395 1 1024
7689 18182 6272405 1 1024
7688 18182 6272415 1 1024
7688 18182 6272425 1 1024
7688 18182 6272435 1 1024
7687 18181 6272445 1 1024
7687 18181 6272455 1 1024
7686 18181 6272465 1 1024
7685 18180 6272475 1 1024
7684 18180 6272485 1 1024
7684 18180 6272495 1 1024
7683 18179 6272505 1 1024
7683 18179 6272515 1 1024
7683 18179 6272525 1 1024
7682 18179 6272535 1 1024
7681 18178 6272545 1 1024
7680 18178 6272555 1 1024
7679 18177 6272565 1 1024
7677 18177 6272575 1 1024
7676 18177 6272585 1 1024
7676 18176 6272595 1 1024
7675 18176 6272605 1 1024
7675 18176 6272615 1 1024
7674 18176 6272625 1 1024
7673 18176 6272635 1 1024
7672 18175 6272645 1 1024
7671 18175 6272655 1 1024
7670 18175 6272665 1 1024
7670 18175 6272675 1 1024
7669 18175 6272685 1 1024
7668 18175 6272695 1 1024
7668 18175 6272705 1 1024
7667 18176 6272715 1 1024
7667 18176 6272725 1 1024
7667 18177 6272735 1 1024
7667 18177 6272745 1 1024
7667 18178 6272755 1 1024
7667 18178 6272765 1 1024
7666 18179 6272775 1 1024
7666 18180 6272785 1 1024
7666 18181 6272795 1 1024
7665 18182 6272805 1 1024
7665 18183 6272815 1 1024
7664 18184 6272825 1 1024
7664 18185 6272835 1 1024
7664 18185 6272845 1 1024
7664 18186 6272855 1 1024
7664 18187 6272865 1 1024
7664 18189 6272875 1 1024
7664 18190 6272885 1 1024
7664 18192 6272895 1 1024
7664 18194 6272905 1 1024
7664 18194 6272915 1 1024
7664 18195 6272925 1 1024
7664 18197 6272935 1 1024
7665 18198 6272945 1 1024
7665 18199 6272955 1 1024
7665 18200 6272965 1 1024
7665 18201 6272975 1 1024
7665 18202 6272985 1 1024
7665 18203 6272995 1 1024
7665 18203 6273005 1 1024
7664 18204 6273015 1 1024
7664 18205 6273025 1 1024
7664 18205 6273035 1 1024
7664 18205 6273045 1 1024
7663 18205 6273055 1 1024
7663 18205 6273065 1 1024
7663 18205 6273075 1 1024
7663 18205 6273085 1 1024
7663 18204 6273095 1 1024
7662 18204 6273105 1 1024
7662 18204 6273115 1 1024
7661 18203 6273125 1 1024
7661 18202 6273135 1 1024
7660 18202 6273145 1 1024
7660 18201 6273155 1 1024
7659 18201 6273165 1 1024
7658 18200 6273175 1 1024
7658 18199 6273185 1 1024
7657 18199 6273195 1 1024
7657 18198 6273205 1 1024
7656 18197 6273215 1 1024
7656 18197 6273225 1 1024
7656 18197 6273235 1 1024
7655 18196 6273245 1 1024
7655 18196 6273255 1 1024
7655 18195 6273265 1 1024
7655 18196 6273275 1 1024
7655 18195 6273285 1 1024
7655 18196 6273295 1 1024
7656 18196 6273305 1 1024
7656 18196 6273315 1 1024
7656 18196 6273325 1 1024
7657 18196 6273335 1 1024
7658 18197 6273345 1 1024
7659 18197 6273355 1 1024
7660 18198 6273365 1 1024
7660 18198 6273375 1 1024
7661 18199 6273385 1 1024
7662 18200 6273395 1 1024
7662 18200 6273405 1 1024
7662 18200 6273415 1 1024
7663 18200 6273425 1 1024
7664 18201 6273435 1 1024
7665 18201 6273445 1 1024
7667 18201 6273455 1 1024
7668 18201 6273465 1 1024
7669 18201 6273475 1 1024
7670 18201 6273485 1 1024
7672 18201 6273495 1 1024
7674 18201 6273505 1 1024
7676 18200 6273515 1 1024
7677 18200 6273525 1 1024
7679 18200 6273535 1 1024
7681 18199 6273545 1 1024
7682 18198 6273555 1 1024
7683 18198 6273565 1 1024
7685 18197 6273575 1 1024
7688 18195 6273585 1 1024
7690 18194 6273595 1 1024
7692 18193 6273605 1 1024
7694 18192 6273615 1 1024
7695 18191 6273625 1 1024
7696 18191 6273635 1 1024
7697 18191 6273645 1 1024
7697 18190 6273655 1 1024
7698 18189 6273665 1 1024
7699 18188 6273675 1 1024
7700 18188 6273685 1 1024
7700 18187 6273695 1 1024
7700 18187 6273705 1 1024
7700 18187 6273715 1 1024
7700 18187 6273725 1 1024
7700 18187 6273735 1 1024
7700 18187 6273745 1 1024
7700 18188 6273755 1 1024
7699 18188 6273765 1 1024
7699 18188 6273775 1 1024
7699 18189 6273785 1 1024
7699 18190 6273795 1 1024
7699 18191 6273805 1 1024
7699 18192 6273815 1 1024
7699 18193 6273825 1 1024
7699 18194 6273835 1 1024
7698 18196 6273845 1 1024
7698 18196 6273855 1 1024
7699 18196 6273865 1 1024
7699 18198 6273875 1 1024
7699 18199 6273885 1 1024
7700 18200 6273895 1 1024
7700 18201 6273905 1 1024
7700 18202 6273915 1 1024
7700 18203 6273925 1 1024
7700 18204 6273935 1 1024
7700 18205 6273945 1 1024
7700 18206 6273955 1 1024
7700 18207 6273965 1 1024
7700 18207 6273975 1 1024
7699 18208 6273985 1 1024
7699 18209 6273995 1 1024
7698 18209 6274005 1 1024
7698 18209 6274015 1 1024
7697 18210 6274025 1 1024
7696 18210 6274035 1 1024
7696 18210 6274045 1 1024
7695 18211 6274055 1 1024
7694 18211 6274065 1 1024
7693 18211 6274075 1 1024
7692 18212 6274085 1 1024
7692 18212 6274095 1 1024
7691 18212 6274105 1 1024
7690 18213 6274115 1 1024
7689 18213 6274125 1 1024
7689 18213 6274135 1 1024
7689 18214 6274145 1 1024
7688 18214 6274155 1 1024
7688 18215 6274165 1 1024
7688 18216 6274175 1 1024
7688 18216 6274185 1 1024
7688 18217 6274195 1 1024
7688 18217 6274205 1 1024
7688 18218 6274215 1 1024
7688 18219 6274225 1 1024
7689 18219 6274235 1 1024
7689 18220 6274245 1 1024
7689 18220 6274255 1 1024
7685 18221 6274265 1 1024
7679 18222 6274275 1 1024
7669 18223 6274285 1 1024
7658 18224 6274295 1 1024
7644 18225 6274305 1 1024
7630 18225 6274315 1 1024
7614 18226 6274325 1 1024
7598 18228 6274335 1 1024
7581 18229 6274345 1 1024
7569 18230 6274355 1 1024
7559 18230 6274365 1 1024
7553 18226 6274375 1 1024
7550 18218 6274385 1 1024
7550 18208 6274395 1 1024
7552 18195 6274405 1 1024
7556 18181 6274415 1 1024
7562 18164 6274425 1 1024
7569 18147 6274435 1 1024
7578 18129 6274445 1 1024
7588 18112 6274455 1 1024
7598 18099 6274465 1 1024
7609 18089 6274475 1 1024
7621 18083 6274485 1 1024
7633 18080 6274495 1 1024
7644 18080 6274505 1 1024
7655 18083 6274515 1 1024
7666 18087 6274525 1 1024
7676 18094 6274535 1 1024
7685 18102 6274545 1 1024
7692 18112 6274555 1 1024
7698 18123 6274565 1 1024
7702 18135 6274575 1 1024
7703 18147 6274585 1 1024
7703 18160 6274595 1 1024
7701 18173 6274605 1 1024
7697 18186 6274615 1 1024
7692 18198 6274625 1 1024
7684 18210 6274635 1 1024
7676 18220 6274645 1 1024
7666 18229 6274655 1 1024
7656 18237 6274665 1 1024
7646 18242 6274675 1 1024
7636 18246 6274685 1 1024
7626 18248 6274695 1 1024
7617 18247 6274705 1 1024
7609 18244 6274715 1 1024
7603 18239 6274725 1 1024
7599 18232 6274735 1 1024
7596 18224 6274745 1 1024
7595 18214 6274755 1 1024
7596 18203 6274765 1 1024
7599 18191 6274775 1 1024
7604 18179 6274785 1 1024
7611 18167 6274795 1 1024
7619 18156 6274805 1 1024
7628 18145 6274815 1 1024
7639 18137 6274825 1 1024
7650 18130 6274835 1 1024
7662 18125 6274845 1 1024
7674 18122 6274855 1 1024
7687 18122 6274865 1 1024
7698 18124 6274875 1 1024
7709 18129 6274885 1 1024
7719 18136 6274895 1 1024
7728 18144 6274905 1 1024
7735 18155 6274915 1 1024
7739 18166 6274925 1 1024
7742 18179 6274935 1 1024
7742 18192 6274945 1 1024
7739 18206 6274955 1 1024
7734 18219 6274965 1 1024
7725 18233 6274975 1 1024
7713 18245 6274985 1 1024
7697 18257 6274995 1 1024
7676 18268 6275005 1 1024
7658 18280 6275015 1 1024
7635 18290 6275025 1 1024
7606 18297 6275035 1 1024
7569 18303 6275045 1 1024
