7873 17324 3772593 1 800
7865 17314 3772603 1 698
7862 17312 3772613 1 612
7860 17313 3772623 1 540
7857 17316 3772633 1 482
7854 17318 3772643 1 437
7852 17321 3772653 1 404
7851 17325 3772663 1 382
7851 17328 3772673 1 369
7851 17330 3772683 1 365
7852 17332 3772693 1 365
7854 17335 3772703 1 370
7859 17337 3772713 1 382
7870 17340 3772723 1 422
7877 17341 3772733 1 449
7884 17343 3772743 1 479
7889 17346 3772753 1 511
7894 17349 3772763 1 542
7896 17351 3772773 1 559
7896 17353 3772783 1 574
7896 17356 3772793 1 604
7895 17358 3772803 1 631
7891 17358 3772813 1 654
7886 17357 3772823 1 672
7881 17354 3772833 1 683
7875 17351 3772843 1 687
7863 17344 3772853 1 666
7860 17342 3772863 1 656
7857 17341 3772873 1 639
7852 17341 3772883 1 600
7847 17343 3772893 1 550
7842 17346 3772903 1 493
7837 17351 3772913 1 431
7831 17356 3772923 1 368
7826 17361 3772933 1 305
7821 17366 3772943 1 247
7817 17369 3772953 1 196
7815 17371 3772963 1 152
7814 17372 3772973 1 128
7813 17373 3772983 1 125
7815 17372 3772993 1 123
7820 17370 3773003 1 121
7826 17366 3773013 1 120
7833 17362 3773023 1 118
7840 17357 3773033 1 116
7847 17352 3773043 1 115
7850 17349 3773053 1 114
7852 17347 3773063 1 112
7857 17341 3773073 1 111
7860 17336 3773083 1 109
7862 17332 3773093 1 113
7862 17330 3773103 1 123
7859 17327 3773113 1 160
7858 17327 3773123 1 187
7856 17329 3773133 1 216
7856 17329 3773143 1 231
7856 17330 3773153 1 249
7857 17333 3773163 1 284
7860 17336 3773173 1 323
7863 17340 3773183 1 362
7866 17344 3773193 1 403
7870 17349 3773203 1 443
7874 17353 3773213 1 483
7877 17357 3773223 1 521
7880 17360 3773233 1 557
7884 17363 3773243 1 591
7884 17365 3773253 1 621
7884 17367 3773263 1 647
7883 17368 3773273 1 669
7881 17369 3773283 1 684
7878 17369 3773293 1 693
7876 17369 3773303 1 697
7873 17369 3773313 1 706
7870 17368 3773323 1 718
7868 17369 3773333 1 725
7866 17369 3773343 1 734
7865 17369 3773353 1 752
7864 17369 3773363 1 773
7864 17367 3773373 1 818
7865 17366 3773383 1 841
7867 17365 3773393 1 864
7870 17364 3773403 1 886
7872 17363 3773413 1 906
7874 17362 3773423 1 917
7875 17361 3773433 1 926
7876 17360 3773443 1 942
7877 17358 3773453 1 954
7876 17356 3773463 1 961
7875 17353 3773473 1 965
7873 17350 3773483 1 962
7871 17347 3773493 1 954
7866 17342 3773503 1 915
7865 17340 3773513 1 902
7864 17339 3773523 1 884
7864 17338 3773533 1 843
7865 17338 3773543 1 793
7867 17339 3773553 1 732
7869 17341 3773563 1 660
7872 17343 3773573 1 581
7876 17346 3773583 1 498
7879 17350 3773593 1 417
7883 17353 3773603 1 339
7884 17356 3773613 1 301
7885 17358 3773623 1 271
7886 17362 3773633 1 177
7886 17364 3773643 1 159
7885 17365 3773653 1 169
7885 17366 3773663 1 208
7884 17366 3773673 1 282
7881 17366 3773683 1 395
7875 17366 3773693 1 551
7871 17365 3773703 1 626
7866 17365 3773713 1 757
7858 17364 3773723 1 1009
7848 17362 3773733 1 1020
7837 17361 3773743 1 1018
7825 17359 3773753 1 1016
7799 17354 3773763 1 1013
7788 17351 3773773 1 1011
7780 17348 3773783 1 1010
7778 17346 3773793 1 1015
7776 17344 3773803 1 1008
7772 17341 3773813 1 760
7771 17341 3773823 1 20
7771 17340 3773833 1 22
7773 17338 3773843 1 24
7776 17336 3773853 1 24
7781 17333 3773863 1 26
7787 17330 3773873 1 28
7793 17327 3773883 1 30
7801 17326 3773893 1 33
7809 17324 3773903 1 35
7817 17318 3773913 1 36
7825 17314 3773923 1 38
7834 17312 3773933 1 40
7843 17310 3773943 1 42
7851 17310 3773953 1 157
7860 17310 3773963 1 473
7869 17310 3773973 1 762
7873 17311 3773983 1 922
7878 17311 3773993 1 978
7887 17311 3774003 1 976
7896 17312 3774013 1 974
7913 17314 3774023 1 971
7920 17315 3774033 1 969
7926 17317 3774043 1 968
7930 17320 3774053 1 966
7933 17323 3774063 1 965
7934 17325 3774073 1 964
7933 17327 3774083 1 962
7932 17332 3774093 1 961
7928 17338 3774103 1 959
7923 17344 3774113 1 958
7916 17350 3774123 1 957
7907 17356 3774133 1 955
7897 17361 3774143 1 953
7876 17371 3774153 1 950
7870 17373 3774163 1 949
7865 17374 3774173 1 948
7855 17377 3774183 1 947
7847 17378 3774193 1 945
7839 17379 3774203 1 943
7833 17380 3774213 1 852
7827 17379 3774223 1 761
7823 17378 3774233 1 679
7820 17376 3774243 1 601
7818 17374 3774253 1 531
7819 17373 3774263 1 497
7820 17372 3774273 1 466
7821 17366 3774283 1 356
7824 17362 3774293 1 309
7827 17358 3774303 1 268
7832 17355 3774313 1 232
7837 17350 3774323 1 201
7843 17346 3774333 1 175
7850 17342 3774343 1 154
7853 17340 3774353 1 144
7857 17338 3774363 1 138
7865 17334 3774373 1 125
7873 17330 3774383 1 115
7881 17327 3774393 1 117
7889 17325 3774403 1 119
7903 17322 3774413 1 122
7909 17323 3774423 1 124
7913 17324 3774433 1 125
7915 17326 3774443 1 126
7915 17327 3774453 1 128
7917 17331 3774463 1 130
7917 17334 3774473 1 131
7916 17339 3774483 1 132
7914 17343 3774493 1 134
7911 17348 3774503 1 143
7908 17352 3774513 1 161
7904 17356 3774523 1 185
7899 17360 3774533 1 218
7895 17360 3774543 1 255
7890 17361 3774553 1 297
7883 17362 3774563 1 343
7876 17362 3774573 1 391
7869 17362 3774583 1 441
7861 17362 3774593 1 492
7853 17362 3774603 1 543
7844 17362 3774613 1 593
7835 17362 3774623 1 642
7827 17363 3774633 1 688
7819 17363 3774643 1 730
7812 17364 3774653 1 769
7806 17364 3774663 1 802
7799 17362 3774673 1 851
7797 17361 3774683 1 864
7797 17359 3774693 1 870
7799 17356 3774703 1 869
7802 17352 3774713 1 867
7808 17348 3774723 1 866
7814 17343 3774733 1 864
7823 17338 3774743 1 864
7833 17333 3774753 1 862
7845 17327 3774763 1 861
7858 17323 3774773 1 859
7870 17317 3774783 1 858
7884 17313 3774793 1 856
7922 17306 3774803 1 854
