8238 18224 3515040 1 1024
8238 18224 3515050 1 996
8238 18224 3515060 1 964
8238 18224 3515070 1 933
8239 18224 3515080 1 904
8245 18226 3515090 1 878
8257 18232 3515100 1 854
8282 18240 3515110 1 811
8285 18236 3515120 1 792
8284 18228 3515130 1 776
8280 18218 3515140 1 760
8276 18210 3515150 1 746
8273 18205 3515160 1 734
8270 18205 3515170 1 724
8263 18209 3515180 1 705
8258 18211 3515190 1 698
8248 18209 3515200 1 692
8235 18206 3515210 1 687
8221 18203 3515220 1 683
8209 18200 3515230 1 679
8199 18198 3515240 1 677
8185 18197 3515250 1 674
8180 18195 3515260 1 673
8176 18192 3515270 1 673
8173 18188 3515280 1 674
8172 18183 3515290 1 675
8173 18178 3515300 1 676
8177 18174 3515310 1 677
8187 18171 3515320 1 679
8193 18172 3515330 1 681
8199 18173 3515340 1 684
8206 18174 3515350 1 685
8212 18175 3515360 1 686
8219 18177 3515370 1 687
8227 18178 3515380 1 688
8248 18182 3515390 1 691
8260 18184 3515400 1 692
8274 18187 3515410 1 692
8289 18192 3515420 1 692
8304 18197 3515430 1 691
8319 18202 3515440 1 689
8335 18208 3515450 1 687
8364 18223 3515460 1 684
8377 18234 3515470 1 681
8387 18245 3515480 1 679
8393 18258 3515490 1 677
8396 18270 3515500 1 676
8397 18283 3515510 1 675
8394 18295 3515520 1 673
8381 18316 3515530 1 672
8370 18324 3515540 1 673
8359 18330 3515550 1 673
8346 18334 3515560 1 675
8332 18335 3515570 1 677
8319 18334 3515580 1 681
8307 18331 3515590 1 686
8285 18322 3515600 1 698
8275 18317 3515610 1 706
8267 18313 3515620 1 717
8261 18308 3515630 1 728
8256 18304 3515640 1 740
8252 18300 3515650 1 753
8250 18296 3515660 1 766
8249 18289 3515670 1 785
8251 18284 3515680 1 791
8254 18279 3515690 1 802
8258 18274 3515700 1 811
8263 18269 3515710 1 817
8269 18264 3515720 1 821
8274 18260 3515730 1 822
8279 18254 3515740 1 813
8279 18251 3515750 1 801
8277 18250 3515760 1 784
8272 18250 3515770 1 763
8266 18252 3515780 1 735
8259 18255 3515790 1 702
8251 18261 3515800 1 684
8234 18278 3515810 1 618
8226 18288 3515820 1 570
8220 18300 3515830 1 519
8214 18312 3515840 1 466
8211 18323 3515850 1 411
8209 18333 3515860 1 354
8208 18342 3515870 1 299
8210 18353 3515880 1 190
8212 18356 3515890 1 138
8214 18357 3515900 1 90
8216 18355 3515910 1 46
8217 18353 3515920 1 6
8218 18349 3515930 0 0
8218 18345 3515940 0 0
8216 18337 3515950 0 0
8214 18333 3515960 0 0
8212 18330 3515970 0 0
8209 18328 3515980 0 0
8206 18327 3515990 0 0
8202 18325 3516000 0 0
8199 18324 3516010 0 0
8193 18320 3516020 0 0
8190 18318 3516030 1 20
8189 18314 3516040 1 55
8189 18310 3516050 1 73
8191 18306 3516060 1 94
8194 18302 3516070 1 135
8199 18297 3516080 1 178
8214 18288 3516090 1 269
8224 18284 3516100 1 316
8234 18281 3516110 1 364
8244 18278 3516120 1 412
8254 18276 3516130 1 459
8263 18273 3516140 1 507
8271 18271 3516150 1 553
8282 18268 3516160 1 639
8285 18267 3516170 1 680
8286 18266 3516180 1 717
8286 18265 3516190 1 751
8286 18264 3516200 1 782
8284 18264 3516210 1 808
8282 18264 3516220 1 831
8281 18265 3516230 1 866
8282 18266 3516240 1 879
8284 18268 3516250 1 888
8288 18269 3516260 1 896
8292 18271 3516270 1 900
8297 18272 3516280 1 902
8302 18274 3516290 1 903
8309 18275 3516300 1 899
8310 18275 3516310 1 899
8310 18275 3516320 1 897
8308 18275 3516330 1 892
8305 18274 3516340 1 887
8301 18273 3516350 1 880
8296 18272 3516360 1 872
8286 18270 3516370 1 856
8283 18268 3516380 1 849
8281 18267 3516390 1 840
8280 18266 3516400 1 833
8281 18266 3516410 1 825
8284 18266 3516420 1 820
8289 18267 3516430 1 814
8302 18271 3516440 1 807
8309 18275 3516450 1 806
8317 18278 3516460 1 805
8324 18282 3516470 1 806
8331 18286 3516480 1 808
8337 18291 3516490 1 810
8342 18295 3516500 1 812
8349 18302 3516510 1 816
8351 18305 3516520 1 817
8351 18307 3516530 1 819
8351 18309 3516540 1 820
8350 18310 3516550 1 821
8348 18310 3516560 1 822
8346 18310 3516570 1 822
8343 18309 3516580 1 824
8342 18308 3516590 1 824
8341 18308 3516600 1 825
8341 18308 3516610 1 826
8342 18307 3516620 1 825
8344 18307 3516630 1 826
8346 18307 3516640 1 826
8350 18305 3516650 1 827
8352 18304 3516660 1 828
8353 18302 3516670 1 829
8355 18299 3516680 1 830
8355 18297 3516690 1 831
8355 18294 3516700 1 832
8355 18292 3516710 1 832
8354 18288 3516720 1 835
8353 18286 3516730 1 837
8353 18285 3516740 1 838
8353 18284 3516750 1 840
8354 18284 3516760 1 841
8356 18284 3516770 1 843
8358 18285 3516780 1 845
8363 18287 3516790 1 847
8365 18289 3516800 1 848
8367 18291 3516810 1 849
8368 18293 3516820 1 849
8368 18295 3516830 1 849
8367 18296 3516840 1 850
8366 18298 3516850 1 851
8360 18301 3516860 1 850
8356 18302 3516870 1 849
8351 18302 3516880 1 849
8346 18302 3516890 1 848
8341 18302 3516900 1 847
8336 18301 3516910 1 846
8331 18300 3516920 1 846
8321 18297 3516930 1 847
8318 18295 3516940 1 848
8315 18294 3516950 1 850
8313 18293 3516960 1 856
8312 18292 3516970 1 863
8312 18292 3516980 1 871
8312 18292 3516990 1 881
8314 18292 3517000 1 902
8315 18292 3517010 1 913
8315 18292 3517020 1 922
8315 18291 3517030 1 932
8314 18290 3517040 1 938
8313 18288 3517050 1 943
8312 18286 3517060 1 945
8309 18282 3517070 1 945
8308 18280 3517080 1 940
8307 18280 3517090 1 931
8308 18279 3517100 1 917
8309 18280 3517110 1 899
8312 18281 3517120 1 875
8315 18283 3517130 1 845
8323 18288 3517140 1 769
8327 18290 3517150 1 723
8331 18291 3517160 1 674
8335 18292 3517170 1 623
8337 18293 3517180 1 568
8339 18292 3517190 1 512
8341 18292 3517200 1 455
8342 18288 3517210 1 338
8342 18286 3517220 1 281
8342 18283 3517230 1 224
8341 18281 3517240 1 168
8341 18279 3517250 1 115
8341 18277 3517260 1 89
8341 18277 3517270 1 65
8343 18280 3517280 0 0
8345 18283 3517290 0 0
8347 18287 3517300 0 0
8349 18291 3517310 0 0
8351 18296 3517320 0 0
8353 18301 3517330 0 0
8355 18305 3517340 0 0
8357 18311 3517350 0 0
8357 18313 3517360 0 0
8356 18314 3517370 0 0
8354 18314 3517380 0 0
8352 18314 3517390 0 0
8350 18313 3517400 0 0
8348 18311 3517410 0 0
8345 18307 3517420 1 14
8345 18305 3517430 1 68
8346 18303 3517440 1 127
8348 18300 3517450 1 190
8352 18298 3517460 1 258
8356 18295 3517470 1 330
8362 18293 3517480 1 404
8374 18286 3517490 1 557
8381 18283 3517500 1 633
8387 18279 3517510 1 711
8393 18276 3517520 1 787
8397 18273 3517530 1 860
8401 18271 3517540 1 932
8403 18270 3517550 1 1000
8401 18269 3517560 1 1024
8397 18270 3517570 1 1024
8392 18270 3517580 1 1024
8386 18271 3517590 1 1024
8379 18271 3517600 1 1024
8372 18271 3517610 1 1024
8366 18271 3517620 1 1024
8359 18268 3517630 1 1024
8359 18266 3517640 1 1024
8360 18264 3517650 1 1024
8364 18261 3517660 1 1024
8369 18258 3517670 1 1024
8376 18255 3517680 1 1024
8383 18252 3517690 1 1024
8399 18248 3517700 1 1024
8406 18247 3517710 1 1024
8412 18246 3517720 1 1024
8416 18247 3517730 1 1024
8419 18248 3517740 1 1024
8420 18250 3517750 1 1024
8419 18253 3517760 1 1024
8413 18258 3517770 1 1024
8408 18260 3517780 1 1024
8402 18262 3517790 1 1024
8395 18262 3517800 1 1024
8387 18262 3517810 1 1024
8378 18260 3517820 1 1024
8370 18258 3517830 1 1024
8355 18253 3517840 1 1024
8349 18251 3517850 1 1024
8344 18250 3517860 1 1024
8342 18249 3517870 1 1024
8341 18249 3517880 1 1024
8341 18250 3517890 1 1024
8343 18251 3517900 1 1024
8350 18254 3517910 1 1024
8355 18256 3517920 1 1024
8360 18259 3517930 1 1024
8366 18261 3517940 1 1024
8371 18264 3517950 1 1024
8376 18266 3517960 1 1024
8380 18269 3517970 1 1024
8387 18272 3517980 1 995
8388 18273 3517990 1 938
8389 18274 3518000 1 879
8390 18275 3518010 1 820
8389 18276 3518020 1 758
8388 18278 3518030 1 698
8386 18279 3518040 1 636
8381 18284 3518050 1 515
8379 18286 3518060 1 454
8376 18288 3518070 1 396
8374 18290 3518080 1 367
8373 18292 3518090 1 338
8371 18294 3518100 1 284
8369 18296 3518110 1 231
8364 18301 3518120 1 134
8361 18302 3518130 1 90
8358 18303 3518140 1 51
8355 18304 3518150 1 15
8354 18303 3518160 0 0
8354 18302 3518170 0 0
8356 18299 3518180 0 0
8364 18292 3518190 0 0
8370 18288 3518200 0 0
8377 18284 3518210 0 0
8384 18279 3518220 0 0
8391 18276 3518230 0 0
8398 18272 3518240 0 0
8404 18269 3518250 0 0
8413 18262 3518260 0 0
8415 18259 3518270 0 0
8417 18255 3518280 0 0
8418 18252 3518290 0 0
8418 18249 3518300 0 0
8417 18246 3518310 0 0
8416 18245 3518320 0 0
8413 18247 3518330 0 0
8412 18249 3518340 1 19
8410 18252 3518350 1 76
8409 18256 3518360 1 139
8408 18259 3518370 1 210
8406 18263 3518380 1 284
8404 18266 3518390 1 363
8402 18272 3518400 1 526
8401 18275 3518410 1 607
8401 18277 3518420 1 687
8402 18279 3518430 1 762
8404 18281 3518440 1 833
8407 18283 3518450 1 898
8412 18285 3518460 1 956
8422 18290 3518470 1 1024
8429 18293 3518480 1 1024
8436 18296 3518490 1 1024
8442 18298 3518500 1 1024
8449 18301 3518510 1 1024
8454 18303 3518520 1 1024
8459 18306 3518530 1 1024
8463 18309 3518540 1 1024
8463 18311 3518550 1 1024
8462 18312 3518560 1 1024
8460 18312 3518570 1 1024
8456 18312 3518580 1 1024
8453 18312 3518590 1 1024
8449 18311 3518600 1 1024
8441 18309 3518610 1 1024
8438 18308 3518620 1 1024
8436 18306 3518630 1 1024
8434 18305 3518640 1 1024
8432 18304 3518650 1 1024
8430 18304 3518660 1 1024
8429 18303 3518670 1 1024
8425 18303 3518680 1 1024
8423 18302 3518690 1 1024
8419 18301 3518700 1 1024
8415 18299 3518710 1 1024
8410 18295 3518720 1 1024
8405 18291 3518730 1 1024
8400 18285 3518740 1 1024
8389 18274 3518750 1 1015
8384 18269 3518760 1 1013
8381 18265 3518770 1 1015
8379 18263 3518780 1 1017
8379 18262 3518790 1 1023
8381 18264 3518800 1 1024
8384 18267 3518810 1 1024
8393 18277 3518820 1 1024
8397 18284 3518830 1 1024
8402 18290 3518840 1 1024
8406 18296 3518850 1 1024
8409 18301 3518860 1 1024
8411 18305 3518870 1 1024
8412 18307 3518880 1 1024
8413 18307 3518890 1 1024
8413 18305 3518900 1 1024
8414 18302 3518910 1 1024
8414 18298 3518920 1 1024
8415 18295 3518930 1 1024
