8251 17218 7172181 1 715
8251 17218 7172191 1 697
8251 17218 7172201 1 688
8251 17218 7172211 1 685
8251 17218 7172221 1 685
8251 17219 7172231 1 685
8252 17221 7172241 1 686
8254 17226 7172251 1 686
8258 17233 7172261 1 686
8260 17236 7172271 1 686
8261 17239 7172281 1 686
8262 17242 7172291 1 686
8260 17244 7172301 1 686
8257 17243 7172311 1 686
8253 17242 7172321 1 686
8250 17241 7172331 1 685
8248 17242 7172341 1 685
8247 17243 7172351 1 684
8246 17244 7172361 1 683
8247 17245 7172371 1 683
8247 17246 7172381 1 683
8247 17247 7172391 1 683
8247 17247 7172401 1 682
8247 17248 7172411 1 680
8247 17248 7172421 1 679
8247 17248 7172431 1 678
8247 17248 7172441 1 678
8248 17248 7172451 1 678
8248 17248 7172461 1 678
8249 17249 7172471 1 677
8250 17251 7172481 1 676
8250 17253 7172491 1 676
8250 17256 7172501 1 676
8249 17259 7172511 1 676
8248 17262 7172521 1 676
8247 17264 7172531 1 676
8247 17266 7172541 1 677
8247 17266 7172551 1 678
8247 17268 7172561 1 678
8247 17269 7172571 1 679
8248 17270 7172581 1 681
8250 17271 7172591 1 682
8252 17271 7172601 1 684
8254 17271 7172611 1 686
8256 17270 7172621 1 690
8258 17270 7172631 1 692
8259 17269 7172641 1 694
8263 17269 7172651 1 700
8266 17269 7172661 1 703
8268 17270 7172671 1 705
8269 17272 7172681 1 710
8270 17276 7172691 1 714
8269 17280 7172701 1 716
8267 17285 7172711 1 715
8266 17288 7172721 1 714
8265 17291 7172731 1 715
8262 17298 7172741 1 712
8258 17304 7172751 1 703
8253 17311 7172761 1 689
8248 17317 7172771 1 669
8243 17323 7172781 1 643
8237 17329 7172791 1 629
8232 17333 7172801 1 613
8229 17335 7172811 1 599
8226 17337 7172821 1 578
8221 17341 7172831 1 540
8217 17343 7172841 1 501
8213 17345 7172851 1 459
8209 17346 7172861 1 439
8205 17345 7172871 1 417
8202 17343 7172881 1 373
8199 17340 7172891 1 352
8198 17338 7172901 1 348
8197 17336 7172911 1 331
8195 17331 7172921 1 288
8194 17326 7172931 1 267
8194 17320 7172941 1 249
8194 17314 7172951 1 212
8195 17308 7172961 1 178
8196 17302 7172971 1 147
8198 17296 7172981 1 120
8200 17293 7172991 1 112
8202 17291 7173001 1 115
8206 17286 7173011 1 120
8211 17282 7173021 1 118
8217 17278 7173031 1 116
8224 17276 7173041 1 115
8232 17274 7173051 1 113
8240 17273 7173061 1 113
8248 17273 7173071 1 114
8253 17273 7173081 1 114
8257 17273 7173091 1 113
8265 17274 7173101 1 112
8272 17275 7173111 1 110
8278 17276 7173121 1 109
8283 17277 7173131 1 113
8286 17277 7173141 1 126
8287 17276 7173151 1 147
8287 17276 7173161 1 170
8286 17275 7173171 1 181
8285 17275 7173181 1 195
8281 17273 7173191 1 223
8277 17272 7173201 1 238
8271 17270 7173211 1 254
8266 17269 7173221 1 285
8260 17268 7173231 1 317
8255 17268 7173241 1 334
8252 17268 7173251 1 351
8250 17268 7173261 1 359
8249 17268 7173271 1 365
8248 17269 7173281 1 385
8248 17271 7173291 1 420
8250 17273 7173301 1 455
8253 17275 7173311 1 489
8258 17278 7173321 1 522
8262 17280 7173331 1 540
8268 17283 7173341 1 557
8270 17285 7173351 1 570
8273 17286 7173361 1 588
8277 17288 7173371 1 618
8281 17290 7173381 1 647
8284 17292 7173391 1 674
8285 17294 7173401 1 689
8285 17295 7173411 1 699
8283 17296 7173421 1 711
8279 17296 7173431 1 720
8276 17296 7173441 1 728
8273 17296 7173451 1 740
8266 17296 7173461 1 755
8259 17295 7173471 1 761
8251 17293 7173481 1 767
8243 17292 7173491 1 777
8237 17290 7173501 1 784
8232 17288 7173511 1 789
8228 17287 7173521 1 792
8226 17286 7173531 1 792
8226 17285 7173541 1 793
8226 17284 7173551 1 793
8227 17284 7173561 1 791
8230 17283 7173571 1 789
8234 17283 7173581 1 787
8239 17282 7173591 1 784
8245 17282 7173601 1 784
8251 17282 7173611 1 782
8254 17281 7173621 1 780
8257 17281 7173631 1 777
8263 17281 7173641 1 773
8268 17281 7173651 1 767
8272 17281 7173661 1 762
8274 17281 7173671 1 760
8276 17281 7173681 1 758
8276 17282 7173691 1 754
8274 17283 7173701 1 751
8274 17283 7173711 1 749
8272 17284 7173721 1 749
8270 17285 7173731 1 748
8267 17287 7173741 1 747
8265 17289 7173751 1 746
8262 17291 7173761 1 746
8261 17293 7173771 1 747
8260 17294 7173781 1 748
8261 17296 7173791 1 749
8261 17297 7173801 1 749
8262 17297 7173811 1 749
8264 17298 7173821 1 750
8266 17299 7173831 1 752
8268 17299 7173841 1 754
8271 17298 7173851 1 756
8272 17297 7173861 1 759
8274 17296 7173871 1 761
8275 17295 7173881 1 761
8275 17294 7173891 1 762
8275 17294 7173901 1 764
8275 17293 7173911 1 766
8274 17293 7173921 1 768
8274 17293 7173931 1 769
8273 17293 7173941 1 770
8272 17294 7173951 1 770
8271 17295 7173961 1 770
8270 17296 7173971 1 772
8270 17297 7173981 1 772
8270 17297 7173991 1 773
8270 17298 7174001 1 774
8271 17299 7174011 1 774
8272 17300 7174021 1 774
8272 17300 7174031 1 775
8273 17300 7174041 1 776
8274 17300 7174051 1 777
8274 17299 7174061 1 777
8274 17299 7174071 1 777
8274 17299 7174081 1 777
8273 17298 7174091 1 778
8272 17297 7174101 1 779
8270 17295 7174111 1 780
8268 17294 7174121 1 781
8265 17293 7174131 1 781
8263 17291 7174141 1 782
8260 17290 7174151 1 782
8258 17289 7174161 1 783
8257 17289 7174171 1 783
8255 17288 7174181 1 784
8253 17287 7174191 1 785
8252 17286 7174201 1 787
8252 17286 7174211 1 787
8253 17285 7174221 1 788
8254 17284 7174231 1 789
8255 17284 7174241 1 790
8256 17284 7174251 1 790
8257 17283 7174261 1 791
8260 17283 7174271 1 792
8263 17282 7174281 1 792
8266 17282 7174291 1 793
8269 17281 7174301 1 793
8272 17281 7174311 1 794
8275 17280 7174321 1 795
8277 17280 7174331 1 796
8278 17279 7174341 1 796
8279 17279 7174351 1 796
8280 17279 7174361 1 797
8280 17280 7174371 1 798
8279 17280 7174381 1 798
8277 17280 7174391 1 799
8274 17281 7174401 1 800
8271 17282 7174411 1 800
8267 17283 7174421 1 801
8265 17284 7174431 1 801
8263 17285 7174441 1 802
8260 17287 7174451 1 803
8257 17290 7174461 1 804
8255 17293 7174471 1 805
8254 17296 7174481 1 805
8254 17299 7174491 1 804
8254 17301 7174501 1 805
8256 17304 7174511 1 807
8257 17305 7174521 1 808
8259 17306 7174531 1 808
8262 17308 7174541 1 809
8265 17310 7174551 1 810
8269 17311 7174561 1 810
8272 17311 7174571 1 811
8275 17312 7174581 1 812
8278 17312 7174591 1 813
8279 17312 7174601 1 814
8280 17312 7174611 1 814
8281 17312 7174621 1 814
8281 17312 7174631 1 815
8281 17311 7174641 1 816
8281 17310 7174651 1 817
8281 17309 7174661 1 817
8280 17308 7174671 1 818
8280 17307 7174681 1 818
8279 17305 7174691 1 819
8279 17305 7174701 1 820
8279 17304 7174711 1 821
8279 17303 7174721 1 822
8279 17302 7174731 1 823
8279 17301 7174741 1 824
8278 17301 7174751 1 825
8277 17301 7174761 1 825
8276 17301 7174771 1 826
8274 17302 7174781 1 827
8274 17302 7174791 1 828
8273 17302 7174801 1 828
8271 17303 7174811 1 830
8269 17305 7174821 1 830
8268 17306 7174831 1 831
8266 17307 7174841 1 831
8265 17307 7174851 1 832
8265 17308 7174861 1 833
8264 17308 7174871 1 834
8264 17308 7174881 1 835
8263 17308 7174891 1 835
8263 17308 7174901 1 835
8262 17307 7174911 1 836
8262 17306 7174921 1 837
8262 17305 7174931 1 838
8262 17304 7174941 1 839
8262 17302 7174951 1 840
8262 17301 7174961 1 840
8262 17301 7174971 1 840
8262 17300 7174981 1 840
8263 17300 7174991 1 842
8265 17299 7175001 1 843
8266 17299 7175011 1 843
8268 17300 7175021 1 843
8271 17300 7175031 1 844
8274 17302 7175041 1 844
8277 17303 7175051 1 845
8279 17304 7175061 1 846
8281 17305 7175071 1 847
8285 17306 7175081 1 848
8289 17309 7175091 1 849
8293 17311 7175101 1 849
8297 17313 7175111 1 849
8301 17316 7175121 1 850
8304 17317 7175131 1 852
8307 17319 7175141 1 852
8308 17319 7175151 1 852
8309 17319 7175161 1 852
8310 17320 7175171 1 853
8310 17319 7175181 1 854
8310 17318 7175191 1 854
8309 17317 7175201 1 856
8307 17316 7175211 1 856
8305 17314 7175221 1 856
8303 17313 7175231 1 857
8301 17312 7175241 1 858
8300 17312 7175251 1 858
8299 17311 7175261 1 858
8297 17310 7175271 1 860
8296 17310 7175281 1 861
8294 17310 7175291 1 861
8293 17311 7175301 1 861
8292 17311 7175311 1 862
8291 17311 7175321 1 864
8290 17312 7175331 1 864
8289 17312 7175341 1 864
8287 17313 7175351 1 865
8285 17313 7175361 1 865
8283 17314 7175371 1 865
8281 17314 7175381 1 867
8280 17314 7175391 1 867
8278 17314 7175401 1 868
8277 17313 7175411 1 869
8277 17312 7175421 1 870
8276 17312 7175431 1 869
8275 17310 7175441 1 869
8274 17309 7175451 1 871
8273 17307 7175461 1 872
8271 17306 7175471 1 872
8270 17305 7175481 1 873
8269 17305 7175491 1 874
8267 17306 7175501 1 874
8266 17306 7175511 1 874
8266 17307 7175521 1 875
8264 17308 7175531 1 875
8262 17310 7175541 1 876
8261 17311 7175551 1 877
8259 17312 7175561 1 877
8258 17313 7175571 1 878
8258 17313 7175581 1 878
8257 17313 7175591 1 880
8257 17313 7175601 1 880
8257 17312 7175611 1 880
8257 17311 7175621 1 881
8258 17309 7175631 1 882
8259 17308 7175641 1 882
8261 17306 7175651 1 883
8263 17304 7175661 1 884
8265 17303 7175671 1 884
8268 17302 7175681 1 885
8270 17302 7175691 1 886
8272 17301 7175701 1 886
8276 17301 7175711 1 886
8280 17301 7175721 1 886
8283 17302 7175731 1 887
8286 17302 7175741 1 887
8289 17303 7175751 1 889
8291 17303 7175761 1 889
8291 17304 7175771 1 889
8292 17304 7175781 1 890
8291 17304 7175791 1 890
8291 17305 7175801 1 891
8290 17304 7175811 1 892
8289 17304 7175821 1 892
8288 17303 7175831 1 893
8288 17302 7175841 1 894
8288 17300 7175851 1 894
8289 17299 7175861 1 895
8289 17298 7175871 1 896
8290 17297 7175881 1 895
8292 17295 7175891 1 896
8293 17293 7175901 1 896
8295 17292 7175911 1 897
8297 17290 7175921 1 897
8298 17289 7175931 1 899
8299 17287 7175941 1 899
8300 17286 7175951 1 899
8300 17286 7175961 1 899
8300 17286 7175971 1 900
8299 17285 7175981 1 901
8298 17285 7175991 1 901
8297 17286 7176001 1 902
8296 17287 7176011 1 902
8295 17288 7176021 1 904
8293 17289 7176031 1 904
8292 17291 7176041 1 904
8291 17292 7176051 1 904
8291 17293 7176061 1 904
8289 17295 7176071 1 904
8288 17297 7176081 1 906
8286 17299 7176091 1 906
8284 17301 7176101 1 906
8282 17303 7176111 1 906
8281 17305 7176121 1 908
8279 17306 7176131 1 908
8279 17307 7176141 1 909
8279 17306 7176151 1 909
8280 17306 7176161 1 910
8283 17303 7176171 1 909
8287 17299 7176181 1 910
8293 17293 7176191 1 911
8298 17285 7176201 1 912
8303 17277 7176211 1 912
8307 17270 7176221 1 913
8310 17266 7176231 1 914
8311 17264 7176241 1 913
8313 17258 7176251 1 914
8311 17252 7176261 1 914
8305 17246 7176271 1 915
8295 17240 7176281 1 915
8283 17236 7176291 1 916
8268 17233 7176301 1 917
8253 17232 7176311 1 917
8245 17232 7176321 1 917
8237 17232 7176331 1 917
8222 17234 7176341 1 919
8208 17236 7176351 1 919
8195 17239 7176361 1 919
8183 17242 7176371 1 919
8173 17246 7176381 1 920
8166 17250 7176391 1 921
8160 17255 7176401 1 921
8158 17257 7176411 1 921
8158 17258 7176421 1 921
8159 17260 7176431 1 922
8162 17262 7176441 1 923
8164 17263 7176451 1 923
8167 17264 7176461 1 924
8169 17265 7176471 1 924
8170 17266 7176481 1 925
8171 17266 7176491 1 925
8171 17266 7176501 1 925
8171 17266 7176511 1 926
8170 17266 7176521 1 926
8169 17265 7176531 1 926
8167 17265 7176541 1 926
8165 17264 7176551 1 928
8162 17263 7176561 1 928
8160 17262 7176571 1 928
8157 17262 7176581 1 928
8156 17262 7176591 1 928
8156 17262 7176601 1 929
8155 17263 7176611 1 930
8155 17263 7176621 1 930
8155 17264 7176631 1 930
8156 17266 7176641 1 931
8158 17267 7176651 1 931
8160 17268 7176661 1 931
8162 17269 7176671 1 931
8163 17269 7176681 1 931
8163 17269 7176691 1 932
8165 17270 7176701 1 933
8166 17269 7176711 1 933
8166 17269 7176721 1 933
8166 17268 7176731 1 934
8165 17266 7176741 1 934
8164 17265 7176751 1 934
8163 17263 7176761 1 934
8162 17261 7176771 1 934
8161 17260 7176781 1 936
8160 17258 7176791 1 936
8159 17257 7176801 1 936
8158 17256 7176811 1 937
8158 17256 7176821 1 937
8159 17256 7176831 1 937
8159 17256 7176841 1 937
8160 17257 7176851 1 938
8161 17258 7176861 1 938
8163 17259 7176871 1 938
8164 17260 7176881 1 938
8165 17260 7176891 1 938
8166 17261 7176901 1 939
8166 17261 7176911 1 939
8166 17261 7176921 1 939
8166 17260 7176931 1 939
8166 17260 7176941 1 939
8165 17259 7176951 1 940
8164 17258 7176961 1 940
8162 17258 7176971 1 940
8161 17258 7176981 1 940
8160 17258 7176991 1 940
8160 17258 7177001 1 941
8160 17259 7177011 1 941
8160 17260 7177021 1 941
8162 17261 7177031 1 941
8163 17261 7177041 1 942
8165 17262 7177051 1 942
8167 17263 7177061 1 942
8168 17263 7177071 1 942
8169 17262 7177081 1 942
8169 17262 7177091 1 943
8169 17261 7177101 1 943
8167 17259 7177111 1 943
8164 17258 7177121 1 943
